sensor_1,sensor_2,sensor_3,sensor_4,sensor_5,sensor_6,sensor_7,sensor_8,sensor_9,sensor_10
93.0,-15.0,-181.0,-65.0,97.0,-15.0,58.0,-83.0,65.0,-205.0
102.0,-79.0,-185.0,8.0,96.0,-60.0,201.0,-16.0,127.0,-229.0
89.0,-371.0,-180.0,169.0,47.0,-100.0,389.0,229.0,146.0,-264.0
49.0,-445.0,-172.0,402.0,-14.0,-129.0,489.0,247.0,86.0,-253.0
14.0,-404.0,-180.0,482.0,-45.0,-218.0,378.0,256.0,28.0,-197.0
-39.0,-758.0,-139.0,460.0,71.0,-166.0,121.0,94.0,48.0,-169.0
-96.0,-736.0,-103.0,407.0,48.0,62.0,-161.0,29.0,111.0,-110.0
-139.0,-431.0,-112.0,292.0,-113.0,79.0,-403.0,97.0,156.0,-11.0
-173.0,-847.0,-77.0,151.0,-17.0,-100.0,-650.0,194.0,173.0,82.0
-203.0,-584.0,-41.0,55.0,64.0,-73.0,-820.0,443.0,232.0,146.0
-270.0,-440.0,-64.0,53.0,-10.0,9.0,-848.0,415.0,316.0,206.0
-350.0,-881.0,-21.0,123.0,0.0,-69.0,-752.0,339.0,359.0,280.0
-406.0,-454.0,2.0,287.0,1.0,-114.0,-565.0,116.0,377.0,307.0
-430.0,-349.0,18.0,383.0,28.0,-56.0,-352.0,-118.0,388.0,298.0
-433.0,-498.0,78.0,285.0,64.0,-103.0,-88.0,-210.0,424.0,266.0
-449.0,-413.0,76.0,157.0,-38.0,-237.0,221.0,-315.0,492.0,233.0
-447.0,-466.0,98.0,83.0,-65.0,-235.0,444.0,-138.0,550.0,168.0
-440.0,-147.0,114.0,34.0,67.0,-198.0,537.0,53.0,593.0,79.0
-458.0,0.0,82.0,45.0,26.0,-212.0,601.0,304.0,614.0,33.0
-472.0,-18.0,101.0,50.0,-110.0,-164.0,669.0,460.0,616.0,-44.0
-474.0,34.0,158.0,-27.0,-57.0,-80.0,686.0,423.0,592.0,-123.0
-459.0,42.0,183.0,-100.0,-14.0,-41.0,644.0,277.0,558.0,-151.0
-471.0,478.0,207.0,-111.0,-7.0,-72.0,606.0,-68.0,544.0,-167.0
-472.0,510.0,218.0,-24.0,-19.0,-137.0,584.0,-188.0,499.0,-202.0
-479.0,423.0,165.0,60.0,-97.0,-202.0,585.0,-328.0,444.0,-257.0
-465.0,620.0,142.0,64.0,-85.0,-265.0,576.0,-389.0,388.0,-280.0
-437.0,441.0,162.0,56.0,31.0,-294.0,529.0,-214.0,285.0,-295.0
-413.0,530.0,150.0,77.0,10.0,-349.0,508.0,-123.0,183.0,-306.0
-335.0,268.0,122.0,87.0,-118.0,-398.0,518.0,-27.0,108.0,-310.0
-265.0,145.0,108.0,54.0,-25.0,-429.0,524.0,-49.0,62.0,-307.0
-182.0,436.0,85.0,117.0,91.0,-542.0,475.0,-14.0,42.0,-284.0
-146.0,93.0,48.0,224.0,28.0,-661.0,453.0,-5.0,17.0,-235.0
-121.0,-143.0,7.0,211.0,-35.0,-638.0,523.0,-96.0,-33.0,-154.0
-90.0,-442.0,12.0,221.0,15.0,-555.0,571.0,-168.0,-67.0,-73.0
-61.0,-216.0,-4.0,336.0,70.0,-523.0,469.0,-219.0,-68.0,-8.0
-13.0,-32.0,-39.0,313.0,79.0,-394.0,235.0,27.0,-48.0,58.0
28.0,-567.0,-36.0,208.0,24.0,-417.0,31.0,116.0,-29.0,140.0
60.0,-537.0,-73.0,190.0,-59.0,-549.0,-55.0,136.0,-79.0,189.0
44.0,-641.0,-95.0,86.0,44.0,-516.0,-89.0,295.0,-115.0,179.0
62.0,-524.0,-60.0,48.0,57.0,-471.0,-184.0,375.0,-123.0,157.0
76.0,-127.0,-75.0,186.0,-11.0,-494.0,-222.0,448.0,-124.0,137.0
90.0,137.0,-130.0,217.0,65.0,-521.0,-129.0,212.0,-66.0,104.0
89.0,547.0,-103.0,183.0,67.0,-437.0,4.0,35.0,-40.0,30.0
74.0,340.0,-120.0,199.0,26.0,-382.0,152.0,-90.0,-51.0,-20.0
65.0,249.0,-135.0,182.0,59.0,-284.0,300.0,-175.0,-65.0,-50.0
45.0,210.0,-91.0,117.0,39.0,-246.0,431.0,-96.0,-60.0,-90.0
25.0,-208.0,-119.0,80.0,1.0,-325.0,436.0,-103.0,-24.0,-74.0
-9.0,-277.0,-125.0,128.0,77.0,-303.0,292.0,75.0,-13.0,-49.0
-11.0,-25.0,-146.0,45.0,57.0,-248.0,0.0,96.0,-10.0,-63.0
10.0,434.0,-175.0,-48.0,-10.0,-273.0,-302.0,90.0,-11.0,-91.0
39.0,348.0,-145.0,7.0,46.0,-363.0,-495.0,18.0,0.0,-122.0
31.0,314.0,-110.0,-16.0,37.0,-313.0,-677.0,-171.0,-20.0,-181.0
28.0,616.0,-112.0,-52.0,-25.0,-304.0,-878.0,-107.0,-80.0,-274.0
5.0,255.0,-78.0,-62.0,5.0,-263.0,-1102.0,-177.0,-125.0,-387.0
-30.0,336.0,-43.0,-120.0,-11.0,-173.0,-1197.0,-97.0,-144.0,-466.0
-43.0,394.0,-55.0,-221.0,-59.0,-194.0,-1076.0,20.0,-136.0,-488.0
-47.0,14.0,-12.0,-293.0,-25.0,-246.0,-766.0,173.0,-131.0,-500.0
-48.0,523.0,-21.0,-301.0,-68.0,-310.0,-388.0,369.0,-138.0,-475.0
-105.0,922.0,-44.0,-273.0,-30.0,-308.0,-14.0,297.0,-125.0,-418.0
-149.0,573.0,-54.0,-287.0,14.0,-380.0,405.0,349.0,-76.0,-345.0
-194.0,607.0,-135.0,-304.0,-85.0,-377.0,765.0,242.0,-21.0,-263.0
-206.0,920.0,-171.0,-211.0,16.0,-329.0,1003.0,194.0,46.0,-178.0
-214.0,783.0,-176.0,-139.0,78.0,-390.0,1063.0,225.0,125.0,-108.0
-234.0,372.0,-208.0,-124.0,-70.0,-473.0,952.0,147.0,196.0,-80.0
-224.0,-79.0,-177.0,-69.0,-43.0,-467.0,760.0,197.0,237.0,-62.0
-231.0,-233.0,-167.0,13.0,42.0,-341.0,534.0,49.0,256.0,-33.0
-230.0,-303.0,-220.0,43.0,-28.0,-287.0,327.0,-35.0,292.0,-28.0
-232.0,-571.0,-177.0,87.0,-30.0,-268.0,199.0,-138.0,322.0,-55.0
-246.0,-722.0,-186.0,192.0,28.0,-306.0,204.0,-134.0,354.0,-58.0
-290.0,-627.0,-176.0,250.0,-41.0,-313.0,280.0,-9.0,374.0,-52.0
-297.0,-473.0,-125.0,279.0,-52.0,-321.0,282.0,5.0,392.0,-47.0
-262.0,-365.0,-176.0,265.0,22.0,-406.0,185.0,175.0,407.0,-52.0
-205.0,-115.0,-160.0,174.0,11.0,-457.0,112.0,157.0,414.0,-43.0
-166.0,-170.0,-168.0,79.0,4.0,-350.0,82.0,182.0,391.0,-34.0
-160.0,-148.0,-198.0,63.0,64.0,-208.0,70.0,160.0,334.0,-72.0
-139.0,-357.0,-205.0,48.0,94.0,-221.0,71.0,70.0,291.0,-102.0
-126.0,-770.0,-174.0,-73.0,40.0,-217.0,59.0,33.0,241.0,-157.0
-97.0,-591.0,-146.0,-114.0,-1.0,-304.0,67.0,-136.0,167.0,-224.0
-72.0,-765.0,-173.0,-45.0,36.0,-380.0,71.0,-33.0,58.0,-305.0
-18.0,-715.0,-134.0,-10.0,100.0,-425.0,-37.0,5.0,-43.0,-374.0
61.0,-532.0,-143.0,-36.0,100.0,-449.0,-281.0,162.0,-114.0,-426.0
117.0,-567.0,-156.0,-17.0,22.0,-419.0,-537.0,406.0,-171.0,-501.0
146.0,-119.0,-154.0,-5.0,43.0,-569.0,-713.0,448.0,-211.0,-537.0
134.0,232.0,-166.0,-65.0,103.0,-705.0,-816.0,476.0,-249.0,-564.0
102.0,192.0,-190.0,-71.0,3.0,-688.0,-856.0,214.0,-256.0,-567.0
88.0,143.0,-255.0,-140.0,-28.0,-605.0,-844.0,101.0,-247.0,-568.0
104.0,455.0,-254.0,-249.0,34.0,-588.0,-758.0,35.0,-240.0,-548.0
149.0,467.0,-240.0,-346.0,-43.0,-565.0,-598.0,-73.0,-230.0,-485.0
187.0,259.0,-199.0,-407.0,-81.0,-355.0,-408.0,-53.0,-210.0,-457.0
190.0,226.0,-159.0,-401.0,-2.0,-160.0,-301.0,-109.0,-179.0,-422.0
192.0,229.0,-140.0,-364.0,-10.0,-185.0,-239.0,-83.0,-132.0,-362.0
213.0,301.0,-126.0,-307.0,-33.0,-220.0,-152.0,-99.0,-57.0,-305.0
237.0,155.0,-128.0,-326.0,11.0,-145.0,-140.0,1.0,26.0,-244.0
248.0,196.0,-85.0,-322.0,54.0,-129.0,-185.0,-12.0,99.0,-165.0
256.0,245.0,-69.0,-229.0,45.0,-204.0,-216.0,-142.0,160.0,-92.0
263.0,90.0,-42.0,-173.0,60.0,-200.0,-150.0,-81.0,201.0,-21.0
265.0,106.0,-15.0,-172.0,107.0,-146.0,-26.0,-73.0,238.0,59.0
244.0,96.0,-24.0,-158.0,50.0,-175.0,0.0,57.0,291.0,130.0
202.0,-101.0,27.0,-108.0,48.0,-209.0,-102.0,24.0,337.0,176.0
157.0,-425.0,90.0,-29.0,126.0,-256.0,-244.0,9.0,377.0,187.0
126.0,-603.0,123.0,56.0,84.0,-231.0,-317.0,96.0,404.0,217.0
107.0,-689.0,184.0,183.0,56.0,-211.0,-321.0,-46.0,401.0,268.0
137.0,-543.0,232.0,238.0,17.0,-205.0,-306.0,-25.0,397.0,297.0
175.0,-218.0,204.0,269.0,-15.0,-118.0,-225.0,-59.0,377.0,294.0
193.0,-360.0,240.0,358.0,42.0,-2.0,2.0,-51.0,326.0,289.0
199.0,-289.0,266.0,348.0,-24.0,96.0,311.0,-36.0,273.0,315.0
160.0,-16.0,220.0,335.0,-60.0,75.0,645.0,-101.0,200.0,308.0
130.0,-17.0,277.0,369.0,-66.0,49.0,941.0,-101.0,105.0,303.0
75.0,13.0,241.0,415.0,-89.0,58.0,1207.0,-266.0,18.0,311.0
17.0,-13.0,221.0,426.0,-25.0,73.0,1439.0,-234.0,-56.0,298.0
-29.0,462.0,237.0,335.0,-21.0,54.0,1494.0,-184.0,-136.0,294.0
-41.0,706.0,124.0,187.0,0.0,22.0,1328.0,-38.0,-213.0,294.0
-23.0,420.0,132.0,31.0,45.0,-16.0,1056.0,142.0,-273.0,293.0
-41.0,338.0,129.0,-21.0,46.0,-28.0,820.0,59.0,-343.0,260.0
-47.0,352.0,111.0,45.0,0.0,0.0,589.0,129.0,-395.0,207.0
-57.0,434.0,165.0,159.0,-32.0,28.0,291.0,116.0,-426.0,170.0
-42.0,-27.0,135.0,238.0,-16.0,137.0,-105.0,184.0,-445.0,141.0
-34.0,-406.0,147.0,236.0,-54.0,262.0,-484.0,197.0,-438.0,101.0
-43.0,-84.0,172.0,170.0,-156.0,400.0,-723.0,86.0,-434.0,60.0
-44.0,-19.0,153.0,112.0,-117.0,405.0,-819.0,9.0,-449.0,53.0
-29.0,-184.0,170.0,77.0,-34.0,329.0,-821.0,-267.0,-458.0,53.0
-21.0,-45.0,156.0,47.0,-125.0,306.0,-779.0,-319.0,-443.0,40.0
-46.0,-101.0,149.0,75.0,-51.0,285.0,-648.0,-345.0,-396.0,40.0
-69.0,-153.0,176.0,56.0,4.0,325.0,-451.0,-293.0,-309.0,34.0
-80.0,31.0,174.0,-59.0,-83.0,283.0,-265.0,-160.0,-220.0,-10.0
-60.0,-228.0,173.0,-96.0,-27.0,225.0,-196.0,-162.0,-124.0,-38.0
-70.0,-378.0,199.0,-33.0,21.0,288.0,-150.0,-55.0,-3.0,-52.0
-78.0,98.0,196.0,33.0,2.0,299.0,-46.0,-24.0,113.0,-95.0
-59.0,88.0,145.0,23.0,-2.0,190.0,-7.0,88.0,195.0,-167.0
-29.0,-319.0,154.0,-81.0,18.0,73.0,-68.0,62.0,245.0,-245.0
-30.0,83.0,116.0,-199.0,-17.0,171.0,-213.0,-101.0,302.0,-277.0
-81.0,-10.0,60.0,-301.0,-36.0,306.0,-311.0,-267.0,364.0,-302.0
-107.0,-228.0,67.0,-319.0,-94.0,217.0,-319.0,-545.0,412.0,-312.0
-87.0,275.0,51.0,-245.0,-130.0,200.0,-292.0,-458.0,443.0,-296.0
-65.0,-78.0,88.0,-180.0,-49.0,373.0,-225.0,-236.0,471.0,-264.0
-107.0,-254.0,84.0,-87.0,-34.0,448.0,-24.0,70.0,484.0,-219.0
-132.0,-63.0,105.0,-14.0,-15.0,294.0,310.0,351.0,460.0,-198.0
-114.0,-144.0,122.0,-31.0,44.0,197.0,604.0,319.0,432.0,-183.0
-73.0,-55.0,98.0,-84.0,111.0,267.0,819.0,149.0,422.0,-187.0
-43.0,80.0,150.0,-106.0,74.0,405.0,947.0,-166.0,429.0,-221.0
-31.0,382.0,129.0,-26.0,93.0,413.0,986.0,-234.0,403.0,-265.0
6.0,171.0,133.0,138.0,131.0,202.0,946.0,-266.0,371.0,-311.0
19.0,163.0,157.0,325.0,-2.0,58.0,772.0,-249.0,342.0,-383.0
16.0,200.0,116.0,432.0,60.0,60.0,486.0,-120.0,283.0,-462.0
-3.0,-135.0,103.0,435.0,100.0,61.0,216.0,-210.0,245.0,-509.0
-3.0,168.0,77.0,460.0,66.0,-141.0,-35.0,-212.0,179.0,-548.0
11.0,71.0,46.0,465.0,167.0,-341.0,-315.0,-223.0,117.0,-586.0
17.0,12.0,54.0,369.0,120.0,-254.0,-561.0,-27.0,72.0,-615.0
35.0,-41.0,31.0,235.0,116.0,-60.0,-740.0,140.0,3.0,-606.0
39.0,-374.0,14.0,141.0,170.0,17.0,-759.0,53.0,-45.0,-593.0
25.0,93.0,38.0,71.0,15.0,2.0,-643.0,-40.0,-95.0,-586.0
3.0,219.0,-22.0,6.0,-65.0,44.0,-495.0,-218.0,-134.0,-539.0
0.0,-76.0,-39.0,63.0,5.0,162.0,-342.0,-116.0,-178.0,-485.0
30.0,186.0,-4.0,140.0,-19.0,229.0,-151.0,-12.0,-232.0,-416.0
78.0,349.0,-21.0,153.0,-47.0,136.0,160.0,134.0,-281.0,-323.0
72.0,370.0,12.0,132.0,-84.0,127.0,479.0,201.0,-320.0,-199.0
63.0,325.0,12.0,23.0,-115.0,257.0,665.0,-73.0,-327.0,-53.0
76.0,-120.0,-16.0,-160.0,-30.0,321.0,684.0,-140.0,-349.0,78.0
67.0,-68.0,22.0,-377.0,15.0,301.0,587.0,-169.0,-364.0,222.0
61.0,149.0,48.0,-469.0,1.0,300.0,397.0,-35.0,-363.0,341.0
37.0,-277.0,61.0,-460.0,30.0,436.0,107.0,112.0,-356.0,402.0
42.0,-502.0,90.0,-388.0,81.0,586.0,-188.0,27.0,-322.0,465.0
55.0,-48.0,75.0,-224.0,53.0,561.0,-398.0,-81.0,-291.0,532.0
76.0,-86.0,79.0,-67.0,33.0,467.0,-479.0,-208.0,-244.0,536.0
77.0,-130.0,81.0,39.0,31.0,407.0,-517.0,-40.0,-207.0,504.0
51.0,-47.0,78.0,88.0,6.0,287.0,-604.0,66.0,-174.0,486.0
48.0,-538.0,68.0,107.0,15.0,200.0,-719.0,62.0,-83.0,471.0
42.0,333.0,0.0,49.0,13.0,71.0,-766.0,46.0,20.0,454.0
64.0,387.0,-21.0,-40.0,-48.0,-14.0,-639.0,-179.0,115.0,412.0
88.0,-398.0,-35.0,-70.0,-78.0,64.0,-369.0,-328.0,187.0,379.0
116.0,511.0,-64.0,-15.0,7.0,87.0,38.0,-513.0,249.0,378.0
125.0,54.0,-80.0,117.0,-47.0,157.0,525.0,-458.0,317.0,380.0
116.0,-319.0,-106.0,264.0,-71.0,167.0,914.0,-317.0,363.0,397.0
113.0,362.0,-158.0,398.0,40.0,92.0,1085.0,-144.0,368.0,406.0
111.0,-411.0,-166.0,438.0,-20.0,101.0,920.0,88.0,339.0,388.0
100.0,-504.0,-147.0,435.0,-25.0,83.0,542.0,-109.0,271.0,362.0
89.0,106.0,-179.0,388.0,49.0,93.0,170.0,-201.0,170.0,351.0
127.0,35.0,-167.0,244.0,8.0,127.0,-158.0,-334.0,79.0,347.0
160.0,-71.0,-169.0,107.0,5.0,196.0,-405.0,-493.0,7.0,310.0
195.0,311.0,-164.0,34.0,52.0,369.0,-570.0,-570.0,-55.0,269.0
214.0,791.0,-148.0,46.0,-74.0,462.0,-594.0,-548.0,-146.0,249.0
248.0,640.0,-168.0,119.0,-109.0,461.0,-456.0,-194.0,-253.0,235.0
247.0,259.0,-161.0,183.0,47.0,554.0,-267.0,-25.0,-310.0,199.0
195.0,38.0,-193.0,231.0,-33.0,666.0,-137.0,234.0,-339.0,125.0
152.0,228.0,-182.0,219.0,-97.0,686.0,-98.0,354.0,-379.0,67.0
126.0,-25.0,-174.0,148.0,-44.0,646.0,-42.0,282.0,-431.0,11.0
139.0,-319.0,-152.0,83.0,-121.0,604.0,48.0,264.0,-481.0,-38.0
81.0,-292.0,-100.0,-37.0,-116.0,558.0,148.0,31.0,-509.0,-55.0
77.0,-551.0,-100.0,-156.0,-92.0,478.0,190.0,-77.0,-503.0,-66.0
121.0,-474.0,-31.0,-200.0,-172.0,405.0,165.0,-96.0,-479.0,-75.0
150.0,-497.0,1.0,-243.0,-81.0,423.0,115.0,0.0,-459.0,-82.0
159.0,-687.0,14.0,-287.0,63.0,566.0,-41.0,55.0,-412.0,-49.0
132.0,-873.0,24.0,-304.0,-31.0,605.0,-299.0,-5.0,-357.0,-14.0
112.0,-469.0,35.0,-234.0,-46.0,502.0,-531.0,-11.0,-296.0,-7.0
57.0,-247.0,55.0,-139.0,89.0,473.0,-604.0,-44.0,-207.0,7.0
28.0,-327.0,64.0,-97.0,49.0,556.0,-539.0,-20.0,-139.0,22.0
-14.0,358.0,132.0,-86.0,5.0,561.0,-414.0,-70.0,-74.0,29.0
-25.0,-85.0,123.0,-103.0,-19.0,387.0,-225.0,44.0,4.0,15.0
0.0,-244.0,138.0,-82.0,-82.0,326.0,62.0,188.0,78.0,7.0
12.0,-8.0,115.0,-28.0,-18.0,396.0,442.0,136.0,157.0,-14.0
4.0,-582.0,66.0,-2.0,-6.0,414.0,785.0,138.0,226.0,-54.0
-13.0,-628.0,70.0,17.0,-68.0,444.0,980.0,60.0,253.0,-51.0
15.0,-587.0,10.0,76.0,-1.0,440.0,959.0,125.0,255.0,-42.0
45.0,11.0,-2.0,152.0,32.0,339.0,760.0,99.0,292.0,-44.0
54.0,-73.0,-30.0,204.0,-82.0,226.0,463.0,5.0,347.0,-30.0
36.0,-35.0,-46.0,152.0,-98.0,206.0,21.0,7.0,361.0,-5.0
25.0,528.0,-41.0,6.0,-26.0,219.0,-506.0,-22.0,314.0,11.0
-7.0,360.0,-20.0,-75.0,-43.0,247.0,-964.0,158.0,235.0,20.0
-21.0,863.0,4.0,-81.0,-59.0,294.0,-1245.0,88.0,193.0,27.0
-7.0,232.0,37.0,-31.0,8.0,243.0,-1392.0,-20.0,175.0,22.0
8.0,-98.0,102.0,64.0,75.0,194.0,-1456.0,-97.0,116.0,22.0
7.0,845.0,120.0,145.0,115.0,188.0,-1313.0,-166.0,12.0,31.0
-15.0,511.0,184.0,126.0,91.0,165.0,-967.0,-53.0,-102.0,37.0
-25.0,704.0,177.0,38.0,2.0,136.0,-511.0,-33.0,-178.0,54.0
-49.0,565.0,207.0,-32.0,42.0,139.0,-58.0,164.0,-226.0,60.0
-61.0,5.0,266.0,-83.0,36.0,145.0,288.0,151.0,-262.0,71.0
-81.0,833.0,248.0,-139.0,-89.0,115.0,532.0,210.0,-302.0,104.0
-65.0,84.0,301.0,-169.0,-91.0,177.0,688.0,308.0,-364.0,128.0
-56.0,-440.0,250.0,-136.0,-70.0,148.0,716.0,96.0,-393.0,152.0
-56.0,273.0,252.0,-138.0,-64.0,16.0,555.0,103.0,-363.0,162.0
-61.0,-162.0,282.0,-174.0,-32.0,68.0,291.0,25.0,-297.0,176.0
-68.0,-432.0,222.0,-216.0,-131.0,128.0,42.0,57.0,-225.0,215.0
-48.0,-653.0,247.0,-212.0,-186.0,133.0,-152.0,84.0,-170.0,272.0
-64.0,-264.0,233.0,-84.0,-38.0,145.0,-367.0,140.0,-114.0,334.0
-49.0,-401.0,187.0,59.0,-31.0,183.0,-593.0,312.0,-58.0,376.0
-41.0,-797.0,161.0,193.0,-131.0,273.0,-690.0,212.0,3.0,417.0
-27.0,-216.0,138.0,304.0,-71.0,239.0,-645.0,275.0,98.0,450.0
-20.0,-754.0,114.0,339.0,118.0,193.0,-470.0,214.0,188.0,462.0
-42.0,-191.0,113.0,314.0,190.0,180.0,-247.0,144.0,219.0,440.0
-61.0,469.0,130.0,251.0,56.0,110.0,-46.0,219.0,208.0,371.0
-88.0,-241.0,107.0,169.0,-13.0,128.0,110.0,199.0,214.0,290.0
-83.0,250.0,81.0,110.0,29.0,187.0,176.0,397.0,228.0,219.0
-104.0,289.0,54.0,117.0,123.0,212.0,173.0,448.0,210.0,169.0
-116.0,-99.0,22.0,130.0,60.0,276.0,57.0,378.0,157.0,116.0
-100.0,-18.0,6.0,119.0,-57.0,351.0,-67.0,279.0,122.0,49.0
-87.0,-20.0,-27.0,94.0,73.0,285.0,-99.0,60.0,96.0,14.0
-76.0,248.0,-79.0,92.0,115.0,136.0,-150.0,-97.0,49.0,0.0
-73.0,139.0,-94.0,98.0,8.0,126.0,-254.0,-280.0,23.0,-21.0
-84.0,408.0,-138.0,61.0,-26.0,276.0,-463.0,-247.0,0.0,-60.0
-100.0,309.0,-165.0,1.0,-6.0,346.0,-694.0,-208.0,-20.0,-115.0
-97.0,42.0,-134.0,-69.0,82.0,211.0,-817.0,-70.0,-28.0,-171.0
-100.0,679.0,-159.0,-103.0,127.0,148.0,-881.0,171.0,-46.0,-232.0
-99.0,-28.0,-173.0,-80.0,-43.0,277.0,-876.0,118.0,-52.0,-294.0
-78.0,35.0,-168.0,-69.0,-52.0,411.0,-710.0,262.0,-22.0,-369.0
-24.0,833.0,-175.0,-55.0,212.0,423.0,-381.0,375.0,25.0,-460.0
10.0,-108.0,-169.0,-15.0,171.0,407.0,-40.0,482.0,58.0,-529.0
20.0,90.0,-126.0,34.0,22.0,435.0,227.0,558.0,61.0,-572.0
46.0,554.0,-101.0,95.0,19.0,382.0,454.0,467.0,38.0,-592.0
66.0,-186.0,-58.0,84.0,18.0,242.0,663.0,484.0,9.0,-602.0
119.0,-208.0,14.0,0.0,67.0,165.0,796.0,393.0,-1.0,-579.0
171.0,-190.0,46.0,-111.0,24.0,239.0,723.0,412.0,4.0,-514.0
217.0,-506.0,112.0,-183.0,-31.0,328.0,427.0,201.0,-6.0,-436.0
253.0,-268.0,144.0,-155.0,13.0,354.0,60.0,-49.0,-59.0,-318.0
258.0,96.0,152.0,-130.0,46.0,329.0,-229.0,-31.0,-94.0,-191.0
234.0,-9.0,165.0,-138.0,-21.0,302.0,-479.0,77.0,-102.0,-82.0
181.0,73.0,156.0,-153.0,-65.0,279.0,-735.0,352.0,-101.0,18.0
182.0,641.0,177.0,-134.0,7.0,146.0,-920.0,482.0,-87.0,127.0
209.0,435.0,191.0,-89.0,-8.0,18.0,-976.0,715.0,-63.0,222.0
230.0,322.0,185.0,-62.0,-71.0,-62.0,-871.0,733.0,-27.0,260.0
216.0,639.0,168.0,-72.0,-40.0,-127.0,-620.0,474.0,2.0,271.0
163.0,450.0,165.0,-95.0,-34.0,-119.0,-298.0,208.0,14.0,283.0
153.0,853.0,133.0,-74.0,-23.0,-103.0,119.0,-40.0,31.0,265.0
175.0,362.0,124.0,-33.0,-4.0,-96.0,598.0,68.0,34.0,227.0
205.0,-277.0,136.0,-10.0,-193.0,-120.0,999.0,151.0,24.0,196.0
202.0,439.0,114.0,-40.0,-187.0,-150.0,1158.0,158.0,30.0,166.0
176.0,134.0,128.0,-84.0,58.0,-62.0,1039.0,118.0,16.0,116.0
130.0,-44.0,86.0,-116.0,19.0,-11.0,780.0,96.0,0.0,61.0
68.0,277.0,79.0,-136.0,-30.0,-93.0,431.0,155.0,19.0,27.0
30.0,29.0,87.0,-120.0,32.0,-158.0,15.0,136.0,50.0,-9.0
17.0,223.0,22.0,-71.0,55.0,-196.0,-442.0,380.0,84.0,-42.0
26.0,263.0,24.0,19.0,44.0,-240.0,-795.0,489.0,84.0,-62.0
53.0,-404.0,-3.0,90.0,18.0,-317.0,-968.0,382.0,58.0,-41.0
76.0,-465.0,-42.0,134.0,85.0,-284.0,-984.0,151.0,54.0,-4.0
75.0,-365.0,-57.0,169.0,228.0,-152.0,-850.0,-219.0,50.0,15.0
88.0,-678.0,-68.0,183.0,180.0,-88.0,-668.0,-291.0,48.0,43.0
73.0,-458.0,-70.0,243.0,-23.0,-88.0,-408.0,-273.0,34.0,54.0
31.0,-136.0,-74.0,253.0,44.0,-54.0,-85.0,-120.0,-7.0,52.0
0.0,-55.0,-64.0,224.0,88.0,-8.0,148.0,-24.0,-26.0,48.0
-27.0,-65.0,-87.0,231.0,-21.0,-80.0,213.0,-59.0,-56.0,60.0
-29.0,301.0,-73.0,176.0,-29.0,-115.0,215.0,-14.0,-115.0,67.0
-34.0,332.0,-71.0,113.0,-64.0,-112.0,184.0,-9.0,-160.0,73.0
-35.0,-78.0,-87.0,86.0,-17.0,-200.0,68.0,94.0,-198.0,95.0
-49.0,339.0,-78.0,77.0,39.0,-285.0,-104.0,-31.0,-245.0,126.0
-70.0,282.0,-90.0,128.0,23.0,-252.0,-310.0,-75.0,-298.0,155.0
-90.0,-306.0,-92.0,238.0,15.0,-168.0,-484.0,-59.0,-343.0,161.0
-116.0,-97.0,-124.0,366.0,16.0,-256.0,-610.0,-212.0,-358.0,190.0
-127.0,-530.0,-124.0,435.0,29.0,-434.0,-627.0,-103.0,-344.0,228.0
-162.0,-1108.0,-117.0,446.0,-148.0,-443.0,-549.0,11.0,-333.0,255.0
-190.0,-344.0,-144.0,376.0,-260.0,-359.0,-402.0,264.0,-310.0,293.0
-186.0,-131.0,-173.0,221.0,-122.0,-409.0,-202.0,362.0,-268.0,326.0
-184.0,-48.0,-188.0,82.0,-111.0,-353.0,-76.0,160.0,-197.0,333.0
-200.0,921.0,-192.0,-36.0,-118.0,-211.0,-14.0,44.0,-100.0,329.0
-217.0,1076.0,-202.0,-100.0,-98.0,-221.0,42.0,-142.0,-25.0,341.0
-170.0,948.0,-162.0,-55.0,-126.0,-273.0,137.0,-116.0,41.0,346.0
-102.0,1431.0,-153.0,49.0,-54.0,-285.0,274.0,14.0,133.0,295.0
-37.0,1034.0,-133.0,132.0,-86.0,-79.0,335.0,66.0,234.0,224.0
1.0,364.0,-88.0,141.0,-230.0,13.0,313.0,-31.0,302.0,187.0
0.0,212.0,-87.0,91.0,-99.0,-179.0,258.0,-208.0,329.0,134.0
30.0,-202.0,-58.0,-6.0,117.0,-173.0,165.0,-203.0,341.0,45.0
40.0,-528.0,-8.0,-142.0,77.0,-5.0,26.0,-164.0,354.0,-45.0
37.0,-755.0,36.0,-275.0,70.0,45.0,-205.0,103.0,371.0,-132.0
45.0,-608.0,65.0,-371.0,25.0,-12.0,-462.0,304.0,335.0,-230.0
81.0,-527.0,122.0,-440.0,7.0,-41.0,-598.0,343.0,251.0,-305.0
133.0,-659.0,128.0,-423.0,162.0,-8.0,-543.0,310.0,161.0,-355.0
119.0,-424.0,132.0,-300.0,16.0,-87.0,-403.0,-16.0,38.0,-419.0
117.0,-294.0,174.0,-160.0,-54.0,-162.0,-282.0,-88.0,-61.0,-478.0
146.0,-106.0,142.0,-57.0,189.0,-85.0,-168.0,9.0,-115.0,-495.0
153.0,112.0,143.0,-6.0,201.0,-102.0,-32.0,133.0,-202.0,-473.0
138.0,-99.0,157.0,7.0,48.0,-170.0,112.0,201.0,-317.0,-448.0
133.0,-71.0,148.0,32.0,38.0,-202.0,155.0,197.0,-411.0,-421.0
136.0,163.0,138.0,44.0,103.0,-108.0,138.0,280.0,-477.0,-370.0
119.0,-587.0,118.0,-24.0,129.0,18.0,114.0,182.0,-505.0,-288.0
91.0,-816.0,87.0,-127.0,75.0,-77.0,45.0,199.0,-524.0,-221.0
92.0,-427.0,85.0,-252.0,-73.0,-204.0,-77.0,48.0,-525.0,-157.0
121.0,-751.0,94.0,-339.0,-28.0,-264.0,-238.0,-101.0,-473.0,-88.0
145.0,-62.0,71.0,-371.0,133.0,-213.0,-342.0,-70.0,-376.0,-41.0
123.0,376.0,99.0,-419.0,40.0,-242.0,-362.0,-142.0,-280.0,-18.0
90.0,-100.0,79.0,-413.0,-141.0,-363.0,-313.0,-49.0,-226.0,-3.0
78.0,488.0,66.0,-359.0,-153.0,-340.0,-288.0,-184.0,-171.0,3.0
78.0,649.0,109.0,-328.0,-69.0,-322.0,-275.0,-243.0,-83.0,-34.0
118.0,522.0,96.0,-339.0,-99.0,-287.0,-115.0,-219.0,7.0,-57.0
148.0,739.0,92.0,-346.0,-90.0,-230.0,134.0,-284.0,100.0,-63.0
165.0,780.0,148.0,-291.0,-9.0,-109.0,318.0,-149.0,162.0,-76.0
136.0,899.0,184.0,-168.0,66.0,-87.0,400.0,-38.0,217.0,-82.0
91.0,407.0,199.0,-93.0,169.0,-146.0,472.0,133.0,278.0,-66.0
53.0,511.0,242.0,-137.0,55.0,18.0,543.0,116.0,311.0,-19.0
16.0,658.0,258.0,-203.0,-23.0,181.0,542.0,68.0,347.0,33.0
13.0,11.0,263.0,-190.0,163.0,246.0,412.0,57.0,362.0,77.0
30.0,-339.0,267.0,-128.0,146.0,196.0,128.0,-5.0,345.0,115.0
77.0,-381.0,284.0,-66.0,5.0,116.0,-138.0,164.0,349.0,174.0
72.0,-251.0,286.0,4.0,92.0,106.0,-255.0,242.0,347.0,211.0
82.0,-542.0,283.0,14.0,139.0,18.0,-301.0,356.0,328.0,238.0
100.0,-305.0,279.0,6.0,114.0,-74.0,-394.0,371.0,282.0,277.0
108.0,71.0,268.0,28.0,93.0,-132.0,-498.0,303.0,224.0,295.0
107.0,-115.0,281.0,44.0,0.0,-138.0,-490.0,299.0,182.0,293.0
77.0,-385.0,232.0,57.0,-23.0,-165.0,-404.0,109.0,134.0,273.0
85.0,-984.0,253.0,66.0,-26.0,-301.0,-330.0,48.0,86.0,256.0
75.0,-1165.0,254.0,55.0,-56.0,-326.0,-227.0,-77.0,40.0,210.0
56.0,-786.0,210.0,11.0,-63.0,-281.0,-24.0,-55.0,-17.0,147.0
14.0,-681.0,225.0,-44.0,10.0,-317.0,255.0,57.0,-82.0,93.0
2.0,-878.0,199.0,-86.0,24.0,-359.0,436.0,46.0,-144.0,24.0
6.0,-561.0,179.0,-80.0,-60.0,-374.0,442.0,205.0,-168.0,-58.0
12.0,-148.0,167.0,-4.0,-104.0,-394.0,448.0,168.0,-154.0,-97.0
2.0,93.0,172.0,80.0,-98.0,-525.0,516.0,158.0,-140.0,-113.0
-10.0,116.0,121.0,121.0,-12.0,-600.0,570.0,-27.0,-169.0,-157.0
17.0,27.0,97.0,166.0,-14.0,-584.0,471.0,-151.0,-209.0,-172.0
10.0,585.0,64.0,198.0,-89.0,-619.0,257.0,-49.0,-226.0,-179.0
-2.0,725.0,5.0,199.0,-56.0,-549.0,137.0,-142.0,-196.0,-169.0
-44.0,210.0,23.0,171.0,-1.0,-429.0,101.0,-73.0,-149.0,-146.0
0.0,355.0,-20.0,131.0,-156.0,-344.0,32.0,-188.0,-158.0,-149.0
59.0,478.0,-31.0,87.0,-277.0,-353.0,-70.0,-199.0,-167.0,-123.0
84.0,32.0,-53.0,58.0,-94.0,-400.0,-82.0,-103.0,-150.0,-102.0
75.0,42.0,-82.0,64.0,-21.0,-391.0,56.0,-36.0,-110.0,-94.0
54.0,132.0,-71.0,65.0,-65.0,-412.0,246.0,16.0,-50.0,-57.0
79.0,-80.0,-106.0,76.0,-22.0,-381.0,315.0,-203.0,-6.0,-32.0
63.0,459.0,-120.0,127.0,3.0,-290.0,238.0,-162.0,23.0,-43.0
95.0,764.0,-111.0,224.0,75.0,-271.0,101.0,-131.0,52.0,-41.0
86.0,-128.0,-110.0,311.0,122.0,-367.0,-54.0,35.0,103.0,-3.0
93.0,-356.0,-116.0,321.0,49.0,-358.0,-252.0,238.0,148.0,19.0
100.0,-642.0,-89.0,242.0,62.0,-271.0,-512.0,232.0,179.0,-10.0
72.0,-1041.0,-76.0,147.0,176.0,-237.0,-710.0,282.0,200.0,-36.0
40.0,-410.0,-84.0,79.0,109.0,-183.0,-731.0,73.0,212.0,-34.0
-9.0,-302.0,-60.0,11.0,44.0,-215.0,-640.0,-60.0,224.0,-53.0
-3.0,-290.0,-32.0,-13.0,107.0,-208.0,-529.0,-105.0,196.0,-76.0
7.0,133.0,-18.0,34.0,56.0,-200.0,-311.0,-62.0,168.0,-98.0
33.0,58.0,15.0,100.0,8.0,-281.0,37.0,53.0,169.0,-122.0
37.0,-115.0,27.0,104.0,-72.0,-277.0,399.0,60.0,175.0,-162.0
89.0,326.0,28.0,81.0,-174.0,-196.0,620.0,72.0,178.0,-182.0
110.0,583.0,38.0,12.0,-134.0,-156.0,627.0,-81.0,158.0,-152.0
105.0,277.0,10.0,-76.0,-88.0,-224.0,587.0,-149.0,128.0,-158.0
114.0,-125.0,2.0,-129.0,-89.0,-194.0,617.0,-153.0,115.0,-162.0
100.0,2.0,-14.0,-132.0,-66.0,-106.0,610.0,-116.0,104.0,-138.0
97.0,44.0,-17.0,-54.0,0.0,-176.0,453.0,62.0,80.0,-107.0
75.0,-160.0,12.0,-14.0,43.0,-178.0,250.0,101.0,60.0,-93.0
95.0,173.0,35.0,-29.0,-12.0,22.0,70.0,238.0,40.0,-100.0
94.0,-102.0,41.0,-50.0,-87.0,100.0,-76.0,332.0,13.0,-62.0
93.0,-5.0,89.0,-72.0,-1.0,-3.0,-173.0,221.0,-4.0,-26.0
93.0,242.0,118.0,-59.0,95.0,162.0,-229.0,125.0,-15.0,-3.0
112.0,123.0,83.0,-56.0,123.0,471.0,-157.0,7.0,-15.0,3.0
114.0,602.0,127.0,-72.0,133.0,487.0,20.0,12.0,-34.0,-7.0
84.0,386.0,80.0,-63.0,146.0,400.0,171.0,-94.0,-99.0,-34.0
60.0,17.0,53.0,-69.0,160.0,347.0,182.0,-149.0,-143.0,-82.0
41.0,92.0,107.0,-76.0,27.0,308.0,52.0,-62.0,-142.0,-110.0
73.0,-156.0,73.0,-6.0,-82.0,275.0,-140.0,22.0,-140.0,-166.0
71.0,17.0,94.0,83.0,-72.0,268.0,-353.0,181.0,-156.0,-221.0
39.0,263.0,78.0,119.0,-48.0,421.0,-571.0,105.0,-183.0,-233.0
-20.0,301.0,63.0,97.0,-6.0,418.0,-748.0,153.0,-175.0,-218.0
-23.0,801.0,77.0,43.0,3.0,161.0,-812.0,145.0,-164.0,-216.0
-13.0,502.0,48.0,45.0,-48.0,-8.0,-751.0,157.0,-158.0,-203.0
-24.0,146.0,-5.0,82.0,-12.0,31.0,-676.0,260.0,-129.0,-160.0
-23.0,237.0,-20.0,49.0,91.0,158.0,-676.0,31.0,-109.0,-139.0
-36.0,392.0,-9.0,-18.0,23.0,95.0,-636.0,-96.0,-90.0,-106.0
-35.0,197.0,-30.0,-65.0,-51.0,-39.0,-512.0,-267.0,-79.0,-80.0
-68.0,-960.0,-33.0,-73.0,28.0,18.0,-317.0,-328.0,-74.0,-60.0
-87.0,-809.0,-74.0,-59.0,100.0,167.0,-157.0,-321.0,-62.0,-52.0
-105.0,-131.0,-57.0,-76.0,87.0,150.0,-72.0,-291.0,-30.0,-76.0
-96.0,-214.0,-85.0,-62.0,48.0,-52.0,-2.0,-181.0,12.0,-83.0
-90.0,-240.0,-118.0,-10.0,55.0,-133.0,55.0,-286.0,51.0,-112.0
-86.0,-351.0,-83.0,36.0,43.0,-55.0,169.0,-260.0,81.0,-133.0
-95.0,-82.0,-110.0,86.0,-51.0,-27.0,266.0,-388.0,109.0,-127.0
-124.0,282.0,-89.0,87.0,-48.0,-52.0,361.0,-482.0,143.0,-132.0
-135.0,-333.0,-79.0,68.0,-13.0,31.0,455.0,-436.0,131.0,-140.0
-141.0,-478.0,-61.0,65.0,-67.0,140.0,506.0,-424.0,95.0,-143.0
-120.0,50.0,-66.0,75.0,-30.0,27.0,449.0,-212.0,40.0,-108.0
-112.0,-229.0,-64.0,114.0,4.0,-91.0,222.0,-151.0,-31.0,-82.0
-92.0,3.0,-53.0,138.0,-4.0,70.0,6.0,-107.0,-68.0,-86.0
-80.0,-51.0,-67.0,183.0,-5.0,248.0,-113.0,-99.0,-121.0,-74.0
-59.0,44.0,-28.0,245.0,-80.0,170.0,-168.0,-103.0,-157.0,-36.0
-70.0,720.0,-51.0,234.0,-103.0,-31.0,-290.0,31.0,-176.0,7.0
-88.0,182.0,-27.0,157.0,-132.0,-66.0,-484.0,59.0,-214.0,26.0
-117.0,-1.0,-22.0,66.0,-203.0,101.0,-599.0,138.0,-240.0,48.0
-167.0,465.0,-43.0,-72.0,-116.0,135.0,-579.0,22.0,-268.0,95.0
-186.0,568.0,-7.0,-224.0,-33.0,108.0,-399.0,-97.0,-271.0,129.0
-208.0,173.0,-10.0,-290.0,25.0,198.0,-147.0,-90.0,-263.0,185.0
-205.0,181.0,5.0,-297.0,107.0,262.0,162.0,-173.0,-252.0,241.0
-207.0,431.0,10.0,-304.0,-14.0,185.0,514.0,-175.0,-239.0,268.0
-180.0,-116.0,37.0,-279.0,-8.0,99.0,687.0,-378.0,-224.0,318.0
-178.0,-162.0,39.0,-257.0,137.0,176.0,584.0,-369.0,-170.0,374.0
-190.0,187.0,42.0,-263.0,16.0,138.0,311.0,-206.0,-119.0,430.0
-187.0,89.0,50.0,-240.0,-50.0,-35.0,-26.0,-120.0,-84.0,456.0
-206.0,82.0,60.0,-192.0,20.0,-64.0,-316.0,-18.0,-42.0,440.0
-252.0,-1.0,80.0,-173.0,29.0,69.0,-517.0,-38.0,16.0,443.0
-277.0,150.0,48.0,-208.0,15.0,80.0,-612.0,147.0,59.0,448.0
-231.0,464.0,52.0,-217.0,-60.0,-74.0,-479.0,86.0,81.0,431.0
-191.0,270.0,1.0,-185.0,-90.0,-125.0,-163.0,-18.0,126.0,396.0
-155.0,102.0,-12.0,-107.0,-18.0,-99.0,160.0,-31.0,167.0,340.0
-124.0,119.0,25.0,34.0,-35.0,2.0,406.0,-29.0,176.0,280.0
-93.0,151.0,4.0,128.0,-87.0,95.0,551.0,55.0,179.0,215.0
-79.0,-8.0,0.0,180.0,-79.0,97.0,642.0,-96.0,218.0,138.0
-55.0,55.0,-6.0,205.0,-64.0,39.0,704.0,-109.0,278.0,52.0
-46.0,-64.0,-68.0,151.0,-3.0,22.0,632.0,-190.0,309.0,-46.0
-61.0,-408.0,-92.0,89.0,-22.0,97.0,437.0,-171.0,322.0,-149.0
-61.0,-100.0,-68.0,88.0,-66.0,135.0,236.0,-136.0,342.0,-220.0
-16.0,-571.0,-82.0,138.0,3.0,119.0,97.0,-314.0,340.0,-273.0
44.0,-777.0,-59.0,193.0,21.0,84.0,48.0,-264.0,321.0,-319.0
81.0,21.0,-37.0,177.0,4.0,140.0,32.0,-194.0,316.0,-318.0
111.0,-310.0,-37.0,119.0,6.0,147.0,64.0,-48.0,285.0,-273.0
112.0,-661.0,-65.0,48.0,9.0,81.0,180.0,-7.0,226.0,-216.0
125.0,-378.0,-71.0,-38.0,105.0,96.0,339.0,-11.0,167.0,-160.0
121.0,-393.0,-69.0,-83.0,156.0,104.0,394.0,27.0,94.0,-93.0
163.0,42.0,-106.0,-93.0,98.0,96.0,300.0,-73.0,44.0,-29.0
194.0,265.0,-112.0,-95.0,191.0,195.0,212.0,14.0,8.0,10.0
199.0,149.0,-164.0,-75.0,167.0,365.0,154.0,90.0,-46.0,29.0
201.0,413.0,-221.0,-48.0,54.0,341.0,49.0,203.0,-79.0,47.0
176.0,271.0,-260.0,-45.0,105.0,248.0,-241.0,260.0,-99.0,48.0
172.0,90.0,-291.0,-34.0,-38.0,256.0,-615.0,114.0,-126.0,-4.0
165.0,-197.0,-318.0,-27.0,-42.0,300.0,-885.0,147.0,-152.0,-54.0
175.0,-409.0,-334.0,-1.0,45.0,271.0,-1061.0,77.0,-164.0,-90.0
154.0,-328.0,-316.0,6.0,-137.0,164.0,-1160.0,53.0,-147.0,-145.0
120.0,-311.0,-328.0,-49.0,-86.0,141.0,-1185.0,40.0,-131.0,-194.0
55.0,-150.0,-328.0,-107.0,-4.0,102.0,-1087.0,-12.0,-127.0,-220.0
-15.0,-259.0,-309.0,-169.0,-106.0,113.0,-830.0,40.0,-100.0,-214.0
-66.0,375.0,-294.0,-152.0,-53.0,194.0,-455.0,-46.0,-60.0,-199.0
-91.0,833.0,-278.0,-103.0,-56.0,246.0,-70.0,-44.0,-14.0,-177.0
-111.0,66.0,-225.0,-93.0,-112.0,158.0,334.0,-83.0,33.0,-123.0
-129.0,510.0,-192.0,-72.0,21.0,29.0,754.0,48.0,62.0,-82.0
-127.0,963.0,-155.0,-103.0,34.0,183.0,1088.0,121.0,94.0,-55.0
-149.0,330.0,-109.0,-124.0,-17.0,384.0,1247.0,-14.0,110.0,-31.0
-151.0,782.0,-146.0,-95.0,135.0,419.0,1235.0,-60.0,114.0,0.0
-154.0,822.0,-131.0,-72.0,143.0,352.0,1135.0,-254.0,129.0,14.0
-118.0,146.0,-158.0,-67.0,60.0,322.0,951.0,-267.0,142.0,-23.0
-93.0,504.0,-187.0,-58.0,98.0,267.0,730.0,-288.0,157.0,-29.0
-81.0,518.0,-128.0,3.0,65.0,223.0,411.0,-203.0,158.0,-44.0
-72.0,64.0,-118.0,35.0,105.0,321.0,33.0,96.0,152.0,-109.0
-92.0,195.0,-120.0,13.0,135.0,373.0,-219.0,279.0,138.0,-154.0
-143.0,61.0,-93.0,35.0,64.0,350.0,-339.0,408.0,110.0,-192.0
-168.0,-998.0,-73.0,58.0,107.0,235.0,-383.0,227.0,86.0,-243.0
-136.0,-920.0,-54.0,31.0,56.0,160.0,-344.0,36.0,58.0,-267.0
-126.0,-259.0,-5.0,-10.0,11.0,149.0,-174.0,-1.0,42.0,-250.0
-117.0,-883.0,0.0,-38.0,21.0,137.0,77.0,5.0,22.0,-219.0
-133.0,-453.0,9.0,-46.0,-76.0,127.0,311.0,11.0,-23.0,-189.0
-124.0,299.0,56.0,-65.0,-109.0,67.0,435.0,-57.0,-65.0,-150.0
-117.0,105.0,53.0,-33.0,-146.0,94.0,440.0,77.0,-88.0,-60.0
-90.0,231.0,72.0,51.0,-70.0,137.0,375.0,51.0,-98.0,36.0
-81.0,411.0,102.0,107.0,60.0,137.0,294.0,22.0,-119.0,102.0
-73.0,411.0,90.0,130.0,34.0,126.0,174.0,31.0,-145.0,168.0
-64.0,286.0,108.0,100.0,98.0,116.0,-7.0,-62.0,-137.0,255.0
-102.0,216.0,101.0,84.0,167.0,146.0,-134.0,105.0,-96.0,341.0
-108.0,-18.0,41.0,67.0,137.0,136.0,-183.0,157.0,-80.0,385.0
-132.0,10.0,16.0,76.0,174.0,50.0,-187.0,195.0,-73.0,451.0
-119.0,275.0,-15.0,108.0,194.0,25.0,-206.0,223.0,-55.0,500.0
-112.0,7.0,-66.0,88.0,78.0,42.0,-212.0,223.0,-37.0,509.0
-120.0,-279.0,-61.0,63.0,47.0,27.0,-116.0,223.0,-27.0,533.0
-147.0,-625.0,-84.0,34.0,106.0,80.0,40.0,55.0,-12.0,571.0
-151.0,-224.0,-91.0,44.0,50.0,175.0,149.0,46.0,13.0,591.0
-128.0,169.0,-96.0,79.0,-7.0,219.0,122.0,-66.0,34.0,550.0
-121.0,-674.0,-124.0,83.0,-39.0,91.0,43.0,-194.0,67.0,506.0
-143.0,-130.0,-102.0,17.0,14.0,1.0,22.0,-295.0,90.0,456.0
-213.0,588.0,-140.0,-84.0,-15.0,133.0,34.0,-328.0,106.0,361.0
-214.0,142.0,-97.0,-185.0,-174.0,313.0,60.0,-84.0,124.0,235.0
-198.0,244.0,-64.0,-235.0,-102.0,369.0,186.0,-7.0,129.0,115.0
-165.0,250.0,-66.0,-180.0,-30.0,279.0,417.0,36.0,135.0,-6.0
-128.0,253.0,-6.0,-77.0,-64.0,281.0,658.0,25.0,149.0,-152.0
-55.0,-60.0,-39.0,24.0,-135.0,158.0,805.0,53.0,176.0,-294.0
0.0,-272.0,-32.0,66.0,-172.0,-91.0,780.0,181.0,172.0,-413.0
31.0,-117.0,-8.0,32.0,-20.0,-75.0,705.0,90.0,147.0,-529.0
82.0,-169.0,-33.0,-22.0,11.0,62.0,679.0,86.0,132.0,-628.0
82.0,28.0,-67.0,-1.0,-95.0,9.0,634.0,57.0,100.0,-669.0
82.0,28.0,-71.0,34.0,-95.0,-160.0,569.0,70.0,81.0,-658.0
48.0,88.0,-70.0,70.0,-55.0,-64.0,528.0,68.0,65.0,-621.0
61.0,106.0,-106.0,139.0,-25.0,148.0,520.0,-51.0,48.0,-553.0
96.0,225.0,-99.0,165.0,15.0,93.0,542.0,-48.0,35.0,-430.0
116.0,239.0,-96.0,202.0,-8.0,-106.0,601.0,-79.0,9.0,-301.0
137.0,-268.0,-159.0,274.0,40.0,-91.0,679.0,42.0,24.0,-164.0
123.0,182.0,-178.0,314.0,147.0,-18.0,719.0,40.0,45.0,-6.0
94.0,403.0,-156.0,314.0,67.0,-112.0,626.0,-22.0,56.0,136.0
56.0,-483.0,-154.0,286.0,-5.0,-147.0,382.0,11.0,77.0,262.0
22.0,-59.0,-113.0,225.0,36.0,-129.0,51.0,-11.0,83.0,365.0
-28.0,162.0,-107.0,119.0,146.0,-102.0,-246.0,112.0,76.0,463.0
-48.0,-719.0,-91.0,45.0,95.0,-92.0,-350.0,116.0,73.0,527.0
-47.0,-310.0,-63.0,52.0,-73.0,-123.0,-302.0,105.0,86.0,554.0
-72.0,-128.0,-63.0,78.0,-10.0,-114.0,-235.0,9.0,101.0,561.0
-131.0,-789.0,-2.0,119.0,16.0,-20.0,-176.0,-181.0,117.0,562.0
-198.0,-557.0,5.0,133.0,-13.0,6.0,-86.0,-280.0,106.0,570.0
-193.0,-251.0,38.0,119.0,-19.0,0.0,98.0,-356.0,55.0,530.0
-149.0,-440.0,119.0,57.0,-116.0,10.0,327.0,-229.0,-1.0,490.0
-113.0,-252.0,121.0,-90.0,-54.0,-52.0,421.0,-240.0,-40.0,451.0
-68.0,-81.0,150.0,-210.0,10.0,-98.0,343.0,-258.0,-86.0,400.0
-1.0,-59.0,159.0,-262.0,-93.0,-199.0,197.0,-201.0,-150.0,360.0
49.0,504.0,187.0,-245.0,-35.0,-203.0,65.0,-182.0,-214.0,291.0
16.0,666.0,243.0,-186.0,88.0,-171.0,-87.0,18.0,-262.0,216.0
-19.0,119.0,257.0,-124.0,72.0,-125.0,-236.0,96.0,-274.0,139.0
1.0,257.0,323.0,-30.0,28.0,-68.0,-290.0,271.0,-308.0,65.0
48.0,332.0,334.0,76.0,3.0,-76.0,-255.0,423.0,-356.0,-4.0
82.0,-108.0,339.0,92.0,77.0,-72.0,-109.0,430.0,-359.0,-79.0
115.0,-206.0,356.0,17.0,180.0,-194.0,84.0,373.0,-334.0,-150.0
184.0,-464.0,370.0,-77.0,57.0,-293.0,269.0,177.0,-319.0,-215.0
205.0,-435.0,393.0,-159.0,-68.0,-347.0,483.0,179.0,-318.0,-280.0
208.0,116.0,376.0,-195.0,45.0,-212.0,704.0,99.0,-303.0,-343.0
199.0,14.0,397.0,-166.0,55.0,-43.0,827.0,86.0,-242.0,-407.0
194.0,-431.0,358.0,-98.0,-65.0,-45.0,839.0,1.0,-174.0,-463.0
181.0,-44.0,359.0,1.0,-97.0,-101.0,828.0,-208.0,-153.0,-464.0
157.0,-60.0,334.0,82.0,-27.0,-219.0,781.0,-158.0,-114.0,-454.0
178.0,-265.0,235.0,87.0,2.0,-231.0,688.0,-151.0,-42.0,-446.0
179.0,232.0,228.0,114.0,-95.0,-301.0,500.0,0.0,25.0,-407.0
183.0,46.0,125.0,141.0,-120.0,-354.0,215.0,125.0,80.0,-360.0
150.0,166.0,67.0,167.0,-92.0,-278.0,-65.0,230.0,88.0,-312.0
150.0,739.0,67.0,228.0,-17.0,-291.0,-232.0,415.0,75.0,-258.0
169.0,604.0,-37.0,231.0,-5.0,-397.0,-336.0,345.0,73.0,-193.0
149.0,105.0,-81.0,198.0,-97.0,-371.0,-484.0,334.0,91.0,-128.0
134.0,-24.0,-97.0,181.0,31.0,-294.0,-584.0,282.0,106.0,-77.0
93.0,180.0,-174.0,138.0,155.0,-353.0,-615.0,151.0,109.0,-24.0
85.0,27.0,-157.0,109.0,56.0,-336.0,-595.0,-29.0,132.0,31.0
92.0,-371.0,-133.0,113.0,-2.0,-150.0,-524.0,-116.0,140.0,82.0
104.0,-653.0,-207.0,26.0,30.0,39.0,-396.0,103.0,120.0,109.0
73.0,-226.0,-155.0,-106.0,8.0,55.0,-183.0,90.0,106.0,128.0
50.0,-185.0,-133.0,-231.0,14.0,-60.0,61.0,46.0,111.0,126.0
59.0,-563.0,-157.0,-318.0,18.0,-159.0,241.0,-7.0,108.0,100.0
32.0,-156.0,-81.0,-328.0,-46.0,-58.0,278.0,1.0,96.0,60.0
-22.0,12.0,-71.0,-323.0,94.0,70.0,232.0,42.0,91.0,-8.0
-18.0,98.0,-51.0,-342.0,91.0,85.0,168.0,-121.0,84.0,-74.0
22.0,291.0,-34.0,-331.0,-144.0,49.0,67.0,-57.0,91.0,-146.0
-3.0,13.0,-59.0,-242.0,-78.0,-20.0,-74.0,-38.0,99.0,-192.0
-29.0,-141.0,-66.0,-173.0,11.0,-66.0,-234.0,68.0,96.0,-220.0
-60.0,53.0,-86.0,-142.0,0.0,-181.0,-363.0,55.0,123.0,-248.0
-93.0,129.0,-108.0,-131.0,1.0,-200.0,-383.0,-62.0,147.0,-246.0
-125.0,-39.0,-144.0,-157.0,-83.0,0.0,-236.0,46.0,126.0,-235.0
-119.0,44.0,-183.0,-180.0,0.0,161.0,79.0,105.0,87.0,-189.0
-88.0,253.0,-214.0,-135.0,114.0,167.0,426.0,279.0,37.0,-126.0
-71.0,-4.0,-234.0,-47.0,-3.0,137.0,634.0,264.0,16.0,-67.0
-60.0,237.0,-287.0,64.0,-68.0,110.0,672.0,308.0,10.0,4.0
-61.0,242.0,-340.0,190.0,-20.0,65.0,599.0,349.0,-14.0,74.0
-55.0,-305.0,-344.0,269.0,32.0,-18.0,625.0,147.0,-26.0,115.0
-75.0,-2.0,-390.0,306.0,57.0,49.0,760.0,5.0,-37.0,144.0
-101.0,-153.0,-424.0,261.0,-2.0,212.0,829.0,-173.0,-45.0,147.0
-119.0,-496.0,-376.0,176.0,-11.0,189.0,766.0,-155.0,-71.0,119.0
-85.0,-655.0,-376.0,126.0,19.0,120.0,525.0,-206.0,-95.0,74.0
-48.0,-561.0,-359.0,152.0,-5.0,198.0,204.0,-332.0,-90.0,8.0
-28.0,-180.0,-313.0,209.0,-77.0,275.0,-79.0,-325.0,-87.0,-58.0
-20.0,-545.0,-325.0,230.0,-168.0,167.0,-303.0,-293.0,-80.0,-148.0
8.0,-694.0,-290.0,247.0,-135.0,35.0,-512.0,-134.0,-74.0,-261.0
44.0,-476.0,-289.0,227.0,-56.0,73.0,-721.0,-60.0,-47.0,-388.0
20.0,48.0,-293.0,148.0,-149.0,233.0,-885.0,155.0,-8.0,-490.0
-23.0,320.0,-248.0,11.0,-216.0,274.0,-905.0,343.0,11.0,-585.0
-58.0,18.0,-245.0,-107.0,-89.0,327.0,-746.0,354.0,23.0,-660.0
-46.0,312.0,-209.0,-202.0,-29.0,397.0,-512.0,399.0,33.0,-664.0
-74.0,695.0,-163.0,-283.0,-58.0,294.0,-282.0,277.0,20.0,-619.0
-94.0,484.0,-128.0,-323.0,-133.0,156.0,-152.0,293.0,-5.0,-543.0
-106.0,370.0,-95.0,-295.0,-121.0,173.0,-91.0,267.0,-20.0,-454.0
-90.0,370.0,-71.0,-244.0,23.0,303.0,-37.0,218.0,-24.0,-354.0
-75.0,395.0,-25.0,-197.0,-30.0,302.0,12.0,227.0,-16.0,-241.0
-104.0,553.0,13.0,-128.0,-55.0,352.0,137.0,35.0,-28.0,-123.0
-122.0,159.0,52.0,-85.0,128.0,436.0,303.0,-55.0,-67.0,3.0
-170.0,13.0,88.0,-23.0,181.0,419.0,368.0,-219.0,-100.0,139.0
-207.0,453.0,100.0,17.0,73.0,332.0,289.0,-247.0,-116.0,254.0
-260.0,286.0,118.0,40.0,34.0,186.0,165.0,-234.0,-109.0,350.0
-261.0,-175.0,139.0,18.0,53.0,107.0,126.0,-240.0,-100.0,456.0
-215.0,-44.0,144.0,-46.0,49.0,66.0,138.0,-92.0,-95.0,550.0
-166.0,-67.0,150.0,-79.0,36.0,66.0,48.0,-162.0,-100.0,617.0
-145.0,-431.0,148.0,-96.0,-26.0,225.0,-98.0,-9.0,-95.0,670.0
-152.0,-41.0,132.0,-41.0,57.0,405.0,-194.0,158.0,-69.0,734.0
-127.0,118.0,132.0,0.0,147.0,336.0,-174.0,266.0,-56.0,752.0
-91.0,-588.0,120.0,-19.0,-12.0,156.0,-18.0,260.0,-1.0,736.0
-64.0,-442.0,86.0,-44.0,-31.0,102.0,202.0,42.0,77.0,707.0
-55.0,71.0,40.0,-80.0,8.0,220.0,428.0,86.0,131.0,636.0
-27.0,-138.0,-12.0,-86.0,13.0,343.0,487.0,-35.0,185.0,551.0
-14.0,-91.0,-50.0,-65.0,94.0,377.0,347.0,-114.0,186.0,419.0
-24.0,-127.0,-84.0,-24.0,-19.0,202.0,91.0,-88.0,191.0,285.0
-32.0,-195.0,-124.0,-17.0,-75.0,-51.0,-141.0,-77.0,229.0,151.0
6.0,-30.0,-137.0,-35.0,18.0,-56.0,-338.0,1.0,222.0,-2.0
67.0,-309.0,-152.0,48.0,1.0,54.0,-668.0,-110.0,193.0,-117.0
106.0,-247.0,-198.0,144.0,-95.0,75.0,-1045.0,-147.0,163.0,-219.0
113.0,7.0,-191.0,197.0,-114.0,68.0,-1296.0,-157.0,157.0,-300.0
136.0,-271.0,-216.0,238.0,-5.0,271.0,-1274.0,-51.0,143.0,-355.0
177.0,-369.0,-228.0,213.0,-21.0,405.0,-1009.0,20.0,91.0,-385.0
184.0,-441.0,-198.0,163.0,-149.0,388.0,-665.0,-11.0,30.0,-394.0
211.0,-521.0,-206.0,117.0,-164.0,267.0,-405.0,136.0,-16.0,-426.0
213.0,-181.0,-158.0,64.0,-49.0,129.0,-216.0,99.0,-45.0,-435.0
174.0,-52.0,-123.0,60.0,-27.0,125.0,34.0,75.0,-96.0,-426.0
127.0,-454.0,-106.0,104.0,-88.0,7.0,220.0,-1.0,-138.0,-441.0
100.0,-463.0,-86.0,144.0,-53.0,-153.0,246.0,-199.0,-164.0,-437.0
96.0,257.0,-48.0,221.0,10.0,-303.0,135.0,-262.0,-169.0,-434.0
100.0,349.0,-32.0,276.0,108.0,-248.0,53.0,-332.0,-146.0,-434.0
70.0,290.0,-17.0,221.0,78.0,-72.0,17.0,-264.0,-125.0,-398.0
56.0,223.0,37.0,142.0,29.0,56.0,-36.0,-269.0,-121.0,-373.0
52.0,17.0,19.0,96.0,104.0,258.0,-14.0,-123.0,-149.0,-351.0
43.0,149.0,41.0,80.0,83.0,385.0,32.0,16.0,-139.0,-333.0
18.0,-40.0,39.0,81.0,60.0,273.0,45.0,-72.0,-71.0,-295.0
-53.0,-94.0,40.0,88.0,60.0,-2.0,14.0,-29.0,18.0,-240.0
-77.0,-98.0,67.0,137.0,51.0,-121.0,-20.0,-83.0,80.0,-210.0
-74.0,274.0,35.0,158.0,147.0,-8.0,-24.0,66.0,80.0,-186.0
-26.0,362.0,87.0,120.0,128.0,238.0,18.0,101.0,70.0,-160.0
-16.0,-55.0,88.0,110.0,9.0,338.0,107.0,44.0,65.0,-117.0
-26.0,238.0,67.0,100.0,76.0,206.0,192.0,127.0,94.0,-91.0
-36.0,532.0,83.0,74.0,72.0,21.0,265.0,0.0,126.0,-71.0
-36.0,514.0,42.0,75.0,-3.0,-65.0,292.0,-66.0,126.0,-44.0
0.0,523.0,45.0,109.0,-1.0,-30.0,278.0,-144.0,122.0,-28.0
-16.0,223.0,10.0,124.0,-1.0,-35.0,233.0,62.0,127.0,2.0
-10.0,117.0,7.0,125.0,101.0,-140.0,102.0,358.0,166.0,30.0
-8.0,884.0,20.0,154.0,115.0,-273.0,-77.0,539.0,193.0,56.0
22.0,489.0,-22.0,145.0,18.0,-282.0,-246.0,598.0,202.0,59.0
10.0,-247.0,12.0,142.0,-8.0,-107.0,-453.0,323.0,202.0,57.0
-14.0,136.0,18.0,161.0,-33.0,116.0,-733.0,182.0,158.0,91.0
-14.0,45.0,26.0,146.0,-69.0,-4.0,-967.0,-105.0,100.0,115.0
-19.0,-513.0,59.0,128.0,-93.0,-348.0,-966.0,-325.0,52.0,126.0
0.0,-615.0,68.0,177.0,-55.0,-547.0,-754.0,-306.0,38.0,169.0
-17.0,-290.0,58.0,273.0,64.0,-436.0,-545.0,-288.0,23.0,234.0
-27.0,-551.0,53.0,301.0,87.0,-52.0,-444.0,-129.0,-15.0,287.0
-76.0,-486.0,54.0,337.0,1.0,196.0,-336.0,-212.0,-49.0,334.0
-110.0,-79.0,38.0,349.0,68.0,50.0,-77.0,-245.0,-65.0,381.0
-123.0,-500.0,35.0,311.0,122.0,-404.0,239.0,-88.0,-51.0,403.0
-106.0,-349.0,20.0,282.0,88.0,-483.0,442.0,92.0,-45.0,397.0
-93.0,353.0,28.0,158.0,110.0,-150.0,492.0,242.0,-74.0,369.0
-108.0,45.0,0.0,22.0,66.0,-86.0,470.0,140.0,-152.0,329.0
-136.0,-377.0,-1.0,-22.0,74.0,-306.0,440.0,97.0,-214.0,258.0
-171.0,-349.0,17.0,-34.0,118.0,-381.0,402.0,35.0,-182.0,179.0
-129.0,-65.0,-18.0,-31.0,51.0,-183.0,328.0,70.0,-153.0,122.0
-131.0,205.0,0.0,-44.0,30.0,-71.0,205.0,79.0,-125.0,66.0
-158.0,81.0,13.0,-93.0,47.0,-71.0,28.0,-5.0,-67.0,26.0
-177.0,69.0,27.0,-128.0,-5.0,-52.0,-250.0,221.0,-31.0,-3.0
-137.0,113.0,63.0,-181.0,-73.0,-128.0,-560.0,194.0,0.0,-14.0
-113.0,707.0,90.0,-202.0,-178.0,-149.0,-758.0,129.0,36.0,-3.0
-116.0,481.0,105.0,-175.0,-214.0,-155.0,-721.0,107.0,74.0,-12.0
-108.0,316.0,103.0,-154.0,-99.0,-156.0,-519.0,29.0,108.0,-13.0
-138.0,785.0,88.0,-131.0,-91.0,68.0,-307.0,86.0,121.0,23.0
-135.0,-40.0,67.0,-148.0,-141.0,143.0,-182.0,27.0,120.0,29.0
-147.0,361.0,81.0,-129.0,-111.0,124.0,-114.0,155.0,134.0,9.0
-98.0,668.0,92.0,-128.0,-17.0,173.0,67.0,303.0,174.0,4.0
-69.0,-76.0,72.0,-155.0,16.0,6.0,299.0,474.0,197.0,-1.0
-70.0,206.0,73.0,-131.0,-70.0,-155.0,407.0,447.0,195.0,2.0
-82.0,449.0,75.0,-149.0,20.0,-52.0,253.0,190.0,180.0,-7.0
-83.0,319.0,38.0,-193.0,132.0,179.0,19.0,57.0,179.0,10.0
-53.0,-175.0,26.0,-174.0,84.0,139.0,-14.0,-160.0,212.0,64.0
-67.0,-272.0,0.0,-139.0,22.0,-45.0,71.0,-218.0,223.0,117.0
-50.0,49.0,-43.0,-81.0,3.0,-31.0,158.0,-325.0,173.0,195.0
-27.0,-69.0,-72.0,30.0,63.0,-27.0,190.0,-321.0,101.0,275.0
46.0,-109.0,-131.0,117.0,93.0,-178.0,211.0,-171.0,47.0,338.0
78.0,-241.0,-170.0,162.0,6.0,-352.0,242.0,-253.0,9.0,375.0
95.0,-193.0,-158.0,139.0,-68.0,-373.0,283.0,-306.0,-34.0,406.0
124.0,248.0,-145.0,69.0,10.0,-256.0,386.0,-391.0,-82.0,420.0
148.0,-113.0,-150.0,45.0,-21.0,-85.0,570.0,-339.0,-150.0,359.0
170.0,-698.0,-127.0,48.0,-103.0,9.0,756.0,-254.0,-198.0,279.0
150.0,-347.0,-89.0,36.0,-36.0,-159.0,773.0,-162.0,-201.0,200.0
135.0,-275.0,-52.0,12.0,-2.0,-261.0,567.0,97.0,-193.0,86.0
70.0,-684.0,-44.0,-51.0,51.0,-250.0,282.0,160.0,-162.0,-49.0
42.0,-322.0,-32.0,-127.0,65.0,-297.0,110.0,186.0,-129.0,-196.0
17.0,-19.0,5.0,-183.0,20.0,-148.0,20.0,131.0,-92.0,-310.0
22.0,52.0,19.0,-194.0,81.0,-3.0,-110.0,101.0,-40.0,-411.0
30.0,570.0,29.0,-167.0,141.0,50.0,-317.0,147.0,13.0,-490.0
31.0,155.0,58.0,-144.0,61.0,-48.0,-497.0,14.0,72.0,-535.0
30.0,-284.0,60.0,-141.0,-2.0,-326.0,-579.0,-72.0,118.0,-573.0
-6.0,583.0,48.0,-153.0,74.0,-571.0,-640.0,-388.0,104.0,-584.0
1.0,669.0,83.0,-139.0,151.0,-709.0,-696.0,-602.0,79.0,-565.0
-33.0,195.0,76.0,-128.0,85.0,-590.0,-709.0,-567.0,93.0,-520.0
-34.0,108.0,88.0,-98.0,41.0,-392.0,-571.0,-526.0,93.0,-468.0
-47.0,-95.0,97.0,-40.0,80.0,-317.0,-316.0,-363.0,69.0,-389.0
-55.0,75.0,76.0,57.0,-16.0,-316.0,-69.0,-199.0,20.0,-271.0
-16.0,-29.0,108.0,179.0,-79.0,-217.0,132.0,75.0,12.0,-139.0
9.0,-242.0,107.0,247.0,-76.0,-166.0,322.0,99.0,49.0,-41.0
59.0,-29.0,133.0,290.0,-127.0,-182.0,520.0,125.0,74.0,43.0
110.0,-168.0,146.0,273.0,-36.0,-248.0,640.0,142.0,105.0,133.0
137.0,-225.0,147.0,199.0,49.0,-428.0,605.0,99.0,101.0,174.0
129.0,256.0,159.0,146.0,-31.0,-390.0,449.0,325.0,101.0,185.0
123.0,147.0,156.0,164.0,-14.0,-388.0,341.0,227.0,122.0,208.0
82.0,-239.0,155.0,159.0,70.0,-431.0,278.0,133.0,143.0,219.0
90.0,228.0,165.0,78.0,9.0,-327.0,167.0,99.0,192.0,195.0
98.0,-159.0,210.0,-21.0,-60.0,-237.0,-54.0,55.0,195.0,175.0
101.0,-773.0,195.0,-111.0,-29.0,-125.0,-277.0,3.0,129.0,169.0
95.0,-198.0,196.0,-131.0,84.0,-116.0,-287.0,-112.0,52.0,162.0
79.0,-80.0,218.0,-124.0,113.0,-252.0,-150.0,-18.0,-12.0,142.0
100.0,-280.0,189.0,-118.0,49.0,-332.0,-1.0,-179.0,-38.0,142.0
59.0,-35.0,167.0,-87.0,98.0,-309.0,123.0,-380.0,-39.0,173.0
54.0,-173.0,135.0,-57.0,153.0,-271.0,285.0,-546.0,-62.0,199.0
66.0,-296.0,115.0,-102.0,114.0,-231.0,509.0,-622.0,-108.0,227.0
98.0,225.0,97.0,-193.0,28.0,-217.0,682.0,-424.0,-149.0,255.0
95.0,479.0,50.0,-229.0,-7.0,-175.0,701.0,-306.0,-167.0,278.0
48.0,500.0,56.0,-228.0,6.0,-58.0,585.0,-81.0,-148.0,280.0
2.0,441.0,72.0,-198.0,-25.0,62.0,426.0,22.0,-117.0,278.0
-25.0,517.0,32.0,-149.0,-63.0,-60.0,225.0,72.0,-117.0,299.0
-11.0,737.0,63.0,-128.0,-27.0,-258.0,1.0,0.0,-97.0,300.0
-15.0,886.0,40.0,-135.0,34.0,-220.0,-138.0,-290.0,-58.0,280.0
45.0,154.0,0.0,-116.0,-5.0,-212.0,-117.0,-286.0,-45.0,279.0
101.0,-463.0,41.0,-59.0,-43.0,-217.0,4.0,-288.0,-32.0,283.0
131.0,60.0,-15.0,10.0,-119.0,-194.0,36.0,-218.0,-10.0,280.0
125.0,-596.0,-16.0,56.0,-111.0,-184.0,-87.0,-182.0,45.0,298.0
96.0,-721.0,-3.0,80.0,66.0,-216.0,-247.0,-194.0,120.0,331.0
98.0,-245.0,-41.0,102.0,24.0,-315.0,-285.0,-20.0,154.0,363.0
85.0,-157.0,-47.0,89.0,-30.0,-195.0,-171.0,-7.0,160.0,370.0
58.0,245.0,-60.0,103.0,48.0,106.0,-72.0,120.0,150.0,350.0
55.0,105.0,-79.0,113.0,112.0,154.0,-49.0,190.0,123.0,336.0
78.0,102.0,-78.0,86.0,88.0,-85.0,3.0,249.0,124.0,304.0
82.0,199.0,-95.0,79.0,-58.0,-174.0,172.0,232.0,162.0,244.0
96.0,501.0,-104.0,58.0,-40.0,-157.0,358.0,-48.0,186.0,159.0
87.0,242.0,-70.0,28.0,65.0,-263.0,391.0,-79.0,194.0,90.0
128.0,-200.0,-133.0,68.0,17.0,-335.0,335.0,-48.0,205.0,25.0
178.0,313.0,-117.0,124.0,-38.0,-247.0,277.0,110.0,226.0,-46.0
213.0,441.0,-93.0,114.0,-39.0,-168.0,174.0,223.0,243.0,-87.0
261.0,191.0,-122.0,95.0,2.0,-190.0,-31.0,203.0,225.0,-133.0
289.0,284.0,-86.0,41.0,80.0,-101.0,-252.0,86.0,151.0,-164.0
316.0,-12.0,-73.0,3.0,-73.0,49.0,-330.0,-203.0,57.0,-167.0
281.0,115.0,-82.0,-9.0,-180.0,89.0,-250.0,-319.0,-15.0,-149.0
243.0,547.0,-90.0,-11.0,-33.0,-62.0,-132.0,-509.0,-49.0,-118.0
213.0,-141.0,-33.0,2.0,5.0,-262.0,-76.0,-452.0,-69.0,-107.0
222.0,-215.0,-85.0,-62.0,-21.0,-298.0,-35.0,-249.0,-123.0,-67.0
245.0,451.0,-62.0,-153.0,-88.0,-413.0,48.0,-118.0,-184.0,-22.0
268.0,425.0,-10.0,-193.0,-43.0,-550.0,193.0,147.0,-238.0,-13.0
283.0,-87.0,-21.0,-171.0,87.0,-438.0,272.0,253.0,-267.0,-14.0
281.0,386.0,54.0,-147.0,24.0,-231.0,210.0,380.0,-245.0,-5.0
293.0,633.0,38.0,-125.0,-59.0,-314.0,146.0,314.0,-237.0,10.0
251.0,-106.0,59.0,-71.0,8.0,-633.0,91.0,92.0,-258.0,4.0
225.0,112.0,48.0,22.0,85.0,-661.0,-27.0,-121.0,-243.0,-5.0
205.0,-15.0,55.0,128.0,93.0,-406.0,-204.0,-284.0,-177.0,5.0
202.0,-417.0,72.0,203.0,23.0,-144.0,-307.0,-192.0,-92.0,15.0
194.0,-287.0,63.0,221.0,15.0,-85.0,-274.0,-258.0,-41.0,3.0
163.0,-472.0,97.0,176.0,106.0,-162.0,-160.0,-219.0,-29.0,-5.0
136.0,-1069.0,74.0,117.0,19.0,-281.0,-77.0,-90.0,-20.0,-19.0
72.0,-1118.0,64.0,13.0,-60.0,-419.0,-55.0,49.0,-14.0,-43.0
20.0,-633.0,22.0,-76.0,-27.0,-365.0,45.0,206.0,-4.0,-59.0
-49.0,-955.0,60.0,-90.0,16.0,-235.0,193.0,107.0,-16.0,-61.0
-101.0,-755.0,80.0,-80.0,43.0,-39.0,261.0,131.0,-31.0,-26.0
-114.0,-85.0,53.0,-58.0,-22.0,81.0,186.0,-16.0,-43.0,3.0
-95.0,-500.0,87.0,-34.0,-49.0,45.0,-8.0,-149.0,-73.0,38.0
-79.0,-223.0,58.0,-32.0,31.0,-68.0,-133.0,-118.0,-98.0,107.0
-122.0,434.0,48.0,-55.0,50.0,-212.0,-116.0,-151.0,-123.0,165.0
-154.0,32.0,87.0,-113.0,-4.0,-300.0,-145.0,51.0,-151.0,200.0
-225.0,291.0,68.0,-121.0,50.0,-420.0,-291.0,72.0,-171.0,201.0
-289.0,447.0,81.0,-68.0,103.0,-348.0,-487.0,18.0,-169.0,195.0
-335.0,32.0,108.0,-57.0,122.0,-236.0,-620.0,-27.0,-131.0,192.0
-351.0,111.0,57.0,-28.0,66.0,-170.0,-626.0,-116.0,-92.0,152.0
-304.0,146.0,73.0,28.0,-37.0,20.0,-626.0,-210.0,-81.0,103.0
-295.0,-101.0,84.0,26.0,-23.0,116.0,-605.0,-308.0,-76.0,41.0
-284.0,-207.0,51.0,3.0,-36.0,100.0,-511.0,-125.0,-90.0,-22.0
-292.0,209.0,52.0,30.0,-115.0,34.0,-359.0,-42.0,-85.0,-54.0
-301.0,-34.0,50.0,54.0,-99.0,22.0,-291.0,147.0,-44.0,-61.0
-295.0,80.0,45.0,93.0,-37.0,149.0,-369.0,249.0,-10.0,-59.0
-270.0,652.0,63.0,138.0,-45.0,292.0,-434.0,94.0,12.0,-74.0
-238.0,545.0,68.0,144.0,-61.0,227.0,-431.0,145.0,0.0,-53.0
-215.0,746.0,73.0,164.0,-96.0,4.0,-414.0,57.0,-22.0,-26.0
-169.0,358.0,86.0,170.0,-44.0,-77.0,-479.0,20.0,-21.0,-25.0
-164.0,103.0,54.0,214.0,53.0,-23.0,-546.0,-57.0,17.0,-28.0
-153.0,624.0,55.0,264.0,56.0,61.0,-564.0,-201.0,64.0,-9.0
-156.0,449.0,82.0,196.0,31.0,138.0,-579.0,-210.0,96.0,31.0
-126.0,33.0,71.0,72.0,105.0,202.0,-615.0,-221.0,112.0,38.0
-52.0,133.0,30.0,-6.0,180.0,313.0,-663.0,-68.0,109.0,58.0
14.0,77.0,68.0,-55.0,91.0,225.0,-607.0,-72.0,116.0,90.0
56.0,-171.0,70.0,-104.0,14.0,-7.0,-437.0,24.0,103.0,112.0
78.0,-399.0,33.0,-145.0,37.0,-132.0,-226.0,129.0,79.0,102.0
121.0,-694.0,58.0,-159.0,85.0,-100.0,-56.0,14.0,40.0,80.0
149.0,-530.0,15.0,-170.0,35.0,211.0,99.0,16.0,-18.0,71.0
172.0,-466.0,0.0,-176.0,22.0,409.0,261.0,-59.0,-63.0,47.0
168.0,-705.0,24.0,-168.0,62.0,283.0,382.0,1.0,-102.0,47.0
185.0,-553.0,31.0,-183.0,24.0,-3.0,375.0,14.0,-123.0,68.0
184.0,-213.0,30.0,-182.0,2.0,-309.0,198.0,7.0,-153.0,82.0
180.0,-162.0,41.0,-133.0,-49.0,-434.0,-60.0,11.0,-186.0,62.0
153.0,-179.0,15.0,-65.0,-94.0,-414.0,-384.0,-110.0,-203.0,40.0
106.0,-209.0,7.0,0.0,-122.0,-250.0,-670.0,-42.0,-207.0,31.0
82.0,29.0,0.0,85.0,-136.0,66.0,-911.0,-107.0,-212.0,-19.0
67.0,800.0,-51.0,147.0,-106.0,325.0,-1107.0,-145.0,-218.0,-102.0
74.0,758.0,-52.0,127.0,-57.0,390.0,-1228.0,-205.0,-200.0,-164.0
44.0,544.0,-110.0,85.0,11.0,302.0,-1299.0,-212.0,-169.0,-198.0
74.0,1074.0,-128.0,118.0,65.0,90.0,-1281.0,-83.0,-115.0,-263.0
95.0,819.0,-119.0,141.0,47.0,-71.0,-1229.0,-240.0,-50.0,-314.0
89.0,223.0,-174.0,87.0,-27.0,-108.0,-1037.0,-310.0,-1.0,-326.0
49.0,28.0,-195.0,103.0,-26.0,-8.0,-660.0,-339.0,52.0,-312.0
7.0,-305.0,-197.0,173.0,10.0,115.0,-269.0,-129.0,125.0,-288.0
12.0,-422.0,-250.0,171.0,-9.0,107.0,42.0,168.0,182.0,-254.0
10.0,-306.0,-281.0,103.0,-21.0,117.0,237.0,330.0,201.0,-186.0
36.0,-349.0,-265.0,96.0,-32.0,150.0,309.0,598.0,224.0,-134.0
33.0,-451.0,-292.0,115.0,-12.0,139.0,303.0,556.0,232.0,-79.0
54.0,-149.0,-253.0,56.0,51.0,12.0,253.0,445.0,232.0,-10.0
66.0,22.0,-258.0,-22.0,-17.0,-95.0,179.0,332.0,225.0,16.0
71.0,-272.0,-259.0,-61.0,-68.0,-88.0,118.0,277.0,195.0,0.0
57.0,-158.0,-209.0,-84.0,16.0,-68.0,54.0,153.0,177.0,-13.0
22.0,205.0,-240.0,-114.0,16.0,0.0,-58.0,-131.0,149.0,-23.0
-6.0,286.0,-202.0,-72.0,-6.0,89.0,-225.0,-147.0,137.0,-72.0
-54.0,145.0,-192.0,6.0,6.0,104.0,-355.0,-214.0,114.0,-119.0
-71.0,291.0,-214.0,62.0,60.0,-25.0,-425.0,-12.0,57.0,-124.0
-65.0,228.0,-186.0,103.0,133.0,-153.0,-457.0,201.0,11.0,-122.0
-45.0,-92.0,-147.0,64.0,93.0,-140.0,-475.0,116.0,-41.0,-109.0
-33.0,156.0,-124.0,-27.0,14.0,-26.0,-503.0,216.0,-75.0,-104.0
-20.0,89.0,-97.0,-78.0,8.0,59.0,-504.0,308.0,-96.0,-105.0
-32.0,-346.0,-41.0,-136.0,89.0,154.0,-417.0,450.0,-123.0,-107.0
-1.0,-152.0,-48.0,-189.0,82.0,186.0,-270.0,297.0,-141.0,-122.0
27.0,43.0,-17.0,-194.0,-62.0,98.0,-209.0,-3.0,-176.0,-101.0
43.0,-360.0,-8.0,-154.0,-50.0,37.0,-197.0,-110.0,-195.0,-66.0
60.0,-344.0,14.0,-151.0,50.0,-83.0,-166.0,-216.0,-201.0,-60.0
55.0,-282.0,28.0,-259.0,35.0,-113.0,-161.0,-134.0,-211.0,-57.0
85.0,-414.0,1.0,-349.0,-24.0,1.0,-243.0,-107.0,-221.0,-25.0
82.0,-153.0,44.0,-387.0,-52.0,163.0,-378.0,1.0,-217.0,2.0
105.0,-152.0,23.0,-415.0,20.0,298.0,-475.0,-12.0,-187.0,8.0
121.0,126.0,54.0,-380.0,-9.0,269.0,-539.0,-223.0,-173.0,22.0
126.0,491.0,78.0,-276.0,-147.0,219.0,-639.0,-230.0,-162.0,24.0
107.0,514.0,68.0,-221.0,-116.0,218.0,-777.0,-267.0,-135.0,17.0
98.0,360.0,111.0,-249.0,-14.0,137.0,-802.0,-142.0,-84.0,3.0
97.0,-68.0,135.0,-269.0,-7.0,48.0,-666.0,-29.0,-50.0,6.0
96.0,-224.0,130.0,-241.0,-98.0,256.0,-409.0,144.0,-73.0,-3.0
156.0,-473.0,117.0,-205.0,-120.0,490.0,-212.0,371.0,-107.0,-36.0
187.0,-490.0,121.0,-164.0,-7.0,494.0,-180.0,356.0,-121.0,-55.0
218.0,-439.0,94.0,-84.0,78.0,401.0,-236.0,367.0,-115.0,-104.0
226.0,-594.0,107.0,-41.0,2.0,246.0,-302.0,290.0,-131.0,-163.0
257.0,-16.0,94.0,-48.0,-109.0,302.0,-314.0,267.0,-167.0,-213.0
276.0,366.0,94.0,-6.0,-35.0,449.0,-394.0,107.0,-178.0,-273.0
288.0,281.0,125.0,36.0,29.0,558.0,-490.0,-131.0,-159.0,-324.0
278.0,519.0,114.0,3.0,-50.0,651.0,-481.0,-151.0,-133.0,-360.0
265.0,722.0,119.0,16.0,-65.0,607.0,-331.0,-75.0,-140.0,-381.0
309.0,680.0,109.0,64.0,29.0,459.0,-141.0,197.0,-146.0,-378.0
334.0,500.0,128.0,65.0,95.0,258.0,-52.0,116.0,-125.0,-359.0
355.0,483.0,122.0,76.0,43.0,267.0,28.0,-16.0,-70.0,-319.0
303.0,476.0,106.0,106.0,18.0,399.0,168.0,18.0,14.0,-258.0
261.0,331.0,105.0,148.0,108.0,470.0,378.0,-22.0,80.0,-196.0
205.0,359.0,95.0,188.0,128.0,425.0,515.0,107.0,122.0,-143.0
172.0,132.0,112.0,207.0,84.0,317.0,511.0,134.0,121.0,-90.0
156.0,80.0,95.0,180.0,74.0,244.0,520.0,325.0,114.0,-55.0
114.0,-45.0,65.0,111.0,111.0,50.0,580.0,430.0,138.0,-54.0
94.0,-313.0,38.0,61.0,172.0,-29.0,560.0,284.0,150.0,-54.0
48.0,-123.0,39.0,88.0,89.0,57.0,415.0,205.0,161.0,-36.0
33.0,-481.0,33.0,164.0,-3.0,184.0,282.0,206.0,163.0,-24.0
8.0,-688.0,9.0,216.0,11.0,229.0,262.0,428.0,154.0,-13.0
14.0,-447.0,11.0,175.0,2.0,134.0,276.0,254.0,140.0,18.0
23.0,-345.0,0.0,93.0,-32.0,77.0,171.0,-53.0,103.0,74.0
25.0,-536.0,-6.0,41.0,-67.0,-54.0,-18.0,-197.0,60.0,139.0
20.0,-699.0,2.0,-33.0,-4.0,-140.0,-225.0,-282.0,33.0,171.0
11.0,-228.0,0.0,-58.0,91.0,-64.0,-392.0,-291.0,8.0,189.0
14.0,-346.0,-6.0,-94.0,98.0,143.0,-541.0,-447.0,-29.0,221.0
36.0,-595.0,35.0,-170.0,66.0,348.0,-721.0,-323.0,-85.0,221.0
44.0,-196.0,52.0,-155.0,44.0,272.0,-839.0,-181.0,-138.0,196.0
43.0,-201.0,23.0,-121.0,81.0,153.0,-901.0,-7.0,-199.0,188.0
57.0,-221.0,53.0,-81.0,94.0,203.0,-905.0,110.0,-303.0,174.0
20.0,58.0,73.0,-38.0,-24.0,233.0,-859.0,-59.0,-380.0,132.0
27.0,117.0,102.0,6.0,-86.0,179.0,-766.0,1.0,-439.0,106.0
20.0,268.0,107.0,53.0,47.0,208.0,-657.0,-29.0,-481.0,112.0
27.0,459.0,65.0,33.0,83.0,331.0,-571.0,-144.0,-479.0,104.0
9.0,577.0,70.0,-31.0,-19.0,427.0,-437.0,-321.0,-473.0,103.0
-16.0,344.0,42.0,-63.0,-40.0,394.0,-255.0,-380.0,-458.0,145.0
-6.0,65.0,9.0,-62.0,-27.0,293.0,-7.0,-206.0,-454.0,176.0
-22.0,560.0,-19.0,-118.0,-28.0,271.0,356.0,-127.0,-434.0,179.0
-19.0,397.0,-35.0,-165.0,-21.0,153.0,758.0,84.0,-396.0,168.0
-68.0,-126.0,-28.0,-193.0,-103.0,70.0,1045.0,168.0,-360.0,156.0
-95.0,119.0,-14.0,-236.0,-138.0,228.0,1209.0,277.0,-308.0,148.0
-105.0,-138.0,18.0,-314.0,-18.0,380.0,1267.0,367.0,-259.0,134.0
-97.0,-528.0,-17.0,-397.0,-115.0,405.0,1226.0,166.0,-213.0,113.0
-77.0,-452.0,-14.0,-365.0,-254.0,363.0,1096.0,3.0,-164.0,84.0
-64.0,-377.0,-6.0,-346.0,-136.0,294.0,906.0,-186.0,-113.0,62.0
-73.0,-112.0,-31.0,-355.0,-59.0,143.0,736.0,-201.0,-48.0,24.0
-112.0,262.0,6.0,-280.0,-35.0,112.0,595.0,-123.0,13.0,-8.0
-98.0,472.0,10.0,-179.0,-41.0,308.0,502.0,-55.0,36.0,-34.0
-75.0,569.0,9.0,-68.0,9.0,396.0,439.0,-35.0,59.0,-89.0
-29.0,802.0,39.0,19.0,113.0,261.0,404.0,-155.0,99.0,-123.0
12.0,654.0,28.0,63.0,89.0,129.0,408.0,-168.0,139.0,-121.0
50.0,18.0,20.0,81.0,15.0,85.0,411.0,-253.0,167.0,-127.0
70.0,-116.0,22.0,35.0,4.0,56.0,349.0,-131.0,183.0,-168.0
59.0,-192.0,6.0,60.0,61.0,63.0,207.0,42.0,223.0,-176.0
51.0,-392.0,3.0,121.0,60.0,71.0,33.0,-18.0,259.0,-156.0
44.0,-273.0,-8.0,77.0,21.0,154.0,-191.0,75.0,276.0,-145.0
46.0,-279.0,-3.0,152.0,-24.0,204.0,-435.0,35.0,322.0,-130.0
64.0,-177.0,10.0,243.0,12.0,117.0,-679.0,3.0,361.0,-118.0
93.0,-56.0,15.0,263.0,133.0,104.0,-797.0,-40.0,369.0,-83.0
120.0,-281.0,18.0,276.0,56.0,125.0,-695.0,-105.0,384.0,-56.0
134.0,-387.0,26.0,199.0,-107.0,79.0,-498.0,-79.0,373.0,-15.0
134.0,-319.0,78.0,72.0,-59.0,-57.0,-338.0,-188.0,352.0,23.0
132.0,-263.0,121.0,-51.0,24.0,-168.0,-241.0,-164.0,333.0,63.0
84.0,-195.0,159.0,-97.0,-111.0,-125.0,-81.0,-367.0,312.0,127.0
42.0,-67.0,193.0,-79.0,-164.0,-32.0,172.0,-491.0,302.0,173.0
26.0,-35.0,257.0,0.0,-25.0,-16.0,412.0,-386.0,254.0,236.0
2.0,-156.0,303.0,127.0,8.0,-22.0,584.0,-334.0,206.0,277.0
6.0,-72.0,329.0,148.0,-79.0,-4.0,683.0,-162.0,169.0,295.0
20.0,-46.0,395.0,55.0,-114.0,-35.0,755.0,-120.0,138.0,304.0
28.0,4.0,377.0,-48.0,-35.0,-111.0,853.0,49.0,94.0,271.0
30.0,191.0,380.0,-226.0,27.0,-166.0,927.0,40.0,14.0,224.0
36.0,17.0,406.0,-353.0,-18.0,-95.0,919.0,-66.0,-32.0,140.0
47.0,59.0,365.0,-366.0,-102.0,-29.0,869.0,-83.0,-71.0,52.0
52.0,282.0,356.0,-318.0,-37.0,-113.0,804.0,-260.0,-115.0,-14.0
54.0,269.0,336.0,-230.0,48.0,-219.0,693.0,-275.0,-116.0,-101.0
64.0,293.0,309.0,-174.0,-25.0,-279.0,507.0,-391.0,-79.0,-185.0
50.0,153.0,268.0,-105.0,-46.0,-275.0,268.0,-421.0,-54.0,-239.0
16.0,41.0,202.0,-65.0,-41.0,-152.0,83.0,-467.0,-41.0,-269.0
-1.0,16.0,147.0,6.0,-71.0,26.0,74.0,-461.0,-56.0,-291.0
2.0,-102.0,76.0,27.0,1.0,231.0,119.0,-147.0,-97.0,-291.0
21.0,-268.0,23.0,1.0,-12.0,314.0,123.0,3.0,-103.0,-288.0
15.0,-230.0,-33.0,-20.0,-49.0,176.0,177.0,142.0,-115.0,-303.0
-17.0,127.0,-76.0,-52.0,70.0,41.0,297.0,107.0,-140.0,-310.0
-80.0,72.0,-109.0,0.0,87.0,-10.0,405.0,11.0,-159.0,-315.0
-119.0,-20.0,-159.0,10.0,24.0,45.0,392.0,-175.0,-161.0,-328.0
-157.0,258.0,-177.0,-48.0,31.0,129.0,301.0,-439.0,-158.0,-344.0
-205.0,266.0,-217.0,-64.0,95.0,157.0,197.0,-330.0,-170.0,-354.0
-220.0,175.0,-233.0,-35.0,182.0,153.0,98.0,-182.0,-160.0,-347.0
-212.0,184.0,-243.0,-27.0,105.0,23.0,22.0,5.0,-139.0,-335.0
-186.0,255.0,-287.0,38.0,19.0,-73.0,-35.0,96.0,-127.0,-315.0
-170.0,257.0,-296.0,67.0,95.0,-75.0,-40.0,125.0,-126.0,-259.0
-146.0,67.0,-352.0,32.0,28.0,-54.0,0.0,112.0,-132.0,-210.0
-135.0,95.0,-385.0,43.0,-92.0,22.0,79.0,-72.0,-141.0,-183.0
-151.0,-4.0,-343.0,48.0,-97.0,107.0,170.0,-7.0,-151.0,-162.0
-185.0,-271.0,-380.0,77.0,-101.0,182.0,301.0,36.0,-142.0,-155.0
-213.0,-264.0,-394.0,97.0,-59.0,139.0,490.0,134.0,-111.0,-160.0
-212.0,-314.0,-346.0,91.0,-83.0,80.0,619.0,120.0,-74.0,-201.0
-196.0,-77.0,-350.0,104.0,-63.0,101.0,621.0,-195.0,-21.0,-236.0
-161.0,154.0,-299.0,159.0,41.0,-36.0,531.0,-327.0,42.0,-268.0
-139.0,123.0,-254.0,169.0,34.0,-166.0,407.0,-424.0,92.0,-314.0
-116.0,85.0,-248.0,153.0,-1.0,-78.0,282.0,-306.0,119.0,-345.0
-127.0,-87.0,-194.0,162.0,-40.0,137.0,120.0,-230.0,116.0,-356.0
-154.0,108.0,-154.0,172.0,-21.0,273.0,-93.0,-253.0,103.0,-368.0
-172.0,182.0,-138.0,204.0,66.0,273.0,-234.0,-129.0,93.0,-389.0
-185.0,114.0,-97.0,204.0,57.0,365.0,-288.0,-129.0,78.0,-360.0
-172.0,142.0,-42.0,200.0,-48.0,447.0,-288.0,-96.0,36.0,-313.0
-142.0,-74.0,-47.0,112.0,9.0,419.0,-241.0,-177.0,-29.0,-260.0
-83.0,-68.0,0.0,-57.0,128.0,363.0,-148.0,-79.0,-72.0,-192.0
-46.0,-261.0,-1.0,-181.0,44.0,365.0,18.0,181.0,-112.0,-125.0
-24.0,-362.0,-27.0,-372.0,-56.0,367.0,203.0,295.0,-160.0,-36.0
-14.0,-241.0,16.0,-557.0,-76.0,217.0,338.0,262.0,-201.0,34.0
-1.0,-460.0,-38.0,-611.0,6.0,68.0,361.0,-92.0,-248.0,118.0
24.0,-249.0,-25.0,-638.0,25.0,-2.0,396.0,-221.0,-282.0,216.0
14.0,-133.0,-26.0,-640.0,-54.0,-68.0,500.0,-286.0,-296.0,265.0
15.0,-81.0,-36.0,-645.0,84.0,-145.0,582.0,-321.0,-292.0,294.0
37.0,87.0,-6.0,-597.0,201.0,-80.0,623.0,-188.0,-262.0,299.0
69.0,-132.0,-51.0,-434.0,154.0,49.0,603.0,-184.0,-215.0,292.0
84.0,8.0,-44.0,-310.0,59.0,167.0,540.0,-121.0,-179.0,247.0
62.0,-35.0,-73.0,-218.0,-21.0,296.0,458.0,-147.0,-155.0,151.0
78.0,-248.0,-82.0,-167.0,46.0,196.0,402.0,-73.0,-154.0,93.0
98.0,-123.0,-71.0,-106.0,42.0,104.0,282.0,70.0,-179.0,27.0
74.0,-55.0,-58.0,-40.0,-64.0,84.0,118.0,291.0,-151.0,-21.0
43.0,-128.0,-20.0,-62.0,-64.0,81.0,-12.0,545.0,-89.0,-26.0
0.0,-54.0,-21.0,-21.0,28.0,90.0,-150.0,393.0,-39.0,-17.0
-11.0,456.0,29.0,17.0,112.0,19.0,-308.0,208.0,-12.0,36.0
-17.0,592.0,30.0,6.0,33.0,20.0,-484.0,-109.0,-13.0,101.0
-18.0,663.0,69.0,57.0,-158.0,-29.0,-561.0,-358.0,5.0,197.0
-19.0,712.0,101.0,145.0,-135.0,-43.0,-512.0,-373.0,51.0,274.0
-47.0,218.0,108.0,183.0,6.0,-15.0,-495.0,-356.0,97.0,315.0
-63.0,33.0,155.0,195.0,-36.0,-37.0,-610.0,-83.0,94.0,355.0
-96.0,220.0,108.0,215.0,-72.0,1.0,-734.0,35.0,59.0,401.0
-101.0,104.0,112.0,186.0,49.0,-6.0,-691.0,109.0,46.0,423.0
-107.0,-475.0,85.0,191.0,199.0,-4.0,-464.0,145.0,86.0,385.0
-110.0,-797.0,68.0,142.0,93.0,-10.0,-171.0,79.0,154.0,362.0
-99.0,-824.0,71.0,131.0,-105.0,-78.0,79.0,25.0,208.0,336.0
-105.0,-775.0,25.0,221.0,14.0,-95.0,341.0,-70.0,221.0,270.0
-106.0,-726.0,31.0,285.0,116.0,-16.0,660.0,81.0,198.0,212.0
-150.0,-536.0,18.0,320.0,-44.0,107.0,899.0,112.0,167.0,175.0
-190.0,-137.0,36.0,236.0,-130.0,250.0,967.0,101.0,138.0,142.0
-231.0,-349.0,3.0,184.0,-35.0,232.0,936.0,-81.0,152.0,122.0
-243.0,-339.0,-18.0,123.0,91.0,36.0,799.0,-413.0,165.0,128.0
-246.0,112.0,-20.0,20.0,121.0,-56.0,597.0,-424.0,147.0,150.0
-253.0,164.0,-85.0,-38.0,-24.0,0.0,296.0,-478.0,104.0,145.0
-218.0,182.0,-102.0,-62.0,-109.0,124.0,-60.0,-384.0,43.0,134.0
-224.0,253.0,-153.0,-48.0,16.0,0.0,-300.0,-229.0,-1.0,167.0
-208.0,86.0,-220.0,-73.0,23.0,-182.0,-444.0,-125.0,-51.0,168.0
-171.0,-77.0,-216.0,-83.0,-152.0,-141.0,-534.0,-57.0,-74.0,136.0
-151.0,196.0,-245.0,-75.0,-144.0,-104.0,-638.0,-12.0,-98.0,101.0
-148.0,269.0,-293.0,-41.0,48.0,-48.0,-687.0,249.0,-131.0,91.0
-174.0,44.0,-279.0,-63.0,37.0,-31.0,-603.0,395.0,-135.0,100.0
-198.0,273.0,-318.0,-129.0,-117.0,-43.0,-430.0,489.0,-131.0,83.0
-204.0,336.0,-336.0,-174.0,-107.0,-73.0,-285.0,365.0,-118.0,80.0
-180.0,83.0,-288.0,-223.0,32.0,-156.0,-209.0,79.0,-105.0,82.0
-153.0,210.0,-275.0,-164.0,150.0,-180.0,-112.0,0.0,-109.0,85.0
-90.0,284.0,-229.0,-68.0,2.0,-145.0,0.0,-110.0,-100.0,79.0
-44.0,372.0,-174.0,-1.0,-138.0,-92.0,139.0,-31.0,-58.0,71.0
-26.0,584.0,-143.0,106.0,69.0,-25.0,199.0,11.0,-39.0,53.0
-39.0,514.0,-87.0,112.0,114.0,9.0,198.0,81.0,-37.0,4.0
-78.0,492.0,-55.0,81.0,-9.0,-97.0,210.0,225.0,-17.0,-27.0
-77.0,469.0,-43.0,104.0,1.0,-279.0,181.0,72.0,20.0,-58.0
-64.0,429.0,23.0,131.0,26.0,-354.0,109.0,105.0,65.0,-110.0
-41.0,164.0,38.0,257.0,107.0,-219.0,18.0,145.0,85.0,-183.0
-16.0,-185.0,55.0,377.0,85.0,-135.0,36.0,227.0,104.0,-243.0
12.0,-97.0,94.0,408.0,-93.0,-341.0,123.0,286.0,129.0,-269.0
24.0,-138.0,63.0,329.0,-10.0,-496.0,161.0,155.0,173.0,-305.0
17.0,-162.0,63.0,202.0,180.0,-429.0,121.0,147.0,232.0,-312.0
-19.0,-122.0,72.0,138.0,121.0,-387.0,12.0,125.0,279.0,-294.0
-69.0,-186.0,46.0,113.0,59.0,-367.0,-17.0,169.0,322.0,-261.0
-91.0,-52.0,11.0,127.0,119.0,-294.0,85.0,9.0,349.0,-213.0
-88.0,-129.0,0.0,136.0,220.0,-187.0,183.0,-96.0,364.0,-179.0
-73.0,-157.0,-41.0,22.0,222.0,-138.0,219.0,-9.0,380.0,-139.0
-65.0,-111.0,-56.0,-115.0,98.0,-250.0,207.0,33.0,400.0,-102.0
-43.0,-113.0,-52.0,-138.0,71.0,-308.0,188.0,169.0,399.0,-71.0
-57.0,-46.0,-88.0,-176.0,190.0,-187.0,227.0,136.0,393.0,-46.0
-68.0,-224.0,-76.0,-185.0,201.0,37.0,269.0,260.0,389.0,-28.0
-93.0,-160.0,-88.0,-156.0,-5.0,219.0,296.0,408.0,346.0,-25.0
-117.0,-78.0,-97.0,-163.0,-35.0,204.0,376.0,317.0,295.0,-26.0
-133.0,-73.0,-77.0,-227.0,102.0,-76.0,543.0,240.0,242.0,4.0
-145.0,-207.0,-47.0,-293.0,47.0,-458.0,629.0,99.0,207.0,16.0
-119.0,-615.0,-34.0,-286.0,-99.0,-499.0,459.0,24.0,158.0,3.0
-111.0,-600.0,-21.0,-294.0,-105.0,-213.0,147.0,-29.0,89.0,18.0
-64.0,-516.0,30.0,-270.0,-62.0,-12.0,-103.0,75.0,41.0,62.0
-15.0,-278.0,23.0,-275.0,-24.0,43.0,-241.0,160.0,-5.0,93.0
12.0,-20.0,40.0,-327.0,-77.0,84.0,-397.0,144.0,-61.0,99.0
10.0,47.0,57.0,-258.0,-297.0,31.0,-562.0,365.0,-136.0,112.0
-9.0,390.0,36.0,-192.0,-133.0,-67.0,-587.0,448.0,-183.0,137.0
-40.0,575.0,40.0,-131.0,128.0,-73.0,-456.0,441.0,-202.0,154.0
-46.0,480.0,23.0,3.0,-95.0,-102.0,-290.0,345.0,-237.0,155.0
-18.0,488.0,7.0,77.0,-156.0,-246.0,-123.0,190.0,-262.0,144.0
-1.0,581.0,6.0,121.0,4.0,-434.0,86.0,166.0,-258.0,116.0
0.0,492.0,12.0,213.0,15.0,-488.0,386.0,123.0,-249.0,92.0
-36.0,189.0,-15.0,316.0,20.0,-368.0,761.0,258.0,-254.0,73.0
-47.0,181.0,-60.0,328.0,-122.0,-193.0,1012.0,301.0,-277.0,53.0
-71.0,312.0,-116.0,362.0,-110.0,-87.0,1089.0,279.0,-292.0,45.0
-94.0,28.0,-179.0,406.0,193.0,-125.0,1047.0,162.0,-269.0,57.0
-110.0,103.0,-216.0,319.0,150.0,-146.0,939.0,51.0,-222.0,86.0
-130.0,106.0,-250.0,207.0,-51.0,-188.0,723.0,125.0,-167.0,132.0
-143.0,-99.0,-286.0,95.0,-16.0,-308.0,414.0,-27.0,-133.0,159.0
-133.0,-163.0,-320.0,38.0,178.0,-327.0,165.0,-5.0,-115.0,153.0
-100.0,-171.0,-343.0,78.0,183.0,-334.0,31.0,29.0,-67.0,162.0
-112.0,135.0,-371.0,159.0,-31.0,-280.0,-35.0,149.0,-13.0,162.0
-139.0,-127.0,-408.0,193.0,-24.0,-166.0,-158.0,415.0,40.0,124.0
-208.0,52.0,-385.0,179.0,142.0,-74.0,-233.0,417.0,112.0,67.0
-269.0,173.0,-364.0,187.0,175.0,-21.0,-224.0,484.0,173.0,14.0
-306.0,-43.0,-356.0,197.0,-23.0,-109.0,-154.0,303.0,220.0,-56.0
-310.0,193.0,-313.0,207.0,-129.0,-131.0,-73.0,9.0,246.0,-125.0
-277.0,-116.0,-274.0,237.0,59.0,-52.0,-79.0,-219.0,281.0,-170.0
-234.0,-42.0,-245.0,278.0,131.0,-48.0,-67.0,-293.0,302.0,-229.0
-204.0,152.0,-211.0,290.0,-122.0,-189.0,-18.0,-118.0,292.0,-270.0
-202.0,282.0,-140.0,235.0,-182.0,-340.0,86.0,18.0,271.0,-258.0
-218.0,302.0,-87.0,92.0,89.0,-335.0,183.0,397.0,221.0,-213.0
-223.0,-121.0,-31.0,-72.0,157.0,-347.0,250.0,569.0,159.0,-172.0
-183.0,-19.0,38.0,-165.0,23.0,-342.0,373.0,502.0,102.0,-140.0
-166.0,-2.0,75.0,-183.0,-68.0,-193.0,493.0,450.0,72.0,-76.0
-115.0,-397.0,115.0,-130.0,68.0,-62.0,582.0,303.0,38.0,10.0
-43.0,-334.0,161.0,-94.0,241.0,-83.0,598.0,293.0,-3.0,95.0
28.0,-60.0,207.0,-57.0,99.0,-208.0,599.0,120.0,-33.0,154.0
54.0,26.0,234.0,65.0,-92.0,-264.0,613.0,20.0,-40.0,224.0
51.0,103.0,290.0,128.0,-37.0,-230.0,601.0,12.0,-1.0,317.0
88.0,77.0,324.0,140.0,109.0,-217.0,559.0,-105.0,20.0,364.0
111.0,183.0,327.0,111.0,4.0,-302.0,490.0,-112.0,11.0,392.0
138.0,247.0,329.0,49.0,-188.0,-431.0,501.0,-155.0,-5.0,414.0
157.0,195.0,297.0,5.0,-93.0,-366.0,593.0,-25.0,0.0,412.0
185.0,113.0,278.0,4.0,102.0,-216.0,686.0,55.0,52.0,396.0
214.0,301.0,271.0,72.0,40.0,-100.0,760.0,175.0,106.0,399.0
230.0,585.0,246.0,109.0,-180.0,-41.0,789.0,286.0,147.0,399.0
221.0,436.0,216.0,135.0,-174.0,-129.0,710.0,169.0,162.0,352.0
215.0,376.0,179.0,166.0,92.0,-182.0,548.0,349.0,161.0,314.0
213.0,110.0,109.0,206.0,155.0,-126.0,337.0,441.0,176.0,285.0
157.0,-95.0,55.0,212.0,-108.0,-49.0,97.0,469.0,188.0,219.0
104.0,-114.0,-12.0,188.0,-123.0,-89.0,-130.0,461.0,191.0,110.0
89.0,-268.0,-100.0,186.0,87.0,-146.0,-300.0,354.0,203.0,12.0
73.0,-112.0,-116.0,152.0,84.0,-40.0,-369.0,216.0,205.0,-71.0
34.0,75.0,-157.0,135.0,-47.0,97.0,-383.0,-53.0,189.0,-160.0
4.0,59.0,-203.0,141.0,-164.0,138.0,-338.0,-35.0,161.0,-237.0
-22.0,-27.0,-183.0,169.0,12.0,99.0,-250.0,-118.0,122.0,-275.0
-60.0,-101.0,-219.0,186.0,272.0,146.0,-165.0,-216.0,97.0,-272.0
-124.0,-280.0,-198.0,191.0,67.0,230.0,-166.0,-175.0,70.0,-255.0
-179.0,-407.0,-129.0,190.0,-101.0,183.0,-239.0,-186.0,40.0,-201.0
-195.0,-318.0,-131.0,126.0,147.0,41.0,-243.0,-94.0,1.0,-132.0
-204.0,-317.0,-43.0,99.0,277.0,-42.0,-199.0,-81.0,-30.0,-78.0
-242.0,-312.0,-12.0,107.0,82.0,-29.0,-178.0,49.0,-20.0,-38.0
-282.0,51.0,-9.0,58.0,-44.0,30.0,-182.0,179.0,4.0,40.0
-300.0,182.0,77.0,20.0,33.0,160.0,-120.0,297.0,44.0,122.0
-302.0,-40.0,101.0,5.0,130.0,260.0,24.0,256.0,73.0,142.0
-275.0,162.0,140.0,-50.0,76.0,233.0,235.0,-20.0,94.0,166.0
-241.0,349.0,151.0,-109.0,-118.0,84.0,455.0,48.0,134.0,215.0
-201.0,163.0,163.0,-137.0,-58.0,39.0,645.0,-18.0,140.0,261.0
-165.0,60.0,171.0,-123.0,180.0,89.0,805.0,-190.0,115.0,255.0
-147.0,248.0,185.0,-107.0,97.0,39.0,888.0,-216.0,99.0,253.0
-138.0,218.0,177.0,-82.0,-120.0,75.0,889.0,-214.0,99.0,280.0
-102.0,-9.0,157.0,-20.0,-86.0,148.0,821.0,-97.0,112.0,272.0
-60.0,92.0,191.0,-17.0,79.0,110.0,739.0,-236.0,127.0,267.0
-15.0,91.0,164.0,-34.0,65.0,-8.0,582.0,-295.0,145.0,267.0
61.0,-6.0,172.0,-53.0,-99.0,-104.0,317.0,-280.0,193.0,262.0
150.0,-91.0,141.0,-111.0,-98.0,-111.0,14.0,-166.0,224.0,261.0
210.0,-170.0,110.0,-116.0,136.0,-68.0,-172.0,16.0,210.0,268.0
259.0,-29.0,87.0,5.0,178.0,38.0,-194.0,-133.0,214.0,277.0
311.0,139.0,11.0,151.0,-62.0,198.0,-224.0,-101.0,246.0,262.0
318.0,125.0,2.0,241.0,-97.0,332.0,-343.0,49.0,310.0,226.0
316.0,179.0,-30.0,297.0,102.0,279.0,-508.0,225.0,344.0,198.0
315.0,438.0,-68.0,202.0,79.0,120.0,-590.0,173.0,339.0,168.0
334.0,458.0,-96.0,76.0,-193.0,164.0,-588.0,-31.0,312.0,93.0
359.0,263.0,-115.0,45.0,-270.0,306.0,-574.0,44.0,246.0,-3.0
371.0,39.0,-138.0,47.0,-88.0,234.0,-579.0,127.0,194.0,-63.0
379.0,-54.0,-144.0,119.0,51.0,55.0,-523.0,232.0,121.0,-101.0
356.0,-88.0,-125.0,184.0,-53.0,-45.0,-345.0,51.0,30.0,-144.0
305.0,-276.0,-160.0,234.0,-237.0,-21.0,-183.0,-94.0,-3.0,-161.0
223.0,-248.0,-174.0,292.0,-105.0,110.0,-160.0,-53.0,-36.0,-140.0
145.0,-265.0,-175.0,311.0,117.0,259.0,-226.0,-92.0,-100.0,-80.0
86.0,-399.0,-197.0,360.0,-26.0,423.0,-185.0,-42.0,-149.0,-14.0
67.0,-366.0,-203.0,410.0,-169.0,419.0,-34.0,-171.0,-202.0,72.0
79.0,-401.0,-195.0,356.0,87.0,225.0,101.0,-129.0,-249.0,188.0
78.0,-88.0,-201.0,301.0,281.0,141.0,190.0,-173.0,-275.0,268.0
51.0,158.0,-204.0,233.0,126.0,200.0,318.0,-415.0,-277.0,347.0
-6.0,48.0,-203.0,147.0,-20.0,227.0,442.0,-413.0,-242.0,427.0
-88.0,58.0,-206.0,140.0,74.0,218.0,471.0,-277.0,-201.0,460.0
-164.0,166.0,-153.0,162.0,228.0,266.0,408.0,64.0,-158.0,438.0
-235.0,364.0,-130.0,217.0,128.0,208.0,279.0,230.0,-134.0,404.0
-266.0,-11.0,-115.0,262.0,-137.0,70.0,179.0,391.0,-148.0,388.0
-279.0,-164.0,-33.0,254.0,-102.0,139.0,47.0,469.0,-173.0,322.0
-297.0,173.0,-26.0,215.0,137.0,256.0,-105.0,347.0,-144.0,207.0
-284.0,-52.0,17.0,197.0,104.0,237.0,-278.0,279.0,-81.0,115.0
-291.0,-111.0,81.0,173.0,-70.0,215.0,-439.0,16.0,-65.0,33.0
-283.0,86.0,47.0,129.0,-36.0,174.0,-522.0,-20.0,-39.0,-66.0
-306.0,22.0,93.0,145.0,128.0,182.0,-623.0,1.0,-17.0,-161.0
-326.0,55.0,116.0,189.0,105.0,346.0,-735.0,-138.0,-2.0,-216.0
-313.0,118.0,105.0,215.0,-137.0,440.0,-779.0,-230.0,28.0,-228.0
-273.0,-96.0,159.0,187.0,-200.0,302.0,-702.0,-332.0,54.0,-224.0
-199.0,-156.0,171.0,119.0,26.0,190.0,-583.0,-275.0,94.0,-171.0
-162.0,21.0,170.0,10.0,106.0,198.0,-463.0,-303.0,99.0,-75.0
-118.0,-11.0,208.0,-117.0,-93.0,72.0,-412.0,-192.0,75.0,-3.0
-88.0,-240.0,200.0,-224.0,-161.0,-8.0,-424.0,92.0,66.0,74.0
-30.0,-77.0,187.0,-351.0,108.0,34.0,-375.0,219.0,66.0,174.0
8.0,105.0,190.0,-401.0,220.0,7.0,-310.0,315.0,78.0,232.0
32.0,33.0,128.0,-384.0,-17.0,-19.0,-299.0,199.0,113.0,254.0
80.0,165.0,134.0,-355.0,-135.0,-29.0,-355.0,72.0,160.0,269.0
116.0,64.0,115.0,-234.0,-9.0,-8.0,-380.0,-64.0,152.0,257.0
169.0,42.0,70.0,-138.0,136.0,73.0,-306.0,-7.0,94.0,225.0
190.0,-4.0,68.0,-95.0,-18.0,183.0,-141.0,105.0,47.0,177.0
208.0,-112.0,-24.0,-70.0,-200.0,239.0,35.0,-194.0,77.0,116.0
248.0,-22.0,-75.0,-51.0,18.0,313.0,201.0,-258.0,138.0,44.0
300.0,-21.0,-103.0,72.0,230.0,392.0,363.0,-328.0,128.0,-41.0
323.0,71.0,-189.0,215.0,67.0,219.0,472.0,-419.0,64.0,-124.0
321.0,-119.0,-215.0,281.0,-159.0,-13.0,539.0,-354.0,2.0,-173.0
312.0,-135.0,-231.0,302.0,-56.0,-122.0,610.0,-260.0,-20.0,-205.0
306.0,58.0,-262.0,273.0,151.0,-142.0,772.0,-20.0,-18.0,-234.0
275.0,-14.0,-250.0,208.0,50.0,-39.0,968.0,18.0,-40.0,-221.0
241.0,159.0,-254.0,204.0,-179.0,18.0,1051.0,38.0,-103.0,-181.0
241.0,247.0,-265.0,294.0,-83.0,-89.0,897.0,44.0,-175.0,-149.0
235.0,-46.0,-271.0,395.0,150.0,-191.0,588.0,136.0,-197.0,-110.0
229.0,-299.0,-268.0,411.0,111.0,-112.0,247.0,308.0,-164.0,-58.0
208.0,-232.0,-260.0,356.0,-99.0,9.0,-128.0,299.0,-112.0,-29.0
211.0,-72.0,-242.0,235.0,-176.0,45.0,-419.0,258.0,-69.0,-41.0
175.0,-59.0,-251.0,112.0,47.0,26.0,-571.0,158.0,-47.0,-49.0
141.0,153.0,-261.0,44.0,141.0,-18.0,-595.0,116.0,-54.0,-56.0
108.0,205.0,-252.0,-6.0,-126.0,-83.0,-595.0,-49.0,-74.0,-83.0
60.0,69.0,-288.0,-39.0,-232.0,-95.0,-688.0,-90.0,-61.0,-105.0
58.0,297.0,-256.0,-63.0,-15.0,10.0,-801.0,110.0,-2.0,-119.0
37.0,359.0,-239.0,-20.0,175.0,167.0,-775.0,77.0,64.0,-115.0
30.0,343.0,-242.0,24.0,32.0,271.0,-574.0,131.0,105.0,-95.0
1.0,292.0,-199.0,-3.0,-177.0,259.0,-341.0,166.0,131.0,-76.0
2.0,268.0,-206.0,-13.0,26.0,301.0,-220.0,168.0,161.0,-72.0
16.0,255.0,-221.0,24.0,215.0,281.0,-148.0,242.0,170.0,-86.0
-18.0,-10.0,-202.0,33.0,-26.0,194.0,7.0,205.0,173.0,-98.0
-48.0,186.0,-207.0,-63.0,-197.0,197.0,149.0,101.0,186.0,-109.0
-60.0,179.0,-213.0,-141.0,16.0,122.0,216.0,-155.0,196.0,-121.0
-52.0,-71.0,-174.0,-165.0,221.0,71.0,180.0,-131.0,221.0,-168.0
-49.0,-108.0,-165.0,-214.0,86.0,13.0,118.0,-75.0,274.0,-232.0
-62.0,-223.0,-158.0,-196.0,-134.0,-32.0,142.0,-25.0,320.0,-262.0
-80.0,-107.0,-138.0,-127.0,-68.0,21.0,180.0,249.0,336.0,-268.0
-94.0,-178.0,-149.0,-91.0,166.0,145.0,191.0,295.0,335.0,-297.0
-115.0,-310.0,-126.0,-110.0,83.0,313.0,188.0,327.0,303.0,-346.0
-126.0,-140.0,-60.0,-159.0,-219.0,387.0,257.0,109.0,266.0,-344.0
-120.0,64.0,-55.0,-140.0,-167.0,409.0,349.0,-177.0,247.0,-331.0
-88.0,45.0,-18.0,-87.0,84.0,398.0,383.0,-247.0,215.0,-308.0
-73.0,-72.0,5.0,-55.0,123.0,414.0,319.0,-277.0,152.0,-258.0
-76.0,-119.0,-19.0,-27.0,-95.0,410.0,172.0,-205.0,66.0,-204.0
-69.0,-236.0,2.0,-37.0,-159.0,446.0,34.0,-314.0,0.0,-139.0
-53.0,-272.0,-26.0,-72.0,171.0,397.0,-108.0,-290.0,-25.0,-52.0
-38.0,-219.0,0.0,-68.0,221.0,174.0,-204.0,-192.0,-39.0,54.0
-40.0,-214.0,-5.0,-20.0,-111.0,81.0,-237.0,-88.0,-60.0,130.0
-35.0,-198.0,-8.0,56.0,-166.0,116.0,-197.0,-5.0,-96.0,180.0
-53.0,-45.0,62.0,156.0,103.0,269.0,-95.0,-105.0,-101.0,232.0
-61.0,-14.0,61.0,184.0,189.0,389.0,-55.0,33.0,-71.0,280.0
-65.0,-54.0,95.0,152.0,-89.0,515.0,-151.0,129.0,-43.0,306.0
-50.0,39.0,92.0,123.0,-215.0,562.0,-252.0,214.0,-24.0,312.0
4.0,-6.0,62.0,145.0,17.0,310.0,-253.0,158.0,-17.0,311.0
35.0,-110.0,41.0,183.0,108.0,98.0,-245.0,-133.0,5.0,293.0
28.0,-179.0,21.0,193.0,-140.0,66.0,-338.0,-338.0,47.0,252.0
39.0,-362.0,15.0,166.0,-271.0,154.0,-549.0,-461.0,71.0,187.0
51.0,-366.0,1.0,37.0,-53.0,208.0,-680.0,-293.0,46.0,104.0
74.0,-215.0,20.0,-15.0,105.0,189.0,-613.0,-206.0,-1.0,23.0
110.0,-152.0,38.0,-4.0,-54.0,248.0,-447.0,-96.0,-37.0,-57.0
112.0,-78.0,40.0,-41.0,-189.0,326.0,-337.0,-57.0,-37.0,-134.0
135.0,-32.0,18.0,3.0,-22.0,365.0,-280.0,-266.0,-27.0,-193.0
142.0,65.0,37.0,21.0,158.0,324.0,-169.0,-205.0,-33.0,-234.0
150.0,18.0,27.0,-31.0,58.0,323.0,3.0,-86.0,-11.0,-252.0
138.0,31.0,7.0,6.0,-117.0,391.0,98.0,177.0,22.0,-258.0
116.0,118.0,21.0,47.0,-51.0,358.0,70.0,338.0,27.0,-258.0
104.0,16.0,16.0,62.0,134.0,377.0,0.0,323.0,3.0,-245.0
91.0,31.0,22.0,124.0,61.0,400.0,-87.0,262.0,-37.0,-207.0
106.0,166.0,30.0,179.0,-138.0,405.0,-83.0,-29.0,-79.0,-130.0
93.0,486.0,69.0,173.0,-6.0,486.0,-88.0,-90.0,-77.0,-66.0
94.0,510.0,71.0,143.0,196.0,487.0,-78.0,-158.0,-29.0,-7.0
58.0,409.0,95.0,96.0,74.0,441.0,32.0,-155.0,-15.0,58.0
30.0,404.0,136.0,36.0,-115.0,267.0,121.0,-70.0,-40.0,89.0
32.0,64.0,152.0,42.0,-97.0,169.0,165.0,-131.0,-37.0,125.0
32.0,42.0,174.0,74.0,69.0,325.0,166.0,-29.0,44.0,141.0
41.0,-56.0,145.0,69.0,84.0,381.0,220.0,22.0,147.0,124.0
64.0,-560.0,155.0,3.0,-122.0,250.0,336.0,125.0,174.0,119.0
104.0,-617.0,156.0,-19.0,-149.0,156.0,397.0,121.0,131.0,116.0
97.0,-487.0,133.0,11.0,89.0,216.0,259.0,157.0,84.0,102.0
77.0,-468.0,164.0,11.0,126.0,238.0,-6.0,234.0,116.0,56.0
27.0,-352.0,140.0,75.0,-109.0,199.0,-214.0,99.0,188.0,6.0
24.0,-197.0,108.0,190.0,-175.0,219.0,-360.0,157.0,233.0,-36.0
72.0,16.0,127.0,228.0,38.0,250.0,-461.0,92.0,215.0,-49.0
114.0,250.0,116.0,191.0,106.0,225.0,-539.0,22.0,131.0,-72.0
143.0,571.0,104.0,129.0,-116.0,83.0,-576.0,-38.0,51.0,-102.0
180.0,716.0,127.0,76.0,-208.0,45.0,-596.0,-158.0,33.0,-106.0
218.0,684.0,117.0,72.0,7.0,89.0,-614.0,-101.0,83.0,-93.0
183.0,721.0,86.0,80.0,163.0,-6.0,-610.0,-24.0,98.0,-47.0
130.0,405.0,92.0,79.0,-25.0,-20.0,-540.0,155.0,82.0,-33.0
124.0,129.0,97.0,27.0,-153.0,61.0,-350.0,129.0,58.0,-25.0
154.0,-91.0,53.0,-42.0,2.0,49.0,-113.0,116.0,16.0,-10.0
161.0,-200.0,58.0,-83.0,84.0,20.0,-7.0,155.0,28.0,10.0
147.0,-205.0,71.0,-124.0,-77.0,81.0,-67.0,73.0,49.0,41.0
128.0,-603.0,0.0,-124.0,-284.0,221.0,-179.0,88.0,48.0,28.0
127.0,-642.0,3.0,-89.0,-98.0,200.0,-277.0,-73.0,-11.0,11.0
92.0,-696.0,-7.0,-41.0,119.0,13.0,-342.0,-7.0,-109.0,10.0
21.0,-740.0,-75.0,-15.0,-78.0,-44.0,-408.0,140.0,-147.0,29.0
-9.0,-424.0,-58.0,28.0,-221.0,-17.0,-447.0,83.0,-111.0,31.0
0.0,-441.0,-106.0,99.0,-77.0,-13.0,-447.0,155.0,-52.0,6.0
42.0,-413.0,-156.0,115.0,117.0,-27.0,-379.0,173.0,-43.0,-12.0
56.0,-299.0,-173.0,104.0,45.0,10.0,-240.0,304.0,-70.0,-34.0
43.0,-287.0,-191.0,61.0,-140.0,75.0,-9.0,303.0,-128.0,-38.0
2.0,-334.0,-210.0,7.0,-105.0,10.0,352.0,140.0,-152.0,-37.0
-44.0,-290.0,-225.0,-38.0,89.0,-39.0,733.0,120.0,-96.0,-46.0
-88.0,-154.0,-199.0,-41.0,190.0,-45.0,998.0,153.0,-49.0,-79.0
-95.0,-374.0,-216.0,-23.0,-43.0,-134.0,998.0,219.0,-30.0,-100.0
-80.0,-397.0,-174.0,-50.0,-131.0,-246.0,873.0,92.0,-5.0,-108.0
-84.0,-76.0,-174.0,-49.0,190.0,-293.0,783.0,103.0,47.0,-157.0
-71.0,-45.0,-169.0,-39.0,258.0,-194.0,690.0,138.0,120.0,-222.0
-77.0,152.0,-86.0,-32.0,-7.0,-127.0,579.0,72.0,193.0,-262.0
-81.0,453.0,-69.0,-4.0,-61.0,-115.0,380.0,123.0,227.0,-275.0
-66.0,446.0,-11.0,75.0,131.0,-58.0,107.0,120.0,214.0,-323.0
-61.0,547.0,35.0,57.0,217.0,16.0,-209.0,306.0,166.0,-373.0
-77.0,640.0,45.0,-55.0,28.0,81.0,-540.0,400.0,106.0,-384.0
-109.0,574.0,97.0,-157.0,-206.0,-12.0,-815.0,295.0,73.0,-388.0
-114.0,560.0,116.0,-290.0,-113.0,-75.0,-913.0,-3.0,60.0,-369.0
-91.0,530.0,118.0,-292.0,146.0,-39.0,-825.0,-343.0,62.0,-342.0
-57.0,320.0,124.0,-202.0,20.0,-51.0,-712.0,-336.0,-12.0,-301.0
-23.0,119.0,96.0,-90.0,-256.0,-66.0,-717.0,-319.0,-168.0,-266.0
5.0,158.0,97.0,10.0,-85.0,-74.0,-814.0,-173.0,-292.0,-220.0
23.0,184.0,97.0,43.0,141.0,-33.0,-870.0,-86.0,-325.0,-146.0
32.0,-95.0,112.0,22.0,-20.0,-31.0,-840.0,-46.0,-298.0,-110.0
42.0,-219.0,130.0,-13.0,-199.0,-45.0,-767.0,-1.0,-285.0,-84.0
19.0,-58.0,89.0,-100.0,-135.0,25.0,-724.0,-206.0,-302.0,-51.0
4.0,-233.0,74.0,-280.0,77.0,39.0,-591.0,-186.0,-354.0,0.0
9.0,-406.0,31.0,-391.0,109.0,-31.0,-278.0,-145.0,-408.0,43.0
30.0,-265.0,-16.0,-457.0,-170.0,-61.0,129.0,-3.0,-430.0,51.0
78.0,-199.0,-19.0,-454.0,-141.0,-75.0,483.0,147.0,-430.0,70.0
99.0,-372.0,-79.0,-366.0,173.0,-133.0,755.0,116.0,-427.0,78.0
123.0,-575.0,-117.0,-288.0,53.0,-204.0,1020.0,206.0,-422.0,67.0
119.0,-540.0,-122.0,-245.0,-191.0,-148.0,1156.0,140.0,-410.0,18.0
84.0,-318.0,-161.0,-279.0,-161.0,-11.0,1108.0,182.0,-396.0,-38.0
52.0,-44.0,-148.0,-281.0,60.0,-4.0,885.0,179.0,-320.0,-88.0
26.0,0.0,-124.0,-276.0,221.0,-99.0,630.0,40.0,-187.0,-163.0
48.0,102.0,-145.0,-278.0,-9.0,-65.0,532.0,-103.0,-49.0,-228.0
47.0,359.0,-156.0,-188.0,-77.0,98.0,534.0,-314.0,54.0,-265.0
14.0,377.0,-166.0,-57.0,235.0,68.0,450.0,-230.0,108.0,-280.0
-3.0,451.0,-181.0,65.0,259.0,-52.0,312.0,-221.0,161.0,-276.0
-19.0,476.0,-179.0,172.0,-18.0,-71.0,306.0,-169.0,257.0,-230.0
-51.0,465.0,-193.0,259.0,-156.0,-52.0,407.0,-138.0,355.0,-166.0
-77.0,429.0,-211.0,356.0,48.0,-64.0,458.0,-195.0,409.0,-123.0
-79.0,207.0,-228.0,432.0,245.0,-78.0,347.0,9.0,393.0,-80.0
-74.0,223.0,-216.0,408.0,11.0,21.0,134.0,118.0,312.0,-24.0
-103.0,150.0,-204.0,335.0,-175.0,39.0,-82.0,112.0,267.0,17.0
-90.0,-64.0,-194.0,242.0,-13.0,-73.0,-292.0,-42.0,240.0,11.0
-50.0,-322.0,-169.0,168.0,127.0,-154.0,-554.0,-9.0,172.0,-12.0
-64.0,-484.0,-171.0,147.0,52.0,-173.0,-846.0,140.0,115.0,-19.0
-69.0,-348.0,-107.0,160.0,-241.0,-210.0,-1050.0,155.0,75.0,-13.0
-84.0,-575.0,-89.0,173.0,-167.0,-294.0,-1171.0,253.0,29.0,-28.0
-91.0,-591.0,-63.0,126.0,218.0,-334.0,-1245.0,203.0,-8.0,-39.0
-96.0,-431.0,-6.0,96.0,87.0,-236.0,-1322.0,295.0,6.0,-9.0
-67.0,-555.0,-50.0,63.0,-114.0,-135.0,-1348.0,327.0,43.0,41.0
-55.0,-284.0,-33.0,53.0,20.0,-101.0,-1141.0,264.0,37.0,96.0
-70.0,-105.0,-20.0,81.0,184.0,53.0,-733.0,389.0,21.0,150.0
-61.0,47.0,-28.0,36.0,183.0,89.0,-320.0,458.0,-2.0,197.0
-70.0,186.0,-16.0,-34.0,-44.0,-52.0,-45.0,474.0,-43.0,228.0
-50.0,-23.0,-16.0,-51.0,-114.0,-118.0,93.0,147.0,-99.0,265.0
-27.0,-118.0,-22.0,-44.0,167.0,-148.0,126.0,-192.0,-174.0,299.0
11.0,-302.0,-29.0,-92.0,217.0,-233.0,15.0,-341.0,-209.0,307.0
24.0,-348.0,-12.0,-141.0,-132.0,-358.0,-166.0,-469.0,-224.0,274.0
5.0,-245.0,-33.0,-162.0,-139.0,-390.0,-239.0,-373.0,-227.0,228.0
12.0,-214.0,-59.0,-139.0,146.0,-276.0,-124.0,-256.0,-185.0,186.0
29.0,-5.0,-83.0,-124.0,129.0,-169.0,87.0,-18.0,-147.0,99.0
68.0,79.0,-99.0,-150.0,-107.0,-162.0,258.0,138.0,-135.0,-17.0
97.0,-40.0,-76.0,-133.0,-201.0,-152.0,412.0,205.0,-146.0,-127.0
97.0,20.0,-58.0,-127.0,-1.0,-200.0,603.0,199.0,-197.0,-212.0
76.0,148.0,-47.0,-107.0,145.0,-350.0,820.0,29.0,-256.0,-273.0
63.0,140.0,-30.0,-62.0,-13.0,-472.0,1054.0,201.0,-286.0,-335.0
32.0,269.0,-9.0,-44.0,-169.0,-492.0,1212.0,223.0,-285.0,-397.0
23.0,209.0,-17.0,-41.0,-41.0,-412.0,1281.0,53.0,-266.0,-444.0
62.0,131.0,-50.0,-29.0,159.0,-344.0,1268.0,-90.0,-230.0,-470.0
99.0,330.0,-74.0,7.0,7.0,-328.0,1145.0,-194.0,-182.0,-480.0
115.0,332.0,-90.0,48.0,-206.0,-313.0,876.0,-12.0,-157.0,-471.0
84.0,104.0,-127.0,70.0,-2.0,-287.0,487.0,25.0,-150.0,-459.0
61.0,10.0,-135.0,101.0,176.0,-235.0,127.0,14.0,-142.0,-427.0
39.0,203.0,-100.0,97.0,50.0,-208.0,-204.0,-96.0,-104.0,-370.0
-9.0,197.0,-120.0,60.0,-109.0,-269.0,-554.0,-83.0,-44.0,-319.0
-40.0,44.0,-174.0,36.0,-120.0,-304.0,-869.0,-51.0,-14.0,-285.0
-83.0,8.0,-184.0,-30.0,141.0,-337.0,-1031.0,-236.0,-14.0,-265.0
-107.0,39.0,-191.0,-99.0,174.0,-396.0,-992.0,-173.0,-18.0,-217.0
-94.0,58.0,-189.0,-152.0,-199.0,-382.0,-845.0,-260.0,-26.0,-155.0
-74.0,-156.0,-182.0,-209.0,-104.0,-423.0,-729.0,-157.0,-30.0,-111.0
-78.0,-248.0,-208.0,-264.0,251.0,-458.0,-650.0,40.0,-35.0,-67.0
-114.0,5.0,-202.0,-251.0,193.0,-355.0,-478.0,-33.0,-44.0,-1.0
-137.0,81.0,-203.0,-192.0,-34.0,-390.0,-288.0,40.0,-42.0,52.0
-170.0,-51.0,-189.0,-172.0,-119.0,-559.0,-243.0,138.0,-24.0,96.0
-180.0,-63.0,-159.0,-172.0,115.0,-611.0,-401.0,288.0,8.0,162.0
-196.0,-109.0,-174.0,-207.0,173.0,-584.0,-587.0,234.0,19.0,194.0
-204.0,-214.0,-157.0,-274.0,-119.0,-569.0,-606.0,97.0,-18.0,198.0
-193.0,-396.0,-139.0,-287.0,-171.0,-623.0,-509.0,-97.0,-73.0,220.0
-176.0,-595.0,-96.0,-200.0,82.0,-651.0,-430.0,-291.0,-72.0,223.0
-163.0,-689.0,-66.0,-100.0,207.0,-531.0,-399.0,-151.0,-38.0,174.0
-155.0,-566.0,-50.0,-27.0,-49.0,-452.0,-251.0,-182.0,-22.0,134.0
-96.0,-332.0,11.0,-18.0,-214.0,-522.0,21.0,-127.0,0.0,110.0
-57.0,-185.0,-1.0,-68.0,-40.0,-603.0,285.0,18.0,30.0,55.0
-40.0,75.0,-15.0,-65.0,100.0,-584.0,408.0,103.0,84.0,-3.0
-50.0,227.0,-38.0,-55.0,-37.0,-473.0,383.0,315.0,130.0,-54.0
-58.0,206.0,-63.0,-65.0,-222.0,-388.0,327.0,432.0,157.0,-82.0
-61.0,129.0,-53.0,-12.0,-79.0,-368.0,350.0,548.0,180.0,-120.0
-62.0,54.0,-52.0,86.0,133.0,-321.0,418.0,362.0,174.0,-176.0
-47.0,54.0,-8.0,146.0,13.0,-298.0,493.0,147.0,150.0,-228.0
-32.0,-32.0,-17.0,166.0,-262.0,-388.0,700.0,134.0,94.0,-284.0
-23.0,95.0,-16.0,210.0,-252.0,-471.0,938.0,55.0,11.0,-326.0
-37.0,369.0,31.0,211.0,13.0,-530.0,1079.0,-33.0,-39.0,-370.0
-45.0,405.0,27.0,178.0,0.0,-621.0,1065.0,-303.0,-42.0,-394.0
-83.0,534.0,42.0,158.0,-213.0,-585.0,936.0,-434.0,-38.0,-394.0
-103.0,514.0,58.0,93.0,-112.0,-473.0,872.0,-443.0,-57.0,-368.0
-121.0,289.0,29.0,-11.0,79.0,-423.0,879.0,-238.0,-112.0,-312.0
-123.0,251.0,50.0,-115.0,77.0,-492.0,791.0,66.0,-214.0,-239.0
-124.0,91.0,98.0,-139.0,-143.0,-568.0,548.0,157.0,-306.0,-168.0
-149.0,71.0,58.0,-144.0,-277.0,-521.0,223.0,295.0,-337.0,-113.0
-174.0,18.0,66.0,-106.0,-7.0,-507.0,-71.0,129.0,-314.0,-30.0
-232.0,-187.0,97.0,-42.0,40.0,-542.0,-254.0,-83.0,-255.0,63.0
-271.0,-333.0,36.0,-57.0,-155.0,-626.0,-389.0,-203.0,-213.0,126.0
-304.0,-461.0,73.0,-55.0,-102.0,-622.0,-531.0,-169.0,-169.0,190.0
-316.0,-333.0,111.0,6.0,122.0,-575.0,-693.0,16.0,-105.0,273.0
-313.0,-289.0,79.0,116.0,259.0,-596.0,-803.0,-127.0,-22.0,351.0
-300.0,-242.0,122.0,159.0,36.0,-571.0,-908.0,-227.0,46.0,401.0
-285.0,-220.0,120.0,136.0,-160.0,-582.0,-992.0,-521.0,69.0,429.0
-269.0,-323.0,131.0,117.0,1.0,-613.0,-875.0,-812.0,90.0,415.0
-256.0,-366.0,146.0,94.0,120.0,-643.0,-565.0,-820.0,110.0,361.0
-254.0,-483.0,91.0,41.0,-83.0,-575.0,-201.0,-698.0,140.0,294.0
-250.0,-517.0,80.0,-46.0,-207.0,-511.0,62.0,-251.0,148.0,223.0
-250.0,-473.0,47.0,-112.0,17.0,-536.0,290.0,-55.0,175.0,152.0
-241.0,-260.0,32.0,-145.0,177.0,-519.0,593.0,14.0,204.0,70.0
-237.0,92.0,46.0,-110.0,44.0,-616.0,955.0,59.0,155.0,4.0
-214.0,153.0,53.0,-65.0,-140.0,-684.0,1208.0,22.0,86.0,-32.0
-208.0,212.0,45.0,-7.0,-42.0,-665.0,1276.0,77.0,0.0,-78.0
-165.0,483.0,33.0,52.0,183.0,-688.0,1206.0,68.0,-79.0,-103.0
-127.0,562.0,38.0,82.0,124.0,-630.0,1000.0,151.0,-93.0,-110.0
-100.0,456.0,9.0,57.0,-37.0,-624.0,702.0,-79.0,-61.0,-127.0
-41.0,419.0,29.0,33.0,53.0,-590.0,335.0,-380.0,-79.0,-123.0
-20.0,461.0,-3.0,62.0,289.0,-409.0,25.0,-402.0,-192.0,-128.0
-11.0,375.0,-17.0,78.0,255.0,-371.0,-119.0,-423.0,-300.0,-132.0
-38.0,166.0,-19.0,125.0,-17.0,-484.0,-158.0,-280.0,-363.0,-100.0
-28.0,-120.0,-77.0,96.0,-23.0,-563.0,-210.0,-173.0,-368.0,-96.0
-13.0,-127.0,-81.0,3.0,171.0,-516.0,-208.0,-72.0,-359.0,-80.0
-19.0,-53.0,-146.0,-71.0,209.0,-473.0,-49.0,-20.0,-362.0,-35.0
-8.0,-205.0,-156.0,-117.0,-16.0,-486.0,272.0,88.0,-299.0,-15.0
-2.0,-166.0,-184.0,-118.0,-120.0,-500.0,587.0,262.0,-204.0,15.0
20.0,49.0,-205.0,-96.0,173.0,-522.0,676.0,188.0,-120.0,56.0
36.0,444.0,-185.0,-62.0,235.0,-490.0,627.0,149.0,-76.0,100.0
52.0,533.0,-266.0,-74.0,-43.0,-511.0,508.0,-33.0,-84.0,124.0
36.0,535.0,-253.0,-71.0,-141.0,-525.0,360.0,-110.0,-57.0,149.0
27.0,454.0,-263.0,-62.0,91.0,-433.0,229.0,-147.0,-5.0,199.0
0.0,264.0,-300.0,-26.0,177.0,-283.0,142.0,-194.0,33.0,247.0
-14.0,446.0,-277.0,13.0,-101.0,-143.0,93.0,64.0,84.0,292.0
0.0,277.0,-291.0,22.0,-197.0,-107.0,17.0,-40.0,148.0,304.0
16.0,59.0,-300.0,41.0,-22.0,8.0,-81.0,-369.0,192.0,306.0
37.0,187.0,-247.0,25.0,103.0,100.0,-154.0,-630.0,152.0,291.0
22.0,280.0,-206.0,40.0,-32.0,22.0,-127.0,-628.0,61.0,241.0
33.0,19.0,-211.0,4.0,-193.0,-7.0,-59.0,-362.0,-1.0,175.0
31.0,-109.0,-143.0,-73.0,10.0,-58.0,-21.0,-138.0,-34.0,101.0
46.0,98.0,-116.0,-151.0,255.0,-125.0,-51.0,83.0,-34.0,26.0
75.0,80.0,-104.0,-208.0,70.0,-168.0,-73.0,-81.0,-23.0,-49.0
87.0,35.0,-42.0,-201.0,-120.0,-136.0,-37.0,-223.0,-29.0,-113.0
90.0,-78.0,-22.0,-204.0,46.0,-5.0,46.0,-230.0,-31.0,-186.0
89.0,-282.0,28.0,-168.0,217.0,56.0,204.0,-243.0,-23.0,-260.0
109.0,-293.0,78.0,-131.0,138.0,87.0,340.0,-51.0,8.0,-327.0
65.0,-369.0,116.0,-110.0,-137.0,44.0,461.0,-51.0,55.0,-389.0
5.0,-700.0,111.0,-61.0,-52.0,-33.0,570.0,-145.0,77.0,-436.0
-18.0,-732.0,108.0,-33.0,255.0,-54.0,636.0,-234.0,56.0,-475.0
-5.0,-692.0,129.0,-33.0,121.0,22.0,580.0,-107.0,16.0,-505.0
7.0,-666.0,111.0,-35.0,-117.0,187.0,439.0,-1.0,-22.0,-515.0
15.0,-545.0,149.0,-13.0,-37.0,189.0,302.0,-118.0,-37.0,-499.0
34.0,-510.0,146.0,-14.0,210.0,100.0,166.0,-20.0,32.0,-476.0
28.0,-283.0,135.0,-23.0,266.0,127.0,28.0,29.0,162.0,-435.0
26.0,-408.0,157.0,-20.0,6.0,135.0,-174.0,194.0,272.0,-373.0
-21.0,-406.0,140.0,-17.0,-84.0,66.0,-392.0,303.0,302.0,-304.0
-66.0,12.0,135.0,21.0,168.0,14.0,-572.0,314.0,276.0,-247.0
-94.0,124.0,70.0,68.0,254.0,-32.0,-694.0,349.0,234.0,-199.0
-129.0,305.0,60.0,104.0,29.0,-16.0,-847.0,75.0,163.0,-145.0
-142.0,535.0,37.0,119.0,-131.0,88.0,-1056.0,-70.0,89.0,-96.0
-151.0,678.0,12.0,17.0,75.0,155.0,-1181.0,-140.0,17.0,-67.0
-143.0,783.0,58.0,-72.0,218.0,169.0,-1065.0,-48.0,-47.0,-38.0
-141.0,661.0,22.0,-93.0,-61.0,175.0,-743.0,140.0,-60.0,-3.0
-149.0,557.0,76.0,-152.0,-247.0,181.0,-455.0,164.0,-50.0,26.0
-163.0,318.0,43.0,-159.0,-44.0,196.0,-216.0,116.0,-61.0,71.0
-187.0,138.0,-5.0,-155.0,140.0,249.0,33.0,-249.0,-113.0,110.0
-186.0,162.0,50.0,-134.0,-33.0,254.0,308.0,-428.0,-184.0,141.0
-148.0,-70.0,1.0,-79.0,-238.0,181.0,464.0,-535.0,-224.0,155.0
-107.0,-79.0,54.0,-67.0,-71.0,227.0,497.0,-545.0,-194.0,158.0
-87.0,19.0,58.0,-60.0,181.0,332.0,523.0,-234.0,-99.0,181.0
-56.0,-121.0,27.0,-98.0,24.0,406.0,570.0,-77.0,-9.0,201.0
-35.0,-353.0,54.0,-132.0,-230.0,450.0,610.0,36.0,22.0,224.0
-52.0,-302.0,18.0,-118.0,-125.0,474.0,492.0,-73.0,22.0,253.0
-65.0,-45.0,10.0,-151.0,50.0,538.0,288.0,-149.0,-34.0,255.0
-37.0,-246.0,12.0,-222.0,40.0,462.0,69.0,-109.0,-137.0,237.0
-13.0,-94.0,-18.0,-212.0,-138.0,398.0,-75.0,-171.0,-231.0,225.0
2.0,255.0,-58.0,-131.0,-194.0,443.0,-166.0,-149.0,-322.0,206.0
42.0,299.0,-38.0,-47.0,73.0,362.0,-248.0,-173.0,-333.0,157.0
74.0,369.0,-79.0,-24.0,152.0,248.0,-276.0,-105.0,-268.0,106.0
106.0,246.0,-101.0,-93.0,-158.0,130.0,-174.0,-138.0,-210.0,91.0
107.0,220.0,-101.0,-169.0,-169.0,47.0,63.0,-194.0,-178.0,81.0
87.0,152.0,-171.0,-205.0,145.0,45.0,175.0,-197.0,-189.0,54.0
67.0,220.0,-161.0,-103.0,169.0,80.0,156.0,-297.0,-190.0,63.0
38.0,290.0,-180.0,4.0,-12.0,106.0,107.0,-184.0,-168.0,76.0
29.0,-2.0,-191.0,41.0,-56.0,99.0,74.0,-164.0,-126.0,78.0
0.0,-36.0,-165.0,46.0,89.0,148.0,-10.0,-66.0,-49.0,96.0
-25.0,-76.0,-193.0,-76.0,170.0,171.0,-204.0,190.0,47.0,116.0
-43.0,-95.0,-176.0,-136.0,-22.0,181.0,-441.0,310.0,155.0,139.0
-68.0,-55.0,-154.0,-103.0,-209.0,225.0,-631.0,349.0,211.0,157.0
-78.0,-57.0,-127.0,-20.0,-33.0,196.0,-735.0,236.0,220.0,180.0
-95.0,76.0,-60.0,96.0,157.0,242.0,-901.0,199.0,200.0,195.0
-100.0,-61.0,-58.0,140.0,-1.0,331.0,-1106.0,73.0,181.0,202.0
-119.0,-241.0,-41.0,117.0,-147.0,354.0,-1278.0,22.0,182.0,205.0
-141.0,-228.0,-13.0,55.0,-68.0,346.0,-1243.0,14.0,152.0,216.0
-134.0,-32.0,-30.0,9.0,146.0,253.0,-999.0,-138.0,145.0,244.0
-120.0,98.0,8.0,14.0,89.0,256.0,-762.0,-90.0,188.0,244.0
-108.0,-240.0,22.0,60.0,-148.0,348.0,-598.0,-138.0,221.0,238.0
-105.0,-289.0,0.0,66.0,-8.0,394.0,-511.0,-46.0,235.0,231.0
-104.0,231.0,7.0,64.0,246.0,419.0,-350.0,112.0,268.0,213.0
-87.0,412.0,-27.0,-3.0,211.0,436.0,-139.0,83.0,308.0,171.0
-74.0,370.0,-59.0,-41.0,31.0,420.0,44.0,36.0,331.0,134.0
-58.0,511.0,-29.0,-23.0,82.0,375.0,207.0,-144.0,327.0,106.0
-42.0,707.0,-44.0,-79.0,226.0,476.0,334.0,-103.0,262.0,63.0
9.0,677.0,-50.0,-139.0,161.0,540.0,441.0,-59.0,224.0,41.0
66.0,362.0,-23.0,-218.0,-10.0,505.0,582.0,5.0,241.0,8.0
101.0,292.0,-14.0,-213.0,-40.0,387.0,737.0,120.0,257.0,-18.0
152.0,213.0,4.0,-119.0,123.0,237.0,783.0,88.0,231.0,-56.0
159.0,57.0,-22.0,11.0,128.0,370.0,656.0,131.0,158.0,-109.0
178.0,-76.0,-42.0,141.0,-27.0,546.0,324.0,5.0,104.0,-139.0
195.0,-371.0,-47.0,141.0,-118.0,571.0,-71.0,-1.0,75.0,-186.0
208.0,-523.0,-34.0,100.0,-40.0,460.0,-331.0,-36.0,44.0,-221.0
228.0,-440.0,0.0,115.0,52.0,319.0,-366.0,-214.0,5.0,-258.0
241.0,-327.0,42.0,89.0,-170.0,374.0,-268.0,-247.0,-48.0,-285.0
234.0,-423.0,81.0,47.0,-284.0,548.0,-152.0,-280.0,-130.0,-289.0
209.0,-341.0,76.0,51.0,-33.0,706.0,-70.0,-158.0,-214.0,-314.0
213.0,-122.0,147.0,-5.0,38.0,681.0,-44.0,-123.0,-289.0,-334.0
212.0,-56.0,152.0,-34.0,-101.0,461.0,-36.0,29.0,-357.0,-335.0
233.0,111.0,149.0,-27.0,-124.0,281.0,-133.0,279.0,-379.0,-353.0
217.0,270.0,192.0,6.0,-4.0,225.0,-233.0,315.0,-365.0,-392.0
217.0,342.0,176.0,86.0,169.0,248.0,-242.0,395.0,-330.0,-403.0
215.0,238.0,195.0,132.0,40.0,262.0,-265.0,299.0,-318.0,-392.0
164.0,181.0,175.0,209.0,-180.0,319.0,-294.0,133.0,-298.0,-374.0
111.0,324.0,148.0,247.0,38.0,434.0,-249.0,-84.0,-218.0,-351.0
55.0,223.0,150.0,240.0,213.0,477.0,-82.0,-262.0,-133.0,-318.0
37.0,109.0,122.0,221.0,50.0,500.0,144.0,-314.0,-13.0,-258.0
9.0,-57.0,78.0,175.0,-60.0,557.0,333.0,-352.0,110.0,-201.0
25.0,-233.0,97.0,168.0,35.0,565.0,361.0,-151.0,151.0,-175.0
15.0,-275.0,78.0,197.0,177.0,404.0,294.0,-129.0,137.0,-150.0
10.0,-350.0,43.0,190.0,112.0,299.0,275.0,-112.0,128.0,-114.0
-8.0,-287.0,62.0,164.0,-84.0,374.0,286.0,-3.0,139.0,-108.0
-77.0,-341.0,29.0,140.0,-8.0,383.0,165.0,-1.0,147.0,-61.0
-121.0,-103.0,0.0,32.0,182.0,426.0,-172.0,157.0,174.0,25.0
-155.0,67.0,-3.0,-110.0,128.0,542.0,-542.0,186.0,250.0,84.0
-140.0,-114.0,-21.0,-204.0,-55.0,557.0,-722.0,169.0,317.0,136.0
-121.0,-8.0,-17.0,-227.0,-145.0,461.0,-643.0,103.0,312.0,193.0
-71.0,236.0,1.0,-249.0,6.0,335.0,-526.0,140.0,251.0,250.0
-39.0,342.0,-48.0,-245.0,56.0,239.0,-456.0,160.0,161.0,260.0
-22.0,400.0,-26.0,-228.0,-150.0,226.0,-349.0,7.0,109.0,240.0
-36.0,612.0,-33.0,-242.0,-164.0,265.0,-258.0,-1.0,98.0,206.0
-41.0,636.0,-72.0,-166.0,53.0,335.0,-230.0,-218.0,102.0,160.0
-19.0,635.0,5.0,-92.0,103.0,461.0,-295.0,-343.0,97.0,111.0
15.0,572.0,-15.0,-55.0,-123.0,421.0,-355.0,-349.0,54.0,59.0
113.0,593.0,-25.0,-27.0,-291.0,335.0,-318.0,-192.0,40.0,25.0
181.0,496.0,-4.0,-17.0,-132.0,480.0,-208.0,208.0,21.0,-15.0
237.0,98.0,-18.0,-18.0,55.0,693.0,-81.0,328.0,-15.0,-48.0
254.0,-13.0,-8.0,-10.0,-93.0,770.0,104.0,336.0,-46.0,-46.0
249.0,-72.0,8.0,34.0,-172.0,617.0,358.0,120.0,-64.0,-23.0
210.0,-47.0,0.0,55.0,39.0,444.0,633.0,-90.0,-103.0,-20.0
187.0,32.0,-1.0,51.0,147.0,409.0,791.0,-131.0,-194.0,-10.0
200.0,155.0,51.0,-38.0,0.0,434.0,642.0,-123.0,-258.0,58.0
226.0,292.0,13.0,-155.0,-221.0,545.0,324.0,96.0,-278.0,101.0
288.0,334.0,32.0,-204.0,-114.0,642.0,82.0,197.0,-292.0,120.0
310.0,296.0,58.0,-174.0,96.0,557.0,-24.0,306.0,-308.0,168.0
326.0,198.0,16.0,-78.0,-12.0,361.0,-113.0,310.0,-272.0,199.0
315.0,3.0,62.0,34.0,-115.0,235.0,-230.0,179.0,-207.0,195.0
330.0,-28.0,57.0,105.0,-37.0,289.0,-292.0,90.0,-181.0,201.0
309.0,99.0,42.0,90.0,90.0,447.0,-245.0,-36.0,-188.0,209.0
275.0,-120.0,32.0,71.0,120.0,428.0,-124.0,48.0,-171.0,214.0
303.0,-288.0,-26.0,31.0,14.0,316.0,-1.0,68.0,-78.0,209.0
314.0,-210.0,-26.0,-27.0,-29.0,244.0,97.0,203.0,24.0,215.0
324.0,-47.0,-34.0,-81.0,159.0,292.0,173.0,423.0,92.0,260.0
299.0,-193.0,-45.0,-75.0,230.0,434.0,280.0,400.0,133.0,267.0
275.0,-132.0,-17.0,-32.0,54.0,468.0,338.0,454.0,161.0,288.0
241.0,262.0,-39.0,5.0,121.0,354.0,338.0,402.0,193.0,329.0
225.0,148.0,-72.0,93.0,259.0,210.0,322.0,339.0,217.0,357.0
209.0,76.0,-57.0,110.0,219.0,364.0,258.0,240.0,239.0,368.0
158.0,-15.0,-64.0,110.0,68.0,404.0,96.0,70.0,302.0,351.0
133.0,-103.0,-80.0,115.0,-37.0,262.0,-217.0,-84.0,324.0,380.0
90.0,-188.0,-23.0,52.0,93.0,331.0,-517.0,-142.0,277.0,367.0
42.0,-246.0,-34.0,20.0,134.0,388.0,-705.0,77.0,234.0,326.0
14.0,-64.0,-40.0,53.0,-17.0,431.0,-784.0,181.0,201.0,305.0
31.0,-84.0,21.0,104.0,-83.0,348.0,-792.0,352.0,172.0,267.0
75.0,117.0,-19.0,127.0,-12.0,190.0,-758.0,460.0,99.0,226.0
66.0,289.0,11.0,149.0,86.0,139.0,-651.0,369.0,-6.0,163.0
49.0,167.0,45.0,165.0,7.0,240.0,-512.0,303.0,-118.0,126.0
41.0,12.0,15.0,151.0,-176.0,328.0,-355.0,99.0,-214.0,89.0
60.0,11.0,61.0,191.0,-59.0,231.0,-194.0,29.0,-257.0,30.0
93.0,17.0,58.0,282.0,55.0,256.0,0.0,-68.0,-265.0,1.0
103.0,51.0,64.0,311.0,-46.0,377.0,221.0,-88.0,-237.0,-3.0
147.0,227.0,73.0,294.0,-79.0,429.0,363.0,5.0,-188.0,-10.0
191.0,291.0,21.0,302.0,1.0,341.0,348.0,77.0,-143.0,-16.0
223.0,469.0,11.0,283.0,159.0,225.0,275.0,245.0,-145.0,4.0
211.0,348.0,18.0,295.0,79.0,383.0,266.0,173.0,-172.0,41.0
193.0,418.0,-20.0,332.0,-53.0,581.0,306.0,157.0,-158.0,71.0
218.0,710.0,-20.0,326.0,58.0,513.0,286.0,199.0,-118.0,91.0
205.0,574.0,-15.0,297.0,143.0,348.0,126.0,310.0,-63.0,128.0
202.0,103.0,-48.0,211.0,74.0,181.0,-58.0,461.0,-42.0,175.0
209.0,-186.0,-48.0,159.0,-22.0,30.0,-163.0,345.0,-41.0,211.0
232.0,23.0,-58.0,198.0,-43.0,152.0,-255.0,386.0,-10.0,228.0
236.0,-305.0,-65.0,242.0,11.0,423.0,-422.0,323.0,22.0,242.0
201.0,-457.0,-76.0,224.0,59.0,521.0,-524.0,299.0,24.0,250.0
189.0,-400.0,-89.0,140.0,-114.0,455.0,-370.0,343.0,24.0,241.0
171.0,-662.0,-64.0,51.0,-138.0,469.0,-22.0,312.0,41.0,239.0
157.0,-581.0,-54.0,24.0,83.0,580.0,272.0,522.0,59.0,236.0
136.0,-563.0,-65.0,55.0,52.0,597.0,407.0,500.0,80.0,220.0
129.0,-401.0,-33.0,126.0,-1.0,514.0,509.0,485.0,75.0,191.0
165.0,-274.0,-8.0,177.0,-20.0,415.0,595.0,365.0,58.0,188.0
182.0,-269.0,0.0,157.0,11.0,484.0,649.0,177.0,88.0,167.0
151.0,-89.0,19.0,74.0,144.0,595.0,634.0,142.0,169.0,107.0
89.0,-183.0,0.0,5.0,7.0,582.0,512.0,-33.0,256.0,63.0
66.0,-62.0,-40.0,-48.0,-57.0,572.0,325.0,-35.0,315.0,15.0
62.0,296.0,-60.0,-99.0,112.0,473.0,184.0,-121.0,349.0,-21.0
29.0,328.0,-65.0,-159.0,106.0,181.0,60.0,-92.0,330.0,-44.0
33.0,306.0,-84.0,-244.0,-56.0,50.0,-128.0,-57.0,282.0,-63.0
30.0,88.0,-72.0,-280.0,-129.0,264.0,-282.0,-197.0,252.0,-78.0
5.0,-58.0,-67.0,-288.0,-39.0,415.0,-419.0,-59.0,237.0,-74.0
-25.0,-76.0,-42.0,-220.0,41.0,350.0,-495.0,42.0,225.0,-40.0
-16.0,-172.0,14.0,-96.0,27.0,230.0,-502.0,114.0,199.0,-2.0
12.0,-84.0,25.0,-19.0,-19.0,185.0,-525.0,24.0,198.0,24.0
-15.0,-315.0,61.0,34.0,6.0,177.0,-606.0,-59.0,200.0,52.0
-55.0,-385.0,82.0,81.0,82.0,169.0,-716.0,-42.0,215.0,82.0
-91.0,-146.0,95.0,58.0,4.0,228.0,-829.0,-186.0,278.0,94.0
-80.0,-124.0,94.0,11.0,-137.0,185.0,-1012.0,-214.0,318.0,82.0
-72.0,-23.0,130.0,24.0,-63.0,-18.0,-1064.0,-354.0,307.0,31.0
-70.0,103.0,147.0,75.0,29.0,-137.0,-863.0,-404.0,246.0,-13.0
-65.0,166.0,155.0,154.0,-60.0,-16.0,-507.0,-345.0,178.0,-37.0
-41.0,162.0,174.0,177.0,-149.0,109.0,-178.0,-321.0,149.0,-52.0
4.0,221.0,127.0,110.0,-108.0,139.0,19.0,-230.0,124.0,-50.0
7.0,360.0,153.0,16.0,49.0,175.0,220.0,-169.0,92.0,-47.0
1.0,472.0,64.0,-52.0,54.0,70.0,468.0,79.0,74.0,-36.0
-8.0,407.0,78.0,-95.0,-123.0,-108.0,670.0,199.0,60.0,3.0
-6.0,187.0,74.0,-108.0,-148.0,-226.0,693.0,362.0,44.0,45.0
-40.0,74.0,37.0,-122.0,29.0,-189.0,610.0,546.0,35.0,71.0
-48.0,4.0,26.0,-137.0,50.0,-77.0,537.0,367.0,22.0,111.0
-15.0,-45.0,55.0,-152.0,-64.0,-219.0,433.0,190.0,5.0,154.0
0.0,84.0,36.0,-225.0,-34.0,-349.0,299.0,-57.0,-2.0,201.0
11.0,44.0,12.0,-252.0,24.0,-200.0,170.0,-88.0,-2.0,213.0
1.0,-374.0,114.0,-206.0,89.0,-12.0,31.0,-55.0,10.0,191.0
17.0,-340.0,-22.0,-136.0,-29.0,-1.0,-33.0,-44.0,53.0,177.0
23.0,22.0,150.0,-72.0,-207.0,-75.0,35.0,81.0,66.0,134.0
8.0,102.0,-4.0,-44.0,-66.0,-8.0,115.0,11.0,15.0,84.0
-17.0,-19.0,132.0,-21.0,57.0,-1.0,205.0,175.0,-41.0,40.0
-40.0,-112.0,32.0,-27.0,-33.0,-22.0,338.0,186.0,-46.0,22.0
-47.0,140.0,39.0,-64.0,-88.0,-80.0,463.0,57.0,5.0,28.0
-41.0,143.0,196.0,-20.0,24.0,-256.0,483.0,33.0,32.0,36.0
1.0,66.0,-91.0,52.0,184.0,-335.0,394.0,-118.0,14.0,64.0
68.0,242.0,265.0,113.0,158.0,-347.0,361.0,-112.0,-1.0,67.0
83.0,88.0,-144.0,155.0,29.0,-159.0,369.0,-75.0,0.0,67.0
32.0,43.0,130.0,133.0,107.0,70.0,265.0,86.0,4.0,74.0
-16.0,-84.0,-96.0,131.0,190.0,77.0,14.0,51.0,9.0,80.0
-21.0,-205.0,-76.0,141.0,104.0,22.0,-325.0,-3.0,23.0,59.0
1.0,138.0,56.0,140.0,41.0,93.0,-643.0,107.0,35.0,21.0
30.0,19.0,-308.0,149.0,77.0,201.0,-845.0,99.0,40.0,6.0
79.0,-213.0,133.0,164.0,183.0,26.0,-944.0,169.0,38.0,-12.0
94.0,-133.0,-370.0,121.0,204.0,-231.0,-949.0,-40.0,78.0,-36.0
101.0,-78.0,-45.0,84.0,138.0,-454.0,-847.0,-190.0,171.0,-64.0
77.0,54.0,-216.0,89.0,97.0,-569.0,-641.0,-375.0,242.0,-54.0
68.0,105.0,-254.0,44.0,99.0,-473.0,-394.0,-633.0,283.0,-22.0
102.0,183.0,-64.0,66.0,139.0,-505.0,-191.0,-504.0,305.0,-2.0
129.0,200.0,-295.0,100.0,84.0,-518.0,6.0,-332.0,335.0,31.0
139.0,125.0,-26.0,103.0,-46.0,-414.0,300.0,51.0,354.0,75.0
150.0,137.0,-230.0,121.0,41.0,-284.0,689.0,400.0,321.0,109.0
181.0,109.0,-61.0,67.0,116.0,-143.0,1001.0,639.0,241.0,133.0
165.0,57.0,-115.0,-25.0,28.0,-192.0,1186.0,683.0,161.0,168.0
126.0,-68.0,-59.0,-93.0,-9.0,-360.0,1310.0,430.0,187.0,168.0
91.0,-383.0,-55.0,-113.0,-48.0,-548.0,1317.0,319.0,241.0,165.0
111.0,-480.0,-85.0,-55.0,-17.0,-660.0,1128.0,-14.0,204.0,186.0
110.0,-193.0,-47.0,30.0,-8.0,-592.0,811.0,-303.0,128.0,194.0
82.0,-107.0,-119.0,85.0,-145.0,-400.0,476.0,-445.0,60.0,179.0
89.0,-143.0,-58.0,152.0,-144.0,-275.0,212.0,-554.0,49.0,147.0
82.0,-101.0,-146.0,193.0,25.0,-309.0,47.0,-412.0,80.0,110.0
62.0,52.0,-47.0,227.0,-20.0,-375.0,-128.0,-301.0,112.0,70.0
9.0,41.0,-243.0,255.0,-125.0,-498.0,-278.0,-77.0,133.0,48.0
-7.0,-98.0,-106.0,269.0,-74.0,-628.0,-285.0,81.0,139.0,6.0
19.0,40.0,-114.0,287.0,-65.0,-589.0,-82.0,164.0,180.0,-63.0
28.0,-260.0,-223.0,217.0,-141.0,-462.0,146.0,168.0,246.0,-130.0
6.0,-427.0,-40.0,149.0,-177.0,-484.0,190.0,64.0,275.0,-180.0
-11.0,-318.0,-186.0,87.0,-64.0,-482.0,141.0,136.0,240.0,-232.0
8.0,-252.0,-106.0,1.0,33.0,-317.0,44.0,49.0,210.0,-296.0
40.0,136.0,-97.0,17.0,109.0,-326.0,-51.0,1.0,176.0,-336.0
19.0,13.0,-72.0,34.0,50.0,-522.0,-184.0,-79.0,101.0,-350.0
34.0,-200.0,-74.0,10.0,-1.0,-689.0,-333.0,-96.0,21.0,-337.0
42.0,-197.0,-59.0,-13.0,113.0,-640.0,-437.0,36.0,-87.0,-325.0
35.0,50.0,-82.0,-69.0,64.0,-521.0,-453.0,-88.0,-182.0,-303.0
32.0,153.0,-66.0,-82.0,-9.0,-690.0,-326.0,-199.0,-236.0,-274.0
13.0,-102.0,-103.0,-37.0,-27.0,-925.0,-193.0,-426.0,-254.0,-239.0
39.0,46.0,-95.0,27.0,-47.0,-926.0,25.0,-371.0,-226.0,-191.0
20.0,-39.0,-6.0,178.0,6.0,-853.0,308.0,-114.0,-212.0,-155.0
34.0,28.0,-108.0,347.0,37.0,-751.0,497.0,-36.0,-203.0,-112.0
32.0,123.0,42.0,436.0,-14.0,-532.0,592.0,140.0,-159.0,-82.0
20.0,-49.0,-45.0,449.0,-5.0,-274.0,603.0,169.0,-98.0,-41.0
18.0,38.0,19.0,367.0,143.0,-121.0,590.0,138.0,-30.0,20.0
-18.0,43.0,62.0,308.0,125.0,-270.0,583.0,-46.0,16.0,63.0
-15.0,-105.0,10.0,329.0,-26.0,-521.0,528.0,-173.0,28.0,106.0
-6.0,-246.0,63.0,362.0,94.0,-705.0,350.0,-315.0,62.0,156.0
27.0,-88.0,65.0,416.0,171.0,-713.0,242.0,-624.0,88.0,211.0
21.0,58.0,66.0,373.0,72.0,-547.0,304.0,-589.0,62.0,232.0
-13.0,122.0,36.0,188.0,69.0,-494.0,349.0,-615.0,18.0,222.0
-25.0,86.0,82.0,41.0,-21.0,-448.0,269.0,-559.0,-3.0,215.0
-39.0,96.0,21.0,-76.0,-36.0,-448.0,197.0,-327.0,37.0,202.0
-77.0,407.0,80.0,-125.0,56.0,-324.0,242.0,-147.0,73.0,185.0
-104.0,615.0,56.0,-75.0,-32.0,-142.0,292.0,101.0,70.0,177.0
-108.0,568.0,119.0,-65.0,-75.0,-199.0,322.0,77.0,76.0,172.0
-118.0,415.0,95.0,-63.0,29.0,-364.0,302.0,35.0,70.0,188.0
-133.0,336.0,118.0,-60.0,-43.0,-650.0,232.0,46.0,59.0,229.0
-161.0,406.0,90.0,-32.0,-165.0,-807.0,191.0,44.0,26.0,266.0
-200.0,600.0,32.0,15.0,-123.0,-811.0,152.0,29.0,-36.0,301.0
-238.0,496.0,66.0,78.0,-97.0,-571.0,26.0,-53.0,-71.0,316.0
-239.0,340.0,-61.0,158.0,48.0,-145.0,-174.0,64.0,-73.0,335.0
-277.0,366.0,-3.0,157.0,93.0,-83.0,-345.0,-29.0,-14.0,367.0
-303.0,82.0,-112.0,131.0,-100.0,-328.0,-377.0,-103.0,67.0,361.0
-313.0,-192.0,-41.0,125.0,16.0,-681.0,-361.0,-72.0,108.0,339.0
-317.0,12.0,-64.0,110.0,184.0,-730.0,-397.0,-177.0,117.0,325.0
-283.0,71.0,-90.0,101.0,0.0,-560.0,-339.0,-240.0,86.0,320.0
-270.0,-131.0,-47.0,58.0,-7.0,-492.0,-158.0,-426.0,78.0,308.0
-289.0,-134.0,-119.0,-62.0,125.0,-292.0,111.0,-428.0,121.0,269.0
-320.0,0.0,-104.0,-91.0,104.0,-244.0,395.0,-378.0,174.0,236.0
-297.0,48.0,-146.0,-17.0,132.0,-434.0,640.0,-142.0,233.0,238.0
-293.0,-1.0,-116.0,62.0,47.0,-701.0,845.0,264.0,253.0,228.0
-274.0,13.0,-173.0,155.0,-59.0,-1028.0,926.0,288.0,242.0,190.0
-236.0,-301.0,-94.0,228.0,-19.0,-1180.0,783.0,225.0,235.0,156.0
-186.0,-495.0,-130.0,287.0,-39.0,-1057.0,472.0,99.0,197.0,108.0
-150.0,-453.0,-76.0,254.0,-124.0,-694.0,254.0,49.0,170.0,74.0
-163.0,-392.0,-12.0,201.0,-185.0,-288.0,121.0,-24.0,121.0,51.0
-147.0,-203.0,-53.0,196.0,-97.0,-107.0,-1.0,-86.0,53.0,3.0
-170.0,-15.0,17.0,148.0,3.0,-56.0,-133.0,-35.0,32.0,-24.0
-178.0,399.0,40.0,120.0,-148.0,12.0,-310.0,-197.0,21.0,-39.0
-178.0,498.0,104.0,88.0,-231.0,-152.0,-371.0,-253.0,16.0,-30.0
-146.0,510.0,126.0,-3.0,-99.0,-501.0,-306.0,-380.0,-10.0,-6.0
-104.0,601.0,179.0,-38.0,4.0,-717.0,-319.0,-325.0,-22.0,9.0
-81.0,531.0,163.0,-69.0,68.0,-718.0,-431.0,-42.0,3.0,33.0
-70.0,452.0,209.0,-178.0,-39.0,-610.0,-594.0,53.0,35.0,64.0
-81.0,271.0,172.0,-248.0,67.0,-600.0,-721.0,258.0,64.0,127.0
-27.0,107.0,177.0,-260.0,275.0,-646.0,-684.0,415.0,62.0,208.0
-2.0,157.0,205.0,-259.0,75.0,-630.0,-626.0,630.0,25.0,268.0
6.0,345.0,149.0,-274.0,48.0,-482.0,-525.0,642.0,-31.0,324.0
0.0,302.0,203.0,-242.0,106.0,-242.0,-277.0,515.0,-80.0,380.0
-31.0,313.0,159.0,-190.0,-25.0,-80.0,-10.0,487.0,-125.0,398.0
-32.0,290.0,129.0,-214.0,-84.0,41.0,178.0,258.0,-123.0,385.0
-13.0,100.0,132.0,-187.0,-104.0,131.0,324.0,227.0,-51.0,348.0
8.0,-257.0,97.0,-101.0,-120.0,41.0,495.0,210.0,23.0,272.0
28.0,-678.0,59.0,-39.0,34.0,-217.0,580.0,299.0,71.0,189.0
50.0,-1035.0,95.0,34.0,116.0,-396.0,512.0,380.0,80.0,101.0
52.0,-1349.0,31.0,102.0,-2.0,-356.0,363.0,284.0,109.0,-23.0
32.0,-1103.0,-14.0,172.0,150.0,-231.0,211.0,375.0,182.0,-144.0
7.0,-703.0,11.0,246.0,169.0,-95.0,26.0,349.0,244.0,-250.0
30.0,-145.0,-52.0,251.0,58.0,83.0,-156.0,421.0,263.0,-355.0
48.0,590.0,-71.0,246.0,160.0,290.0,-247.0,487.0,223.0,-431.0
54.0,1064.0,-54.0,304.0,90.0,260.0,-361.0,463.0,160.0,-499.0
54.0,1322.0,-90.0,375.0,59.0,-81.0,-453.0,351.0,69.0,-538.0
65.0,1170.0,-98.0,408.0,92.0,-408.0,-372.0,142.0,-60.0,-545.0
58.0,802.0,-78.0,385.0,-65.0,-585.0,-160.0,157.0,-141.0,-535.0
5.0,144.0,-131.0,308.0,-167.0,-521.0,87.0,81.0,-157.0,-516.0
-12.0,-721.0,-123.0,253.0,-197.0,-257.0,251.0,182.0,-147.0,-496.0
-14.0,-1466.0,-134.0,239.0,-322.0,-20.0,265.0,245.0,-160.0,-455.0
-2.0,-2063.0,-165.0,235.0,-354.0,134.0,303.0,123.0,-209.0,-392.0
20.0,-2054.0,-154.0,256.0,-207.0,305.0,437.0,133.0,-242.0,-318.0
47.0,-1496.0,-173.0,245.0,-41.0,538.0,508.0,79.0,-290.0,-267.0
77.0,-744.0,-193.0,166.0,72.0,588.0,403.0,197.0,-355.0,-204.0
94.0,-12.0,-190.0,95.0,200.0,286.0,197.0,129.0,-357.0,-115.0
82.0,207.0,-216.0,96.0,230.0,-127.0,-67.0,-42.0,-323.0,-29.0
61.0,343.0,-216.0,128.0,169.0,-386.0,-400.0,9.0,-316.0,34.0
42.0,568.0,-188.0,155.0,138.0,-532.0,-562.0,62.0,-314.0,96.0
37.0,284.0,-215.0,173.0,-6.0,-605.0,-591.0,208.0,-274.0,175.0
51.0,-68.0,-198.0,139.0,-140.0,-441.0,-665.0,267.0,-201.0,211.0
38.0,-266.0,-174.0,58.0,-120.0,-62.0,-700.0,393.0,-136.0,222.0
3.0,-669.0,-141.0,-59.0,-56.0,234.0,-683.0,482.0,-110.0,234.0
-55.0,-930.0,-111.0,-166.0,-70.0,285.0,-593.0,578.0,-121.0,220.0
-101.0,-862.0,-85.0,-253.0,-109.0,193.0,-404.0,744.0,-111.0,173.0
-119.0,-746.0,-85.0,-352.0,-217.0,33.0,-132.0,637.0,-48.0,136.0
-144.0,-451.0,-86.0,-404.0,-293.0,-132.0,78.0,569.0,40.0,115.0
-139.0,8.0,-94.0,-422.0,-239.0,-154.0,72.0,327.0,148.0,63.0
-96.0,404.0,-111.0,-352.0,-384.0,-18.0,-74.0,147.0,251.0,14.0
-102.0,880.0,-93.0,-201.0,-306.0,233.0,-208.0,234.0,295.0,-7.0
-147.0,1750.0,-116.0,-69.0,91.0,488.0,-275.0,247.0,285.0,-29.0
-192.0,2331.0,-71.0,24.0,324.0,581.0,-292.0,356.0,279.0,-64.0
-199.0,2065.0,-41.0,0.0,583.0,435.0,-321.0,317.0,307.0,-82.0
-210.0,1792.0,-21.0,-55.0,669.0,52.0,-373.0,343.0,337.0,-79.0
-201.0,1439.0,19.0,-72.0,461.0,-274.0,-300.0,358.0,335.0,-58.0
-145.0,438.0,7.0,-56.0,260.0,-348.0,-121.0,399.0,323.0,-52.0
-114.0,-906.0,24.0,-27.0,-36.0,-267.0,90.0,556.0,303.0,-67.0
-84.0,-2110.0,5.0,-19.0,-405.0,-200.0,249.0,415.0,262.0,-62.0
-112.0,-3028.0,-19.0,26.0,-560.0,8.0,280.0,417.0,207.0,-78.0
-122.0,-3610.0,12.0,46.0,-564.0,444.0,373.0,434.0,171.0,-96.0
-132.0,-3428.0,7.0,39.0,-552.0,628.0,492.0,508.0,158.0,-97.0
-137.0,-2705.0,-4.0,48.0,-393.0,513.0,584.0,528.0,121.0,-78.0
-123.0,-1947.0,38.0,32.0,-248.0,166.0,687.0,338.0,75.0,-22.0
-121.0,-779.0,43.0,-28.0,-260.0,-212.0,698.0,282.0,30.0,37.0
-81.0,303.0,8.0,-55.0,-201.0,-325.0,574.0,84.0,-8.0,123.0
-90.0,945.0,35.0,-45.0,-73.0,-298.0,400.0,83.0,-57.0,189.0
-66.0,1712.0,18.0,-27.0,-38.0,6.0,319.0,123.0,-101.0,225.0
-40.0,2234.0,-35.0,30.0,71.0,378.0,341.0,181.0,-112.0,272.0
-42.0,2262.0,-8.0,34.0,354.0,507.0,338.0,319.0,-164.0,295.0
-69.0,1754.0,-24.0,1.0,564.0,497.0,319.0,279.0,-237.0,309.0
-65.0,1137.0,-76.0,-24.0,752.0,395.0,308.0,341.0,-267.0,307.0
-44.0,384.0,-65.0,-79.0,911.0,250.0,146.0,251.0,-256.0,316.0
-57.0,-640.0,-115.0,-162.0,755.0,95.0,-24.0,306.0,-251.0,329.0
-34.0,-1176.0,-127.0,-204.0,409.0,35.0,-62.0,436.0,-296.0,318.0
-31.0,-1255.0,-89.0,-159.0,19.0,106.0,-172.0,491.0,-315.0,310.0
-7.0,-984.0,-155.0,-162.0,-413.0,171.0,-381.0,642.0,-325.0,284.0
-25.0,-540.0,-156.0,-233.0,-631.0,152.0,-502.0,535.0,-343.0,248.0
-48.0,173.0,-162.0,-269.0,-625.0,86.0,-540.0,473.0,-358.0,190.0
-70.0,778.0,-183.0,-304.0,-618.0,-5.0,-647.0,306.0,-356.0,135.0
-77.0,960.0,-152.0,-318.0,-443.0,-47.0,-676.0,153.0,-315.0,108.0
-63.0,1141.0,-192.0,-219.0,-248.0,13.0,-554.0,169.0,-297.0,53.0
-83.0,1183.0,-194.0,-86.0,-200.0,189.0,-440.0,129.0,-282.0,-28.0
-65.0,1270.0,-205.0,-63.0,-75.0,504.0,-408.0,225.0,-216.0,-98.0
-57.0,1336.0,-213.0,-55.0,-83.0,648.0,-398.0,218.0,-118.0,-134.0
-39.0,982.0,-153.0,-83.0,-93.0,443.0,-204.0,251.0,-49.0,-184.0
-81.0,83.0,-132.0,-167.0,94.0,237.0,53.0,247.0,22.0,-235.0
-95.0,-794.0,-107.0,-148.0,315.0,142.0,108.0,216.0,130.0,-255.0
-101.0,-1517.0,-84.0,-117.0,531.0,-27.0,-4.0,308.0,218.0,-273.0
-128.0,-2137.0,-43.0,-145.0,586.0,-214.0,-184.0,234.0,245.0,-275.0
-152.0,-2487.0,-33.0,-194.0,644.0,-165.0,-283.0,277.0,201.0,-237.0
-175.0,-2448.0,-25.0,-190.0,652.0,191.0,-285.0,247.0,133.0,-182.0
-158.0,-1751.0,-4.0,-140.0,380.0,589.0,-290.0,168.0,100.0,-127.0
-226.0,-1001.0,-19.0,-59.0,124.0,793.0,-229.0,68.0,75.0,-69.0
-256.0,-75.0,12.0,20.0,54.0,828.0,-2.0,-182.0,48.0,-1.0
-289.0,997.0,-8.0,95.0,32.0,619.0,388.0,-273.0,56.0,56.0
-274.0,1729.0,-32.0,197.0,-33.0,257.0,656.0,-384.0,106.0,73.0
-233.0,2248.0,-14.0,222.0,-158.0,73.0,696.0,-319.0,143.0,79.0
-207.0,2544.0,-33.0,200.0,-191.0,72.0,800.0,-147.0,116.0,93.0
-158.0,2253.0,-35.0,190.0,-123.0,276.0,1026.0,83.0,38.0,95.0
-156.0,1587.0,-30.0,173.0,-256.0,583.0,1132.0,380.0,-55.0,62.0
-113.0,1027.0,-58.0,111.0,-414.0,842.0,797.0,522.0,-99.0,33.0
-118.0,-40.0,-68.0,30.0,-388.0,968.0,166.0,798.0,-77.0,36.0
-88.0,-1295.0,-50.0,-31.0,-320.0,699.0,-236.0,831.0,-26.0,23.0
-32.0,-1655.0,-59.0,-92.0,-241.0,266.0,-231.0,737.0,2.0,-6.0
24.0,-1553.0,-61.0,-187.0,-142.0,16.0,-113.0,609.0,-7.0,-26.0
67.0,-1627.0,-42.0,-227.0,32.0,-38.0,-233.0,321.0,-40.0,-49.0
59.0,-1228.0,-34.0,-199.0,268.0,-74.0,-437.0,277.0,-81.0,-100.0
57.0,-676.0,-58.0,-182.0,370.0,-80.0,-400.0,131.0,-91.0,-171.0
44.0,-562.0,-45.0,-119.0,358.0,148.0,-99.0,62.0,-60.0,-250.0
44.0,-552.0,-45.0,-78.0,463.0,463.0,134.0,38.0,6.0,-334.0
38.0,-310.0,-80.0,-79.0,626.0,649.0,98.0,-105.0,39.0,-437.0
30.0,2.0,-78.0,-120.0,693.0,689.0,96.0,-97.0,-40.0,-509.0
16.0,169.0,-101.0,-209.0,516.0,618.0,308.0,-40.0,-174.0,-545.0
33.0,698.0,-115.0,-228.0,87.0,593.0,333.0,160.0,-269.0,-583.0
33.0,1178.0,-111.0,-158.0,-261.0,596.0,-63.0,240.0,-293.0,-612.0
10.0,1739.0,-82.0,-87.0,-497.0,615.0,-419.0,369.0,-256.0,-638.0
-41.0,2347.0,-75.0,-66.0,-802.0,705.0,-417.0,343.0,-190.0,-647.0
-76.0,2328.0,-101.0,-112.0,-898.0,702.0,-338.0,49.0,-145.0,-666.0
-110.0,1921.0,-90.0,-144.0,-711.0,678.0,-429.0,-38.0,-120.0,-677.0
-158.0,1626.0,-106.0,-140.0,-518.0,630.0,-531.0,-214.0,-125.0,-639.0
-172.0,1237.0,-112.0,-213.0,-433.0,547.0,-470.0,-247.0,-162.0,-573.0
-209.0,104.0,-84.0,-224.0,-539.0,487.0,-346.0,-264.0,-180.0,-479.0
-215.0,-762.0,-92.0,-212.0,-438.0,374.0,-297.0,-177.0,-152.0,-362.0
-231.0,-1232.0,-104.0,-230.0,-153.0,400.0,-384.0,73.0,-127.0,-225.0
-232.0,-1716.0,-73.0,-158.0,-12.0,493.0,-476.0,103.0,-112.0,-113.0
-250.0,-1778.0,-69.0,-61.0,288.0,359.0,-253.0,118.0,-77.0,-26.0
-247.0,-1618.0,-48.0,42.0,736.0,137.0,247.0,-20.0,-27.0,61.0
-241.0,-1177.0,-17.0,94.0,1143.0,45.0,540.0,18.0,37.0,135.0
-256.0,-483.0,-57.0,114.0,1195.0,173.0,451.0,73.0,81.0,189.0
-249.0,138.0,-39.0,73.0,846.0,384.0,244.0,53.0,101.0,231.0
-256.0,371.0,-20.0,-23.0,429.0,574.0,285.0,125.0,114.0,290.0
-203.0,554.0,-39.0,-74.0,-88.0,870.0,506.0,51.0,137.0,320.0
-173.0,1031.0,-9.0,-113.0,-698.0,982.0,468.0,206.0,176.0,320.0
-144.0,1021.0,-2.0,-107.0,-1127.0,804.0,272.0,275.0,178.0,333.0
-133.0,713.0,-8.0,-78.0,-1082.0,553.0,216.0,242.0,134.0,324.0
-115.0,567.0,-17.0,-87.0,-578.0,340.0,214.0,138.0,34.0,292.0
-88.0,-207.0,-15.0,-122.0,-32.0,175.0,7.0,-72.0,-85.0,252.0
-51.0,-1517.0,3.0,-137.0,249.0,0.0,-317.0,-22.0,-146.0,232.0
20.0,-2617.0,28.0,-148.0,433.0,43.0,-479.0,-94.0,-112.0,235.0
66.0,-2769.0,35.0,-172.0,439.0,340.0,-504.0,3.0,-8.0,235.0
119.0,-2095.0,31.0,-195.0,145.0,691.0,-493.0,199.0,82.0,250.0
135.0,-883.0,17.0,-220.0,-195.0,829.0,-537.0,299.0,112.0,273.0
175.0,1208.0,0.0,-221.0,-346.0,703.0,-585.0,426.0,89.0,276.0
186.0,2873.0,28.0,-178.0,-178.0,519.0,-420.0,262.0,26.0,281.0
186.0,3775.0,10.0,-163.0,87.0,318.0,-5.0,147.0,-61.0,293.0
187.0,4265.0,3.0,-224.0,272.0,147.0,317.0,-36.0,-130.0,289.0
188.0,3739.0,7.0,-252.0,317.0,126.0,432.0,-266.0,-174.0,254.0
208.0,2220.0,-29.0,-291.0,290.0,304.0,617.0,-471.0,-208.0,198.0
206.0,390.0,-63.0,-315.0,106.0,457.0,861.0,-678.0,-233.0,130.0
203.0,-1115.0,-122.0,-235.0,-279.0,485.0,946.0,-663.0,-250.0,18.0
145.0,-2676.0,-151.0,-147.0,-417.0,406.0,816.0,-657.0,-262.0,-113.0
116.0,-3583.0,-164.0,-125.0,-273.0,183.0,677.0,-423.0,-290.0,-237.0
61.0,-3461.0,-177.0,-197.0,90.0,69.0,582.0,-219.0,-333.0,-356.0
12.0,-3215.0,-168.0,-188.0,501.0,175.0,464.0,-149.0,-320.0,-453.0
-14.0,-2461.0,-149.0,-62.0,677.0,265.0,226.0,-72.0,-269.0,-502.0
-14.0,-1186.0,-150.0,-21.0,731.0,272.0,-96.0,-107.0,-253.0,-502.0
13.0,2.0,-155.0,-14.0,657.0,217.0,-224.0,33.0,-243.0,-488.0
1.0,1072.0,-121.0,1.0,319.0,130.0,-180.0,24.0,-210.0,-463.0
2.0,1764.0,-95.0,-10.0,-121.0,-19.0,-174.0,-46.0,-157.0,-415.0
-29.0,2052.0,-29.0,-8.0,-308.0,-289.0,-397.0,-157.0,-112.0,-351.0
-60.0,2033.0,34.0,3.0,-336.0,-437.0,-649.0,-327.0,-53.0,-314.0
-88.0,1297.0,26.0,4.0,-474.0,-284.0,-607.0,-258.0,29.0,-289.0
-90.0,111.0,72.0,-39.0,-664.0,15.0,-266.0,-232.0,110.0,-244.0
-130.0,-873.0,76.0,-85.0,-693.0,130.0,133.0,-182.0,179.0,-235.0
-178.0,-1403.0,84.0,-110.0,-555.0,95.0,314.0,-264.0,195.0,-255.0
-192.0,-1730.0,145.0,-131.0,-488.0,110.0,255.0,-360.0,161.0,-287.0
-219.0,-1857.0,145.0,-92.0,-498.0,143.0,149.0,-343.0,107.0,-318.0
-205.0,-1717.0,181.0,-71.0,-314.0,213.0,155.0,-395.0,59.0,-359.0
-182.0,-1761.0,201.0,-69.0,36.0,235.0,125.0,-256.0,41.0,-403.0
-140.0,-1689.0,174.0,12.0,244.0,85.0,10.0,-142.0,52.0,-416.0
-124.0,-1436.0,147.0,138.0,163.0,-166.0,-48.0,-49.0,59.0,-424.0
-122.0,-1027.0,123.0,269.0,69.0,-237.0,-38.0,-24.0,70.0,-433.0
-150.0,-381.0,19.0,308.0,311.0,-121.0,-21.0,-9.0,110.0,-421.0
-173.0,-42.0,-59.0,239.0,571.0,-62.0,98.0,83.0,142.0,-365.0
-191.0,200.0,-62.0,128.0,709.0,-7.0,286.0,-33.0,173.0,-306.0
-187.0,481.0,-113.0,-1.0,838.0,89.0,349.0,-20.0,203.0,-255.0
-155.0,932.0,-99.0,-71.0,974.0,306.0,383.0,-42.0,203.0,-177.0
-133.0,1634.0,-71.0,-123.0,1075.0,494.0,445.0,-59.0,183.0,-68.0
-69.0,2049.0,-95.0,-147.0,705.0,396.0,559.0,-40.0,147.0,51.0
-54.0,2366.0,-90.0,-122.0,3.0,251.0,744.0,-229.0,122.0,142.0
-59.0,2417.0,-88.0,-103.0,-505.0,111.0,819.0,-227.0,109.0,221.0
-108.0,2275.0,-100.0,-109.0,-760.0,50.0,623.0,-230.0,78.0,312.0
-161.0,2219.0,-87.0,-143.0,-969.0,-20.0,400.0,-162.0,54.0,394.0
-189.0,1549.0,-101.0,-148.0,-1175.0,-211.0,416.0,-149.0,16.0,449.0
-185.0,606.0,-98.0,-128.0,-1151.0,-205.0,523.0,-216.0,-47.0,494.0
-111.0,-601.0,-105.0,-110.0,-911.0,-120.0,543.0,-206.0,-117.0,520.0
-59.0,-2085.0,-136.0,-127.0,-835.0,26.0,264.0,-362.0,-186.0,523.0
-7.0,-2969.0,-130.0,-176.0,-964.0,189.0,-183.0,-334.0,-231.0,531.0
25.0,-3152.0,-137.0,-237.0,-785.0,229.0,-375.0,-412.0,-267.0,539.0
22.0,-2503.0,-147.0,-238.0,-265.0,215.0,-143.0,-408.0,-268.0,505.0
-14.0,-1602.0,-140.0,-113.0,252.0,121.0,227.0,-280.0,-229.0,450.0
-28.0,-434.0,-136.0,49.0,662.0,43.0,280.0,-397.0,-201.0,423.0
7.0,983.0,-151.0,177.0,1053.0,-68.0,25.0,-471.0,-165.0,385.0
34.0,1646.0,-109.0,232.0,1525.0,-128.0,-390.0,-604.0,-127.0,332.0
38.0,1871.0,-72.0,219.0,1667.0,-12.0,-691.0,-522.0,-87.0,302.0
28.0,1830.0,-35.0,198.0,1277.0,164.0,-609.0,-443.0,-72.0,266.0
34.0,1497.0,14.0,148.0,752.0,292.0,-268.0,-378.0,-102.0,226.0
2.0,896.0,13.0,22.0,349.0,249.0,52.0,-216.0,-134.0,204.0
-33.0,155.0,34.0,-109.0,-37.0,89.0,158.0,-173.0,-168.0,188.0
-37.0,-487.0,37.0,-186.0,-706.0,-144.0,141.0,44.0,-200.0,172.0
-35.0,-962.0,18.0,-200.0,-1276.0,-422.0,216.0,22.0,-215.0,133.0
-12.0,-1084.0,15.0,-145.0,-1231.0,-536.0,445.0,-121.0,-218.0,88.0
-7.0,-1097.0,-31.0,-86.0,-975.0,-396.0,635.0,-238.0,-200.0,28.0
-13.0,-883.0,-42.0,-69.0,-998.0,-158.0,628.0,-303.0,-178.0,-62.0
-27.0,-36.0,-4.0,-107.0,-964.0,-10.0,508.0,-127.0,-179.0,-172.0
-74.0,1246.0,-14.0,-211.0,-540.0,109.0,373.0,-116.0,-188.0,-284.0
-127.0,1946.0,8.0,-271.0,-42.0,310.0,210.0,-73.0,-199.0,-363.0
-166.0,2056.0,25.0,-264.0,297.0,383.0,-43.0,11.0,-204.0,-435.0
-151.0,1570.0,1.0,-240.0,385.0,306.0,-271.0,212.0,-198.0,-466.0
-114.0,187.0,0.0,-173.0,561.0,307.0,-290.0,358.0,-176.0,-430.0
-78.0,-966.0,-3.0,-123.0,911.0,242.0,-133.0,225.0,-141.0,-363.0
-24.0,-1750.0,-5.0,-114.0,1010.0,-50.0,105.0,160.0,-120.0,-288.0
-10.0,-2285.0,23.0,-138.0,1023.0,-237.0,73.0,-51.0,-89.0,-191.0
-45.0,-2159.0,32.0,-115.0,1041.0,-115.0,-378.0,-197.0,-57.0,-72.0
-85.0,-1669.0,45.0,-51.0,1056.0,26.0,-760.0,-216.0,-54.0,22.0
-88.0,-1174.0,98.0,-19.0,856.0,14.0,-807.0,-266.0,-72.0,72.0
-72.0,-419.0,118.0,7.0,195.0,-162.0,-580.0,-206.0,-105.0,84.0
-61.0,512.0,160.0,36.0,-305.0,-311.0,-322.0,-195.0,-128.0,56.0
-28.0,1321.0,201.0,42.0,-421.0,-265.0,-336.0,-164.0,-145.0,-36.0
12.0,2275.0,186.0,77.0,-549.0,-163.0,-651.0,-402.0,-167.0,-155.0
30.0,3175.0,176.0,145.0,-787.0,-26.0,-910.0,-694.0,-153.0,-279.0
46.0,3490.0,183.0,103.0,-944.0,127.0,-724.0,-678.0,-108.0,-396.0
68.0,2947.0,170.0,86.0,-803.0,146.0,-267.0,-606.0,-66.0,-457.0
89.0,1704.0,171.0,55.0,-562.0,-84.0,119.0,-463.0,-14.0,-430.0
119.0,-84.0,163.0,-65.0,-480.0,-167.0,301.0,-471.0,36.0,-312.0
141.0,-1911.0,143.0,-104.0,-346.0,-63.0,326.0,-402.0,80.0,-169.0
158.0,-3321.0,133.0,-69.0,37.0,-190.0,220.0,-253.0,97.0,-8.0
157.0,-4205.0,116.0,26.0,498.0,-371.0,149.0,-144.0,78.0,157.0
160.0,-4165.0,116.0,106.0,797.0,-444.0,236.0,1.0,59.0,295.0
139.0,-3291.0,84.0,153.0,798.0,-348.0,308.0,-38.0,23.0,341.0
122.0,-1972.0,58.0,155.0,722.0,-318.0,246.0,-22.0,-52.0,304.0
140.0,-645.0,37.0,74.0,761.0,-390.0,-29.0,-101.0,-147.0,241.0
142.0,504.0,22.0,-29.0,502.0,-406.0,-243.0,-133.0,-240.0,129.0
153.0,1395.0,3.0,-81.0,151.0,-484.0,-177.0,-160.0,-315.0,25.0
149.0,2033.0,-34.0,-126.0,133.0,-467.0,15.0,-240.0,-343.0,-72.0
132.0,2461.0,5.0,-156.0,136.0,-498.0,62.0,-86.0,-322.0,-181.0
103.0,2532.0,-28.0,-118.0,-13.0,-534.0,-264.0,-88.0,-235.0,-264.0
66.0,2385.0,-73.0,-94.0,-352.0,-463.0,-608.0,-60.0,-93.0,-297.0
25.0,1859.0,-52.0,-90.0,-575.0,-507.0,-651.0,-153.0,37.0,-274.0
-18.0,699.0,-92.0,-105.0,-508.0,-488.0,-601.0,-299.0,136.0,-202.0
-72.0,-487.0,-130.0,-89.0,-652.0,-411.0,-627.0,-260.0,204.0,-100.0
-129.0,-1275.0,-154.0,-53.0,-1035.0,-379.0,-621.0,-266.0,252.0,9.0
-166.0,-1898.0,-150.0,-41.0,-1038.0,-355.0,-372.0,-173.0,260.0,130.0
-194.0,-2079.0,-196.0,-8.0,-570.0,-276.0,165.0,-184.0,243.0,194.0
-193.0,-1790.0,-225.0,38.0,-101.0,-142.0,640.0,-99.0,247.0,179.0
-164.0,-884.0,-218.0,78.0,344.0,-194.0,677.0,-29.0,175.0,87.0
-122.0,336.0,-203.0,140.0,840.0,-401.0,428.0,-129.0,50.0,-52.0
-116.0,979.0,-148.0,188.0,1283.0,-618.0,180.0,-181.0,-52.0,-206.0
-112.0,1468.0,-126.0,183.0,1401.0,-605.0,-16.0,-436.0,-144.0,-392.0
-126.0,1651.0,-85.0,145.0,1013.0,-384.0,-172.0,-497.0,-190.0,-553.0
-153.0,1515.0,-50.0,66.0,571.0,-224.0,-213.0,-484.0,-188.0,-688.0
-160.0,1178.0,-41.0,23.0,244.0,-54.0,-271.0,-412.0,-141.0,-767.0
-151.0,628.0,-31.0,2.0,-74.0,-97.0,-489.0,-256.0,-60.0,-744.0
-105.0,283.0,-20.0,-5.0,-483.0,-353.0,-732.0,-282.0,34.0,-651.0
-37.0,-108.0,-37.0,-23.0,-799.0,-678.0,-761.0,-101.0,101.0,-509.0
66.0,-299.0,-28.0,-47.0,-591.0,-888.0,-475.0,-166.0,117.0,-348.0
110.0,-749.0,4.0,20.0,-200.0,-822.0,-155.0,-308.0,113.0,-179.0
96.0,-1265.0,0.0,148.0,-105.0,-875.0,-46.0,-279.0,110.0,1.0
40.0,-1559.0,22.0,250.0,-190.0,-907.0,-130.0,-195.0,138.0,143.0
-1.0,-2026.0,-4.0,242.0,-208.0,-801.0,-280.0,-99.0,163.0,259.0
-15.0,-1832.0,-6.0,163.0,-179.0,-747.0,-380.0,-354.0,197.0,392.0
-30.0,-1160.0,-9.0,114.0,-341.0,-726.0,-322.0,-498.0,221.0,482.0
-1.0,-185.0,-63.0,129.0,-600.0,-740.0,-37.0,-587.0,201.0,520.0
12.0,896.0,-40.0,156.0,-379.0,-638.0,244.0,-521.0,139.0,528.0
37.0,1586.0,-77.0,188.0,63.0,-505.0,311.0,-275.0,30.0,480.0
14.0,2090.0,-93.0,210.0,179.0,-405.0,227.0,-197.0,-75.0,376.0
-17.0,2266.0,-118.0,218.0,140.0,-279.0,142.0,-131.0,-184.0,231.0
-37.0,2038.0,-158.0,170.0,114.0,-245.0,150.0,-243.0,-253.0,74.0
-55.0,1280.0,-129.0,83.0,374.0,-311.0,303.0,-256.0,-271.0,-70.0
-18.0,188.0,-162.0,59.0,554.0,-432.0,433.0,-225.0,-242.0,-180.0
5.0,-784.0,-164.0,33.0,326.0,-473.0,280.0,-155.0,-172.0,-222.0
28.0,-1791.0,-145.0,41.0,222.0,-425.0,-155.0,97.0,-114.0,-183.0
32.0,-2167.0,-166.0,93.0,219.0,-390.0,-557.0,131.0,-51.0,-107.0
37.0,-1736.0,-162.0,136.0,-107.0,-362.0,-634.0,184.0,-5.0,-12.0
12.0,-1274.0,-133.0,153.0,-584.0,-450.0,-450.0,245.0,-8.0,115.0
-24.0,-612.0,-172.0,130.0,-837.0,-463.0,-193.0,242.0,-55.0,221.0
-31.0,-32.0,-176.0,103.0,-909.0,-379.0,-141.0,136.0,-82.0,277.0
-52.0,652.0,-179.0,92.0,-875.0,-338.0,-339.0,-110.0,-94.0,282.0
-70.0,1514.0,-224.0,67.0,-796.0,-232.0,-526.0,-256.0,-92.0,251.0
-112.0,1852.0,-161.0,57.0,-463.0,-335.0,-536.0,-380.0,-80.0,196.0
-153.0,2117.0,-181.0,102.0,39.0,-417.0,-366.0,-264.0,-96.0,101.0
-181.0,2070.0,-196.0,128.0,267.0,-338.0,-101.0,-262.0,-130.0,-25.0
-220.0,1194.0,-127.0,151.0,265.0,-330.0,188.0,-367.0,-194.0,-190.0
-272.0,-24.0,-150.0,202.0,137.0,-271.0,347.0,-230.0,-232.0,-363.0
-288.0,-1366.0,-122.0,259.0,123.0,-231.0,322.0,-138.0,-203.0,-523.0
-253.0,-2380.0,-63.0,277.0,252.0,-143.0,305.0,103.0,-154.0,-643.0
-221.0,-2698.0,-92.0,249.0,180.0,-131.0,339.0,227.0,-102.0,-697.0
-205.0,-2475.0,-66.0,238.0,34.0,-210.0,317.0,293.0,-34.0,-694.0
-209.0,-1611.0,-25.0,245.0,181.0,-285.0,183.0,314.0,23.0,-592.0
-188.0,-432.0,-42.0,238.0,354.0,-450.0,-56.0,168.0,65.0,-416.0
-109.0,848.0,0.0,241.0,386.0,-469.0,-208.0,49.0,113.0,-257.0
-12.0,1994.0,49.0,233.0,455.0,-454.0,-132.0,-105.0,177.0,-131.0
65.0,2271.0,60.0,225.0,599.0,-346.0,105.0,22.0,252.0,-11.0
143.0,1740.0,82.0,287.0,889.0,-137.0,146.0,27.0,306.0,78.0
153.0,812.0,106.0,297.0,879.0,-70.0,-184.0,59.0,322.0,99.0
127.0,-148.0,117.0,241.0,532.0,-99.0,-403.0,169.0,288.0,97.0
112.0,-966.0,123.0,173.0,305.0,-194.0,-197.0,40.0,217.0,89.0
77.0,-1544.0,143.0,118.0,134.0,-175.0,164.0,75.0,130.0,41.0
72.0,-1747.0,153.0,128.0,-132.0,-214.0,204.0,-72.0,45.0,-45.0
54.0,-1940.0,143.0,126.0,-391.0,-312.0,-183.0,-249.0,-13.0,-183.0
64.0,-1739.0,120.0,133.0,-466.0,-263.0,-507.0,-295.0,-10.0,-366.0
82.0,-1037.0,77.0,89.0,-300.0,-143.0,-450.0,-190.0,19.0,-539.0
66.0,-285.0,48.0,13.0,-65.0,0.0,-257.0,-90.0,33.0,-667.0
23.0,712.0,-1.0,-6.0,-81.0,12.0,-266.0,-133.0,47.0,-723.0
-10.0,1476.0,-58.0,-48.0,-27.0,31.0,-403.0,5.0,46.0,-706.0
-6.0,2001.0,-92.0,-93.0,232.0,47.0,-388.0,-153.0,62.0,-638.0
-6.0,2177.0,-126.0,-145.0,355.0,-29.0,-331.0,-288.0,70.0,-517.0
10.0,1800.0,-132.0,-232.0,367.0,-81.0,-503.0,-286.0,59.0,-327.0
18.0,1238.0,-128.0,-290.0,351.0,-184.0,-788.0,-402.0,37.0,-105.0
45.0,380.0,-119.0,-275.0,400.0,-253.0,-904.0,-388.0,-27.0,109.0
61.0,-343.0,-87.0,-234.0,311.0,-212.0,-737.0,-428.0,-94.0,335.0
57.0,-973.0,-53.0,-170.0,101.0,-126.0,-442.0,-339.0,-162.0,568.0
45.0,-1530.0,-45.0,-92.0,-61.0,-62.0,-364.0,-173.0,-210.0,731.0
49.0,-1680.0,0.0,-55.0,-310.0,-81.0,-581.0,-46.0,-219.0,779.0
47.0,-1364.0,57.0,-57.0,-526.0,-114.0,-697.0,60.0,-209.0,747.0
9.0,-656.0,17.0,-43.0,-727.0,-84.0,-351.0,31.0,-173.0,609.0
-24.0,140.0,6.0,-29.0,-941.0,-14.0,146.0,31.0,-146.0,370.0
-82.0,1080.0,12.0,-62.0,-887.0,-51.0,380.0,-75.0,-107.0,82.0
-117.0,1627.0,-42.0,-99.0,-733.0,-179.0,354.0,-157.0,-60.0,-239.0
-156.0,1686.0,-38.0,-117.0,-773.0,-209.0,261.0,-188.0,-50.0,-567.0
-197.0,1463.0,-12.0,-69.0,-718.0,-123.0,260.0,-229.0,-39.0,-825.0
-227.0,783.0,-29.0,38.0,-594.0,-89.0,287.0,-79.0,-23.0,-969.0
-233.0,171.0,-1.0,150.0,-553.0,-160.0,268.0,14.0,-6.0,-1010.0
-260.0,-124.0,42.0,241.0,-402.0,-254.0,129.0,273.0,-7.0,-895.0
-274.0,-356.0,70.0,259.0,-228.0,-288.0,-149.0,515.0,-12.0,-645.0
-261.0,-572.0,140.0,230.0,66.0,-135.0,-618.0,524.0,15.0,-348.0
-272.0,-446.0,205.0,231.0,527.0,24.0,-1042.0,439.0,32.0,-51.0
-241.0,-190.0,249.0,220.0,762.0,77.0,-1037.0,131.0,68.0,165.0
-226.0,41.0,321.0,217.0,899.0,121.0,-757.0,-24.0,94.0,280.0
-187.0,359.0,343.0,243.0,1047.0,125.0,-459.0,-155.0,100.0,281.0
-158.0,268.0,333.0,239.0,883.0,156.0,-398.0,-171.0,107.0,190.0
-126.0,-333.0,348.0,220.0,587.0,142.0,-495.0,-94.0,100.0,24.0
-97.0,-1107.0,310.0,175.0,313.0,50.0,-447.0,-110.0,94.0,-202.0
-85.0,-1617.0,235.0,141.0,75.0,-15.0,-186.0,-40.0,92.0,-442.0
-60.0,-1833.0,161.0,106.0,-160.0,-18.0,51.0,-53.0,96.0,-703.0
-62.0,-1884.0,118.0,100.0,-560.0,43.0,64.0,129.0,92.0,-924.0
-35.0,-1589.0,64.0,146.0,-757.0,45.0,-15.0,203.0,123.0,-1070.0
-35.0,-994.0,0.0,167.0,-714.0,-13.0,-83.0,133.0,146.0,-1113.0
-44.0,-283.0,1.0,151.0,-650.0,-6.0,-37.0,81.0,141.0,-1015.0
-50.0,430.0,-32.0,140.0,-392.0,29.0,30.0,-72.0,142.0,-805.0
-40.0,1060.0,-51.0,155.0,-100.0,-25.0,-7.0,0.0,119.0,-505.0
-54.0,1321.0,-34.0,134.0,199.0,-66.0,-183.0,-18.0,85.0,-180.0
-91.0,1435.0,-44.0,106.0,509.0,-22.0,-341.0,86.0,20.0,151.0
-99.0,1556.0,-19.0,65.0,583.0,-14.0,-160.0,194.0,-77.0,480.0
-82.0,1383.0,-16.0,15.0,609.0,-14.0,201.0,86.0,-159.0,744.0
-33.0,1221.0,15.0,-13.0,662.0,-26.0,228.0,22.0,-224.0,914.0
-5.0,833.0,71.0,13.0,660.0,-127.0,-102.0,-134.0,-259.0,962.0
56.0,105.0,72.0,9.0,648.0,-276.0,-284.0,-133.0,-245.0,926.0
77.0,-600.0,85.0,-79.0,488.0,-285.0,-186.0,-205.0,-229.0,801.0
63.0,-1386.0,110.0,-72.0,254.0,-156.0,43.0,-195.0,-185.0,592.0
31.0,-1950.0,97.0,-76.0,118.0,-116.0,294.0,-125.0,-98.0,372.0
18.0,-2304.0,110.0,-78.0,-150.0,-264.0,311.0,-75.0,18.0,190.0
51.0,-2357.0,128.0,-36.0,-441.0,-374.0,26.0,138.0,144.0,79.0
53.0,-1888.0,111.0,-60.0,-436.0,-271.0,-285.0,42.0,256.0,36.0
91.0,-1104.0,155.0,-65.0,-416.0,-166.0,-421.0,55.0,347.0,56.0
98.0,-250.0,131.0,-67.0,-476.0,-141.0,-337.0,44.0,366.0,107.0
109.0,466.0,101.0,-71.0,-522.0,-160.0,-150.0,-31.0,333.0,168.0
85.0,1295.0,136.0,-18.0,-548.0,-80.0,-23.0,79.0,240.0,285.0
53.0,1818.0,84.0,1.0,-436.0,93.0,43.0,-11.0,103.0,465.0
43.0,1857.0,78.0,-8.0,-176.0,200.0,-1.0,14.0,-31.0,636.0
33.0,1813.0,102.0,-41.0,142.0,208.0,-85.0,46.0,-149.0,749.0
70.0,1304.0,77.0,-121.0,438.0,52.0,-114.0,151.0,-225.0,796.0
81.0,634.0,74.0,-152.0,780.0,-142.0,-141.0,149.0,-283.0,734.0
89.0,296.0,99.0,-216.0,958.0,-214.0,-202.0,-7.0,-313.0,564.0
73.0,138.0,79.0,-302.0,750.0,-45.0,-195.0,73.0,-327.0,314.0
92.0,143.0,65.0,-329.0,410.0,101.0,-50.0,-5.0,-327.0,51.0
127.0,65.0,87.0,-312.0,132.0,98.0,107.0,136.0,-280.0,-164.0
143.0,-56.0,53.0,-242.0,-83.0,109.0,162.0,267.0,-156.0,-336.0
140.0,-71.0,22.0,-186.0,-299.0,13.0,95.0,347.0,24.0,-432.0
115.0,-153.0,13.0,-148.0,-460.0,-128.0,8.0,609.0,203.0,-443.0
101.0,-266.0,21.0,-115.0,-393.0,-245.0,-141.0,582.0,380.0,-422.0
106.0,-403.0,3.0,-58.0,-192.0,-203.0,-382.0,526.0,497.0,-366.0
134.0,-468.0,9.0,-1.0,-168.0,56.0,-435.0,317.0,505.0,-234.0
163.0,-218.0,15.0,58.0,-339.0,356.0,-158.0,121.0,422.0,-18.0
214.0,339.0,-22.0,96.0,-406.0,500.0,228.0,-127.0,298.0,261.0
218.0,672.0,-21.0,62.0,-365.0,399.0,507.0,-271.0,176.0,550.0
201.0,479.0,-24.0,31.0,-371.0,258.0,640.0,-36.0,64.0,763.0
157.0,-47.0,1.0,-17.0,-456.0,132.0,551.0,-9.0,-48.0,872.0
119.0,-678.0,18.0,-89.0,-525.0,-4.0,448.0,27.0,-139.0,824.0
113.0,-1209.0,68.0,-161.0,-340.0,-118.0,554.0,-116.0,-205.0,608.0
101.0,-1292.0,102.0,-181.0,-87.0,-204.0,726.0,-157.0,-300.0,329.0
95.0,-863.0,115.0,-169.0,-39.0,-187.0,779.0,-3.0,-383.0,24.0
61.0,-522.0,163.0,-148.0,128.0,-80.0,659.0,-79.0,-424.0,-291.0
52.0,197.0,138.0,-72.0,487.0,29.0,419.0,83.0,-425.0,-544.0
78.0,1330.0,182.0,-41.0,655.0,89.0,141.0,188.0,-385.0,-687.0
97.0,2096.0,197.0,27.0,622.0,34.0,-16.0,230.0,-302.0,-707.0
73.0,2519.0,185.0,128.0,499.0,23.0,27.0,153.0,-203.0,-636.0
34.0,2410.0,219.0,175.0,407.0,136.0,243.0,-94.0,-106.0,-471.0
16.0,1872.0,212.0,228.0,405.0,168.0,380.0,-275.0,-18.0,-217.0
34.0,917.0,207.0,242.0,226.0,143.0,282.0,-482.0,41.0,48.0
68.0,-256.0,182.0,276.0,-22.0,97.0,168.0,-408.0,93.0,292.0
109.0,-1327.0,168.0,248.0,0.0,139.0,102.0,-410.0,121.0,514.0
167.0,-2341.0,122.0,167.0,143.0,269.0,-84.0,-286.0,161.0,677.0
205.0,-2920.0,102.0,173.0,59.0,269.0,-355.0,-27.0,233.0,744.0
193.0,-3145.0,116.0,145.0,-86.0,163.0,-533.0,0.0,278.0,704.0
159.0,-2992.0,90.0,46.0,-71.0,16.0,-642.0,149.0,299.0,582.0
136.0,-2261.0,58.0,-12.0,-41.0,-43.0,-546.0,160.0,294.0,412.0
76.0,-1046.0,34.0,-59.0,-120.0,-16.0,-327.0,144.0,233.0,221.0
-9.0,484.0,-6.0,-121.0,-329.0,39.0,-177.0,72.0,122.0,61.0
-68.0,1738.0,-58.0,-132.0,-339.0,-11.0,-21.0,0.0,6.0,-41.0
-88.0,2686.0,-92.0,-149.0,-172.0,-235.0,84.0,-53.0,-80.0,-97.0
-91.0,3399.0,-104.0,-176.0,-181.0,-371.0,183.0,-48.0,-95.0,-124.0
-88.0,3463.0,-80.0,-200.0,-241.0,-352.0,275.0,277.0,-25.0,-122.0
-102.0,2850.0,-72.0,-204.0,-149.0,-239.0,235.0,312.0,94.0,-90.0
-123.0,1939.0,6.0,-181.0,149.0,-143.0,192.0,314.0,237.0,-52.0
-116.0,1038.0,123.0,-138.0,369.0,21.0,364.0,319.0,308.0,-16.0
-92.0,282.0,169.0,-62.0,391.0,252.0,399.0,256.0,289.0,18.0
-78.0,-253.0,241.0,-10.0,572.0,342.0,185.0,269.0,216.0,24.0
-83.0,-604.0,262.0,82.0,734.0,274.0,261.0,68.0,100.0,4.0
-79.0,-721.0,232.0,186.0,655.0,174.0,570.0,105.0,-6.0,7.0
-38.0,-1028.0,213.0,238.0,461.0,160.0,684.0,68.0,-77.0,-13.0
-9.0,-1433.0,143.0,283.0,188.0,53.0,549.0,-73.0,-83.0,-26.0
-11.0,-1641.0,46.0,264.0,51.0,-73.0,367.0,-103.0,-62.0,30.0
-2.0,-1955.0,-35.0,190.0,-124.0,-108.0,241.0,-162.0,-40.0,117.0
7.0,-1933.0,-128.0,123.0,-471.0,-33.0,154.0,88.0,-11.0,213.0
33.0,-1824.0,-205.0,52.0,-649.0,161.0,-39.0,223.0,-32.0,269.0
48.0,-1774.0,-228.0,16.0,-654.0,242.0,-358.0,260.0,-60.0,255.0
108.0,-1220.0,-228.0,13.0,-687.0,265.0,-584.0,282.0,-79.0,200.0
169.0,-506.0,-192.0,-38.0,-706.0,294.0,-440.0,229.0,-116.0,83.0
213.0,209.0,-91.0,-79.0,-577.0,291.0,21.0,203.0,-141.0,-67.0
236.0,1007.0,19.0,-131.0,-380.0,313.0,260.0,-68.0,-172.0,-170.0
196.0,1753.0,152.0,-206.0,-48.0,406.0,155.0,-129.0,-212.0,-201.0
182.0,2272.0,240.0,-204.0,204.0,434.0,77.0,-97.0,-260.0,-119.0
159.0,2387.0,236.0,-152.0,270.0,304.0,71.0,-60.0,-314.0,46.0
153.0,2266.0,255.0,-44.0,547.0,266.0,-8.0,-97.0,-340.0,240.0
122.0,1878.0,217.0,40.0,739.0,375.0,-8.0,-343.0,-314.0,450.0
104.0,1136.0,170.0,77.0,600.0,315.0,65.0,-155.0,-267.0,613.0
134.0,253.0,167.0,146.0,409.0,77.0,80.0,-22.0,-170.0,743.0
131.0,-764.0,105.0,156.0,263.0,29.0,43.0,27.0,-27.0,843.0
125.0,-1481.0,38.0,141.0,81.0,87.0,-42.0,75.0,122.0,866.0
116.0,-1719.0,-47.0,191.0,-235.0,10.0,24.0,-33.0,296.0,826.0
145.0,-1824.0,-134.0,220.0,-671.0,-145.0,356.0,-60.0,436.0,763.0
170.0,-1548.0,-181.0,149.0,-989.0,-208.0,832.0,-247.0,517.0,633.0
159.0,-1062.0,-237.0,93.0,-967.0,-76.0,980.0,-242.0,552.0,407.0
127.0,-847.0,-283.0,60.0,-987.0,98.0,633.0,-179.0,554.0,160.0
90.0,-720.0,-268.0,-31.0,-1160.0,146.0,207.0,-86.0,553.0,-86.0
58.0,-510.0,-263.0,-92.0,-1032.0,66.0,10.0,-18.0,523.0,-322.0
40.0,-62.0,-220.0,-166.0,-679.0,-2.0,22.0,-123.0,447.0,-479.0
48.0,599.0,-87.0,-211.0,-353.0,-60.0,-90.0,-36.0,323.0,-537.0
59.0,1221.0,-32.0,-164.0,-67.0,-81.0,-264.0,-70.0,149.0,-532.0
62.0,1632.0,40.0,-131.0,229.0,-56.0,-347.0,-72.0,-21.0,-459.0
37.0,1577.0,139.0,-117.0,627.0,-65.0,-514.0,1.0,-180.0,-322.0
18.0,1075.0,138.0,-84.0,978.0,71.0,-768.0,188.0,-303.0,-186.0
4.0,17.0,155.0,-65.0,1043.0,191.0,-819.0,424.0,-350.0,-85.0
-12.0,-1142.0,150.0,-58.0,985.0,79.0,-571.0,430.0,-343.0,-34.0
17.0,-1723.0,135.0,6.0,1050.0,17.0,-208.0,434.0,-260.0,-19.0
55.0,-1934.0,133.0,76.0,1043.0,-17.0,84.0,184.0,-136.0,-51.0
101.0,-1649.0,77.0,148.0,754.0,-83.0,93.0,22.0,-14.0,-169.0
160.0,-827.0,44.0,186.0,383.0,-62.0,39.0,-7.0,113.0,-309.0
190.0,182.0,8.0,145.0,140.0,-49.0,98.0,-101.0,227.0,-439.0
221.0,1023.0,-34.0,107.0,-34.0,50.0,142.0,-49.0,293.0,-581.0
242.0,1502.0,-44.0,46.0,-304.0,121.0,163.0,-145.0,326.0,-698.0
241.0,1636.0,-45.0,-41.0,-607.0,-21.0,135.0,-55.0,327.0,-756.0
244.0,1438.0,-78.0,-89.0,-583.0,-37.0,146.0,-62.0,256.0,-750.0
258.0,1056.0,-121.0,-137.0,-315.0,298.0,182.0,-162.0,142.0,-676.0
230.0,273.0,-138.0,-190.0,-213.0,642.0,26.0,29.0,-3.0,-516.0
203.0,-637.0,-185.0,-177.0,-211.0,507.0,-202.0,107.0,-163.0,-291.0
198.0,-973.0,-163.0,-196.0,-73.0,155.0,-246.0,245.0,-316.0,-84.0
188.0,-955.0,-123.0,-200.0,231.0,83.0,-179.0,258.0,-432.0,87.0
161.0,-789.0,-124.0,-121.0,478.0,270.0,-157.0,260.0,-493.0,235.0
99.0,-484.0,-96.0,-95.0,556.0,361.0,-328.0,147.0,-509.0,310.0
64.0,-82.0,-94.0,-36.0,677.0,111.0,-546.0,-75.0,-443.0,273.0
29.0,309.0,-76.0,63.0,830.0,10.0,-414.0,-109.0,-335.0,162.0
5.0,488.0,-57.0,131.0,717.0,327.0,58.0,-273.0,-201.0,64.0
-11.0,677.0,-37.0,204.0,242.0,533.0,353.0,-199.0,-21.0,-18.0
-28.0,659.0,3.0,266.0,-210.0,376.0,251.0,-293.0,174.0,-73.0
-24.0,498.0,36.0,294.0,-335.0,150.0,65.0,-358.0,328.0,-63.0
-1.0,306.0,43.0,252.0,-395.0,76.0,-7.0,-160.0,410.0,-4.0
17.0,-133.0,49.0,138.0,-496.0,58.0,37.0,-179.0,426.0,102.0
36.0,-561.0,54.0,35.0,-443.0,14.0,69.0,24.0,385.0,235.0
76.0,-989.0,-39.0,-54.0,-320.0,-20.0,-3.0,144.0,336.0,374.0
98.0,-1351.0,-119.0,-149.0,-236.0,-127.0,-145.0,286.0,301.0,458.0
100.0,-1544.0,-140.0,-212.0,-275.0,-214.0,-268.0,395.0,285.0,471.0
79.0,-1339.0,-202.0,-311.0,-450.0,-194.0,-407.0,393.0,284.0,442.0
96.0,-798.0,-225.0,-376.0,-512.0,-152.0,-517.0,474.0,286.0,371.0
83.0,-208.0,-202.0,-364.0,-482.0,-72.0,-481.0,304.0,283.0,257.0
60.0,463.0,-183.0,-370.0,-569.0,-77.0,-409.0,230.0,260.0,108.0
40.0,1108.0,-155.0,-357.0,-475.0,-72.0,-134.0,97.0,226.0,-3.0
-3.0,1426.0,-117.0,-285.0,-103.0,-10.0,282.0,114.0,169.0,-33.0
-9.0,1183.0,-45.0,-192.0,229.0,7.0,486.0,308.0,100.0,-9.0
-25.0,1024.0,-18.0,-83.0,572.0,61.0,440.0,301.0,17.0,53.0
-12.0,911.0,40.0,8.0,803.0,70.0,262.0,393.0,-106.0,160.0
0.0,532.0,116.0,75.0,882.0,87.0,173.0,330.0,-233.0,311.0
22.0,300.0,118.0,102.0,1013.0,140.0,125.0,208.0,-343.0,516.0
32.0,-31.0,205.0,65.0,880.0,206.0,-45.0,1.0,-417.0,725.0
10.0,-340.0,248.0,-4.0,403.0,243.0,-174.0,-99.0,-441.0,890.0
8.0,-487.0,264.0,-88.0,61.0,250.0,-161.0,-5.0,-416.0,988.0
10.0,-607.0,308.0,-145.0,-222.0,374.0,-271.0,-96.0,-324.0,981.0
35.0,-661.0,261.0,-201.0,-644.0,466.0,-573.0,-57.0,-186.0,867.0
59.0,-606.0,241.0,-235.0,-823.0,327.0,-735.0,-20.0,-54.0,637.0
95.0,-190.0,201.0,-245.0,-749.0,85.0,-514.0,79.0,75.0,335.0
128.0,331.0,103.0,-253.0,-584.0,-39.0,-145.0,118.0,171.0,19.0
152.0,884.0,35.0,-252.0,-369.0,-16.0,-56.0,53.0,197.0,-243.0
174.0,1476.0,-32.0,-243.0,-248.0,68.0,-160.0,164.0,183.0,-402.0
200.0,1806.0,-86.0,-200.0,-107.0,83.0,-155.0,142.0,134.0,-475.0
204.0,1745.0,-134.0,-102.0,144.0,137.0,-10.0,194.0,99.0,-462.0
176.0,1508.0,-103.0,42.0,257.0,293.0,116.0,12.0,65.0,-384.0
152.0,1242.0,-71.0,189.0,55.0,327.0,238.0,-157.0,6.0,-215.0
115.0,534.0,-73.0,314.0,-31.0,231.0,476.0,-77.0,-54.0,7.0
55.0,-605.0,-16.0,393.0,55.0,141.0,695.0,-162.0,-141.0,217.0
-36.0,-2062.0,-17.0,412.0,-89.0,171.0,657.0,-158.0,-232.0,450.0
-100.0,-3089.0,0.0,346.0,-157.0,169.0,263.0,-254.0,-293.0,653.0
-146.0,-3193.0,11.0,226.0,25.0,57.0,-151.0,-149.0,-326.0,748.0
-143.0,-2790.0,6.0,91.0,251.0,9.0,-180.0,16.0,-324.0,739.0
-83.0,-1784.0,21.0,-83.0,588.0,-30.0,62.0,90.0,-279.0,603.0
-34.0,-591.0,26.0,-231.0,718.0,-72.0,241.0,212.0,-214.0,357.0
17.0,674.0,90.0,-323.0,502.0,-208.0,204.0,90.0,-119.0,33.0
20.0,1729.0,126.0,-435.0,441.0,-298.0,-17.0,99.0,-17.0,-327.0
21.0,2183.0,170.0,-491.0,315.0,-219.0,-215.0,-11.0,74.0,-643.0
17.0,2380.0,221.0,-422.0,-117.0,-260.0,-247.0,-24.0,181.0,-877.0
23.0,2109.0,218.0,-269.0,-487.0,-328.0,-286.0,88.0,277.0,-992.0
44.0,1535.0,183.0,-62.0,-709.0,-386.0,-380.0,49.0,381.0,-950.0
52.0,645.0,124.0,124.0,-728.0,-409.0,-384.0,251.0,484.0,-767.0
63.0,-338.0,47.0,268.0,-674.0,-315.0,-352.0,280.0,572.0,-450.0
35.0,-924.0,-51.0,371.0,-747.0,-107.0,-495.0,378.0,608.0,-45.0
4.0,-1534.0,-131.0,403.0,-509.0,110.0,-752.0,570.0,565.0,404.0
-47.0,-2024.0,-207.0,397.0,33.0,98.0,-727.0,624.0,480.0,838.0
-122.0,-2289.0,-232.0,322.0,340.0,-77.0,-311.0,574.0,342.0,1169.0
-194.0,-2252.0,-238.0,95.0,503.0,-269.0,13.0,279.0,194.0,1375.0
-260.0,-1905.0,-263.0,-124.0,733.0,-267.0,-80.0,227.0,81.0,1473.0
-294.0,-1324.0,-229.0,-295.0,959.0,-178.0,-201.0,134.0,-27.0,1432.0
-269.0,-214.0,-191.0,-432.0,956.0,-208.0,-35.0,70.0,-126.0,1236.0
-234.0,620.0,-148.0,-470.0,676.0,-212.0,177.0,133.0,-195.0,955.0
-192.0,1020.0,-92.0,-477.0,403.0,-150.0,63.0,109.0,-243.0,634.0
-126.0,1324.0,-35.0,-476.0,234.0,-99.0,-296.0,195.0,-255.0,291.0
-90.0,1242.0,43.0,-412.0,76.0,-143.0,-512.0,105.0,-242.0,-29.0
-84.0,968.0,73.0,-332.0,-220.0,-158.0,-479.0,25.0,-200.0,-286.0
-149.0,530.0,106.0,-290.0,-533.0,-139.0,-408.0,-62.0,-120.0,-475.0
-182.0,274.0,127.0,-200.0,-602.0,-161.0,-420.0,24.0,-44.0,-593.0
-171.0,340.0,76.0,-106.0,-600.0,-185.0,-353.0,181.0,15.0,-627.0
-150.0,449.0,24.0,-20.0,-779.0,-242.0,-59.0,97.0,48.0,-585.0
-81.0,598.0,-29.0,59.0,-781.0,-276.0,392.0,164.0,66.0,-530.0
-6.0,678.0,-139.0,107.0,-429.0,-304.0,607.0,60.0,64.0,-464.0
81.0,652.0,-237.0,157.0,-58.0,-269.0,480.0,-9.0,34.0,-351.0
122.0,562.0,-243.0,151.0,185.0,-202.0,314.0,-97.0,-3.0,-223.0
113.0,531.0,-320.0,116.0,223.0,-325.0,291.0,-229.0,-38.0,-92.0
82.0,462.0,-334.0,72.0,363.0,-454.0,342.0,-144.0,-91.0,25.0
44.0,404.0,-256.0,-7.0,557.0,-445.0,126.0,-230.0,-138.0,168.0
4.0,171.0,-261.0,-110.0,368.0,-437.0,-275.0,-197.0,-186.0,329.0
-24.0,-294.0,-167.0,-190.0,129.0,-396.0,-473.0,-92.0,-289.0,437.0
-32.0,-721.0,-66.0,-214.0,167.0,-337.0,-409.0,127.0,-383.0,470.0
-59.0,-1024.0,-5.0,-179.0,325.0,-270.0,-384.0,256.0,-443.0,406.0
-105.0,-854.0,82.0,-138.0,327.0,-173.0,-487.0,136.0,-455.0,250.0
-139.0,-507.0,148.0,-77.0,100.0,-133.0,-567.0,169.0,-399.0,3.0
-148.0,9.0,175.0,51.0,-147.0,-146.0,-653.0,36.0,-294.0,-293.0
-157.0,725.0,170.0,171.0,-155.0,-175.0,-635.0,-60.0,-132.0,-602.0
-128.0,1517.0,157.0,244.0,-267.0,-325.0,-411.0,-208.0,51.0,-885.0
-79.0,2048.0,88.0,276.0,-657.0,-500.0,-104.0,-423.0,217.0,-1079.0
-41.0,1808.0,17.0,256.0,-743.0,-477.0,43.0,-386.0,352.0,-1112.0
-32.0,1278.0,-39.0,170.0,-573.0,-408.0,63.0,-273.0,424.0,-998.0
-70.0,176.0,-94.0,67.0,-440.0,-346.0,137.0,-12.0,448.0,-808.0
-120.0,-1127.0,-124.0,-4.0,-372.0,-353.0,248.0,131.0,437.0,-518.0
-148.0,-1983.0,-105.0,-70.0,-283.0,-385.0,254.0,334.0,377.0,-193.0
-159.0,-2489.0,-104.0,-112.0,2.0,-283.0,82.0,509.0,313.0,72.0
-190.0,-2339.0,-130.0,-114.0,223.0,-291.0,-144.0,408.0,229.0,231.0
-205.0,-1673.0,-88.0,-24.0,217.0,-342.0,-394.0,373.0,141.0,254.0
-249.0,-726.0,-64.0,68.0,276.0,-342.0,-556.0,243.0,38.0,193.0
-304.0,310.0,-57.0,115.0,489.0,-285.0,-535.0,234.0,-91.0,30.0
-352.0,1184.0,-42.0,221.0,619.0,-152.0,-302.0,162.0,-175.0,-188.0
-379.0,1884.0,-48.0,278.0,522.0,-57.0,-6.0,-70.0,-262.0,-369.0
-360.0,2190.0,-46.0,293.0,323.0,116.0,62.0,-144.0,-325.0,-502.0
-310.0,1813.0,-45.0,337.0,235.0,225.0,-54.0,-118.0,-327.0,-581.0
-174.0,1324.0,-47.0,377.0,101.0,97.0,-162.0,101.0,-292.0,-531.0
-35.0,586.0,-50.0,372.0,-155.0,-162.0,-129.0,97.0,-230.0,-359.0
92.0,-421.0,-86.0,318.0,-332.0,-353.0,-64.0,66.0,-143.0,-174.0
185.0,-1054.0,-136.0,273.0,-402.0,-353.0,34.0,151.0,-33.0,-10.0
229.0,-1456.0,-186.0,182.0,-296.0,-228.0,217.0,118.0,73.0,130.0
220.0,-1478.0,-233.0,122.0,-241.0,-60.0,344.0,59.0,165.0,209.0
179.0,-1236.0,-261.0,113.0,-337.0,1.0,342.0,-129.0,242.0,182.0
165.0,-994.0,-291.0,86.0,-122.0,-68.0,285.0,-125.0,284.0,78.0
135.0,-780.0,-304.0,38.0,207.0,-206.0,266.0,-120.0,247.0,-29.0
105.0,-610.0,-332.0,-38.0,213.0,-215.0,187.0,-149.0,161.0,-121.0
64.0,-399.0,-331.0,-131.0,206.0,-129.0,23.0,-70.0,31.0,-194.0
41.0,-109.0,-317.0,-222.0,309.0,-192.0,-182.0,-53.0,-113.0,-193.0
33.0,225.0,-291.0,-245.0,372.0,-211.0,-233.0,83.0,-217.0,-71.0
37.0,661.0,-210.0,-179.0,381.0,21.0,-149.0,99.0,-286.0,148.0
40.0,1183.0,-135.0,-89.0,172.0,304.0,-191.0,-18.0,-282.0,401.0
39.0,1586.0,-23.0,-17.0,42.0,309.0,-255.0,-177.0,-229.0,655.0
74.0,1603.0,93.0,55.0,209.0,189.0,-146.0,-303.0,-158.0,883.0
109.0,1252.0,138.0,72.0,175.0,235.0,152.0,-303.0,-60.0,996.0
123.0,814.0,173.0,96.0,73.0,337.0,466.0,-275.0,28.0,960.0
107.0,116.0,209.0,145.0,176.0,254.0,663.0,-51.0,107.0,819.0
65.0,-484.0,193.0,96.0,280.0,25.0,637.0,84.0,200.0,594.0
26.0,-993.0,187.0,15.0,321.0,-82.0,470.0,173.0,297.0,272.0
1.0,-1473.0,157.0,-48.0,146.0,18.0,376.0,240.0,394.0,-52.0
0.0,-1637.0,113.0,-87.0,-74.0,148.0,387.0,197.0,471.0,-301.0
46.0,-1495.0,94.0,-104.0,-180.0,60.0,328.0,437.0,491.0,-487.0
115.0,-902.0,27.0,-114.0,-356.0,-40.0,118.0,369.0,477.0,-596.0
176.0,-511.0,10.0,-147.0,-640.0,-50.0,35.0,97.0,382.0,-598.0
175.0,-253.0,-20.0,-200.0,-770.0,-173.0,68.0,-96.0,220.0,-467.0
131.0,363.0,-74.0,-248.0,-590.0,-257.0,-11.0,-256.0,32.0,-295.0
101.0,878.0,-35.0,-232.0,-386.0,-176.0,-246.0,-77.0,-176.0,-118.0
95.0,1195.0,-15.0,-138.0,-271.0,-107.0,-392.0,-38.0,-321.0,91.0
90.0,1475.0,-21.0,-73.0,-147.0,-122.0,-166.0,158.0,-390.0,301.0
63.0,1321.0,-13.0,3.0,156.0,-62.0,282.0,334.0,-377.0,474.0
52.0,1042.0,-39.0,81.0,494.0,80.0,495.0,306.0,-286.0,591.0
8.0,567.0,-95.0,134.0,612.0,137.0,230.0,291.0,-173.0,664.0
-46.0,-322.0,-127.0,151.0,544.0,63.0,-79.0,134.0,-48.0,662.0
-100.0,-698.0,-160.0,170.0,526.0,20.0,-8.0,90.0,69.0,598.0
-128.0,-1063.0,-150.0,201.0,644.0,58.0,311.0,-138.0,186.0,478.0
-122.0,-1631.0,-119.0,210.0,481.0,52.0,642.0,-282.0,276.0,286.0
-110.0,-1902.0,-120.0,233.0,78.0,48.0,727.0,-338.0,327.0,48.0
-80.0,-1703.0,-41.0,187.0,-163.0,114.0,531.0,-243.0,356.0,-232.0
-52.0,-1170.0,-42.0,133.0,-217.0,213.0,353.0,-5.0,314.0,-494.0
-26.0,-659.0,0.0,76.0,-410.0,204.0,213.0,-40.0,203.0,-732.0
-19.0,-15.0,8.0,6.0,-704.0,118.0,23.0,25.0,33.0,-967.0
-14.0,261.0,-35.0,-42.0,-688.0,64.0,-91.0,-22.0,-177.0,-1123.0
-23.0,395.0,11.0,-77.0,-424.0,67.0,-119.0,-48.0,-379.0,-1144.0
-33.0,507.0,-20.0,-80.0,-235.0,143.0,-171.0,-110.0,-514.0,-1030.0
-25.0,349.0,-5.0,-80.0,-170.0,164.0,-180.0,-199.0,-541.0,-790.0
28.0,259.0,-67.0,-50.0,5.0,214.0,-37.0,-49.0,-497.0,-430.0
106.0,320.0,-30.0,-13.0,283.0,265.0,143.0,-103.0,-348.0,-23.0
162.0,478.0,-101.0,42.0,463.0,237.0,169.0,-153.0,-144.0,355.0
208.0,556.0,-66.0,78.0,371.0,256.0,21.0,-249.0,60.0,643.0
242.0,703.0,-76.0,125.0,264.0,271.0,7.0,-212.0,282.0,778.0
267.0,614.0,-208.0,211.0,364.0,204.0,243.0,24.0,448.0,707.0
244.0,274.0,-14.0,290.0,314.0,69.0,550.0,5.0,548.0,388.0
194.0,-33.0,-215.0,380.0,100.0,95.0,801.0,203.0,573.0,-71.0
153.0,-288.0,-113.0,360.0,-118.0,204.0,705.0,365.0,533.0,-585.0
141.0,-324.0,-39.0,233.0,-190.0,154.0,371.0,291.0,424.0,-1091.0
116.0,-271.0,-70.0,76.0,-118.0,136.0,345.0,306.0,260.0,-1501.0
76.0,-156.0,80.0,-76.0,-138.0,145.0,603.0,253.0,92.0,-1728.0
48.0,-147.0,16.0,-174.0,-221.0,55.0,724.0,55.0,-68.0,-1744.0
15.0,-362.0,154.0,-230.0,-75.0,15.0,628.0,-66.0,-170.0,-1602.0
-8.0,-519.0,74.0,-292.0,202.0,90.0,512.0,116.0,-213.0,-1309.0
-12.0,-477.0,151.0,-318.0,134.0,175.0,503.0,20.0,-196.0,-921.0
3.0,-406.0,84.0,-294.0,-108.0,207.0,440.0,-99.0,-111.0,-496.0
39.0,-109.0,59.0,-306.0,-204.0,262.0,165.0,-55.0,7.0,-78.0
82.0,255.0,72.0,-334.0,-150.0,313.0,-129.0,-59.0,167.0,331.0
71.0,453.0,-44.0,-336.0,-211.0,175.0,-128.0,169.0,340.0,733.0
34.0,957.0,24.0,-259.0,-309.0,-55.0,195.0,168.0,496.0,1041.0
-15.0,1565.0,-119.0,-110.0,-110.0,-167.0,574.0,171.0,628.0,1247.0
-77.0,1938.0,-9.0,35.0,197.0,-158.0,690.0,107.0,717.0,1358.0
-142.0,2022.0,-23.0,185.0,397.0,-124.0,458.0,-35.0,746.0,1348.0
-230.0,1797.0,41.0,350.0,446.0,-110.0,152.0,-105.0,722.0,1217.0
-304.0,1269.0,169.0,442.0,533.0,0.0,-95.0,-380.0,648.0,1020.0
-375.0,400.0,170.0,452.0,545.0,111.0,-232.0,-282.0,532.0,796.0
-426.0,-608.0,332.0,449.0,438.0,81.0,-79.0,-210.0,399.0,572.0
-446.0,-1638.0,343.0,371.0,189.0,-5.0,186.0,-227.0,262.0,362.0
-458.0,-2420.0,367.0,269.0,-45.0,-48.0,278.0,-179.0,137.0,179.0
-465.0,-2975.0,412.0,190.0,-70.0,82.0,176.0,-229.0,22.0,44.0
-445.0,-3202.0,386.0,100.0,-176.0,169.0,-16.0,1.0,-70.0,-80.0
-398.0,-2568.0,373.0,-31.0,-309.0,129.0,-117.0,140.0,-118.0,-158.0
-315.0,-1449.0,326.0,-210.0,-471.0,139.0,-3.0,195.0,-125.0,-168.0
-201.0,-205.0,249.0,-345.0,-350.0,102.0,145.0,3.0,-102.0,-134.0
-74.0,1117.0,131.0,-425.0,-161.0,-3.0,134.0,-177.0,-60.0,-61.0
23.0,2101.0,1.0,-392.0,-317.0,-87.0,49.0,55.0,6.0,38.0
97.0,2586.0,-22.0,-256.0,-276.0,33.0,165.0,134.0,93.0,177.0
136.0,2741.0,-163.0,-135.0,15.0,214.0,537.0,175.0,169.0,316.0
132.0,2435.0,-114.0,-17.0,215.0,233.0,780.0,-3.0,223.0,461.0
151.0,1773.0,-154.0,93.0,259.0,192.0,733.0,-216.0,228.0,624.0
136.0,1161.0,-205.0,163.0,324.0,139.0,576.0,-314.0,196.0,766.0
84.0,339.0,-87.0,196.0,357.0,83.0,479.0,-375.0,139.0,864.0
0.0,-588.0,-179.0,193.0,393.0,-37.0,496.0,-182.0,28.0,900.0
-101.0,-1255.0,-74.0,165.0,231.0,-135.0,539.0,-153.0,-111.0,909.0
-198.0,-1616.0,-50.0,134.0,-125.0,-104.0,537.0,24.0,-259.0,875.0
-272.0,-1651.0,-18.0,122.0,-49.0,56.0,487.0,206.0,-382.0,751.0
-297.0,-1370.0,60.0,131.0,8.0,198.0,570.0,197.0,-445.0,608.0
-298.0,-830.0,71.0,124.0,-190.0,177.0,694.0,216.0,-455.0,468.0
-265.0,-298.0,119.0,89.0,-230.0,116.0,534.0,92.0,-378.0,280.0
-222.0,316.0,154.0,6.0,-158.0,39.0,166.0,147.0,-214.0,74.0
-169.0,676.0,199.0,-57.0,-42.0,39.0,9.0,123.0,-28.0,-151.0
-153.0,658.0,196.0,-47.0,-20.0,38.0,204.0,-51.0,149.0,-417.0
-141.0,645.0,246.0,29.0,-234.0,-57.0,381.0,-81.0,283.0,-714.0
-100.0,556.0,240.0,204.0,-445.0,-61.0,306.0,-92.0,343.0,-1023.0
-57.0,340.0,232.0,390.0,-294.0,-38.0,10.0,-118.0,320.0,-1300.0
-27.0,43.0,216.0,505.0,-217.0,77.0,-245.0,-151.0,209.0,-1551.0
-21.0,64.0,212.0,519.0,-324.0,198.0,-231.0,-99.0,58.0,-1708.0
-6.0,188.0,181.0,442.0,-179.0,155.0,-40.0,-182.0,-109.0,-1658.0
-10.0,217.0,168.0,367.0,58.0,137.0,92.0,-225.0,-287.0,-1389.0
-12.0,356.0,184.0,283.0,266.0,188.0,4.0,-48.0,-436.0,-974.0
-34.0,273.0,114.0,158.0,295.0,225.0,-101.0,92.0,-524.0,-464.0
-46.0,48.0,155.0,17.0,266.0,145.0,-28.0,164.0,-579.0,139.0
-54.0,11.0,127.0,-109.0,338.0,64.0,140.0,1.0,-591.0,719.0
-72.0,47.0,107.0,-240.0,340.0,91.0,253.0,-84.0,-550.0,1170.0
-90.0,-90.0,125.0,-327.0,235.0,155.0,243.0,-18.0,-475.0,1459.0
-107.0,-161.0,75.0,-361.0,15.0,178.0,28.0,-27.0,-355.0,1573.0
-97.0,-108.0,106.0,-379.0,5.0,119.0,-218.0,-49.0,-203.0,1498.0
-125.0,-241.0,87.0,-314.0,202.0,35.0,-32.0,-160.0,-48.0,1192.0
-136.0,-325.0,86.0,-173.0,121.0,-32.0,454.0,-199.0,104.0,771.0
-144.0,-313.0,161.0,-18.0,-73.0,-50.0,637.0,-262.0,243.0,312.0
-136.0,-514.0,186.0,165.0,22.0,-73.0,258.0,-232.0,322.0,-173.0
-112.0,-514.0,203.0,358.0,170.0,-49.0,-367.0,-145.0,361.0,-594.0
-98.0,-374.0,272.0,452.0,90.0,30.0,-671.0,-125.0,369.0,-880.0
-61.0,-445.0,289.0,465.0,-74.0,142.0,-481.0,96.0,366.0,-1008.0
-6.0,-543.0,269.0,423.0,-180.0,313.0,-130.0,96.0,350.0,-1041.0
92.0,-624.0,291.0,349.0,-102.0,262.0,134.0,158.0,284.0,-962.0
182.0,-454.0,255.0,285.0,-112.0,81.0,271.0,332.0,200.0,-747.0
291.0,-64.0,193.0,193.0,-305.0,-16.0,391.0,275.0,80.0,-475.0
371.0,466.0,100.0,-9.0,-190.0,-187.0,603.0,264.0,-43.0,-176.0
421.0,890.0,-27.0,-297.0,117.0,-412.0,785.0,114.0,-183.0,151.0
416.0,1144.0,-136.0,-470.0,246.0,-459.0,893.0,94.0,-320.0,505.0
324.0,1303.0,-252.0,-599.0,173.0,-271.0,768.0,79.0,-417.0,815.0
242.0,1247.0,-331.0,-700.0,125.0,-95.0,417.0,9.0,-485.0,1017.0
149.0,1157.0,-346.0,-650.0,165.0,-41.0,134.0,-14.0,-509.0,1120.0
75.0,763.0,-321.0,-534.0,160.0,-85.0,10.0,-72.0,-499.0,1110.0
-5.0,420.0,-281.0,-381.0,-9.0,-137.0,50.0,101.0,-445.0,958.0
-23.0,52.0,-167.0,-217.0,-195.0,-109.0,122.0,73.0,-373.0,710.0
13.0,-639.0,-83.0,-47.0,-81.0,-128.0,128.0,5.0,-261.0,450.0
41.0,-931.0,-17.0,78.0,-27.0,-194.0,106.0,-53.0,-138.0,183.0
66.0,-1078.0,99.0,172.0,-117.0,-240.0,106.0,-59.0,-18.0,-102.0
69.0,-1232.0,121.0,265.0,-211.0,-199.0,99.0,-12.0,121.0,-350.0
109.0,-1243.0,149.0,352.0,-241.0,-37.0,56.0,-247.0,234.0,-572.0
105.0,-875.0,158.0,458.0,-120.0,26.0,-15.0,-186.0,339.0,-807.0
106.0,-229.0,118.0,505.0,-193.0,-122.0,-77.0,-127.0,388.0,-1007.0
127.0,137.0,86.0,506.0,-246.0,-325.0,12.0,-112.0,374.0,-1092.0
136.0,781.0,66.0,427.0,-51.0,-481.0,290.0,-62.0,324.0,-1057.0
130.0,1186.0,43.0,240.0,174.0,-476.0,627.0,-118.0,235.0,-914.0
65.0,1141.0,0.0,31.0,275.0,-406.0,779.0,92.0,118.0,-635.0
3.0,1246.0,2.0,-140.0,217.0,-483.0,701.0,325.0,-7.0,-253.0
-58.0,893.0,-56.0,-265.0,229.0,-491.0,545.0,522.0,-119.0,171.0
-115.0,486.0,-103.0,-356.0,325.0,-363.0,333.0,452.0,-225.0,541.0
-161.0,76.0,-131.0,-395.0,230.0,-216.0,17.0,365.0,-288.0,811.0
-156.0,-506.0,-168.0,-385.0,-45.0,-125.0,-326.0,426.0,-317.0,986.0
-126.0,-751.0,-121.0,-333.0,-103.0,-87.0,-560.0,256.0,-338.0,1031.0
-100.0,-917.0,-63.0,-241.0,-46.0,-57.0,-588.0,155.0,-320.0,964.0
-53.0,-739.0,-7.0,-83.0,-130.0,-126.0,-414.0,57.0,-274.0,834.0
-18.0,-530.0,47.0,113.0,-177.0,-258.0,-292.0,134.0,-202.0,680.0
16.0,-701.0,116.0,311.0,-221.0,-433.0,-257.0,230.0,-96.0,486.0
22.0,-688.0,124.0,493.0,-210.0,-507.0,-181.0,105.0,-20.0,317.0
33.0,-728.0,118.0,660.0,-77.0,-451.0,-63.0,60.0,21.0,228.0
58.0,-621.0,164.0,790.0,-135.0,-484.0,79.0,-68.0,80.0,155.0
97.0,-414.0,157.0,822.0,-276.0,-531.0,167.0,-53.0,104.0,119.0
144.0,-653.0,174.0,730.0,-45.0,-574.0,205.0,-125.0,131.0,133.0
160.0,-800.0,196.0,543.0,113.0,-600.0,148.0,-249.0,183.0,201.0
179.0,-789.0,199.0,385.0,-31.0,-541.0,-59.0,-253.0,222.0,263.0
188.0,-575.0,222.0,238.0,26.0,-521.0,-389.0,-336.0,265.0,289.0
170.0,76.0,220.0,58.0,102.0,-551.0,-640.0,-171.0,271.0,344.0
129.0,692.0,248.0,-100.0,106.0,-594.0,-517.0,-133.0,240.0,377.0
103.0,1128.0,227.0,-263.0,41.0,-576.0,-196.0,5.0,187.0,392.0
92.0,1489.0,181.0,-432.0,-86.0,-540.0,-3.0,219.0,95.0,389.0
67.0,1633.0,169.0,-552.0,73.0,-557.0,224.0,266.0,-3.0,379.0
41.0,1633.0,91.0,-616.0,259.0,-528.0,678.0,373.0,-114.0,361.0
27.0,1263.0,26.0,-583.0,203.0,-491.0,1129.0,205.0,-239.0,283.0
44.0,394.0,-50.0,-446.0,119.0,-522.0,1266.0,90.0,-348.0,233.0
72.0,-497.0,-104.0,-298.0,162.0,-652.0,1033.0,-51.0,-451.0,181.0
84.0,-1238.0,-165.0,-121.0,203.0,-701.0,733.0,-125.0,-516.0,116.0
97.0,-1666.0,-244.0,63.0,97.0,-610.0,638.0,-83.0,-528.0,60.0
134.0,-1691.0,-232.0,222.0,-21.0,-530.0,593.0,-194.0,-516.0,-14.0
173.0,-1202.0,-254.0,334.0,-158.0,-490.0,336.0,-147.0,-446.0,-97.0
185.0,-310.0,-224.0,401.0,-195.0,-529.0,-107.0,-216.0,-346.0,-244.0
164.0,472.0,-162.0,456.0,-152.0,-481.0,-486.0,-199.0,-216.0,-434.0
108.0,953.0,-127.0,470.0,-330.0,-308.0,-604.0,-77.0,-82.0,-606.0
32.0,1067.0,-57.0,460.0,-361.0,-210.0,-606.0,86.0,40.0,-768.0
-31.0,996.0,-17.0,426.0,-162.0,-301.0,-864.0,273.0,182.0,-894.0
-83.0,1139.0,44.0,324.0,-200.0,-442.0,-1188.0,149.0,270.0,-934.0
-130.0,1289.0,94.0,169.0,-186.0,-484.0,-1154.0,182.0,324.0,-903.0
-170.0,1226.0,130.0,53.0,82.0,-536.0,-752.0,149.0,335.0,-796.0
-199.0,1276.0,164.0,-63.0,233.0,-458.0,-219.0,27.0,282.0,-606.0
-217.0,1097.0,126.0,-199.0,377.0,-325.0,73.0,101.0,184.0,-335.0
-210.0,666.0,48.0,-245.0,487.0,-323.0,159.0,145.0,25.0,-3.0
-201.0,2.0,-16.0,-228.0,360.0,-316.0,250.0,175.0,-161.0,336.0
-184.0,-878.0,-87.0,-193.0,321.0,-315.0,243.0,94.0,-362.0,682.0
-154.0,-1364.0,-168.0,-96.0,308.0,-285.0,-15.0,72.0,-553.0,969.0
-132.0,-1814.0,-187.0,35.0,77.0,-290.0,-362.0,-66.0,-695.0,1162.0
-97.0,-1976.0,-206.0,107.0,-117.0,-271.0,-442.0,-175.0,-770.0,1232.0
-69.0,-1750.0,-225.0,176.0,-49.0,-177.0,-321.0,-186.0,-782.0,1175.0
-19.0,-1416.0,-214.0,263.0,43.0,-101.0,-284.0,-354.0,-682.0,1018.0
15.0,-836.0,-199.0,281.0,-57.0,-63.0,-272.0,-277.0,-491.0,731.0
19.0,-382.0,-159.0,291.0,-102.0,-204.0,-32.0,-341.0,-239.0,379.0
11.0,221.0,-115.0,283.0,-39.0,-252.0,423.0,-315.0,49.0,5.0
-15.0,739.0,-67.0,231.0,-38.0,-89.0,821.0,-133.0,290.0,-343.0
-38.0,941.0,-27.0,177.0,-72.0,-4.0,844.0,-121.0,506.0,-644.0
-51.0,957.0,-2.0,100.0,-168.0,-16.0,552.0,66.0,648.0,-878.0
-52.0,721.0,58.0,13.0,-178.0,-4.0,232.0,177.0,714.0,-986.0
-59.0,675.0,88.0,-7.0,-138.0,-46.0,35.0,245.0,723.0,-999.0
-43.0,564.0,122.0,33.0,-300.0,-215.0,-141.0,120.0,647.0,-900.0
-34.0,385.0,156.0,79.0,-367.0,-315.0,-450.0,35.0,524.0,-676.0
-12.0,294.0,100.0,92.0,-222.0,-242.0,-676.0,22.0,347.0,-393.0
-6.0,109.0,48.0,60.0,-122.0,-41.0,-679.0,-131.0,125.0,-99.0
-38.0,42.0,-61.0,71.0,20.0,-39.0,-546.0,-12.0,-121.0,192.0
-71.0,-118.0,-144.0,145.0,180.0,-183.0,-459.0,-51.0,-367.0,443.0
-123.0,-315.0,-221.0,197.0,234.0,-201.0,-499.0,-1.0,-571.0,581.0
-136.0,-467.0,-322.0,220.0,410.0,-75.0,-581.0,230.0,-715.0,583.0
-138.0,-785.0,-308.0,189.0,474.0,173.0,-651.0,362.0,-768.0,475.0
-105.0,-976.0,-323.0,95.0,272.0,181.0,-660.0,402.0,-719.0,285.0
-60.0,-1105.0,-287.0,20.0,140.0,93.0,-593.0,254.0,-578.0,15.0
-32.0,-1070.0,-227.0,-34.0,55.0,93.0,-459.0,279.0,-354.0,-296.0
-15.0,-789.0,-190.0,-76.0,-34.0,-33.0,-320.0,203.0,-95.0,-603.0
-7.0,-408.0,-128.0,-102.0,-158.0,-157.0,-175.0,125.0,148.0,-871.0
6.0,167.0,-108.0,-79.0,-265.0,-143.0,-47.0,99.0,354.0,-1093.0
22.0,569.0,-89.0,-49.0,-212.0,-12.0,64.0,-88.0,492.0,-1271.0
37.0,904.0,-80.0,-79.0,-71.0,105.0,185.0,-158.0,550.0,-1364.0
29.0,1210.0,-43.0,-62.0,-96.0,271.0,324.0,-267.0,538.0,-1381.0
6.0,1408.0,-36.0,-48.0,-165.0,396.0,380.0,-221.0,456.0,-1333.0
-43.0,1309.0,-15.0,-86.0,-63.0,283.0,239.0,-151.0,321.0,-1185.0
-64.0,851.0,50.0,-138.0,-1.0,137.0,90.0,-188.0,141.0,-958.0
-80.0,468.0,47.0,-166.0,-72.0,35.0,49.0,-240.0,-70.0,-663.0
-110.0,-11.0,76.0,-169.0,-175.0,-38.0,130.0,-338.0,-265.0,-307.0
-139.0,-314.0,76.0,-134.0,-55.0,-97.0,218.0,-92.0,-451.0,75.0
-150.0,-538.0,8.0,-93.0,91.0,-68.0,87.0,14.0,-594.0,464.0
-123.0,-912.0,-30.0,-105.0,158.0,114.0,-252.0,-3.0,-667.0,758.0
-92.0,-1046.0,-111.0,-125.0,271.0,248.0,-621.0,133.0,-659.0,918.0
-41.0,-876.0,-200.0,-183.0,296.0,157.0,-945.0,107.0,-562.0,977.0
-18.0,-434.0,-255.0,-216.0,427.0,-62.0,-1217.0,49.0,-426.0,908.0
-1.0,19.0,-313.0,-269.0,427.0,-180.0,-1320.0,-86.0,-246.0,713.0
-2.0,440.0,-388.0,-304.0,202.0,-154.0,-1221.0,-208.0,-29.0,430.0
7.0,695.0,-408.0,-241.0,117.0,-177.0,-1000.0,-341.0,208.0,129.0
9.0,586.0,-383.0,-190.0,-13.0,-217.0,-829.0,-323.0,415.0,-149.0
-21.0,360.0,-353.0,-58.0,-270.0,-108.0,-754.0,-186.0,562.0,-383.0
-14.0,66.0,-282.0,74.0,-375.0,6.0,-666.0,-206.0,648.0,-521.0
-13.0,-208.0,-221.0,114.0,-368.0,121.0,-487.0,-12.0,638.0,-586.0
1.0,-364.0,-90.0,116.0,-367.0,125.0,-239.0,94.0,546.0,-587.0
16.0,-556.0,15.0,124.0,-276.0,-65.0,31.0,105.0,382.0,-478.0
42.0,-673.0,89.0,96.0,-273.0,-209.0,317.0,96.0,185.0,-297.0
75.0,-684.0,177.0,8.0,-284.0,-131.0,515.0,-53.0,-13.0,-98.0
105.0,-638.0,195.0,-16.0,-129.0,109.0,640.0,-62.0,-198.0,112.0
139.0,-543.0,192.0,-16.0,-89.0,116.0,735.0,-131.0,-326.0,322.0
148.0,-483.0,150.0,-48.0,-126.0,-83.0,811.0,-158.0,-441.0,512.0
171.0,-454.0,95.0,-122.0,-131.0,-249.0,755.0,-192.0,-520.0,639.0
172.0,-483.0,-41.0,-209.0,-95.0,-258.0,514.0,-136.0,-566.0,692.0
170.0,-411.0,-171.0,-261.0,113.0,-146.0,229.0,-7.0,-591.0,696.0
138.0,-140.0,-308.0,-282.0,272.0,-123.0,-23.0,-153.0,-566.0,634.0
98.0,18.0,-441.0,-224.0,356.0,-122.0,-151.0,-188.0,-507.0,502.0
76.0,162.0,-512.0,-128.0,540.0,-93.0,-229.0,-223.0,-418.0,354.0
29.0,425.0,-550.0,-68.0,601.0,-34.0,-292.0,-197.0,-312.0,222.0
-4.0,610.0,-505.0,38.0,527.0,-8.0,-225.0,-125.0,-181.0,62.0
-44.0,883.0,-471.0,182.0,336.0,33.0,-28.0,-138.0,-57.0,-84.0
-62.0,1136.0,-358.0,249.0,93.0,79.0,63.0,44.0,58.0,-205.0
-72.0,1350.0,-259.0,259.0,68.0,16.0,-125.0,72.0,151.0,-328.0
-67.0,1235.0,-173.0,244.0,-222.0,-1.0,-434.0,138.0,199.0,-440.0
-42.0,546.0,-23.0,212.0,-597.0,83.0,-737.0,175.0,222.0,-506.0
-42.0,-132.0,42.0,184.0,-533.0,223.0,-894.0,166.0,215.0,-496.0
-64.0,-668.0,121.0,198.0,-681.0,231.0,-875.0,286.0,174.0,-463.0
-108.0,-943.0,187.0,195.0,-759.0,127.0,-872.0,227.0,104.0,-392.0
-120.0,-974.0,194.0,152.0,-477.0,50.0,-902.0,264.0,40.0,-276.0
-132.0,-779.0,190.0,114.0,-386.0,37.0,-867.0,240.0,-27.0,-151.0
-154.0,-391.0,118.0,23.0,-77.0,106.0,-797.0,203.0,-73.0,-22.0
-187.0,157.0,34.0,-80.0,255.0,95.0,-642.0,48.0,-105.0,125.0
-242.0,782.0,-45.0,-169.0,296.0,70.0,-378.0,-144.0,-141.0,271.0
-279.0,983.0,-75.0,-217.0,573.0,43.0,-137.0,-48.0,-124.0,358.0
-282.0,971.0,-91.0,-228.0,659.0,-4.0,14.0,-157.0,-116.0,433.0
-244.0,817.0,-86.0,-298.0,598.0,86.0,104.0,-219.0,-122.0,448.0
-225.0,324.0,-36.0,-410.0,632.0,256.0,197.0,-341.0,-111.0,387.0
-186.0,-285.0,-37.0,-453.0,381.0,360.0,375.0,-373.0,-106.0,277.0
-154.0,-954.0,-34.0,-391.0,257.0,274.0,618.0,-260.0,-98.0,119.0
-148.0,-1614.0,-10.0,-260.0,151.0,125.0,740.0,-375.0,-83.0,-7.0
-150.0,-2029.0,9.0,-81.0,-227.0,4.0,710.0,-391.0,-66.0,-91.0
-151.0,-2181.0,1.0,100.0,-388.0,-134.0,532.0,-336.0,-48.0,-130.0
-101.0,-1951.0,10.0,296.0,-422.0,-187.0,272.0,-33.0,-26.0,-132.0
-79.0,-1180.0,10.0,494.0,-582.0,-76.0,111.0,66.0,-5.0,-87.0
-47.0,-163.0,32.0,591.0,-626.0,206.0,26.0,16.0,-11.0,-22.0
-4.0,771.0,44.0,573.0,-548.0,322.0,-43.0,99.0,-32.0,11.0
5.0,1553.0,52.0,467.0,-400.0,129.0,-144.0,-62.0,-45.0,39.0
17.0,2016.0,98.0,332.0,-103.0,-150.0,-250.0,-101.0,-80.0,31.0
26.0,1881.0,79.0,224.0,27.0,-240.0,-375.0,-157.0,-119.0,-2.0
6.0,1425.0,102.0,49.0,168.0,-102.0,-574.0,-127.0,-166.0,-39.0
-35.0,961.0,84.0,-177.0,463.0,-14.0,-771.0,-33.0,-229.0,-88.0
-71.0,571.0,21.0,-394.0,456.0,66.0,-927.0,-94.0,-290.0,-137.0
-67.0,34.0,-39.0,-591.0,542.0,100.0,-1023.0,-177.0,-374.0,-183.0
-35.0,-448.0,-128.0,-711.0,596.0,48.0,-1026.0,-430.0,-443.0,-246.0
-15.0,-518.0,-196.0,-808.0,413.0,40.0,-920.0,-378.0,-500.0,-335.0
32.0,-515.0,-235.0,-896.0,340.0,35.0,-749.0,-127.0,-549.0,-459.0
58.0,-261.0,-232.0,-837.0,26.0,-75.0,-561.0,64.0,-549.0,-612.0
95.0,126.0,-190.0,-662.0,-304.0,-171.0,-353.0,249.0,-511.0,-714.0
142.0,441.0,-142.0,-474.0,-463.0,-73.0,-168.0,339.0,-427.0,-756.0
180.0,619.0,-97.0,-208.0,-533.0,-14.0,3.0,500.0,-322.0,-734.0
242.0,433.0,5.0,53.0,-436.0,-112.0,148.0,419.0,-190.0,-602.0
268.0,130.0,65.0,231.0,-468.0,-121.0,218.0,269.0,-13.0,-404.0
273.0,-275.0,115.0,356.0,-489.0,11.0,294.0,116.0,151.0,-147.0
243.0,-664.0,220.0,397.0,-261.0,81.0,412.0,-36.0,306.0,126.0
221.0,-886.0,250.0,375.0,-136.0,12.0,573.0,-9.0,433.0,381.0
212.0,-982.0,284.0,316.0,-34.0,-104.0,778.0,-129.0,506.0,581.0
177.0,-812.0,311.0,222.0,271.0,-73.0,971.0,-14.0,543.0,669.0
117.0,-437.0,271.0,95.0,393.0,39.0,1061.0,125.0,539.0,697.0
64.0,-32.0,239.0,-101.0,449.0,131.0,936.0,112.0,504.0,643.0
48.0,200.0,186.0,-283.0,546.0,287.0,659.0,140.0,436.0,493.0
59.0,448.0,146.0,-414.0,459.0,344.0,289.0,75.0,367.0,314.0
88.0,783.0,65.0,-532.0,381.0,226.0,-152.0,142.0,282.0,140.0
120.0,777.0,-3.0,-608.0,296.0,-21.0,-521.0,68.0,179.0,2.0
158.0,503.0,-29.0,-633.0,122.0,-193.0,-797.0,27.0,80.0,-90.0
196.0,159.0,-114.0,-561.0,15.0,-185.0,-992.0,20.0,-28.0,-99.0
219.0,-76.0,-138.0,-387.0,-11.0,-163.0,-1092.0,-116.0,-107.0,-37.0
187.0,-262.0,-164.0,-153.0,-34.0,-53.0,-1097.0,-75.0,-153.0,78.0
145.0,-249.0,-201.0,57.0,25.0,66.0,-986.0,-86.0,-150.0,249.0
121.0,117.0,-202.0,246.0,56.0,11.0,-799.0,-3.0,-81.0,404.0
84.0,332.0,-203.0,414.0,-39.0,-58.0,-530.0,-12.0,4.0,504.0
52.0,431.0,-160.0,534.0,-24.0,-17.0,-344.0,-59.0,145.0,525.0
39.0,182.0,-95.0,619.0,-76.0,73.0,-304.0,11.0,302.0,464.0
21.0,-164.0,-60.0,615.0,-204.0,60.0,-269.0,-131.0,403.0,316.0
7.0,-200.0,-26.0,554.0,-250.0,66.0,-196.0,-203.0,492.0,64.0
6.0,-459.0,8.0,422.0,-304.0,185.0,9.0,-175.0,509.0,-225.0
0.0,-606.0,4.0,278.0,-182.0,247.0,268.0,40.0,472.0,-499.0
-10.0,-545.0,24.0,162.0,-112.0,250.0,402.0,266.0,419.0,-728.0
-33.0,-458.0,24.0,34.0,-79.0,162.0,433.0,406.0,292.0,-895.0
-72.0,-240.0,0.0,-69.0,-25.0,152.0,517.0,556.0,179.0,-974.0
-133.0,-182.0,-49.0,-167.0,-101.0,185.0,730.0,482.0,44.0,-956.0
-185.0,-143.0,-111.0,-271.0,10.0,83.0,865.0,347.0,-99.0,-872.0
-235.0,52.0,-184.0,-387.0,73.0,83.0,725.0,68.0,-185.0,-744.0
-282.0,248.0,-282.0,-462.0,3.0,196.0,450.0,-121.0,-272.0,-573.0
-315.0,226.0,-322.0,-416.0,52.0,263.0,256.0,-234.0,-292.0,-381.0
-321.0,121.0,-382.0,-333.0,31.0,276.0,112.0,-291.0,-248.0,-224.0
-293.0,54.0,-420.0,-269.0,-68.0,253.0,-36.0,-38.0,-194.0,-76.0
-285.0,-173.0,-402.0,-182.0,-44.0,149.0,-111.0,14.0,-91.0,87.0
-299.0,-241.0,-377.0,-84.0,-63.0,-68.0,-125.0,121.0,21.0,219.0
-333.0,-195.0,-324.0,-8.0,-122.0,-146.0,-100.0,266.0,127.0,302.0
-368.0,-56.0,-263.0,69.0,-68.0,8.0,1.0,236.0,196.0,383.0
-398.0,281.0,-187.0,140.0,-118.0,119.0,26.0,238.0,204.0,458.0
-380.0,420.0,-150.0,165.0,-95.0,248.0,-118.0,90.0,194.0,517.0
-326.0,514.0,-90.0,162.0,-7.0,388.0,-348.0,29.0,116.0,555.0
-277.0,746.0,0.0,138.0,-53.0,360.0,-607.0,-75.0,28.0,539.0
-199.0,839.0,22.0,106.0,-13.0,139.0,-832.0,-103.0,-50.0,484.0
-132.0,541.0,58.0,17.0,48.0,-135.0,-961.0,-68.0,-176.0,349.0
-100.0,289.0,97.0,-146.0,52.0,-212.0,-902.0,-109.0,-260.0,139.0
-80.0,-12.0,91.0,-317.0,139.0,-150.0,-685.0,36.0,-342.0,-107.0
-79.0,-595.0,121.0,-467.0,229.0,-28.0,-420.0,40.0,-385.0,-371.0
-101.0,-962.0,117.0,-537.0,298.0,73.0,-212.0,157.0,-358.0,-618.0
-121.0,-1230.0,76.0,-466.0,422.0,190.0,-103.0,225.0,-319.0,-815.0
-184.0,-1304.0,89.0,-283.0,311.0,335.0,-15.0,168.0,-205.0,-931.0
-246.0,-1243.0,21.0,-107.0,161.0,280.0,34.0,225.0,-67.0,-978.0
-295.0,-1032.0,-34.0,-3.0,117.0,53.0,31.0,223.0,95.0,-933.0
-330.0,-382.0,-22.0,34.0,-91.0,-97.0,34.0,436.0,288.0,-785.0
-318.0,333.0,-72.0,42.0,-211.0,25.0,133.0,500.0,447.0,-560.0
-307.0,921.0,-62.0,24.0,-261.0,273.0,338.0,526.0,583.0,-305.0
-277.0,1252.0,8.0,10.0,-278.0,454.0,554.0,456.0,676.0,-26.0
-259.0,1264.0,22.0,13.0,-246.0,525.0,671.0,142.0,720.0,219.0
-235.0,1131.0,34.0,34.0,-202.0,502.0,715.0,-64.0,693.0,372.0
-165.0,836.0,103.0,68.0,-74.0,439.0,679.0,-436.0,606.0,449.0
-70.0,163.0,109.0,76.0,-20.0,250.0,573.0,-561.0,484.0,442.0
43.0,-525.0,131.0,93.0,-7.0,0.0,529.0,-467.0,324.0,363.0
137.0,-742.0,179.0,110.0,60.0,-34.0,526.0,-304.0,162.0,244.0
178.0,-763.0,179.0,132.0,120.0,135.0,498.0,-158.0,-5.0,137.0
184.0,-827.0,215.0,217.0,87.0,395.0,377.0,-238.0,-168.0,44.0
159.0,-921.0,212.0,287.0,88.0,713.0,129.0,7.0,-310.0,-7.0
108.0,-926.0,226.0,259.0,35.0,865.0,-230.0,312.0,-388.0,-10.0
68.0,-955.0,235.0,163.0,16.0,788.0,-567.0,589.0,-389.0,43.0
28.0,-977.0,188.0,51.0,136.0,563.0,-744.0,694.0,-365.0,142.0
-9.0,-832.0,164.0,-39.0,69.0,315.0,-755.0,620.0,-282.0,229.0
-45.0,-598.0,107.0,-145.0,23.0,181.0,-630.0,681.0,-160.0,306.0
-39.0,-278.0,18.0,-260.0,49.0,158.0,-579.0,410.0,-54.0,347.0
6.0,-48.0,-45.0,-317.0,-41.0,333.0,-760.0,151.0,35.0,317.0
42.0,322.0,-110.0,-308.0,-87.0,529.0,-1067.0,-90.0,93.0,179.0
60.0,643.0,-211.0,-253.0,-179.0,477.0,-1260.0,-247.0,109.0,-45.0
73.0,863.0,-264.0,-187.0,-307.0,322.0,-1268.0,-282.0,92.0,-320.0
70.0,1158.0,-301.0,-113.0,-188.0,279.0,-1090.0,-386.0,61.0,-628.0
63.0,1191.0,-340.0,-30.0,-173.0,209.0,-719.0,-247.0,29.0,-902.0
96.0,1440.0,-308.0,44.0,-241.0,15.0,-302.0,-223.0,-2.0,-1102.0
117.0,1723.0,-293.0,133.0,-120.0,-87.0,111.0,-94.0,5.0,-1209.0
107.0,1561.0,-227.0,179.0,-78.0,16.0,530.0,-55.0,46.0,-1195.0
74.0,1179.0,-133.0,169.0,6.0,210.0,927.0,-90.0,83.0,-1052.0
40.0,509.0,-83.0,180.0,83.0,296.0,1277.0,92.0,154.0,-857.0
-8.0,-317.0,11.0,182.0,26.0,315.0,1400.0,59.0,213.0,-641.0
-74.0,-1095.0,93.0,184.0,82.0,338.0,1174.0,11.0,261.0,-419.0
-108.0,-1574.0,124.0,167.0,168.0,352.0,867.0,-131.0,317.0,-242.0
-122.0,-1525.0,188.0,113.0,61.0,294.0,699.0,-110.0,316.0,-140.0
-123.0,-1258.0,214.0,31.0,-2.0,160.0,618.0,-48.0,322.0,-116.0
-151.0,-938.0,167.0,-110.0,-18.0,63.0,456.0,-96.0,307.0,-143.0
-160.0,-497.0,157.0,-274.0,-55.0,-47.0,158.0,83.0,272.0,-177.0
-146.0,-15.0,95.0,-396.0,15.0,-60.0,-135.0,201.0,277.0,-221.0
-144.0,370.0,18.0,-455.0,-10.0,26.0,-305.0,421.0,266.0,-251.0
-106.0,659.0,-39.0,-456.0,-24.0,77.0,-378.0,349.0,279.0,-218.0
-56.0,818.0,-98.0,-364.0,-17.0,-19.0,-453.0,14.0,289.0,-174.0
-6.0,813.0,-93.0,-290.0,1.0,-187.0,-464.0,-151.0,283.0,-99.0
14.0,882.0,-127.0,-214.0,5.0,-239.0,-435.0,-339.0,276.0,18.0
-4.0,715.0,-104.0,-92.0,-72.0,-320.0,-504.0,-266.0,241.0,118.0
-10.0,201.0,-52.0,16.0,75.0,-333.0,-715.0,-236.0,186.0,204.0
-21.0,-309.0,-36.0,167.0,119.0,-166.0,-1009.0,-236.0,94.0,257.0
-46.0,-768.0,45.0,259.0,-39.0,4.0,-1231.0,-162.0,-11.0,286.0
-78.0,-1169.0,114.0,289.0,-46.0,32.0,-1151.0,-84.0,-122.0,287.0
-109.0,-1473.0,164.0,298.0,-108.0,-81.0,-759.0,96.0,-236.0,207.0
-103.0,-1329.0,201.0,288.0,-167.0,-146.0,-328.0,118.0,-333.0,63.0
-87.0,-1042.0,231.0,242.0,-65.0,-25.0,-12.0,319.0,-410.0,-94.0
-61.0,-864.0,232.0,112.0,-54.0,-17.0,107.0,452.0,-474.0,-254.0
-22.0,-445.0,218.0,-18.0,-69.0,-269.0,143.0,428.0,-535.0,-409.0
22.0,-136.0,243.0,-159.0,32.0,-356.0,185.0,439.0,-557.0,-511.0
25.0,89.0,202.0,-280.0,19.0,-287.0,215.0,254.0,-561.0,-539.0
3.0,319.0,157.0,-317.0,-2.0,-253.0,269.0,62.0,-559.0,-515.0
-8.0,300.0,131.0,-301.0,93.0,-217.0,335.0,-212.0,-522.0,-434.0
-24.0,243.0,58.0,-275.0,44.0,-194.0,421.0,-269.0,-446.0,-296.0
2.0,225.0,23.0,-305.0,54.0,-183.0,446.0,-166.0,-344.0,-130.0
36.0,222.0,-3.0,-384.0,84.0,-156.0,517.0,-94.0,-217.0,57.0
75.0,65.0,-29.0,-411.0,6.0,-137.0,682.0,-24.0,-81.0,267.0
105.0,-82.0,-41.0,-417.0,94.0,-161.0,796.0,-105.0,50.0,499.0
133.0,99.0,-49.0,-396.0,21.0,-136.0,789.0,-11.0,164.0,698.0
143.0,306.0,-49.0,-293.0,-105.0,-93.0,626.0,11.0,248.0,814.0
135.0,570.0,-19.0,-127.0,-12.0,-98.0,424.0,-62.0,295.0,871.0
118.0,783.0,43.0,96.0,31.0,-176.0,268.0,-184.0,300.0,804.0
95.0,880.0,66.0,320.0,41.0,-287.0,210.0,-360.0,298.0,617.0
107.0,1197.0,120.0,469.0,96.0,-315.0,117.0,-277.0,258.0,366.0
94.0,1031.0,194.0,487.0,173.0,-367.0,-200.0,-295.0,214.0,66.0
109.0,494.0,212.0,492.0,205.0,-342.0,-581.0,-256.0,201.0,-250.0
97.0,77.0,176.0,494.0,172.0,-233.0,-742.0,-151.0,168.0,-573.0
63.0,-471.0,170.0,397.0,171.0,-274.0,-716.0,-27.0,140.0,-849.0
39.0,-828.0,177.0,281.0,215.0,-235.0,-758.0,240.0,104.0,-1061.0
6.0,-1144.0,160.0,153.0,118.0,-77.0,-870.0,269.0,82.0,-1167.0
26.0,-1130.0,156.0,-6.0,70.0,-39.0,-846.0,334.0,92.0,-1115.0
87.0,-847.0,116.0,-227.0,106.0,-92.0,-604.0,304.0,87.0,-932.0
172.0,-643.0,110.0,-375.0,19.0,-31.0,-293.0,186.0,78.0,-640.0
215.0,-151.0,80.0,-407.0,1.0,104.0,-80.0,149.0,69.0,-270.0
209.0,167.0,12.0,-459.0,-94.0,-8.0,-15.0,18.0,46.0,114.0
186.0,376.0,-20.0,-432.0,-182.0,-173.0,10.0,20.0,33.0,462.0
181.0,551.0,-7.0,-314.0,-166.0,-141.0,65.0,70.0,12.0,735.0
166.0,540.0,9.0,-190.0,-340.0,-41.0,129.0,243.0,-16.0,893.0
124.0,818.0,-26.0,-80.0,-412.0,-20.0,226.0,299.0,-11.0,931.0
58.0,978.0,16.0,-35.0,-271.0,-43.0,269.0,266.0,-9.0,882.0
-2.0,909.0,68.0,2.0,-260.0,35.0,410.0,266.0,14.0,751.0
-25.0,855.0,85.0,94.0,-152.0,74.0,599.0,68.0,58.0,561.0
-51.0,701.0,90.0,219.0,-17.0,97.0,507.0,-1.0,95.0,364.0
-83.0,801.0,99.0,354.0,-48.0,90.0,501.0,-131.0,124.0,165.0
-87.0,720.0,144.0,460.0,168.0,30.0,797.0,-62.0,123.0,-23.0
-64.0,570.0,129.0,505.0,244.0,-20.0,852.0,88.0,117.0,-204.0
-88.0,485.0,78.0,459.0,86.0,-59.0,629.0,109.0,60.0,-381.0
-120.0,238.0,83.0,332.0,192.0,123.0,477.0,201.0,0.0,-526.0
-127.0,9.0,88.0,185.0,188.0,310.0,307.0,9.0,-44.0,-636.0
-105.0,-545.0,3.0,49.0,64.0,267.0,272.0,-11.0,-125.0,-692.0
-87.0,-656.0,6.0,-62.0,65.0,185.0,336.0,-64.0,-161.0,-668.0
-108.0,-662.0,-14.0,-191.0,-71.0,194.0,52.0,-86.0,-194.0,-583.0
-108.0,-902.0,-38.0,-280.0,-113.0,147.0,-278.0,94.0,-208.0,-485.0
-68.0,-889.0,8.0,-324.0,-73.0,-80.0,-274.0,59.0,-161.0,-352.0
8.0,-950.0,-31.0,-355.0,-237.0,-176.0,-303.0,194.0,-119.0,-198.0
54.0,-536.0,14.0,-295.0,-223.0,-95.0,-409.0,160.0,-32.0,-66.0
94.0,-108.0,33.0,-197.0,-174.0,-117.0,-263.0,88.0,57.0,63.0
134.0,36.0,45.0,-60.0,-171.0,-135.0,-106.0,190.0,144.0,180.0
153.0,381.0,117.0,155.0,-30.0,-22.0,-17.0,315.0,234.0,265.0
139.0,725.0,163.0,338.0,-22.0,160.0,88.0,504.0,289.0,295.0
76.0,980.0,210.0,423.0,90.0,164.0,123.0,473.0,316.0,280.0
35.0,983.0,239.0,435.0,317.0,-41.0,154.0,380.0,285.0,240.0
-4.0,699.0,272.0,367.0,403.0,-35.0,143.0,99.0,238.0,147.0
-58.0,174.0,242.0,280.0,452.0,-83.0,140.0,-138.0,170.0,26.0
-70.0,-304.0,236.0,227.0,396.0,-252.0,337.0,-240.0,83.0,-108.0
-64.0,-738.0,215.0,232.0,327.0,-173.0,635.0,-345.0,8.0,-252.0
-65.0,-1157.0,159.0,269.0,281.0,13.0,636.0,-164.0,-64.0,-369.0
-51.0,-913.0,87.0,148.0,66.0,91.0,598.0,-131.0,-114.0,-458.0
-18.0,-339.0,41.0,-136.0,-67.0,31.0,750.0,-94.0,-130.0,-520.0
9.0,-59.0,34.0,-393.0,-106.0,46.0,523.0,-46.0,-130.0,-518.0
42.0,365.0,-44.0,-539.0,-255.0,-10.0,246.0,-83.0,-113.0,-480.0
78.0,822.0,-66.0,-612.0,-249.0,-131.0,244.0,127.0,-70.0,-400.0
115.0,910.0,-70.0,-578.0,-247.0,-170.0,-42.0,190.0,-14.0,-269.0
168.0,893.0,-42.0,-429.0,-293.0,-154.0,-174.0,206.0,57.0,-142.0
179.0,757.0,-19.0,-259.0,-118.0,-81.0,99.0,212.0,161.0,-11.0
192.0,420.0,0.0,-146.0,-52.0,-102.0,-39.0,145.0,261.0,121.0
217.0,53.0,36.0,-72.0,-31.0,-138.0,-400.0,-36.0,328.0,242.0
200.0,-209.0,30.0,57.0,99.0,-182.0,-319.0,-173.0,384.0,363.0
157.0,-372.0,73.0,199.0,76.0,-190.0,-21.0,9.0,397.0,485.0
76.0,-354.0,88.0,290.0,146.0,-226.0,-20.0,49.0,352.0,605.0
3.0,-201.0,114.0,376.0,238.0,-264.0,-138.0,194.0,256.0,703.0
-60.0,-135.0,111.0,397.0,114.0,-178.0,1.0,264.0,122.0,804.0
-90.0,-132.0,109.0,349.0,207.0,-27.0,129.0,173.0,-20.0,898.0
-100.0,14.0,100.0,290.0,258.0,72.0,52.0,195.0,-175.0,973.0
-79.0,114.0,82.0,196.0,120.0,22.0,49.0,86.0,-320.0,1015.0
-37.0,-81.0,71.0,159.0,180.0,60.0,392.0,99.0,-439.0,1006.0
-10.0,-183.0,3.0,177.0,129.0,7.0,632.0,27.0,-507.0,939.0
38.0,-377.0,-8.0,217.0,33.0,-139.0,445.0,-97.0,-522.0,808.0
83.0,-494.0,-91.0,247.0,37.0,-260.0,315.0,-181.0,-472.0,623.0
162.0,-429.0,-121.0,228.0,-57.0,-335.0,365.0,-203.0,-383.0,385.0
237.0,-390.0,-110.0,191.0,-118.0,-261.0,359.0,-57.0,-299.0,132.0
271.0,107.0,-164.0,37.0,-198.0,-291.0,277.0,-53.0,-189.0,-128.0
289.0,502.0,-96.0,-114.0,-302.0,-206.0,233.0,40.0,-74.0,-350.0
336.0,707.0,-23.0,-169.0,-325.0,-123.0,288.0,31.0,19.0,-520.0
369.0,774.0,36.0,-183.0,-256.0,-138.0,329.0,-5.0,107.0,-611.0
318.0,596.0,109.0,-216.0,-48.0,-76.0,283.0,142.0,163.0,-612.0
205.0,654.0,154.0,-236.0,72.0,-141.0,341.0,68.0,172.0,-512.0
80.0,514.0,185.0,-169.0,194.0,-139.0,406.0,49.0,160.0,-273.0
-5.0,82.0,202.0,-86.0,301.0,-84.0,461.0,-1.0,136.0,11.0
-88.0,-447.0,189.0,23.0,117.0,-106.0,779.0,-88.0,126.0,342.0
-118.0,-843.0,127.0,115.0,78.0,-87.0,838.0,-149.0,114.0,670.0
-136.0,-922.0,82.0,188.0,132.0,-72.0,378.0,-264.0,106.0,916.0
-166.0,-972.0,13.0,272.0,33.0,-141.0,219.0,-190.0,128.0,1056.0
-213.0,-688.0,-53.0,346.0,23.0,-252.0,410.0,-169.0,117.0,1066.0
-262.0,-236.0,-92.0,394.0,21.0,-232.0,109.0,-25.0,114.0,917.0
-257.0,-13.0,-160.0,325.0,-46.0,-217.0,-351.0,11.0,98.0,636.0
-219.0,252.0,-200.0,177.0,25.0,-394.0,-383.0,-62.0,45.0,300.0
-140.0,406.0,-232.0,8.0,94.0,-477.0,-358.0,12.0,5.0,-74.0
-61.0,665.0,-257.0,-121.0,-67.0,-390.0,-588.0,-9.0,-42.0,-426.0
26.0,1088.0,-244.0,-220.0,-44.0,-401.0,-912.0,55.0,-89.0,-725.0
107.0,1182.0,-234.0,-342.0,-22.0,-496.0,-813.0,-12.0,-144.0,-910.0
171.0,1259.0,-189.0,-364.0,-163.0,-401.0,-398.0,64.0,-178.0,-963.0
214.0,1202.0,-143.0,-397.0,-76.0,-190.0,-103.0,90.0,-167.0,-908.0
197.0,767.0,-112.0,-466.0,-61.0,-256.0,99.0,-51.0,-149.0,-736.0
172.0,114.0,-21.0,-453.0,-119.0,-319.0,260.0,29.0,-131.0,-518.0
145.0,-674.0,14.0,-380.0,11.0,-206.0,420.0,-129.0,-69.0,-304.0
96.0,-1218.0,56.0,-224.0,-11.0,-247.0,690.0,-129.0,0.0,-105.0
43.0,-1589.0,145.0,-79.0,-120.0,-319.0,924.0,-66.0,53.0,56.0
-30.0,-1756.0,147.0,21.0,-5.0,-313.0,884.0,-97.0,113.0,160.0
-106.0,-1637.0,188.0,132.0,0.0,-246.0,896.0,-86.0,133.0,221.0
-158.0,-1492.0,221.0,273.0,-21.0,-217.0,1009.0,-116.0,130.0,241.0
-192.0,-1096.0,219.0,425.0,52.0,-281.0,918.0,-75.0,114.0,270.0
-185.0,-610.0,251.0,519.0,31.0,-348.0,719.0,-227.0,98.0,319.0
-168.0,-179.0,237.0,513.0,16.0,-406.0,368.0,-192.0,70.0,341.0
-117.0,283.0,191.0,420.0,-32.0,-488.0,-137.0,-59.0,43.0,370.0
-49.0,707.0,120.0,273.0,-9.0,-571.0,-639.0,53.0,40.0,389.0
0.0,1392.0,63.0,141.0,66.0,-527.0,-1128.0,158.0,13.0,365.0
25.0,1848.0,-7.0,71.0,72.0,-498.0,-1300.0,-18.0,-7.0,303.0
55.0,1961.0,-49.0,-6.0,47.0,-490.0,-1060.0,-66.0,-4.0,228.0
89.0,1985.0,-42.0,-96.0,14.0,-399.0,-763.0,-160.0,9.0,133.0
92.0,1566.0,-82.0,-152.0,64.0,-284.0,-330.0,-282.0,3.0,4.0
139.0,1138.0,-60.0,-209.0,22.0,-198.0,79.0,-297.0,-20.0,-125.0
201.0,658.0,-54.0,-200.0,-136.0,-258.0,227.0,-280.0,-35.0,-225.0
287.0,-20.0,-86.0,-112.0,-137.0,-304.0,356.0,-169.0,-32.0,-299.0
347.0,-730.0,-19.0,-20.0,-164.0,-237.0,369.0,-277.0,-21.0,-331.0
370.0,-1379.0,-20.0,124.0,-208.0,-175.0,155.0,-284.0,-2.0,-259.0
398.0,-1552.0,-6.0,269.0,-61.0,-56.0,23.0,-194.0,29.0,-148.0
395.0,-1528.0,32.0,328.0,9.0,110.0,60.0,-81.0,69.0,-8.0
367.0,-1355.0,-2.0,347.0,44.0,200.0,114.0,90.0,86.0,165.0
321.0,-1031.0,7.0,346.0,168.0,156.0,325.0,103.0,66.0,302.0
282.0,-745.0,-10.0,330.0,106.0,-79.0,465.0,205.0,52.0,404.0
206.0,-412.0,-35.0,316.0,-11.0,-285.0,331.0,197.0,21.0,441.0
129.0,-219.0,-50.0,280.0,74.0,-338.0,390.0,232.0,-21.0,423.0
21.0,-93.0,-58.0,253.0,-7.0,-348.0,570.0,232.0,-79.0,361.0
-42.0,3.0,-93.0,221.0,-114.0,-405.0,514.0,0.0,-132.0,247.0
-35.0,151.0,-139.0,190.0,-58.0,-532.0,162.0,-114.0,-153.0,119.0
-23.0,294.0,-166.0,115.0,-172.0,-509.0,-319.0,-275.0,-183.0,-1.0
9.0,311.0,-249.0,-32.0,-99.0,-382.0,-540.0,-402.0,-202.0,-129.0
40.0,336.0,-231.0,-82.0,52.0,-248.0,-400.0,-628.0,-203.0,-229.0
106.0,145.0,-244.0,-58.0,-11.0,-139.0,-257.0,-676.0,-187.0,-263.0
115.0,-117.0,-275.0,-51.0,36.0,-127.0,-261.0,-522.0,-157.0,-225.0
131.0,-92.0,-225.0,-25.0,138.0,-194.0,-235.0,-497.0,-115.0,-127.0
176.0,91.0,-245.0,24.0,155.0,-277.0,-227.0,-334.0,-67.0,13.0
218.0,246.0,-196.0,79.0,148.0,-285.0,-179.0,-306.0,-14.0,215.0
255.0,468.0,-134.0,106.0,116.0,-305.0,-136.0,-169.0,55.0,419.0
246.0,686.0,-117.0,158.0,92.0,-306.0,-315.0,-127.0,90.0,597.0
253.0,779.0,-107.0,231.0,54.0,-290.0,-431.0,-339.0,139.0,763.0
238.0,917.0,-140.0,267.0,-56.0,-279.0,-283.0,-312.0,212.0,899.0
223.0,623.0,-199.0,346.0,-133.0,-377.0,-153.0,-293.0,284.0,984.0
172.0,7.0,-220.0,421.0,-116.0,-525.0,-174.0,-218.0,382.0,1017.0
125.0,-293.0,-229.0,438.0,-57.0,-484.0,-186.0,-155.0,461.0,1019.0
101.0,-496.0,-242.0,392.0,-27.0,-425.0,-141.0,-20.0,510.0,955.0
54.0,-453.0,-191.0,330.0,28.0,-370.0,-107.0,155.0,529.0,848.0
-3.0,-464.0,-177.0,252.0,96.0,-338.0,-59.0,153.0,513.0,714.0
-66.0,-400.0,-163.0,121.0,57.0,-403.0,97.0,184.0,467.0,536.0
-91.0,133.0,-163.0,13.0,-16.0,-416.0,286.0,59.0,372.0,338.0
-123.0,439.0,-194.0,-135.0,-45.0,-417.0,411.0,205.0,245.0,123.0
-159.0,581.0,-188.0,-209.0,-104.0,-500.0,532.0,400.0,128.0,-96.0
-200.0,627.0,-202.0,-232.0,-128.0,-580.0,733.0,310.0,28.0,-306.0
-211.0,690.0,-193.0,-335.0,29.0,-562.0,827.0,260.0,-56.0,-514.0
-192.0,856.0,-187.0,-440.0,21.0,-550.0,716.0,42.0,-128.0,-666.0
-175.0,893.0,-211.0,-519.0,-15.0,-561.0,862.0,-49.0,-157.0,-754.0
-158.0,769.0,-176.0,-457.0,128.0,-444.0,968.0,-194.0,-149.0,-764.0
-127.0,487.0,-119.0,-258.0,42.0,-346.0,623.0,-321.0,-126.0,-707.0
-86.0,324.0,-116.0,-34.0,31.0,-454.0,439.0,-343.0,-68.0,-602.0
-83.0,77.0,-72.0,175.0,41.0,-581.0,440.0,-441.0,-12.0,-438.0
-94.0,-278.0,-24.0,332.0,-2.0,-563.0,135.0,-380.0,68.0,-260.0
-109.0,-514.0,-44.0,415.0,163.0,-513.0,-271.0,-476.0,154.0,-59.0
-101.0,-667.0,-13.0,469.0,191.0,-498.0,-501.0,-365.0,184.0,114.0
-98.0,-640.0,39.0,470.0,49.0,-429.0,-674.0,-169.0,215.0,233.0
-74.0,-610.0,43.0,457.0,66.0,-329.0,-774.0,-118.0,216.0,307.0
-52.0,-814.0,86.0,431.0,188.0,-349.0,-725.0,-123.0,168.0,312.0
-34.0,-830.0,119.0,318.0,104.0,-463.0,-636.0,-273.0,96.0,249.0
28.0,-628.0,132.0,184.0,40.0,-471.0,-627.0,-149.0,0.0,147.0
56.0,-682.0,188.0,-6.0,-54.0,-426.0,-567.0,-155.0,-99.0,23.0
70.0,-721.0,172.0,-231.0,-129.0,-435.0,-388.0,-134.0,-195.0,-123.0
66.0,-482.0,171.0,-362.0,-80.0,-375.0,-301.0,-60.0,-265.0,-245.0
91.0,-211.0,198.0,-414.0,-175.0,-233.0,-381.0,-142.0,-311.0,-320.0
123.0,27.0,170.0,-425.0,-177.0,-262.0,-424.0,-114.0,-320.0,-354.0
163.0,409.0,167.0,-380.0,-154.0,-402.0,-385.0,-210.0,-283.0,-363.0
258.0,677.0,162.0,-243.0,-97.0,-369.0,-583.0,-142.0,-211.0,-315.0
318.0,641.0,150.0,-68.0,-32.0,-360.0,-693.0,-114.0,-91.0,-229.0
367.0,635.0,121.0,60.0,-15.0,-418.0,-426.0,-86.0,28.0,-146.0
376.0,633.0,88.0,79.0,70.0,-425.0,-136.0,1.0,135.0,-14.0
357.0,435.0,88.0,56.0,139.0,-370.0,208.0,-62.0,222.0,127.0
337.0,292.0,79.0,103.0,155.0,-267.0,434.0,68.0,262.0,267.0
325.0,159.0,82.0,231.0,183.0,-309.0,531.0,107.0,266.0,423.0
301.0,-67.0,87.0,434.0,251.0,-371.0,878.0,169.0,251.0,590.0
257.0,-202.0,92.0,574.0,240.0,-280.0,1248.0,66.0,203.0,751.0
226.0,-190.0,114.0,601.0,185.0,-175.0,1375.0,-201.0,141.0,883.0
196.0,-133.0,137.0,525.0,82.0,-217.0,1283.0,-110.0,86.0,995.0
178.0,-161.0,159.0,376.0,40.0,-238.0,1101.0,-99.0,44.0,1065.0
156.0,-188.0,162.0,252.0,-41.0,-136.0,942.0,-144.0,18.0,1069.0
151.0,-215.0,149.0,142.0,-153.0,-118.0,699.0,-177.0,-3.0,1014.0
153.0,-57.0,120.0,69.0,-185.0,-204.0,356.0,-223.0,-11.0,908.0
151.0,45.0,100.0,4.0,-255.0,-191.0,62.0,-284.0,-14.0,748.0
116.0,125.0,91.0,-42.0,-192.0,-86.0,-173.0,-319.0,-37.0,548.0
112.0,256.0,74.0,-51.0,-117.0,-95.0,-445.0,-223.0,-71.0,326.0
118.0,217.0,53.0,-101.0,-162.0,-100.0,-729.0,-332.0,-109.0,105.0
143.0,499.0,36.0,-128.0,-129.0,-34.0,-947.0,-291.0,-165.0,-77.0
149.0,661.0,32.0,-52.0,-41.0,-26.0,-1020.0,-243.0,-225.0,-220.0
105.0,697.0,32.0,72.0,-104.0,-76.0,-913.0,-269.0,-280.0,-294.0
91.0,945.0,35.0,213.0,-163.0,-135.0,-769.0,-68.0,-311.0,-284.0
22.0,982.0,69.0,342.0,-73.0,-152.0,-562.0,-36.0,-307.0,-220.0
-45.0,648.0,90.0,352.0,46.0,-83.0,-249.0,27.0,-282.0,-96.0
-126.0,69.0,94.0,307.0,168.0,-88.0,-38.0,24.0,-200.0,69.0
-165.0,-362.0,157.0,217.0,226.0,-207.0,65.0,11.0,-108.0,239.0
-206.0,-751.0,166.0,48.0,239.0,-106.0,76.0,86.0,-6.0,374.0
-263.0,-961.0,146.0,-27.0,375.0,77.0,-124.0,164.0,111.0,450.0
-276.0,-1078.0,160.0,-3.0,458.0,139.0,-347.0,375.0,190.0,452.0
-288.0,-1484.0,106.0,50.0,279.0,125.0,-385.0,343.0,249.0,356.0
-256.0,-1614.0,36.0,56.0,120.0,52.0,-444.0,419.0,289.0,162.0
-248.0,-1377.0,1.0,58.0,101.0,15.0,-534.0,517.0,299.0,-81.0
-205.0,-936.0,-36.0,117.0,-4.0,12.0,-428.0,504.0,291.0,-356.0
-184.0,-397.0,-97.0,148.0,-206.0,66.0,-207.0,491.0,280.0,-666.0
-161.0,-11.0,-140.0,196.0,-277.0,106.0,54.0,258.0,259.0,-955.0
-131.0,527.0,-164.0,216.0,-384.0,51.0,320.0,230.0,248.0,-1182.0
-145.0,1047.0,-195.0,170.0,-428.0,-22.0,570.0,131.0,231.0,-1342.0
-151.0,1194.0,-200.0,127.0,-288.0,-91.0,811.0,-22.0,217.0,-1425.0
-175.0,1112.0,-189.0,124.0,-306.0,-137.0,973.0,-120.0,200.0,-1379.0
-200.0,921.0,-186.0,138.0,-231.0,-69.0,1020.0,-267.0,146.0,-1196.0
-238.0,603.0,-142.0,136.0,21.0,-5.0,987.0,-269.0,98.0,-921.0
-265.0,227.0,-96.0,90.0,99.0,-20.0,945.0,-428.0,11.0,-569.0
-323.0,-137.0,-46.0,26.0,94.0,28.0,855.0,-443.0,-64.0,-186.0
-365.0,-493.0,30.0,-43.0,139.0,116.0,658.0,-356.0,-128.0,168.0
-387.0,-621.0,59.0,-143.0,113.0,108.0,282.0,-214.0,-197.0,427.0
-370.0,-650.0,100.0,-169.0,136.0,164.0,-138.0,38.0,-201.0,586.0
-309.0,-682.0,127.0,-175.0,135.0,313.0,-350.0,129.0,-206.0,641.0
-243.0,-637.0,126.0,-187.0,83.0,271.0,-347.0,343.0,-172.0,573.0
-156.0,-484.0,153.0,-223.0,140.0,173.0,-310.0,399.0,-109.0,422.0
-80.0,-209.0,131.0,-301.0,89.0,171.0,-397.0,362.0,-52.0,218.0
4.0,-63.0,84.0,-301.0,36.0,177.0,-390.0,284.0,9.0,-19.0
62.0,-43.0,38.0,-172.0,12.0,93.0,-210.0,164.0,43.0,-270.0
121.0,-37.0,-10.0,-26.0,-31.0,41.0,-19.0,219.0,64.0,-493.0
159.0,-51.0,-36.0,35.0,1.0,98.0,109.0,144.0,50.0,-686.0
197.0,-132.0,-86.0,102.0,-18.0,125.0,136.0,216.0,3.0,-825.0
241.0,-117.0,-105.0,134.0,-51.0,179.0,180.0,229.0,-52.0,-879.0
259.0,36.0,-97.0,121.0,-26.0,227.0,196.0,133.0,-130.0,-849.0
279.0,224.0,-94.0,71.0,-23.0,267.0,152.0,51.0,-212.0,-736.0
242.0,407.0,-67.0,-10.0,-25.0,202.0,166.0,-162.0,-277.0,-557.0
210.0,354.0,-34.0,-107.0,19.0,60.0,197.0,-92.0,-325.0,-312.0
180.0,396.0,26.0,-211.0,21.0,95.0,196.0,-12.0,-347.0,-35.0
163.0,550.0,80.0,-193.0,22.0,145.0,153.0,44.0,-334.0,237.0
143.0,427.0,165.0,-185.0,61.0,66.0,64.0,53.0,-285.0,469.0
120.0,190.0,228.0,-178.0,77.0,112.0,-48.0,68.0,-212.0,635.0
125.0,-77.0,268.0,-149.0,11.0,329.0,-78.0,223.0,-129.0,712.0
151.0,-320.0,296.0,-192.0,-80.0,383.0,5.0,199.0,-52.0,689.0
186.0,-386.0,264.0,-148.0,-9.0,348.0,68.0,219.0,40.0,583.0
162.0,-338.0,246.0,0.0,21.0,401.0,112.0,120.0,117.0,434.0
138.0,-376.0,147.0,139.0,-127.0,367.0,156.0,46.0,165.0,255.0
104.0,-312.0,41.0,224.0,-126.0,187.0,174.0,64.0,251.0,58.0
98.0,-201.0,-45.0,276.0,-43.0,89.0,185.0,-12.0,294.0,-95.0
117.0,-361.0,-174.0,262.0,-59.0,148.0,190.0,29.0,319.0,-210.0
134.0,-408.0,-265.0,197.0,-7.0,157.0,188.0,35.0,356.0,-279.0
167.0,-241.0,-339.0,237.0,15.0,115.0,134.0,166.0,339.0,-290.0
142.0,-223.0,-344.0,322.0,39.0,131.0,57.0,160.0,320.0,-257.0
87.0,-154.0,-331.0,255.0,111.0,232.0,-10.0,134.0,270.0,-177.0
6.0,197.0,-297.0,71.0,-4.0,262.0,-93.0,282.0,195.0,-71.0
-60.0,459.0,-230.0,-117.0,-64.0,183.0,-158.0,201.0,141.0,33.0
-106.0,507.0,-170.0,-286.0,73.0,240.0,-118.0,177.0,61.0,144.0
-126.0,457.0,-57.0,-353.0,28.0,356.0,-7.0,-3.0,-3.0,234.0
-102.0,386.0,47.0,-310.0,27.0,394.0,67.0,-27.0,-35.0,273.0
-82.0,220.0,139.0,-277.0,131.0,283.0,61.0,112.0,-80.0,289.0
-65.0,-125.0,226.0,-269.0,33.0,169.0,-31.0,48.0,-87.0,247.0
-70.0,-260.0,306.0,-235.0,86.0,150.0,-143.0,158.0,-96.0,145.0
-71.0,-198.0,360.0,-131.0,122.0,26.0,-205.0,158.0,-79.0,3.0
-85.0,-87.0,368.0,10.0,24.0,43.0,-131.0,293.0,-25.0,-133.0
-107.0,183.0,360.0,62.0,77.0,162.0,-52.0,301.0,14.0,-238.0
-89.0,427.0,351.0,76.0,150.0,142.0,-96.0,86.0,73.0,-323.0
-72.0,576.0,314.0,86.0,90.0,138.0,-151.0,31.0,99.0,-347.0
-61.0,794.0,252.0,69.0,-7.0,271.0,-175.0,-77.0,120.0,-305.0
-65.0,870.0,233.0,103.0,7.0,341.0,-148.0,-16.0,125.0,-206.0
-54.0,672.0,160.0,112.0,-36.0,136.0,-70.0,-72.0,96.0,-59.0
-44.0,363.0,104.0,69.0,-58.0,61.0,76.0,-1.0,55.0,130.0
-46.0,109.0,58.0,41.0,-67.0,163.0,193.0,64.0,-12.0,325.0
-50.0,84.0,-4.0,15.0,-147.0,147.0,229.0,-83.0,-91.0,484.0
-47.0,-4.0,0.0,50.0,-137.0,80.0,247.0,-14.0,-186.0,583.0
-26.0,-189.0,-10.0,141.0,-134.0,-10.0,209.0,-59.0,-259.0,597.0
-20.0,-134.0,7.0,155.0,-177.0,-106.0,160.0,14.0,-323.0,515.0
9.0,86.0,19.0,145.0,-139.0,-130.0,113.0,88.0,-397.0,322.0
25.0,88.0,24.0,148.0,-57.0,-11.0,58.0,116.0,-462.0,89.0
35.0,170.0,27.0,118.0,-31.0,87.0,24.0,184.0,-506.0,-133.0
56.0,364.0,57.0,175.0,37.0,37.0,3.0,86.0,-528.0,-341.0
79.0,208.0,102.0,211.0,118.0,-5.0,-7.0,144.0,-544.0,-515.0
99.0,123.0,116.0,209.0,175.0,51.0,-4.0,149.0,-541.0,-650.0
85.0,-112.0,191.0,245.0,244.0,79.0,-14.0,205.0,-498.0,-710.0
72.0,-503.0,181.0,246.0,207.0,35.0,-57.0,267.0,-409.0,-714.0
50.0,-643.0,146.0,292.0,179.0,44.0,-201.0,227.0,-320.0,-661.0
28.0,-848.0,118.0,359.0,221.0,126.0,-445.0,286.0,-219.0,-519.0
10.0,-1058.0,1.0,377.0,186.0,189.0,-615.0,234.0,-99.0,-326.0
18.0,-997.0,-107.0,334.0,124.0,161.0,-669.0,253.0,12.0,-81.0
24.0,-850.0,-199.0,308.0,107.0,171.0,-607.0,157.0,119.0,204.0
37.0,-776.0,-302.0,281.0,91.0,191.0,-405.0,33.0,197.0,490.0
33.0,-599.0,-372.0,170.0,22.0,126.0,-142.0,-14.0,246.0,720.0
-4.0,-377.0,-369.0,60.0,-55.0,107.0,115.0,-48.0,265.0,835.0
-87.0,-116.0,-382.0,-3.0,-142.0,160.0,395.0,227.0,246.0,851.0
-192.0,238.0,-345.0,-51.0,-156.0,159.0,678.0,288.0,187.0,756.0
-233.0,515.0,-287.0,-31.0,-65.0,100.0,742.0,230.0,113.0,534.0
-246.0,664.0,-262.0,6.0,-100.0,118.0,702.0,203.0,7.0,232.0
-178.0,801.0,-159.0,-9.0,-103.0,80.0,695.0,142.0,-105.0,-78.0
-142.0,752.0,-117.0,49.0,-2.0,-22.0,509.0,166.0,-173.0,-389.0
-129.0,619.0,-57.0,62.0,1.0,14.0,160.0,123.0,-226.0,-678.0
-135.0,612.0,42.0,0.0,-19.0,110.0,-173.0,177.0,-242.0,-864.0
-163.0,404.0,40.0,-13.0,-55.0,104.0,-362.0,92.0,-230.0,-945.0
-131.0,-18.0,95.0,-75.0,-126.0,56.0,-480.0,86.0,-207.0,-923.0
-95.0,-452.0,152.0,-86.0,-130.0,114.0,-632.0,101.0,-165.0,-788.0
-27.0,-844.0,151.0,-54.0,-63.0,131.0,-785.0,42.0,-137.0,-563.0
7.0,-1122.0,136.0,-79.0,-45.0,52.0,-839.0,188.0,-86.0,-253.0
44.0,-1217.0,142.0,-107.0,58.0,94.0,-628.0,208.0,-20.0,80.0
53.0,-1287.0,142.0,-214.0,208.0,225.0,-303.0,315.0,18.0,403.0
58.0,-1431.0,90.0,-297.0,163.0,269.0,-156.0,267.0,67.0,714.0
67.0,-1484.0,126.0,-325.0,156.0,179.0,-54.0,142.0,124.0,911.0
88.0,-1142.0,137.0,-425.0,164.0,118.0,167.0,164.0,174.0,963.0
133.0,-701.0,109.0,-442.0,101.0,293.0,389.0,68.0,217.0,906.0
137.0,-331.0,112.0,-339.0,45.0,356.0,582.0,48.0,216.0,721.0
129.0,111.0,99.0,-189.0,-51.0,233.0,716.0,-84.0,203.0,396.0
95.0,348.0,136.0,-25.0,-87.0,300.0,775.0,-134.0,172.0,26.0
108.0,625.0,152.0,19.0,-141.0,338.0,813.0,-157.0,106.0,-302.0
87.0,661.0,172.0,-17.0,-126.0,253.0,805.0,-251.0,64.0,-583.0
70.0,446.0,196.0,-55.0,-107.0,250.0,677.0,-184.0,7.0,-781.0
68.0,105.0,194.0,-113.0,-192.0,406.0,405.0,-173.0,-42.0,-848.0
61.0,-338.0,238.0,-155.0,-132.0,473.0,103.0,-29.0,-73.0,-796.0
52.0,-484.0,243.0,-225.0,-71.0,325.0,-172.0,-16.0,-125.0,-677.0
14.0,-660.0,248.0,-303.0,-94.0,279.0,-416.0,-145.0,-147.0,-489.0
23.0,-548.0,300.0,-271.0,-3.0,282.0,-595.0,-73.0,-157.0,-262.0
6.0,-278.0,275.0,-199.0,95.0,252.0,-657.0,25.0,-156.0,-75.0
-14.0,-28.0,246.0,-121.0,44.0,252.0,-586.0,168.0,-130.0,57.0
-41.0,231.0,220.0,-39.0,63.0,257.0,-350.0,90.0,-70.0,138.0
-39.0,372.0,143.0,2.0,84.0,296.0,-49.0,53.0,8.0,175.0
-11.0,747.0,131.0,47.0,102.0,286.0,163.0,121.0,80.0,163.0
11.0,821.0,76.0,100.0,174.0,278.0,319.0,70.0,160.0,121.0
38.0,664.0,-1.0,173.0,101.0,376.0,246.0,36.0,204.0,93.0
42.0,754.0,-14.0,246.0,80.0,446.0,-66.0,-199.0,241.0,86.0
47.0,714.0,-90.0,234.0,98.0,400.0,-367.0,-267.0,262.0,72.0
33.0,590.0,-136.0,155.0,15.0,340.0,-540.0,-288.0,251.0,52.0
17.0,561.0,-112.0,85.0,-89.0,308.0,-553.0,-267.0,226.0,20.0
12.0,571.0,-119.0,-29.0,-190.0,302.0,-570.0,-70.0,207.0,-22.0
18.0,778.0,-130.0,-114.0,-280.0,342.0,-680.0,38.0,185.0,-82.0
-25.0,847.0,-85.0,-136.0,-239.0,353.0,-690.0,242.0,153.0,-143.0
-113.0,784.0,-51.0,-209.0,-171.0,249.0,-565.0,230.0,117.0,-158.0
-164.0,711.0,-40.0,-227.0,-205.0,137.0,-381.0,206.0,46.0,-161.0
-169.0,358.0,-5.0,-245.0,-92.0,153.0,-138.0,138.0,-3.0,-123.0
-163.0,-43.0,13.0,-255.0,71.0,310.0,45.0,14.0,-56.0,-29.0
-165.0,-588.0,52.0,-191.0,39.0,529.0,186.0,-20.0,-134.0,73.0
-138.0,-1148.0,96.0,-173.0,4.0,607.0,319.0,-155.0,-202.0,171.0
-76.0,-1575.0,114.0,-117.0,175.0,515.0,497.0,-31.0,-246.0,260.0
-6.0,-1861.0,148.0,-76.0,214.0,449.0,681.0,-33.0,-261.0,340.0
55.0,-1986.0,162.0,-52.0,126.0,446.0,670.0,-86.0,-259.0,376.0
121.0,-2005.0,143.0,21.0,144.0,467.0,648.0,-103.0,-206.0,367.0
181.0,-1599.0,130.0,63.0,77.0,477.0,707.0,-140.0,-131.0,286.0
204.0,-1061.0,91.0,129.0,113.0,534.0,593.0,-3.0,-42.0,167.0
184.0,-611.0,35.0,160.0,144.0,561.0,210.0,-46.0,33.0,51.0
164.0,125.0,17.0,114.0,-81.0,490.0,-224.0,-49.0,95.0,-101.0
146.0,679.0,4.0,36.0,-162.0,526.0,-553.0,-105.0,141.0,-249.0
150.0,895.0,-50.0,-66.0,-30.0,421.0,-659.0,-109.0,153.0,-364.0
141.0,1162.0,-70.0,-67.0,-130.0,228.0,-491.0,-9.0,153.0,-464.0
110.0,964.0,-111.0,17.0,-178.0,279.0,-315.0,-40.0,111.0,-556.0
49.0,740.0,-148.0,89.0,-45.0,302.0,-183.0,-5.0,70.0,-631.0
-9.0,574.0,-103.0,190.0,-98.0,338.0,-12.0,-147.0,18.0,-671.0
-19.0,99.0,-113.0,322.0,3.0,458.0,23.0,-168.0,-54.0,-695.0
-50.0,-199.0,-65.0,372.0,40.0,530.0,-56.0,-203.0,-122.0,-697.0
-81.0,-384.0,-30.0,424.0,-113.0,556.0,-59.0,-308.0,-181.0,-635.0
-136.0,-292.0,-35.0,477.0,73.0,583.0,-34.0,-140.0,-201.0,-528.0
-141.0,-234.0,43.0,438.0,150.0,513.0,90.0,-169.0,-220.0,-369.0
-131.0,-60.0,78.0,395.0,-59.0,223.0,173.0,-112.0,-206.0,-127.0
-113.0,498.0,111.0,275.0,24.0,165.0,-104.0,-31.0,-155.0,149.0
-88.0,876.0,158.0,141.0,70.0,258.0,-440.0,36.0,-102.0,425.0
-91.0,1152.0,163.0,-27.0,-43.0,156.0,-499.0,256.0,-32.0,686.0
-63.0,1173.0,175.0,-244.0,63.0,90.0,-450.0,264.0,43.0,903.0
-82.0,1045.0,213.0,-358.0,-47.0,125.0,-539.0,205.0,133.0,1030.0
-56.0,879.0,202.0,-411.0,-189.0,237.0,-635.0,33.0,193.0,1070.0
-15.0,282.0,201.0,-339.0,1.0,279.0,-701.0,16.0,231.0,1013.0
66.0,-318.0,218.0,-161.0,-24.0,275.0,-824.0,35.0,261.0,866.0
128.0,-545.0,190.0,-44.0,-148.0,338.0,-797.0,-33.0,241.0,683.0
147.0,-806.0,165.0,72.0,-6.0,323.0,-551.0,24.0,190.0,457.0
165.0,-1060.0,172.0,121.0,19.0,245.0,-291.0,29.0,106.0,204.0
136.0,-1006.0,195.0,37.0,-66.0,200.0,-40.0,121.0,-3.0,-33.0
121.0,-824.0,224.0,38.0,-73.0,227.0,134.0,-5.0,-133.0,-235.0
74.0,-515.0,287.0,48.0,-166.0,227.0,4.0,11.0,-268.0,-387.0
88.0,-102.0,297.0,76.0,-154.0,77.0,-64.0,129.0,-378.0,-438.0
100.0,259.0,319.0,106.0,-180.0,-14.0,172.0,-55.0,-454.0,-394.0
127.0,652.0,314.0,-20.0,-263.0,59.0,321.0,-81.0,-482.0,-308.0
142.0,1021.0,289.0,-189.0,-190.0,79.0,286.0,-234.0,-458.0,-175.0
123.0,1116.0,306.0,-395.0,-150.0,0.0,282.0,-280.0,-378.0,-11.0
117.0,903.0,241.0,-575.0,-10.0,-62.0,294.0,-157.0,-266.0,128.0
88.0,802.0,217.0,-662.0,7.0,-84.0,246.0,-153.0,-124.0,243.0
80.0,793.0,178.0,-652.0,3.0,-179.0,269.0,-121.0,36.0,345.0
52.0,568.0,130.0,-520.0,207.0,-168.0,367.0,-194.0,168.0,400.0
55.0,400.0,72.0,-338.0,188.0,-5.0,545.0,-243.0,287.0,446.0
30.0,233.0,2.0,-249.0,161.0,0.0,726.0,-312.0,373.0,463.0
-20.0,-21.0,-17.0,-193.0,243.0,11.0,647.0,-273.0,406.0,419.0
-73.0,-255.0,-59.0,-112.0,197.0,93.0,310.0,-212.0,423.0,346.0
-86.0,-529.0,-23.0,-3.0,141.0,107.0,-59.0,-120.0,396.0,247.0
-85.0,-724.0,-57.0,195.0,81.0,20.0,-327.0,149.0,336.0,107.0
-114.0,-813.0,-52.0,364.0,-47.0,-137.0,-458.0,155.0,262.0,-83.0
-150.0,-815.0,-11.0,495.0,-41.0,-102.0,-425.0,182.0,176.0,-277.0
-191.0,-807.0,-27.0,522.0,13.0,33.0,-388.0,230.0,114.0,-486.0
-204.0,-623.0,53.0,422.0,-86.0,58.0,-510.0,153.0,40.0,-666.0
-229.0,-155.0,52.0,301.0,-55.0,-25.0,-785.0,1.0,-26.0,-811.0
-234.0,44.0,50.0,99.0,26.0,-70.0,-950.0,-240.0,-61.0,-950.0
-266.0,-43.0,33.0,-128.0,31.0,8.0,-1053.0,-310.0,-80.0,-1039.0
-293.0,117.0,-13.0,-297.0,56.0,4.0,-1274.0,-410.0,-65.0,-1074.0
-312.0,174.0,-2.0,-429.0,-66.0,6.0,-1174.0,-269.0,-48.0,-1042.0
-311.0,61.0,-12.0,-450.0,-25.0,108.0,-780.0,-147.0,-4.0,-977.0
-265.0,154.0,-49.0,-363.0,110.0,46.0,-411.0,-179.0,65.0,-849.0
-221.0,96.0,-98.0,-280.0,-5.0,-92.0,-144.0,-72.0,128.0,-656.0
-174.0,14.0,-108.0,-107.0,35.0,-148.0,-35.0,-260.0,182.0,-420.0
-160.0,-114.0,-134.0,85.0,86.0,-186.0,64.0,-260.0,215.0,-124.0
-168.0,-263.0,-128.0,253.0,86.0,-161.0,193.0,-64.0,224.0,162.0
-221.0,-303.0,-142.0,418.0,127.0,-156.0,253.0,90.0,210.0,411.0
-279.0,-477.0,-150.0,522.0,10.0,-164.0,301.0,240.0,181.0,593.0
-320.0,-495.0,-61.0,622.0,49.0,-167.0,428.0,188.0,134.0,694.0
-328.0,-536.0,-41.0,571.0,111.0,-216.0,474.0,162.0,93.0,675.0
-324.0,-533.0,-11.0,415.0,72.0,-233.0,390.0,53.0,75.0,557.0
-298.0,-307.0,62.0,261.0,32.0,-229.0,407.0,33.0,39.0,391.0
-219.0,-12.0,86.0,-19.0,-16.0,-219.0,538.0,92.0,15.0,150.0
-139.0,577.0,100.0,-241.0,-17.0,-224.0,384.0,90.0,-2.0,-101.0
-86.0,1026.0,133.0,-361.0,-85.0,-130.0,68.0,123.0,-47.0,-309.0
-52.0,1141.0,122.0,-476.0,-173.0,-14.0,-38.0,138.0,-70.0,-438.0
-42.0,1096.0,85.0,-476.0,-205.0,-71.0,-224.0,229.0,-95.0,-478.0
-73.0,873.0,81.0,-458.0,-101.0,-164.0,-551.0,173.0,-115.0,-444.0
-80.0,762.0,33.0,-438.0,-74.0,-131.0,-844.0,203.0,-136.0,-333.0
-77.0,558.0,-15.0,-309.0,-107.0,-29.0,-950.0,260.0,-141.0,-157.0
-70.0,120.0,-66.0,-168.0,-30.0,-12.0,-944.0,97.0,-132.0,49.0
-76.0,-384.0,-152.0,-38.0,63.0,-6.0,-982.0,94.0,-141.0,262.0
-75.0,-757.0,-196.0,62.0,181.0,-79.0,-892.0,40.0,-121.0,499.0
-77.0,-953.0,-273.0,96.0,129.0,-229.0,-762.0,18.0,-135.0,732.0
-86.0,-1112.0,-301.0,143.0,115.0,-273.0,-648.0,79.0,-163.0,913.0
-64.0,-989.0,-318.0,115.0,268.0,-337.0,-540.0,64.0,-184.0,1038.0
-64.0,-727.0,-366.0,27.0,275.0,-419.0,-518.0,22.0,-222.0,1101.0
-42.0,-457.0,-310.0,-31.0,191.0,-392.0,-418.0,-53.0,-235.0,1074.0
-30.0,-299.0,-285.0,-175.0,181.0,-380.0,-161.0,-12.0,-240.0,949.0
-8.0,-139.0,-257.0,-311.0,150.0,-427.0,-30.0,-79.0,-209.0,748.0
-21.0,196.0,-169.0,-447.0,131.0,-340.0,-42.0,-18.0,-181.0,480.0
-37.0,388.0,-95.0,-584.0,51.0,-245.0,133.0,44.0,-164.0,169.0
-28.0,654.0,-30.0,-569.0,-141.0,-200.0,410.0,18.0,-121.0,-138.0
-52.0,1017.0,19.0,-546.0,-143.0,-117.0,413.0,188.0,-98.0,-406.0
-21.0,1322.0,33.0,-502.0,-138.0,-52.0,251.0,212.0,-80.0,-624.0
22.0,1445.0,20.0,-403.0,-212.0,7.0,246.0,304.0,-77.0,-759.0
83.0,1398.0,2.0,-343.0,-189.0,-78.0,311.0,279.0,-94.0,-761.0
137.0,1201.0,-6.0,-234.0,-167.0,-126.0,364.0,99.0,-116.0,-677.0
174.0,611.0,-21.0,-76.0,-98.0,-108.0,358.0,1.0,-132.0,-574.0
183.0,106.0,-36.0,102.0,-2.0,-160.0,182.0,-94.0,-103.0,-447.0
150.0,-444.0,-42.0,318.0,-39.0,-250.0,-85.0,-7.0,-58.0,-328.0
138.0,-1120.0,-121.0,436.0,8.0,-427.0,-244.0,1.0,-9.0,-253.0
104.0,-1427.0,-107.0,478.0,163.0,-464.0,-282.0,118.0,72.0,-216.0
72.0,-1644.0,-95.0,486.0,188.0,-534.0,-317.0,173.0,157.0,-203.0
47.0,-1569.0,-82.0,415.0,102.0,-715.0,-329.0,22.0,211.0,-183.0
34.0,-1242.0,-58.0,370.0,47.0,-724.0,-355.0,0.0,245.0,-153.0
25.0,-787.0,-95.0,304.0,62.0,-663.0,-405.0,-162.0,296.0,-109.0
11.0,-286.0,-51.0,208.0,-88.0,-731.0,-596.0,-186.0,310.0,-47.0
22.0,-96.0,-59.0,72.0,-193.0,-803.0,-902.0,-116.0,276.0,20.0
13.0,156.0,27.0,-138.0,-190.0,-664.0,-896.0,-70.0,243.0,56.0
-29.0,360.0,13.0,-289.0,-203.0,-542.0,-575.0,66.0,169.0,44.0
-91.0,507.0,56.0,-385.0,-169.0,-569.0,-371.0,103.0,74.0,1.0
-136.0,680.0,52.0,-397.0,-215.0,-497.0,-395.0,127.0,-18.0,-110.0
-174.0,687.0,22.0,-276.0,-131.0,-345.0,-496.0,29.0,-99.0,-254.0
-168.0,564.0,51.0,-175.0,85.0,-233.0,-551.0,16.0,-175.0,-377.0
-146.0,277.0,-40.0,-46.0,165.0,-181.0,-363.0,9.0,-224.0,-439.0
-140.0,196.0,32.0,156.0,93.0,-247.0,-107.0,-59.0,-225.0,-427.0
-113.0,189.0,-111.0,242.0,67.0,-226.0,-59.0,-9.0,-224.0,-352.0
-104.0,52.0,-93.0,323.0,111.0,-154.0,0.0,35.0,-191.0,-176.0
-88.0,13.0,-159.0,346.0,136.0,-185.0,101.0,240.0,-135.0,71.0
-50.0,-176.0,-232.0,214.0,99.0,-207.0,-51.0,249.0,-58.0,356.0
31.0,-377.0,-173.0,110.0,36.0,-219.0,-316.0,214.0,27.0,618.0
130.0,-406.0,-220.0,-21.0,104.0,-279.0,-271.0,247.0,101.0,827.0
193.0,-563.0,-119.0,-110.0,120.0,-449.0,-129.0,36.0,182.0,984.0
210.0,-625.0,-127.0,-182.0,-2.0,-468.0,-99.0,7.0,242.0,1041.0
199.0,-575.0,-66.0,-262.0,-85.0,-418.0,-46.0,-31.0,277.0,1028.0
178.0,-331.0,-37.0,-235.0,-36.0,-505.0,-112.0,22.0,254.0,946.0
129.0,165.0,2.0,-190.0,-26.0,-434.0,-263.0,88.0,214.0,770.0
76.0,388.0,38.0,-131.0,-146.0,-323.0,-244.0,-36.0,170.0,551.0
23.0,553.0,96.0,-5.0,-172.0,-346.0,-138.0,-116.0,97.0,333.0
-19.0,513.0,85.0,103.0,-147.0,-404.0,-112.0,-247.0,32.0,121.0
-33.0,218.0,72.0,143.0,-148.0,-404.0,8.0,-151.0,-6.0,-91.0
-17.0,65.0,93.0,181.0,-127.0,-359.0,148.0,-153.0,-15.0,-249.0
-9.0,-253.0,86.0,148.0,-101.0,-336.0,77.0,-123.0,-24.0,-307.0
6.0,-225.0,96.0,107.0,-42.0,-254.0,7.0,-22.0,-18.0,-299.0
21.0,64.0,9.0,128.0,123.0,-232.0,79.0,-42.0,25.0,-233.0
25.0,89.0,27.0,129.0,268.0,-207.0,148.0,208.0,84.0,-121.0
42.0,87.0,-58.0,179.0,246.0,-69.0,203.0,236.0,133.0,33.0
43.0,181.0,-15.0,186.0,295.0,-50.0,133.0,301.0,168.0,172.0
49.0,453.0,-15.0,79.0,363.0,-139.0,-236.0,352.0,179.0,259.0
31.0,474.0,1.0,-88.0,246.0,-204.0,-493.0,254.0,158.0,321.0
0.0,564.0,100.0,-294.0,119.0,-194.0,-412.0,288.0,123.0,321.0
-38.0,728.0,-17.0,-373.0,12.0,-182.0,-339.0,186.0,59.0,269.0
-63.0,624.0,93.0,-350.0,-61.0,-222.0,-433.0,206.0,-14.0,147.0
-58.0,616.0,38.0,-332.0,-148.0,-206.0,-556.0,92.0,-79.0,-4.0
-74.0,307.0,56.0,-235.0,-351.0,-127.0,-595.0,-18.0,-123.0,-175.0
-114.0,1.0,165.0,-171.0,-392.0,-101.0,-549.0,-77.0,-164.0,-352.0
-180.0,20.0,63.0,-87.0,-334.0,-141.0,-498.0,-205.0,-201.0,-448.0
-209.0,-113.0,200.0,26.0,-396.0,-198.0,-490.0,-194.0,-214.0,-493.0
-220.0,-411.0,151.0,78.0,-386.0,-254.0,-389.0,-375.0,-226.0,-481.0
-229.0,-699.0,173.0,136.0,-290.0,-281.0,-281.0,-404.0,-211.0,-399.0
-236.0,-587.0,263.0,100.0,-134.0,-173.0,-215.0,-343.0,-192.0,-248.0
-232.0,-226.0,198.0,60.0,21.0,-34.0,-106.0,-234.0,-163.0,-54.0
-185.0,-65.0,279.0,58.0,68.0,-27.0,65.0,-24.0,-110.0,149.0
-123.0,87.0,150.0,51.0,107.0,-11.0,375.0,101.0,-61.0,338.0
-61.0,245.0,167.0,74.0,153.0,-6.0,634.0,347.0,-7.0,487.0
-46.0,476.0,142.0,30.0,136.0,3.0,747.0,341.0,53.0,607.0
-50.0,933.0,43.0,-68.0,77.0,6.0,837.0,277.0,97.0,641.0
-48.0,1344.0,156.0,-138.0,29.0,42.0,855.0,162.0,107.0,610.0
-34.0,1341.0,4.0,-186.0,11.0,154.0,649.0,0.0,100.0,562.0
-15.0,1122.0,68.0,-179.0,56.0,124.0,388.0,72.0,68.0,470.0
16.0,975.0,11.0,-132.0,16.0,91.0,325.0,48.0,20.0,382.0
45.0,611.0,-8.0,-111.0,-88.0,103.0,298.0,59.0,-20.0,367.0
24.0,372.0,58.0,-83.0,-34.0,83.0,88.0,-14.0,-59.0,415.0
-10.0,387.0,-54.0,-69.0,35.0,-32.0,-130.0,18.0,-80.0,483.0
-66.0,181.0,135.0,-89.0,2.0,-264.0,-337.0,107.0,-94.0,564.0
-105.0,-17.0,-21.0,-66.0,-40.0,-366.0,-680.0,162.0,-106.0,652.0
-147.0,83.0,21.0,-41.0,36.0,-329.0,-732.0,406.0,-110.0,690.0
-170.0,137.0,37.0,-3.0,260.0,-329.0,-458.0,354.0,-91.0,613.0
-166.0,27.0,-37.0,82.0,420.0,-349.0,-264.0,223.0,-64.0,473.0
-167.0,-57.0,65.0,91.0,411.0,-256.0,-212.0,7.0,-44.0,309.0
-150.0,-363.0,-11.0,77.0,433.0,-173.0,-238.0,-153.0,-3.0,98.0
-147.0,-657.0,110.0,76.0,489.0,-110.0,-273.0,-123.0,43.0,-102.0
-118.0,-772.0,-22.0,51.0,441.0,56.0,-202.0,-208.0,78.0,-238.0
-84.0,-890.0,53.0,68.0,309.0,181.0,24.0,-153.0,138.0,-302.0
-62.0,-769.0,8.0,42.0,117.0,158.0,41.0,-169.0,180.0,-328.0
-41.0,-189.0,-79.0,-36.0,90.0,114.0,-109.0,-184.0,206.0,-302.0
-35.0,350.0,53.0,-114.0,78.0,85.0,-52.0,-201.0,236.0,-205.0
-15.0,434.0,-138.0,-148.0,-102.0,-108.0,47.0,-203.0,231.0,-67.0
-1.0,554.0,-55.0,-79.0,-150.0,-204.0,115.0,16.0,213.0,86.0
-7.0,434.0,-133.0,14.0,-97.0,-99.0,296.0,59.0,166.0,286.0
-42.0,225.0,-168.0,107.0,-15.0,-21.0,476.0,83.0,121.0,508.0
-88.0,460.0,-112.0,246.0,-25.0,66.0,602.0,68.0,85.0,676.0
-129.0,635.0,-157.0,325.0,-44.0,85.0,772.0,-59.0,32.0,795.0
-153.0,769.0,-27.0,311.0,70.0,77.0,825.0,-164.0,4.0,857.0
-153.0,932.0,-56.0,316.0,97.0,-23.0,685.0,-308.0,-16.0,838.0
-140.0,848.0,19.0,305.0,70.0,-129.0,545.0,-230.0,-48.0,708.0
-95.0,659.0,65.0,255.0,-10.0,-131.0,593.0,-151.0,-92.0,484.0
-67.0,692.0,103.0,179.0,-12.0,-188.0,570.0,-24.0,-141.0,221.0
-80.0,512.0,107.0,72.0,13.0,-176.0,265.0,59.0,-181.0,-48.0
-73.0,-73.0,112.0,15.0,-48.0,-190.0,57.0,105.0,-217.0,-307.0
-85.0,-480.0,132.0,34.0,-104.0,-191.0,62.0,312.0,-254.0,-509.0
-65.0,-783.0,48.0,58.0,-147.0,-92.0,137.0,195.0,-279.0,-599.0
-29.0,-1066.0,95.0,90.0,-103.0,-5.0,202.0,121.0,-295.0,-619.0
-13.0,-1125.0,30.0,94.0,-194.0,29.0,255.0,33.0,-311.0,-556.0
26.0,-1036.0,6.0,50.0,-256.0,48.0,309.0,-101.0,-305.0,-427.0
40.0,-1131.0,-9.0,55.0,-206.0,112.0,185.0,-20.0,-287.0,-266.0
67.0,-1430.0,-61.0,96.0,-246.0,83.0,-54.0,79.0,-253.0,-95.0
98.0,-1613.0,-93.0,129.0,-158.0,80.0,-168.0,295.0,-176.0,52.0
141.0,-1456.0,-137.0,155.0,-105.0,43.0,-77.0,362.0,-93.0,198.0
188.0,-886.0,-171.0,187.0,-122.0,-92.0,139.0,445.0,5.0,267.0
202.0,-532.0,-206.0,252.0,54.0,-60.0,295.0,371.0,101.0,240.0
223.0,-473.0,-191.0,276.0,157.0,40.0,266.0,136.0,172.0,190.0
249.0,-392.0,-247.0,241.0,93.0,87.0,166.0,48.0,244.0,103.0
258.0,-467.0,-174.0,190.0,105.0,103.0,10.0,-116.0,269.0,-23.0
250.0,-334.0,-141.0,138.0,97.0,7.0,-194.0,-118.0,283.0,-173.0
257.0,-86.0,-118.0,131.0,60.0,-137.0,-125.0,-192.0,299.0,-322.0
260.0,-4.0,-49.0,93.0,46.0,-119.0,102.0,-175.0,289.0,-410.0
256.0,15.0,-49.0,-6.0,-69.0,-24.0,68.0,-94.0,261.0,-469.0
245.0,-91.0,-13.0,-136.0,-72.0,-43.0,-171.0,-212.0,208.0,-489.0
239.0,-42.0,-38.0,-314.0,-7.0,-71.0,-250.0,-162.0,173.0,-412.0
230.0,163.0,-5.0,-449.0,-128.0,-89.0,-75.0,-234.0,138.0,-258.0
207.0,239.0,-10.0,-547.0,-96.0,-151.0,93.0,-256.0,122.0,-18.0
170.0,340.0,-48.0,-612.0,10.0,-126.0,284.0,-192.0,118.0,251.0
126.0,646.0,-37.0,-595.0,-36.0,-48.0,592.0,-177.0,105.0,494.0
97.0,989.0,-16.0,-525.0,-29.0,-42.0,687.0,-22.0,108.0,678.0
50.0,1040.0,-20.0,-394.0,-27.0,-9.0,568.0,7.0,100.0,821.0
47.0,607.0,1.0,-228.0,12.0,-26.0,521.0,22.0,67.0,917.0
47.0,74.0,61.0,-60.0,91.0,-102.0,461.0,-77.0,57.0,925.0
46.0,-339.0,12.0,103.0,23.0,53.0,384.0,-151.0,55.0,881.0
55.0,-763.0,33.0,254.0,-17.0,236.0,460.0,-129.0,50.0,795.0
30.0,-1096.0,50.0,334.0,-27.0,194.0,685.0,-142.0,100.0,697.0
16.0,-1290.0,15.0,363.0,-121.0,165.0,799.0,25.0,141.0,586.0
-7.0,-1121.0,56.0,366.0,-127.0,212.0,790.0,110.0,201.0,453.0
-10.0,-845.0,70.0,327.0,-127.0,190.0,747.0,175.0,279.0,314.0
-2.0,-708.0,80.0,294.0,-86.0,173.0,478.0,36.0,327.0,187.0
22.0,-336.0,98.0,251.0,79.0,242.0,299.0,-134.0,365.0,82.0
53.0,119.0,99.0,195.0,127.0,260.0,396.0,-66.0,346.0,-17.0
51.0,517.0,70.0,85.0,146.0,196.0,282.0,-66.0,327.0,-122.0
58.0,753.0,86.0,-12.0,231.0,157.0,-21.0,44.0,286.0,-205.0
55.0,802.0,48.0,-84.0,249.0,107.0,-120.0,5.0,213.0,-252.0
32.0,952.0,-5.0,-142.0,256.0,-20.0,-98.0,-20.0,148.0,-288.0
-13.0,928.0,-7.0,-141.0,227.0,-65.0,-21.0,44.0,69.0,-301.0
-69.0,854.0,-74.0,-150.0,135.0,-44.0,76.0,101.0,18.0,-290.0
-143.0,850.0,-98.0,-132.0,186.0,-35.0,24.0,219.0,-31.0,-269.0
-196.0,655.0,-123.0,-92.0,143.0,56.0,81.0,70.0,-83.0,-203.0
-240.0,257.0,-126.0,-63.0,-69.0,117.0,244.0,12.0,-84.0,-130.0
-242.0,-315.0,-116.0,1.0,-97.0,132.0,209.0,-127.0,-92.0,-95.0
-210.0,-403.0,-90.0,99.0,-126.0,201.0,62.0,-240.0,-98.0,-41.0
-225.0,-129.0,-52.0,167.0,-151.0,240.0,-37.0,-164.0,-67.0,11.0
-205.0,175.0,-41.0,243.0,-167.0,198.0,-39.0,-144.0,-35.0,14.0
-180.0,443.0,32.0,269.0,-217.0,214.0,31.0,36.0,4.0,-31.0
-127.0,330.0,61.0,279.0,-115.0,308.0,100.0,31.0,35.0,-123.0
-45.0,678.0,99.0,348.0,-142.0,307.0,42.0,133.0,42.0,-242.0
27.0,1192.0,118.0,363.0,-233.0,292.0,-59.0,275.0,39.0,-388.0
102.0,1045.0,125.0,389.0,-214.0,366.0,142.0,240.0,43.0,-553.0
148.0,910.0,116.0,431.0,-252.0,389.0,476.0,197.0,53.0,-720.0
207.0,848.0,91.0,399.0,-213.0,354.0,560.0,-29.0,60.0,-845.0
252.0,465.0,103.0,328.0,-39.0,321.0,528.0,-1.0,76.0,-917.0
281.0,77.0,56.0,250.0,12.0,311.0,515.0,14.0,90.0,-937.0
290.0,-107.0,55.0,140.0,78.0,240.0,549.0,-25.0,117.0,-879.0
264.0,-504.0,33.0,78.0,187.0,109.0,574.0,-46.0,126.0,-771.0
223.0,-891.0,-4.0,65.0,214.0,4.0,548.0,-210.0,103.0,-634.0
192.0,-1182.0,-26.0,95.0,296.0,-80.0,425.0,-179.0,79.0,-464.0
167.0,-1724.0,-53.0,124.0,245.0,-79.0,203.0,-253.0,45.0,-282.0
129.0,-1973.0,-70.0,78.0,211.0,-116.0,166.0,-201.0,26.0,-139.0
100.0,-1797.0,-123.0,65.0,198.0,-127.0,186.0,-70.0,13.0,-36.0
73.0,-1408.0,-130.0,18.0,124.0,-21.0,139.0,-1.0,-9.0,48.0
46.0,-910.0,-142.0,-2.0,214.0,9.0,230.0,221.0,-24.0,91.0
14.0,-705.0,-138.0,9.0,236.0,8.0,233.0,267.0,-40.0,85.0
-7.0,-570.0,-134.0,-68.0,168.0,44.0,63.0,352.0,-65.0,67.0
-15.0,-337.0,-148.0,-81.0,101.0,62.0,-119.0,293.0,-113.0,52.0
-10.0,-232.0,-138.0,-76.0,45.0,-14.0,-274.0,230.0,-168.0,33.0
-5.0,14.0,-189.0,-125.0,3.0,-47.0,-311.0,236.0,-202.0,37.0
-3.0,553.0,-207.0,-138.0,-72.0,0.0,-364.0,162.0,-242.0,39.0
12.0,1122.0,-192.0,-167.0,-213.0,6.0,-436.0,229.0,-250.0,-5.0
-1.0,1729.0,-216.0,-206.0,-329.0,17.0,-416.0,123.0,-236.0,-58.0
-44.0,2344.0,-179.0,-171.0,-317.0,-68.0,-260.0,131.0,-225.0,-112.0
-69.0,2426.0,-143.0,-74.0,-329.0,-231.0,-13.0,136.0,-195.0,-181.0
-30.0,2199.0,-133.0,55.0,-334.0,-382.0,-9.0,70.0,-160.0,-250.0
21.0,1845.0,-85.0,164.0,-328.0,-556.0,-48.0,18.0,-118.0,-313.0
18.0,1249.0,-100.0,194.0,-195.0,-603.0,153.0,-234.0,-74.0,-325.0
23.0,717.0,-107.0,127.0,68.0,-500.0,402.0,-293.0,-18.0,-295.0
20.0,38.0,-61.0,31.0,128.0,-444.0,632.0,-279.0,28.0,-254.0
4.0,-507.0,-76.0,-27.0,194.0,-427.0,853.0,-201.0,73.0,-227.0
-20.0,-684.0,-40.0,-41.0,314.0,-382.0,997.0,-277.0,116.0,-216.0
-48.0,-868.0,-17.0,17.0,281.0,-293.0,978.0,-400.0,143.0,-199.0
-18.0,-1270.0,-43.0,74.0,204.0,-205.0,840.0,-199.0,167.0,-202.0
44.0,-1684.0,-21.0,67.0,112.0,-145.0,643.0,-151.0,157.0,-235.0
141.0,-2022.0,-49.0,44.0,102.0,-89.0,450.0,-125.0,157.0,-278.0
190.0,-1954.0,-77.0,6.0,158.0,-114.0,241.0,-101.0,135.0,-303.0
182.0,-1576.0,-53.0,-51.0,193.0,-73.0,-56.0,14.0,100.0,-348.0
188.0,-1576.0,-37.0,-58.0,168.0,-50.0,-419.0,157.0,100.0,-431.0
156.0,-1274.0,-2.0,-50.0,187.0,-154.0,-768.0,40.0,70.0,-477.0
122.0,-748.0,63.0,-40.0,278.0,-227.0,-977.0,-20.0,41.0,-481.0
112.0,-396.0,112.0,-26.0,308.0,-346.0,-1000.0,-142.0,32.0,-470.0
137.0,-2.0,149.0,-20.0,284.0,-406.0,-931.0,-40.0,29.0,-437.0
184.0,588.0,161.0,20.0,210.0,-460.0,-933.0,92.0,30.0,-371.0
206.0,1285.0,182.0,41.0,172.0,-497.0,-899.0,81.0,32.0,-281.0
201.0,1546.0,215.0,84.0,122.0,-550.0,-769.0,267.0,72.0,-190.0
153.0,1633.0,191.0,64.0,88.0,-640.0,-543.0,315.0,113.0,-90.0
108.0,1689.0,216.0,1.0,56.0,-557.0,-172.0,362.0,139.0,14.0
51.0,1760.0,205.0,10.0,30.0,-571.0,100.0,347.0,144.0,101.0
-3.0,1729.0,118.0,19.0,60.0,-573.0,303.0,345.0,120.0,201.0
-3.0,1325.0,98.0,115.0,-100.0,-418.0,634.0,310.0,77.0,337.0
28.0,766.0,62.0,203.0,-182.0,-317.0,953.0,162.0,-5.0,486.0
77.0,390.0,-1.0,190.0,-98.0,-386.0,1116.0,173.0,-93.0,593.0
99.0,-48.0,-6.0,130.0,-261.0,-462.0,1154.0,-22.0,-180.0,647.0
73.0,-865.0,0.0,48.0,-393.0,-361.0,871.0,-14.0,-260.0,702.0
49.0,-1568.0,-28.0,9.0,-335.0,-304.0,484.0,120.0,-312.0,725.0
36.0,-1868.0,-29.0,-10.0,-238.0,-285.0,268.0,88.0,-338.0,666.0
35.0,-1778.0,0.0,-19.0,-205.0,-277.0,-77.0,88.0,-342.0,549.0
45.0,-1489.0,45.0,-49.0,-306.0,-252.0,-349.0,-14.0,-330.0,397.0
48.0,-921.0,90.0,-94.0,-282.0,-217.0,-464.0,-11.0,-275.0,209.0
81.0,-69.0,130.0,-97.0,-195.0,-237.0,-592.0,-79.0,-214.0,-3.0
113.0,775.0,144.0,-57.0,-163.0,-198.0,-607.0,-81.0,-152.0,-172.0
120.0,1239.0,136.0,-37.0,-157.0,-94.0,-406.0,-107.0,-67.0,-313.0
90.0,1135.0,111.0,-30.0,-97.0,-108.0,-76.0,-269.0,-1.0,-459.0
86.0,845.0,58.0,-37.0,23.0,-246.0,49.0,-258.0,44.0,-551.0
105.0,483.0,69.0,-137.0,31.0,-262.0,56.0,-351.0,52.0,-570.0
97.0,-51.0,26.0,-187.0,9.0,-236.0,120.0,-247.0,40.0,-537.0
92.0,-898.0,-40.0,-138.0,57.0,-230.0,137.0,-131.0,8.0,-493.0
72.0,-1603.0,-64.0,-73.0,203.0,-204.0,113.0,-214.0,-43.0,-392.0
100.0,-1671.0,-138.0,67.0,201.0,-161.0,5.0,-216.0,-101.0,-231.0
91.0,-1592.0,-167.0,162.0,68.0,-191.0,-205.0,-284.0,-152.0,-94.0
55.0,-1337.0,-163.0,167.0,141.0,-275.0,-424.0,-297.0,-173.0,11.0
25.0,-526.0,-158.0,161.0,240.0,-202.0,-476.0,-351.0,-205.0,137.0
-8.0,99.0,-148.0,98.0,154.0,-208.0,-391.0,-240.0,-217.0,265.0
-9.0,468.0,-116.0,107.0,50.0,-252.0,-400.0,-70.0,-223.0,325.0
-20.0,1027.0,-98.0,124.0,10.0,-207.0,-436.0,-1.0,-227.0,378.0
-13.0,1402.0,-88.0,34.0,52.0,-217.0,-449.0,149.0,-206.0,405.0
-13.0,1686.0,-48.0,-44.0,164.0,-191.0,-451.0,57.0,-197.0,356.0
0.0,1861.0,-27.0,-146.0,37.0,-191.0,-326.0,36.0,-148.0,255.0
-24.0,1798.0,40.0,-212.0,-127.0,-191.0,-130.0,110.0,-86.0,89.0
-44.0,1597.0,91.0,-193.0,-13.0,-139.0,131.0,216.0,-7.0,-91.0
-31.0,1129.0,102.0,-154.0,-26.0,-105.0,340.0,273.0,63.0,-278.0
-28.0,228.0,122.0,-82.0,-167.0,-138.0,347.0,162.0,115.0,-456.0
-29.0,-627.0,133.0,-29.0,-268.0,-196.0,262.0,201.0,154.0,-570.0
-57.0,-1127.0,117.0,4.0,-304.0,-179.0,119.0,27.0,147.0,-599.0
-84.0,-1767.0,117.0,118.0,-111.0,-296.0,42.0,-16.0,156.0,-564.0
-127.0,-2305.0,123.0,272.0,-133.0,-499.0,54.0,120.0,132.0,-488.0
-155.0,-2503.0,56.0,388.0,-303.0,-520.0,-45.0,105.0,105.0,-331.0
-207.0,-2293.0,55.0,443.0,-162.0,-515.0,-236.0,133.0,96.0,-163.0
-201.0,-1573.0,59.0,375.0,-106.0,-523.0,-408.0,-9.0,79.0,-27.0
-179.0,-657.0,33.0,263.0,-243.0,-456.0,-478.0,-160.0,77.0,119.0
-156.0,209.0,56.0,134.0,-307.0,-343.0,-323.0,-317.0,68.0,247.0
-106.0,840.0,78.0,-8.0,-283.0,-248.0,-230.0,-352.0,63.0,327.0
-55.0,1332.0,117.0,-65.0,-88.0,-235.0,-314.0,-343.0,27.0,369.0
16.0,1644.0,142.0,-115.0,95.0,-201.0,-222.0,-343.0,-2.0,398.0
36.0,1813.0,116.0,-164.0,95.0,-173.0,28.0,-173.0,-17.0,392.0
112.0,1679.0,157.0,-194.0,249.0,-166.0,272.0,-194.0,-47.0,329.0
158.0,975.0,172.0,-238.0,334.0,-133.0,312.0,-18.0,-70.0,215.0
223.0,271.0,142.0,-224.0,199.0,-129.0,304.0,223.0,-84.0,88.0
295.0,-170.0,179.0,-166.0,47.0,-102.0,418.0,343.0,-95.0,-31.0
309.0,-386.0,58.0,-41.0,-102.0,-112.0,348.0,456.0,-112.0,-157.0
335.0,-508.0,43.0,110.0,-58.0,-174.0,201.0,267.0,-123.0,-232.0
322.0,-963.0,17.0,162.0,-3.0,-121.0,85.0,3.0,-116.0,-240.0
327.0,-1314.0,-28.0,176.0,-132.0,-22.0,-121.0,-410.0,-100.0,-231.0
282.0,-1062.0,34.0,179.0,-309.0,-36.0,-225.0,-607.0,-75.0,-233.0
259.0,-444.0,-48.0,146.0,-323.0,-129.0,-148.0,-604.0,-48.0,-214.0
252.0,-45.0,-31.0,109.0,-236.0,-118.0,-228.0,-696.0,-30.0,-202.0
236.0,-183.0,-88.0,15.0,-338.0,-94.0,-384.0,-591.0,-2.0,-218.0
215.0,-130.0,-89.0,-86.0,-494.0,-252.0,-427.0,-528.0,8.0,-225.0
176.0,157.0,-66.0,-125.0,-331.0,-304.0,-450.0,-321.0,13.0,-239.0
169.0,238.0,-51.0,-154.0,-50.0,-229.0,-320.0,-110.0,41.0,-241.0
166.0,54.0,-8.0,-172.0,19.0,-141.0,-185.0,7.0,62.0,-255.0
174.0,-188.0,-18.0,-187.0,50.0,-52.0,-211.0,101.0,90.0,-253.0
158.0,75.0,75.0,-184.0,119.0,-145.0,-215.0,31.0,110.0,-238.0
138.0,302.0,70.0,-96.0,238.0,-265.0,-113.0,131.0,93.0,-288.0
109.0,307.0,157.0,34.0,244.0,-275.0,-33.0,184.0,40.0,-345.0
105.0,312.0,177.0,169.0,40.0,-246.0,-43.0,310.0,-54.0,-389.0
64.0,161.0,165.0,339.0,-1.0,-205.0,-104.0,352.0,-159.0,-441.0
40.0,139.0,178.0,384.0,103.0,-175.0,-90.0,175.0,-284.0,-500.0
41.0,-5.0,112.0,324.0,67.0,-223.0,59.0,118.0,-411.0,-540.0
34.0,-215.0,108.0,299.0,72.0,-320.0,174.0,-164.0,-485.0,-505.0
44.0,-260.0,92.0,243.0,89.0,-305.0,180.0,-443.0,-518.0,-415.0
26.0,-183.0,116.0,158.0,141.0,-214.0,109.0,-665.0,-502.0,-290.0
26.0,-252.0,33.0,9.0,330.0,-179.0,73.0,-757.0,-456.0,-140.0
2.0,-250.0,13.0,-176.0,254.0,-151.0,5.0,-670.0,-375.0,39.0
14.0,56.0,0.0,-322.0,193.0,-160.0,-184.0,-569.0,-262.0,204.0
6.0,-229.0,-40.0,-406.0,275.0,-178.0,-394.0,-225.0,-172.0,302.0
-9.0,-419.0,20.0,-384.0,188.0,-115.0,-500.0,-18.0,-69.0,387.0
0.0,-332.0,16.0,-305.0,42.0,-114.0,-525.0,114.0,16.0,394.0
11.0,-342.0,67.0,-269.0,4.0,-91.0,-499.0,59.0,60.0,318.0
23.0,-41.0,70.0,-236.0,73.0,-50.0,-264.0,-232.0,96.0,228.0
-12.0,161.0,84.0,-202.0,50.0,-68.0,37.0,-317.0,108.0,110.0
-34.0,371.0,133.0,-187.0,21.0,-116.0,258.0,-315.0,111.0,-10.0
-50.0,310.0,106.0,-102.0,-20.0,-131.0,412.0,-107.0,82.0,-119.0
-48.0,271.0,68.0,6.0,26.0,-114.0,593.0,81.0,32.0,-163.0
-57.0,248.0,41.0,31.0,125.0,-214.0,899.0,234.0,-19.0,-140.0
-39.0,-54.0,-4.0,13.0,9.0,-187.0,1110.0,264.0,-70.0,-105.0
-10.0,46.0,-22.0,11.0,-133.0,-103.0,994.0,101.0,-99.0,-60.0
1.0,69.0,16.0,26.0,-101.0,-125.0,611.0,12.0,-100.0,-3.0
-19.0,-297.0,-18.0,42.0,15.0,-137.0,216.0,-279.0,-78.0,43.0
-71.0,-553.0,-40.0,9.0,-49.0,-192.0,-32.0,-371.0,-76.0,51.0
-101.0,-525.0,-64.0,-25.0,-129.0,-279.0,-227.0,-362.0,-52.0,28.0
-113.0,-622.0,-94.0,-72.0,-121.0,-367.0,-536.0,-445.0,-23.0,21.0
-81.0,-710.0,-84.0,-122.0,-165.0,-317.0,-744.0,-334.0,-15.0,-6.0
-55.0,-588.0,-52.0,-72.0,-220.0,-212.0,-719.0,-273.0,7.0,-59.0
-33.0,-293.0,-47.0,-91.0,-305.0,-148.0,-652.0,-186.0,6.0,-66.0
-37.0,-22.0,-10.0,-129.0,-193.0,-98.0,-485.0,-273.0,31.0,-66.0
-55.0,124.0,22.0,-124.0,60.0,-146.0,-218.0,-295.0,40.0,-69.0
-106.0,642.0,28.0,-150.0,27.0,-168.0,-43.0,-210.0,42.0,-65.0
-124.0,991.0,98.0,-75.0,5.0,-174.0,9.0,-145.0,57.0,-51.0
-110.0,1060.0,92.0,-22.0,177.0,-179.0,0.0,136.0,56.0,-49.0
-75.0,1104.0,129.0,-22.0,225.0,-74.0,-116.0,177.0,74.0,-110.0
0.0,1074.0,85.0,-4.0,266.0,14.0,-215.0,118.0,67.0,-181.0
17.0,1151.0,101.0,-29.0,163.0,41.0,-74.0,-103.0,106.0,-292.0
34.0,950.0,83.0,-42.0,36.0,88.0,152.0,-378.0,125.0,-473.0
-1.0,675.0,82.0,-32.0,200.0,103.0,132.0,-467.0,130.0,-671.0
-19.0,482.0,109.0,-16.0,186.0,116.0,14.0,-593.0,153.0,-849.0
-8.0,1.0,29.0,26.0,38.0,116.0,85.0,-452.0,124.0,-988.0
43.0,-264.0,123.0,81.0,-1.0,48.0,163.0,-386.0,121.0,-1065.0
88.0,-295.0,20.0,76.0,-103.0,29.0,169.0,-343.0,88.0,-1043.0
71.0,-293.0,91.0,103.0,-45.0,30.0,185.0,-315.0,52.0,-901.0
83.0,-79.0,85.0,138.0,-63.0,36.0,162.0,-388.0,30.0,-679.0
86.0,-179.0,83.0,100.0,-327.0,86.0,56.0,-253.0,-11.0,-414.0
139.0,-550.0,94.0,20.0,-148.0,145.0,74.0,-230.0,-25.0,-108.0
156.0,-888.0,-11.0,-100.0,98.0,127.0,221.0,-219.0,-31.0,196.0
151.0,-1040.0,89.0,-182.0,16.0,-35.0,175.0,-214.0,-16.0,472.0
122.0,-1033.0,-8.0,-250.0,53.0,7.0,101.0,-118.0,-10.0,679.0
78.0,-1076.0,57.0,-267.0,141.0,271.0,165.0,-11.0,-8.0,799.0
68.0,-798.0,-14.0,-228.0,173.0,356.0,250.0,-60.0,1.0,833.0
68.0,-341.0,-58.0,-199.0,112.0,348.0,236.0,22.0,17.0,770.0
85.0,-69.0,-85.0,-145.0,-65.0,403.0,10.0,-136.0,54.0,686.0
105.0,172.0,-118.0,-100.0,-128.0,515.0,-309.0,-304.0,81.0,549.0
123.0,319.0,-93.0,-70.0,43.0,519.0,-473.0,-428.0,114.0,351.0
146.0,493.0,-239.0,-57.0,55.0,417.0,-499.0,-620.0,141.0,172.0
182.0,591.0,-207.0,-62.0,-39.0,425.0,-576.0,-502.0,140.0,9.0
140.0,168.0,-341.0,-28.0,-20.0,415.0,-629.0,-304.0,120.0,-122.0
103.0,-99.0,-353.0,-18.0,-24.0,390.0,-576.0,-112.0,81.0,-186.0
38.0,27.0,-343.0,-13.0,3.0,304.0,-464.0,-90.0,49.0,-170.0
-3.0,168.0,-426.0,91.0,-214.0,210.0,-311.0,-120.0,22.0,-115.0
-24.0,318.0,-363.0,147.0,-388.0,273.0,65.0,-225.0,-2.0,-40.0
-56.0,313.0,-396.0,138.0,-271.0,246.0,441.0,-402.0,-12.0,45.0
-56.0,360.0,-334.0,108.0,-256.0,220.0,504.0,-301.0,-7.0,126.0
-96.0,429.0,-324.0,40.0,-198.0,266.0,445.0,-297.0,-9.0,204.0
-93.0,347.0,-288.0,-40.0,-212.0,237.0,282.0,-153.0,-11.0,292.0
-127.0,304.0,-146.0,-153.0,-147.0,217.0,194.0,60.0,2.0,376.0
-141.0,343.0,-142.0,-245.0,123.0,233.0,254.0,36.0,13.0,428.0
-147.0,309.0,-34.0,-361.0,-22.0,287.0,322.0,44.0,25.0,465.0
-114.0,213.0,-59.0,-451.0,-180.0,248.0,255.0,62.0,24.0,485.0
-82.0,506.0,-34.0,-467.0,-22.0,164.0,67.0,162.0,-5.0,477.0
-112.0,775.0,-8.0,-451.0,-33.0,299.0,-74.0,3.0,-30.0,435.0
-108.0,756.0,-65.0,-369.0,-53.0,469.0,-151.0,-221.0,-70.0,344.0
-117.0,738.0,-21.0,-209.0,10.0,532.0,-136.0,-339.0,-128.0,205.0
-118.0,223.0,-142.0,-76.0,101.0,496.0,-148.0,-430.0,-186.0,27.0
-166.0,-38.0,-58.0,-6.0,376.0,363.0,-211.0,-258.0,-250.0,-183.0
-191.0,-54.0,-132.0,65.0,484.0,348.0,-156.0,-164.0,-301.0,-438.0
-222.0,-795.0,-77.0,69.0,350.0,352.0,-31.0,5.0,-342.0,-671.0
-224.0,-1333.0,-1.0,138.0,428.0,175.0,-193.0,133.0,-359.0,-826.0
-201.0,-1538.0,-62.0,233.0,564.0,12.0,-465.0,169.0,-347.0,-920.0
-189.0,-1733.0,72.0,249.0,471.0,130.0,-537.0,249.0,-308.0,-911.0
-170.0,-1697.0,-25.0,256.0,315.0,242.0,-576.0,197.0,-245.0,-812.0
-189.0,-1472.0,56.0,122.0,224.0,138.0,-620.0,279.0,-166.0,-661.0
-182.0,-905.0,57.0,-27.0,282.0,129.0,-564.0,149.0,-66.0,-430.0
-194.0,-158.0,27.0,-135.0,321.0,152.0,-523.0,-35.0,43.0,-159.0
-179.0,376.0,81.0,-233.0,59.0,71.0,-440.0,-125.0,135.0,101.0
-154.0,446.0,82.0,-239.0,-140.0,71.0,-151.0,-266.0,211.0,329.0
-110.0,515.0,119.0,-252.0,-102.0,127.0,33.0,-271.0,282.0,515.0
-65.0,699.0,109.0,-266.0,-99.0,141.0,96.0,-328.0,308.0,638.0
-33.0,634.0,112.0,-249.0,-253.0,205.0,151.0,-251.0,324.0,681.0
9.0,706.0,72.0,-189.0,-310.0,194.0,182.0,-253.0,308.0,658.0
39.0,742.0,16.0,-76.0,-89.0,126.0,119.0,-179.0,271.0,571.0
70.0,662.0,-116.0,-12.0,-1.0,180.0,95.0,-40.0,237.0,432.0
30.0,706.0,-144.0,34.0,-49.0,190.0,205.0,-64.0,154.0,264.0
0.0,830.0,-169.0,100.0,-68.0,143.0,232.0,129.0,102.0,80.0
25.0,1001.0,-154.0,121.0,-37.0,184.0,344.0,97.0,34.0,-112.0
63.0,1118.0,-91.0,111.0,37.0,235.0,327.0,44.0,-27.0,-287.0
96.0,1139.0,-68.0,96.0,-30.0,260.0,129.0,16.0,-51.0,-402.0
112.0,833.0,-29.0,92.0,-186.0,311.0,69.0,-66.0,-107.0,-482.0
102.0,731.0,-11.0,99.0,-118.0,262.0,48.0,31.0,-137.0,-501.0
82.0,656.0,69.0,14.0,24.0,202.0,-20.0,-31.0,-142.0,-432.0
34.0,301.0,117.0,-139.0,-256.0,311.0,-73.0,-66.0,-130.0,-316.0
-12.0,91.0,184.0,-226.0,-424.0,453.0,-144.0,-151.0,-114.0,-127.0
-53.0,-191.0,212.0,-253.0,-341.0,429.0,-229.0,-59.0,-86.0,80.0
-94.0,-180.0,192.0,-141.0,-445.0,335.0,-243.0,136.0,-59.0,230.0
-106.0,-313.0,196.0,72.0,-382.0,377.0,-335.0,120.0,-44.0,340.0
-128.0,-533.0,213.0,197.0,-323.0,367.0,-407.0,293.0,-23.0,398.0
-144.0,-386.0,191.0,213.0,-380.0,275.0,-455.0,293.0,-47.0,368.0
-149.0,-523.0,160.0,139.0,-147.0,271.0,-503.0,218.0,-83.0,266.0
-150.0,-574.0,120.0,81.0,-36.0,303.0,-543.0,110.0,-118.0,150.0
-184.0,-556.0,43.0,52.0,-139.0,310.0,-583.0,-62.0,-146.0,18.0
-205.0,-731.0,11.0,21.0,55.0,289.0,-354.0,-11.0,-168.0,-104.0
-219.0,-824.0,-16.0,21.0,155.0,244.0,117.0,-14.0,-203.0,-194.0
-236.0,-744.0,0.0,4.0,91.0,218.0,556.0,127.0,-212.0,-268.0
-225.0,-739.0,-1.0,-13.0,142.0,206.0,724.0,166.0,-211.0,-306.0
-205.0,-858.0,-6.0,-51.0,91.0,112.0,636.0,136.0,-201.0,-310.0
-152.0,-590.0,26.0,-134.0,158.0,58.0,483.0,160.0,-186.0,-292.0
-104.0,-188.0,43.0,-189.0,350.0,125.0,371.0,-38.0,-165.0,-268.0
-81.0,-260.0,68.0,-166.0,301.0,116.0,211.0,-169.0,-141.0,-235.0
-86.0,-297.0,98.0,-114.0,204.0,125.0,34.0,-280.0,-109.0,-207.0
-108.0,1.0,47.0,-31.0,330.0,277.0,-158.0,-181.0,-70.0,-194.0
-158.0,-145.0,11.0,69.0,318.0,347.0,-370.0,-27.0,-74.0,-190.0
-193.0,-353.0,2.0,145.0,153.0,315.0,-534.0,97.0,-52.0,-230.0
-207.0,-146.0,-18.0,190.0,85.0,283.0,-700.0,238.0,-40.0,-305.0
-196.0,30.0,-7.0,127.0,60.0,357.0,-651.0,73.0,-61.0,-392.0
-173.0,17.0,-29.0,42.0,95.0,402.0,-420.0,3.0,-69.0,-502.0
-199.0,-68.0,-39.0,10.0,23.0,275.0,-272.0,-114.0,-96.0,-620.0
-216.0,309.0,-114.0,4.0,-97.0,265.0,-280.0,-205.0,-91.0,-716.0
-238.0,545.0,-145.0,41.0,-71.0,354.0,-243.0,-112.0,-82.0,-778.0
-253.0,282.0,-114.0,104.0,61.0,350.0,-99.0,-84.0,-88.0,-809.0
-255.0,187.0,-94.0,124.0,-9.0,246.0,87.0,-16.0,-46.0,-780.0
-192.0,-7.0,-53.0,59.0,-129.0,193.0,281.0,-90.0,-9.0,-681.0
-89.0,-183.0,-56.0,-50.0,27.0,269.0,258.0,-72.0,22.0,-560.0
-5.0,-176.0,-9.0,-131.0,21.0,319.0,243.0,-112.0,68.0,-433.0
65.0,-292.0,7.0,-134.0,-64.0,242.0,349.0,-142.0,87.0,-288.0
110.0,-554.0,9.0,-84.0,-22.0,233.0,324.0,-40.0,82.0,-132.0
154.0,-593.0,88.0,3.0,-46.0,366.0,204.0,-48.0,82.0,-27.0
159.0,-491.0,101.0,61.0,-40.0,444.0,134.0,181.0,71.0,36.0
177.0,-668.0,42.0,78.0,-34.0,523.0,193.0,266.0,40.0,100.0
195.0,-675.0,45.0,42.0,-181.0,563.0,322.0,303.0,29.0,119.0
196.0,-393.0,31.0,3.0,-224.0,485.0,282.0,240.0,3.0,112.0
173.0,-186.0,18.0,58.0,-97.0,399.0,90.0,-57.0,-24.0,107.0
115.0,-223.0,57.0,123.0,-161.0,509.0,-87.0,-182.0,-20.0,116.0
80.0,-279.0,10.0,159.0,-251.0,563.0,-143.0,-321.0,-21.0,145.0
42.0,-149.0,-62.0,170.0,-177.0,367.0,50.0,-249.0,-4.0,178.0
13.0,-64.0,-93.0,193.0,-158.0,290.0,266.0,-162.0,10.0,239.0
-19.0,-271.0,-105.0,231.0,-152.0,244.0,319.0,-90.0,18.0,284.0
-38.0,-184.0,-91.0,250.0,-177.0,214.0,273.0,-40.0,20.0,304.0
-71.0,300.0,-64.0,246.0,-186.0,166.0,215.0,-125.0,13.0,330.0
-122.0,404.0,-98.0,207.0,25.0,58.0,196.0,-29.0,1.0,330.0
-123.0,323.0,-110.0,172.0,64.0,65.0,208.0,-96.0,-26.0,296.0
-89.0,379.0,-106.0,126.0,-83.0,67.0,280.0,-60.0,-40.0,236.0
-43.0,579.0,-103.0,24.0,-11.0,133.0,222.0,72.0,-79.0,196.0
12.0,557.0,-56.0,-108.0,144.0,194.0,35.0,136.0,-110.0,179.0
85.0,431.0,-64.0,-200.0,247.0,187.0,-151.0,218.0,-115.0,139.0
136.0,134.0,-40.0,-245.0,207.0,170.0,-420.0,53.0,-135.0,63.0
163.0,-201.0,-17.0,-251.0,157.0,4.0,-494.0,48.0,-135.0,-8.0
174.0,-196.0,-17.0,-201.0,269.0,-70.0,-328.0,-5.0,-118.0,-90.0
188.0,-474.0,32.0,-76.0,305.0,0.0,-177.0,-55.0,-96.0,-175.0
187.0,-670.0,46.0,113.0,204.0,37.0,-53.0,57.0,-73.0,-217.0
165.0,-530.0,10.0,260.0,92.0,102.0,-21.0,86.0,-27.0,-247.0
144.0,-512.0,-32.0,315.0,21.0,88.0,-108.0,208.0,10.0,-265.0
109.0,-637.0,-51.0,290.0,57.0,87.0,-247.0,11.0,56.0,-265.0
105.0,-549.0,-102.0,209.0,11.0,164.0,-335.0,-162.0,100.0,-217.0
80.0,-317.0,-116.0,124.0,-165.0,111.0,-368.0,-173.0,121.0,-158.0
34.0,-232.0,-67.0,55.0,-80.0,38.0,-370.0,-194.0,163.0,-123.0
-21.0,-182.0,-64.0,-46.0,147.0,13.0,-283.0,-138.0,182.0,-48.0
-74.0,-41.0,-43.0,-158.0,77.0,-72.0,-210.0,-218.0,189.0,37.0
-126.0,116.0,-51.0,-249.0,-34.0,-148.0,-237.0,-83.0,193.0,112.0
-204.0,218.0,-78.0,-341.0,-45.0,-108.0,-166.0,-31.0,186.0,167.0
-231.0,398.0,-50.0,-356.0,-83.0,-87.0,17.0,20.0,181.0,217.0
-234.0,611.0,-57.0,-312.0,-142.0,-145.0,177.0,157.0,162.0,235.0
-212.0,978.0,-31.0,-275.0,-281.0,-121.0,327.0,205.0,134.0,190.0
-191.0,927.0,32.0,-214.0,-226.0,-58.0,305.0,343.0,130.0,113.0
-209.0,471.0,30.0,-96.0,-147.0,-50.0,150.0,238.0,155.0,11.0
-238.0,406.0,23.0,77.0,-183.0,-82.0,58.0,192.0,166.0,-74.0
-278.0,217.0,78.0,266.0,-201.0,-60.0,31.0,118.0,180.0,-178.0
-297.0,-273.0,69.0,407.0,-267.0,78.0,34.0,7.0,184.0,-239.0
-281.0,-689.0,67.0,464.0,-154.0,196.0,-38.0,-11.0,197.0,-217.0
-246.0,-681.0,110.0,465.0,-76.0,125.0,-186.0,-182.0,219.0,-196.0
-223.0,-609.0,76.0,382.0,-198.0,-29.0,-280.0,-229.0,207.0,-125.0
-232.0,-699.0,80.0,285.0,-167.0,-22.0,-404.0,-315.0,208.0,12.0
-260.0,-393.0,72.0,201.0,24.0,35.0,-486.0,-229.0,196.0,153.0
-277.0,-242.0,60.0,95.0,60.0,-95.0,-341.0,-110.0,189.0,295.0
-290.0,-138.0,44.0,1.0,-15.0,-137.0,-124.0,-218.0,215.0,443.0
-309.0,-1.0,-3.0,-76.0,11.0,7.0,123.0,-225.0,223.0,578.0
-298.0,-139.0,-41.0,-141.0,97.0,24.0,298.0,-280.0,246.0,660.0
-273.0,-131.0,-99.0,-174.0,116.0,102.0,350.0,-195.0,253.0,656.0
-254.0,-209.0,-130.0,-158.0,-37.0,190.0,367.0,-123.0,264.0,597.0
-217.0,-88.0,-140.0,-89.0,-105.0,64.0,408.0,-72.0,284.0,452.0
-163.0,-81.0,-135.0,26.0,-5.0,-31.0,479.0,-18.0,285.0,250.0
-104.0,-238.0,-146.0,154.0,-17.0,-42.0,371.0,-68.0,275.0,11.0
-61.0,66.0,-175.0,301.0,-69.0,10.0,188.0,59.0,237.0,-238.0
-29.0,199.0,-183.0,420.0,-209.0,41.0,-38.0,64.0,208.0,-463.0
-31.0,344.0,-182.0,476.0,-215.0,70.0,-261.0,134.0,174.0,-692.0
-65.0,558.0,-193.0,525.0,117.0,86.0,-213.0,208.0,127.0,-841.0
-103.0,665.0,-161.0,485.0,80.0,81.0,3.0,142.0,72.0,-932.0
-111.0,934.0,-113.0,329.0,-24.0,206.0,141.0,121.0,16.0,-983.0
-74.0,932.0,-91.0,129.0,218.0,200.0,123.0,-107.0,-40.0,-972.0
-65.0,841.0,-16.0,-74.0,259.0,93.0,73.0,-181.0,-93.0,-912.0
-55.0,806.0,62.0,-251.0,339.0,79.0,-116.0,-190.0,-130.0,-790.0
-37.0,580.0,121.0,-377.0,280.0,12.0,-466.0,-110.0,-181.0,-661.0
-26.0,242.0,151.0,-418.0,33.0,-20.0,-696.0,35.0,-222.0,-512.0
-47.0,-246.0,154.0,-410.0,220.0,43.0,-782.0,-11.0,-261.0,-342.0
-76.0,-525.0,166.0,-387.0,192.0,75.0,-754.0,73.0,-297.0,-187.0
-73.0,-737.0,174.0,-345.0,-130.0,37.0,-666.0,0.0,-330.0,-46.0
-62.0,-905.0,216.0,-228.0,-62.0,54.0,-548.0,60.0,-348.0,78.0
-40.0,-913.0,228.0,-47.0,-2.0,144.0,-311.0,157.0,-361.0,178.0
-10.0,-1167.0,202.0,102.0,-70.0,145.0,-55.0,177.0,-376.0,255.0
45.0,-1171.0,207.0,176.0,-103.0,100.0,131.0,338.0,-340.0,295.0
80.0,-1015.0,174.0,191.0,-157.0,146.0,218.0,223.0,-288.0,320.0
95.0,-823.0,175.0,231.0,-15.0,241.0,221.0,247.0,-202.0,327.0
100.0,-540.0,164.0,277.0,114.0,298.0,264.0,195.0,-101.0,315.0
124.0,-422.0,163.0,262.0,-18.0,247.0,188.0,138.0,2.0,311.0
153.0,-206.0,170.0,256.0,-44.0,239.0,-58.0,194.0,116.0,286.0
192.0,11.0,135.0,235.0,76.0,309.0,-112.0,70.0,193.0,236.0
248.0,455.0,194.0,132.0,40.0,325.0,136.0,133.0,252.0,176.0
283.0,796.0,163.0,24.0,-105.0,361.0,339.0,68.0,276.0,121.0
312.0,813.0,165.0,-77.0,-198.0,424.0,275.0,-33.0,274.0,99.0
289.0,1018.0,182.0,-197.0,-207.0,426.0,77.0,-242.0,221.0,105.0
274.0,1068.0,150.0,-259.0,-186.0,258.0,-111.0,-467.0,161.0,152.0
252.0,796.0,158.0,-217.0,-233.0,131.0,-258.0,-511.0,98.0,241.0
205.0,399.0,138.0,-150.0,-324.0,242.0,-408.0,-672.0,9.0,364.0
158.0,151.0,160.0,-79.0,-172.0,284.0,-507.0,-537.0,-48.0,488.0
132.0,-104.0,128.0,-15.0,6.0,209.0,-479.0,-301.0,-97.0,560.0
135.0,-559.0,144.0,34.0,-15.0,204.0,-356.0,1.0,-144.0,594.0
115.0,-965.0,108.0,74.0,-54.0,281.0,-223.0,301.0,-188.0,580.0
76.0,-1079.0,58.0,78.0,-33.0,352.0,-178.0,280.0,-197.0,497.0
60.0,-707.0,67.0,123.0,194.0,358.0,-116.0,262.0,-204.0,375.0
93.0,-293.0,44.0,170.0,224.0,297.0,112.0,190.0,-210.0,209.0
104.0,-91.0,85.0,235.0,45.0,194.0,313.0,171.0,-197.0,14.0
96.0,110.0,47.0,274.0,65.0,143.0,249.0,109.0,-181.0,-149.0
57.0,756.0,49.0,219.0,147.0,160.0,-26.0,81.0,-154.0,-262.0
39.0,1348.0,58.0,139.0,154.0,159.0,-342.0,90.0,-128.0,-309.0
30.0,1288.0,23.0,23.0,16.0,135.0,-478.0,-75.0,-81.0,-307.0
-21.0,1216.0,74.0,-30.0,-44.0,79.0,-406.0,-66.0,-33.0,-270.0
-55.0,976.0,109.0,-24.0,65.0,17.0,-307.0,-140.0,9.0,-189.0
-73.0,748.0,150.0,1.0,114.0,95.0,-296.0,-109.0,49.0,-81.0
-89.0,484.0,172.0,20.0,-3.0,135.0,-305.0,-3.0,81.0,52.0
-103.0,76.0,171.0,78.0,7.0,104.0,-260.0,-16.0,96.0,180.0
-95.0,41.0,156.0,243.0,176.0,139.0,-277.0,86.0,90.0,286.0
-65.0,-227.0,126.0,386.0,175.0,252.0,-302.0,55.0,93.0,384.0
-48.0,-776.0,94.0,434.0,106.0,334.0,-185.0,116.0,84.0,437.0
-67.0,-1049.0,59.0,361.0,-23.0,171.0,35.0,88.0,71.0,433.0
-63.0,-1113.0,22.0,267.0,98.0,5.0,260.0,20.0,72.0,393.0
-25.0,-1350.0,-16.0,263.0,348.0,-49.0,335.0,36.0,94.0,299.0
9.0,-1310.0,-7.0,304.0,189.0,-66.0,204.0,9.0,109.0,153.0
21.0,-873.0,19.0,343.0,52.0,-110.0,105.0,155.0,131.0,5.0
33.0,-585.0,66.0,349.0,77.0,-91.0,135.0,103.0,148.0,-145.0
61.0,-109.0,92.0,283.0,38.0,53.0,120.0,127.0,143.0,-267.0
45.0,545.0,97.0,176.0,-52.0,-14.0,61.0,182.0,134.0,-322.0
17.0,987.0,119.0,37.0,-104.0,-132.0,-55.0,92.0,93.0,-316.0
7.0,1349.0,133.0,-58.0,-88.0,-131.0,-166.0,55.0,48.0,-247.0
22.0,1606.0,166.0,-30.0,-1.0,-140.0,-233.0,-90.0,11.0,-118.0
21.0,1319.0,163.0,3.0,13.0,-164.0,-347.0,-59.0,-9.0,65.0
23.0,1093.0,136.0,-3.0,-87.0,-121.0,-434.0,-160.0,-40.0,243.0
46.0,1222.0,118.0,-4.0,0.0,-26.0,-363.0,-301.0,-73.0,362.0
77.0,1017.0,101.0,-21.0,-29.0,-103.0,-240.0,-310.0,-114.0,427.0
113.0,645.0,90.0,-83.0,-115.0,-194.0,-274.0,-356.0,-164.0,446.0
127.0,380.0,84.0,-138.0,-141.0,-166.0,-297.0,-136.0,-176.0,396.0
143.0,75.0,86.0,-133.0,-242.0,-122.0,-154.0,0.0,-211.0,282.0
149.0,-196.0,64.0,-102.0,-45.0,-57.0,70.0,120.0,-242.0,137.0
150.0,-143.0,71.0,-67.0,-44.0,-25.0,218.0,234.0,-239.0,-7.0
132.0,122.0,100.0,-56.0,-191.0,-15.0,363.0,258.0,-223.0,-115.0
122.0,176.0,94.0,-46.0,-67.0,81.0,549.0,303.0,-210.0,-207.0
131.0,29.0,104.0,-34.0,-50.0,91.0,576.0,243.0,-200.0,-241.0
131.0,109.0,108.0,-52.0,-14.0,-8.0,449.0,345.0,-161.0,-223.0
116.0,86.0,77.0,-51.0,-2.0,-41.0,180.0,419.0,-93.0,-199.0
77.0,-146.0,44.0,-31.0,-46.0,-80.0,-98.0,478.0,-13.0,-135.0
25.0,-286.0,42.0,3.0,-15.0,-143.0,-202.0,349.0,82.0,-33.0
-31.0,-580.0,45.0,24.0,64.0,-188.0,-193.0,0.0,199.0,72.0
-75.0,-767.0,56.0,24.0,85.0,-193.0,-261.0,-72.0,285.0,168.0
-85.0,-471.0,131.0,53.0,51.0,-225.0,-389.0,-177.0,356.0,291.0
-73.0,-164.0,127.0,93.0,223.0,-219.0,-451.0,-145.0,416.0,419.0
-104.0,-192.0,116.0,77.0,256.0,-112.0,-362.0,-70.0,431.0,507.0
-144.0,-20.0,168.0,-11.0,184.0,-77.0,-157.0,-60.0,425.0,540.0
-167.0,141.0,162.0,-96.0,130.0,-64.0,-124.0,24.0,390.0,561.0
-163.0,242.0,188.0,-143.0,70.0,-39.0,-285.0,35.0,353.0,584.0
-146.0,114.0,212.0,-100.0,195.0,-107.0,-477.0,166.0,315.0,575.0
-126.0,-260.0,205.0,37.0,149.0,-151.0,-545.0,127.0,245.0,585.0
-87.0,-194.0,197.0,148.0,27.0,-124.0,-561.0,103.0,181.0,612.0
-82.0,-223.0,193.0,188.0,61.0,-134.0,-627.0,53.0,110.0,654.0
-99.0,-113.0,162.0,131.0,160.0,-103.0,-465.0,-38.0,30.0,710.0
-145.0,115.0,136.0,-5.0,104.0,-75.0,6.0,177.0,-56.0,771.0
-204.0,179.0,119.0,-127.0,-118.0,-52.0,425.0,264.0,-145.0,833.0
-253.0,462.0,43.0,-128.0,-68.0,-56.0,540.0,299.0,-183.0,862.0
-276.0,526.0,44.0,-44.0,68.0,-8.0,564.0,173.0,-205.0,863.0
-262.0,366.0,59.0,0.0,-96.0,64.0,837.0,38.0,-225.0,820.0
-244.0,153.0,40.0,16.0,-187.0,-89.0,1220.0,46.0,-201.0,738.0
-236.0,-22.0,32.0,65.0,-90.0,-86.0,1157.0,-64.0,-179.0,594.0
-255.0,-99.0,56.0,153.0,-125.0,33.0,845.0,-88.0,-170.0,420.0
-277.0,-304.0,44.0,218.0,-69.0,-30.0,741.0,-230.0,-151.0,274.0
-271.0,-526.0,1.0,273.0,-120.0,-148.0,616.0,-249.0,-131.0,123.0
-235.0,-593.0,46.0,297.0,-192.0,-137.0,252.0,-155.0,-119.0,27.0
-191.0,-554.0,39.0,233.0,63.0,21.0,-255.0,-153.0,-125.0,10.0
-152.0,-370.0,41.0,177.0,77.0,49.0,-641.0,-99.0,-120.0,41.0
-121.0,-28.0,13.0,183.0,-66.0,-8.0,-732.0,-79.0,-107.0,96.0
-77.0,311.0,-75.0,242.0,-14.0,39.0,-649.0,101.0,-109.0,168.0
-14.0,322.0,-86.0,314.0,20.0,133.0,-657.0,166.0,-101.0,279.0
13.0,146.0,-147.0,283.0,78.0,89.0,-643.0,262.0,-115.0,371.0
5.0,285.0,-210.0,154.0,191.0,27.0,-483.0,463.0,-125.0,404.0
-29.0,299.0,-207.0,-28.0,69.0,170.0,-255.0,474.0,-133.0,401.0
-56.0,-27.0,-259.0,-141.0,87.0,222.0,-4.0,476.0,-150.0,361.0
-84.0,-172.0,-285.0,-144.0,341.0,25.0,116.0,312.0,-160.0,258.0
-131.0,-281.0,-236.0,-126.0,183.0,-50.0,180.0,238.0,-165.0,129.0
-140.0,-297.0,-241.0,-60.0,56.0,9.0,222.0,101.0,-166.0,0.0
-155.0,-80.0,-203.0,47.0,209.0,30.0,262.0,-83.0,-175.0,-127.0
-143.0,-57.0,-148.0,145.0,176.0,-20.0,189.0,-51.0,-181.0,-224.0
-124.0,53.0,-152.0,210.0,123.0,-121.0,84.0,-103.0,-184.0,-290.0
-124.0,200.0,-83.0,257.0,127.0,-95.0,133.0,-72.0,-149.0,-313.0
-104.0,-125.0,-37.0,248.0,106.0,-56.0,243.0,-221.0,-124.0,-324.0
-108.0,-436.0,1.0,224.0,177.0,-27.0,330.0,-321.0,-112.0,-318.0
-96.0,-311.0,91.0,221.0,173.0,-8.0,199.0,-297.0,-58.0,-253.0
-88.0,-173.0,111.0,166.0,-25.0,-57.0,73.0,-221.0,-22.0,-156.0
-48.0,-236.0,132.0,133.0,-91.0,-146.0,148.0,173.0,22.0,-54.0
6.0,84.0,194.0,55.0,22.0,-263.0,322.0,356.0,66.0,46.0
39.0,274.0,149.0,-147.0,-75.0,-270.0,350.0,482.0,99.0,142.0
71.0,202.0,165.0,-383.0,-215.0,-246.0,340.0,393.0,142.0,217.0
49.0,703.0,226.0,-559.0,-163.0,-250.0,493.0,121.0,183.0,267.0
65.0,946.0,194.0,-642.0,-173.0,-254.0,657.0,-33.0,227.0,310.0
88.0,796.0,201.0,-629.0,-199.0,-173.0,750.0,-260.0,251.0,349.0
120.0,700.0,153.0,-528.0,-152.0,-73.0,682.0,-225.0,280.0,389.0
134.0,505.0,74.0,-404.0,-211.0,-147.0,622.0,-199.0,283.0,440.0
105.0,395.0,67.0,-269.0,-204.0,-167.0,559.0,-181.0,262.0,478.0
127.0,293.0,82.0,-126.0,-3.0,-110.0,503.0,-230.0,244.0,495.0
120.0,-34.0,18.0,59.0,-10.0,-99.0,280.0,-303.0,210.0,474.0
97.0,-434.0,49.0,257.0,-53.0,-39.0,-67.0,-66.0,177.0,421.0
70.0,-619.0,-19.0,418.0,160.0,-33.0,-209.0,48.0,152.0,353.0
55.0,-618.0,-14.0,525.0,216.0,-84.0,-157.0,240.0,124.0,246.0
52.0,-380.0,-14.0,570.0,89.0,-59.0,-96.0,347.0,107.0,133.0
57.0,-106.0,-64.0,610.0,86.0,-31.0,-190.0,412.0,88.0,36.0
48.0,51.0,15.0,589.0,192.0,-77.0,-40.0,563.0,45.0,-45.0
50.0,207.0,-128.0,494.0,209.0,-121.0,206.0,388.0,32.0,-104.0
87.0,457.0,-46.0,318.0,173.0,-112.0,311.0,251.0,4.0,-149.0
117.0,597.0,-144.0,81.0,209.0,-211.0,300.0,40.0,-38.0,-179.0
153.0,461.0,-118.0,-137.0,206.0,-418.0,163.0,-79.0,-56.0,-178.0
162.0,606.0,-145.0,-307.0,177.0,-523.0,157.0,3.0,-79.0,-159.0
201.0,647.0,-195.0,-325.0,87.0,-471.0,216.0,66.0,-81.0,-135.0
191.0,430.0,-174.0,-296.0,-18.0,-421.0,95.0,48.0,-96.0,-82.0
165.0,286.0,-273.0,-259.0,-56.0,-444.0,-40.0,-206.0,-96.0,6.0
175.0,-62.0,-137.0,-176.0,-151.0,-503.0,73.0,-312.0,-77.0,102.0
184.0,-179.0,-275.0,-159.0,-216.0,-542.0,73.0,-546.0,-70.0,206.0
205.0,-410.0,-110.0,-185.0,-242.0,-511.0,-14.0,-644.0,-42.0,304.0
179.0,-736.0,-227.0,-190.0,-215.0,-544.0,-12.0,-303.0,-4.0,353.0
145.0,-970.0,-133.0,-129.0,-121.0,-619.0,43.0,25.0,47.0,340.0
82.0,-1290.0,-125.0,-24.0,-60.0,-564.0,116.0,356.0,84.0,271.0
30.0,-972.0,-98.0,63.0,-69.0,-448.0,251.0,266.0,109.0,160.0
8.0,-798.0,39.0,93.0,-19.0,-400.0,531.0,-60.0,126.0,46.0
28.0,-910.0,99.0,15.0,87.0,-354.0,546.0,-375.0,113.0,-70.0
83.0,-687.0,165.0,-116.0,-19.0,-328.0,557.0,-445.0,97.0,-182.0
149.0,-406.0,63.0,-128.0,-55.0,-431.0,730.0,-68.0,76.0,-268.0
208.0,-172.0,307.0,-72.0,33.0,-459.0,665.0,327.0,33.0,-345.0
258.0,-34.0,-86.0,-76.0,27.0,-371.0,563.0,631.0,14.0,-378.0
327.0,170.0,364.0,-41.0,54.0,-386.0,548.0,421.0,36.0,-379.0
351.0,273.0,51.0,6.0,-35.0,-398.0,461.0,53.0,63.0,-341.0
342.0,362.0,106.0,51.0,-73.0,-404.0,266.0,-138.0,110.0,-247.0
338.0,454.0,326.0,48.0,39.0,-397.0,57.0,-184.0,155.0,-149.0
360.0,354.0,-71.0,-51.0,-25.0,-296.0,-10.0,120.0,191.0,-9.0
345.0,679.0,289.0,-182.0,-117.0,-297.0,-109.0,266.0,221.0,143.0
297.0,889.0,-42.0,-286.0,-106.0,-340.0,-271.0,365.0,222.0,277.0
235.0,587.0,154.0,-321.0,-72.0,-348.0,-263.0,343.0,217.0,375.0
199.0,953.0,-47.0,-278.0,-45.0,-329.0,-343.0,105.0,203.0,437.0
175.0,1380.0,176.0,-231.0,-113.0,-374.0,-562.0,-190.0,185.0,482.0
118.0,1464.0,-68.0,-204.0,-177.0,-482.0,-575.0,-378.0,153.0,482.0
69.0,1282.0,84.0,-159.0,-81.0,-541.0,-449.0,-90.0,105.0,447.0
24.0,710.0,81.0,-151.0,-21.0,-582.0,-411.0,234.0,40.0,376.0
24.0,467.0,-165.0,-158.0,-159.0,-419.0,-297.0,423.0,-17.0,276.0
-15.0,101.0,233.0,-210.0,-238.0,-240.0,22.0,290.0,-59.0,171.0
-71.0,-350.0,-308.0,-243.0,-256.0,-218.0,230.0,70.0,-125.0,78.0
-104.0,-787.0,185.0,-151.0,-191.0,-179.0,280.0,142.0,-191.0,-33.0
-146.0,-1167.0,-175.0,-4.0,-215.0,-210.0,386.0,205.0,-265.0,-108.0
-187.0,-1034.0,-70.0,107.0,-371.0,-275.0,459.0,367.0,-343.0,-128.0
-205.0,-913.0,86.0,34.0,-188.0,-294.0,525.0,363.0,-398.0,-129.0
-161.0,-1013.0,-185.0,-121.0,-79.0,-276.0,637.0,321.0,-418.0,-71.0
-127.0,-1125.0,111.0,-259.0,-79.0,-322.0,504.0,216.0,-429.0,12.0
-126.0,-982.0,-28.0,-346.0,-42.0,-434.0,129.0,-84.0,-419.0,107.0
-136.0,-841.0,59.0,-319.0,-178.0,-414.0,97.0,-142.0,-362.0,204.0
-119.0,-1026.0,0.0,-224.0,-134.0,-395.0,207.0,-232.0,-301.0,267.0
-92.0,-859.0,122.0,-127.0,-114.0,-455.0,-39.0,-315.0,-219.0,320.0
-103.0,-614.0,-35.0,-41.0,-219.0,-445.0,-104.0,-460.0,-141.0,347.0
-106.0,-911.0,136.0,65.0,-214.0,-375.0,-43.0,-552.0,-80.0,329.0
-59.0,-757.0,58.0,118.0,-130.0,-314.0,-84.0,-473.0,-29.0,298.0
-8.0,-189.0,36.0,193.0,-32.0,-325.0,44.0,-441.0,7.0,233.0
11.0,-269.0,144.0,227.0,-21.0,-356.0,136.0,-190.0,38.0,146.0
6.0,-131.0,-75.0,223.0,-22.0,-363.0,73.0,-121.0,37.0,35.0
5.0,502.0,167.0,258.0,17.0,-371.0,118.0,-42.0,44.0,-99.0
0.0,819.0,-77.0,231.0,80.0,-421.0,200.0,234.0,44.0,-194.0
-15.0,1106.0,0.0,242.0,36.0,-421.0,65.0,443.0,24.0,-273.0
-4.0,1223.0,26.0,256.0,20.0,-226.0,-11.0,700.0,44.0,-322.0
37.0,1011.0,-122.0,210.0,106.0,-83.0,-177.0,670.0,59.0,-336.0
102.0,801.0,-8.0,83.0,156.0,-168.0,-375.0,570.0,64.0,-318.0
156.0,826.0,-91.0,-66.0,228.0,-187.0,-310.0,354.0,87.0,-271.0
210.0,634.0,-92.0,-162.0,232.0,-134.0,-419.0,55.0,103.0,-224.0
250.0,327.0,-151.0,-216.0,152.0,-234.0,-604.0,-120.0,143.0,-157.0
278.0,602.0,-159.0,-250.0,108.0,-298.0,-431.0,-321.0,192.0,-92.0
297.0,718.0,-190.0,-207.0,60.0,-207.0,-155.0,-332.0,235.0,-29.0
315.0,650.0,-170.0,-105.0,-61.0,-157.0,-80.0,-476.0,295.0,25.0
347.0,600.0,-180.0,-114.0,-53.0,-250.0,33.0,-585.0,353.0,73.0
373.0,525.0,-174.0,-114.0,-29.0,-271.0,119.0,-546.0,409.0,109.0
385.0,378.0,-145.0,-134.0,-92.0,-203.0,124.0,-478.0,454.0,105.0
360.0,-32.0,-148.0,-137.0,-29.0,-177.0,186.0,-253.0,472.0,96.0
328.0,-336.0,-120.0,-55.0,-40.0,-147.0,231.0,-151.0,461.0,48.0
269.0,-673.0,-144.0,-38.0,-71.0,-223.0,144.0,181.0,403.0,-12.0
196.0,-569.0,-136.0,-58.0,-30.0,-260.0,91.0,410.0,350.0,-52.0
147.0,-317.0,-160.0,-81.0,-77.0,-105.0,169.0,291.0,292.0,-81.0
136.0,-471.0,-172.0,-133.0,-62.0,-6.0,28.0,201.0,188.0,-106.0
121.0,-425.0,-176.0,-200.0,121.0,-31.0,-137.0,94.0,87.0,-126.0
69.0,-349.0,-151.0,-192.0,211.0,26.0,-338.0,55.0,-12.0,-114.0
53.0,-324.0,-139.0,-145.0,185.0,119.0,-638.0,-123.0,-98.0,-120.0
49.0,-385.0,-102.0,-148.0,262.0,130.0,-799.0,-136.0,-169.0,-118.0
60.0,-396.0,-98.0,-165.0,242.0,164.0,-1009.0,-84.0,-221.0,-78.0
59.0,-481.0,-52.0,-177.0,156.0,160.0,-1073.0,-192.0,-229.0,-26.0
18.0,-597.0,-11.0,-198.0,160.0,94.0,-696.0,-334.0,-217.0,47.0
-34.0,-319.0,17.0,-233.0,126.0,117.0,-249.0,-521.0,-175.0,147.0
-112.0,-285.0,99.0,-229.0,176.0,162.0,11.0,-243.0,-138.0,265.0
-186.0,-144.0,150.0,-197.0,215.0,150.0,287.0,-70.0,-89.0,358.0
-225.0,14.0,209.0,-188.0,86.0,167.0,539.0,-103.0,-32.0,433.0
-235.0,-331.0,186.0,-123.0,-3.0,77.0,532.0,16.0,3.0,473.0
-254.0,-339.0,208.0,-72.0,-4.0,-125.0,384.0,79.0,63.0,486.0
-243.0,-249.0,176.0,-46.0,-46.0,-123.0,390.0,229.0,110.0,457.0
-219.0,-593.0,95.0,-27.0,-161.0,-24.0,437.0,153.0,132.0,354.0
-205.0,-747.0,102.0,-78.0,-117.0,-88.0,451.0,62.0,157.0,232.0
-218.0,-367.0,83.0,-78.0,-18.0,-75.0,399.0,14.0,151.0,90.0
-256.0,-206.0,70.0,-64.0,-17.0,64.0,127.0,-72.0,135.0,-82.0
-231.0,-428.0,81.0,-62.0,-26.0,-39.0,47.0,-162.0,119.0,-238.0
-207.0,-315.0,25.0,-48.0,-83.0,-131.0,345.0,-362.0,99.0,-346.0
-169.0,-85.0,26.0,-58.0,-32.0,58.0,495.0,-286.0,87.0,-432.0
-121.0,-116.0,-37.0,-48.0,5.0,34.0,317.0,-262.0,70.0,-507.0
-76.0,-64.0,-53.0,-8.0,-67.0,-128.0,176.0,-158.0,38.0,-535.0
0.0,276.0,-30.0,-29.0,-94.0,-64.0,0.0,127.0,11.0,-523.0
51.0,499.0,-88.0,-90.0,-59.0,-75.0,-256.0,303.0,9.0,-520.0
125.0,468.0,-58.0,-127.0,-58.0,-153.0,-373.0,437.0,16.0,-509.0
170.0,685.0,-114.0,-229.0,-88.0,-133.0,-323.0,208.0,14.0,-475.0
189.0,716.0,-59.0,-304.0,-18.0,-57.0,-342.0,36.0,13.0,-452.0
192.0,537.0,-107.0,-228.0,89.0,-57.0,-785.0,7.0,13.0,-460.0
160.0,849.0,-88.0,-140.0,143.0,-179.0,-1080.0,24.0,-2.0,-484.0
147.0,986.0,-43.0,-52.0,76.0,-112.0,-878.0,236.0,0.0,-526.0
153.0,600.0,-115.0,83.0,17.0,-88.0,-900.0,358.0,1.0,-594.0
145.0,430.0,-4.0,206.0,79.0,-52.0,-1248.0,482.0,-3.0,-677.0
122.0,438.0,-12.0,259.0,137.0,-60.0,-1277.0,376.0,26.0,-774.0
134.0,203.0,30.0,285.0,107.0,-257.0,-944.0,242.0,55.0,-861.0
125.0,205.0,50.0,280.0,43.0,-100.0,-614.0,120.0,77.0,-941.0
86.0,209.0,70.0,180.0,-6.0,15.0,-526.0,-73.0,127.0,-1005.0
36.0,281.0,95.0,82.0,4.0,-15.0,-381.0,-60.0,155.0,-1020.0
17.0,616.0,58.0,20.0,148.0,94.0,109.0,-97.0,151.0,-997.0
15.0,642.0,64.0,4.0,152.0,179.0,400.0,-11.0,159.0,-942.0
5.0,648.0,-6.0,-17.0,32.0,31.0,639.0,-42.0,131.0,-843.0
-7.0,520.0,-4.0,-60.0,122.0,-123.0,865.0,-59.0,101.0,-722.0
12.0,323.0,-36.0,-160.0,122.0,114.0,867.0,114.0,86.0,-591.0
80.0,8.0,-71.0,-349.0,-47.0,115.0,923.0,70.0,31.0,-431.0
104.0,-399.0,-56.0,-457.0,-87.0,-87.0,742.0,73.0,-3.0,-288.0
116.0,-589.0,-81.0,-444.0,1.0,-17.0,353.0,59.0,-37.0,-166.0
125.0,-843.0,-54.0,-374.0,104.0,60.0,116.0,208.0,-97.0,-55.0
179.0,-947.0,-89.0,-194.0,76.0,66.0,21.0,303.0,-143.0,14.0
236.0,-1065.0,-75.0,-7.0,17.0,141.0,-54.0,201.0,-178.0,74.0
289.0,-1086.0,-97.0,57.0,118.0,191.0,-119.0,168.0,-197.0,116.0
377.0,-636.0,-151.0,98.0,231.0,113.0,-232.0,-88.0,-204.0,130.0
433.0,-169.0,-114.0,128.0,215.0,146.0,-286.0,-194.0,-183.0,112.0
433.0,21.0,-168.0,114.0,215.0,178.0,-216.0,-234.0,-134.0,76.0
367.0,62.0,-138.0,71.0,207.0,79.0,-101.0,-116.0,-80.0,9.0
311.0,211.0,-116.0,62.0,171.0,87.0,-122.0,232.0,-21.0,-110.0
272.0,341.0,-156.0,-13.0,247.0,93.0,-522.0,375.0,57.0,-219.0
265.0,272.0,-127.0,-175.0,252.0,22.0,-710.0,415.0,145.0,-314.0
275.0,254.0,-97.0,-301.0,51.0,98.0,-674.0,229.0,196.0,-408.0
284.0,51.0,-104.0,-394.0,-39.0,214.0,-738.0,245.0,250.0,-458.0
297.0,-120.0,-83.0,-439.0,67.0,119.0,-688.0,495.0,292.0,-461.0
281.0,-37.0,-62.0,-408.0,-54.0,-101.0,-532.0,650.0,295.0,-437.0
238.0,-285.0,-79.0,-336.0,-158.0,-130.0,-324.0,613.0,300.0,-377.0
182.0,-360.0,-23.0,-284.0,-21.0,-82.0,-248.0,321.0,271.0,-299.0
142.0,-4.0,0.0,-194.0,-56.0,-207.0,-213.0,223.0,221.0,-190.0
102.0,202.0,-17.0,-129.0,-15.0,-186.0,-257.0,81.0,152.0,-58.0
82.0,440.0,17.0,-26.0,45.0,-20.0,-135.0,9.0,86.0,65.0
106.0,802.0,41.0,79.0,21.0,-4.0,334.0,55.0,20.0,220.0
121.0,973.0,-16.0,195.0,175.0,-33.0,453.0,127.0,-60.0,376.0
127.0,1022.0,47.0,361.0,149.0,-35.0,230.0,460.0,-115.0,488.0
126.0,944.0,51.0,381.0,-28.0,-75.0,95.0,450.0,-161.0,561.0
90.0,721.0,-16.0,383.0,-40.0,-16.0,66.0,251.0,-183.0,587.0
62.0,522.0,43.0,373.0,19.0,41.0,5.0,149.0,-208.0,542.0
9.0,333.0,-26.0,324.0,-1.0,-15.0,-185.0,166.0,-223.0,426.0
-36.0,272.0,-60.0,235.0,29.0,-18.0,-306.0,277.0,-219.0,298.0
-58.0,228.0,-79.0,73.0,36.0,-31.0,-235.0,253.0,-211.0,171.0
-61.0,8.0,-107.0,-31.0,-4.0,-8.0,-198.0,376.0,-190.0,41.0
-39.0,-283.0,-98.0,-38.0,44.0,55.0,-283.0,417.0,-172.0,-60.0
-42.0,-600.0,-87.0,-31.0,-9.0,108.0,-461.0,424.0,-162.0,-101.0
-38.0,-829.0,-63.0,-97.0,-90.0,89.0,-548.0,351.0,-166.0,-78.0
-53.0,-980.0,-91.0,-149.0,-101.0,88.0,-316.0,181.0,-182.0,-33.0
-51.0,-1092.0,-68.0,-178.0,-30.0,252.0,-128.0,256.0,-214.0,53.0
-33.0,-1084.0,-61.0,-193.0,-81.0,308.0,-184.0,182.0,-242.0,186.0
0.0,-839.0,-20.0,-158.0,-161.0,258.0,-113.0,164.0,-266.0,324.0
53.0,-536.0,-11.0,-111.0,-134.0,187.0,180.0,199.0,-302.0,446.0
106.0,-444.0,25.0,-44.0,-125.0,130.0,378.0,230.0,-309.0,558.0
155.0,-68.0,131.0,28.0,-90.0,83.0,425.0,253.0,-291.0,649.0
164.0,342.0,113.0,89.0,-241.0,136.0,404.0,53.0,-268.0,679.0
162.0,344.0,202.0,121.0,-216.0,275.0,292.0,-81.0,-218.0,663.0
163.0,250.0,262.0,68.0,-79.0,229.0,189.0,-208.0,-152.0,611.0
198.0,152.0,210.0,-15.0,-62.0,190.0,-10.0,-33.0,-71.0,527.0
200.0,121.0,261.0,-54.0,-25.0,219.0,-439.0,188.0,37.0,428.0
219.0,124.0,245.0,-79.0,-37.0,166.0,-730.0,266.0,140.0,327.0
218.0,262.0,200.0,-116.0,31.0,129.0,-674.0,522.0,255.0,276.0
180.0,14.0,177.0,-105.0,29.0,133.0,-550.0,508.0,363.0,277.0
165.0,-102.0,159.0,3.0,47.0,113.0,-400.0,424.0,434.0,283.0
137.0,341.0,125.0,125.0,-66.0,154.0,-171.0,286.0,493.0,325.0
144.0,94.0,59.0,149.0,-139.0,177.0,59.0,171.0,544.0,395.0
127.0,-153.0,63.0,31.0,-32.0,124.0,208.0,188.0,567.0,444.0
96.0,27.0,8.0,-92.0,-171.0,138.0,212.0,12.0,538.0,443.0
61.0,-63.0,-21.0,-78.0,-216.0,194.0,128.0,38.0,493.0,392.0
53.0,-285.0,9.0,17.0,-123.0,231.0,137.0,153.0,417.0,295.0
56.0,-419.0,-24.0,39.0,-147.0,203.0,313.0,339.0,308.0,106.0
50.0,-356.0,-14.0,10.0,-219.0,168.0,173.0,498.0,196.0,-104.0
57.0,-500.0,12.0,-36.0,-158.0,111.0,-256.0,484.0,58.0,-310.0
79.0,-505.0,-12.0,-134.0,-192.0,-33.0,-246.0,476.0,-56.0,-509.0
130.0,-280.0,-7.0,-189.0,-218.0,-152.0,-56.0,338.0,-153.0,-642.0
155.0,-436.0,4.0,-207.0,-72.0,-68.0,-253.0,301.0,-229.0,-738.0
188.0,-406.0,-28.0,-173.0,-112.0,57.0,-534.0,88.0,-258.0,-762.0
216.0,-190.0,-1.0,-125.0,-117.0,41.0,-610.0,-103.0,-265.0,-723.0
247.0,-246.0,4.0,-55.0,-74.0,-27.0,-568.0,-90.0,-253.0,-658.0
275.0,-134.0,13.0,85.0,-34.0,-60.0,-265.0,-164.0,-217.0,-573.0
330.0,320.0,44.0,195.0,74.0,-70.0,28.0,-53.0,-184.0,-476.0
378.0,493.0,34.0,238.0,134.0,-44.0,-166.0,-38.0,-179.0,-407.0
367.0,498.0,76.0,228.0,81.0,100.0,-154.0,22.0,-165.0,-399.0
354.0,809.0,88.0,201.0,50.0,256.0,193.0,225.0,-159.0,-369.0
336.0,818.0,101.0,155.0,88.0,290.0,190.0,382.0,-171.0,-363.0
334.0,447.0,145.0,99.0,-22.0,139.0,56.0,406.0,-190.0,-416.0
321.0,267.0,178.0,103.0,-105.0,139.0,196.0,199.0,-213.0,-455.0
299.0,131.0,208.0,177.0,-67.0,239.0,342.0,182.0,-250.0,-476.0
263.0,-111.0,225.0,242.0,-134.0,245.0,204.0,164.0,-306.0,-492.0
269.0,-339.0,237.0,230.0,-128.0,162.0,149.0,219.0,-331.0,-492.0
265.0,-418.0,229.0,201.0,47.0,-12.0,51.0,460.0,-362.0,-454.0
274.0,-212.0,194.0,189.0,-22.0,-58.0,-153.0,618.0,-377.0,-421.0
304.0,-48.0,155.0,177.0,-93.0,-121.0,-46.0,665.0,-371.0,-391.0
288.0,-144.0,106.0,231.0,-19.0,-43.0,81.0,319.0,-386.0,-328.0
274.0,-217.0,17.0,310.0,-67.0,-35.0,-271.0,-20.0,-360.0,-261.0
204.0,-85.0,2.0,390.0,-63.0,-74.0,-651.0,-238.0,-332.0,-200.0
160.0,-222.0,-13.0,436.0,50.0,-17.0,-688.0,-408.0,-301.0,-146.0
88.0,-503.0,-56.0,448.0,84.0,-45.0,-581.0,-397.0,-254.0,-95.0
10.0,-627.0,-55.0,476.0,29.0,48.0,-145.0,-378.0,-241.0,-55.0
-21.0,-737.0,-119.0,413.0,79.0,-47.0,134.0,-155.0,-230.0,-54.0
-67.0,-358.0,-165.0,288.0,21.0,14.0,335.0,-110.0,-217.0,-98.0
-87.0,-198.0,-148.0,166.0,55.0,106.0,564.0,-51.0,-209.0,-160.0
-118.0,-453.0,-146.0,38.0,101.0,74.0,431.0,188.0,-198.0,-254.0
-139.0,-389.0,-141.0,-106.0,-37.0,227.0,430.0,317.0,-192.0,-383.0
-109.0,-392.0,-76.0,-193.0,86.0,143.0,448.0,630.0,-198.0,-478.0
-74.0,-582.0,-46.0,-183.0,149.0,159.0,364.0,785.0,-201.0,-530.0
-79.0,-640.0,8.0,-189.0,61.0,152.0,297.0,678.0,-208.0,-562.0
-84.0,-259.0,65.0,-193.0,80.0,166.0,99.0,212.0,-210.0,-546.0
-90.0,172.0,65.0,-152.0,6.0,303.0,104.0,-177.0,-197.0,-470.0
-72.0,276.0,114.0,-80.0,-80.0,220.0,254.0,-230.0,-178.0,-379.0
-85.0,548.0,85.0,57.0,-12.0,216.0,-166.0,-271.0,-131.0,-293.0
-94.0,870.0,95.0,128.0,-67.0,1.0,-264.0,-7.0,-67.0,-179.0
-81.0,856.0,73.0,101.0,-83.0,-29.0,172.0,64.0,-16.0,-68.0
-78.0,840.0,35.0,132.0,100.0,209.0,-184.0,36.0,41.0,-10.0
-74.0,698.0,32.0,207.0,127.0,265.0,-363.0,64.0,73.0,29.0
-107.0,540.0,-53.0,250.0,87.0,333.0,-61.0,-42.0,74.0,63.0
-114.0,547.0,-86.0,212.0,86.0,189.0,-22.0,-70.0,97.0,58.0
-141.0,541.0,-115.0,208.0,43.0,148.0,-56.0,-138.0,107.0,14.0
-139.0,576.0,-143.0,225.0,33.0,82.0,-122.0,-24.0,111.0,-27.0
-160.0,653.0,-155.0,180.0,8.0,-121.0,107.0,42.0,117.0,-56.0
-159.0,701.0,-132.0,176.0,-61.0,-12.0,196.0,162.0,103.0,-120.0
-131.0,447.0,-160.0,176.0,-14.0,108.0,176.0,343.0,100.0,-213.0
-160.0,552.0,-152.0,131.0,-17.0,161.0,270.0,223.0,110.0,-285.0
-154.0,722.0,-128.0,38.0,-22.0,121.0,82.0,168.0,134.0,-318.0
-161.0,300.0,-189.0,-60.0,-45.0,58.0,99.0,31.0,160.0,-341.0
-130.0,253.0,-179.0,-155.0,-115.0,183.0,221.0,-33.0,191.0,-349.0
-140.0,400.0,-216.0,-242.0,-53.0,146.0,424.0,40.0,228.0,-312.0
-143.0,-21.0,-232.0,-246.0,-105.0,-49.0,594.0,70.0,239.0,-252.0
-119.0,-467.0,-231.0,-196.0,-113.0,-1.0,205.0,151.0,246.0,-193.0
-121.0,-573.0,-258.0,-152.0,31.0,-8.0,30.0,145.0,230.0,-120.0
-145.0,-785.0,-249.0,-133.0,50.0,-240.0,353.0,352.0,195.0,-16.0
-179.0,-1050.0,-214.0,-128.0,5.0,-278.0,353.0,393.0,161.0,86.0
-153.0,-1000.0,-183.0,-193.0,78.0,-217.0,111.0,199.0,100.0,164.0
-181.0,-885.0,-178.0,-277.0,43.0,-195.0,177.0,25.0,54.0,251.0
-222.0,-809.0,-123.0,-266.0,-5.0,-129.0,340.0,-72.0,2.0,333.0
-254.0,-404.0,-117.0,-183.0,50.0,-39.0,330.0,219.0,-68.0,357.0
-281.0,-257.0,-62.0,-65.0,-99.0,18.0,153.0,275.0,-109.0,340.0
-297.0,-253.0,-47.0,106.0,-81.0,-19.0,224.0,79.0,-150.0,329.0
-316.0,-102.0,-48.0,315.0,-1.0,-33.0,247.0,-218.0,-217.0,319.0
-318.0,193.0,50.0,456.0,-116.0,24.0,-41.0,-363.0,-251.0,283.0
-325.0,655.0,39.0,501.0,-21.0,71.0,60.0,-121.0,-266.0,251.0
-337.0,349.0,82.0,460.0,-11.0,-1.0,-38.0,48.0,-264.0,263.0
-370.0,347.0,135.0,324.0,10.0,-75.0,-302.0,290.0,-227.0,291.0
-374.0,664.0,142.0,151.0,141.0,-119.0,-151.0,201.0,-183.0,319.0
-365.0,158.0,147.0,-2.0,5.0,-146.0,-99.0,-70.0,-113.0,406.0
-343.0,-168.0,154.0,-146.0,86.0,-31.0,35.0,-293.0,-34.0,520.0
-336.0,238.0,158.0,-302.0,218.0,42.0,225.0,-561.0,49.0,609.0
-319.0,322.0,97.0,-420.0,76.0,106.0,299.0,-569.0,132.0,688.0
-280.0,-27.0,138.0,-492.0,47.0,81.0,339.0,-388.0,181.0,746.0
-268.0,262.0,103.0,-517.0,-15.0,-109.0,186.0,188.0,219.0,765.0
-246.0,248.0,80.0,-466.0,-138.0,-223.0,372.0,559.0,245.0,717.0
-239.0,46.0,111.0,-350.0,-97.0,-157.0,729.0,502.0,269.0,647.0
-214.0,408.0,41.0,-244.0,-139.0,-23.0,759.0,312.0,283.0,557.0
-181.0,389.0,77.0,-155.0,-220.0,-3.0,612.0,-79.0,286.0,407.0
-138.0,-25.0,57.0,-33.0,-140.0,97.0,124.0,-284.0,305.0,248.0
-118.0,-48.0,40.0,99.0,-106.0,165.0,-29.0,-426.0,303.0,117.0
-121.0,117.0,60.0,204.0,-108.0,-13.0,119.0,-467.0,294.0,0.0
-129.0,-259.0,27.0,254.0,-197.0,-26.0,-236.0,-436.0,296.0,-127.0
-170.0,-353.0,26.0,293.0,-189.0,158.0,-486.0,-288.0,302.0,-214.0
-199.0,-414.0,-16.0,332.0,-131.0,184.0,-339.0,-31.0,318.0,-259.0
-234.0,-813.0,-45.0,349.0,-179.0,174.0,-52.0,-60.0,323.0,-310.0
-233.0,-836.0,-49.0,346.0,-95.0,238.0,-11.0,-168.0,347.0,-345.0
-233.0,-826.0,-61.0,297.0,-90.0,194.0,-215.0,-465.0,363.0,-339.0
-250.0,-456.0,-73.0,254.0,-67.0,35.0,-77.0,-585.0,344.0,-313.0
-245.0,-169.0,-52.0,223.0,77.0,-43.0,118.0,-406.0,317.0,-291.0
-253.0,-179.0,-47.0,166.0,65.0,-33.0,235.0,-330.0,246.0,-256.0
-288.0,201.0,-53.0,128.0,10.0,-10.0,376.0,-166.0,170.0,-217.0
-282.0,516.0,3.0,132.0,192.0,168.0,381.0,-29.0,87.0,-179.0
-215.0,594.0,23.0,159.0,204.0,304.0,224.0,186.0,-21.0,-153.0
-171.0,601.0,33.0,200.0,48.0,308.0,76.0,181.0,-91.0,-139.0
-136.0,692.0,86.0,214.0,169.0,291.0,239.0,-62.0,-155.0,-110.0
-116.0,414.0,119.0,174.0,145.0,178.0,362.0,-205.0,-241.0,-114.0
-96.0,171.0,123.0,116.0,120.0,69.0,429.0,-432.0,-291.0,-134.0
-119.0,417.0,120.0,134.0,211.0,67.0,451.0,-530.0,-316.0,-164.0
-165.0,57.0,95.0,221.0,86.0,125.0,328.0,-624.0,-333.0,-222.0
-203.0,-335.0,72.0,305.0,108.0,111.0,316.0,-504.0,-322.0,-295.0
-257.0,-328.0,33.0,335.0,152.0,96.0,253.0,-221.0,-302.0,-385.0
-283.0,-732.0,-3.0,293.0,-84.0,-8.0,282.0,-203.0,-279.0,-482.0
-330.0,-1191.0,-24.0,212.0,-107.0,-143.0,191.0,-339.0,-247.0,-604.0
-346.0,-1023.0,-57.0,111.0,10.0,-18.0,60.0,-365.0,-240.0,-708.0
-330.0,-873.0,-69.0,58.0,-56.0,136.0,207.0,149.0,-235.0,-749.0
-324.0,-1170.0,-112.0,21.0,-72.0,139.0,-29.0,321.0,-237.0,-752.0
-309.0,-966.0,-118.0,27.0,-69.0,48.0,-377.0,-60.0,-246.0,-729.0
-292.0,-610.0,-117.0,6.0,-24.0,-85.0,-255.0,-315.0,-228.0,-671.0
-241.0,-609.0,-136.0,-128.0,74.0,-171.0,-251.0,-491.0,-202.0,-546.0
-190.0,-423.0,-122.0,-217.0,55.0,-75.0,-627.0,-461.0,-170.0,-409.0
-150.0,-270.0,-118.0,-224.0,-66.0,85.0,-818.0,-561.0,-136.0,-301.0
-94.0,-300.0,-89.0,-173.0,-116.0,116.0,-769.0,-498.0,-94.0,-182.0
-40.0,-414.0,-41.0,-148.0,-16.0,213.0,-649.0,-214.0,-51.0,-83.0
-5.0,-422.0,-9.0,-100.0,-87.0,335.0,-238.0,-206.0,-7.0,-34.0
-15.0,-290.0,-8.0,28.0,-204.0,349.0,98.0,-428.0,35.0,-13.0
-33.0,-263.0,15.0,140.0,-122.0,325.0,3.0,-761.0,60.0,-18.0
-50.0,-41.0,27.0,273.0,-34.0,256.0,26.0,-707.0,109.0,-49.0
-70.0,-105.0,-15.0,453.0,-84.0,182.0,249.0,-489.0,133.0,-97.0
-71.0,-327.0,-10.0,566.0,-176.0,105.0,278.0,-90.0,145.0,-153.0
-71.0,-137.0,-10.0,540.0,-149.0,241.0,247.0,325.0,161.0,-202.0
-37.0,102.0,-34.0,542.0,-119.0,427.0,189.0,184.0,128.0,-243.0
-36.0,28.0,13.0,539.0,-29.0,355.0,116.0,-53.0,102.0,-290.0
-82.0,-308.0,33.0,488.0,-154.0,213.0,163.0,-393.0,60.0,-285.0
-108.0,-119.0,37.0,441.0,-232.0,126.0,203.0,-506.0,0.0,-230.0
-108.0,27.0,78.0,257.0,36.0,287.0,187.0,-406.0,-21.0,-183.0
-72.0,13.0,109.0,41.0,47.0,455.0,215.0,-461.0,-41.0,-97.0
-38.0,185.0,134.0,-84.0,5.0,512.0,270.0,-448.0,-76.0,18.0
11.0,436.0,173.0,-117.0,28.0,601.0,274.0,-382.0,-93.0,91.0
64.0,545.0,203.0,-101.0,58.0,594.0,347.0,-173.0,-98.0,123.0
72.0,377.0,182.0,-130.0,121.0,585.0,310.0,-293.0,-126.0,152.0
67.0,636.0,229.0,-174.0,33.0,525.0,12.0,-410.0,-125.0,146.0
46.0,639.0,195.0,-215.0,-39.0,531.0,-266.0,-319.0,-105.0,108.0
27.0,431.0,130.0,-255.0,31.0,475.0,-554.0,-216.0,-84.0,84.0
38.0,381.0,128.0,-207.0,123.0,362.0,-699.0,97.0,-43.0,57.0
32.0,44.0,38.0,-86.0,116.0,482.0,-665.0,-70.0,-14.0,42.0
50.0,-120.0,-1.0,-17.0,87.0,583.0,-821.0,-397.0,28.0,37.0
37.0,212.0,-24.0,35.0,132.0,587.0,-978.0,-502.0,76.0,62.0
-3.0,232.0,-57.0,51.0,188.0,413.0,-974.0,-371.0,84.0,108.0
-48.0,4.0,-81.0,-3.0,121.0,222.0,-895.0,-175.0,81.0,153.0
-118.0,384.0,-92.0,-120.0,27.0,190.0,-619.0,-303.0,93.0,238.0
-106.0,526.0,-110.0,-219.0,-2.0,210.0,-333.0,-264.0,70.0,325.0
-107.0,286.0,-115.0,-227.0,91.0,246.0,-279.0,-140.0,60.0,396.0
-121.0,529.0,-99.0,-253.0,161.0,380.0,-171.0,109.0,54.0,445.0
-142.0,787.0,-81.0,-256.0,-31.0,699.0,48.0,271.0,5.0,442.0
-130.0,575.0,-16.0,-245.0,-156.0,743.0,253.0,-72.0,-18.0,397.0
-84.0,391.0,-16.0,-238.0,-50.0,440.0,378.0,-437.0,-49.0,295.0
-67.0,225.0,19.0,-178.0,-92.0,319.0,416.0,-591.0,-62.0,152.0
-71.0,-92.0,46.0,-96.0,-255.0,473.0,586.0,-500.0,-69.0,9.0
-88.0,-326.0,30.0,-34.0,-223.0,501.0,675.0,-456.0,-90.0,-131.0
-46.0,-490.0,92.0,-12.0,-108.0,379.0,651.0,-301.0,-95.0,-244.0
-32.0,-849.0,117.0,36.0,-33.0,300.0,670.0,90.0,-103.0,-295.0
13.0,-982.0,112.0,150.0,-66.0,238.0,593.0,367.0,-86.0,-306.0
49.0,-824.0,112.0,314.0,-100.0,191.0,543.0,478.0,-96.0,-265.0
79.0,-876.0,78.0,382.0,68.0,134.0,426.0,123.0,-103.0,-171.0
94.0,-805.0,35.0,372.0,132.0,113.0,306.0,-240.0,-100.0,-64.0
28.0,-683.0,47.0,327.0,-10.0,33.0,361.0,-393.0,-119.0,55.0
-13.0,-350.0,28.0,214.0,-98.0,6.0,194.0,-539.0,-115.0,148.0
-38.0,-135.0,30.0,121.0,-30.0,29.0,-95.0,-532.0,-116.0,198.0
-6.0,-267.0,25.0,4.0,12.0,-20.0,-247.0,-622.0,-114.0,224.0
-13.0,54.0,-54.0,-88.0,-50.0,-39.0,-361.0,-563.0,-92.0,215.0
-24.0,507.0,-26.0,-155.0,-111.0,-43.0,-534.0,-362.0,-60.0,175.0
-35.0,459.0,-36.0,-263.0,-168.0,97.0,-836.0,-49.0,-40.0,119.0
-72.0,371.0,-54.0,-358.0,-70.0,45.0,-776.0,97.0,-17.0,93.0
-88.0,795.0,29.0,-387.0,-30.0,-149.0,-477.0,-79.0,-12.0,85.0
-123.0,914.0,35.0,-361.0,-173.0,-93.0,-492.0,36.0,-28.0,94.0
-131.0,635.0,66.0,-297.0,-82.0,-43.0,-464.0,73.0,-30.0,136.0
-98.0,726.0,132.0,-211.0,79.0,-119.0,-393.0,14.0,-56.0,192.0
-34.0,730.0,142.0,-132.0,44.0,-288.0,-485.0,-12.0,-83.0,247.0
32.0,576.0,156.0,6.0,-3.0,-152.0,-349.0,-29.0,-120.0,303.0
93.0,496.0,187.0,148.0,14.0,9.0,-7.0,-90.0,-165.0,390.0
130.0,217.0,193.0,231.0,121.0,-91.0,263.0,-393.0,-203.0,456.0
130.0,10.0,211.0,238.0,250.0,-45.0,437.0,-432.0,-245.0,512.0
117.0,106.0,225.0,200.0,125.0,18.0,300.0,-352.0,-273.0,581.0
103.0,-33.0,199.0,234.0,1.0,109.0,-44.0,-230.0,-301.0,620.0
68.0,-452.0,185.0,289.0,185.0,111.0,-70.0,-171.0,-316.0,624.0
78.0,-130.0,155.0,318.0,186.0,149.0,208.0,-236.0,-324.0,585.0
96.0,139.0,136.0,270.0,-20.0,204.0,176.0,-184.0,-319.0,518.0
99.0,-148.0,94.0,72.0,-8.0,33.0,-34.0,-291.0,-312.0,422.0
82.0,134.0,56.0,-124.0,77.0,-39.0,82.0,-49.0,-324.0,302.0
33.0,379.0,35.0,-196.0,93.0,-52.0,9.0,234.0,-297.0,201.0
16.0,544.0,-18.0,-158.0,65.0,-66.0,-236.0,219.0,-267.0,108.0
-37.0,655.0,-40.0,-75.0,-38.0,-131.0,-154.0,367.0,-242.0,12.0
-76.0,535.0,-75.0,-106.0,-41.0,-59.0,241.0,363.0,-203.0,-60.0
-114.0,580.0,-93.0,-259.0,74.0,61.0,767.0,325.0,-187.0,-114.0
-107.0,368.0,-138.0,-344.0,-35.0,-117.0,737.0,242.0,-154.0,-153.0
-75.0,-70.0,-188.0,-249.0,-258.0,-211.0,257.0,59.0,-131.0,-172.0
-120.0,-308.0,-164.0,-33.0,-150.0,-200.0,-46.0,-212.0,-136.0,-158.0
-138.0,-318.0,-192.0,167.0,48.0,-224.0,-122.0,-334.0,-138.0,-101.0
-118.0,-401.0,-182.0,298.0,-37.0,-273.0,9.0,-84.0,-155.0,-14.0
-54.0,-642.0,-167.0,366.0,-100.0,-236.0,81.0,-127.0,-173.0,88.0
-10.0,-686.0,-175.0,432.0,-50.0,-59.0,-183.0,-236.0,-177.0,204.0
17.0,-329.0,-159.0,518.0,-5.0,-137.0,-497.0,-284.0,-172.0,329.0
55.0,-265.0,-153.0,572.0,48.0,-233.0,-509.0,-157.0,-154.0,409.0
71.0,-210.0,-150.0,595.0,-89.0,-201.0,-415.0,103.0,-106.0,441.0
107.0,-57.0,-149.0,540.0,-204.0,-326.0,-371.0,-114.0,-71.0,446.0
127.0,-164.0,-125.0,435.0,-40.0,-288.0,-431.0,-315.0,-55.0,401.0
137.0,172.0,-174.0,334.0,61.0,-62.0,-418.0,-395.0,-19.0,306.0
173.0,210.0,-174.0,269.0,-48.0,-69.0,31.0,-125.0,-3.0,202.0
164.0,-58.0,-173.0,197.0,-79.0,-330.0,596.0,399.0,-12.0,83.0
140.0,171.0,-202.0,27.0,43.0,-458.0,542.0,426.0,-4.0,-37.0
116.0,365.0,-158.0,-181.0,133.0,-281.0,192.0,79.0,8.0,-124.0
76.0,36.0,-172.0,-363.0,50.0,-224.0,506.0,-330.0,8.0,-186.0
83.0,-214.0,-170.0,-467.0,-80.0,-373.0,1028.0,-243.0,24.0,-180.0
53.0,60.0,-167.0,-484.0,-17.0,-276.0,926.0,53.0,33.0,-130.0
15.0,-29.0,-175.0,-461.0,143.0,-98.0,587.0,166.0,32.0,-29.0
-5.0,-37.0,-180.0,-440.0,47.0,-221.0,358.0,42.0,64.0,120.0
-42.0,150.0,-180.0,-427.0,-92.0,-340.0,-65.0,-162.0,104.0,256.0
-72.0,57.0,-143.0,-442.0,103.0,-254.0,-327.0,14.0,151.0,398.0
-118.0,462.0,-121.0,-455.0,164.0,-264.0,-213.0,-175.0,203.0,519.0
-144.0,539.0,-115.0,-429.0,-44.0,-355.0,-62.0,-491.0,225.0,606.0
-186.0,250.0,-101.0,-394.0,-104.0,-315.0,-124.0,-397.0,238.0,674.0
-216.0,330.0,-50.0,-335.0,-6.0,-232.0,-472.0,-27.0,233.0,700.0
-233.0,542.0,-51.0,-303.0,45.0,-200.0,-741.0,445.0,211.0,695.0
-236.0,655.0,-55.0,-256.0,1.0,-179.0,-811.0,380.0,214.0,684.0
-235.0,137.0,-4.0,-172.0,-54.0,-141.0,-503.0,194.0,212.0,655.0
-247.0,-67.0,-17.0,-138.0,-57.0,-227.0,-4.0,-9.0,187.0,627.0
-233.0,-168.0,0.0,-116.0,104.0,-402.0,333.0,-147.0,153.0,634.0
-239.0,-712.0,43.0,-66.0,114.0,-455.0,336.0,-81.0,109.0,640.0
-236.0,-1022.0,25.0,-34.0,-54.0,-393.0,-100.0,57.0,59.0,654.0
-234.0,-1169.0,44.0,-24.0,-25.0,-369.0,-247.0,460.0,25.0,677.0
-205.0,-894.0,59.0,26.0,22.0,-491.0,69.0,604.0,-3.0,676.0
-172.0,-915.0,45.0,85.0,83.0,-540.0,434.0,559.0,-42.0,648.0
-163.0,-960.0,79.0,124.0,82.0,-445.0,861.0,236.0,-56.0,606.0
-195.0,-628.0,88.0,166.0,-39.0,-427.0,965.0,-97.0,-76.0,564.0
-213.0,-687.0,88.0,139.0,91.0,-467.0,400.0,-48.0,-96.0,494.0
-205.0,-454.0,97.0,100.0,245.0,-454.0,-453.0,-303.0,-107.0,383.0
-261.0,-235.0,92.0,83.0,14.0,-442.0,-905.0,-404.0,-143.0,289.0
-269.0,-512.0,107.0,73.0,-101.0,-409.0,-289.0,-212.0,-173.0,214.0
-261.0,-367.0,100.0,158.0,193.0,-196.0,676.0,16.0,-190.0,134.0
-222.0,-137.0,125.0,249.0,204.0,-153.0,665.0,184.0,-197.0,79.0
-217.0,-290.0,77.0,280.0,-6.0,-378.0,-291.0,179.0,-212.0,47.0
-239.0,14.0,68.0,252.0,-17.0,-386.0,-1042.0,181.0,-249.0,43.0
-230.0,61.0,80.0,179.0,0.0,-338.0,-871.0,-131.0,-302.0,32.0
-225.0,-213.0,-4.0,156.0,127.0,-368.0,-457.0,-380.0,-367.0,3.0
-198.0,-55.0,18.0,172.0,54.0,-364.0,28.0,-530.0,-423.0,-27.0
-205.0,34.0,-19.0,126.0,-156.0,-353.0,507.0,-482.0,-478.0,-92.0
-136.0,164.0,-42.0,56.0,-12.0,-274.0,311.0,-160.0,-490.0,-182.0
-64.0,374.0,-32.0,5.0,98.0,-136.0,-336.0,-192.0,-469.0,-293.0
-11.0,719.0,-38.0,-26.0,20.0,-185.0,-841.0,-70.0,-449.0,-419.0
30.0,732.0,10.0,-22.0,-36.0,-413.0,-664.0,90.0,-400.0,-569.0
65.0,900.0,2.0,-68.0,-40.0,-344.0,-157.0,53.0,-353.0,-724.0
94.0,1107.0,60.0,-138.0,29.0,-322.0,166.0,-86.0,-310.0,-839.0
90.0,609.0,58.0,-148.0,7.0,-511.0,420.0,-277.0,-259.0,-931.0
102.0,767.0,24.0,-91.0,-128.0,-488.0,211.0,-155.0,-203.0,-1014.0
118.0,865.0,23.0,-31.0,-194.0,-423.0,-183.0,-40.0,-114.0,-1048.0
168.0,298.0,-21.0,8.0,-86.0,-352.0,-209.0,-105.0,-40.0,-999.0
160.0,5.0,-32.0,26.0,58.0,-355.0,-201.0,-371.0,-5.0,-931.0
157.0,1.0,-71.0,-23.0,-81.0,-406.0,-216.0,-408.0,76.0,-856.0
164.0,29.0,-118.0,-64.0,-134.0,-344.0,-126.0,-221.0,139.0,-748.0
201.0,-181.0,-153.0,-31.0,181.0,-172.0,35.0,-114.0,162.0,-649.0
224.0,-429.0,-204.0,53.0,227.0,-106.0,-9.0,169.0,201.0,-594.0
184.0,-486.0,-258.0,148.0,-18.0,-355.0,-416.0,182.0,208.0,-568.0
155.0,-368.0,-293.0,214.0,-65.0,-444.0,-513.0,99.0,208.0,-534.0
143.0,-364.0,-302.0,183.0,-22.0,-336.0,-24.0,-20.0,204.0,-516.0
176.0,-490.0,-320.0,74.0,34.0,-125.0,554.0,-262.0,217.0,-516.0
180.0,-357.0,-340.0,-39.0,1.0,109.0,802.0,-177.0,210.0,-490.0
222.0,-150.0,-342.0,-87.0,-221.0,-77.0,383.0,-184.0,186.0,-433.0
247.0,-228.0,-377.0,-74.0,-35.0,-326.0,-184.0,-325.0,183.0,-388.0
284.0,-388.0,-427.0,-96.0,167.0,-299.0,-328.0,-506.0,169.0,-359.0
328.0,-184.0,-472.0,-147.0,-137.0,-296.0,-204.0,-447.0,169.0,-291.0
338.0,145.0,-483.0,-200.0,-213.0,-386.0,386.0,-125.0,151.0,-232.0
368.0,11.0,-488.0,-201.0,-99.0,-438.0,833.0,72.0,147.0,-193.0
361.0,-109.0,-504.0,-128.0,-110.0,-405.0,415.0,351.0,136.0,-140.0
368.0,-177.0,-452.0,-74.0,-231.0,-392.0,-172.0,410.0,95.0,-77.0
320.0,-251.0,-460.0,-100.0,-313.0,-471.0,-268.0,351.0,65.0,-20.0
279.0,11.0,-434.0,-167.0,-159.0,-441.0,14.0,133.0,28.0,4.0
253.0,-246.0,-365.0,-206.0,35.0,-433.0,71.0,-210.0,5.0,33.0
227.0,-508.0,-339.0,-163.0,77.0,-331.0,-216.0,-371.0,-6.0,90.0
203.0,-158.0,-268.0,-81.0,4.0,-128.0,-413.0,-558.0,-14.0,134.0
143.0,29.0,-244.0,-74.0,63.0,-261.0,-623.0,-432.0,-41.0,164.0
88.0,-171.0,-197.0,-155.0,146.0,-250.0,-925.0,-279.0,-60.0,211.0
14.0,-346.0,-146.0,-235.0,74.0,-181.0,-846.0,-160.0,-88.0,254.0
-48.0,-27.0,-97.0,-249.0,51.0,-328.0,-339.0,-53.0,-141.0,266.0
-91.0,-173.0,0.0,-234.0,126.0,-390.0,135.0,-81.0,-177.0,291.0
-119.0,-403.0,75.0,-218.0,133.0,-457.0,101.0,60.0,-211.0,301.0
-129.0,-77.0,135.0,-219.0,118.0,-272.0,3.0,29.0,-215.0,268.0
-112.0,-57.0,193.0,-285.0,70.0,-32.0,208.0,-44.0,-223.0,223.0
-91.0,-5.0,220.0,-361.0,-66.0,-66.0,105.0,-181.0,-234.0,163.0
-48.0,-88.0,190.0,-347.0,19.0,-112.0,-87.0,-194.0,-202.0,122.0
-39.0,-85.0,170.0,-249.0,69.0,-174.0,213.0,-86.0,-132.0,51.0
-53.0,182.0,170.0,-141.0,-144.0,-68.0,986.0,-214.0,-45.0,-35.0
-37.0,124.0,198.0,-89.0,-70.0,141.0,1456.0,-24.0,52.0,-72.0
-38.0,-124.0,185.0,-79.0,25.0,113.0,1138.0,125.0,177.0,-98.0
-52.0,47.0,151.0,-62.0,-121.0,1.0,563.0,96.0,307.0,-112.0
-62.0,414.0,108.0,-31.0,-35.0,-104.0,464.0,53.0,435.0,-130.0
-15.0,114.0,82.0,-19.0,19.0,-13.0,1064.0,48.0,544.0,-137.0
20.0,226.0,95.0,-49.0,-90.0,262.0,1266.0,120.0,616.0,-156.0
13.0,488.0,77.0,-189.0,5.0,149.0,639.0,3.0,644.0,-202.0
-3.0,137.0,92.0,-403.0,20.0,-60.0,91.0,160.0,647.0,-232.0
-5.0,-35.0,73.0,-518.0,-70.0,60.0,-189.0,358.0,599.0,-289.0
0.0,-11.0,47.0,-492.0,39.0,193.0,-646.0,500.0,519.0,-364.0
-12.0,-256.0,23.0,-325.0,34.0,231.0,-1362.0,460.0,460.0,-421.0
17.0,-297.0,35.0,-184.0,-55.0,164.0,-1668.0,46.0,361.0,-441.0
75.0,407.0,34.0,-195.0,43.0,164.0,-1220.0,-97.0,280.0,-446.0
126.0,499.0,8.0,-259.0,38.0,233.0,-917.0,-247.0,213.0,-446.0
117.0,180.0,55.0,-324.0,-25.0,254.0,-1181.0,-363.0,143.0,-382.0
77.0,620.0,33.0,-323.0,25.0,151.0,-1266.0,-408.0,104.0,-267.0
74.0,857.0,37.0,-202.0,-10.0,-1.0,-776.0,-417.0,54.0,-138.0
82.0,375.0,24.0,-72.0,-4.0,73.0,-204.0,-254.0,15.0,22.0
80.0,536.0,25.0,-8.0,101.0,2.0,117.0,-266.0,-9.0,213.0
104.0,899.0,80.0,-4.0,45.0,6.0,451.0,-121.0,-49.0,381.0
166.0,454.0,73.0,-50.0,-20.0,131.0,717.0,-11.0,-87.0,521.0
196.0,166.0,80.0,-1.0,109.0,140.0,562.0,-24.0,-101.0,648.0
197.0,3.0,54.0,130.0,163.0,43.0,308.0,-27.0,-123.0,759.0
165.0,-308.0,71.0,183.0,93.0,-342.0,381.0,-125.0,-134.0,808.0
130.0,-443.0,104.0,128.0,94.0,-404.0,520.0,14.0,-127.0,806.0
108.0,-559.0,110.0,8.0,110.0,-269.0,599.0,118.0,-157.0,811.0
96.0,-950.0,110.0,-85.0,78.0,-35.0,509.0,271.0,-189.0,766.0
79.0,-717.0,9.0,-91.0,-11.0,84.0,351.0,369.0,-215.0,669.0
35.0,-228.0,-56.0,-86.0,-114.0,-126.0,469.0,190.0,-241.0,569.0
-4.0,-347.0,-45.0,-125.0,-103.0,-167.0,492.0,36.0,-264.0,481.0
-55.0,-196.0,-10.0,-150.0,4.0,-214.0,380.0,-144.0,-284.0,366.0
-120.0,-64.0,-9.0,-114.0,-56.0,-34.0,396.0,-118.0,-282.0,213.0
-138.0,-237.0,-41.0,50.0,-143.0,16.0,484.0,-112.0,-262.0,83.0
-122.0,-264.0,-88.0,251.0,-61.0,-183.0,400.0,-153.0,-236.0,-25.0
-119.0,-305.0,-109.0,372.0,-103.0,-152.0,46.0,-92.0,-207.0,-149.0
-95.0,-185.0,-13.0,425.0,-129.0,-62.0,-362.0,-83.0,-171.0,-256.0
-58.0,440.0,-14.0,380.0,-90.0,14.0,-772.0,75.0,-127.0,-319.0
-27.0,539.0,-42.0,347.0,-133.0,-130.0,-1102.0,223.0,-89.0,-380.0
-35.0,62.0,-25.0,423.0,-62.0,-216.0,-1050.0,456.0,-69.0,-433.0
-55.0,222.0,-58.0,526.0,46.0,-143.0,-664.0,517.0,-47.0,-483.0
-68.0,527.0,0.0,567.0,9.0,-154.0,-470.0,388.0,-37.0,-513.0
-78.0,246.0,30.0,500.0,2.0,-73.0,-552.0,325.0,-33.0,-522.0
-67.0,-57.0,-21.0,366.0,149.0,0.0,-673.0,12.0,-34.0,-544.0
-64.0,171.0,-25.0,197.0,87.0,43.0,-496.0,-175.0,-47.0,-518.0
-39.0,309.0,-56.0,58.0,-3.0,-29.0,53.0,-349.0,-40.0,-456.0
-31.0,80.0,-108.0,-34.0,57.0,-303.0,378.0,-489.0,-39.0,-407.0
-40.0,-74.0,-99.0,-122.0,-34.0,-344.0,274.0,-497.0,-36.0,-362.0
-75.0,-328.0,-148.0,-176.0,9.0,-158.0,188.0,-497.0,-38.0,-302.0
-116.0,-557.0,-205.0,-190.0,82.0,-4.0,284.0,-323.0,-43.0,-271.0
-126.0,-539.0,-189.0,-190.0,-47.0,33.0,298.0,-121.0,-35.0,-299.0
-132.0,-751.0,-217.0,-173.0,-65.0,-13.0,268.0,266.0,-30.0,-335.0
-112.0,-772.0,-246.0,-202.0,36.0,-43.0,370.0,419.0,-16.0,-372.0
-78.0,-338.0,-216.0,-260.0,-2.0,-9.0,419.0,295.0,2.0,-433.0
-72.0,-289.0,-176.0,-262.0,-105.0,135.0,263.0,123.0,32.0,-505.0
-86.0,-276.0,-124.0,-245.0,-91.0,105.0,-19.0,-79.0,59.0,-542.0
-60.0,7.0,-86.0,-157.0,-42.0,-121.0,-355.0,101.0,98.0,-560.0
-24.0,77.0,-108.0,-19.0,-20.0,-155.0,-531.0,147.0,130.0,-568.0
-11.0,293.0,-90.0,58.0,-83.0,79.0,-582.0,177.0,140.0,-526.0
-29.0,542.0,-36.0,59.0,-124.0,313.0,-571.0,199.0,172.0,-426.0
-15.0,636.0,23.0,-12.0,-46.0,206.0,-496.0,-44.0,197.0,-276.0
0.0,818.0,82.0,-93.0,-17.0,-14.0,-654.0,-225.0,221.0,-109.0
-23.0,779.0,87.0,-118.0,-129.0,119.0,-894.0,-428.0,260.0,61.0
-56.0,513.0,65.0,-137.0,-102.0,310.0,-903.0,-421.0,301.0,233.0
-83.0,352.0,51.0,-103.0,-48.0,398.0,-600.0,-332.0,320.0,364.0
-75.0,456.0,30.0,-10.0,-166.0,231.0,-233.0,-109.0,314.0,434.0
-124.0,212.0,-2.0,19.0,-111.0,27.0,1.0,153.0,288.0,464.0
-165.0,-264.0,-66.0,36.0,-101.0,175.0,206.0,199.0,245.0,458.0
-167.0,-343.0,-145.0,-2.0,-118.0,140.0,186.0,269.0,216.0,412.0
-150.0,-210.0,-162.0,-109.0,81.0,57.0,109.0,118.0,162.0,355.0
-149.0,-278.0,-157.0,-232.0,97.0,-110.0,248.0,38.0,112.0,296.0
-217.0,-681.0,-134.0,-326.0,-85.0,-359.0,385.0,-40.0,61.0,245.0
-255.0,-561.0,-106.0,-337.0,2.0,-267.0,400.0,-203.0,-19.0,205.0
-284.0,-292.0,-94.0,-277.0,168.0,-140.0,284.0,-254.0,-70.0,194.0
-328.0,-379.0,-72.0,-224.0,80.0,-67.0,-21.0,-448.0,-125.0,216.0
-379.0,-222.0,-54.0,-171.0,103.0,-10.0,-311.0,-384.0,-174.0,228.0
-391.0,31.0,-21.0,-59.0,164.0,-42.0,-412.0,-306.0,-194.0,242.0
-366.0,133.0,14.0,23.0,217.0,-71.0,-342.0,-254.0,-218.0,283.0
-340.0,210.0,56.0,151.0,221.0,-35.0,-254.0,-96.0,-208.0,306.0
-312.0,327.0,96.0,266.0,56.0,-67.0,-366.0,-142.0,-183.0,272.0
-281.0,428.0,146.0,289.0,21.0,39.0,-497.0,-42.0,-144.0,223.0
-219.0,532.0,124.0,189.0,43.0,179.0,-559.0,112.0,-87.0,155.0
-168.0,474.0,106.0,0.0,17.0,63.0,-531.0,321.0,-12.0,51.0
-114.0,383.0,115.0,-119.0,-71.0,-152.0,-467.0,412.0,70.0,-46.0
-66.0,406.0,103.0,-179.0,-101.0,-230.0,-475.0,441.0,108.0,-158.0
-9.0,423.0,142.0,-186.0,-59.0,52.0,-381.0,400.0,128.0,-247.0
51.0,317.0,110.0,-150.0,-79.0,242.0,-236.0,25.0,132.0,-319.0
102.0,128.0,98.0,-65.0,-60.0,276.0,-194.0,-57.0,133.0,-385.0
164.0,20.0,74.0,20.0,-73.0,419.0,-268.0,-188.0,132.0,-399.0
192.0,25.0,62.0,77.0,-84.0,555.0,-196.0,-386.0,115.0,-409.0
224.0,-139.0,90.0,58.0,45.0,526.0,43.0,-421.0,111.0,-397.0
230.0,-295.0,57.0,-44.0,17.0,249.0,174.0,-537.0,121.0,-336.0
254.0,-193.0,126.0,-186.0,-134.0,32.0,337.0,-489.0,142.0,-257.0
296.0,-329.0,151.0,-331.0,14.0,-193.0,458.0,-327.0,160.0,-184.0
298.0,-300.0,137.0,-390.0,79.0,-262.0,346.0,73.0,182.0,-130.0
304.0,-135.0,155.0,-419.0,-6.0,77.0,311.0,426.0,197.0,-89.0
274.0,-213.0,148.0,-478.0,47.0,392.0,246.0,689.0,204.0,-50.0
266.0,-82.0,175.0,-536.0,-2.0,471.0,-104.0,855.0,223.0,-17.0
248.0,55.0,173.0,-565.0,-17.0,348.0,-433.0,618.0,242.0,-13.0
219.0,-213.0,167.0,-525.0,-22.0,311.0,-673.0,402.0,279.0,-3.0
226.0,-220.0,174.0,-374.0,-167.0,231.0,-794.0,199.0,308.0,11.0
235.0,83.0,149.0,-173.0,-166.0,-114.0,-763.0,77.0,331.0,8.0
246.0,64.0,105.0,-15.0,-67.0,-340.0,-691.0,75.0,369.0,14.0
207.0,18.0,48.0,67.0,-104.0,-381.0,-616.0,0.0,393.0,44.0
176.0,-10.0,9.0,108.0,-157.0,-246.0,-579.0,-86.0,416.0,68.0
180.0,-45.0,5.0,128.0,-26.0,-139.0,-453.0,-160.0,430.0,82.0
184.0,-163.0,17.0,141.0,77.0,-91.0,-316.0,-3.0,419.0,89.0
177.0,-26.0,53.0,211.0,9.0,77.0,-196.0,27.0,387.0,70.0
160.0,-87.0,34.0,316.0,56.0,106.0,-9.0,-55.0,342.0,24.0
195.0,-439.0,22.0,344.0,134.0,106.0,18.0,-53.0,280.0,-37.0
232.0,-51.0,20.0,305.0,136.0,-27.0,10.0,-121.0,216.0,-84.0
236.0,82.0,8.0,208.0,220.0,-114.0,192.0,-27.0,161.0,-118.0
230.0,161.0,74.0,147.0,159.0,102.0,183.0,-18.0,95.0,-153.0
232.0,400.0,62.0,169.0,77.0,234.0,-41.0,29.0,40.0,-164.0
252.0,323.0,30.0,138.0,181.0,306.0,-60.0,99.0,-5.0,-135.0
253.0,434.0,45.0,174.0,160.0,260.0,129.0,214.0,-58.0,-94.0
242.0,396.0,46.0,298.0,11.0,220.0,228.0,382.0,-98.0,-60.0
235.0,453.0,38.0,442.0,-4.0,236.0,88.0,212.0,-121.0,-30.0
206.0,400.0,14.0,550.0,45.0,194.0,26.0,218.0,-148.0,6.0
141.0,-9.0,16.0,577.0,-3.0,313.0,108.0,166.0,-172.0,17.0
94.0,27.0,54.0,515.0,13.0,403.0,-3.0,86.0,-171.0,3.0
86.0,-111.0,68.0,315.0,-13.0,348.0,-277.0,40.0,-164.0,4.0
86.0,-642.0,47.0,138.0,4.0,267.0,-389.0,-31.0,-155.0,-20.0
86.0,-748.0,76.0,49.0,174.0,142.0,-384.0,242.0,-151.0,-65.0
86.0,-819.0,67.0,-31.0,96.0,-2.0,-566.0,290.0,-165.0,-98.0
58.0,-815.0,37.0,-96.0,9.0,-41.0,-822.0,262.0,-189.0,-127.0
0.0,-640.0,43.0,-142.0,9.0,63.0,-1026.0,153.0,-232.0,-158.0
-61.0,-503.0,6.0,-216.0,-46.0,107.0,-1003.0,86.0,-295.0,-191.0
-110.0,-348.0,19.0,-310.0,2.0,-40.0,-699.0,131.0,-337.0,-178.0
-120.0,-48.0,52.0,-331.0,-22.0,-85.0,-534.0,-121.0,-367.0,-155.0
-125.0,254.0,51.0,-276.0,-149.0,125.0,-426.0,-57.0,-387.0,-137.0
-123.0,58.0,78.0,-269.0,-129.0,246.0,-144.0,145.0,-386.0,-102.0
-90.0,248.0,76.0,-298.0,-92.0,123.0,32.0,352.0,-396.0,-64.0
-70.0,462.0,93.0,-326.0,-226.0,-38.0,124.0,450.0,-387.0,-29.0
-67.0,169.0,148.0,-269.0,-304.0,-63.0,300.0,236.0,-375.0,-23.0
-90.0,158.0,185.0,-121.0,-238.0,-154.0,451.0,84.0,-356.0,-18.0
-84.0,141.0,212.0,9.0,-186.0,-259.0,550.0,-142.0,-303.0,-31.0
-63.0,97.0,223.0,152.0,-219.0,-141.0,615.0,-199.0,-250.0,-80.0
-59.0,42.0,222.0,215.0,-221.0,-25.0,623.0,-155.0,-170.0,-127.0
-58.0,124.0,234.0,281.0,-100.0,-5.0,506.0,0.0,-76.0,-186.0
-40.0,240.0,300.0,355.0,-7.0,-70.0,432.0,254.0,4.0,-261.0
-3.0,93.0,305.0,399.0,56.0,-95.0,445.0,273.0,78.0,-342.0
15.0,276.0,275.0,504.0,6.0,-4.0,302.0,303.0,137.0,-374.0
14.0,323.0,272.0,547.0,-31.0,152.0,245.0,166.0,195.0,-367.0
-13.0,121.0,217.0,578.0,132.0,188.0,163.0,136.0,254.0,-333.0
19.0,416.0,219.0,553.0,60.0,45.0,-98.0,232.0,301.0,-242.0
73.0,283.0,221.0,422.0,-7.0,44.0,-196.0,249.0,339.0,-116.0
107.0,-8.0,153.0,235.0,147.0,171.0,-302.0,336.0,360.0,31.0
104.0,181.0,121.0,52.0,92.0,350.0,-411.0,291.0,367.0,192.0
66.0,151.0,77.0,-14.0,38.0,338.0,-377.0,336.0,363.0,321.0
81.0,106.0,45.0,19.0,20.0,133.0,-399.0,153.0,340.0,396.0
84.0,-124.0,36.0,61.0,-102.0,115.0,-402.0,-31.0,318.0,426.0
84.0,-217.0,-12.0,10.0,-61.0,158.0,-282.0,46.0,286.0,401.0
59.0,-268.0,-65.0,-112.0,-32.0,81.0,-118.0,112.0,247.0,335.0
31.0,-411.0,-108.0,-211.0,-91.0,-166.0,24.0,339.0,232.0,235.0
32.0,-407.0,-109.0,-233.0,43.0,-264.0,75.0,384.0,217.0,94.0
12.0,-684.0,-76.0,-164.0,85.0,-110.0,78.0,426.0,200.0,-34.0
12.0,-344.0,-45.0,0.0,31.0,25.0,39.0,373.0,188.0,-130.0
1.0,-401.0,-32.0,113.0,94.0,112.0,6.0,194.0,179.0,-199.0
-6.0,-692.0,9.0,67.0,30.0,33.0,50.0,131.0,174.0,-243.0
-20.0,-1.0,55.0,-65.0,17.0,-16.0,178.0,66.0,177.0,-252.0
-77.0,182.0,48.0,-230.0,134.0,20.0,379.0,236.0,186.0,-203.0
-108.0,178.0,60.0,-322.0,100.0,54.0,313.0,208.0,201.0,-151.0
-111.0,383.0,66.0,-317.0,135.0,54.0,138.0,171.0,232.0,-87.0
-107.0,569.0,83.0,-252.0,230.0,43.0,268.0,216.0,255.0,-23.0
-124.0,640.0,103.0,-186.0,194.0,96.0,333.0,20.0,267.0,23.0
-138.0,439.0,116.0,-109.0,236.0,3.0,202.0,-166.0,286.0,73.0
-90.0,377.0,126.0,-30.0,191.0,-33.0,129.0,-336.0,297.0,91.0
-52.0,276.0,104.0,-11.0,89.0,143.0,74.0,-118.0,308.0,115.0
-38.0,419.0,103.0,-40.0,132.0,297.0,9.0,169.0,322.0,138.0
-40.0,441.0,97.0,-131.0,89.0,266.0,-28.0,347.0,336.0,149.0
-25.0,-18.0,48.0,-252.0,13.0,225.0,-30.0,474.0,358.0,182.0
48.0,30.0,21.0,-330.0,-24.0,235.0,31.0,354.0,382.0,243.0
93.0,254.0,-5.0,-262.0,52.0,196.0,200.0,388.0,394.0,314.0
112.0,-36.0,-93.0,-112.0,105.0,220.0,326.0,303.0,394.0,386.0
140.0,-95.0,-114.0,-58.0,-39.0,245.0,266.0,325.0,394.0,466.0
182.0,262.0,-106.0,-83.0,12.0,310.0,230.0,535.0,391.0,527.0
233.0,274.0,-120.0,-121.0,80.0,331.0,258.0,607.0,358.0,546.0
240.0,169.0,-107.0,-58.0,-18.0,310.0,364.0,692.0,301.0,497.0
230.0,202.0,-116.0,125.0,53.0,335.0,398.0,428.0,236.0,434.0
253.0,94.0,-86.0,304.0,95.0,154.0,174.0,134.0,148.0,355.0
265.0,147.0,-60.0,425.0,15.0,-142.0,-52.0,7.0,62.0,236.0
273.0,146.0,-14.0,408.0,87.0,-185.0,-207.0,153.0,-26.0,123.0
253.0,-165.0,52.0,245.0,28.0,30.0,-116.0,474.0,-129.0,24.0
194.0,-226.0,29.0,83.0,-114.0,179.0,-22.0,541.0,-221.0,-52.0
142.0,-150.0,93.0,-22.0,18.0,158.0,-74.0,563.0,-302.0,-138.0
74.0,-201.0,146.0,-96.0,-44.0,121.0,56.0,386.0,-367.0,-209.0
47.0,4.0,117.0,-96.0,-175.0,14.0,98.0,304.0,-420.0,-250.0
28.0,69.0,161.0,-10.0,-92.0,-179.0,6.0,256.0,-448.0,-272.0
14.0,-89.0,167.0,58.0,-124.0,-176.0,-9.0,205.0,-455.0,-265.0
1.0,25.0,141.0,109.0,-73.0,59.0,90.0,389.0,-461.0,-242.0
-42.0,159.0,137.0,110.0,-53.0,234.0,93.0,388.0,-426.0,-194.0
-71.0,-7.0,125.0,102.0,-256.0,150.0,53.0,351.0,-375.0,-139.0
-125.0,-46.0,117.0,141.0,-253.0,6.0,46.0,116.0,-320.0,-73.0
-154.0,51.0,87.0,176.0,-75.0,-95.0,-146.0,-66.0,-248.0,1.0
-147.0,-261.0,83.0,268.0,-139.0,-180.0,-201.0,-40.0,-192.0,67.0
-139.0,-256.0,73.0,392.0,-240.0,-93.0,-185.0,-22.0,-121.0,102.0
-121.0,-204.0,37.0,609.0,-81.0,33.0,-327.0,205.0,-47.0,113.0
-100.0,-482.0,16.0,789.0,17.0,159.0,-404.0,371.0,5.0,133.0
-101.0,-463.0,0.0,743.0,-91.0,154.0,-444.0,570.0,56.0,108.0
-99.0,-390.0,32.0,603.0,-113.0,83.0,-602.0,580.0,112.0,52.0
-63.0,-219.0,14.0,438.0,-116.0,144.0,-622.0,437.0,161.0,12.0
-29.0,-70.0,28.0,394.0,2.0,41.0,-338.0,336.0,212.0,-38.0
-13.0,-178.0,59.0,477.0,180.0,-115.0,-93.0,162.0,257.0,-83.0
-5.0,-85.0,34.0,522.0,-22.0,-110.0,91.0,201.0,279.0,-105.0
4.0,157.0,77.0,512.0,-20.0,49.0,274.0,121.0,305.0,-103.0
-26.0,65.0,133.0,422.0,137.0,156.0,278.0,188.0,311.0,-97.0
-44.0,81.0,141.0,286.0,-8.0,71.0,330.0,474.0,307.0,-67.0
-31.0,153.0,136.0,110.0,-33.0,79.0,563.0,582.0,288.0,2.0
-19.0,117.0,135.0,-25.0,28.0,182.0,630.0,591.0,239.0,57.0
-2.0,66.0,91.0,-3.0,-5.0,165.0,535.0,363.0,183.0,92.0
16.0,32.0,110.0,37.0,57.0,18.0,298.0,277.0,92.0,101.0
41.0,191.0,113.0,48.0,108.0,-89.0,-81.0,236.0,0.0,98.0
41.0,148.0,138.0,3.0,-77.0,-97.0,-191.0,151.0,-77.0,52.0
60.0,23.0,200.0,-100.0,13.0,-49.0,-21.0,151.0,-130.0,-37.0
78.0,-245.0,173.0,-229.0,151.0,-87.0,57.0,25.0,-184.0,-126.0
110.0,-248.0,193.0,-369.0,-55.0,-153.0,-140.0,97.0,-226.0,-223.0
122.0,-147.0,177.0,-358.0,-40.0,-87.0,-325.0,151.0,-237.0,-322.0
108.0,-238.0,185.0,-266.0,23.0,-77.0,-282.0,280.0,-244.0,-418.0
88.0,-97.0,186.0,-145.0,-84.0,-104.0,-156.0,400.0,-239.0,-467.0
59.0,-325.0,191.0,-6.0,-48.0,-162.0,-76.0,339.0,-229.0,-482.0
81.0,-176.0,221.0,60.0,-6.0,-127.0,-6.0,485.0,-183.0,-462.0
91.0,174.0,228.0,29.0,-99.0,64.0,77.0,439.0,-133.0,-370.0
93.0,24.0,253.0,-28.0,-5.0,67.0,215.0,308.0,-90.0,-252.0
102.0,79.0,203.0,-32.0,-25.0,-41.0,416.0,149.0,-42.0,-104.0
112.0,276.0,193.0,-31.0,-210.0,-75.0,329.0,59.0,0.0,86.0
99.0,241.0,168.0,7.0,-112.0,-160.0,162.0,84.0,41.0,284.0
95.0,-105.0,161.0,83.0,-19.0,-204.0,203.0,112.0,67.0,475.0
132.0,-104.0,210.0,126.0,-98.0,-8.0,289.0,375.0,114.0,650.0
180.0,76.0,207.0,165.0,-88.0,183.0,351.0,437.0,167.0,769.0
227.0,3.0,223.0,136.0,-27.0,164.0,236.0,413.0,214.0,851.0
246.0,96.0,199.0,48.0,-90.0,102.0,15.0,223.0,230.0,900.0
253.0,150.0,177.0,34.0,28.0,63.0,-104.0,66.0,239.0,897.0
226.0,68.0,154.0,135.0,-1.0,-12.0,-116.0,194.0,242.0,862.0
172.0,286.0,147.0,304.0,-143.0,-77.0,-64.0,68.0,243.0,778.0
103.0,341.0,180.0,432.0,82.0,45.0,36.0,51.0,282.0,685.0
91.0,-22.0,152.0,432.0,48.0,176.0,124.0,218.0,296.0,574.0
111.0,-33.0,157.0,281.0,-90.0,156.0,93.0,469.0,315.0,455.0
91.0,89.0,174.0,103.0,88.0,212.0,-61.0,432.0,346.0,365.0
41.0,115.0,177.0,56.0,187.0,260.0,98.0,46.0,385.0,275.0
2.0,353.0,193.0,134.0,65.0,199.0,454.0,-75.0,417.0,206.0
3.0,452.0,149.0,280.0,98.0,85.0,463.0,-64.0,418.0,140.0
-1.0,337.0,128.0,351.0,125.0,21.0,311.0,88.0,413.0,86.0
-18.0,400.0,124.0,262.0,14.0,156.0,173.0,99.0,404.0,44.0
-15.0,234.0,133.0,96.0,102.0,248.0,141.0,181.0,397.0,8.0
10.0,-232.0,168.0,-51.0,8.0,134.0,201.0,439.0,378.0,-11.0
-4.0,-396.0,158.0,-100.0,-118.0,-10.0,246.0,303.0,374.0,-42.0
-12.0,-497.0,214.0,-29.0,66.0,-3.0,260.0,144.0,342.0,-46.0
-10.0,-673.0,203.0,59.0,102.0,70.0,211.0,-33.0,308.0,-30.0
3.0,-688.0,153.0,37.0,-1.0,73.0,238.0,-53.0,280.0,-28.0
26.0,-679.0,226.0,-38.0,-23.0,51.0,303.0,-31.0,220.0,-36.0
40.0,-722.0,187.0,-99.0,-60.0,22.0,322.0,-107.0,161.0,-40.0
102.0,-601.0,187.0,-114.0,16.0,-40.0,388.0,110.0,75.0,-34.0
142.0,-305.0,245.0,-51.0,53.0,-56.0,409.0,59.0,-6.0,-26.0
192.0,-58.0,157.0,-44.0,-110.0,-4.0,434.0,7.0,-100.0,-8.0
199.0,-57.0,147.0,-110.0,-165.0,-29.0,503.0,48.0,-186.0,8.0
207.0,248.0,156.0,-228.0,-64.0,-95.0,243.0,60.0,-264.0,-9.0
217.0,739.0,104.0,-332.0,-54.0,-141.0,-202.0,142.0,-367.0,-43.0
215.0,744.0,129.0,-261.0,-225.0,-69.0,-430.0,-24.0,-443.0,-66.0
265.0,713.0,117.0,-104.0,-97.0,4.0,-453.0,-109.0,-495.0,-108.0
324.0,745.0,100.0,41.0,98.0,115.0,-479.0,-258.0,-504.0,-167.0
402.0,714.0,99.0,120.0,7.0,200.0,-497.0,-256.0,-512.0,-220.0
428.0,399.0,62.0,86.0,-5.0,165.0,-326.0,-214.0,-500.0,-239.0
431.0,130.0,35.0,20.0,-29.0,227.0,-53.0,-363.0,-471.0,-213.0
426.0,163.0,3.0,0.0,23.0,100.0,289.0,-177.0,-434.0,-180.0
426.0,42.0,11.0,47.0,143.0,30.0,615.0,-1.0,-351.0,-125.0
383.0,97.0,12.0,78.0,88.0,35.0,772.0,11.0,-285.0,-18.0
330.0,131.0,23.0,89.0,4.0,-70.0,738.0,-158.0,-204.0,92.0
302.0,-31.0,19.0,93.0,103.0,-86.0,786.0,-315.0,-120.0,206.0
235.0,-2.0,0.0,131.0,68.0,6.0,900.0,-290.0,-42.0,307.0
186.0,104.0,0.0,259.0,-78.0,103.0,830.0,-247.0,41.0,366.0
127.0,59.0,5.0,328.0,-32.0,62.0,721.0,-195.0,83.0,395.0
116.0,-349.0,13.0,335.0,-55.0,109.0,497.0,-295.0,107.0,377.0
108.0,-496.0,0.0,321.0,-21.0,95.0,329.0,-190.0,120.0,322.0
89.0,-267.0,29.0,358.0,-45.0,77.0,291.0,-57.0,112.0,206.0
59.0,-443.0,34.0,500.0,-178.0,104.0,191.0,-66.0,99.0,65.0
20.0,-607.0,24.0,625.0,-80.0,97.0,66.0,70.0,92.0,-77.0
-3.0,-475.0,13.0,660.0,99.0,110.0,73.0,99.0,49.0,-203.0
-60.0,-325.0,-24.0,508.0,-45.0,16.0,82.0,136.0,-1.0,-296.0
-91.0,-286.0,-74.0,355.0,-211.0,-53.0,-177.0,36.0,-34.0,-382.0
-89.0,-184.0,-132.0,296.0,3.0,-16.0,-321.0,-140.0,-69.0,-437.0
-45.0,69.0,-171.0,264.0,39.0,270.0,-301.0,-271.0,-104.0,-471.0
-26.0,232.0,-211.0,320.0,-40.0,494.0,-117.0,-380.0,-152.0,-484.0
-28.0,132.0,-234.0,406.0,15.0,411.0,121.0,-245.0,-180.0,-473.0
-23.0,-8.0,-249.0,481.0,40.0,237.0,32.0,-114.0,-204.0,-449.0
-4.0,62.0,-264.0,446.0,112.0,186.0,-88.0,57.0,-218.0,-412.0
0.0,92.0,-253.0,296.0,159.0,348.0,-129.0,101.0,-229.0,-359.0
-12.0,221.0,-253.0,66.0,-19.0,333.0,-151.0,92.0,-256.0,-277.0
30.0,172.0,-269.0,-100.0,-62.0,201.0,-114.0,-127.0,-259.0,-188.0
60.0,209.0,-242.0,-154.0,214.0,239.0,105.0,-602.0,-267.0,-108.0
90.0,377.0,-279.0,-174.0,127.0,352.0,296.0,-683.0,-264.0,-40.0
75.0,325.0,-284.0,-104.0,-119.0,375.0,193.0,-679.0,-245.0,14.0
35.0,398.0,-250.0,-39.0,-13.0,350.0,70.0,-389.0,-212.0,20.0
14.0,315.0,-286.0,63.0,81.0,361.0,24.0,-75.0,-149.0,14.0
15.0,297.0,-233.0,155.0,8.0,281.0,176.0,-201.0,-75.0,18.0
69.0,271.0,-200.0,150.0,-15.0,300.0,439.0,-279.0,14.0,3.0
88.0,279.0,-201.0,110.0,-143.0,304.0,552.0,-347.0,128.0,-14.0
99.0,290.0,-159.0,76.0,-116.0,189.0,633.0,-428.0,221.0,-33.0
101.0,339.0,-156.0,63.0,146.0,164.0,640.0,-519.0,283.0,-31.0
124.0,437.0,-144.0,55.0,-27.0,152.0,547.0,-367.0,343.0,-33.0
155.0,-23.0,-83.0,72.0,-148.0,282.0,540.0,-164.0,375.0,-43.0
144.0,-5.0,-46.0,44.0,117.0,362.0,617.0,-168.0,388.0,-29.0
125.0,181.0,-7.0,-2.0,113.0,304.0,680.0,-62.0,381.0,-40.0
110.0,-95.0,83.0,-24.0,-37.0,298.0,545.0,-127.0,364.0,-56.0
131.0,-74.0,85.0,-54.0,28.0,308.0,141.0,-168.0,345.0,-65.0
148.0,-70.0,110.0,-108.0,15.0,326.0,-344.0,-177.0,319.0,-86.0
109.0,-95.0,147.0,-149.0,21.0,321.0,-542.0,-247.0,295.0,-107.0
50.0,-182.0,107.0,-108.0,104.0,415.0,-336.0,-175.0,243.0,-99.0
41.0,-261.0,174.0,-62.0,-93.0,402.0,-160.0,-291.0,193.0,-32.0
48.0,-179.0,208.0,-31.0,-118.0,235.0,-128.0,-325.0,153.0,53.0
43.0,-173.0,189.0,-65.0,113.0,132.0,-193.0,-358.0,104.0,142.0
32.0,-397.0,191.0,-124.0,1.0,84.0,-303.0,-400.0,58.0,235.0
80.0,-635.0,148.0,-73.0,-150.0,118.0,-182.0,-343.0,-10.0,338.0
131.0,-444.0,85.0,13.0,16.0,284.0,91.0,-408.0,-79.0,422.0
93.0,-468.0,43.0,147.0,31.0,500.0,310.0,-230.0,-129.0,488.0
54.0,-477.0,39.0,277.0,20.0,432.0,444.0,-105.0,-193.0,550.0
59.0,-266.0,-8.0,273.0,98.0,225.0,549.0,-125.0,-227.0,572.0
118.0,-204.0,-45.0,235.0,14.0,164.0,622.0,-206.0,-264.0,576.0
123.0,21.0,-52.0,231.0,63.0,191.0,567.0,-208.0,-317.0,561.0
98.0,239.0,-86.0,203.0,234.0,179.0,436.0,-44.0,-334.0,522.0
74.0,358.0,-142.0,174.0,108.0,89.0,428.0,-70.0,-367.0,441.0
60.0,99.0,-150.0,75.0,-24.0,114.0,606.0,9.0,-385.0,325.0
60.0,74.0,-177.0,-86.0,198.0,205.0,586.0,-49.0,-409.0,190.0
18.0,280.0,-177.0,-190.0,147.0,230.0,150.0,-184.0,-417.0,50.0
5.0,82.0,-119.0,-221.0,-16.0,182.0,-314.0,-303.0,-409.0,-85.0
-51.0,121.0,-95.0,-117.0,68.0,110.0,-389.0,-569.0,-417.0,-250.0
-113.0,398.0,-21.0,26.0,48.0,130.0,-85.0,-609.0,-388.0,-396.0
-154.0,527.0,-21.0,155.0,75.0,284.0,152.0,-665.0,-371.0,-516.0
-158.0,501.0,-9.0,237.0,86.0,354.0,-9.0,-460.0,-320.0,-606.0
-131.0,521.0,-22.0,245.0,-151.0,200.0,-147.0,-75.0,-260.0,-673.0
-182.0,588.0,-36.0,235.0,-105.0,69.0,93.0,97.0,-212.0,-725.0
-220.0,579.0,12.0,106.0,200.0,4.0,358.0,29.0,-140.0,-734.0
-221.0,330.0,57.0,2.0,-47.0,-33.0,546.0,-136.0,-86.0,-722.0
-219.0,22.0,152.0,-36.0,-152.0,-37.0,613.0,75.0,-28.0,-678.0
-246.0,-104.0,126.0,14.0,46.0,18.0,333.0,73.0,14.0,-616.0
-264.0,-296.0,91.0,148.0,-74.0,141.0,24.0,-64.0,48.0,-564.0
-222.0,-505.0,2.0,177.0,-7.0,105.0,-31.0,-70.0,73.0,-521.0
-158.0,-340.0,-85.0,126.0,46.0,51.0,-18.0,-60.0,83.0,-471.0
-118.0,-260.0,-105.0,-5.0,-85.0,-15.0,-7.0,81.0,97.0,-426.0
-134.0,-435.0,-120.0,-141.0,28.0,-177.0,54.0,-49.0,101.0,-392.0
-152.0,-156.0,-97.0,-237.0,149.0,-225.0,32.0,-238.0,104.0,-328.0
-142.0,-89.0,-139.0,-176.0,-99.0,-225.0,-127.0,-388.0,99.0,-264.0
-116.0,-197.0,-151.0,14.0,-131.0,-89.0,-268.0,-450.0,95.0,-204.0
-88.0,-30.0,-162.0,139.0,68.0,-23.0,-284.0,-495.0,95.0,-133.0
-37.0,-97.0,-193.0,189.0,-95.0,-175.0,-116.0,-556.0,92.0,-65.0
-34.0,-319.0,-212.0,128.0,-118.0,-161.0,136.0,-275.0,86.0,8.0
-93.0,-309.0,-191.0,27.0,-65.0,-93.0,203.0,-116.0,80.0,74.0
-137.0,-195.0,-196.0,-73.0,-66.0,-95.0,-45.0,59.0,82.0,142.0
-160.0,-345.0,-182.0,-115.0,64.0,-98.0,-408.0,142.0,98.0,200.0
-154.0,-409.0,-123.0,-72.0,-39.0,-89.0,-277.0,-49.0,110.0,247.0
-184.0,-335.0,-125.0,23.0,-176.0,-106.0,267.0,-144.0,119.0,291.0
-231.0,-148.0,-86.0,117.0,-13.0,-204.0,599.0,-293.0,138.0,309.0
-243.0,71.0,-68.0,119.0,174.0,-219.0,578.0,-266.0,155.0,333.0
-206.0,21.0,-61.0,51.0,-34.0,-153.0,171.0,-223.0,164.0,348.0
-186.0,34.0,-33.0,-36.0,-107.0,-142.0,-230.0,-160.0,160.0,341.0
-244.0,189.0,-23.0,-4.0,98.0,-81.0,-145.0,-182.0,154.0,350.0
-252.0,100.0,-2.0,141.0,2.0,7.0,380.0,-439.0,158.0,343.0
-201.0,-30.0,15.0,355.0,-46.0,-26.0,780.0,-382.0,143.0,317.0
-183.0,17.0,34.0,522.0,-48.0,-151.0,665.0,-243.0,107.0,292.0
-211.0,108.0,86.0,586.0,-164.0,-300.0,272.0,-11.0,64.0,264.0
-219.0,192.0,131.0,502.0,-26.0,-265.0,-278.0,-3.0,22.0,238.0
-187.0,214.0,144.0,206.0,29.0,-219.0,-458.0,-230.0,-7.0,176.0
-209.0,333.0,152.0,-80.0,-231.0,-264.0,-31.0,-177.0,-28.0,122.0
-255.0,372.0,183.0,-283.0,-158.0,-83.0,172.0,-94.0,-57.0,80.0
-197.0,452.0,166.0,-387.0,54.0,40.0,-250.0,195.0,-81.0,29.0
-71.0,520.0,136.0,-408.0,-90.0,11.0,-838.0,295.0,-109.0,-8.0
25.0,230.0,154.0,-432.0,-182.0,-49.0,-1012.0,142.0,-147.0,-36.0
40.0,134.0,99.0,-507.0,-151.0,-98.0,-736.0,46.0,-172.0,-44.0
22.0,179.0,88.0,-609.0,-129.0,-14.0,-408.0,-38.0,-187.0,-53.0
20.0,71.0,75.0,-654.0,2.0,-31.0,-191.0,1.0,-202.0,-22.0
8.0,53.0,85.0,-685.0,-73.0,-171.0,-110.0,-179.0,-209.0,14.0
16.0,-23.0,84.0,-602.0,-173.0,-219.0,-318.0,-332.0,-201.0,53.0
64.0,-122.0,63.0,-417.0,143.0,-85.0,-558.0,-415.0,-198.0,96.0
127.0,-197.0,45.0,-255.0,203.0,-65.0,-572.0,-410.0,-187.0,132.0
116.0,-423.0,-36.0,-102.0,-12.0,-171.0,-348.0,-175.0,-173.0,198.0
35.0,-445.0,3.0,-34.0,52.0,-77.0,56.0,-51.0,-163.0,214.0
-25.0,-383.0,-44.0,-60.0,128.0,27.0,140.0,107.0,-156.0,223.0
-39.0,-549.0,-29.0,-72.0,117.0,56.0,-211.0,-1.0,-170.0,226.0
-28.0,-503.0,56.0,-38.0,113.0,-10.0,-397.0,-164.0,-174.0,220.0
-25.0,-275.0,9.0,-26.0,32.0,-116.0,-182.0,-186.0,-166.0,220.0
-11.0,-261.0,39.0,-45.0,45.0,-156.0,272.0,-428.0,-180.0,184.0
8.0,-29.0,71.0,-17.0,215.0,-132.0,660.0,-694.0,-194.0,179.0
0.0,411.0,34.0,0.0,101.0,-43.0,616.0,-881.0,-208.0,164.0
-59.0,385.0,53.0,-82.0,-114.0,-50.0,290.0,-556.0,-217.0,127.0
-116.0,271.0,96.0,-166.0,30.0,-122.0,-4.0,-70.0,-218.0,118.0
-132.0,327.0,73.0,-273.0,111.0,-210.0,-304.0,120.0,-219.0,122.0
-140.0,285.0,80.0,-402.0,-20.0,-136.0,-402.0,140.0,-201.0,115.0
-184.0,237.0,59.0,-457.0,-58.0,16.0,79.0,105.0,-169.0,97.0
-183.0,5.0,38.0,-430.0,5.0,-6.0,231.0,415.0,-122.0,101.0
-145.0,-373.0,78.0,-321.0,76.0,26.0,-420.0,569.0,-62.0,108.0
-176.0,-460.0,80.0,-181.0,55.0,-20.0,-561.0,378.0,-12.0,91.0
-204.0,-470.0,45.0,-72.0,-41.0,-214.0,-327.0,-81.0,21.0,78.0
-181.0,-515.0,8.0,-24.0,-69.0,-296.0,-8.0,-478.0,60.0,61.0
-110.0,-164.0,-25.0,24.0,64.0,-212.0,611.0,-511.0,121.0,33.0
-90.0,8.0,-58.0,89.0,70.0,10.0,658.0,-535.0,184.0,-13.0
-141.0,-59.0,-58.0,156.0,-83.0,70.0,239.0,-310.0,214.0,-69.0
-187.0,283.0,-53.0,205.0,41.0,52.0,-221.0,-227.0,223.0,-124.0
-181.0,346.0,-88.0,286.0,160.0,157.0,-347.0,-118.0,249.0,-201.0
-157.0,109.0,-135.0,341.0,84.0,226.0,-81.0,308.0,259.0,-263.0
-168.0,178.0,-180.0,276.0,40.0,265.0,15.0,611.0,254.0,-308.0
-174.0,318.0,-201.0,221.0,-29.0,124.0,-163.0,752.0,235.0,-325.0
-159.0,242.0,-211.0,159.0,76.0,-27.0,-487.0,533.0,208.0,-306.0
-94.0,104.0,-241.0,95.0,141.0,-4.0,-843.0,310.0,208.0,-279.0
-93.0,257.0,-239.0,49.0,-46.0,14.0,-869.0,81.0,209.0,-212.0
-181.0,276.0,-267.0,-19.0,-21.0,36.0,99.0,-18.0,180.0,-126.0
-287.0,108.0,-271.0,-108.0,98.0,50.0,654.0,81.0,135.0,-31.0
-317.0,-13.0,-273.0,-137.0,52.0,99.0,208.0,-83.0,103.0,58.0
-297.0,-281.0,-305.0,-107.0,-17.0,95.0,-105.0,-208.0,69.0,151.0
-306.0,-327.0,-293.0,-29.0,-14.0,-95.0,-514.0,-447.0,40.0,260.0
-286.0,-231.0,-284.0,124.0,43.0,-231.0,-584.0,-434.0,12.0,331.0
-292.0,-239.0,-278.0,214.0,99.0,-231.0,-253.0,-125.0,9.0,368.0
-283.0,-280.0,-276.0,221.0,51.0,-321.0,-139.0,-120.0,22.0,376.0
-291.0,-66.0,-240.0,138.0,-76.0,-327.0,-451.0,-77.0,14.0,357.0
-298.0,108.0,-197.0,38.0,-4.0,-254.0,-638.0,11.0,25.0,307.0
-275.0,-31.0,-172.0,32.0,102.0,-207.0,-191.0,362.0,54.0,227.0
-237.0,66.0,-137.0,101.0,-4.0,-29.0,81.0,674.0,74.0,139.0
-148.0,259.0,-127.0,176.0,-104.0,22.0,99.0,620.0,67.0,35.0
-121.0,310.0,-117.0,165.0,-26.0,-125.0,-84.0,426.0,62.0,-55.0
-152.0,147.0,-95.0,89.0,76.0,-271.0,-456.0,88.0,53.0,-123.0
-189.0,175.0,-75.0,-20.0,-42.0,-162.0,-287.0,51.0,22.0,-186.0
-141.0,335.0,-65.0,-128.0,-142.0,70.0,-8.0,-1.0,-33.0,-253.0
-56.0,362.0,-39.0,-259.0,-37.0,105.0,9.0,-109.0,-121.0,-319.0
-37.0,322.0,16.0,-392.0,24.0,83.0,-30.0,-206.0,-201.0,-372.0
-47.0,54.0,6.0,-373.0,9.0,17.0,12.0,-362.0,-262.0,-432.0
-5.0,-55.0,-8.0,-171.0,-74.0,91.0,532.0,-182.0,-307.0,-487.0
69.0,-29.0,-18.0,59.0,-59.0,206.0,336.0,49.0,-363.0,-509.0
104.0,-103.0,-47.0,176.0,126.0,113.0,-416.0,301.0,-407.0,-508.0
113.0,-248.0,-50.0,169.0,72.0,11.0,-54.0,291.0,-442.0,-490.0
133.0,-181.0,-99.0,146.0,-21.0,-99.0,543.0,177.0,-445.0,-463.0
210.0,-85.0,-109.0,172.0,32.0,-110.0,274.0,153.0,-421.0,-398.0
258.0,-61.0,-130.0,140.0,106.0,-1.0,-182.0,175.0,-397.0,-319.0
269.0,215.0,-132.0,93.0,164.0,124.0,-431.0,513.0,-322.0,-264.0
240.0,413.0,-89.0,59.0,-13.0,186.0,-966.0,473.0,-232.0,-192.0
236.0,287.0,-121.0,45.0,-54.0,137.0,-1057.0,267.0,-140.0,-112.0
292.0,312.0,-63.0,86.0,142.0,101.0,-766.0,79.0,-25.0,-53.0
305.0,470.0,-39.0,90.0,139.0,75.0,-429.0,-121.0,54.0,3.0
320.0,403.0,-33.0,60.0,54.0,37.0,151.0,-31.0,118.0,49.0
319.0,567.0,3.0,-16.0,71.0,-30.0,-129.0,73.0,173.0,87.0
328.0,679.0,-25.0,-100.0,100.0,-59.0,-470.0,240.0,200.0,124.0
310.0,464.0,-12.0,-216.0,201.0,-72.0,99.0,114.0,229.0,170.0
245.0,270.0,-38.0,-327.0,155.0,-27.0,733.0,-64.0,221.0,220.0
177.0,171.0,-9.0,-328.0,-81.0,150.0,1045.0,-51.0,197.0,210.0
125.0,-54.0,35.0,-285.0,11.0,317.0,531.0,-40.0,163.0,189.0
130.0,-388.0,33.0,-155.0,82.0,406.0,-480.0,53.0,110.0,185.0
125.0,-426.0,71.0,52.0,-23.0,277.0,-481.0,-31.0,74.0,153.0
62.0,-394.0,87.0,225.0,-69.0,73.0,63.0,-9.0,4.0,139.0
-34.0,-508.0,128.0,273.0,-139.0,81.0,-154.0,0.0,-52.0,108.0
-61.0,-341.0,141.0,157.0,-32.0,135.0,-347.0,22.0,-84.0,68.0
-53.0,-57.0,190.0,-9.0,-1.0,67.0,217.0,168.0,-108.0,65.0
-57.0,-9.0,232.0,-136.0,-117.0,6.0,513.0,175.0,-100.0,52.0
-38.0,100.0,209.0,-156.0,-94.0,169.0,219.0,393.0,-96.0,62.0
-5.0,-93.0,235.0,-48.0,10.0,335.0,-34.0,491.0,-82.0,109.0
-7.0,-79.0,200.0,34.0,46.0,273.0,273.0,436.0,-73.0,137.0
-28.0,207.0,176.0,55.0,1.0,204.0,843.0,223.0,-56.0,182.0
-35.0,166.0,193.0,-10.0,-26.0,124.0,248.0,-83.0,-28.0,269.0
-90.0,345.0,124.0,-149.0,50.0,143.0,-472.0,-1.0,-16.0,350.0
-153.0,459.0,116.0,-264.0,141.0,233.0,-380.0,55.0,-5.0,422.0
-176.0,548.0,137.0,-350.0,66.0,166.0,-397.0,46.0,24.0,492.0
-132.0,378.0,57.0,-349.0,-1.0,97.0,-384.0,-127.0,60.0,546.0
-122.0,143.0,26.0,-307.0,37.0,82.0,-431.0,-328.0,74.0,557.0
-154.0,117.0,-5.0,-242.0,97.0,96.0,-461.0,-358.0,101.0,537.0
-165.0,-151.0,-69.0,-164.0,16.0,139.0,-312.0,-367.0,124.0,498.0
-222.0,-124.0,-96.0,-91.0,-83.0,242.0,-119.0,-138.0,153.0,416.0
-277.0,-239.0,-145.0,-85.0,-4.0,258.0,-37.0,-16.0,178.0,315.0
-280.0,-273.0,-149.0,-152.0,22.0,218.0,-165.0,136.0,159.0,217.0
-214.0,-24.0,-138.0,-229.0,-43.0,189.0,-344.0,339.0,149.0,121.0
-177.0,-23.0,-159.0,-401.0,-69.0,140.0,-223.0,550.0,131.0,27.0
-221.0,23.0,-170.0,-463.0,-21.0,105.0,39.0,907.0,100.0,-63.0
-227.0,-91.0,-207.0,-342.0,25.0,20.0,-78.0,803.0,60.0,-105.0
-168.0,-107.0,-263.0,-168.0,25.0,160.0,-304.0,498.0,13.0,-104.0
-109.0,-124.0,-248.0,0.0,-73.0,302.0,-190.0,147.0,-15.0,-114.0
-65.0,-184.0,-278.0,50.0,-8.0,273.0,428.0,-49.0,-55.0,-96.0
0.0,-7.0,-288.0,30.0,174.0,98.0,984.0,27.0,-79.0,-64.0
46.0,-101.0,-205.0,-56.0,55.0,-186.0,1061.0,-66.0,-82.0,-38.0
51.0,-283.0,-202.0,-145.0,5.0,-86.0,828.0,-138.0,-80.0,-22.0
58.0,-339.0,-184.0,-148.0,79.0,47.0,724.0,-293.0,-64.0,-7.0
80.0,-391.0,-136.0,-103.0,78.0,-13.0,1061.0,-266.0,-52.0,29.0
79.0,-436.0,-105.0,-23.0,86.0,-158.0,1301.0,-60.0,-60.0,28.0
57.0,-495.0,-89.0,75.0,45.0,-318.0,934.0,160.0,-46.0,8.0
76.0,-450.0,-83.0,110.0,-9.0,-258.0,219.0,367.0,-10.0,15.0
132.0,-362.0,-67.0,64.0,12.0,-164.0,-141.0,256.0,-14.0,-1.0
127.0,-331.0,-63.0,-74.0,30.0,-71.0,-138.0,373.0,-16.0,-66.0
51.0,-213.0,-25.0,-272.0,-52.0,-45.0,130.0,406.0,-3.0,-127.0
-8.0,-101.0,-7.0,-396.0,-20.0,-127.0,241.0,153.0,12.0,-186.0
-6.0,-8.0,-5.0,-459.0,18.0,-158.0,-230.0,-59.0,29.0,-246.0
10.0,186.0,-6.0,-420.0,-12.0,-93.0,-535.0,-245.0,10.0,-314.0
0.0,167.0,-49.0,-314.0,-42.0,-100.0,-434.0,-192.0,6.0,-379.0
-10.0,91.0,-74.0,-266.0,-117.0,-252.0,-409.0,-203.0,-4.0,-400.0
-6.0,247.0,-92.0,-224.0,-58.0,-308.0,-485.0,-140.0,-35.0,-427.0
6.0,288.0,-104.0,-176.0,-39.0,-327.0,-431.0,-55.0,-44.0,-443.0
25.0,178.0,-92.0,-226.0,-113.0,-290.0,-229.0,-42.0,-60.0,-449.0
42.0,71.0,-110.0,-321.0,-168.0,-220.0,-230.0,24.0,-76.0,-457.0
56.0,-8.0,-127.0,-369.0,-145.0,-74.0,-395.0,0.0,-76.0,-448.0
58.0,-6.0,-118.0,-402.0,-20.0,83.0,-261.0,188.0,-60.0,-437.0
68.0,-39.0,-104.0,-355.0,-84.0,-114.0,-304.0,238.0,-44.0,-404.0
104.0,-20.0,-59.0,-229.0,-158.0,-270.0,-222.0,136.0,-30.0,-371.0
119.0,25.0,-35.0,-100.0,-42.0,-301.0,590.0,73.0,0.0,-349.0
75.0,50.0,-19.0,26.0,30.0,-368.0,1100.0,11.0,16.0,-298.0
26.0,145.0,13.0,122.0,-5.0,-373.0,668.0,105.0,24.0,-250.0
9.0,125.0,29.0,176.0,-40.0,-385.0,-21.0,121.0,45.0,-232.0
11.0,204.0,58.0,148.0,41.0,-366.0,-163.0,286.0,66.0,-200.0
11.0,260.0,106.0,35.0,147.0,-404.0,6.0,384.0,60.0,-171.0
1.0,34.0,136.0,-90.0,127.0,-370.0,295.0,428.0,20.0,-161.0
7.0,-9.0,154.0,-148.0,22.0,-350.0,366.0,469.0,-34.0,-160.0
27.0,-152.0,200.0,-77.0,34.0,-373.0,-67.0,267.0,-88.0,-141.0
48.0,-422.0,238.0,69.0,84.0,-300.0,-423.0,249.0,-138.0,-102.0
40.0,-196.0,262.0,179.0,-3.0,-252.0,-387.0,131.0,-204.0,-66.0
1.0,-2.0,277.0,225.0,-79.0,-154.0,68.0,-29.0,-258.0,-15.0
-26.0,-184.0,242.0,265.0,-110.0,-78.0,472.0,-195.0,-284.0,69.0
1.0,-309.0,224.0,250.0,-68.0,-89.0,699.0,-356.0,-322.0,198.0
96.0,-205.0,221.0,185.0,-16.0,-119.0,673.0,-277.0,-345.0,322.0
177.0,-185.0,216.0,126.0,-88.0,-134.0,361.0,-288.0,-368.0,452.0
200.0,-240.0,237.0,96.0,-132.0,-154.0,171.0,-125.0,-354.0,592.0
166.0,-93.0,225.0,123.0,-5.0,-108.0,207.0,-38.0,-310.0,691.0
140.0,-13.0,177.0,141.0,36.0,63.0,465.0,12.0,-282.0,764.0
146.0,131.0,133.0,141.0,-32.0,58.0,443.0,210.0,-226.0,821.0
184.0,303.0,58.0,71.0,18.0,-23.0,34.0,210.0,-160.0,830.0
173.0,268.0,0.0,-41.0,34.0,52.0,-581.0,299.0,-100.0,795.0
143.0,428.0,-21.0,-93.0,99.0,35.0,-867.0,282.0,-49.0,740.0
136.0,528.0,-58.0,-97.0,84.0,53.0,-564.0,212.0,-9.0,679.0
99.0,520.0,-81.0,-24.0,19.0,102.0,-236.0,-31.0,39.0,625.0
79.0,496.0,-65.0,65.0,92.0,123.0,108.0,-295.0,93.0,535.0
27.0,186.0,-87.0,173.0,102.0,196.0,202.0,-242.0,150.0,446.0
20.0,200.0,-106.0,336.0,28.0,133.0,-118.0,-362.0,181.0,405.0
-12.0,72.0,-121.0,433.0,-75.0,27.0,-540.0,-327.0,204.0,360.0
-34.0,-288.0,-167.0,442.0,-66.0,-194.0,-488.0,-284.0,242.0,335.0
-18.0,-325.0,-158.0,348.0,-20.0,-299.0,-6.0,-133.0,276.0,339.0
-55.0,-446.0,-150.0,166.0,-58.0,-165.0,63.0,197.0,288.0,337.0
-22.0,-516.0,-124.0,29.0,-162.0,-133.0,-188.0,199.0,301.0,333.0
-25.0,-765.0,-92.0,-29.0,-163.0,-148.0,-317.0,190.0,317.0,330.0
-12.0,-855.0,-102.0,-55.0,-80.0,-187.0,-238.0,120.0,324.0,323.0
0.0,-780.0,-97.0,-4.0,-121.0,-164.0,-62.0,236.0,343.0,314.0
0.0,-823.0,-70.0,65.0,-212.0,-45.0,286.0,288.0,348.0,295.0
26.0,-606.0,-48.0,62.0,-146.0,41.0,662.0,-31.0,354.0,254.0
9.0,-548.0,-35.0,69.0,18.0,-41.0,760.0,-343.0,356.0,216.0
-1.0,-535.0,7.0,30.0,17.0,-209.0,701.0,-604.0,344.0,157.0
-43.0,-416.0,-2.0,-24.0,-60.0,-208.0,644.0,-578.0,325.0,61.0
-64.0,-263.0,-20.0,-65.0,-29.0,-169.0,596.0,-554.0,283.0,-59.0
-44.0,-79.0,-24.0,-158.0,103.0,-153.0,414.0,-399.0,266.0,-193.0
-21.0,0.0,-40.0,-237.0,104.0,-74.0,159.0,-147.0,227.0,-312.0
3.0,48.0,-30.0,-339.0,22.0,-68.0,-84.0,-38.0,162.0,-456.0
57.0,164.0,-39.0,-388.0,-26.0,16.0,-272.0,266.0,120.0,-571.0
68.0,344.0,-43.0,-336.0,65.0,131.0,-308.0,452.0,74.0,-631.0
51.0,493.0,-66.0,-316.0,174.0,31.0,-180.0,639.0,28.0,-682.0
43.0,592.0,-80.0,-337.0,34.0,-89.0,44.0,565.0,-35.0,-657.0
29.0,576.0,-96.0,-384.0,-22.0,-250.0,268.0,157.0,-103.0,-591.0
40.0,578.0,-83.0,-475.0,24.0,-396.0,244.0,-94.0,-182.0,-484.0
22.0,552.0,-66.0,-467.0,67.0,-492.0,17.0,-203.0,-265.0,-334.0
37.0,377.0,-66.0,-369.0,21.0,-491.0,69.0,-14.0,-317.0,-157.0
59.0,348.0,-32.0,-179.0,-104.0,-293.0,359.0,42.0,-380.0,44.0
94.0,253.0,-54.0,48.0,-29.0,-267.0,517.0,123.0,-432.0,201.0
116.0,69.0,-38.0,103.0,117.0,-371.0,339.0,173.0,-445.0,347.0
102.0,17.0,-32.0,35.0,37.0,-362.0,51.0,3.0,-442.0,453.0
76.0,-153.0,-38.0,-141.0,-136.0,-184.0,49.0,81.0,-430.0,506.0
26.0,-203.0,9.0,-313.0,-65.0,-71.0,219.0,121.0,-401.0,529.0
12.0,-147.0,-2.0,-319.0,63.0,-190.0,480.0,229.0,-365.0,487.0
-1.0,-176.0,27.0,-200.0,54.0,-177.0,774.0,273.0,-304.0,420.0
21.0,-273.0,57.0,-69.0,-23.0,-166.0,676.0,295.0,-229.0,338.0
34.0,-228.0,72.0,23.0,-12.0,-203.0,54.0,258.0,-190.0,252.0
18.0,55.0,86.0,27.0,138.0,-133.0,-645.0,22.0,-118.0,185.0
18.0,55.0,73.0,-30.0,112.0,-108.0,-736.0,136.0,-70.0,129.0
0.0,89.0,76.0,-56.0,5.0,-85.0,-224.0,190.0,-47.0,94.0
-10.0,294.0,56.0,-41.0,35.0,-183.0,-8.0,112.0,-7.0,74.0
-33.0,353.0,63.0,20.0,52.0,-252.0,-401.0,-22.0,-31.0,80.0
-34.0,302.0,58.0,49.0,-5.0,-181.0,-790.0,-57.0,-29.0,94.0
-16.0,49.0,52.0,138.0,-63.0,-192.0,-694.0,125.0,-35.0,129.0
-11.0,-189.0,60.0,214.0,-59.0,-198.0,-242.0,68.0,-79.0,181.0
-9.0,-194.0,63.0,232.0,-8.0,-156.0,282.0,60.0,-100.0,211.0
2.0,-141.0,71.0,279.0,18.0,-181.0,623.0,-86.0,-147.0,249.0
46.0,-259.0,58.0,319.0,-61.0,-292.0,509.0,-181.0,-174.0,279.0
123.0,-460.0,61.0,377.0,-164.0,-302.0,31.0,-149.0,-215.0,291.0
189.0,-308.0,71.0,380.0,-103.0,-183.0,-280.0,-380.0,-265.0,284.0
202.0,-66.0,84.0,344.0,-4.0,-45.0,-179.0,-352.0,-291.0,242.0
211.0,-202.0,96.0,280.0,-75.0,-42.0,-109.0,-192.0,-324.0,185.0
205.0,-158.0,104.0,314.0,-77.0,-132.0,-99.0,-31.0,-337.0,116.0
186.0,-18.0,124.0,366.0,59.0,-53.0,-80.0,-36.0,-358.0,49.0
202.0,-45.0,153.0,351.0,71.0,-32.0,-375.0,-121.0,-354.0,-10.0
229.0,-172.0,130.0,342.0,-30.0,-98.0,-644.0,9.0,-326.0,-62.0
233.0,-375.0,129.0,297.0,-49.0,-70.0,-314.0,42.0,-286.0,-84.0
197.0,-448.0,143.0,273.0,-43.0,-10.0,381.0,84.0,-234.0,-67.0
170.0,-483.0,85.0,229.0,-17.0,-13.0,714.0,-5.0,-215.0,-38.0
143.0,-408.0,95.0,194.0,45.0,-88.0,507.0,22.0,-159.0,-2.0
121.0,-277.0,85.0,75.0,-88.0,-35.0,186.0,101.0,-83.0,52.0
121.0,-88.0,20.0,-35.0,-57.0,-17.0,-78.0,-25.0,-32.0,112.0
125.0,44.0,22.0,-68.0,121.0,-100.0,-102.0,-11.0,19.0,169.0
155.0,176.0,33.0,-132.0,61.0,-123.0,249.0,-51.0,52.0,216.0
191.0,374.0,8.0,-152.0,4.0,-145.0,363.0,60.0,81.0,243.0
202.0,365.0,12.0,-165.0,-12.0,-120.0,-48.0,59.0,121.0,259.0
189.0,361.0,20.0,-104.0,-4.0,-123.0,-430.0,-116.0,136.0,270.0
172.0,432.0,-28.0,-55.0,39.0,-228.0,-495.0,-157.0,147.0,276.0
155.0,335.0,-6.0,-76.0,32.0,-327.0,-388.0,-223.0,168.0,272.0
158.0,193.0,-13.0,-170.0,-103.0,-277.0,-134.0,-88.0,147.0,256.0
176.0,213.0,-31.0,-260.0,-64.0,-150.0,152.0,-12.0,143.0,242.0
213.0,118.0,5.0,-149.0,92.0,-81.0,120.0,42.0,145.0,233.0
248.0,20.0,-57.0,-27.0,-73.0,-62.0,-314.0,-40.0,106.0,212.0
255.0,22.0,-79.0,69.0,-90.0,-109.0,-716.0,-291.0,80.0,175.0
251.0,35.0,-80.0,133.0,22.0,-75.0,-601.0,-388.0,42.0,139.0
245.0,-41.0,-138.0,126.0,8.0,1.0,-226.0,-493.0,0.0,104.0
259.0,-215.0,-161.0,133.0,82.0,63.0,-60.0,-417.0,-25.0,83.0
256.0,2.0,-155.0,199.0,102.0,107.0,-183.0,-388.0,-59.0,67.0
239.0,66.0,-144.0,325.0,101.0,60.0,-473.0,-347.0,-93.0,71.0
210.0,-133.0,-137.0,332.0,129.0,7.0,-483.0,-356.0,-117.0,86.0
179.0,29.0,-145.0,266.0,113.0,-30.0,-41.0,-478.0,-137.0,96.0
147.0,205.0,-162.0,155.0,46.0,-78.0,631.0,-308.0,-151.0,124.0
89.0,221.0,-144.0,62.0,52.0,-73.0,1159.0,-247.0,-161.0,160.0
36.0,214.0,-165.0,91.0,106.0,102.0,1022.0,-247.0,-161.0,185.0
-6.0,319.0,-212.0,166.0,41.0,223.0,341.0,-330.0,-168.0,199.0
-44.0,289.0,-186.0,276.0,25.0,173.0,-186.0,-441.0,-171.0,222.0
-58.0,188.0,-220.0,336.0,40.0,147.0,-87.0,-406.0,-170.0,260.0
-79.0,217.0,-228.0,365.0,-49.0,244.0,254.0,-367.0,-164.0,283.0
-123.0,87.0,-178.0,336.0,-83.0,273.0,79.0,-138.0,-115.0,265.0
-168.0,48.0,-203.0,297.0,-87.0,102.0,-604.0,-97.0,-66.0,240.0
-209.0,-140.0,-161.0,288.0,-115.0,-80.0,-1132.0,-75.0,-15.0,206.0
-189.0,-377.0,-124.0,183.0,-36.0,-219.0,-959.0,42.0,62.0,137.0
-186.0,-580.0,-119.0,11.0,27.0,-206.0,-190.0,36.0,112.0,57.0
-205.0,-696.0,-86.0,-157.0,26.0,-173.0,428.0,151.0,165.0,-14.0
-215.0,-610.0,-78.0,-283.0,41.0,-135.0,164.0,92.0,204.0,-78.0
-238.0,-702.0,-84.0,-384.0,77.0,-133.0,-544.0,-22.0,229.0,-164.0
-255.0,-516.0,-42.0,-438.0,86.0,-210.0,-732.0,-110.0,271.0,-220.0
-274.0,-252.0,2.0,-488.0,15.0,-206.0,-472.0,-105.0,273.0,-242.0
-249.0,13.0,6.0,-501.0,-35.0,-219.0,-204.0,-144.0,268.0,-272.0
-212.0,248.0,64.0,-472.0,1.0,-92.0,36.0,-399.0,272.0,-296.0
-182.0,562.0,77.0,-408.0,62.0,-34.0,123.0,-417.0,268.0,-289.0
-170.0,785.0,92.0,-316.0,-16.0,-139.0,-102.0,-497.0,251.0,-276.0
-190.0,712.0,129.0,-276.0,-69.0,-207.0,-341.0,-410.0,223.0,-281.0
-202.0,769.0,104.0,-246.0,3.0,-196.0,-251.0,-227.0,215.0,-258.0
-183.0,509.0,125.0,-234.0,-24.0,-22.0,194.0,-279.0,189.0,-220.0
-157.0,438.0,128.0,-152.0,-51.0,169.0,636.0,-301.0,183.0,-215.0
-98.0,400.0,125.0,-83.0,-15.0,320.0,606.0,-474.0,165.0,-231.0
-44.0,190.0,186.0,-6.0,16.0,285.0,146.0,-485.0,131.0,-230.0
-10.0,120.0,212.0,53.0,99.0,133.0,-249.0,-484.0,124.0,-228.0
40.0,39.0,168.0,48.0,89.0,102.0,-29.0,-495.0,92.0,-259.0
73.0,9.0,146.0,65.0,-28.0,113.0,431.0,-388.0,67.0,-306.0
137.0,-167.0,126.0,26.0,-18.0,108.0,460.0,-349.0,49.0,-336.0
172.0,-70.0,79.0,8.0,41.0,143.0,77.0,-266.0,22.0,-377.0
190.0,-83.0,101.0,1.0,-6.0,189.0,-498.0,-386.0,0.0,-434.0
212.0,-414.0,99.0,-5.0,-49.0,118.0,-705.0,-389.0,-15.0,-472.0
225.0,-428.0,108.0,-13.0,38.0,-104.0,-370.0,-388.0,-19.0,-497.0
237.0,-247.0,121.0,-76.0,70.0,-214.0,98.0,-556.0,-32.0,-511.0
228.0,-153.0,100.0,-138.0,118.0,-87.0,353.0,-587.0,-47.0,-514.0
246.0,-91.0,131.0,-137.0,186.0,-84.0,197.0,-624.0,-65.0,-500.0
260.0,22.0,112.0,-80.0,57.0,-279.0,-137.0,-399.0,-67.0,-483.0
252.0,85.0,79.0,-27.0,108.0,-419.0,-388.0,-157.0,-78.0,-471.0
229.0,190.0,70.0,-38.0,157.0,-292.0,-395.0,40.0,-83.0,-440.0
208.0,258.0,33.0,-126.0,0.0,-111.0,-239.0,253.0,-79.0,-370.0
216.0,252.0,7.0,-224.0,33.0,-157.0,-335.0,216.0,-77.0,-285.0
211.0,323.0,30.0,-299.0,66.0,-200.0,-704.0,199.0,-43.0,-205.0
171.0,218.0,7.0,-283.0,-12.0,-110.0,-894.0,92.0,-25.0,-104.0
123.0,-18.0,-13.0,-186.0,41.0,-19.0,-637.0,29.0,-15.0,0.0
101.0,-223.0,0.0,-69.0,13.0,-125.0,-195.0,-60.0,-14.0,104.0
117.0,-500.0,-53.0,22.0,-93.0,-191.0,119.0,-157.0,-31.0,198.0
97.0,-580.0,-54.0,55.0,-16.0,-50.0,85.0,-116.0,-35.0,274.0
52.0,-625.0,-31.0,99.0,-44.0,-19.0,-180.0,-232.0,-66.0,335.0
5.0,-755.0,-72.0,122.0,-200.0,-71.0,-237.0,-212.0,-96.0,383.0
-35.0,-885.0,-58.0,93.0,-177.0,-33.0,-10.0,-291.0,-113.0,418.0
-64.0,-877.0,-60.0,88.0,-83.0,83.0,359.0,-280.0,-133.0,426.0
-80.0,-575.0,-112.0,66.0,-164.0,114.0,619.0,-177.0,-125.0,422.0
-48.0,-496.0,-37.0,22.0,-200.0,46.0,570.0,-382.0,-118.0,396.0
-40.0,-296.0,-12.0,-3.0,-156.0,90.0,241.0,-463.0,-117.0,381.0
-100.0,96.0,-16.0,-17.0,-147.0,151.0,26.0,-532.0,-108.0,361.0
-191.0,121.0,18.0,-55.0,-31.0,151.0,145.0,-469.0,-92.0,306.0
-216.0,27.0,-15.0,-160.0,-40.0,196.0,266.0,-375.0,-82.0,263.0
-188.0,234.0,-3.0,-256.0,-45.0,263.0,319.0,-208.0,-68.0,202.0
-172.0,241.0,23.0,-211.0,55.0,216.0,292.0,-35.0,-11.0,151.0
-166.0,-70.0,40.0,-107.0,34.0,74.0,138.0,-129.0,41.0,94.0
-157.0,130.0,74.0,-62.0,-12.0,81.0,-75.0,-35.0,73.0,25.0
-173.0,47.0,152.0,7.0,34.0,169.0,-263.0,-24.0,83.0,-31.0
-212.0,-151.0,147.0,-38.0,71.0,120.0,-280.0,18.0,104.0,-110.0
-232.0,104.0,172.0,-124.0,-10.0,106.0,-121.0,1.0,134.0,-160.0
-222.0,84.0,226.0,-112.0,-16.0,181.0,-121.0,-151.0,122.0,-202.0
-179.0,-70.0,189.0,-87.0,-53.0,112.0,-486.0,-160.0,132.0,-249.0
-162.0,-365.0,267.0,9.0,-77.0,-66.0,-869.0,-402.0,124.0,-257.0
-155.0,-435.0,272.0,62.0,0.0,-124.0,-965.0,-489.0,138.0,-254.0
-162.0,-383.0,242.0,107.0,-78.0,-91.0,-712.0,-465.0,137.0,-233.0
-154.0,-429.0,257.0,161.0,-86.0,-204.0,-391.0,-347.0,91.0,-181.0
-148.0,-266.0,207.0,134.0,24.0,-345.0,-241.0,-181.0,77.0,-137.0
-161.0,-256.0,187.0,128.0,-3.0,-244.0,-249.0,-267.0,27.0,-95.0
-176.0,-226.0,156.0,131.0,-61.0,14.0,-374.0,-230.0,17.0,-62.0
-199.0,-74.0,102.0,67.0,1.0,189.0,-336.0,-267.0,-26.0,-40.0
-179.0,81.0,69.0,28.0,14.0,106.0,-34.0,-238.0,-82.0,-19.0
-182.0,210.0,52.0,-41.0,-114.0,-75.0,359.0,-225.0,-95.0,-22.0
-185.0,300.0,31.0,-73.0,-80.0,-82.0,490.0,-249.0,-129.0,-36.0
-201.0,339.0,35.0,-6.0,-58.0,-43.0,164.0,-88.0,-108.0,-73.0
-215.0,292.0,29.0,-68.0,-149.0,-87.0,-271.0,-118.0,-121.0,-104.0
-232.0,229.0,-2.0,-51.0,21.0,-99.0,-500.0,-92.0,-144.0,-126.0
-258.0,198.0,-6.0,-51.0,54.0,-10.0,-498.0,-229.0,-141.0,-169.0
-289.0,253.0,-7.0,-120.0,-35.0,35.0,-438.0,-264.0,-141.0,-198.0
-327.0,203.0,-6.0,-60.0,84.0,-54.0,-448.0,-96.0,-111.0,-225.0
-300.0,138.0,-16.0,-23.0,82.0,-71.0,-438.0,-266.0,-92.0,-252.0
-281.0,102.0,-32.0,63.0,3.0,-39.0,-415.0,-321.0,-71.0,-277.0
-251.0,86.0,-2.0,86.0,7.0,54.0,-362.0,-363.0,-48.0,-283.0
-259.0,11.0,0.0,30.0,-49.0,166.0,-32.0,-393.0,0.0,-305.0
-274.0,-98.0,16.0,35.0,-82.0,117.0,462.0,-378.0,49.0,-360.0
-275.0,-76.0,61.0,-3.0,28.0,74.0,683.0,-267.0,77.0,-396.0
-297.0,-176.0,39.0,-107.0,-82.0,29.0,520.0,-38.0,97.0,-428.0
-298.0,-153.0,36.0,-162.0,-158.0,51.0,113.0,11.0,92.0,-463.0
-290.0,-24.0,20.0,-134.0,9.0,-33.0,-163.0,125.0,80.0,-491.0
-231.0,105.0,-5.0,-121.0,13.0,-202.0,32.0,-66.0,66.0,-501.0
-190.0,255.0,3.0,-82.0,-47.0,-166.0,268.0,-295.0,30.0,-484.0
-168.0,156.0,-7.0,-45.0,-60.0,-92.0,118.0,-299.0,-18.0,-451.0
-182.0,159.0,-15.0,-58.0,12.0,-33.0,-69.0,-336.0,-68.0,-402.0
-213.0,182.0,-6.0,-94.0,66.0,-100.0,-90.0,-212.0,-127.0,-339.0
-216.0,48.0,0.0,-128.0,133.0,-147.0,-132.0,-181.0,-174.0,-261.0
-232.0,-4.0,-11.0,-85.0,90.0,-25.0,-325.0,-116.0,-213.0,-181.0
-225.0,-143.0,6.0,-77.0,49.0,140.0,-356.0,-75.0,-242.0,-110.0
-222.0,-185.0,15.0,-76.0,146.0,123.0,-207.0,35.0,-279.0,-33.0
-218.0,-168.0,22.0,-97.0,20.0,-61.0,-327.0,179.0,-297.0,19.0
-210.0,-222.0,37.0,-125.0,-30.0,-106.0,-490.0,38.0,-287.0,20.0
-197.0,-96.0,59.0,-10.0,-30.0,-105.0,-509.0,-55.0,-291.0,9.0
-171.0,31.0,62.0,131.0,16.0,-50.0,-564.0,-221.0,-273.0,-19.0
-160.0,155.0,29.0,200.0,75.0,12.0,-710.0,-334.0,-281.0,-82.0
-179.0,143.0,69.0,189.0,17.0,108.0,-572.0,-312.0,-271.0,-140.0
-215.0,90.0,39.0,144.0,40.0,252.0,-138.0,-194.0,-225.0,-192.0
-221.0,86.0,3.0,29.0,18.0,176.0,78.0,31.0,-219.0,-226.0
-200.0,78.0,22.0,-78.0,73.0,-12.0,149.0,81.0,-184.0,-239.0
-176.0,118.0,13.0,-152.0,-1.0,-108.0,79.0,234.0,-137.0,-235.0
-170.0,-192.0,12.0,-216.0,-90.0,-37.0,-84.0,279.0,-100.0,-191.0
-168.0,-255.0,-29.0,-204.0,46.0,14.0,-237.0,288.0,-58.0,-156.0
-131.0,-10.0,-45.0,-145.0,90.0,-3.0,-322.0,489.0,-47.0,-109.0
-81.0,-184.0,-89.0,-72.0,84.0,13.0,-171.0,487.0,-32.0,-52.0
-33.0,-386.0,-130.0,-14.0,70.0,89.0,208.0,460.0,-11.0,-27.0
-6.0,-203.0,-164.0,114.0,56.0,241.0,489.0,273.0,-18.0,0.0
19.0,-66.0,-170.0,205.0,29.0,201.0,250.0,68.0,-10.0,-17.0
38.0,-202.0,-118.0,206.0,-56.0,37.0,-253.0,-88.0,29.0,-44.0
43.0,-119.0,-146.0,136.0,-99.0,-33.0,-645.0,-260.0,67.0,-55.0
90.0,131.0,-111.0,72.0,-123.0,-19.0,-447.0,-339.0,100.0,-118.0
123.0,193.0,-82.0,44.0,-133.0,75.0,165.0,-487.0,136.0,-170.0
100.0,196.0,-66.0,5.0,-122.0,88.0,531.0,-347.0,169.0,-206.0
56.0,215.0,-31.0,38.0,-201.0,129.0,289.0,-275.0,218.0,-254.0
37.0,87.0,0.0,27.0,-122.0,198.0,-841.0,-221.0,264.0,-293.0
24.0,169.0,66.0,6.0,-52.0,125.0,-1754.0,-25.0,279.0,-326.0
-4.0,305.0,87.0,-55.0,-147.0,15.0,-1366.0,31.0,287.0,-353.0
-41.0,75.0,121.0,-138.0,-148.0,-83.0,-353.0,203.0,271.0,-397.0
-79.0,-38.0,100.0,-190.0,-172.0,-37.0,152.0,212.0,231.0,-429.0
-87.0,14.0,101.0,-250.0,-99.0,73.0,66.0,201.0,184.0,-443.0
-98.0,-33.0,94.0,-245.0,-23.0,-12.0,-108.0,205.0,143.0,-480.0
-101.0,-178.0,42.0,-192.0,-81.0,-101.0,-446.0,315.0,107.0,-515.0
-117.0,-151.0,81.0,-145.0,-41.0,54.0,-875.0,474.0,63.0,-531.0
-144.0,112.0,76.0,-75.0,68.0,333.0,-658.0,380.0,28.0,-550.0
-157.0,144.0,80.0,62.0,52.0,419.0,114.0,436.0,-27.0,-555.0
-150.0,61.0,110.0,117.0,69.0,306.0,605.0,240.0,-68.0,-537.0
-127.0,306.0,72.0,170.0,99.0,265.0,403.0,-16.0,-99.0,-516.0
-117.0,359.0,20.0,228.0,28.0,292.0,-377.0,-105.0,-137.0,-472.0
-112.0,123.0,0.0,197.0,63.0,277.0,-669.0,-188.0,-138.0,-419.0
-108.0,141.0,-44.0,193.0,73.0,353.0,-163.0,-44.0,-152.0,-359.0
-89.0,179.0,-108.0,216.0,16.0,445.0,483.0,35.0,-134.0,-258.0
-88.0,117.0,-117.0,217.0,-1.0,444.0,941.0,230.0,-111.0,-153.0
-81.0,135.0,-158.0,159.0,70.0,368.0,805.0,282.0,-95.0,-62.0
-84.0,123.0,-205.0,121.0,21.0,295.0,34.0,162.0,-47.0,30.0
-74.0,14.0,-161.0,114.0,-48.0,397.0,-520.0,97.0,-57.0,113.0
-27.0,66.0,-161.0,27.0,85.0,445.0,-85.0,-7.0,-47.0,172.0
15.0,51.0,-170.0,-46.0,68.0,475.0,357.0,240.0,-31.0,177.0
36.0,-201.0,-120.0,-55.0,11.0,532.0,-29.0,373.0,-13.0,155.0
12.0,-154.0,-132.0,-117.0,15.0,396.0,-444.0,485.0,30.0,117.0
8.0,-2.0,-94.0,-173.0,-38.0,220.0,-544.0,558.0,54.0,35.0
-24.0,-144.0,-50.0,-106.0,-23.0,149.0,-649.0,413.0,100.0,-37.0
-6.0,-141.0,-37.0,6.0,51.0,217.0,-589.0,338.0,152.0,-97.0
33.0,84.0,26.0,22.0,24.0,299.0,-383.0,59.0,199.0,-160.0
50.0,182.0,25.0,13.0,18.0,384.0,-286.0,-3.0,247.0,-225.0
87.0,322.0,24.0,-2.0,134.0,429.0,-370.0,-90.0,292.0,-272.0
83.0,403.0,73.0,-71.0,53.0,279.0,-723.0,-203.0,317.0,-286.0
106.0,451.0,95.0,-112.0,-44.0,94.0,-900.0,-123.0,361.0,-322.0
85.0,603.0,119.0,-173.0,62.0,72.0,-543.0,-127.0,407.0,-353.0
83.0,520.0,124.0,-187.0,39.0,236.0,-66.0,29.0,418.0,-356.0
115.0,385.0,102.0,-123.0,16.0,325.0,-83.0,107.0,438.0,-347.0
159.0,165.0,135.0,-70.0,45.0,236.0,-462.0,256.0,397.0,-326.0
215.0,-72.0,132.0,-22.0,-35.0,160.0,-512.0,380.0,362.0,-299.0
207.0,-73.0,116.0,9.0,7.0,164.0,71.0,412.0,333.0,-257.0
246.0,-278.0,165.0,-53.0,37.0,203.0,832.0,491.0,247.0,-220.0
263.0,-466.0,99.0,-153.0,-1.0,164.0,872.0,412.0,202.0,-191.0
230.0,-316.0,36.0,-219.0,40.0,64.0,121.0,447.0,161.0,-152.0
165.0,-247.0,27.0,-273.0,25.0,44.0,-479.0,375.0,107.0,-109.0
89.0,-368.0,-89.0,-196.0,-47.0,71.0,-308.0,258.0,88.0,-76.0
69.0,-254.0,-143.0,-50.0,-25.0,122.0,263.0,88.0,50.0,-48.0
76.0,22.0,-145.0,31.0,9.0,156.0,655.0,-192.0,-6.0,-13.0
103.0,-27.0,-201.0,16.0,0.0,134.0,755.0,-253.0,-40.0,27.0
118.0,-47.0,-206.0,5.0,15.0,142.0,694.0,-262.0,-88.0,44.0
130.0,71.0,-209.0,8.0,-21.0,118.0,318.0,-120.0,-137.0,56.0
128.0,195.0,-223.0,-7.0,-46.0,72.0,-14.0,-68.0,-168.0,76.0
83.0,362.0,-206.0,43.0,-40.0,27.0,258.0,-18.0,-186.0,82.0
36.0,146.0,-247.0,47.0,17.0,-52.0,842.0,157.0,-185.0,82.0
10.0,-93.0,-246.0,51.0,-23.0,-69.0,914.0,203.0,-183.0,76.0
-23.0,-139.0,-222.0,123.0,-101.0,-6.0,68.0,328.0,-171.0,85.0
-50.0,-248.0,-248.0,239.0,11.0,59.0,-557.0,304.0,-167.0,74.0
-26.0,-274.0,-232.0,274.0,11.0,98.0,-388.0,273.0,-160.0,55.0
16.0,-221.0,-220.0,217.0,-41.0,80.0,-56.0,136.0,-140.0,58.0
57.0,-207.0,-211.0,137.0,-31.0,20.0,-76.0,-131.0,-109.0,22.0
62.0,-245.0,-230.0,53.0,-29.0,94.0,-476.0,-99.0,-58.0,-27.0
36.0,-208.0,-225.0,38.0,27.0,177.0,-580.0,-70.0,-32.0,-68.0
25.0,-203.0,-220.0,44.0,5.0,118.0,-191.0,97.0,-15.0,-116.0
14.0,-98.0,-229.0,55.0,-87.0,24.0,272.0,184.0,14.0,-172.0
3.0,-75.0,-206.0,30.0,-55.0,-59.0,274.0,210.0,20.0,-230.0
0.0,-133.0,-232.0,-49.0,-34.0,27.0,-213.0,345.0,0.0,-271.0
0.0,-35.0,-248.0,-121.0,-77.0,131.0,-484.0,223.0,-13.0,-291.0
24.0,-97.0,-245.0,-27.0,-33.0,171.0,-190.0,230.0,-34.0,-316.0
27.0,-75.0,-258.0,92.0,-19.0,227.0,155.0,206.0,-61.0,-349.0
10.0,159.0,-261.0,181.0,-26.0,202.0,342.0,232.0,-82.0,-353.0
32.0,452.0,-217.0,206.0,37.0,235.0,475.0,280.0,-90.0,-351.0
81.0,421.0,-194.0,170.0,1.0,212.0,223.0,218.0,-95.0,-331.0
90.0,319.0,-167.0,101.0,-68.0,60.0,54.0,338.0,-99.0,-296.0
53.0,428.0,-97.0,-4.0,-21.0,-27.0,491.0,245.0,-74.0,-259.0
-7.0,484.0,-57.0,42.0,-2.0,-10.0,760.0,186.0,-47.0,-198.0
-37.0,486.0,-22.0,19.0,6.0,56.0,320.0,48.0,-2.0,-141.0
-35.0,242.0,13.0,-57.0,24.0,31.0,-183.0,-107.0,32.0,-58.0
-34.0,126.0,29.0,-95.0,74.0,39.0,-126.0,-46.0,84.0,31.0
-31.0,205.0,46.0,-111.0,114.0,132.0,71.0,-68.0,152.0,106.0
-47.0,249.0,108.0,-165.0,17.0,70.0,-232.0,64.0,181.0,198.0
-69.0,219.0,156.0,-193.0,-22.0,-175.0,-584.0,40.0,244.0,268.0
-120.0,198.0,154.0,-133.0,28.0,-338.0,-408.0,-7.0,258.0,306.0
-152.0,170.0,175.0,-166.0,99.0,-319.0,-85.0,-7.0,257.0,330.0
-147.0,-69.0,213.0,-152.0,82.0,-308.0,43.0,-12.0,279.0,319.0
-110.0,-198.0,175.0,-141.0,-25.0,-309.0,75.0,155.0,270.0,285.0
-70.0,-246.0,209.0,-143.0,-38.0,-245.0,344.0,216.0,308.0,223.0
-70.0,-193.0,261.0,-117.0,-10.0,-137.0,869.0,395.0,318.0,141.0
-77.0,49.0,247.0,-129.0,18.0,-11.0,1006.0,413.0,315.0,61.0
-89.0,112.0,268.0,-96.0,12.0,116.0,489.0,297.0,316.0,-21.0
-86.0,44.0,265.0,-47.0,-57.0,142.0,-48.0,184.0,289.0,-90.0
-77.0,182.0,246.0,5.0,-72.0,104.0,7.0,-5.0,291.0,-139.0
-47.0,286.0,229.0,84.0,-6.0,139.0,74.0,46.0,262.0,-172.0
-19.0,116.0,255.0,206.0,-65.0,188.0,-473.0,9.0,233.0,-178.0
-3.0,-6.0,254.0,342.0,-100.0,160.0,-506.0,46.0,202.0,-161.0
-9.0,-87.0,259.0,446.0,37.0,58.0,624.0,120.0,161.0,-149.0
0.0,-223.0,254.0,545.0,63.0,-2.0,1495.0,112.0,145.0,-144.0
42.0,-274.0,238.0,527.0,71.0,60.0,1104.0,225.0,106.0,-147.0
62.0,-354.0,264.0,335.0,66.0,155.0,52.0,341.0,54.0,-168.0
75.0,-279.0,209.0,126.0,5.0,62.0,-358.0,508.0,-21.0,-188.0
69.0,-141.0,199.0,-12.0,51.0,-27.0,71.0,415.0,-89.0,-223.0
69.0,-269.0,174.0,-107.0,52.0,57.0,204.0,384.0,-129.0,-266.0
63.0,-277.0,140.0,-117.0,-5.0,0.0,-225.0,352.0,-182.0,-301.0
54.0,-159.0,127.0,-119.0,3.0,-179.0,-697.0,155.0,-214.0,-315.0
44.0,-205.0,74.0,-232.0,-4.0,-227.0,-707.0,166.0,-225.0,-319.0
34.0,-242.0,84.0,-323.0,42.0,-74.0,-253.0,140.0,-220.0,-332.0
43.0,-91.0,58.0,-357.0,95.0,-158.0,-114.0,249.0,-204.0,-325.0
59.0,-95.0,26.0,-345.0,35.0,-421.0,-183.0,299.0,-205.0,-313.0
63.0,-127.0,-9.0,-202.0,52.0,-342.0,228.0,267.0,-190.0,-279.0
51.0,70.0,-57.0,34.0,90.0,-92.0,575.0,229.0,-180.0,-230.0
39.0,138.0,-59.0,227.0,25.0,101.0,143.0,84.0,-200.0,-172.0
15.0,258.0,-63.0,269.0,-64.0,74.0,-274.0,169.0,-189.0,-108.0
29.0,485.0,-59.0,287.0,-30.0,4.0,44.0,142.0,-160.0,-49.0
39.0,583.0,-32.0,408.0,47.0,38.0,439.0,134.0,-151.0,18.0
43.0,476.0,1.0,499.0,6.0,27.0,257.0,125.0,-125.0,85.0
39.0,534.0,-16.0,577.0,-48.0,-6.0,-193.0,70.0,-100.0,158.0
41.0,585.0,-1.0,606.0,35.0,14.0,-177.0,214.0,-80.0,210.0
68.0,154.0,18.0,497.0,82.0,85.0,327.0,227.0,-54.0,251.0
66.0,-59.0,0.0,376.0,42.0,62.0,617.0,286.0,-43.0,298.0
74.0,-29.0,-5.0,212.0,9.0,-14.0,550.0,171.0,-33.0,321.0
69.0,-133.0,-31.0,127.0,-52.0,-89.0,557.0,-3.0,-19.0,341.0
61.0,-259.0,-72.0,161.0,25.0,-82.0,641.0,-9.0,10.0,371.0
44.0,-160.0,-89.0,134.0,12.0,-87.0,603.0,-57.0,33.0,403.0
22.0,20.0,-102.0,38.0,4.0,-157.0,607.0,103.0,65.0,437.0
23.0,-12.0,-114.0,1.0,86.0,-168.0,975.0,99.0,102.0,467.0
22.0,59.0,-91.0,20.0,69.0,-248.0,1267.0,-3.0,110.0,494.0
3.0,89.0,-123.0,-13.0,121.0,-210.0,638.0,-40.0,146.0,498.0
-30.0,82.0,-128.0,34.0,48.0,-114.0,-372.0,-81.0,162.0,467.0
-62.0,67.0,-115.0,89.0,-71.0,-150.0,-753.0,-25.0,157.0,434.0
-69.0,-161.0,-144.0,32.0,1.0,-126.0,-627.0,-29.0,162.0,385.0
-79.0,-234.0,-111.0,-48.0,111.0,-97.0,-378.0,166.0,141.0,322.0
-107.0,-232.0,-59.0,-121.0,-49.0,-16.0,-357.0,288.0,132.0,242.0
-109.0,-183.0,-31.0,-131.0,-158.0,1.0,-548.0,369.0,126.0,157.0
-109.0,-114.0,-4.0,-71.0,30.0,-133.0,-205.0,467.0,109.0,96.0
-103.0,-341.0,62.0,-20.0,90.0,-174.0,638.0,424.0,111.0,13.0
-101.0,-310.0,83.0,-78.0,18.0,-210.0,902.0,485.0,96.0,-52.0
-103.0,-36.0,117.0,-152.0,-81.0,-239.0,177.0,343.0,64.0,-84.0
-93.0,-39.0,131.0,-138.0,-74.0,-258.0,-327.0,275.0,60.0,-113.0
-89.0,-170.0,90.0,-123.0,6.0,-301.0,169.0,284.0,46.0,-131.0
-59.0,-190.0,101.0,-168.0,-57.0,-156.0,753.0,269.0,20.0,-131.0
-14.0,-75.0,81.0,-178.0,-61.0,-39.0,878.0,301.0,0.0,-109.0
6.0,-117.0,75.0,-78.0,16.0,-185.0,806.0,293.0,-22.0,-103.0
59.0,-26.0,87.0,-41.0,0.0,-296.0,549.0,347.0,-40.0,-92.0
121.0,84.0,112.0,-12.0,14.0,-244.0,34.0,223.0,-48.0,-44.0
149.0,137.0,71.0,49.0,0.0,-166.0,-420.0,264.0,-67.0,-14.0
163.0,280.0,54.0,-16.0,-36.0,-290.0,-239.0,264.0,-97.0,5.0
166.0,234.0,39.0,-39.0,-22.0,-538.0,237.0,101.0,-94.0,37.0
197.0,375.0,-4.0,1.0,-7.0,-396.0,46.0,114.0,-78.0,78.0
170.0,454.0,4.0,62.0,-34.0,-116.0,-687.0,31.0,-56.0,108.0
160.0,355.0,-14.0,100.0,-152.0,-171.0,-1181.0,46.0,-42.0,108.0
159.0,260.0,7.0,38.0,0.0,-377.0,-760.0,-7.0,-52.0,132.0
123.0,315.0,-14.0,11.0,95.0,-369.0,297.0,3.0,-28.0,138.0
119.0,378.0,32.0,0.0,-43.0,-208.0,778.0,164.0,10.0,86.0
92.0,149.0,31.0,-49.0,-49.0,-242.0,551.0,194.0,23.0,36.0
108.0,289.0,58.0,-98.0,-70.0,-325.0,296.0,321.0,27.0,-6.0
113.0,378.0,141.0,-154.0,6.0,-382.0,314.0,277.0,14.0,-41.0
122.0,98.0,95.0,-177.0,87.0,-358.0,486.0,260.0,6.0,-74.0
112.0,-76.0,133.0,-124.0,-6.0,-246.0,458.0,264.0,13.0,-78.0
71.0,-116.0,65.0,-50.0,47.0,-265.0,182.0,243.0,-17.0,-68.0
66.0,-64.0,62.0,2.0,174.0,-339.0,-260.0,384.0,-38.0,-63.0
56.0,-126.0,86.0,40.0,51.0,-361.0,-699.0,358.0,-37.0,-40.0
79.0,-234.0,54.0,62.0,68.0,-316.0,-559.0,397.0,-10.0,10.0
114.0,-391.0,63.0,80.0,137.0,-283.0,-34.0,286.0,53.0,86.0
144.0,-380.0,56.0,102.0,6.0,-307.0,234.0,192.0,91.0,154.0
149.0,-202.0,45.0,194.0,20.0,-277.0,212.0,286.0,127.0,248.0
163.0,-293.0,-16.0,287.0,11.0,-178.0,-20.0,284.0,177.0,345.0
196.0,-421.0,23.0,309.0,-61.0,-204.0,54.0,445.0,227.0,398.0
221.0,-325.0,-52.0,325.0,60.0,-388.0,455.0,373.0,268.0,431.0
250.0,-281.0,-83.0,255.0,109.0,-461.0,648.0,214.0,285.0,449.0
310.0,-440.0,-68.0,128.0,-90.0,-275.0,599.0,105.0,303.0,449.0
368.0,-475.0,-119.0,56.0,-62.0,-158.0,473.0,-18.0,325.0,420.0
388.0,-253.0,-70.0,69.0,-9.0,-267.0,495.0,-14.0,334.0,374.0
384.0,-25.0,-70.0,121.0,-60.0,-340.0,698.0,-55.0,321.0,327.0
338.0,-161.0,-84.0,141.0,-21.0,-275.0,1015.0,70.0,288.0,273.0
279.0,-197.0,-110.0,143.0,-53.0,-121.0,984.0,147.0,238.0,208.0
240.0,0.0,-104.0,103.0,-5.0,-87.0,362.0,388.0,181.0,170.0
226.0,25.0,-121.0,57.0,40.0,-101.0,-398.0,589.0,126.0,153.0
238.0,-14.0,-109.0,91.0,57.0,37.0,-716.0,482.0,84.0,130.0
256.0,-134.0,-113.0,176.0,-6.0,125.0,-358.0,476.0,59.0,132.0
212.0,-92.0,-145.0,248.0,59.0,11.0,-68.0,277.0,42.0,152.0
171.0,-191.0,-131.0,333.0,172.0,-12.0,-345.0,175.0,13.0,153.0
143.0,-262.0,-171.0,330.0,38.0,112.0,-768.0,144.0,-32.0,127.0
90.0,-260.0,-171.0,224.0,53.0,114.0,-826.0,134.0,-80.0,115.0
61.0,-318.0,-159.0,183.0,125.0,39.0,-518.0,297.0,-102.0,105.0
50.0,-19.0,-154.0,187.0,130.0,17.0,-299.0,282.0,-116.0,76.0
76.0,-40.0,-148.0,167.0,73.0,133.0,-229.0,216.0,-147.0,53.0
76.0,-162.0,-138.0,104.0,-41.0,219.0,-313.0,33.0,-160.0,53.0
31.0,113.0,-131.0,69.0,-106.0,102.0,-475.0,-1.0,-174.0,71.0
0.0,225.0,-113.0,16.0,-17.0,-22.0,-440.0,53.0,-164.0,76.0
6.0,165.0,-65.0,-76.0,55.0,54.0,-333.0,64.0,-154.0,86.0
40.0,165.0,-26.0,-178.0,-96.0,212.0,29.0,199.0,-167.0,91.0
57.0,127.0,3.0,-266.0,-70.0,150.0,535.0,173.0,-133.0,68.0
44.0,10.0,9.0,-232.0,-40.0,-70.0,624.0,218.0,-112.0,43.0
30.0,-154.0,13.0,-196.0,-107.0,-121.0,445.0,260.0,-85.0,35.0
24.0,-202.0,25.0,-151.0,-70.0,100.0,453.0,317.0,-60.0,25.0
9.0,-340.0,35.0,-49.0,-66.0,259.0,632.0,445.0,-64.0,-13.0
0.0,-376.0,50.0,-28.0,-38.0,107.0,741.0,434.0,-30.0,-54.0
35.0,-227.0,58.0,-23.0,-25.0,-89.0,902.0,506.0,5.0,-93.0
76.0,-336.0,67.0,-17.0,-55.0,-25.0,825.0,400.0,34.0,-137.0
38.0,-177.0,88.0,-24.0,-114.0,200.0,412.0,271.0,61.0,-183.0
-17.0,-26.0,121.0,-6.0,5.0,284.0,60.0,134.0,80.0,-232.0
-48.0,-48.0,148.0,20.0,41.0,185.0,-43.0,-97.0,110.0,-276.0
-63.0,-55.0,123.0,71.0,-79.0,168.0,126.0,-194.0,161.0,-312.0
-78.0,-14.0,148.0,56.0,-58.0,306.0,250.0,-299.0,208.0,-352.0
-85.0,137.0,162.0,51.0,-41.0,351.0,70.0,-136.0,234.0,-401.0
-84.0,-112.0,153.0,124.0,134.0,209.0,-363.0,11.0,260.0,-431.0
-72.0,-105.0,191.0,163.0,117.0,47.0,-543.0,142.0,269.0,-447.0
-72.0,223.0,182.0,214.0,-96.0,-14.0,-409.0,284.0,262.0,-460.0
-117.0,325.0,161.0,171.0,-44.0,30.0,-474.0,179.0,258.0,-459.0
-133.0,296.0,171.0,24.0,116.0,123.0,-817.0,214.0,235.0,-436.0
-131.0,246.0,158.0,-38.0,14.0,243.0,-1041.0,125.0,182.0,-419.0
-110.0,295.0,157.0,-52.0,-90.0,354.0,-698.0,31.0,138.0,-399.0
-101.0,170.0,162.0,13.0,80.0,319.0,-183.0,55.0,97.0,-362.0
-113.0,59.0,99.0,139.0,34.0,300.0,48.0,168.0,62.0,-347.0
-106.0,-74.0,90.0,249.0,15.0,296.0,84.0,273.0,32.0,-341.0
-114.0,-149.0,104.0,282.0,14.0,169.0,17.0,162.0,-14.0,-338.0
-142.0,-79.0,69.0,254.0,-45.0,56.0,149.0,168.0,-40.0,-317.0
-182.0,-197.0,48.0,231.0,23.0,-50.0,341.0,97.0,-90.0,-290.0
-197.0,-183.0,7.0,129.0,62.0,-90.0,54.0,166.0,-147.0,-269.0
-182.0,-179.0,-66.0,16.0,-36.0,-59.0,-390.0,190.0,-177.0,-218.0
-167.0,-114.0,-116.0,-65.0,-144.0,63.0,-509.0,-25.0,-204.0,-165.0
-166.0,62.0,-152.0,-146.0,47.0,208.0,-619.0,-14.0,-196.0,-123.0
-185.0,25.0,-175.0,-176.0,77.0,308.0,-809.0,-46.0,-178.0,-75.0
-229.0,23.0,-165.0,-152.0,-16.0,364.0,-678.0,-9.0,-157.0,-19.0
-268.0,207.0,-185.0,-88.0,-23.0,248.0,-322.0,-12.0,-114.0,27.0
-283.0,215.0,-171.0,31.0,-24.0,155.0,191.0,-16.0,-88.0,62.0
-280.0,-12.0,-162.0,160.0,109.0,91.0,710.0,62.0,-78.0,110.0
-249.0,102.0,-158.0,163.0,105.0,-8.0,611.0,-1.0,-76.0,151.0
-191.0,157.0,-133.0,107.0,-48.0,-112.0,241.0,46.0,-67.0,180.0
-140.0,100.0,-134.0,49.0,-29.0,-169.0,70.0,20.0,-43.0,222.0
-134.0,239.0,-119.0,0.0,162.0,-2.0,73.0,96.0,-41.0,257.0
-138.0,152.0,-88.0,-42.0,42.0,154.0,259.0,118.0,-5.0,269.0
-121.0,204.0,-63.0,-120.0,-31.0,142.0,483.0,-70.0,38.0,272.0
-66.0,267.0,-68.0,-118.0,89.0,104.0,411.0,-97.0,45.0,257.0
-2.0,42.0,-4.0,-41.0,-8.0,81.0,-190.0,-105.0,98.0,246.0
40.0,-33.0,31.0,57.0,-25.0,10.0,-486.0,64.0,134.0,213.0
77.0,42.0,37.0,124.0,-64.0,-61.0,28.0,160.0,154.0,168.0
117.0,-37.0,64.0,94.0,-61.0,-18.0,702.0,253.0,185.0,134.0
176.0,-157.0,17.0,68.0,63.0,36.0,550.0,325.0,193.0,79.0
212.0,-1.0,0.0,109.0,95.0,20.0,-583.0,110.0,220.0,34.0
211.0,-30.0,-9.0,150.0,-35.0,127.0,-1475.0,64.0,223.0,-23.0
227.0,-206.0,-35.0,133.0,-124.0,344.0,-1288.0,-12.0,218.0,-70.0
225.0,-142.0,3.0,152.0,-27.0,379.0,-270.0,-1.0,226.0,-90.0
183.0,-118.0,38.0,191.0,-8.0,239.0,313.0,24.0,215.0,-121.0
127.0,-124.0,58.0,119.0,-11.0,151.0,-357.0,-109.0,203.0,-124.0
100.0,-160.0,127.0,38.0,-94.0,245.0,-1315.0,-162.0,189.0,-108.0
114.0,-88.0,122.0,-23.0,-88.0,325.0,-1505.0,-162.0,194.0,-99.0
105.0,-72.0,131.0,-72.0,40.0,274.0,-960.0,20.0,169.0,-82.0
82.0,-61.0,183.0,-80.0,-12.0,238.0,-227.0,-3.0,121.0,-81.0
50.0,268.0,170.0,-88.0,-84.0,221.0,70.0,16.0,91.0,-87.0
27.0,263.0,191.0,-133.0,89.0,242.0,-222.0,114.0,43.0,-78.0
-17.0,38.0,183.0,-242.0,121.0,258.0,-560.0,27.0,-2.0,-86.0
-37.0,142.0,174.0,-291.0,-35.0,277.0,-495.0,29.0,-40.0,-99.0
-13.0,237.0,164.0,-261.0,-26.0,315.0,96.0,-175.0,-82.0,-85.0
-6.0,88.0,144.0,-228.0,-67.0,304.0,860.0,-273.0,-104.0,-53.0
-2.0,62.0,146.0,-221.0,44.0,369.0,1315.0,-229.0,-97.0,-32.0
-34.0,290.0,126.0,-217.0,51.0,469.0,1122.0,-175.0,-115.0,-14.0
-37.0,224.0,109.0,-144.0,-9.0,471.0,467.0,-99.0,-128.0,19.0
-71.0,85.0,71.0,-127.0,50.0,404.0,319.0,-131.0,-133.0,56.0
-137.0,287.0,90.0,-113.0,47.0,366.0,863.0,31.0,-136.0,91.0
-180.0,203.0,64.0,-55.0,144.0,399.0,1215.0,9.0,-122.0,125.0
-159.0,125.0,16.0,-17.0,2.0,435.0,776.0,-31.0,-108.0,161.0
-106.0,287.0,7.0,66.0,-35.0,535.0,88.0,-29.0,-58.0,198.0
-108.0,24.0,-18.0,156.0,64.0,657.0,-253.0,-86.0,-26.0,223.0
-74.0,-169.0,-28.0,227.0,51.0,621.0,-402.0,84.0,-19.0,257.0
-67.0,-75.0,-35.0,222.0,80.0,449.0,-462.0,125.0,-4.0,310.0
-75.0,-161.0,-15.0,228.0,18.0,278.0,-319.0,221.0,10.0,332.0
-99.0,-302.0,-46.0,272.0,25.0,394.0,-192.0,166.0,11.0,361.0
-101.0,-297.0,-52.0,252.0,69.0,614.0,-512.0,-40.0,3.0,417.0
-58.0,-219.0,-39.0,253.0,-32.0,517.0,-923.0,-230.0,14.0,442.0
-31.0,-143.0,-33.0,298.0,-126.0,402.0,-883.0,-482.0,6.0,452.0
-14.0,-148.0,18.0,341.0,-3.0,475.0,-273.0,-465.0,14.0,449.0
-35.0,-13.0,39.0,341.0,20.0,440.0,226.0,-563.0,7.0,446.0
-15.0,134.0,71.0,259.0,-89.0,287.0,-116.0,-532.0,0.0,421.0
8.0,-39.0,95.0,113.0,-88.0,146.0,-797.0,-452.0,-7.0,367.0
30.0,-44.0,95.0,-32.0,-43.0,-52.0,-957.0,-432.0,-32.0,325.0
40.0,-48.0,90.0,-81.0,7.0,-114.0,-372.0,-230.0,-13.0,271.0
36.0,-157.0,131.0,-32.0,-12.0,-18.0,293.0,-256.0,-14.0,206.0
47.0,-116.0,183.0,2.0,-65.0,148.0,559.0,-197.0,-12.0,146.0
18.0,-52.0,206.0,6.0,-40.0,269.0,440.0,-195.0,-8.0,82.0
-8.0,-66.0,257.0,6.0,45.0,163.0,163.0,-121.0,-16.0,11.0
-8.0,-182.0,305.0,-9.0,8.0,64.0,142.0,33.0,4.0,-63.0
-3.0,-37.0,340.0,-55.0,-22.0,-81.0,378.0,-79.0,4.0,-101.0
4.0,4.0,368.0,-62.0,55.0,-108.0,651.0,-131.0,19.0,-87.0
28.0,22.0,400.0,-109.0,77.0,89.0,746.0,-369.0,11.0,-79.0
42.0,286.0,365.0,-238.0,53.0,156.0,493.0,-572.0,-25.0,-68.0
26.0,312.0,327.0,-227.0,3.0,172.0,39.0,-642.0,-49.0,-26.0
5.0,332.0,354.0,-158.0,1.0,100.0,-161.0,-591.0,-82.0,5.0
28.0,371.0,340.0,-93.0,50.0,50.0,102.0,-391.0,-79.0,28.0
60.0,497.0,316.0,-24.0,49.0,288.0,406.0,-295.0,-92.0,45.0
69.0,432.0,326.0,-34.0,-25.0,461.0,182.0,-59.0,-82.0,70.0
79.0,160.0,312.0,-80.0,-58.0,392.0,-227.0,-110.0,-69.0,96.0
118.0,305.0,270.0,-69.0,18.0,235.0,-148.0,-216.0,-68.0,95.0
160.0,294.0,250.0,-51.0,24.0,73.0,422.0,-151.0,-9.0,115.0
141.0,223.0,222.0,-40.0,-40.0,-34.0,843.0,-280.0,11.0,127.0
98.0,357.0,171.0,-50.0,14.0,-24.0,584.0,-271.0,53.0,115.0
73.0,421.0,130.0,-127.0,14.0,100.0,46.0,-266.0,89.0,102.0
80.0,272.0,101.0,-156.0,6.0,106.0,-263.0,-280.0,119.0,97.0
68.0,16.0,66.0,-175.0,48.0,113.0,-182.0,-315.0,155.0,106.0
9.0,16.0,43.0,-121.0,-52.0,267.0,38.0,-254.0,129.0,86.0
-26.0,-41.0,-3.0,-55.0,-19.0,321.0,88.0,-107.0,141.0,71.0
-72.0,-228.0,-57.0,-25.0,46.0,224.0,-4.0,-131.0,120.0,80.0
-125.0,-278.0,-63.0,72.0,-70.0,177.0,-18.0,-16.0,89.0,71.0
-141.0,-230.0,-58.0,114.0,-11.0,281.0,260.0,-57.0,71.0,50.0
-142.0,-403.0,-53.0,92.0,122.0,342.0,451.0,-157.0,29.0,32.0
-119.0,-361.0,-54.0,31.0,55.0,430.0,366.0,-328.0,29.0,20.0
-116.0,-223.0,-33.0,-107.0,58.0,596.0,216.0,-585.0,7.0,-7.0
-137.0,-362.0,-39.0,-197.0,61.0,595.0,92.0,-545.0,-16.0,-22.0
-127.0,-259.0,-16.0,-172.0,-19.0,347.0,113.0,-480.0,-41.0,2.0
-124.0,-196.0,-10.0,-121.0,66.0,90.0,276.0,-310.0,-62.0,9.0
-106.0,-118.0,0.0,-79.0,70.0,120.0,305.0,-277.0,-67.0,26.0
-93.0,-20.0,35.0,-125.0,13.0,287.0,9.0,-304.0,-115.0,63.0
-98.0,25.0,66.0,-190.0,130.0,348.0,-224.0,-301.0,-136.0,78.0
-80.0,70.0,114.0,-270.0,164.0,198.0,-26.0,-345.0,-151.0,111.0
-34.0,134.0,113.0,-314.0,76.0,50.0,365.0,-142.0,-186.0,127.0
10.0,205.0,164.0,-262.0,86.0,106.0,414.0,-125.0,-180.0,141.0
49.0,27.0,118.0,-258.0,108.0,166.0,-7.0,-160.0,-194.0,153.0
66.0,62.0,132.0,-218.0,54.0,152.0,-390.0,-225.0,-201.0,140.0
76.0,-32.0,146.0,-162.0,77.0,103.0,-213.0,-262.0,-183.0,128.0
108.0,-167.0,109.0,-190.0,28.0,163.0,140.0,-153.0,-191.0,128.0
131.0,-72.0,152.0,-189.0,-56.0,275.0,31.0,-182.0,-183.0,134.0
164.0,-160.0,110.0,-110.0,7.0,254.0,-252.0,-64.0,-180.0,121.0
175.0,-35.0,116.0,-46.0,40.0,166.0,-126.0,-83.0,-165.0,108.0
197.0,41.0,79.0,-31.0,-83.0,198.0,425.0,-90.0,-145.0,91.0
197.0,62.0,87.0,-113.0,-156.0,424.0,761.0,-70.0,-146.0,92.0
181.0,154.0,70.0,-191.0,-23.0,413.0,628.0,-227.0,-139.0,95.0
169.0,189.0,55.0,-219.0,-61.0,176.0,430.0,-171.0,-116.0,86.0
151.0,325.0,71.0,-247.0,-109.0,93.0,437.0,-223.0,-100.0,96.0
151.0,279.0,12.0,-155.0,-114.0,177.0,543.0,-323.0,-100.0,136.0
129.0,195.0,37.0,-43.0,-182.0,260.0,529.0,-456.0,-78.0,199.0
164.0,109.0,7.0,-1.0,-36.0,225.0,373.0,-517.0,-61.0,227.0
157.0,108.0,-17.0,13.0,3.0,296.0,105.0,-367.0,-46.0,252.0
153.0,48.0,-36.0,-6.0,-63.0,356.0,9.0,-271.0,-40.0,264.0
159.0,-210.0,-74.0,-58.0,-62.0,255.0,275.0,-118.0,-36.0,235.0
150.0,-82.0,-124.0,-67.0,25.0,149.0,621.0,-254.0,-32.0,199.0
165.0,-131.0,-126.0,-13.0,131.0,123.0,577.0,-315.0,-54.0,131.0
145.0,-301.0,-141.0,107.0,101.0,178.0,14.0,-251.0,-40.0,64.0
160.0,-42.0,-189.0,217.0,76.0,175.0,-489.0,-325.0,-41.0,13.0
148.0,-90.0,-169.0,206.0,49.0,104.0,-476.0,-129.0,-53.0,-26.0
137.0,-168.0,-218.0,159.0,76.0,4.0,-197.0,-33.0,-49.0,-38.0
100.0,-12.0,-251.0,107.0,94.0,-32.0,-165.0,-18.0,-49.0,-26.0
80.0,-38.0,-249.0,110.0,-21.0,58.0,-464.0,-181.0,-37.0,-15.0
74.0,15.0,-255.0,167.0,45.0,64.0,-698.0,-336.0,-41.0,-10.0
46.0,86.0,-274.0,223.0,135.0,-85.0,-485.0,-315.0,-38.0,23.0
42.0,164.0,-267.0,261.0,40.0,-97.0,115.0,-443.0,-43.0,45.0
46.0,213.0,-271.0,210.0,22.0,-18.0,627.0,-454.0,-78.0,32.0
51.0,122.0,-284.0,94.0,-31.0,-43.0,741.0,-545.0,-105.0,39.0
16.0,159.0,-247.0,3.0,-17.0,-35.0,648.0,-533.0,-105.0,63.0
-7.0,261.0,-260.0,-9.0,57.0,110.0,636.0,-559.0,-80.0,78.0
-44.0,325.0,-243.0,-22.0,-24.0,137.0,753.0,-742.0,-59.0,79.0
-39.0,228.0,-219.0,1.0,-67.0,-12.0,900.0,-757.0,-40.0,95.0
-48.0,184.0,-232.0,96.0,-45.0,-91.0,861.0,-702.0,-59.0,145.0
-57.0,212.0,-189.0,117.0,2.0,-197.0,527.0,-336.0,-71.0,194.0
-23.0,150.0,-139.0,112.0,16.0,-164.0,7.0,-29.0,-63.0,261.0
-2.0,183.0,-116.0,65.0,-18.0,41.0,-358.0,145.0,-103.0,351.0
26.0,118.0,-61.0,-55.0,-74.0,150.0,-264.0,254.0,-133.0,437.0
36.0,-51.0,-18.0,-173.0,-88.0,20.0,67.0,195.0,-168.0,503.0
53.0,-100.0,-3.0,-251.0,-14.0,-119.0,130.0,190.0,-190.0,562.0
48.0,-92.0,30.0,-318.0,-1.0,-9.0,-191.0,70.0,-183.0,610.0
55.0,-272.0,48.0,-395.0,22.0,-27.0,-423.0,64.0,-205.0,603.0
72.0,-341.0,44.0,-411.0,95.0,-160.0,-250.0,11.0,-211.0,556.0
113.0,-278.0,63.0,-446.0,36.0,-176.0,66.0,-157.0,-223.0,498.0
148.0,-385.0,74.0,-460.0,3.0,-112.0,80.0,-288.0,-221.0,424.0
129.0,-302.0,84.0,-391.0,91.0,-118.0,-268.0,-517.0,-223.0,320.0
101.0,-96.0,101.0,-308.0,14.0,-141.0,-559.0,-487.0,-232.0,219.0
75.0,66.0,133.0,-249.0,3.0,-39.0,-451.0,-491.0,-232.0,147.0
44.0,190.0,111.0,-227.0,63.0,33.0,8.0,-502.0,-244.0,81.0
-2.0,244.0,110.0,-190.0,10.0,70.0,384.0,-421.0,-227.0,24.0
-24.0,270.0,168.0,-181.0,73.0,40.0,347.0,-380.0,-234.0,-2.0
-39.0,199.0,154.0,-156.0,61.0,-6.0,75.0,-221.0,-229.0,-3.0
-80.0,210.0,176.0,-32.0,6.0,11.0,28.0,-314.0,-198.0,5.0
-147.0,166.0,154.0,69.0,49.0,-83.0,359.0,-245.0,-183.0,22.0
-176.0,-12.0,154.0,128.0,103.0,-198.0,715.0,-105.0,-160.0,61.0
-184.0,-89.0,176.0,212.0,9.0,-140.0,638.0,-77.0,-146.0,96.0
-176.0,-222.0,120.0,179.0,-54.0,-59.0,160.0,-5.0,-161.0,106.0
-176.0,-320.0,125.0,44.0,74.0,52.0,-116.0,-127.0,-176.0,154.0
-163.0,-202.0,70.0,-22.0,8.0,88.0,171.0,-42.0,-182.0,218.0
-148.0,-186.0,9.0,-45.0,-49.0,4.0,661.0,-145.0,-202.0,246.0
-172.0,-322.0,-36.0,-29.0,-9.0,-16.0,726.0,-315.0,-204.0,282.0
-183.0,-133.0,-72.0,71.0,16.0,33.0,358.0,-393.0,-191.0,326.0
-196.0,0.0,-63.0,156.0,51.0,118.0,-7.0,-478.0,-188.0,367.0
-158.0,-120.0,-56.0,149.0,8.0,-45.0,2.0,-360.0,-180.0,370.0
-154.0,144.0,-43.0,190.0,-49.0,-316.0,386.0,-552.0,-153.0,353.0
-166.0,234.0,-63.0,210.0,-93.0,-296.0,624.0,-670.0,-149.0,352.0
-156.0,-23.0,-50.0,191.0,-52.0,-192.0,369.0,-681.0,-143.0,312.0
-116.0,160.0,-70.0,274.0,-46.0,-361.0,-160.0,-589.0,-112.0,261.0
-68.0,347.0,-88.0,314.0,-68.0,-650.0,-451.0,-389.0,-94.0,219.0
-37.0,164.0,-69.0,280.0,-19.0,-540.0,-311.0,-382.0,-84.0,183.0
0.0,439.0,-80.0,202.0,13.0,-281.0,-47.0,-153.0,-77.0,140.0
-14.0,505.0,-57.0,36.0,-4.0,-442.0,-20.0,-20.0,-53.0,104.0
0.0,-3.0,-58.0,-93.0,2.0,-564.0,-185.0,84.0,-47.0,124.0
18.0,50.0,-75.0,-173.0,-33.0,-307.0,-224.0,62.0,-32.0,127.0
83.0,20.0,-48.0,-187.0,21.0,-182.0,-26.0,-164.0,-21.0,123.0
135.0,-150.0,-28.0,-196.0,119.0,-436.0,170.0,-144.0,-16.0,113.0
154.0,-160.0,-63.0,-232.0,-2.0,-820.0,141.0,-212.0,13.0,94.0
168.0,-256.0,-44.0,-242.0,43.0,-957.0,2.0,-192.0,35.0,77.0
154.0,-208.0,-34.0,-348.0,167.0,-862.0,28.0,-127.0,63.0,7.0
174.0,-116.0,-51.0,-442.0,134.0,-700.0,264.0,-36.0,73.0,-41.0
186.0,132.0,-5.0,-373.0,73.0,-505.0,376.0,51.0,117.0,-86.0
173.0,164.0,-12.0,-228.0,42.0,-493.0,285.0,-79.0,152.0,-147.0
146.0,192.0,-21.0,-97.0,85.0,-471.0,221.0,-75.0,181.0,-167.0
181.0,292.0,-43.0,11.0,88.0,-382.0,241.0,-127.0,210.0,-175.0
187.0,206.0,-53.0,48.0,34.0,-425.0,328.0,-53.0,214.0,-157.0
179.0,206.0,-48.0,92.0,-15.0,-448.0,431.0,-24.0,244.0,-119.0
183.0,153.0,-39.0,155.0,51.0,-453.0,506.0,-177.0,240.0,-56.0
215.0,312.0,2.0,187.0,99.0,-463.0,465.0,-240.0,244.0,18.0
235.0,323.0,-13.0,295.0,15.0,-432.0,270.0,-410.0,239.0,61.0
190.0,52.0,0.0,380.0,-26.0,-335.0,56.0,-443.0,219.0,99.0
169.0,-25.0,-14.0,312.0,-24.0,-323.0,38.0,-506.0,228.0,150.0
122.0,7.0,-6.0,41.0,-40.0,-369.0,236.0,-369.0,230.0,187.0
135.0,14.0,46.0,-221.0,-52.0,-358.0,339.0,-101.0,242.0,205.0
118.0,-113.0,36.0,-324.0,-27.0,-512.0,78.0,-42.0,238.0,225.0
112.0,-241.0,61.0,-267.0,-46.0,-573.0,-342.0,48.0,213.0,248.0
132.0,-379.0,63.0,-34.0,-36.0,-539.0,-523.0,-42.0,185.0,257.0
107.0,-408.0,92.0,213.0,47.0,-556.0,-378.0,14.0,151.0,235.0
61.0,-459.0,103.0,384.0,0.0,-598.0,-109.0,116.0,108.0,190.0
0.0,-587.0,93.0,391.0,-18.0,-631.0,2.0,247.0,88.0,127.0
28.0,-476.0,130.0,274.0,63.0,-463.0,-126.0,454.0,73.0,35.0
20.0,-326.0,136.0,145.0,14.0,-350.0,-349.0,515.0,52.0,-62.0
-17.0,-256.0,134.0,87.0,29.0,-283.0,-416.0,620.0,41.0,-154.0
-71.0,-224.0,150.0,137.0,54.0,-260.0,-239.0,332.0,34.0,-251.0
-107.0,-133.0,165.0,193.0,-21.0,-274.0,-90.0,12.0,16.0,-336.0
-148.0,-62.0,136.0,235.0,50.0,-179.0,-150.0,-251.0,-28.0,-389.0
-186.0,85.0,161.0,221.0,11.0,-169.0,-363.0,-502.0,-58.0,-407.0
-188.0,177.0,134.0,124.0,-113.0,-282.0,-511.0,-410.0,-105.0,-418.0
-197.0,-57.0,93.0,58.0,-25.0,-348.0,-522.0,-365.0,-142.0,-415.0
-190.0,46.0,123.0,62.0,44.0,-216.0,-496.0,-175.0,-171.0,-363.0
-212.0,105.0,65.0,18.0,-21.0,-174.0,-433.0,1.0,-202.0,-300.0
-177.0,-126.0,53.0,-11.0,-82.0,-303.0,-372.0,199.0,-165.0,-246.0
-150.0,31.0,56.0,-36.0,-48.0,-296.0,-272.0,293.0,-155.0,-198.0
-110.0,-8.0,-15.0,-186.0,-15.0,-208.0,-138.0,79.0,-150.0,-128.0
-110.0,-85.0,-45.0,-278.0,-45.0,-313.0,-65.0,57.0,-126.0,-46.0
-119.0,84.0,-50.0,-244.0,-74.0,-376.0,-85.0,-48.0,-129.0,22.0
-65.0,-4.0,-99.0,-176.0,-73.0,-263.0,-87.0,-59.0,-99.0,96.0
-53.0,15.0,-92.0,-134.0,-2.0,-279.0,-54.0,-29.0,-80.0,161.0
-23.0,115.0,-79.0,-127.0,-34.0,-279.0,-95.0,-94.0,-60.0,226.0
-41.0,167.0,-117.0,-89.0,-172.0,-294.0,-62.0,-72.0,-23.0,278.0
-20.0,345.0,-72.0,-28.0,-88.0,-340.0,68.0,-249.0,-19.0,298.0
-14.0,492.0,-48.0,42.0,0.0,-281.0,-20.0,-336.0,5.0,295.0
-14.0,446.0,-52.0,38.0,-106.0,-210.0,-353.0,-388.0,16.0,253.0
32.0,462.0,7.0,-44.0,-112.0,-175.0,-429.0,-260.0,-16.0,192.0
49.0,556.0,36.0,-89.0,-91.0,-217.0,-90.0,-60.0,-42.0,131.0
110.0,246.0,42.0,-113.0,-32.0,-200.0,326.0,-90.0,-70.0,34.0
128.0,36.0,89.0,-105.0,53.0,-164.0,518.0,25.0,-98.0,-70.0
120.0,-5.0,79.0,41.0,-28.0,-219.0,317.0,18.0,-128.0,-157.0
109.0,-142.0,65.0,229.0,-23.0,-237.0,-24.0,46.0,-169.0,-229.0
113.0,-276.0,88.0,313.0,59.0,-302.0,-130.0,112.0,-187.0,-281.0
111.0,-427.0,56.0,360.0,69.0,-483.0,72.0,208.0,-197.0,-320.0
80.0,-274.0,86.0,329.0,-9.0,-373.0,220.0,434.0,-210.0,-329.0
78.0,-158.0,104.0,202.0,19.0,-144.0,13.0,408.0,-191.0,-320.0
102.0,-149.0,67.0,127.0,199.0,-198.0,-289.0,266.0,-196.0,-291.0
118.0,-98.0,39.0,135.0,183.0,-226.0,-538.0,-94.0,-181.0,-252.0
118.0,-67.0,19.0,166.0,115.0,-110.0,-677.0,-367.0,-141.0,-235.0
145.0,-93.0,0.0,186.0,79.0,-107.0,-607.0,-519.0,-133.0,-194.0
119.0,-63.0,-7.0,225.0,95.0,-313.0,-621.0,-659.0,-89.0,-141.0
79.0,66.0,18.0,253.0,143.0,-323.0,-848.0,-463.0,-44.0,-97.0
38.0,-135.0,33.0,235.0,58.0,-89.0,-901.0,-199.0,-15.0,-42.0
24.0,-25.0,78.0,242.0,0.0,-62.0,-686.0,232.0,33.0,-5.0
55.0,262.0,83.0,248.0,41.0,-179.0,-539.0,543.0,81.0,17.0
100.0,188.0,99.0,150.0,69.0,-182.0,-527.0,618.0,119.0,38.0
134.0,198.0,93.0,2.0,43.0,-123.0,-579.0,667.0,165.0,76.0
76.0,329.0,47.0,-188.0,-4.0,-56.0,-590.0,569.0,182.0,112.0
80.0,478.0,38.0,-328.0,-65.0,-105.0,-345.0,441.0,224.0,138.0
71.0,312.0,14.0,-341.0,-55.0,-248.0,3.0,88.0,289.0,194.0
66.0,248.0,12.0,-298.0,-9.0,-118.0,189.0,-51.0,301.0,246.0
84.0,234.0,2.0,-130.0,-20.0,-36.0,146.0,-83.0,303.0,291.0
71.0,-71.0,-3.0,39.0,-22.0,-118.0,7.0,-190.0,286.0,321.0
99.0,-116.0,-18.0,160.0,73.0,-75.0,-21.0,-92.0,309.0,345.0
98.0,-317.0,-43.0,217.0,35.0,0.0,56.0,-121.0,321.0,380.0
141.0,-538.0,-68.0,167.0,-117.0,-24.0,47.0,33.0,273.0,400.0
128.0,-433.0,-69.0,99.0,-53.0,-177.0,-258.0,184.0,256.0,404.0
116.0,-414.0,-108.0,37.0,-4.0,-168.0,-698.0,227.0,224.0,393.0
143.0,-403.0,-147.0,17.0,-37.0,-112.0,-949.0,192.0,186.0,366.0
150.0,-356.0,-137.0,36.0,-52.0,-95.0,-716.0,-7.0,161.0,314.0
167.0,-183.0,-188.0,82.0,-54.0,-100.0,-176.0,3.0,111.0,237.0
152.0,-26.0,-159.0,61.0,14.0,-202.0,12.0,-46.0,60.0,157.0
168.0,208.0,-110.0,4.0,70.0,-91.0,-80.0,81.0,38.0,73.0
168.0,463.0,-83.0,-107.0,-4.0,46.0,-4.0,282.0,18.0,-10.0
182.0,400.0,-47.0,-197.0,-51.0,5.0,356.0,395.0,-20.0,-49.0
191.0,460.0,-38.0,-183.0,65.0,-184.0,682.0,493.0,-31.0,-71.0
171.0,516.0,-5.0,-146.0,33.0,-345.0,606.0,386.0,-36.0,-97.0
167.0,488.0,2.0,47.0,-6.0,-175.0,268.0,410.0,-53.0,-104.0
168.0,340.0,24.0,183.0,60.0,209.0,-30.0,332.0,-79.0,-82.0
143.0,133.0,45.0,206.0,45.0,284.0,-69.0,293.0,-123.0,-42.0
121.0,181.0,69.0,290.0,23.0,29.0,-57.0,260.0,-117.0,-21.0
138.0,-81.0,78.0,304.0,-28.0,58.0,-245.0,24.0,-100.0,14.0
145.0,-373.0,80.0,244.0,-86.0,173.0,-560.0,-62.0,-120.0,86.0
183.0,-320.0,91.0,210.0,-90.0,94.0,-819.0,-158.0,-143.0,170.0
188.0,-419.0,74.0,141.0,-38.0,-129.0,-693.0,-190.0,-145.0,223.0
188.0,-449.0,96.0,112.0,-68.0,-308.0,-299.0,-227.0,-132.0,277.0
168.0,-280.0,107.0,170.0,-145.0,-161.0,-140.0,-212.0,-121.0,338.0
127.0,-291.0,113.0,117.0,-74.0,-64.0,-331.0,-92.0,-97.0,343.0
109.0,-264.0,117.0,18.0,34.0,-183.0,-610.0,-158.0,-102.0,313.0
70.0,-269.0,125.0,-62.0,-18.0,-338.0,-642.0,-223.0,-109.0,265.0
115.0,-335.0,130.0,-16.0,-46.0,-124.0,-241.0,-273.0,-110.0,185.0
151.0,-173.0,135.0,100.0,23.0,329.0,262.0,-125.0,-89.0,53.0
149.0,-250.0,133.0,108.0,32.0,277.0,383.0,53.0,-63.0,-59.0
119.0,-152.0,81.0,138.0,40.0,127.0,166.0,79.0,-41.0,-159.0
94.0,66.0,99.0,176.0,16.0,175.0,36.0,284.0,21.0,-274.0
91.0,-135.0,110.0,224.0,52.0,281.0,263.0,463.0,58.0,-362.0
62.0,-45.0,136.0,247.0,112.0,355.0,691.0,720.0,100.0,-423.0
58.0,63.0,174.0,249.0,41.0,218.0,765.0,851.0,136.0,-446.0
53.0,-57.0,166.0,291.0,-8.0,219.0,278.0,733.0,147.0,-471.0
62.0,-40.0,207.0,281.0,85.0,246.0,-95.0,511.0,179.0,-465.0
53.0,104.0,164.0,214.0,133.0,265.0,130.0,168.0,195.0,-442.0
41.0,136.0,140.0,164.0,52.0,190.0,513.0,24.0,205.0,-418.0
47.0,41.0,128.0,166.0,43.0,71.0,371.0,-164.0,232.0,-382.0
57.0,320.0,76.0,144.0,17.0,243.0,-114.0,-164.0,233.0,-363.0
63.0,407.0,83.0,127.0,17.0,263.0,-336.0,-55.0,216.0,-333.0
34.0,376.0,72.0,89.0,0.0,226.0,-137.0,-49.0,226.0,-323.0
3.0,516.0,67.0,3.0,-133.0,233.0,213.0,107.0,191.0,-322.0
-1.0,254.0,37.0,-65.0,-82.0,356.0,256.0,134.0,153.0,-319.0
-13.0,242.0,13.0,-20.0,10.0,519.0,-68.0,206.0,119.0,-303.0
-40.0,359.0,2.0,59.0,-55.0,394.0,-402.0,164.0,67.0,-303.0
-45.0,62.0,-27.0,61.0,-86.0,304.0,-317.0,254.0,60.0,-322.0
-46.0,-132.0,-20.0,172.0,-81.0,410.0,112.0,570.0,37.0,-311.0
-59.0,-45.0,-32.0,272.0,-1.0,476.0,395.0,683.0,29.0,-303.0
-77.0,-8.0,-85.0,307.0,33.0,258.0,168.0,763.0,16.0,-309.0
-122.0,-107.0,-116.0,315.0,-105.0,171.0,-443.0,567.0,0.0,-303.0
-176.0,-79.0,-165.0,244.0,-81.0,312.0,-788.0,352.0,-2.0,-274.0
-204.0,-111.0,-203.0,111.0,32.0,499.0,-589.0,123.0,-31.0,-246.0
-223.0,-92.0,-193.0,-48.0,26.0,635.0,-129.0,-175.0,-27.0,-211.0
-257.0,75.0,-229.0,-123.0,-26.0,458.0,28.0,-280.0,-56.0,-163.0
-273.0,-57.0,-229.0,-130.0,-74.0,378.0,-339.0,-212.0,-66.0,-122.0
-233.0,-112.0,-209.0,-71.0,-4.0,494.0,-688.0,144.0,-54.0,-96.0
-204.0,97.0,-220.0,-40.0,12.0,381.0,-332.0,271.0,-88.0,-73.0
-197.0,-6.0,-196.0,-12.0,-109.0,134.0,534.0,293.0,-98.0,-56.0
-216.0,-169.0,-160.0,-9.0,-102.0,95.0,922.0,279.0,-106.0,-74.0
-239.0,-29.0,-154.0,-71.0,-49.0,156.0,526.0,73.0,-118.0,-95.0
-244.0,-139.0,-154.0,-55.0,-5.0,229.0,-42.0,14.0,-112.0,-101.0
-262.0,-213.0,-148.0,20.0,27.0,310.0,-40.0,-101.0,-115.0,-106.0
-273.0,-179.0,-162.0,127.0,-108.0,390.0,434.0,-97.0,-70.0,-123.0
-299.0,-346.0,-167.0,211.0,-69.0,364.0,645.0,-38.0,-31.0,-130.0
-266.0,-150.0,-143.0,196.0,78.0,206.0,325.0,31.0,-33.0,-101.0
-249.0,-118.0,-119.0,74.0,-5.0,191.0,-148.0,121.0,0.0,-71.0
-278.0,-217.0,-94.0,13.0,-93.0,231.0,-234.0,218.0,29.0,-48.0
-325.0,-236.0,-34.0,78.0,-77.0,177.0,47.0,615.0,86.0,-3.0
-355.0,-279.0,-8.0,121.0,8.0,18.0,384.0,827.0,139.0,63.0
-318.0,-73.0,25.0,128.0,36.0,-52.0,565.0,918.0,171.0,106.0
-289.0,-76.0,75.0,111.0,-46.0,58.0,462.0,792.0,209.0,137.0
-226.0,-3.0,102.0,3.0,-91.0,135.0,164.0,500.0,228.0,178.0
-183.0,163.0,128.0,-103.0,50.0,123.0,-43.0,504.0,249.0,198.0
-146.0,230.0,113.0,-42.0,103.0,292.0,-50.0,388.0,244.0,185.0
-157.0,296.0,145.0,100.0,-64.0,400.0,-81.0,325.0,242.0,180.0
-176.0,267.0,174.0,204.0,-75.0,147.0,-306.0,304.0,212.0,187.0
-146.0,280.0,152.0,283.0,72.0,-20.0,-638.0,365.0,196.0,160.0
-81.0,89.0,178.0,312.0,111.0,-16.0,-773.0,371.0,185.0,114.0
9.0,-113.0,163.0,250.0,-2.0,56.0,-567.0,212.0,145.0,92.0
51.0,-90.0,102.0,126.0,-61.0,62.0,-224.0,375.0,122.0,86.0
99.0,-143.0,121.0,28.0,28.0,221.0,-63.0,406.0,80.0,57.0
137.0,-92.0,101.0,-64.0,113.0,391.0,-51.0,443.0,35.0,37.0
195.0,-5.0,49.0,-166.0,-38.0,233.0,52.0,456.0,-33.0,52.0
208.0,-127.0,59.0,-159.0,-142.0,259.0,261.0,412.0,-64.0,75.0
228.0,-85.0,41.0,-105.0,29.0,363.0,511.0,546.0,-111.0,84.0
264.0,58.0,39.0,-110.0,145.0,294.0,657.0,421.0,-168.0,102.0
247.0,25.0,56.0,-197.0,56.0,83.0,645.0,290.0,-161.0,145.0
214.0,96.0,73.0,-348.0,-33.0,-97.0,491.0,84.0,-212.0,162.0
157.0,390.0,79.0,-408.0,78.0,-9.0,364.0,-18.0,-233.0,170.0
176.0,292.0,58.0,-331.0,145.0,290.0,389.0,18.0,-250.0,193.0
200.0,137.0,71.0,-222.0,85.0,631.0,428.0,-33.0,-273.0,197.0
205.0,587.0,57.0,-169.0,-28.0,541.0,363.0,166.0,-257.0,170.0
200.0,636.0,63.0,-166.0,-37.0,233.0,225.0,269.0,-262.0,133.0
189.0,344.0,98.0,-155.0,91.0,223.0,196.0,317.0,-200.0,113.0
201.0,355.0,54.0,-129.0,101.0,202.0,280.0,290.0,-138.0,64.0
174.0,240.0,59.0,-85.0,-3.0,-41.0,389.0,136.0,-93.0,4.0
143.0,159.0,67.0,14.0,-48.0,-144.0,397.0,0.0,-27.0,-21.0
131.0,188.0,10.0,183.0,101.0,17.0,255.0,-184.0,32.0,-60.0
104.0,149.0,9.0,266.0,106.0,237.0,77.0,-55.0,125.0,-115.0
84.0,97.0,-23.0,268.0,-86.0,458.0,-18.0,136.0,194.0,-155.0
60.0,36.0,-86.0,299.0,-103.0,534.0,-62.0,360.0,242.0,-171.0
49.0,54.0,-122.0,260.0,-14.0,440.0,-180.0,558.0,306.0,-203.0
34.0,-88.0,-150.0,223.0,7.0,285.0,-397.0,524.0,356.0,-235.0
-21.0,-178.0,-198.0,220.0,-27.0,136.0,-591.0,537.0,397.0,-241.0
-37.0,-91.0,-207.0,140.0,-99.0,-35.0,-619.0,413.0,423.0,-261.0
-67.0,-359.0,-196.0,20.0,-24.0,-47.0,-605.0,319.0,443.0,-296.0
-87.0,-303.0,-264.0,-109.0,60.0,158.0,-592.0,175.0,450.0,-316.0
-110.0,-79.0,-262.0,-227.0,-105.0,183.0,-484.0,38.0,433.0,-310.0
-133.0,-146.0,-271.0,-280.0,-115.0,87.0,-292.0,44.0,415.0,-308.0
-124.0,85.0,-280.0,-316.0,31.0,-27.0,-77.0,3.0,381.0,-313.0
-153.0,192.0,-193.0,-234.0,25.0,-87.0,101.0,114.0,344.0,-300.0
-187.0,85.0,-185.0,-83.0,-64.0,4.0,211.0,42.0,287.0,-268.0
-214.0,-19.0,-173.0,-22.0,-73.0,194.0,235.0,44.0,220.0,-236.0
-198.0,-44.0,-115.0,38.0,14.0,193.0,234.0,203.0,174.0,-205.0
-215.0,-59.0,-125.0,60.0,52.0,50.0,164.0,345.0,105.0,-143.0
-249.0,-181.0,-65.0,39.0,39.0,296.0,70.0,493.0,41.0,-68.0
-239.0,-208.0,7.0,-11.0,-50.0,425.0,29.0,328.0,2.0,-13.0
-205.0,-418.0,7.0,-10.0,-57.0,108.0,29.0,253.0,-52.0,49.0
-168.0,-443.0,41.0,17.0,86.0,-61.0,115.0,212.0,-106.0,127.0
-154.0,-214.0,43.0,18.0,27.0,102.0,280.0,251.0,-122.0,172.0
-111.0,-268.0,55.0,40.0,-113.0,315.0,386.0,297.0,-176.0,197.0
-62.0,-189.0,64.0,86.0,1.0,250.0,373.0,112.0,-220.0,239.0
-66.0,-22.0,50.0,152.0,56.0,54.0,426.0,-27.0,-219.0,249.0
-95.0,61.0,43.0,111.0,-40.0,-38.0,468.0,-225.0,-242.0,203.0
-85.0,6.0,32.0,107.0,-26.0,-98.0,296.0,-269.0,-216.0,149.0
-84.0,-137.0,45.0,148.0,-19.0,22.0,25.0,-301.0,-196.0,94.0
-105.0,-86.0,82.0,208.0,15.0,223.0,-211.0,-212.0,-210.0,20.0
-135.0,-196.0,125.0,362.0,47.0,301.0,-411.0,49.0,-181.0,-64.0
-96.0,-109.0,99.0,380.0,-80.0,282.0,-539.0,77.0,-162.0,-130.0
-46.0,-115.0,114.0,369.0,-37.0,180.0,-610.0,186.0,-131.0,-171.0
-56.0,-285.0,108.0,390.0,115.0,90.0,-777.0,97.0,-97.0,-202.0
-86.0,74.0,51.0,284.0,31.0,39.0,-955.0,-68.0,-104.0,-210.0
-91.0,235.0,83.0,229.0,-56.0,-22.0,-863.0,-125.0,-47.0,-179.0
-43.0,153.0,68.0,149.0,-55.0,-65.0,-505.0,-301.0,10.0,-142.0
-78.0,103.0,66.0,9.0,-5.0,0.0,-229.0,-256.0,29.0,-98.0
-83.0,197.0,105.0,-112.0,102.0,75.0,-181.0,-157.0,74.0,-21.0
-60.0,247.0,95.0,-223.0,5.0,157.0,-172.0,18.0,112.0,61.0
-21.0,81.0,118.0,-228.0,-81.0,198.0,0.0,101.0,157.0,108.0
11.0,121.0,143.0,-253.0,136.0,138.0,380.0,133.0,186.0,136.0
33.0,83.0,98.0,-257.0,174.0,4.0,643.0,260.0,199.0,183.0
110.0,115.0,87.0,-186.0,-8.0,-179.0,553.0,253.0,187.0,209.0
108.0,180.0,141.0,-134.0,9.0,-138.0,293.0,306.0,212.0,187.0
90.0,58.0,183.0,-133.0,58.0,19.0,175.0,136.0,235.0,153.0
76.0,101.0,233.0,-183.0,86.0,-113.0,240.0,101.0,205.0,125.0
99.0,221.0,261.0,-186.0,40.0,-280.0,236.0,269.0,242.0,81.0
97.0,199.0,281.0,-153.0,-129.0,-129.0,54.0,212.0,239.0,29.0
67.0,212.0,310.0,-62.0,-37.0,11.0,-100.0,96.0,225.0,6.0
68.0,413.0,285.0,119.0,135.0,-100.0,-34.0,-169.0,258.0,-18.0
56.0,405.0,291.0,278.0,13.0,-158.0,155.0,-254.0,252.0,-37.0
57.0,283.0,272.0,328.0,-65.0,212.0,204.0,-339.0,266.0,-40.0
49.0,200.0,271.0,157.0,46.0,428.0,-84.0,-369.0,253.0,-29.0
87.0,9.0,306.0,-144.0,116.0,215.0,-488.0,-214.0,235.0,-10.0
141.0,-144.0,289.0,-320.0,133.0,14.0,-712.0,-177.0,235.0,3.0
177.0,-257.0,287.0,-349.0,5.0,-141.0,-728.0,-51.0,204.0,18.0
153.0,-349.0,264.0,-299.0,-88.0,-43.0,-685.0,-70.0,192.0,23.0
141.0,-369.0,283.0,-271.0,107.0,16.0,-746.0,97.0,198.0,19.0
163.0,-285.0,226.0,-306.0,159.0,-71.0,-811.0,410.0,182.0,11.0
170.0,-227.0,166.0,-389.0,-60.0,-100.0,-647.0,491.0,165.0,15.0
174.0,-7.0,173.0,-411.0,-30.0,-114.0,-210.0,478.0,169.0,35.0
161.0,256.0,77.0,-328.0,179.0,88.0,207.0,297.0,152.0,41.0
181.0,186.0,72.0,-162.0,160.0,195.0,405.0,279.0,141.0,38.0
177.0,149.0,26.0,50.0,-10.0,15.0,400.0,127.0,130.0,60.0
170.0,185.0,-64.0,134.0,-58.0,-101.0,320.0,-112.0,108.0,86.0
125.0,112.0,-58.0,42.0,89.0,-25.0,314.0,-173.0,111.0,80.0
64.0,-48.0,-81.0,-158.0,84.0,-37.0,422.0,-147.0,85.0,81.0
10.0,-169.0,-86.0,-321.0,-38.0,-172.0,543.0,-75.0,76.0,73.0
-45.0,-135.0,-68.0,-316.0,-50.0,-62.0,457.0,-306.0,98.0,41.0
-67.0,-76.0,-69.0,-134.0,-6.0,43.0,179.0,-456.0,86.0,14.0
-84.0,-45.0,-96.0,79.0,38.0,10.0,-65.0,-554.0,55.0,-6.0
-59.0,-98.0,-69.0,189.0,-66.0,11.0,-84.0,-454.0,23.0,-37.0
-70.0,48.0,-84.0,91.0,-95.0,-9.0,39.0,-116.0,3.0,-83.0
-71.0,141.0,-102.0,-123.0,0.0,-18.0,43.0,-3.0,-24.0,-111.0
-64.0,2.0,-64.0,-333.0,42.0,-49.0,-119.0,238.0,-59.0,-123.0
-80.0,-1.0,-104.0,-473.0,11.0,-157.0,-194.0,314.0,-85.0,-127.0
-63.0,-41.0,-88.0,-297.0,-90.0,-273.0,-62.0,303.0,-98.0,-146.0
-64.0,-11.0,-80.0,-65.0,-32.0,-111.0,29.0,334.0,-103.0,-149.0
-68.0,71.0,-79.0,31.0,129.0,-52.0,-52.0,275.0,-143.0,-133.0
-61.0,99.0,-59.0,44.0,51.0,-331.0,-289.0,319.0,-148.0,-134.0
-26.0,-28.0,-66.0,-76.0,-120.0,-423.0,-580.0,155.0,-139.0,-127.0
0.0,-119.0,-51.0,-197.0,-25.0,-254.0,-767.0,22.0,-141.0,-145.0
-15.0,83.0,-24.0,-197.0,19.0,-62.0,-716.0,-175.0,-118.0,-167.0
-61.0,143.0,-8.0,-26.0,-60.0,-91.0,-550.0,-279.0,-129.0,-189.0
-102.0,41.0,-3.0,158.0,-49.0,-155.0,-500.0,-216.0,-114.0,-209.0
-138.0,69.0,45.0,262.0,-88.0,-279.0,-448.0,-336.0,-94.0,-227.0
-148.0,215.0,58.0,191.0,21.0,-289.0,-248.0,-230.0,-98.0,-269.0
-132.0,212.0,110.0,3.0,69.0,-56.0,72.0,-216.0,-68.0,-278.0
-127.0,146.0,172.0,-94.0,-76.0,-47.0,336.0,-195.0,-51.0,-272.0
-130.0,212.0,174.0,-61.0,-85.0,-129.0,424.0,-186.0,-36.0,-275.0
-164.0,205.0,203.0,2.0,-14.0,-171.0,347.0,-251.0,0.0,-276.0
-214.0,23.0,202.0,28.0,28.0,-191.0,253.0,24.0,25.0,-268.0
-258.0,-49.0,222.0,45.0,-71.0,-250.0,317.0,181.0,0.0,-250.0
-244.0,-83.0,217.0,9.0,-89.0,-397.0,414.0,280.0,-7.0,-244.0
-222.0,-175.0,154.0,-55.0,37.0,-369.0,366.0,264.0,17.0,-225.0
-199.0,-185.0,141.0,-69.0,27.0,-296.0,228.0,219.0,22.0,-200.0
-180.0,-200.0,112.0,48.0,-14.0,-384.0,167.0,258.0,0.0,-172.0
-171.0,-129.0,82.0,197.0,29.0,-440.0,194.0,40.0,-30.0,-138.0
-131.0,-29.0,64.0,240.0,63.0,-422.0,338.0,-107.0,-29.0,-80.0
-128.0,22.0,45.0,219.0,70.0,-300.0,480.0,-282.0,-37.0,6.0
-147.0,-86.0,4.0,181.0,50.0,-358.0,455.0,-356.0,-58.0,80.0
-146.0,-106.0,-69.0,94.0,-8.0,-346.0,349.0,-352.0,-58.0,163.0
-83.0,-2.0,-87.0,-24.0,80.0,-184.0,186.0,-441.0,-57.0,253.0
-14.0,-138.0,-122.0,-134.0,118.0,-316.0,45.0,-338.0,-85.0,315.0
23.0,-167.0,-83.0,-182.0,-3.0,-255.0,-38.0,-271.0,-114.0,357.0
37.0,-181.0,-50.0,-184.0,42.0,-279.0,-122.0,-125.0,-150.0,388.0
49.0,-248.0,-59.0,-281.0,78.0,-239.0,-299.0,-99.0,-189.0,387.0
43.0,-125.0,5.0,-377.0,14.0,-93.0,-520.0,-86.0,-206.0,358.0
-12.0,-94.0,-8.0,-418.0,-13.0,-106.0,-579.0,88.0,-222.0,332.0
-26.0,-71.0,10.0,-387.0,-100.0,18.0,-478.0,73.0,-223.0,304.0
14.0,118.0,61.0,-255.0,-89.0,-154.0,-408.0,72.0,-234.0,259.0
76.0,124.0,41.0,-48.0,31.0,-191.0,-472.0,-22.0,-219.0,213.0
96.0,-24.0,28.0,149.0,-3.0,-119.0,-485.0,16.0,-206.0,190.0
106.0,-39.0,46.0,287.0,-82.0,-148.0,-278.0,40.0,-221.0,151.0
132.0,-42.0,34.0,314.0,-10.0,84.0,44.0,70.0,-190.0,104.0
151.0,-78.0,15.0,163.0,46.0,304.0,196.0,264.0,-170.0,67.0
136.0,-152.0,40.0,65.0,-50.0,239.0,169.0,171.0,-155.0,39.0
121.0,-121.0,21.0,80.0,-107.0,6.0,157.0,214.0,-126.0,4.0
120.0,29.0,36.0,170.0,-76.0,-87.0,219.0,120.0,-115.0,-61.0
131.0,28.0,39.0,250.0,78.0,-151.0,364.0,-86.0,-64.0,-105.0
145.0,120.0,18.0,218.0,103.0,-155.0,496.0,-216.0,-17.0,-144.0
126.0,305.0,46.0,109.0,-88.0,-37.0,590.0,-288.0,11.0,-200.0
137.0,377.0,9.0,-47.0,3.0,101.0,622.0,-16.0,62.0,-250.0
136.0,356.0,14.0,-126.0,115.0,115.0,536.0,88.0,99.0,-274.0
110.0,303.0,36.0,-141.0,18.0,143.0,412.0,229.0,129.0,-301.0
38.0,315.0,-6.0,-166.0,-85.0,254.0,390.0,253.0,175.0,-351.0
5.0,344.0,-7.0,-207.0,-74.0,112.0,378.0,186.0,215.0,-365.0
3.0,274.0,20.0,-300.0,32.0,22.0,178.0,125.0,233.0,-359.0
-44.0,54.0,12.0,-403.0,38.0,145.0,-155.0,-127.0,262.0,-354.0
-83.0,51.0,19.0,-383.0,-1.0,102.0,-417.0,-60.0,279.0,-344.0
-97.0,-35.0,55.0,-357.0,-59.0,31.0,-425.0,-24.0,290.0,-309.0
-72.0,-220.0,54.0,-315.0,2.0,160.0,-336.0,120.0,299.0,-263.0
-74.0,-94.0,52.0,-259.0,74.0,35.0,-382.0,216.0,282.0,-238.0
-50.0,-199.0,40.0,-321.0,-40.0,-62.0,-546.0,96.0,318.0,-209.0
-4.0,-297.0,38.0,-387.0,-76.0,206.0,-639.0,103.0,341.0,-187.0
10.0,-206.0,26.0,-401.0,-12.0,271.0,-582.0,-44.0,318.0,-167.0
-22.0,-273.0,-20.0,-276.0,63.0,-10.0,-451.0,24.0,295.0,-156.0
-51.0,-397.0,-13.0,-100.0,109.0,-144.0,-305.0,97.0,261.0,-142.0
-31.0,-383.0,-7.0,69.0,-8.0,38.0,-199.0,140.0,222.0,-120.0
-33.0,-222.0,-31.0,231.0,-78.0,0.0,-44.0,214.0,137.0,-118.0
-52.0,-214.0,-38.0,259.0,105.0,-73.0,197.0,57.0,62.0,-114.0
-77.0,-277.0,-31.0,308.0,102.0,-60.0,417.0,-33.0,18.0,-114.0
-63.0,-230.0,-38.0,346.0,-98.0,-173.0,570.0,-121.0,-40.0,-113.0
-30.0,-110.0,-46.0,310.0,35.0,-262.0,724.0,-27.0,-96.0,-114.0
2.0,-17.0,-33.0,286.0,141.0,-361.0,783.0,-7.0,-174.0,-134.0
2.0,-72.0,-37.0,257.0,10.0,-246.0,642.0,-66.0,-224.0,-154.0
-14.0,-71.0,-37.0,206.0,-26.0,-50.0,504.0,-48.0,-285.0,-178.0
6.0,-89.0,-44.0,129.0,-60.0,-36.0,464.0,-177.0,-390.0,-202.0
-1.0,-129.0,-80.0,83.0,-17.0,-171.0,322.0,-109.0,-424.0,-216.0
-28.0,-44.0,-83.0,6.0,67.0,-347.0,24.0,-210.0,-461.0,-215.0
-17.0,-197.0,-121.0,-94.0,-48.0,-281.0,-214.0,-365.0,-507.0,-188.0
12.0,-205.0,-115.0,-184.0,-100.0,-194.0,-327.0,-341.0,-500.0,-160.0
12.0,-59.0,-98.0,-242.0,40.0,-112.0,-333.0,-306.0,-500.0,-130.0
4.0,-100.0,-141.0,-228.0,1.0,66.0,-327.0,12.0,-467.0,-83.0
13.0,-132.0,-116.0,-147.0,-106.0,-35.0,-473.0,334.0,-430.0,-40.0
32.0,-283.0,-132.0,-94.0,-74.0,-185.0,-719.0,626.0,-417.0,-4.0
32.0,-152.0,-151.0,-131.0,-20.0,-173.0,-796.0,642.0,-360.0,11.0
11.0,-48.0,-145.0,-228.0,-3.0,-234.0,-590.0,354.0,-301.0,37.0
4.0,-147.0,-154.0,-294.0,-87.0,-393.0,-391.0,49.0,-257.0,56.0
7.0,-53.0,-154.0,-239.0,-108.0,-366.0,-354.0,-286.0,-188.0,46.0
32.0,1.0,-137.0,-189.0,-53.0,-90.0,-428.0,-356.0,-150.0,18.0
52.0,61.0,-110.0,-98.0,-8.0,-98.0,-478.0,-310.0,-120.0,-33.0
57.0,11.0,-100.0,-51.0,-42.0,-271.0,-417.0,-155.0,-54.0,-101.0
83.0,125.0,-48.0,42.0,-179.0,-235.0,-326.0,-97.0,-13.0,-168.0
47.0,283.0,-31.0,176.0,-114.0,-241.0,-296.0,-192.0,30.0,-236.0
-27.0,153.0,-28.0,230.0,46.0,-333.0,-361.0,-182.0,54.0,-314.0
-63.0,173.0,5.0,308.0,-44.0,-423.0,-380.0,-343.0,74.0,-364.0
-54.0,253.0,36.0,235.0,-78.0,-477.0,-280.0,-295.0,97.0,-388.0
-26.0,190.0,69.0,110.0,118.0,-404.0,-87.0,-90.0,71.0,-395.0
-30.0,153.0,62.0,-48.0,127.0,-245.0,109.0,88.0,87.0,-376.0
12.0,222.0,49.0,-138.0,-14.0,-70.0,226.0,234.0,114.0,-344.0
70.0,135.0,33.0,-161.0,-80.0,7.0,268.0,216.0,105.0,-289.0
93.0,-24.0,10.0,-211.0,-88.0,-29.0,310.0,327.0,106.0,-215.0
63.0,-118.0,-11.0,-222.0,25.0,-112.0,306.0,304.0,102.0,-132.0
15.0,-165.0,-28.0,-318.0,49.0,-257.0,206.0,251.0,100.0,-53.0
23.0,-157.0,-31.0,-417.0,-81.0,-270.0,162.0,114.0,93.0,25.0
68.0,-243.0,-44.0,-479.0,-21.0,-175.0,115.0,-48.0,89.0,86.0
143.0,-310.0,-66.0,-477.0,120.0,-208.0,-3.0,-49.0,89.0,135.0
169.0,-307.0,-93.0,-497.0,45.0,-271.0,-99.0,-323.0,84.0,179.0
201.0,-173.0,-109.0,-491.0,-38.0,-246.0,-84.0,-424.0,82.0,222.0
217.0,-161.0,-119.0,-445.0,-75.0,-208.0,-49.0,-410.0,60.0,262.0
201.0,-76.0,-128.0,-410.0,0.0,-274.0,-191.0,-325.0,30.0,294.0
186.0,166.0,-111.0,-239.0,111.0,-214.0,-416.0,-212.0,0.0,321.0
142.0,114.0,-89.0,-20.0,-18.0,8.0,-538.0,-214.0,-25.0,337.0
123.0,125.0,-65.0,152.0,-16.0,16.0,-538.0,-16.0,-31.0,358.0
111.0,104.0,-47.0,184.0,89.0,-158.0,-483.0,29.0,-44.0,364.0
135.0,15.0,-41.0,89.0,78.0,-204.0,-523.0,96.0,-74.0,352.0
144.0,-7.0,-5.0,-30.0,20.0,-131.0,-705.0,-27.0,-101.0,345.0
125.0,-33.0,29.0,-134.0,-76.0,-92.0,-698.0,-210.0,-120.0,334.0
111.0,-97.0,32.0,-174.0,-37.0,-90.0,-402.0,-133.0,-155.0,300.0
74.0,-236.0,33.0,-111.0,44.0,-132.0,-144.0,-243.0,-189.0,258.0
2.0,-226.0,21.0,-12.0,17.0,-185.0,-102.0,-206.0,-218.0,219.0
-66.0,-297.0,25.0,75.0,-21.0,-224.0,-90.0,-134.0,-251.0,168.0
-42.0,-270.0,42.0,175.0,46.0,-263.0,71.0,-29.0,-263.0,90.0
-2.0,-150.0,24.0,211.0,96.0,-287.0,235.0,116.0,-297.0,15.0
-4.0,-190.0,13.0,150.0,81.0,-248.0,324.0,101.0,-330.0,-58.0
-14.0,-16.0,11.0,36.0,-16.0,-187.0,426.0,86.0,-315.0,-142.0
-24.0,95.0,-42.0,-91.0,-86.0,-169.0,524.0,-7.0,-281.0,-204.0
-38.0,-7.0,-58.0,-76.0,55.0,-95.0,486.0,64.0,-260.0,-268.0
-74.0,103.0,-37.0,98.0,117.0,-18.0,403.0,-18.0,-230.0,-315.0
-143.0,186.0,-73.0,266.0,33.0,-14.0,305.0,-186.0,-194.0,-348.0
-177.0,120.0,-54.0,370.0,19.0,82.0,102.0,-121.0,-172.0,-376.0
-177.0,226.0,-53.0,311.0,88.0,17.0,-28.0,-160.0,-137.0,-383.0
-164.0,235.0,-104.0,176.0,120.0,-157.0,-18.0,-103.0,-95.0,-390.0
-148.0,189.0,-100.0,63.0,26.0,-180.0,-57.0,-136.0,-41.0,-379.0
-181.0,367.0,-118.0,-36.0,-60.0,-250.0,-180.0,-99.0,4.0,-355.0
-182.0,346.0,-109.0,-17.0,35.0,-158.0,-211.0,-51.0,35.0,-310.0
-185.0,299.0,-36.0,41.0,86.0,-112.0,-140.0,-175.0,74.0,-262.0
-200.0,330.0,-40.0,21.0,41.0,-47.0,-37.0,-166.0,90.0,-217.0
-198.0,178.0,-13.0,-6.0,76.0,66.0,98.0,-264.0,101.0,-166.0
-217.0,125.0,31.0,6.0,77.0,57.0,322.0,-205.0,135.0,-108.0
-242.0,88.0,10.0,54.0,115.0,153.0,528.0,-210.0,132.0,-62.0
-275.0,89.0,58.0,154.0,77.0,36.0,518.0,-371.0,107.0,-38.0
-251.0,22.0,43.0,195.0,-56.0,-39.0,381.0,-360.0,95.0,12.0
-225.0,-6.0,45.0,98.0,-28.0,-79.0,263.0,-280.0,93.0,53.0
-195.0,38.0,81.0,-95.0,76.0,-26.0,182.0,-90.0,94.0,71.0
-118.0,-182.0,43.0,-246.0,13.0,3.0,152.0,-96.0,80.0,82.0
-22.0,-230.0,81.0,-255.0,-121.0,-31.0,241.0,-55.0,92.0,91.0
63.0,-327.0,95.0,-141.0,-89.0,189.0,251.0,-16.0,90.0,103.0
71.0,-409.0,79.0,-13.0,-11.0,79.0,144.0,-99.0,74.0,97.0
72.0,-387.0,84.0,98.0,-48.0,-40.0,152.0,-70.0,66.0,93.0
71.0,-439.0,45.0,179.0,-168.0,-29.0,249.0,-160.0,42.0,80.0
80.0,-249.0,8.0,197.0,-153.0,100.0,320.0,-64.0,30.0,56.0
93.0,-209.0,-36.0,181.0,-35.0,68.0,331.0,77.0,8.0,28.0
103.0,-168.0,-59.0,38.0,-64.0,-110.0,325.0,123.0,-19.0,1.0
155.0,59.0,-112.0,-65.0,-128.0,128.0,177.0,173.0,-55.0,-26.0
195.0,112.0,-135.0,-131.0,-47.0,145.0,4.0,134.0,-74.0,-71.0
242.0,95.0,-116.0,-103.0,11.0,129.0,-90.0,110.0,-82.0,-99.0
233.0,226.0,-193.0,65.0,-79.0,243.0,-140.0,-96.0,-100.0,-126.0
231.0,315.0,-202.0,181.0,-121.0,250.0,-23.0,-147.0,-125.0,-145.0
282.0,323.0,-201.0,179.0,-15.0,231.0,172.0,-62.0,-164.0,-144.0
307.0,361.0,-197.0,-63.0,38.0,371.0,285.0,-38.0,-175.0,-130.0
306.0,281.0,-174.0,-309.0,-30.0,634.0,203.0,-42.0,-184.0,-91.0
254.0,185.0,-163.0,-418.0,-33.0,463.0,77.0,-164.0,-175.0,-57.0
239.0,188.0,-139.0,-450.0,-43.0,313.0,72.0,-92.0,-147.0,-23.0
238.0,37.0,-189.0,-374.0,-17.0,444.0,185.0,-118.0,-111.0,0.0
187.0,-231.0,-140.0,-252.0,7.0,550.0,241.0,-210.0,-62.0,1.0
115.0,-172.0,-143.0,-107.0,-42.0,575.0,110.0,-236.0,-29.0,-4.0
95.0,-232.0,-169.0,38.0,-6.0,430.0,-87.0,-151.0,0.0,-20.0
129.0,-413.0,-116.0,121.0,-45.0,353.0,-224.0,188.0,4.0,-38.0
138.0,-247.0,-116.0,179.0,-19.0,323.0,-236.0,249.0,15.0,-63.0
118.0,-98.0,-86.0,279.0,-4.0,270.0,-169.0,221.0,19.0,-72.0
91.0,-137.0,-59.0,325.0,-98.0,232.0,32.0,177.0,15.0,-82.0
68.0,-68.0,-20.0,313.0,2.0,315.0,236.0,157.0,20.0,-87.0
-21.0,81.0,-6.0,218.0,73.0,363.0,289.0,116.0,-7.0,-89.0
-126.0,17.0,10.0,75.0,-53.0,6.0,264.0,-140.0,-12.0,-117.0
-193.0,102.0,12.0,27.0,-105.0,-181.0,256.0,-216.0,-17.0,-138.0
-199.0,148.0,-9.0,20.0,36.0,-113.0,368.0,-382.0,-57.0,-161.0
-189.0,-42.0,3.0,11.0,50.0,5.0,558.0,-410.0,-74.0,-189.0
-201.0,-169.0,3.0,81.0,0.0,100.0,666.0,-341.0,-87.0,-222.0
-213.0,-144.0,19.0,122.0,-15.0,147.0,627.0,-310.0,-118.0,-241.0
-225.0,-180.0,9.0,81.0,-87.0,317.0,639.0,-44.0,-153.0,-231.0
-191.0,-410.0,10.0,24.0,20.0,198.0,668.0,-20.0,-182.0,-221.0
-209.0,-380.0,5.0,-27.0,5.0,114.0,564.0,0.0,-203.0,-203.0
-264.0,-264.0,-10.0,-36.0,-121.0,112.0,381.0,-24.0,-197.0,-187.0
-321.0,-302.0,-22.0,37.0,-2.0,93.0,219.0,-120.0,-156.0,-159.0
-337.0,-274.0,-32.0,124.0,57.0,177.0,137.0,-133.0,-124.0,-106.0
-312.0,-17.0,-7.0,81.0,26.0,53.0,65.0,-203.0,-104.0,-68.0
-289.0,125.0,-13.0,20.0,-8.0,-7.0,-83.0,-164.0,-70.0,-41.0
-253.0,220.0,22.0,-79.0,-40.0,11.0,-311.0,-208.0,-22.0,-18.0
-271.0,284.0,26.0,-248.0,33.0,-16.0,-446.0,-49.0,24.0,4.0
-294.0,69.0,13.0,-332.0,59.0,66.0,-339.0,62.0,89.0,6.0
-317.0,90.0,43.0,-285.0,-6.0,234.0,-160.0,-86.0,150.0,-19.0
-317.0,211.0,6.0,-159.0,-94.0,87.0,-149.0,-147.0,204.0,-42.0
-274.0,222.0,-9.0,-30.0,-15.0,-107.0,-199.0,-273.0,246.0,-67.0
-218.0,166.0,-8.0,139.0,115.0,15.0,-190.0,-182.0,252.0,-95.0
-188.0,137.0,-10.0,252.0,9.0,162.0,-116.0,-92.0,264.0,-118.0
-213.0,7.0,5.0,269.0,-53.0,223.0,25.0,-40.0,246.0,-130.0
-241.0,5.0,25.0,268.0,-24.0,133.0,95.0,64.0,229.0,-139.0
-251.0,203.0,0.0,145.0,-35.0,118.0,117.0,77.0,203.0,-130.0
-227.0,-31.0,31.0,1.0,-74.0,-22.0,131.0,221.0,154.0,-103.0
-203.0,-185.0,31.0,-23.0,-68.0,-179.0,123.0,127.0,117.0,-83.0
-183.0,-236.0,-47.0,15.0,-32.0,-215.0,105.0,-25.0,57.0,-57.0
-144.0,-359.0,29.0,29.0,29.0,-298.0,92.0,-147.0,19.0,-42.0
-112.0,-324.0,24.0,8.0,-20.0,-51.0,70.0,-280.0,-28.0,-14.0
-89.0,-408.0,8.0,-44.0,-149.0,99.0,-9.0,-288.0,-70.0,-4.0
-73.0,-493.0,64.0,-180.0,6.0,-13.0,-51.0,-351.0,-90.0,-4.0
-103.0,-376.0,45.0,-205.0,-3.0,-61.0,-40.0,-197.0,-111.0,7.0
-140.0,-234.0,12.0,-128.0,-113.0,-61.0,-44.0,-184.0,-112.0,-6.0
-107.0,-312.0,-23.0,-47.0,11.0,-155.0,-109.0,-219.0,-120.0,-7.0
-30.0,-262.0,-39.0,-20.0,8.0,-214.0,-200.0,-223.0,-83.0,-28.0
3.0,10.0,-69.0,-41.0,-54.0,13.0,-300.0,-312.0,-37.0,-45.0
0.0,0.0,-46.0,71.0,-2.0,52.0,-345.0,-147.0,-1.0,-57.0
15.0,26.0,-53.0,175.0,-15.0,-42.0,-250.0,-153.0,25.0,-93.0
-8.0,77.0,-52.0,272.0,-65.0,2.0,-213.0,-127.0,41.0,-108.0
-89.0,6.0,-61.0,357.0,67.0,50.0,-284.0,-112.0,56.0,-123.0
-157.0,270.0,-116.0,363.0,17.0,47.0,-243.0,-123.0,55.0,-156.0
-146.0,346.0,-100.0,183.0,-117.0,25.0,-62.0,-116.0,68.0,-190.0
-52.0,126.0,-108.0,-65.0,4.0,60.0,-29.0,-249.0,61.0,-199.0
37.0,136.0,-112.0,-166.0,98.0,-18.0,-166.0,-144.0,62.0,-213.0
68.0,227.0,-119.0,-271.0,43.0,-50.0,-270.0,-149.0,49.0,-234.0
69.0,199.0,-130.0,-307.0,-41.0,23.0,-250.0,-55.0,33.0,-224.0
69.0,232.0,-173.0,-222.0,-8.0,143.0,-54.0,-116.0,46.0,-205.0
65.0,202.0,-135.0,-142.0,4.0,239.0,146.0,-386.0,5.0,-185.0
38.0,87.0,-83.0,-114.0,-48.0,166.0,140.0,-358.0,-29.0,-134.0
36.0,113.0,-105.0,-69.0,-77.0,39.0,-33.0,-456.0,-31.0,-72.0
111.0,-105.0,-54.0,-50.0,-16.0,-155.0,-134.0,-441.0,-42.0,-13.0
132.0,-190.0,-76.0,0.0,93.0,-266.0,-62.0,-426.0,-58.0,61.0
96.0,-93.0,-74.0,13.0,14.0,-437.0,91.0,-373.0,-84.0,126.0
96.0,-102.0,-58.0,-88.0,-61.0,-452.0,164.0,-269.0,-107.0,187.0
123.0,24.0,-98.0,-153.0,35.0,-145.0,31.0,-321.0,-106.0,251.0
129.0,131.0,-110.0,-192.0,28.0,-119.0,-113.0,-219.0,-102.0,307.0
86.0,276.0,-139.0,-79.0,-35.0,-106.0,-71.0,-238.0,-111.0,369.0
81.0,376.0,-151.0,24.0,53.0,71.0,68.0,-195.0,-114.0,417.0
94.0,405.0,-180.0,7.0,12.0,115.0,109.0,-253.0,-117.0,448.0
97.0,276.0,-205.0,-64.0,-80.0,-85.0,67.0,-410.0,-76.0,462.0
83.0,169.0,-179.0,-177.0,108.0,-379.0,46.0,-299.0,-43.0,463.0
25.0,201.0,-178.0,-184.0,60.0,-385.0,-10.0,-304.0,-25.0,437.0
-36.0,-14.0,-227.0,-107.0,-148.0,-155.0,-71.0,-208.0,28.0,374.0
-78.0,-70.0,-223.0,-61.0,46.0,104.0,-42.0,-182.0,55.0,310.0
-83.0,-43.0,-196.0,-47.0,74.0,184.0,-89.0,-55.0,62.0,253.0
-66.0,-120.0,-224.0,-27.0,-84.0,152.0,-273.0,195.0,63.0,180.0
-45.0,-38.0,-171.0,-62.0,-22.0,131.0,-369.0,55.0,55.0,113.0
-20.0,-85.0,-162.0,-90.0,7.0,-9.0,-309.0,-59.0,48.0,69.0
-18.0,-18.0,-193.0,-114.0,100.0,-151.0,-217.0,-295.0,57.0,18.0
-60.0,189.0,-148.0,-82.0,136.0,-80.0,-198.0,-367.0,75.0,-24.0
-95.0,151.0,-159.0,-39.0,14.0,239.0,-251.0,-286.0,80.0,-43.0
-125.0,119.0,-140.0,-142.0,31.0,354.0,-402.0,-282.0,69.0,-59.0
-155.0,228.0,-94.0,-247.0,104.0,191.0,-521.0,-110.0,65.0,-74.0
-160.0,245.0,-71.0,-349.0,110.0,66.0,-414.0,-60.0,56.0,-85.0
-150.0,105.0,-58.0,-304.0,56.0,82.0,-220.0,3.0,32.0,-103.0
-141.0,27.0,-9.0,-96.0,-18.0,211.0,-132.0,-179.0,8.0,-121.0
-180.0,-35.0,-11.0,76.0,11.0,-2.0,-160.0,-218.0,-21.0,-130.0
-226.0,-162.0,-37.0,181.0,121.0,-149.0,-81.0,25.0,-1.0,-139.0
-243.0,-213.0,24.0,219.0,-15.0,-39.0,170.0,59.0,15.0,-150.0
-240.0,-299.0,-14.0,183.0,-118.0,-47.0,370.0,60.0,-14.0,-163.0
-251.0,-312.0,-2.0,67.0,91.0,-158.0,335.0,-168.0,-34.0,-160.0
-282.0,-170.0,55.0,22.0,108.0,-364.0,118.0,-273.0,-54.0,-154.0
-253.0,-306.0,34.0,65.0,-52.0,-273.0,-42.0,-286.0,-38.0,-153.0
-226.0,-361.0,86.0,130.0,-114.0,-115.0,12.0,-349.0,-29.0,-138.0
-235.0,-169.0,120.0,104.0,-1.0,-102.0,141.0,-378.0,-54.0,-131.0
-252.0,-157.0,77.0,41.0,87.0,-204.0,77.0,-375.0,-39.0,-143.0
-254.0,-117.0,66.0,27.0,-1.0,-258.0,-104.0,-107.0,-11.0,-148.0
-237.0,-100.0,72.0,13.0,-33.0,-173.0,-250.0,-107.0,-22.0,-153.0
-227.0,13.0,51.0,95.0,2.0,-71.0,-315.0,-158.0,-57.0,-155.0
-210.0,257.0,60.0,138.0,50.0,105.0,-400.0,-147.0,-71.0,-148.0
-179.0,336.0,64.0,160.0,81.0,-62.0,-584.0,-164.0,-80.0,-143.0
-129.0,277.0,66.0,266.0,10.0,-103.0,-648.0,5.0,-75.0,-127.0
-113.0,223.0,91.0,337.0,-39.0,41.0,-514.0,1.0,-79.0,-112.0
-114.0,297.0,70.0,316.0,137.0,-37.0,-371.0,44.0,-72.0,-119.0
-98.0,301.0,83.0,226.0,186.0,-175.0,-273.0,103.0,-53.0,-129.0
-71.0,51.0,87.0,148.0,0.0,-194.0,-67.0,147.0,-57.0,-119.0
-31.0,134.0,43.0,41.0,-51.0,89.0,172.0,101.0,-35.0,-114.0
-16.0,395.0,48.0,18.0,47.0,69.0,306.0,-79.0,-39.0,-122.0
-2.0,145.0,22.0,100.0,111.0,47.0,321.0,-72.0,-13.0,-100.0
-12.0,-18.0,15.0,72.0,-73.0,262.0,315.0,-186.0,39.0,-59.0
-54.0,-88.0,14.0,-95.0,-181.0,344.0,381.0,-201.0,49.0,-52.0
-64.0,-108.0,-10.0,-264.0,-57.0,296.0,436.0,-166.0,62.0,-46.0
-7.0,-167.0,5.0,-300.0,-54.0,82.0,436.0,-68.0,69.0,-21.0
65.0,-236.0,15.0,-234.0,-140.0,138.0,386.0,227.0,91.0,-26.0
65.0,-121.0,18.0,-113.0,-157.0,240.0,335.0,256.0,94.0,-28.0
44.0,-274.0,20.0,3.0,-105.0,123.0,337.0,279.0,72.0,-7.0
57.0,-189.0,45.0,-20.0,-14.0,75.0,413.0,225.0,59.0,22.0
49.0,-138.0,10.0,-160.0,-29.0,217.0,365.0,218.0,47.0,55.0
36.0,-198.0,20.0,-282.0,-157.0,404.0,130.0,216.0,29.0,83.0
53.0,-57.0,26.0,-308.0,-30.0,435.0,-90.0,9.0,0.0,145.0
58.0,-2.0,-38.0,-242.0,113.0,354.0,-269.0,-25.0,-22.0,200.0
60.0,-39.0,16.0,-83.0,28.0,156.0,-420.0,-136.0,-34.0,234.0
57.0,-52.0,5.0,75.0,-23.0,58.0,-525.0,-168.0,-21.0,273.0
62.0,218.0,-4.0,96.0,-16.0,66.0,-522.0,-181.0,-10.0,312.0
71.0,266.0,45.0,-2.0,103.0,-12.0,-388.0,-175.0,17.0,332.0
67.0,198.0,36.0,-124.0,150.0,-29.0,-183.0,-110.0,46.0,340.0
53.0,248.0,50.0,-111.0,-22.0,108.0,-48.0,-236.0,70.0,354.0
43.0,139.0,40.0,0.0,32.0,257.0,65.0,-157.0,127.0,343.0
68.0,121.0,7.0,136.0,265.0,350.0,275.0,-182.0,170.0,305.0
60.0,162.0,31.0,291.0,179.0,386.0,498.0,-155.0,200.0,252.0
19.0,35.0,16.0,318.0,11.0,343.0,472.0,-25.0,208.0,200.0
-52.0,-101.0,25.0,242.0,27.0,389.0,141.0,-90.0,222.0,154.0
-91.0,-14.0,88.0,163.0,154.0,592.0,-92.0,-1.0,244.0,95.0
-96.0,-66.0,42.0,73.0,112.0,552.0,-97.0,-22.0,220.0,47.0
-99.0,-134.0,52.0,-12.0,-58.0,279.0,-65.0,35.0,192.0,29.0
-68.0,25.0,63.0,-44.0,36.0,234.0,-132.0,123.0,162.0,1.0
-43.0,41.0,14.0,-64.0,94.0,200.0,-173.0,158.0,145.0,-11.0
9.0,-53.0,54.0,-75.0,-21.0,37.0,-126.0,234.0,139.0,15.0
34.0,-18.0,58.0,-52.0,-72.0,-56.0,-138.0,173.0,129.0,42.0
26.0,38.0,40.0,-61.0,-54.0,-22.0,-251.0,223.0,115.0,69.0
1.0,-71.0,55.0,-72.0,-26.0,104.0,-327.0,129.0,113.0,115.0
-5.0,-22.0,20.0,-19.0,0.0,102.0,-199.0,110.0,128.0,162.0
15.0,18.0,5.0,84.0,-73.0,65.0,-11.0,140.0,120.0,172.0
41.0,-116.0,36.0,101.0,-166.0,0.0,-35.0,33.0,131.0,185.0
95.0,-14.0,17.0,66.0,-57.0,-191.0,-204.0,48.0,148.0,188.0
126.0,-56.0,20.0,20.0,7.0,-235.0,-143.0,-51.0,174.0,155.0
147.0,-193.0,31.0,-43.0,-32.0,-134.0,60.0,1.0,215.0,135.0
151.0,-46.0,15.0,-38.0,-166.0,-169.0,137.0,22.0,213.0,97.0
170.0,32.0,26.0,25.0,-138.0,-243.0,95.0,-73.0,230.0,53.0
170.0,-38.0,33.0,177.0,90.0,-162.0,-4.0,-118.0,242.0,1.0
146.0,10.0,33.0,330.0,-54.0,-102.0,-19.0,-219.0,231.0,-74.0
157.0,129.0,55.0,344.0,-150.0,-185.0,156.0,-208.0,207.0,-122.0
182.0,-29.0,94.0,199.0,36.0,-292.0,487.0,-229.0,149.0,-177.0
197.0,-106.0,126.0,-20.0,107.0,-269.0,642.0,-96.0,118.0,-223.0
169.0,-42.0,143.0,-124.0,21.0,-231.0,540.0,-29.0,89.0,-262.0
158.0,-208.0,155.0,-58.0,-143.0,-271.0,271.0,-101.0,34.0,-288.0
157.0,-193.0,174.0,71.0,-79.0,-204.0,-138.0,-53.0,-44.0,-295.0
162.0,-155.0,153.0,162.0,126.0,-63.0,-441.0,-121.0,-114.0,-320.0
145.0,-363.0,147.0,224.0,65.0,54.0,-482.0,-35.0,-155.0,-315.0
119.0,-416.0,160.0,228.0,-116.0,-16.0,-444.0,92.0,-188.0,-307.0
128.0,-214.0,138.0,98.0,-30.0,-147.0,-470.0,260.0,-207.0,-310.0
112.0,-97.0,163.0,27.0,110.0,-191.0,-484.0,393.0,-227.0,-302.0
102.0,-130.0,174.0,62.0,72.0,-145.0,-504.0,290.0,-210.0,-274.0
93.0,24.0,144.0,133.0,-45.0,58.0,-398.0,203.0,-186.0,-241.0
122.0,208.0,165.0,273.0,-77.0,135.0,-186.0,-48.0,-163.0,-215.0
162.0,233.0,174.0,237.0,92.0,112.0,-93.0,-218.0,-143.0,-166.0
118.0,150.0,152.0,76.0,121.0,138.0,-82.0,-282.0,-131.0,-123.0
73.0,68.0,192.0,-34.0,1.0,174.0,-81.0,-212.0,-84.0,-93.0
62.0,250.0,219.0,-122.0,-21.0,52.0,-33.0,1.0,-57.0,-75.0
72.0,228.0,198.0,-79.0,36.0,-117.0,66.0,7.0,-36.0,-48.0
63.0,-69.0,204.0,55.0,88.0,-53.0,154.0,105.0,-14.0,-21.0
44.0,55.0,169.0,200.0,2.0,-2.0,174.0,48.0,21.0,-8.0
50.0,201.0,117.0,202.0,-60.0,-119.0,283.0,-97.0,57.0,14.0
53.0,86.0,113.0,121.0,20.0,-221.0,465.0,-175.0,60.0,37.0
44.0,158.0,94.0,43.0,76.0,-50.0,415.0,-288.0,74.0,61.0
20.0,304.0,85.0,-86.0,-16.0,208.0,133.0,-142.0,107.0,87.0
21.0,217.0,111.0,-169.0,-88.0,119.0,-254.0,0.0,151.0,122.0
18.0,115.0,116.0,-221.0,13.0,-29.0,-560.0,249.0,183.0,152.0
11.0,322.0,109.0,-179.0,144.0,-7.0,-599.0,356.0,209.0,171.0
17.0,299.0,70.0,-117.0,29.0,-170.0,-512.0,232.0,223.0,204.0
17.0,97.0,33.0,-125.0,-126.0,-317.0,-539.0,182.0,221.0,222.0
41.0,253.0,34.0,-130.0,14.0,-306.0,-589.0,64.0,232.0,231.0
76.0,257.0,-13.0,-186.0,81.0,-217.0,-484.0,131.0,240.0,223.0
134.0,47.0,-21.0,-278.0,39.0,-12.0,-319.0,101.0,227.0,208.0
175.0,63.0,6.0,-256.0,30.0,39.0,-210.0,181.0,241.0,200.0
178.0,68.0,2.0,-96.0,-65.0,-15.0,-136.0,271.0,258.0,183.0
166.0,-104.0,0.0,119.0,18.0,-43.0,-88.0,110.0,236.0,178.0
188.0,-119.0,-31.0,285.0,56.0,110.0,-73.0,99.0,205.0,168.0
231.0,-100.0,-52.0,343.0,-132.0,245.0,-113.0,-25.0,171.0,164.0
240.0,-200.0,-97.0,336.0,-76.0,323.0,-230.0,46.0,162.0,151.0
239.0,-298.0,-101.0,229.0,82.0,429.0,-235.0,75.0,162.0,138.0
236.0,-356.0,-79.0,89.0,46.0,287.0,-59.0,-27.0,142.0,127.0
222.0,-302.0,-89.0,12.0,-102.0,136.0,113.0,18.0,126.0,99.0
174.0,-211.0,-84.0,-53.0,-108.0,-1.0,113.0,-27.0,100.0,78.0
135.0,-159.0,-94.0,-50.0,43.0,-37.0,44.0,3.0,92.0,52.0
131.0,-151.0,-61.0,-31.0,63.0,62.0,132.0,-16.0,80.0,40.0
131.0,83.0,-50.0,-162.0,-12.0,184.0,224.0,175.0,46.0,10.0
99.0,114.0,-60.0,-304.0,-96.0,189.0,171.0,343.0,46.0,-14.0
66.0,-67.0,-58.0,-368.0,-24.0,41.0,79.0,332.0,53.0,-28.0
64.0,106.0,-52.0,-333.0,67.0,77.0,165.0,413.0,70.0,-45.0
82.0,62.0,-39.0,-126.0,39.0,191.0,305.0,341.0,82.0,-59.0
96.0,79.0,-2.0,128.0,-20.0,249.0,155.0,332.0,56.0,-90.0
79.0,205.0,23.0,294.0,-24.0,117.0,-177.0,145.0,52.0,-84.0
74.0,114.0,15.0,352.0,106.0,125.0,-315.0,-18.0,44.0,-103.0
74.0,117.0,32.0,336.0,58.0,150.0,-214.0,-14.0,22.0,-128.0
60.0,84.0,8.0,257.0,-29.0,-171.0,-141.0,-96.0,14.0,-143.0
12.0,34.0,46.0,121.0,8.0,-306.0,-166.0,-35.0,3.0,-169.0
0.0,-74.0,81.0,22.0,89.0,-235.0,-275.0,-77.0,15.0,-175.0
4.0,-5.0,84.0,21.0,100.0,-96.0,-297.0,-11.0,12.0,-190.0
1.0,81.0,170.0,42.0,-37.0,-74.0,-201.0,107.0,12.0,-183.0
3.0,-24.0,203.0,55.0,-22.0,-183.0,-296.0,190.0,4.0,-184.0
3.0,8.0,180.0,65.0,44.0,-190.0,-511.0,267.0,0.0,-175.0
7.0,39.0,195.0,113.0,21.0,-184.0,-534.0,214.0,23.0,-143.0
-49.0,1.0,184.0,131.0,7.0,-183.0,-442.0,386.0,20.0,-115.0
-92.0,45.0,142.0,119.0,10.0,-133.0,-414.0,428.0,1.0,-86.0
-107.0,48.0,122.0,94.0,59.0,-123.0,-319.0,410.0,4.0,-81.0
-93.0,-92.0,81.0,112.0,90.0,-68.0,-134.0,258.0,4.0,-63.0
-97.0,-55.0,74.0,214.0,35.0,-20.0,125.0,25.0,-4.0,-49.0
-112.0,67.0,85.0,266.0,-5.0,-317.0,429.0,73.0,-9.0,-64.0
-78.0,73.0,85.0,324.0,95.0,-556.0,632.0,-84.0,-21.0,-74.0
-53.0,27.0,81.0,290.0,148.0,-477.0,711.0,-197.0,-23.0,-77.0
-34.0,-15.0,79.0,211.0,48.0,-358.0,710.0,-230.0,-38.0,-87.0
-63.0,-68.0,69.0,147.0,9.0,-311.0,604.0,-92.0,-48.0,-86.0
-79.0,-108.0,72.0,73.0,58.0,-256.0,422.0,184.0,-43.0,-80.0
-81.0,-39.0,79.0,71.0,126.0,-110.0,274.0,347.0,-55.0,-71.0
-73.0,-112.0,43.0,62.0,23.0,-115.0,102.0,628.0,-55.0,-46.0
-65.0,-160.0,53.0,127.0,-135.0,-161.0,6.0,729.0,-68.0,-16.0
-57.0,-71.0,36.0,222.0,73.0,-44.0,13.0,759.0,-99.0,3.0
-45.0,-148.0,31.0,307.0,107.0,59.0,11.0,558.0,-115.0,17.0
-54.0,-148.0,62.0,435.0,-85.0,34.0,9.0,279.0,-118.0,45.0
-44.0,-27.0,77.0,501.0,-44.0,-67.0,-23.0,264.0,-119.0,72.0
-61.0,16.0,93.0,453.0,-32.0,-183.0,-4.0,109.0,-122.0,91.0
-68.0,21.0,104.0,350.0,74.0,-213.0,108.0,70.0,-120.0,111.0
-97.0,10.0,116.0,255.0,51.0,-121.0,91.0,9.0,-102.0,141.0
-123.0,147.0,91.0,117.0,-124.0,32.0,-90.0,-31.0,-56.0,182.0
-136.0,248.0,112.0,4.0,-33.0,200.0,-154.0,83.0,-12.0,213.0
-128.0,262.0,108.0,3.0,10.0,176.0,-198.0,70.0,14.0,232.0
-79.0,221.0,96.0,38.0,-115.0,103.0,-300.0,83.0,48.0,255.0
-70.0,164.0,106.0,73.0,-109.0,118.0,-320.0,-27.0,84.0,267.0
-75.0,215.0,84.0,27.0,-31.0,37.0,-252.0,-1.0,112.0,260.0
-86.0,182.0,78.0,-83.0,28.0,-189.0,-143.0,25.0,118.0,257.0
-73.0,236.0,33.0,-201.0,107.0,-250.0,-83.0,-53.0,112.0,246.0
-71.0,267.0,-2.0,-314.0,-56.0,-118.0,-93.0,60.0,125.0,223.0
-81.0,361.0,11.0,-303.0,-98.0,-214.0,-81.0,79.0,119.0,213.0
-65.0,349.0,29.0,-205.0,108.0,-260.0,114.0,208.0,103.0,198.0
-34.0,149.0,26.0,-80.0,76.0,-107.0,234.0,188.0,116.0,179.0
-17.0,215.0,61.0,51.0,9.0,33.0,10.0,46.0,111.0,164.0
-13.0,139.0,78.0,126.0,-25.0,58.0,-358.0,3.0,100.0,150.0
-5.0,-26.0,42.0,165.0,51.0,-15.0,-448.0,-70.0,94.0,151.0
16.0,-81.0,81.0,197.0,214.0,-67.0,-115.0,-7.0,80.0,150.0
3.0,-87.0,56.0,210.0,35.0,-91.0,290.0,-125.0,80.0,137.0
-36.0,0.0,64.0,204.0,-36.0,-148.0,453.0,-68.0,73.0,116.0
-55.0,-36.0,136.0,197.0,145.0,-137.0,347.0,72.0,61.0,99.0
-78.0,-86.0,96.0,168.0,69.0,121.0,339.0,133.0,62.0,82.0
-59.0,-104.0,139.0,179.0,-11.0,173.0,531.0,304.0,43.0,47.0
-30.0,-317.0,163.0,223.0,-34.0,160.0,641.0,266.0,35.0,11.0
-3.0,-405.0,122.0,262.0,-37.0,230.0,468.0,266.0,23.0,-23.0
-25.0,-323.0,112.0,248.0,147.0,179.0,46.0,96.0,-7.0,-52.0
-64.0,-283.0,57.0,191.0,68.0,175.0,-319.0,-64.0,-20.0,-72.0
-82.0,-245.0,43.0,185.0,-163.0,148.0,-438.0,-68.0,-22.0,-89.0
-93.0,-255.0,72.0,134.0,-13.0,204.0,-327.0,-68.0,-41.0,-100.0
-53.0,-129.0,37.0,94.0,34.0,128.0,-143.0,25.0,-41.0,-101.0
-1.0,-208.0,24.0,116.0,-99.0,-42.0,14.0,-96.0,-19.0,-94.0
70.0,-254.0,73.0,134.0,-69.0,-81.0,56.0,-73.0,-45.0,-90.0
66.0,-25.0,5.0,138.0,-68.0,-32.0,-37.0,22.0,-61.0,-83.0
43.0,-19.0,-10.0,172.0,35.0,50.0,-121.0,72.0,-74.0,-75.0
33.0,49.0,0.0,221.0,86.0,34.0,-28.0,127.0,-93.0,-78.0
37.0,239.0,-34.0,262.0,-90.0,-6.0,127.0,46.0,-77.0,-71.0
85.0,317.0,34.0,325.0,-85.0,-49.0,141.0,129.0,-89.0,-56.0
110.0,279.0,57.0,303.0,-4.0,-125.0,46.0,118.0,-97.0,-63.0
139.0,346.0,59.0,227.0,-19.0,-281.0,-92.0,79.0,-66.0,-71.0
132.0,480.0,70.0,190.0,-69.0,-285.0,-26.0,9.0,-47.0,-59.0
119.0,366.0,57.0,191.0,-78.0,-137.0,277.0,-62.0,-46.0,-59.0
95.0,268.0,75.0,179.0,68.0,-18.0,515.0,53.0,-37.0,-49.0
69.0,397.0,86.0,124.0,46.0,-70.0,493.0,35.0,-34.0,-30.0
79.0,334.0,90.0,101.0,-40.0,-166.0,261.0,116.0,-25.0,-26.0
91.0,112.0,114.0,130.0,4.0,-104.0,98.0,86.0,-25.0,-15.0
96.0,-36.0,133.0,173.0,-51.0,-58.0,63.0,-3.0,-73.0,-2.0
111.0,-341.0,170.0,174.0,-5.0,45.0,9.0,-16.0,-87.0,17.0
96.0,-508.0,179.0,166.0,46.0,-58.0,-73.0,-96.0,-101.0,39.0
28.0,-504.0,154.0,134.0,-85.0,-225.0,-116.0,-16.0,-138.0,67.0
-53.0,-567.0,169.0,106.0,5.0,-148.0,-160.0,-46.0,-151.0,92.0
-99.0,-515.0,143.0,168.0,124.0,-32.0,-183.0,-3.0,-181.0,123.0
-102.0,-332.0,112.0,218.0,-36.0,37.0,-137.0,-38.0,-196.0,147.0
-105.0,-266.0,109.0,197.0,-10.0,-22.0,-52.0,-88.0,-190.0,139.0
-79.0,-257.0,117.0,63.0,8.0,0.0,25.0,77.0,-205.0,156.0
-68.0,-202.0,129.0,-63.0,12.0,-31.0,29.0,70.0,-203.0,139.0
-77.0,-198.0,163.0,-121.0,98.0,-159.0,38.0,103.0,-176.0,85.0
-122.0,-54.0,205.0,-154.0,-56.0,-174.0,63.0,7.0,-180.0,64.0
-161.0,130.0,139.0,-44.0,24.0,-105.0,196.0,9.0,-166.0,33.0
-182.0,344.0,112.0,48.0,180.0,77.0,534.0,107.0,-134.0,-17.0
-162.0,595.0,85.0,44.0,95.0,85.0,785.0,46.0,-113.0,-67.0
-91.0,611.0,33.0,34.0,56.0,-87.0,726.0,186.0,-59.0,-97.0
-58.0,639.0,80.0,-76.0,64.0,-85.0,453.0,181.0,-26.0,-95.0
-35.0,642.0,63.0,-171.0,73.0,62.0,202.0,247.0,11.0,-93.0
-66.0,400.0,62.0,-170.0,156.0,98.0,65.0,334.0,84.0,-94.0
-79.0,159.0,103.0,-127.0,169.0,-58.0,112.0,308.0,118.0,-63.0
-63.0,100.0,68.0,-41.0,66.0,-111.0,272.0,437.0,108.0,-11.0
-23.0,50.0,68.0,-3.0,111.0,-24.0,353.0,443.0,128.0,26.0
17.0,-48.0,69.0,30.0,83.0,-12.0,314.0,487.0,157.0,61.0
20.0,98.0,13.0,-9.0,-30.0,-3.0,148.0,375.0,163.0,106.0
49.0,14.0,8.0,-122.0,-56.0,75.0,51.0,288.0,170.0,124.0
86.0,32.0,5.0,-126.0,-55.0,278.0,232.0,234.0,155.0,143.0
116.0,380.0,-17.0,-89.0,-35.0,348.0,445.0,11.0,135.0,165.0
125.0,161.0,4.0,-82.0,-49.0,221.0,268.0,64.0,107.0,166.0
137.0,127.0,-49.0,-72.0,-62.0,253.0,-122.0,70.0,87.0,149.0
149.0,211.0,-46.0,-4.0,-51.0,373.0,-286.0,151.0,62.0,115.0
149.0,74.0,-27.0,44.0,-21.0,381.0,-122.0,290.0,38.0,106.0
156.0,6.0,-39.0,68.0,-57.0,212.0,103.0,382.0,20.0,94.0
191.0,-125.0,32.0,110.0,-139.0,222.0,98.0,539.0,-29.0,67.0
212.0,-123.0,39.0,153.0,-150.0,505.0,-30.0,570.0,-27.0,61.0
209.0,-224.0,77.0,185.0,-53.0,619.0,3.0,635.0,-30.0,74.0
199.0,-105.0,65.0,169.0,10.0,438.0,302.0,400.0,-66.0,108.0
222.0,-30.0,78.0,162.0,-24.0,208.0,618.0,182.0,-60.0,136.0
233.0,-130.0,86.0,101.0,18.0,241.0,722.0,84.0,-60.0,164.0
231.0,8.0,57.0,82.0,53.0,337.0,645.0,-40.0,-50.0,200.0
252.0,-55.0,119.0,61.0,-38.0,332.0,562.0,49.0,-40.0,216.0
236.0,-271.0,58.0,44.0,-21.0,285.0,481.0,-7.0,-37.0,209.0
237.0,-428.0,139.0,176.0,-7.0,306.0,353.0,12.0,-6.0,195.0
202.0,-332.0,175.0,269.0,-94.0,341.0,193.0,66.0,4.0,186.0
189.0,-266.0,171.0,322.0,10.0,243.0,-31.0,190.0,2.0,141.0
156.0,-405.0,222.0,299.0,38.0,282.0,-304.0,303.0,1.0,92.0
101.0,-212.0,134.0,241.0,5.0,440.0,-509.0,133.0,-15.0,56.0
85.0,30.0,121.0,214.0,120.0,484.0,-467.0,79.0,-20.0,0.0
39.0,-31.0,47.0,162.0,5.0,435.0,-183.0,-59.0,-20.0,-36.0
3.0,76.0,63.0,209.0,-76.0,353.0,224.0,-105.0,-47.0,-60.0
-34.0,230.0,55.0,229.0,16.0,309.0,439.0,-72.0,-66.0,-71.0
-39.0,246.0,49.0,97.0,44.0,404.0,375.0,-16.0,-72.0,-75.0
-65.0,420.0,71.0,-44.0,124.0,536.0,229.0,184.0,-85.0,-61.0
-101.0,417.0,9.0,-113.0,66.0,534.0,159.0,177.0,-74.0,-1.0
-122.0,387.0,78.0,-173.0,17.0,475.0,286.0,208.0,-72.0,55.0
-127.0,517.0,57.0,-180.0,143.0,510.0,336.0,134.0,-59.0,97.0
-137.0,321.0,58.0,-88.0,120.0,456.0,204.0,151.0,-29.0,134.0
-163.0,102.0,44.0,-83.0,14.0,299.0,85.0,243.0,-26.0,198.0
-159.0,155.0,30.0,-143.0,-33.0,268.0,192.0,90.0,2.0,262.0
-147.0,82.0,43.0,-186.0,4.0,338.0,451.0,114.0,11.0,287.0
-126.0,36.0,26.0,-145.0,80.0,401.0,559.0,73.0,-4.0,313.0
-128.0,338.0,87.0,3.0,40.0,326.0,462.0,121.0,12.0,353.0
-116.0,404.0,72.0,115.0,12.0,256.0,275.0,214.0,28.0,370.0
-109.0,-11.0,72.0,183.0,72.0,277.0,179.0,182.0,36.0,380.0
-92.0,-85.0,67.0,110.0,42.0,396.0,101.0,227.0,38.0,412.0
-92.0,-18.0,85.0,11.0,12.0,374.0,-98.0,218.0,45.0,406.0
-80.0,-233.0,121.0,24.0,-74.0,118.0,-327.0,240.0,85.0,374.0
-37.0,-238.0,131.0,44.0,-198.0,18.0,-437.0,36.0,139.0,353.0
-16.0,-249.0,132.0,78.0,69.0,37.0,-347.0,-42.0,168.0,327.0
10.0,-334.0,100.0,79.0,166.0,47.0,-48.0,-59.0,198.0,269.0
11.0,-306.0,129.0,2.0,-52.0,100.0,299.0,-258.0,224.0,206.0
52.0,-261.0,120.0,-139.0,1.0,336.0,571.0,-227.0,248.0,177.0
62.0,-291.0,120.0,-167.0,2.0,448.0,680.0,-192.0,294.0,153.0
40.0,-446.0,142.0,-116.0,-12.0,340.0,519.0,33.0,315.0,113.0
38.0,-443.0,133.0,-38.0,-48.0,304.0,263.0,291.0,332.0,65.0
33.0,-297.0,135.0,83.0,-131.0,287.0,172.0,487.0,351.0,50.0
40.0,11.0,138.0,111.0,10.0,191.0,327.0,611.0,348.0,64.0
51.0,287.0,131.0,47.0,95.0,175.0,444.0,476.0,337.0,73.0
104.0,353.0,111.0,-49.0,-2.0,394.0,376.0,410.0,321.0,81.0
148.0,678.0,97.0,-83.0,-68.0,426.0,277.0,210.0,322.0,117.0
174.0,605.0,65.0,-107.0,49.0,352.0,323.0,105.0,299.0,156.0
163.0,219.0,68.0,-134.0,21.0,454.0,503.0,133.0,261.0,178.0
133.0,239.0,49.0,-94.0,-86.0,608.0,544.0,118.0,238.0,231.0
143.0,205.0,25.0,-88.0,-46.0,638.0,399.0,131.0,220.0,274.0
153.0,165.0,35.0,-121.0,-24.0,560.0,236.0,27.0,197.0,291.0
148.0,193.0,9.0,-79.0,37.0,585.0,262.0,112.0,156.0,307.0
133.0,160.0,-2.0,-3.0,51.0,695.0,283.0,164.0,115.0,322.0
119.0,-185.0,-4.0,22.0,-64.0,747.0,34.0,138.0,115.0,321.0
106.0,-183.0,-22.0,5.0,-50.0,446.0,-360.0,70.0,120.0,291.0
93.0,20.0,-54.0,-12.0,133.0,131.0,-551.0,-59.0,80.0,265.0
79.0,-329.0,-36.0,-7.0,52.0,149.0,-356.0,22.0,67.0,254.0
48.0,-459.0,-34.0,-9.0,-65.0,229.0,-94.0,-77.0,58.0,228.0
22.0,-317.0,-25.0,-38.0,43.0,199.0,-24.0,-25.0,40.0,209.0
11.0,-237.0,29.0,-62.0,16.0,131.0,-186.0,208.0,47.0,205.0
25.0,-243.0,12.0,-78.0,107.0,111.0,-360.0,219.0,34.0,186.0
31.0,-139.0,27.0,-34.0,235.0,120.0,-335.0,271.0,25.0,175.0
-18.0,-150.0,38.0,27.0,-4.0,131.0,-183.0,247.0,22.0,168.0
-49.0,-115.0,35.0,21.0,-4.0,85.0,-46.0,260.0,26.0,160.0
-55.0,7.0,100.0,62.0,124.0,8.0,82.0,197.0,41.0,149.0
-55.0,92.0,105.0,51.0,-86.0,16.0,241.0,129.0,42.0,132.0
-60.0,320.0,103.0,-17.0,-20.0,0.0,243.0,68.0,44.0,134.0
-57.0,512.0,116.0,-48.0,106.0,-142.0,67.0,-5.0,52.0,139.0
-28.0,694.0,70.0,-42.0,-33.0,-85.0,-71.0,214.0,63.0,128.0
-20.0,368.0,31.0,7.0,48.0,14.0,-1.0,125.0,60.0,122.0
-9.0,347.0,40.0,-19.0,86.0,34.0,137.0,112.0,73.0,130.0
-25.0,468.0,0.0,-26.0,-72.0,73.0,108.0,249.0,104.0,117.0
-34.0,206.0,-32.0,14.0,11.0,-35.0,-75.0,145.0,102.0,98.0
-33.0,254.0,0.0,27.0,27.0,-125.0,-180.0,118.0,120.0,83.0
-37.0,233.0,-45.0,38.0,-121.0,-43.0,-80.0,29.0,132.0,73.0
-13.0,360.0,-37.0,-5.0,-16.0,160.0,41.0,107.0,125.0,67.0
4.0,483.0,-28.0,-93.0,19.0,275.0,67.0,171.0,141.0,39.0
41.0,468.0,-70.0,-204.0,-23.0,201.0,-3.0,328.0,139.0,29.0
77.0,503.0,-59.0,-232.0,66.0,75.0,-41.0,421.0,132.0,28.0
117.0,395.0,-86.0,-180.0,37.0,37.0,-1.0,280.0,151.0,18.0
107.0,252.0,-58.0,-107.0,-30.0,-110.0,-9.0,303.0,155.0,17.0
79.0,22.0,11.0,13.0,0.0,-171.0,-89.0,27.0,134.0,24.0
76.0,-141.0,15.0,100.0,-23.0,43.0,-117.0,-138.0,147.0,39.0
77.0,-78.0,58.0,119.0,-20.0,82.0,-46.0,-92.0,138.0,45.0
121.0,-212.0,88.0,82.0,105.0,-81.0,21.0,7.0,124.0,63.0
143.0,-550.0,39.0,100.0,104.0,-204.0,-13.0,229.0,124.0,93.0
134.0,-612.0,54.0,138.0,55.0,-37.0,-80.0,208.0,96.0,93.0
123.0,-450.0,31.0,137.0,103.0,129.0,-13.0,199.0,79.0,83.0
120.0,-479.0,-19.0,102.0,47.0,-167.0,36.0,190.0,29.0,91.0
115.0,-409.0,32.0,13.0,-58.0,-448.0,-117.0,312.0,-15.0,88.0
102.0,-199.0,54.0,-88.0,5.0,-294.0,-375.0,362.0,-42.0,47.0
133.0,-466.0,65.0,-244.0,17.0,-175.0,-493.0,214.0,-79.0,20.0
175.0,-430.0,101.0,-327.0,-48.0,-407.0,-362.0,160.0,-121.0,-4.0
151.0,-347.0,54.0,-335.0,91.0,-532.0,-127.0,-109.0,-177.0,-50.0
120.0,-517.0,0.0,-347.0,74.0,-307.0,21.0,-190.0,-222.0,-71.0
112.0,-198.0,4.0,-321.0,-24.0,-66.0,6.0,-164.0,-265.0,-96.0
102.0,-11.0,-30.0,-269.0,119.0,26.0,-11.0,-194.0,-278.0,-110.0
114.0,20.0,-17.0,-227.0,90.0,-43.0,51.0,-164.0,-293.0,-118.0
106.0,-31.0,-2.0,-217.0,-26.0,-102.0,158.0,-218.0,-297.0,-130.0
124.0,136.0,-43.0,-148.0,71.0,11.0,249.0,-96.0,-275.0,-108.0
128.0,320.0,-4.0,-86.0,58.0,34.0,184.0,-153.0,-283.0,-96.0
133.0,174.0,8.0,-10.0,19.0,-60.0,-61.0,-158.0,-277.0,-98.0
138.0,257.0,7.0,117.0,146.0,-125.0,-335.0,-90.0,-241.0,-81.0
99.0,233.0,18.0,188.0,48.0,-93.0,-385.0,-94.0,-199.0,-35.0
98.0,406.0,-3.0,189.0,-19.0,-12.0,-143.0,110.0,-161.0,0.0
91.0,479.0,-26.0,150.0,62.0,-12.0,187.0,169.0,-115.0,9.0
112.0,282.0,-37.0,180.0,-58.0,48.0,300.0,221.0,-70.0,29.0
114.0,460.0,-2.0,185.0,-114.0,129.0,79.0,123.0,-30.0,51.0
114.0,443.0,9.0,159.0,-46.0,44.0,-216.0,9.0,-16.0,59.0
135.0,204.0,34.0,223.0,-43.0,-121.0,-275.0,-25.0,-31.0,70.0
137.0,137.0,65.0,166.0,-58.0,-218.0,-87.0,-75.0,-16.0,101.0
135.0,213.0,47.0,69.0,-9.0,-186.0,117.0,84.0,-2.0,118.0
125.0,298.0,44.0,48.0,-48.0,-61.0,103.0,68.0,20.0,139.0
140.0,263.0,26.0,28.0,-114.0,18.0,-57.0,195.0,62.0,174.0
132.0,233.0,40.0,20.0,-24.0,9.0,-64.0,277.0,77.0,193.0
135.0,300.0,38.0,-47.0,-17.0,123.0,144.0,129.0,86.0,183.0
112.0,399.0,12.0,-41.0,-22.0,246.0,417.0,48.0,100.0,156.0
112.0,410.0,60.0,51.0,42.0,202.0,562.0,-129.0,98.0,156.0
127.0,98.0,46.0,71.0,7.0,96.0,566.0,-164.0,99.0,139.0
121.0,-75.0,18.0,34.0,-87.0,8.0,484.0,-266.0,116.0,109.0
116.0,-21.0,45.0,-66.0,-41.0,96.0,319.0,-247.0,101.0,102.0
105.0,-274.0,29.0,-225.0,14.0,84.0,82.0,-184.0,110.0,94.0
120.0,-256.0,22.0,-295.0,-55.0,-56.0,-204.0,-225.0,124.0,92.0
107.0,-124.0,35.0,-348.0,-23.0,-15.0,-345.0,-79.0,109.0,86.0
113.0,-300.0,41.0,-385.0,-32.0,98.0,-318.0,-136.0,131.0,69.0
93.0,-303.0,44.0,-305.0,-105.0,158.0,-266.0,-11.0,139.0,86.0
106.0,-211.0,0.0,-276.0,-36.0,59.0,-151.0,147.0,130.0,105.0
117.0,-178.0,-11.0,-242.0,-52.0,-68.0,73.0,140.0,140.0,78.0
101.0,-263.0,-42.0,-149.0,-79.0,-53.0,220.0,223.0,144.0,89.0
114.0,-293.0,-84.0,-79.0,30.0,-68.0,48.0,57.0,150.0,107.0
113.0,-270.0,-63.0,-69.0,-37.0,-286.0,-331.0,-101.0,170.0,90.0
155.0,-314.0,-97.0,-49.0,-69.0,-413.0,-505.0,-267.0,174.0,86.0
153.0,-162.0,-92.0,-48.0,29.0,-288.0,-290.0,-303.0,177.0,82.0
137.0,21.0,-65.0,-76.0,-54.0,-256.0,-26.0,-284.0,192.0,79.0
135.0,82.0,-54.0,-57.0,0.0,-365.0,-43.0,-284.0,180.0,62.0
144.0,203.0,-48.0,-107.0,82.0,-310.0,-279.0,-136.0,180.0,57.0
164.0,406.0,-37.0,-169.0,-55.0,-153.0,-358.0,-225.0,181.0,67.0
162.0,406.0,-33.0,-186.0,-74.0,-186.0,-20.0,-214.0,148.0,63.0
183.0,326.0,-70.0,-145.0,13.0,-308.0,506.0,-279.0,104.0,45.0
184.0,382.0,-12.0,-89.0,69.0,-311.0,765.0,-393.0,94.0,33.0
177.0,348.0,-24.0,-24.0,47.0,-266.0,584.0,-356.0,66.0,48.0
179.0,121.0,-16.0,39.0,39.0,-290.0,223.0,-447.0,9.0,36.0
172.0,19.0,36.0,8.0,73.0,-246.0,57.0,-330.0,-7.0,26.0
137.0,142.0,22.0,-53.0,59.0,-179.0,191.0,-153.0,-29.0,29.0
68.0,215.0,62.0,-91.0,59.0,-135.0,319.0,118.0,-61.0,33.0
38.0,149.0,51.0,-62.0,5.0,12.0,253.0,216.0,-78.0,18.0
29.0,-5.0,68.0,-91.0,92.0,144.0,93.0,29.0,-92.0,-4.0
15.0,-57.0,74.0,-121.0,142.0,84.0,-28.0,-35.0,-105.0,-14.0
8.0,-125.0,37.0,-148.0,-4.0,-162.0,-43.0,-114.0,-99.0,-51.0
-17.0,-121.0,25.0,-198.0,26.0,-333.0,3.0,-64.0,-111.0,-82.0
-40.0,-212.0,0.0,-224.0,56.0,-402.0,2.0,-162.0,-128.0,-101.0
-80.0,-368.0,38.0,-318.0,-38.0,-357.0,-120.0,-243.0,-114.0,-123.0
-112.0,-198.0,51.0,-370.0,-50.0,-322.0,-193.0,-109.0,-118.0,-160.0
-138.0,-115.0,68.0,-404.0,-11.0,-352.0,-146.0,11.0,-119.0,-180.0
-127.0,-190.0,115.0,-353.0,-32.0,-298.0,-112.0,201.0,-115.0,-161.0
-116.0,-168.0,107.0,-249.0,41.0,-271.0,-130.0,42.0,-114.0,-163.0
-131.0,47.0,122.0,-100.0,49.0,-295.0,-125.0,-83.0,-119.0,-184.0
-97.0,31.0,105.0,143.0,-76.0,-448.0,-26.0,-140.0,-118.0,-175.0
-60.0,-223.0,62.0,314.0,12.0,-539.0,99.0,-328.0,-100.0,-143.0
-28.0,-386.0,70.0,366.0,40.0,-407.0,124.0,-275.0,-105.0,-124.0
-26.0,-297.0,39.0,266.0,-66.0,-283.0,64.0,-243.0,-95.0,-117.0
10.0,-227.0,19.0,169.0,-45.0,-409.0,-10.0,-81.0,-95.0,-105.0
23.0,-393.0,18.0,79.0,-20.0,-431.0,-134.0,33.0,-98.0,-90.0
37.0,-164.0,-16.0,44.0,-32.0,-171.0,-235.0,20.0,-87.0,-101.0
71.0,-34.0,0.0,63.0,-21.0,-1.0,-285.0,-55.0,-82.0,-94.0
112.0,25.0,10.0,57.0,-42.0,8.0,-317.0,-184.0,-68.0,-78.0
190.0,333.0,-11.0,89.0,-67.0,-194.0,-262.0,-164.0,-46.0,-86.0
210.0,340.0,32.0,80.0,26.0,-385.0,-80.0,-327.0,-15.0,-70.0
255.0,286.0,16.0,97.0,10.0,-363.0,175.0,-304.0,-7.0,-46.0
241.0,378.0,-63.0,63.0,-162.0,-238.0,361.0,-205.0,17.0,-20.0
235.0,357.0,-30.0,-2.0,-47.0,-238.0,373.0,-199.0,20.0,-11.0
212.0,37.0,-73.0,50.0,81.0,-298.0,366.0,-153.0,20.0,-18.0
200.0,-5.0,-102.0,70.0,3.0,-141.0,478.0,-243.0,46.0,6.0
250.0,71.0,-60.0,50.0,-6.0,43.0,645.0,-145.0,42.0,27.0
241.0,-287.0,-114.0,13.0,4.0,-27.0,794.0,-166.0,54.0,23.0
240.0,-404.0,-66.0,-98.0,52.0,-208.0,749.0,-227.0,79.0,14.0
188.0,-286.0,-64.0,-168.0,56.0,-202.0,495.0,-251.0,90.0,11.0
177.0,-295.0,-82.0,-198.0,-11.0,-122.0,240.0,-267.0,102.0,-15.0
181.0,-349.0,-57.0,-262.0,-51.0,-205.0,107.0,-75.0,124.0,-62.0
176.0,-276.0,-84.0,-238.0,16.0,-375.0,23.0,-81.0,109.0,-105.0
167.0,-97.0,-73.0,-144.0,54.0,-339.0,-71.0,-64.0,98.0,-149.0
141.0,-133.0,-126.0,-134.0,-118.0,-108.0,-140.0,-145.0,86.0,-190.0
135.0,-72.0,-115.0,-195.0,-82.0,-26.0,-342.0,-321.0,41.0,-241.0
111.0,80.0,-89.0,-209.0,55.0,-43.0,-604.0,-439.0,25.0,-265.0
85.0,11.0,-131.0,-173.0,-28.0,149.0,-651.0,-631.0,3.0,-284.0
50.0,1.0,-117.0,-125.0,-24.0,208.0,-422.0,-524.0,-21.0,-316.0
44.0,111.0,-160.0,-3.0,-60.0,6.0,-139.0,-380.0,-53.0,-320.0
5.0,291.0,-165.0,54.0,-76.0,-173.0,-92.0,-181.0,-96.0,-311.0
-10.0,440.0,-195.0,-16.0,87.0,-270.0,-208.0,-49.0,-133.0,-308.0
-8.0,432.0,-219.0,-38.0,2.0,-259.0,-169.0,-107.0,-172.0,-320.0
-4.0,391.0,-193.0,-79.0,-104.0,-312.0,201.0,-51.0,-196.0,-306.0
-20.0,466.0,-236.0,-134.0,49.0,-224.0,638.0,-131.0,-216.0,-270.0
-48.0,493.0,-174.0,-152.0,48.0,-116.0,824.0,-110.0,-225.0,-256.0
-42.0,334.0,-173.0,-171.0,-55.0,-87.0,565.0,-109.0,-226.0,-254.0
-85.0,198.0,-169.0,-164.0,-59.0,64.0,126.0,-103.0,-238.0,-231.0
-111.0,-47.0,-104.0,-136.0,-57.0,8.0,21.0,-44.0,-253.0,-192.0
-145.0,-117.0,-130.0,-116.0,32.0,-125.0,185.0,-90.0,-250.0,-179.0
-147.0,-114.0,-96.0,-176.0,41.0,-105.0,375.0,77.0,-245.0,-156.0
-154.0,-324.0,-64.0,-176.0,-73.0,-60.0,447.0,88.0,-231.0,-129.0
-173.0,-287.0,-61.0,-93.0,-103.0,-120.0,366.0,84.0,-219.0,-116.0
-155.0,-260.0,-30.0,-58.0,-89.0,-203.0,198.0,5.0,-190.0,-105.0
-159.0,-237.0,0.0,-27.0,-27.0,-107.0,32.0,-336.0,-157.0,-97.0
-163.0,-333.0,-22.0,15.0,-74.0,35.0,-161.0,-437.0,-155.0,-100.0
-183.0,-315.0,1.0,46.0,-107.0,-3.0,-342.0,-430.0,-118.0,-133.0
-184.0,-108.0,37.0,69.0,0.0,-160.0,-426.0,-319.0,-97.0,-160.0
-165.0,-158.0,-3.0,58.0,25.0,-289.0,-573.0,-240.0,-80.0,-178.0
-132.0,-180.0,23.0,11.0,17.0,-367.0,-676.0,-96.0,-50.0,-190.0
-106.0,-209.0,30.0,-3.0,-3.0,-331.0,-568.0,20.0,-35.0,-205.0
-80.0,-211.0,0.0,-53.0,0.0,-213.0,-241.0,-22.0,-6.0,-212.0
-82.0,-246.0,46.0,-116.0,87.0,-102.0,178.0,83.0,17.0,-172.0
-103.0,-316.0,51.0,-103.0,57.0,-14.0,423.0,49.0,32.0,-134.0
-129.0,-430.0,-4.0,-60.0,-108.0,-12.0,421.0,147.0,39.0,-105.0
-150.0,-292.0,-25.0,20.0,20.0,-155.0,364.0,182.0,68.0,-78.0
-134.0,-74.0,-64.0,62.0,145.0,-274.0,339.0,7.0,60.0,-59.0
-143.0,27.0,-104.0,117.0,-1.0,-237.0,224.0,0.0,39.0,-21.0
-111.0,176.0,-86.0,169.0,48.0,-292.0,52.0,-62.0,20.0,0.0
-77.0,199.0,-80.0,108.0,5.0,-444.0,-40.0,-68.0,-32.0,13.0
-55.0,301.0,-80.0,90.0,-14.0,-449.0,17.0,-201.0,-60.0,38.0
-44.0,193.0,-82.0,89.0,112.0,-382.0,120.0,-243.0,-96.0,53.0
-47.0,186.0,-164.0,19.0,-36.0,-311.0,98.0,-155.0,-121.0,64.0
-28.0,366.0,-198.0,-53.0,-17.0,-280.0,-99.0,-149.0,-156.0,75.0
-39.0,533.0,-181.0,-79.0,136.0,-261.0,-263.0,-60.0,-203.0,82.0
-36.0,544.0,-210.0,-95.0,43.0,-75.0,-216.0,-195.0,-233.0,69.0
-15.0,462.0,-167.0,-93.0,-29.0,83.0,-67.0,-184.0,-268.0,63.0
22.0,664.0,-145.0,-14.0,-80.0,-27.0,40.0,-166.0,-278.0,66.0
48.0,531.0,-176.0,52.0,-51.0,-135.0,79.0,-262.0,-282.0,52.0
53.0,364.0,-178.0,101.0,42.0,-82.0,147.0,-223.0,-270.0,25.0
70.0,319.0,-171.0,84.0,-81.0,-118.0,124.0,-277.0,-262.0,-9.0
84.0,161.0,-197.0,-23.0,-108.0,-218.0,-51.0,-42.0,-250.0,-9.0
89.0,114.0,-211.0,-152.0,-40.0,-306.0,-292.0,186.0,-215.0,-15.0
92.0,-61.0,-166.0,-265.0,-50.0,-237.0,-489.0,240.0,-195.0,-48.0
99.0,-110.0,-193.0,-271.0,-31.0,-103.0,-586.0,251.0,-163.0,-64.0
111.0,13.0,-195.0,-257.0,-90.0,-102.0,-603.0,157.0,-153.0,-81.0
118.0,-72.0,-164.0,-238.0,-24.0,112.0,-516.0,160.0,-157.0,-92.0
123.0,-240.0,-177.0,-200.0,85.0,275.0,-452.0,73.0,-163.0,-108.0
142.0,-194.0,-192.0,-204.0,5.0,94.0,-414.0,55.0,-161.0,-104.0
150.0,-157.0,-209.0,-157.0,-16.0,-73.0,-342.0,3.0,-122.0,-89.0
148.0,-418.0,-211.0,-90.0,-12.0,-84.0,-239.0,9.0,-108.0,-104.0
131.0,-380.0,-238.0,-51.0,16.0,-134.0,-103.0,133.0,-100.0,-85.0
111.0,-193.0,-222.0,-36.0,99.0,-223.0,63.0,64.0,-86.0,-66.0
93.0,-315.0,-235.0,-23.0,10.0,-130.0,154.0,59.0,-85.0,-77.0
102.0,-247.0,-255.0,61.0,-62.0,3.0,32.0,-118.0,-63.0,-88.0
122.0,-208.0,-189.0,134.0,36.0,78.0,-123.0,-284.0,-41.0,-89.0
142.0,-260.0,-186.0,114.0,-6.0,-4.0,-108.0,-339.0,-23.0,-75.0
149.0,-76.0,-211.0,40.0,-148.0,-166.0,63.0,-397.0,-9.0,-89.0
112.0,65.0,-210.0,-3.0,-90.0,-136.0,215.0,-303.0,0.0,-86.0
87.0,-96.0,-219.0,-6.0,13.0,-132.0,263.0,-218.0,13.0,-59.0
49.0,-48.0,-230.0,-10.0,31.0,-232.0,207.0,-35.0,21.0,-38.0
34.0,198.0,-221.0,-35.0,-37.0,-310.0,130.0,-1.0,31.0,-22.0
3.0,-120.0,-196.0,-48.0,-157.0,-289.0,80.0,75.0,28.0,3.0
-44.0,-208.0,-192.0,10.0,-23.0,-160.0,-62.0,160.0,33.0,40.0
-56.0,-8.0,-187.0,94.0,69.0,-146.0,-300.0,144.0,43.0,66.0
-89.0,-166.0,-161.0,211.0,-32.0,-154.0,-598.0,299.0,59.0,71.0
-99.0,-76.0,-151.0,267.0,-7.0,-31.0,-662.0,238.0,67.0,83.0
-121.0,64.0,-168.0,210.0,15.0,9.0,-408.0,181.0,61.0,89.0
-136.0,4.0,-144.0,141.0,27.0,-229.0,-286.0,24.0,64.0,56.0
-182.0,92.0,-126.0,52.0,0.0,-488.0,-419.0,-236.0,46.0,37.0
-222.0,202.0,-111.0,-6.0,-28.0,-421.0,-518.0,-328.0,32.0,22.0
-221.0,0.0,-46.0,-45.0,78.0,-212.0,-437.0,-434.0,1.0,-5.0
-234.0,-238.0,-7.0,-129.0,108.0,-92.0,-375.0,-267.0,-39.0,-42.0
-207.0,-10.0,-2.0,-256.0,24.0,-52.0,-451.0,-125.0,-68.0,-66.0
-213.0,76.0,-16.0,-440.0,-58.0,43.0,-551.0,118.0,-101.0,-68.0
-204.0,-182.0,-24.0,-543.0,-69.0,209.0,-646.0,404.0,-118.0,-94.0
-211.0,-182.0,-35.0,-488.0,3.0,173.0,-740.0,352.0,-150.0,-124.0
-251.0,-196.0,-36.0,-362.0,-18.0,-29.0,-726.0,373.0,-171.0,-147.0
-254.0,-271.0,-24.0,-170.0,-57.0,-2.0,-514.0,242.0,-176.0,-162.0
-236.0,-218.0,-59.0,33.0,13.0,124.0,-230.0,131.0,-187.0,-175.0
-186.0,-235.0,-51.0,163.0,29.0,77.0,-137.0,49.0,-198.0,-190.0
-146.0,-294.0,-39.0,217.0,-1.0,66.0,-183.0,-27.0,-201.0,-198.0
-145.0,-297.0,-68.0,214.0,-40.0,124.0,-172.0,20.0,-194.0,-213.0
-167.0,-83.0,-39.0,151.0,-66.0,79.0,-110.0,-127.0,-207.0,-224.0
-147.0,0.0,-51.0,103.0,-46.0,52.0,-60.0,-129.0,-194.0,-221.0
-139.0,-139.0,-69.0,75.0,-74.0,103.0,-61.0,-245.0,-196.0,-209.0
-152.0,-67.0,-54.0,-12.0,-125.0,43.0,-25.0,-315.0,-203.0,-203.0
-122.0,-91.0,-77.0,-130.0,-92.0,-25.0,73.0,-236.0,-198.0,-220.0
-97.0,-91.0,-86.0,-206.0,-26.0,11.0,176.0,-254.0,-222.0,-213.0
-86.0,215.0,-120.0,-259.0,-11.0,28.0,202.0,-64.0,-201.0,-182.0
-87.0,308.0,-157.0,-275.0,-28.0,-29.0,105.0,5.0,-200.0,-192.0
-55.0,221.0,-175.0,-227.0,-46.0,39.0,-21.0,142.0,-211.0,-218.0
-39.0,316.0,-189.0,-233.0,-9.0,246.0,-139.0,264.0,-194.0,-216.0
-65.0,236.0,-210.0,-200.0,-47.0,168.0,-277.0,295.0,-206.0,-209.0
-62.0,128.0,-232.0,-169.0,-132.0,-85.0,-497.0,315.0,-200.0,-216.0
-66.0,181.0,-237.0,-134.0,-22.0,-185.0,-668.0,158.0,-188.0,-236.0
-69.0,-82.0,-236.0,-35.0,66.0,-52.0,-588.0,129.0,-171.0,-224.0
-74.0,-58.0,-226.0,34.0,40.0,29.0,-285.0,-68.0,-140.0,-206.0
-70.0,-33.0,-239.0,119.0,-14.0,-114.0,-44.0,-147.0,-96.0,-199.0
-59.0,-558.0,-202.0,162.0,-24.0,-155.0,-29.0,-53.0,-55.0,-177.0
-35.0,-471.0,-174.0,213.0,42.0,-126.0,-53.0,-60.0,-30.0,-181.0
-8.0,-41.0,-217.0,266.0,3.0,-231.0,17.0,70.0,0.0,-183.0
-21.0,-122.0,-193.0,260.0,-45.0,-252.0,135.0,105.0,27.0,-176.0
-28.0,-119.0,-159.0,204.0,-32.0,105.0,216.0,166.0,51.0,-163.0
-37.0,34.0,-187.0,117.0,6.0,354.0,211.0,133.0,67.0,-162.0
-65.0,-85.0,-158.0,-20.0,58.0,190.0,55.0,140.0,89.0,-191.0
-76.0,-12.0,-130.0,-100.0,38.0,-114.0,-154.0,232.0,114.0,-197.0
-64.0,-69.0,-141.0,-64.0,-14.0,-241.0,-231.0,225.0,141.0,-182.0
-78.0,-258.0,-127.0,-16.0,74.0,-2.0,-131.0,384.0,139.0,-173.0
-101.0,30.0,-168.0,15.0,87.0,130.0,-31.0,314.0,140.0,-183.0
-100.0,-69.0,-168.0,-48.0,-93.0,-11.0,-44.0,232.0,158.0,-155.0
-80.0,-251.0,-143.0,-26.0,-48.0,-160.0,-1.0,131.0,120.0,-99.0
-90.0,-20.0,-135.0,73.0,66.0,-283.0,39.0,-70.0,107.0,-68.0
-137.0,125.0,-119.0,126.0,52.0,-371.0,-94.0,-68.0,110.0,-25.0
-146.0,98.0,-96.0,175.0,-14.0,-147.0,-256.0,-140.0,69.0,12.0
-158.0,35.0,-77.0,138.0,-126.0,210.0,-148.0,-101.0,37.0,41.0
-172.0,110.0,-127.0,27.0,-118.0,214.0,184.0,-151.0,7.0,68.0
-174.0,2.0,-133.0,-142.0,-26.0,-24.0,377.0,-169.0,-20.0,89.0
-154.0,146.0,-143.0,-256.0,-85.0,-237.0,224.0,-120.0,-37.0,107.0
-154.0,173.0,-173.0,-231.0,-162.0,-313.0,-109.0,-251.0,-46.0,102.0
-153.0,-282.0,-150.0,-119.0,-59.0,-141.0,-330.0,-254.0,-58.0,97.0
-151.0,-286.0,-132.0,-15.0,-23.0,162.0,-299.0,-304.0,-76.0,116.0
-156.0,-278.0,-132.0,-33.0,-40.0,251.0,-41.0,-182.0,-77.0,126.0
-143.0,-362.0,-118.0,-132.0,-99.0,84.0,169.0,-35.0,-88.0,90.0
-155.0,-417.0,-129.0,-208.0,-169.0,-55.0,162.0,55.0,-96.0,57.0
-144.0,-403.0,-154.0,-183.0,-23.0,40.0,45.0,232.0,-90.0,34.0
-160.0,-210.0,-123.0,-169.0,-7.0,154.0,-39.0,229.0,-97.0,-9.0
-155.0,-377.0,-115.0,-109.0,-176.0,134.0,-157.0,225.0,-70.0,-60.0
-168.0,-405.0,-80.0,16.0,-108.0,116.0,-356.0,86.0,-42.0,-97.0
-186.0,-133.0,-53.0,100.0,102.0,260.0,-433.0,46.0,-24.0,-114.0
-202.0,-95.0,-57.0,230.0,69.0,349.0,-300.0,62.0,-1.0,-163.0
-226.0,-44.0,-60.0,277.0,-77.0,249.0,-123.0,-59.0,9.0,-196.0
-200.0,155.0,-111.0,271.0,-24.0,284.0,-172.0,-25.0,11.0,-199.0
-195.0,153.0,-112.0,193.0,75.0,459.0,-346.0,-64.0,12.0,-213.0
-163.0,20.0,-84.0,41.0,76.0,582.0,-280.0,-29.0,19.0,-224.0
-171.0,108.0,-61.0,-40.0,8.0,367.0,71.0,72.0,0.0,-243.0
-155.0,230.0,-51.0,-147.0,7.0,150.0,364.0,166.0,-3.0,-228.0
-157.0,21.0,-43.0,-183.0,87.0,152.0,417.0,232.0,-4.0,-230.0
-133.0,-71.0,-46.0,-170.0,101.0,139.0,391.0,114.0,-31.0,-258.0
-85.0,101.0,-70.0,-144.0,22.0,189.0,331.0,79.0,-34.0,-250.0
-96.0,-37.0,-56.0,-13.0,-69.0,248.0,280.0,0.0,-40.0,-240.0
-77.0,-10.0,-39.0,58.0,-29.0,330.0,265.0,11.0,-60.0,-235.0
-92.0,47.0,-29.0,110.0,40.0,267.0,286.0,81.0,-67.0,-220.0
-66.0,-254.0,-9.0,150.0,-47.0,79.0,240.0,44.0,-80.0,-183.0
-39.0,-202.0,-2.0,191.0,-130.0,-34.0,70.0,59.0,-83.0,-139.0
8.0,-18.0,-35.0,283.0,-40.0,-23.0,-78.0,-48.0,-78.0,-102.0
62.0,33.0,-42.0,324.0,72.0,68.0,-157.0,25.0,-84.0,-69.0
79.0,89.0,-49.0,344.0,-30.0,100.0,-174.0,48.0,-80.0,-9.0
90.0,246.0,-64.0,301.0,-191.0,106.0,-214.0,-11.0,-71.0,41.0
72.0,346.0,-49.0,201.0,-78.0,126.0,-312.0,46.0,-68.0,77.0
48.0,261.0,-22.0,110.0,98.0,128.0,-347.0,-22.0,-60.0,145.0
33.0,388.0,9.0,-20.0,56.0,133.0,-197.0,97.0,-38.0,205.0
51.0,404.0,10.0,-190.0,-81.0,225.0,-1.0,177.0,-24.0,231.0
65.0,380.0,25.0,-231.0,-18.0,368.0,72.0,275.0,-12.0,265.0
98.0,361.0,16.0,-184.0,121.0,407.0,88.0,288.0,15.0,308.0
101.0,226.0,20.0,-174.0,41.0,206.0,112.0,73.0,6.0,297.0
125.0,240.0,32.0,-110.0,-48.0,146.0,84.0,-138.0,31.0,265.0
116.0,26.0,33.0,5.0,-23.0,265.0,-52.0,-415.0,68.0,263.0
76.0,-31.0,101.0,55.0,34.0,178.0,-157.0,-391.0,66.0,246.0
46.0,9.0,123.0,7.0,36.0,210.0,-170.0,-367.0,100.0,209.0
-16.0,-217.0,142.0,12.0,-40.0,342.0,-168.0,-284.0,121.0,172.0
-33.0,-307.0,145.0,20.0,-36.0,317.0,-157.0,-7.0,133.0,153.0
-67.0,-236.0,115.0,22.0,177.0,203.0,-129.0,92.0,171.0,141.0
-74.0,-54.0,110.0,107.0,242.0,189.0,-19.0,149.0,174.0,104.0
-69.0,-151.0,64.0,138.0,-10.0,356.0,119.0,-5.0,179.0,81.0
-42.0,-157.0,92.0,62.0,-26.0,362.0,52.0,-162.0,190.0,81.0
-27.0,77.0,110.0,39.0,101.0,217.0,-227.0,-284.0,165.0,50.0
-47.0,-32.0,87.0,54.0,118.0,138.0,-417.0,-402.0,152.0,27.0
-37.0,-165.0,105.0,-106.0,76.0,187.0,-386.0,-430.0,145.0,50.0
-70.0,-92.0,75.0,-252.0,11.0,149.0,-252.0,-552.0,111.0,56.0
-113.0,-100.0,67.0,-326.0,128.0,-62.0,-136.0,-439.0,75.0,30.0
-174.0,-356.0,34.0,-455.0,127.0,-89.0,-26.0,-336.0,37.0,23.0
-193.0,-416.0,-2.0,-450.0,4.0,-2.0,154.0,-267.0,-14.0,52.0
-204.0,-360.0,0.0,-416.0,-25.0,70.0,361.0,-83.0,-73.0,64.0
-236.0,-414.0,-9.0,-403.0,-59.0,33.0,453.0,20.0,-107.0,27.0
-240.0,-257.0,-12.0,-328.0,-11.0,-57.0,342.0,216.0,-139.0,6.0
-239.0,-172.0,-36.0,-273.0,-36.0,-28.0,65.0,247.0,-149.0,21.0
-210.0,-189.0,-49.0,-179.0,-115.0,18.0,-112.0,194.0,-134.0,-10.0
-222.0,-74.0,-80.0,-76.0,-74.0,75.0,18.0,99.0,-152.0,-57.0
-257.0,-213.0,-73.0,11.0,47.0,109.0,123.0,11.0,-141.0,-59.0
-300.0,-218.0,-46.0,96.0,48.0,123.0,-29.0,-5.0,-121.0,-58.0
-298.0,58.0,-21.0,188.0,-70.0,63.0,-243.0,-186.0,-115.0,-60.0
-262.0,-30.0,-15.0,251.0,-84.0,-131.0,-303.0,-240.0,-96.0,-52.0
-275.0,-58.0,-20.0,174.0,-10.0,-319.0,-146.0,-345.0,-83.0,-31.0
-259.0,111.0,17.0,107.0,63.0,-446.0,64.0,-373.0,-47.0,-14.0
-251.0,232.0,-13.0,113.0,-28.0,-335.0,133.0,-380.0,0.0,-14.0
-257.0,297.0,10.0,39.0,-41.0,-64.0,15.0,-465.0,18.0,-5.0
-280.0,491.0,-1.0,-59.0,66.0,-203.0,-121.0,-293.0,36.0,11.0
-308.0,388.0,-39.0,-88.0,-4.0,-335.0,-200.0,-218.0,72.0,18.0
-291.0,168.0,3.0,-89.0,-43.0,-97.0,-183.0,27.0,80.0,4.0
-272.0,363.0,-19.0,-76.0,-19.0,46.0,-118.0,177.0,96.0,17.0
-208.0,172.0,16.0,-44.0,10.0,-100.0,-86.0,158.0,139.0,22.0
-169.0,81.0,26.0,20.0,35.0,-354.0,-8.0,223.0,148.0,-6.0
-194.0,344.0,-15.0,65.0,-66.0,-278.0,13.0,110.0,166.0,-31.0
-221.0,324.0,-11.0,96.0,-128.0,-197.0,-61.0,123.0,186.0,-57.0
-245.0,99.0,-33.0,196.0,-40.0,-425.0,-154.0,-3.0,178.0,-74.0
-241.0,91.0,-60.0,231.0,48.0,-617.0,-122.0,-84.0,176.0,-100.0
-213.0,165.0,-34.0,213.0,106.0,-415.0,122.0,-14.0,180.0,-122.0
-173.0,118.0,-33.0,161.0,6.0,-21.0,387.0,0.0,160.0,-120.0
-148.0,-58.0,-75.0,83.0,-53.0,-2.0,453.0,57.0,141.0,-137.0
-144.0,-273.0,-13.0,118.0,121.0,-150.0,348.0,-31.0,127.0,-162.0
-164.0,-185.0,-27.0,135.0,77.0,-207.0,269.0,-9.0,93.0,-132.0
-194.0,-215.0,-61.0,101.0,-58.0,-200.0,360.0,-73.0,53.0,-110.0
-218.0,-133.0,2.0,34.0,50.0,-248.0,470.0,-112.0,17.0,-126.0
-223.0,-151.0,-62.0,-3.0,146.0,-285.0,349.0,-83.0,-29.0,-98.0
-205.0,-323.0,-55.0,-1.0,109.0,-127.0,127.0,-230.0,-74.0,-61.0
-172.0,-246.0,10.0,-21.0,21.0,-147.0,-26.0,-260.0,-112.0,-23.0
-144.0,-269.0,0.0,-58.0,-10.0,-228.0,-121.0,-345.0,-144.0,-5.0
-126.0,-146.0,48.0,-127.0,64.0,-210.0,-219.0,-275.0,-155.0,23.0
-95.0,-91.0,60.0,-146.0,92.0,-166.0,-329.0,-221.0,-169.0,66.0
-82.0,-97.0,56.0,-76.0,-39.0,-29.0,-419.0,-223.0,-185.0,67.0
-56.0,-45.0,61.0,67.0,-94.0,-47.0,-423.0,-68.0,-182.0,85.0
-30.0,46.0,76.0,154.0,57.0,-148.0,-256.0,-75.0,-161.0,111.0
-1.0,143.0,84.0,169.0,71.0,-154.0,-28.0,18.0,-139.0,152.0
37.0,69.0,77.0,156.0,0.0,-99.0,129.0,-53.0,-112.0,186.0
46.0,203.0,104.0,158.0,-65.0,-97.0,228.0,-109.0,-68.0,222.0
82.0,179.0,102.0,220.0,-76.0,-52.0,316.0,-60.0,-28.0,273.0
129.0,119.0,100.0,190.0,86.0,-43.0,331.0,-192.0,14.0,294.0
148.0,191.0,80.0,50.0,-42.0,-39.0,361.0,-112.0,43.0,307.0
156.0,96.0,77.0,-48.0,-180.0,108.0,430.0,-110.0,63.0,334.0
156.0,99.0,76.0,-60.0,-11.0,122.0,361.0,-51.0,95.0,367.0
173.0,141.0,43.0,-92.0,57.0,60.0,183.0,-68.0,108.0,350.0
186.0,232.0,72.0,-79.0,57.0,-19.0,5.0,-199.0,109.0,335.0
183.0,72.0,64.0,49.0,8.0,-66.0,-70.0,-214.0,126.0,339.0
193.0,28.0,42.0,167.0,-46.0,-127.0,-101.0,-266.0,141.0,297.0
147.0,242.0,39.0,183.0,-8.0,-114.0,-212.0,-147.0,140.0,254.0
114.0,62.0,12.0,189.0,-3.0,33.0,-409.0,-151.0,133.0,216.0
108.0,-228.0,-20.0,285.0,-67.0,-8.0,-425.0,5.0,103.0,185.0
75.0,-341.0,-34.0,344.0,-72.0,-52.0,-156.0,164.0,75.0,157.0
74.0,-139.0,-44.0,374.0,-34.0,127.0,172.0,96.0,69.0,113.0
65.0,-225.0,-46.0,306.0,67.0,212.0,414.0,192.0,52.0,84.0
54.0,-453.0,-49.0,204.0,54.0,148.0,423.0,59.0,50.0,57.0
24.0,-252.0,-98.0,148.0,-55.0,170.0,353.0,-44.0,63.0,17.0
23.0,-138.0,-84.0,69.0,105.0,54.0,345.0,-162.0,65.0,2.0
25.0,-84.0,-113.0,41.0,107.0,-115.0,342.0,-328.0,69.0,-6.0
-1.0,-27.0,-87.0,-14.0,3.0,11.0,335.0,-279.0,60.0,-37.0
-31.0,63.0,17.0,-85.0,74.0,161.0,223.0,-230.0,60.0,-69.0
-77.0,162.0,7.0,-246.0,62.0,170.0,37.0,-105.0,72.0,-82.0
-101.0,254.0,85.0,-390.0,89.0,230.0,-63.0,-127.0,68.0,-83.0
-116.0,240.0,148.0,-404.0,89.0,190.0,-7.0,-110.0,62.0,-110.0
-79.0,86.0,119.0,-406.0,-16.0,45.0,123.0,-79.0,73.0,-153.0
-65.0,59.0,163.0,-330.0,9.0,-10.0,225.0,-133.0,71.0,-179.0
-96.0,81.0,187.0,-220.0,100.0,-6.0,190.0,-31.0,58.0,-185.0
-130.0,96.0,174.0,-110.0,19.0,3.0,57.0,-38.0,68.0,-199.0
-149.0,14.0,232.0,-27.0,-51.0,-93.0,-105.0,24.0,61.0,-217.0
-118.0,61.0,265.0,6.0,1.0,-118.0,-280.0,-72.0,45.0,-218.0
-89.0,235.0,231.0,16.0,62.0,-27.0,-313.0,-171.0,48.0,-213.0
-61.0,333.0,253.0,131.0,110.0,-90.0,-174.0,-11.0,62.0,-188.0
-49.0,167.0,218.0,283.0,27.0,-197.0,62.0,27.0,87.0,-162.0
-32.0,69.0,202.0,300.0,-1.0,-141.0,235.0,120.0,91.0,-136.0
-32.0,137.0,217.0,200.0,108.0,-18.0,261.0,55.0,83.0,-81.0
-34.0,-40.0,143.0,96.0,80.0,-129.0,225.0,-55.0,84.0,-14.0
-28.0,98.0,140.0,29.0,-10.0,-429.0,135.0,-216.0,93.0,39.0
-17.0,94.0,118.0,-63.0,-26.0,-481.0,18.0,-386.0,80.0,81.0
24.0,-160.0,24.0,-135.0,23.0,-291.0,15.0,-330.0,72.0,127.0
44.0,-161.0,-25.0,-142.0,41.0,-179.0,121.0,-282.0,56.0,160.0
69.0,-82.0,-31.0,-100.0,-110.0,-287.0,246.0,-64.0,38.0,194.0
81.0,-141.0,-70.0,-17.0,-101.0,-323.0,381.0,-12.0,47.0,227.0
56.0,-332.0,-78.0,113.0,44.0,-131.0,395.0,-9.0,36.0,239.0
44.0,-175.0,-67.0,193.0,-47.0,-85.0,307.0,-70.0,60.0,250.0
49.0,-169.0,-113.0,239.0,-88.0,-79.0,204.0,-277.0,73.0,239.0
32.0,-298.0,-76.0,291.0,-53.0,20.0,63.0,-232.0,36.0,218.0
24.0,-292.0,-58.0,297.0,-95.0,73.0,-94.0,-362.0,30.0,193.0
22.0,-351.0,-97.0,220.0,-66.0,20.0,-221.0,-351.0,19.0,160.0
5.0,-283.0,-69.0,88.0,-106.0,-184.0,-264.0,-229.0,-4.0,121.0
10.0,-193.0,-56.0,-11.0,-144.0,-249.0,-285.0,-133.0,-10.0,92.0
27.0,-158.0,-79.0,-106.0,-80.0,-87.0,-342.0,20.0,-31.0,83.0
44.0,-75.0,-18.0,-135.0,-54.0,43.0,-371.0,-20.0,-58.0,42.0
55.0,-17.0,15.0,-155.0,-48.0,29.0,-208.0,27.0,-70.0,-6.0
68.0,23.0,25.0,-146.0,-58.0,-55.0,97.0,-107.0,-83.0,-32.0
76.0,171.0,49.0,-31.0,-37.0,-56.0,331.0,-240.0,-84.0,-40.0
66.0,245.0,1.0,82.0,-16.0,6.0,378.0,-325.0,-90.0,-56.0
24.0,229.0,30.0,215.0,-34.0,-8.0,360.0,-445.0,-93.0,-73.0
11.0,187.0,34.0,329.0,-52.0,-48.0,436.0,-323.0,-78.0,-77.0
14.0,375.0,33.0,360.0,20.0,-46.0,497.0,-347.0,-53.0,-87.0
14.0,504.0,55.0,346.0,34.0,-65.0,399.0,-271.0,-26.0,-86.0
33.0,343.0,61.0,277.0,-59.0,-77.0,143.0,-184.0,20.0,-71.0
30.0,291.0,104.0,146.0,2.0,-75.0,-59.0,-131.0,75.0,-65.0
50.0,313.0,144.0,65.0,14.0,-67.0,-138.0,-20.0,97.0,-58.0
50.0,160.0,148.0,109.0,-49.0,68.0,-145.0,-94.0,133.0,-25.0
40.0,-147.0,144.0,126.0,-47.0,187.0,-121.0,-20.0,175.0,1.0
13.0,-54.0,175.0,143.0,-76.0,-8.0,-103.0,-86.0,202.0,8.0
-14.0,-95.0,125.0,140.0,-37.0,-210.0,-54.0,-168.0,242.0,5.0
-7.0,-287.0,157.0,103.0,62.0,-66.0,-28.0,-203.0,282.0,-2.0
-11.0,-115.0,163.0,123.0,15.0,67.0,-121.0,-343.0,309.0,-3.0
7.0,-149.0,134.0,89.0,-56.0,-19.0,-247.0,-301.0,326.0,-16.0
25.0,-275.0,146.0,112.0,29.0,-84.0,-194.0,-203.0,332.0,-36.0
42.0,-32.0,114.0,108.0,92.0,-17.0,23.0,70.0,334.0,-67.0
48.0,179.0,116.0,55.0,58.0,118.0,246.0,79.0,327.0,-89.0
38.0,-76.0,55.0,63.0,-12.0,33.0,373.0,-25.0,296.0,-110.0
30.0,32.0,58.0,102.0,-38.0,-188.0,442.0,-12.0,282.0,-137.0
10.0,303.0,22.0,214.0,55.0,-167.0,453.0,-153.0,273.0,-130.0
0.0,66.0,-6.0,217.0,77.0,-10.0,381.0,-46.0,242.0,-133.0
-11.0,-6.0,16.0,149.0,-46.0,50.0,280.0,-31.0,210.0,-127.0
3.0,162.0,-21.0,75.0,-35.0,-112.0,135.0,-51.0,175.0,-105.0
28.0,62.0,9.0,20.0,38.0,-265.0,46.0,-75.0,126.0,-103.0
24.0,6.0,-17.0,-5.0,-21.0,-122.0,117.0,-201.0,76.0,-90.0
23.0,138.0,-30.0,-36.0,-65.0,54.0,274.0,-266.0,35.0,-56.0
21.0,47.0,-56.0,8.0,-20.0,87.0,276.0,-430.0,-6.0,-26.0
13.0,74.0,-102.0,38.0,48.0,125.0,91.0,-404.0,-35.0,-8.0
-5.0,124.0,-71.0,70.0,33.0,134.0,-85.0,-388.0,-66.0,22.0
-29.0,105.0,-93.0,149.0,-25.0,-45.0,-151.0,-258.0,-108.0,56.0
-29.0,67.0,-114.0,244.0,-50.0,-208.0,-99.0,-110.0,-140.0,68.0
-11.0,-152.0,-102.0,275.0,12.0,-43.0,-74.0,-214.0,-174.0,94.0
5.0,-111.0,-127.0,256.0,103.0,88.0,-99.0,-138.0,-196.0,120.0
29.0,-130.0,-168.0,170.0,52.0,-59.0,-107.0,-125.0,-187.0,126.0
55.0,-404.0,-158.0,11.0,-47.0,-62.0,-42.0,-46.0,-177.0,123.0
72.0,-328.0,-174.0,-5.0,-33.0,147.0,56.0,11.0,-165.0,109.0
98.0,-114.0,-156.0,27.0,46.0,234.0,103.0,-44.0,-139.0,93.0
115.0,-93.0,-126.0,6.0,-17.0,126.0,179.0,36.0,-91.0,62.0
111.0,-46.0,-150.0,28.0,-89.0,52.0,329.0,16.0,-43.0,19.0
94.0,54.0,-105.0,93.0,24.0,23.0,456.0,-5.0,-2.0,-8.0
68.0,-13.0,-106.0,92.0,74.0,-25.0,453.0,-173.0,51.0,-31.0
82.0,-36.0,-108.0,25.0,29.0,-58.0,372.0,-238.0,83.0,-63.0
107.0,69.0,-67.0,13.0,20.0,12.0,301.0,-205.0,115.0,-88.0
101.0,-139.0,-74.0,-55.0,16.0,265.0,271.0,-242.0,160.0,-120.0
55.0,-293.0,-55.0,-153.0,87.0,351.0,208.0,-40.0,181.0,-143.0
10.0,-197.0,-12.0,-195.0,48.0,188.0,134.0,12.0,204.0,-170.0
15.0,-155.0,-18.0,-176.0,-125.0,156.0,130.0,81.0,221.0,-212.0
20.0,-100.0,-21.0,-50.0,-5.0,244.0,184.0,97.0,222.0,-226.0
24.0,18.0,-5.0,65.0,64.0,234.0,238.0,-59.0,233.0,-259.0
27.0,96.0,-21.0,193.0,-51.0,237.0,185.0,-206.0,241.0,-285.0
29.0,197.0,-7.0,169.0,45.0,352.0,42.0,-375.0,225.0,-281.0
20.0,190.0,-35.0,20.0,-14.0,363.0,-88.0,-271.0,226.0,-270.0
16.0,-32.0,-57.0,-74.0,-78.0,260.0,-177.0,-175.0,228.0,-264.0
30.0,71.0,-37.0,-173.0,39.0,311.0,-283.0,-38.0,194.0,-253.0
10.0,109.0,-67.0,-219.0,-98.0,535.0,-271.0,35.0,175.0,-192.0
-4.0,-148.0,-63.0,-220.0,-110.0,592.0,-56.0,-33.0,139.0,-161.0
0.0,-262.0,-72.0,-134.0,91.0,498.0,136.0,5.0,84.0,-139.0
19.0,-144.0,-89.0,-119.0,59.0,327.0,116.0,3.0,62.0,-86.0
37.0,7.0,-87.0,-161.0,-15.0,83.0,-9.0,192.0,13.0,-54.0
38.0,-50.0,-81.0,-228.0,-70.0,107.0,23.0,238.0,-30.0,-37.0
34.0,122.0,-30.0,-342.0,-51.0,210.0,196.0,223.0,-40.0,-21.0
70.0,362.0,-26.0,-296.0,55.0,251.0,335.0,299.0,-77.0,-4.0
105.0,421.0,0.0,-179.0,-74.0,327.0,299.0,125.0,-111.0,-14.0
93.0,517.0,42.0,6.0,-148.0,385.0,174.0,-31.0,-121.0,-29.0
106.0,523.0,39.0,86.0,-21.0,419.0,187.0,-286.0,-128.0,-36.0
98.0,502.0,68.0,131.0,33.0,381.0,289.0,-365.0,-141.0,-43.0
96.0,398.0,76.0,199.0,60.0,313.0,204.0,-225.0,-139.0,-53.0
40.0,208.0,57.0,137.0,8.0,146.0,-95.0,-18.0,-108.0,-63.0
32.0,145.0,59.0,142.0,-22.0,42.0,-283.0,232.0,-81.0,-38.0
95.0,84.0,77.0,103.0,59.0,116.0,-240.0,230.0,-80.0,-13.0
127.0,85.0,92.0,83.0,-20.0,62.0,-23.0,242.0,-66.0,-7.0
137.0,57.0,138.0,133.0,-96.0,6.0,169.0,5.0,-48.0,16.0
80.0,-57.0,142.0,207.0,-5.0,205.0,192.0,-184.0,-30.0,67.0
87.0,97.0,110.0,305.0,38.0,286.0,157.0,-110.0,-13.0,108.0
56.0,235.0,112.0,389.0,79.0,230.0,101.0,-64.0,-37.0,130.0
31.0,233.0,83.0,377.0,-8.0,296.0,-28.0,242.0,-34.0,164.0
28.0,258.0,69.0,233.0,-64.0,328.0,-220.0,315.0,-22.0,199.0
58.0,234.0,92.0,154.0,126.0,271.0,-293.0,288.0,-21.0,214.0
118.0,94.0,85.0,44.0,84.0,124.0,-187.0,247.0,-2.0,231.0
106.0,-103.0,32.0,15.0,-63.0,103.0,-51.0,107.0,1.0,253.0
109.0,-35.0,42.0,68.0,30.0,231.0,-54.0,160.0,33.0,242.0
70.0,-174.0,8.0,85.0,101.0,177.0,-101.0,218.0,56.0,220.0
83.0,-483.0,-22.0,114.0,77.0,-22.0,-1.0,447.0,57.0,212.0
95.0,-511.0,10.0,26.0,22.0,-118.0,149.0,569.0,80.0,201.0
140.0,-569.0,-55.0,-67.0,-45.0,16.0,262.0,654.0,103.0,160.0
146.0,-427.0,-73.0,-71.0,34.0,47.0,256.0,655.0,110.0,123.0
91.0,-347.0,-77.0,-3.0,71.0,-159.0,189.0,424.0,110.0,93.0
77.0,-247.0,-116.0,45.0,-47.0,-285.0,148.0,308.0,102.0,52.0
42.0,93.0,-105.0,91.0,-29.0,-185.0,46.0,60.0,88.0,10.0
38.0,187.0,-117.0,159.0,44.0,60.0,-130.0,-72.0,90.0,-44.0
6.0,333.0,-168.0,152.0,80.0,150.0,-291.0,-142.0,82.0,-63.0
28.0,271.0,-172.0,184.0,55.0,133.0,-342.0,-107.0,72.0,-75.0
49.0,32.0,-173.0,194.0,-46.0,202.0,-267.0,83.0,65.0,-110.0
68.0,10.0,-181.0,104.0,-2.0,265.0,-87.0,48.0,50.0,-132.0
48.0,-153.0,-150.0,19.0,75.0,95.0,67.0,55.0,39.0,-145.0
13.0,-187.0,-158.0,-52.0,-45.0,-35.0,165.0,73.0,25.0,-166.0
-10.0,-108.0,-139.0,-99.0,-119.0,137.0,215.0,175.0,-6.0,-195.0
-45.0,-12.0,-128.0,-162.0,-51.0,164.0,155.0,269.0,-51.0,-207.0
-19.0,140.0,-98.0,-198.0,-7.0,43.0,37.0,306.0,-62.0,-218.0
0.0,118.0,-42.0,-166.0,-33.0,-27.0,-40.0,319.0,-82.0,-243.0
49.0,199.0,-44.0,-65.0,-164.0,23.0,20.0,182.0,-100.0,-264.0
28.0,222.0,-32.0,78.0,-94.0,158.0,141.0,171.0,-90.0,-243.0
-3.0,224.0,-27.0,167.0,70.0,163.0,117.0,64.0,-99.0,-246.0
-35.0,255.0,-24.0,252.0,-24.0,59.0,-93.0,99.0,-88.0,-275.0
-19.0,229.0,-12.0,266.0,-99.0,-43.0,-257.0,286.0,-95.0,-258.0
0.0,151.0,23.0,177.0,-42.0,-77.0,-202.0,267.0,-103.0,-238.0
6.0,-4.0,22.0,98.0,76.0,-98.0,-39.0,284.0,-87.0,-235.0
33.0,187.0,24.0,27.0,68.0,-110.0,-24.0,75.0,-87.0,-233.0
15.0,62.0,43.0,-106.0,-138.0,-111.0,-172.0,-138.0,-79.0,-210.0
55.0,-284.0,27.0,-202.0,-138.0,-137.0,-236.0,-164.0,-58.0,-185.0
37.0,-266.0,40.0,-227.0,43.0,-201.0,-186.0,-9.0,-56.0,-172.0
45.0,-403.0,27.0,-294.0,59.0,-233.0,-88.0,195.0,-53.0,-154.0
60.0,-580.0,3.0,-245.0,-64.0,-152.0,-38.0,175.0,-22.0,-119.0
94.0,-562.0,-17.0,-131.0,-161.0,-187.0,-23.0,275.0,-13.0,-92.0
120.0,-494.0,-31.0,-41.0,-44.0,-185.0,21.0,175.0,0.0,-76.0
128.0,-464.0,-17.0,74.0,57.0,-93.0,95.0,77.0,37.0,-37.0
154.0,-399.0,-19.0,151.0,-35.0,-179.0,148.0,97.0,60.0,-15.0
123.0,-106.0,-4.0,206.0,-55.0,-194.0,45.0,35.0,108.0,-29.0
104.0,115.0,-38.0,169.0,32.0,-104.0,-117.0,238.0,142.0,-23.0
66.0,100.0,-74.0,89.0,97.0,-8.0,-219.0,345.0,154.0,1.0
100.0,343.0,-53.0,-3.0,69.0,34.0,-219.0,443.0,177.0,3.0
108.0,438.0,-89.0,-85.0,45.0,31.0,-155.0,421.0,196.0,2.0
118.0,360.0,-73.0,-57.0,77.0,100.0,-119.0,388.0,194.0,20.0
121.0,449.0,-67.0,-43.0,151.0,-45.0,-110.0,502.0,192.0,56.0
97.0,283.0,-87.0,-38.0,97.0,-181.0,-197.0,432.0,204.0,61.0
92.0,140.0,-63.0,-20.0,-31.0,-227.0,-344.0,413.0,190.0,66.0
81.0,369.0,-90.0,-29.0,18.0,-310.0,-423.0,264.0,167.0,103.0
100.0,396.0,-42.0,-20.0,137.0,-231.0,-408.0,267.0,142.0,113.0
128.0,152.0,-25.0,62.0,161.0,-260.0,-336.0,339.0,121.0,116.0
176.0,352.0,-24.0,144.0,9.0,-237.0,-263.0,229.0,100.0,129.0
121.0,355.0,15.0,167.0,18.0,-172.0,-207.0,203.0,66.0,138.0
64.0,142.0,25.0,119.0,121.0,-193.0,-140.0,38.0,27.0,126.0
17.0,303.0,43.0,-22.0,63.0,-151.0,-77.0,75.0,1.0,99.0
-20.0,234.0,25.0,-152.0,-21.0,-118.0,-15.0,184.0,0.0,93.0
-39.0,128.0,33.0,-228.0,-90.0,-140.0,65.0,354.0,-16.0,81.0
-45.0,196.0,39.0,-219.0,23.0,-202.0,180.0,591.0,-16.0,64.0
-13.0,142.0,32.0,-198.0,133.0,-117.0,229.0,430.0,-11.0,47.0
0.0,-68.0,11.0,-167.0,8.0,-226.0,204.0,223.0,-21.0,39.0
-22.0,44.0,26.0,-38.0,-69.0,-392.0,164.0,20.0,-26.0,48.0
-81.0,149.0,31.0,14.0,72.0,-331.0,62.0,55.0,-31.0,32.0
-91.0,-132.0,8.0,35.0,46.0,-164.0,-7.0,243.0,-36.0,28.0
-111.0,54.0,18.0,112.0,-58.0,90.0,-38.0,352.0,-35.0,52.0
-109.0,178.0,37.0,94.0,-42.0,22.0,-32.0,480.0,-16.0,47.0
-122.0,-34.0,50.0,30.0,-46.0,-263.0,6.0,413.0,-5.0,58.0
-100.0,58.0,18.0,-16.0,38.0,-471.0,32.0,426.0,4.0,91.0
-64.0,85.0,26.0,34.0,16.0,-386.0,6.0,306.0,20.0,108.0
-38.0,-121.0,-13.0,115.0,-94.0,-214.0,-96.0,160.0,30.0,115.0
-13.0,-152.0,-35.0,129.0,-55.0,-248.0,-146.0,206.0,47.0,133.0
-20.0,-81.0,-26.0,207.0,67.0,-221.0,-129.0,245.0,57.0,167.0
24.0,-226.0,-46.0,212.0,-8.0,-97.0,-79.0,400.0,56.0,177.0
58.0,-261.0,-42.0,77.0,-144.0,-35.0,-62.0,365.0,48.0,185.0
121.0,-181.0,-41.0,-2.0,-68.0,-111.0,-63.0,304.0,44.0,206.0
141.0,-141.0,-23.0,-44.0,-3.0,29.0,-122.0,232.0,42.0,207.0
147.0,-132.0,-35.0,-21.0,12.0,234.0,-249.0,116.0,33.0,202.0
153.0,-133.0,-27.0,90.0,-23.0,98.0,-303.0,36.0,20.0,212.0
172.0,64.0,-58.0,121.0,-19.0,41.0,-264.0,-57.0,19.0,226.0
190.0,-45.0,-48.0,107.0,4.0,154.0,-204.0,155.0,19.0,243.0
165.0,-227.0,-42.0,72.0,-20.0,133.0,-260.0,258.0,10.0,246.0
171.0,-73.0,-79.0,-68.0,-17.0,-3.0,-374.0,291.0,3.0,240.0
173.0,-71.0,-7.0,-235.0,-49.0,-28.0,-418.0,327.0,-5.0,236.0
184.0,-36.0,-13.0,-312.0,55.0,89.0,-330.0,208.0,0.0,193.0
185.0,74.0,-3.0,-346.0,108.0,87.0,-252.0,88.0,-5.0,141.0
206.0,212.0,23.0,-312.0,9.0,79.0,-320.0,-153.0,-4.0,101.0
175.0,182.0,6.0,-273.0,31.0,161.0,-341.0,-112.0,9.0,48.0
151.0,205.0,25.0,-208.0,76.0,255.0,-264.0,31.0,9.0,-26.0
110.0,502.0,28.0,-61.0,117.0,350.0,-161.0,169.0,17.0,-91.0
92.0,353.0,53.0,8.0,104.0,276.0,-152.0,279.0,8.0,-127.0
117.0,381.0,33.0,100.0,-12.0,131.0,-227.0,123.0,10.0,-183.0
113.0,525.0,34.0,93.0,-34.0,106.0,-225.0,147.0,8.0,-231.0
140.0,285.0,45.0,12.0,24.0,160.0,-163.0,216.0,13.0,-245.0
82.0,184.0,44.0,-65.0,-16.0,141.0,-183.0,354.0,15.0,-253.0
65.0,182.0,55.0,-120.0,-21.0,119.0,-358.0,469.0,11.0,-272.0
32.0,167.0,40.0,-73.0,-6.0,204.0,-518.0,437.0,31.0,-281.0
12.0,-209.0,78.0,-138.0,-51.0,349.0,-483.0,467.0,41.0,-271.0
1.0,-304.0,98.0,-250.0,-49.0,494.0,-268.0,327.0,68.0,-277.0
-15.0,36.0,117.0,-380.0,-92.0,356.0,-63.0,256.0,69.0,-278.0
25.0,-75.0,124.0,-438.0,-58.0,50.0,49.0,123.0,80.0,-250.0
19.0,-156.0,120.0,-392.0,29.0,67.0,135.0,-1.0,124.0,-224.0
26.0,-100.0,116.0,-379.0,-66.0,363.0,258.0,-3.0,125.0,-194.0
-1.0,-127.0,91.0,-356.0,-116.0,393.0,352.0,-79.0,133.0,-150.0
33.0,29.0,121.0,-256.0,-68.0,234.0,262.0,114.0,142.0,-95.0
43.0,-71.0,131.0,-107.0,-100.0,323.0,59.0,273.0,137.0,-36.0
41.0,-262.0,118.0,-7.0,-81.0,391.0,-6.0,369.0,146.0,0.0
94.0,10.0,74.0,117.0,-29.0,381.0,105.0,391.0,130.0,34.0
110.0,-33.0,58.0,216.0,13.0,240.0,145.0,399.0,110.0,76.0
133.0,-287.0,49.0,221.0,73.0,27.0,87.0,498.0,113.0,90.0
111.0,-207.0,-2.0,181.0,30.0,42.0,-7.0,332.0,99.0,82.0
106.0,-189.0,18.0,145.0,-39.0,62.0,-171.0,240.0,79.0,73.0
109.0,-211.0,33.0,82.0,11.0,35.0,-314.0,97.0,65.0,82.0
116.0,-75.0,17.0,-48.0,26.0,-9.0,-337.0,14.0,55.0,84.0
106.0,33.0,21.0,-107.0,-31.0,156.0,-208.0,-14.0,41.0,75.0
92.0,214.0,-26.0,-142.0,0.0,283.0,-105.0,-175.0,21.0,105.0
72.0,576.0,-35.0,-252.0,36.0,127.0,-174.0,-133.0,-3.0,125.0
32.0,463.0,-25.0,-278.0,109.0,167.0,-351.0,-157.0,-20.0,126.0
36.0,234.0,-65.0,-127.0,136.0,310.0,-518.0,-48.0,-22.0,150.0
49.0,252.0,-58.0,37.0,60.0,331.0,-490.0,38.0,-35.0,167.0
80.0,112.0,-66.0,79.0,76.0,229.0,-279.0,83.0,-37.0,168.0
73.0,79.0,-88.0,27.0,115.0,266.0,-149.0,286.0,-38.0,176.0
34.0,90.0,-89.0,-37.0,52.0,367.0,-149.0,339.0,-46.0,190.0
5.0,0.0,-72.0,-50.0,-59.0,259.0,-109.0,497.0,-39.0,191.0
9.0,215.0,-81.0,-70.0,-4.0,143.0,-7.0,524.0,-50.0,191.0
26.0,273.0,-77.0,-10.0,47.0,143.0,53.0,443.0,-69.0,189.0
28.0,-15.0,-26.0,183.0,27.0,263.0,57.0,286.0,-66.0,213.0
46.0,167.0,-44.0,285.0,72.0,335.0,65.0,5.0,-69.0,232.0
35.0,190.0,-11.0,226.0,50.0,323.0,105.0,-110.0,-61.0,228.0
18.0,34.0,3.0,143.0,31.0,262.0,190.0,-214.0,-34.0,238.0
14.0,145.0,-27.0,128.0,21.0,310.0,201.0,-134.0,-16.0,246.0
21.0,172.0,-22.0,85.0,-4.0,443.0,49.0,-205.0,-4.0,236.0
47.0,233.0,-67.0,58.0,-36.0,317.0,-84.0,-332.0,15.0,203.0
67.0,257.0,-92.0,86.0,-19.0,189.0,-55.0,-280.0,33.0,175.0
73.0,93.0,-84.0,58.0,28.0,210.0,38.0,-334.0,33.0,148.0
48.0,-28.0,-79.0,61.0,-32.0,159.0,45.0,-179.0,30.0,110.0
30.0,122.0,-52.0,-13.0,-36.0,46.0,17.0,-46.0,25.0,92.0
23.0,-166.0,-41.0,-198.0,-7.0,91.0,63.0,136.0,16.0,87.0
30.0,-465.0,-57.0,-304.0,-53.0,148.0,116.0,238.0,14.0,65.0
54.0,-216.0,-61.0,-370.0,-50.0,-54.0,71.0,225.0,9.0,58.0
53.0,-290.0,-82.0,-411.0,-50.0,-199.0,-88.0,415.0,0.0,68.0
40.0,-289.0,-76.0,-350.0,-64.0,-85.0,-255.0,386.0,-20.0,69.0
58.0,-67.0,-65.0,-178.0,31.0,89.0,-350.0,334.0,-40.0,69.0
96.0,-105.0,-60.0,-35.0,0.0,133.0,-445.0,129.0,-47.0,40.0
94.0,-53.0,-46.0,6.0,-96.0,38.0,-543.0,-38.0,-62.0,33.0
71.0,60.0,-40.0,-32.0,0.0,-44.0,-531.0,-53.0,-63.0,19.0
62.0,28.0,-1.0,-91.0,-17.0,4.0,-391.0,-177.0,-62.0,-22.0
66.0,-57.0,-4.0,-121.0,-86.0,-29.0,-158.0,-103.0,-77.0,-60.0
43.0,52.0,1.0,-90.0,-26.0,-94.0,32.0,-68.0,-78.0,-109.0
6.0,138.0,8.0,-48.0,-13.0,-4.0,88.0,55.0,-57.0,-145.0
20.0,-19.0,-10.0,-53.0,-17.0,47.0,124.0,70.0,-33.0,-185.0
27.0,85.0,-10.0,-13.0,8.0,72.0,168.0,84.0,-13.0,-219.0
0.0,246.0,-14.0,-59.0,0.0,89.0,182.0,260.0,0.0,-253.0
-60.0,287.0,-21.0,-160.0,-21.0,47.0,51.0,218.0,16.0,-288.0
-106.0,97.0,-46.0,-229.0,-6.0,15.0,-227.0,251.0,23.0,-294.0
-110.0,-118.0,-29.0,-328.0,30.0,66.0,-428.0,138.0,11.0,-280.0
-119.0,161.0,-51.0,-335.0,34.0,207.0,-453.0,48.0,24.0,-282.0
-126.0,280.0,-84.0,-265.0,-33.0,340.0,-381.0,-51.0,38.0,-283.0
-145.0,-29.0,-65.0,-124.0,12.0,447.0,-328.0,-208.0,44.0,-262.0
-168.0,-51.0,-102.0,83.0,115.0,588.0,-243.0,-96.0,42.0,-256.0
-217.0,182.0,-80.0,175.0,41.0,381.0,-62.0,-103.0,33.0,-256.0
-242.0,115.0,-71.0,152.0,-16.0,39.0,32.0,3.0,40.0,-242.0
-253.0,54.0,-102.0,150.0,17.0,72.0,3.0,42.0,32.0,-220.0
-257.0,171.0,-106.0,106.0,25.0,146.0,54.0,9.0,16.0,-203.0
-205.0,233.0,-124.0,36.0,-63.0,77.0,186.0,99.0,2.0,-183.0
-151.0,162.0,-101.0,14.0,-123.0,-25.0,282.0,68.0,-3.0,-167.0
-111.0,82.0,-96.0,93.0,-25.0,103.0,264.0,166.0,-19.0,-171.0
-106.0,-87.0,-89.0,188.0,32.0,202.0,149.0,136.0,-34.0,-164.0
-85.0,-183.0,-65.0,186.0,-43.0,50.0,-3.0,57.0,-56.0,-159.0
-68.0,-15.0,-49.0,118.0,-118.0,-14.0,-120.0,-70.0,-89.0,-146.0
-59.0,-115.0,-62.0,38.0,-78.0,12.0,-188.0,-216.0,-103.0,-144.0
-40.0,-183.0,-43.0,-6.0,-13.0,34.0,-283.0,-206.0,-126.0,-149.0
-19.0,52.0,-23.0,-27.0,-54.0,-45.0,-298.0,-280.0,-143.0,-135.0
38.0,207.0,-12.0,-48.0,-143.0,-190.0,-174.0,-205.0,-142.0,-144.0
70.0,179.0,40.0,-65.0,-133.0,-189.0,40.0,-332.0,-131.0,-142.0
90.0,42.0,0.0,7.0,-4.0,35.0,140.0,-428.0,-134.0,-143.0
59.0,96.0,39.0,44.0,65.0,65.0,10.0,-208.0,-125.0,-136.0
9.0,217.0,54.0,26.0,-64.0,-59.0,-165.0,-18.0,-120.0,-124.0
-10.0,66.0,18.0,-9.0,-92.0,46.0,-303.0,214.0,-134.0,-120.0
-41.0,110.0,43.0,-51.0,56.0,100.0,-391.0,194.0,-121.0,-86.0
-27.0,187.0,19.0,-21.0,35.0,-10.0,-498.0,169.0,-105.0,-59.0
-12.0,214.0,8.0,-14.0,-81.0,-160.0,-608.0,134.0,-80.0,-37.0
-1.0,247.0,-15.0,15.0,-110.0,-131.0,-604.0,-25.0,-68.0,-7.0
-3.0,-68.0,11.0,25.0,-26.0,2.0,-461.0,-99.0,-60.0,38.0
-4.0,-137.0,7.0,84.0,67.0,-27.0,-313.0,-182.0,-36.0,76.0
3.0,-95.0,-33.0,147.0,-41.0,-166.0,-254.0,-109.0,-29.0,91.0
1.0,-200.0,-35.0,137.0,-132.0,-242.0,-209.0,-168.0,-14.0,114.0
-32.0,-323.0,-93.0,170.0,67.0,-36.0,-141.0,-277.0,1.0,132.0
-88.0,-248.0,-121.0,112.0,165.0,96.0,-130.0,-256.0,15.0,138.0
-71.0,43.0,-127.0,3.0,4.0,-79.0,-221.0,-243.0,38.0,148.0
-36.0,111.0,-137.0,-82.0,-42.0,-39.0,-271.0,-169.0,62.0,150.0
28.0,47.0,-118.0,-106.0,41.0,172.0,-211.0,-208.0,84.0,144.0
66.0,11.0,-139.0,-88.0,87.0,48.0,-37.0,-131.0,111.0,148.0
50.0,107.0,-141.0,-100.0,21.0,-194.0,113.0,-22.0,129.0,135.0
38.0,148.0,-121.0,-148.0,-93.0,-217.0,198.0,-42.0,136.0,127.0
-4.0,39.0,-170.0,-161.0,-59.0,-135.0,289.0,-99.0,166.0,116.0
-13.0,-129.0,-138.0,-152.0,118.0,-100.0,350.0,-212.0,170.0,85.0
-5.0,-188.0,-97.0,-88.0,126.0,-207.0,400.0,-195.0,151.0,67.0
12.0,-173.0,-105.0,89.0,-28.0,-367.0,362.0,-299.0,132.0,30.0
3.0,-214.0,-41.0,205.0,35.0,-392.0,317.0,-369.0,93.0,-4.0
-38.0,-191.0,-35.0,246.0,188.0,-279.0,310.0,-397.0,58.0,-36.0
-33.0,-94.0,-50.0,203.0,91.0,-127.0,274.0,-430.0,10.0,-65.0
-7.0,21.0,-43.0,158.0,-63.0,-60.0,213.0,-236.0,-20.0,-86.0
20.0,-61.0,-21.0,169.0,-39.0,-162.0,101.0,-214.0,-34.0,-115.0
33.0,89.0,37.0,113.0,53.0,-297.0,18.0,-184.0,-62.0,-130.0
61.0,288.0,58.0,-59.0,87.0,-237.0,-2.0,-182.0,-88.0,-151.0
82.0,162.0,76.0,-250.0,-35.0,-228.0,-58.0,-157.0,-118.0,-160.0
87.0,-34.0,81.0,-302.0,-93.0,-343.0,-176.0,-90.0,-148.0,-166.0
78.0,-315.0,94.0,-226.0,76.0,-214.0,-185.0,-192.0,-172.0,-183.0
49.0,-221.0,103.0,-63.0,105.0,-110.0,-88.0,-107.0,-177.0,-196.0
56.0,-136.0,87.0,103.0,-76.0,-149.0,-32.0,-114.0,-180.0,-199.0
87.0,-289.0,113.0,136.0,-153.0,-84.0,-30.0,-86.0,-180.0,-190.0
118.0,-370.0,87.0,48.0,18.0,-21.0,-36.0,-99.0,-171.0,-208.0
116.0,-374.0,72.0,-4.0,98.0,-138.0,47.0,-109.0,-174.0,-219.0
113.0,-198.0,81.0,-89.0,-10.0,-275.0,149.0,62.0,-150.0,-203.0
91.0,-267.0,20.0,-100.0,-61.0,-258.0,74.0,-33.0,-123.0,-198.0
64.0,-152.0,-2.0,49.0,-33.0,-334.0,-155.0,-27.0,-121.0,-211.0
76.0,257.0,-20.0,149.0,80.0,-422.0,-260.0,-92.0,-106.0,-212.0
64.0,275.0,-41.0,141.0,19.0,-481.0,-152.0,-177.0,-100.0,-205.0
41.0,226.0,-37.0,82.0,-138.0,-571.0,0.0,-190.0,-89.0,-199.0
-1.0,96.0,-53.0,75.0,-49.0,-474.0,62.0,-363.0,-77.0,-187.0
-26.0,50.0,-67.0,86.0,98.0,-356.0,50.0,-347.0,-85.0,-168.0
-40.0,295.0,-97.0,98.0,83.0,-370.0,88.0,-369.0,-97.0,-137.0
-60.0,78.0,-138.0,94.0,-21.0,-479.0,177.0,-293.0,-106.0,-124.0
-54.0,-222.0,-141.0,38.0,-17.0,-605.0,215.0,-218.0,-101.0,-106.0
-52.0,-181.0,-167.0,-72.0,66.0,-676.0,100.0,-171.0,-102.0,-58.0
-69.0,12.0,-165.0,-200.0,34.0,-625.0,-38.0,0.0,-100.0,-41.0
-99.0,55.0,-147.0,-238.0,-185.0,-434.0,-23.0,-48.0,-96.0,-36.0
-102.0,-114.0,-172.0,-223.0,-231.0,-361.0,60.0,-77.0,-125.0,-14.0
-105.0,117.0,-164.0,-99.0,-32.0,-290.0,57.0,-197.0,-153.0,3.0
-117.0,208.0,-178.0,38.0,-49.0,-213.0,-88.0,-216.0,-181.0,4.0
-124.0,94.0,-144.0,89.0,-155.0,-282.0,-182.0,-157.0,-206.0,-11.0
-112.0,49.0,-117.0,66.0,-68.0,-275.0,-115.0,-253.0,-231.0,-15.0
-108.0,-22.0,-99.0,-35.0,77.0,-295.0,-40.0,-177.0,-261.0,-16.0
-104.0,208.0,-61.0,-77.0,35.0,-276.0,-54.0,-230.0,-270.0,-10.0
-115.0,178.0,-51.0,-41.0,-97.0,-170.0,-152.0,-186.0,-265.0,-16.0
-124.0,-310.0,14.0,108.0,-156.0,-326.0,-243.0,-160.0,-249.0,-30.0
-87.0,-430.0,7.0,206.0,-104.0,-537.0,-266.0,-339.0,-220.0,-41.0
-88.0,-33.0,-16.0,175.0,14.0,-325.0,-223.0,-354.0,-187.0,-67.0
-71.0,-45.0,-12.0,141.0,-42.0,-66.0,-76.0,-325.0,-160.0,-84.0
-36.0,-299.0,-59.0,58.0,-62.0,-119.0,155.0,-192.0,-127.0,-106.0
-14.0,-161.0,-39.0,-19.0,39.0,-185.0,400.0,-175.0,-99.0,-140.0
-34.0,-143.0,20.0,-87.0,104.0,-189.0,612.0,-105.0,-74.0,-154.0
-61.0,-223.0,15.0,-98.0,64.0,-178.0,790.0,-68.0,-24.0,-144.0
-36.0,-185.0,38.0,-111.0,-105.0,-348.0,886.0,-164.0,19.0,-142.0
-23.0,-246.0,28.0,-125.0,-58.0,-531.0,868.0,-88.0,56.0,-142.0
-3.0,-211.0,0.0,-31.0,67.0,-350.0,747.0,-144.0,97.0,-123.0
-11.0,-184.0,41.0,102.0,-19.0,-132.0,560.0,-53.0,121.0,-112.0
1.0,-305.0,20.0,253.0,-131.0,-233.0,388.0,64.0,159.0,-99.0
22.0,-112.0,38.0,238.0,-116.0,-450.0,311.0,55.0,190.0,-87.0
1.0,178.0,76.0,128.0,48.0,-479.0,274.0,24.0,196.0,-67.0
-9.0,223.0,32.0,-5.0,53.0,-463.0,130.0,-188.0,213.0,-48.0
-9.0,148.0,30.0,-73.0,-127.0,-500.0,-106.0,-251.0,221.0,-34.0
11.0,-42.0,22.0,26.0,-108.0,-557.0,-277.0,-273.0,221.0,-9.0
3.0,-181.0,10.0,20.0,-35.0,-561.0,-261.0,-206.0,225.0,10.0
-17.0,-186.0,52.0,38.0,-36.0,-426.0,-179.0,-129.0,226.0,37.0
-21.0,-151.0,44.0,31.0,-77.0,-329.0,-194.0,-64.0,224.0,55.0
-8.0,-81.0,-1.0,-36.0,-108.0,-429.0,-236.0,110.0,203.0,83.0
-15.0,216.0,9.0,-30.0,26.0,-537.0,-197.0,66.0,186.0,107.0
-28.0,482.0,-7.0,3.0,89.0,-350.0,-52.0,92.0,173.0,107.0
-20.0,427.0,-20.0,94.0,-60.0,-115.0,65.0,-14.0,166.0,125.0
-8.0,449.0,-5.0,101.0,-127.0,-152.0,105.0,-107.0,163.0,125.0
-8.0,423.0,-41.0,35.0,34.0,-312.0,185.0,-25.0,140.0,142.0
-29.0,47.0,-10.0,-55.0,93.0,-254.0,252.0,-186.0,104.0,157.0
-44.0,-445.0,-4.0,-83.0,-7.0,-78.0,324.0,-147.0,75.0,152.0
-70.0,-636.0,0.0,-38.0,-66.0,-71.0,439.0,-99.0,50.0,164.0
-88.0,-507.0,50.0,33.0,26.0,-215.0,517.0,-70.0,28.0,165.0
-93.0,-471.0,54.0,188.0,213.0,-347.0,552.0,-70.0,16.0,167.0
-79.0,-625.0,95.0,276.0,94.0,-277.0,582.0,-186.0,-5.0,149.0
-55.0,-391.0,105.0,272.0,-36.0,-267.0,595.0,-138.0,-13.0,134.0
-38.0,307.0,127.0,303.0,113.0,-349.0,562.0,-186.0,-31.0,143.0
-45.0,583.0,154.0,301.0,160.0,-275.0,522.0,-131.0,-66.0,149.0
-55.0,537.0,169.0,211.0,-19.0,-211.0,476.0,-210.0,-89.0,148.0
-45.0,622.0,194.0,186.0,-179.0,-147.0,400.0,-225.0,-108.0,140.0
-54.0,732.0,149.0,184.0,-115.0,-150.0,271.0,-127.0,-121.0,154.0
-48.0,864.0,160.0,119.0,7.0,-223.0,148.0,-258.0,-144.0,174.0
-46.0,661.0,174.0,57.0,-22.0,-91.0,152.0,-79.0,-158.0,182.0
-26.0,258.0,160.0,-7.0,-120.0,22.0,209.0,-16.0,-166.0,204.0
0.0,316.0,180.0,-57.0,-21.0,-60.0,224.0,9.0,-177.0,230.0
11.0,191.0,167.0,-53.0,107.0,-67.0,246.0,81.0,-195.0,250.0
24.0,-23.0,153.0,34.0,26.0,22.0,368.0,11.0,-215.0,274.0
8.0,28.0,155.0,105.0,-114.0,-8.0,586.0,25.0,-223.0,317.0
0.0,-4.0,130.0,87.0,-135.0,-45.0,808.0,-114.0,-212.0,337.0
-22.0,343.0,96.0,33.0,18.0,68.0,903.0,-140.0,-194.0,333.0
-32.0,456.0,85.0,-31.0,-1.0,216.0,853.0,-144.0,-170.0,351.0
-23.0,372.0,39.0,-27.0,-114.0,244.0,749.0,-116.0,-134.0,366.0
-41.0,423.0,21.0,-7.0,-17.0,131.0,607.0,-140.0,-122.0,355.0
-64.0,515.0,14.0,-35.0,127.0,81.0,388.0,-284.0,-85.0,319.0
-86.0,621.0,-29.0,-4.0,218.0,270.0,85.0,-230.0,-48.0,281.0
-88.0,425.0,-5.0,7.0,120.0,431.0,-179.0,-315.0,-28.0,243.0
-80.0,738.0,-15.0,9.0,-56.0,273.0,-343.0,-238.0,3.0,197.0
-85.0,896.0,-39.0,-4.0,12.0,171.0,-407.0,-62.0,32.0,160.0
-98.0,679.0,-40.0,1.0,73.0,196.0,-408.0,53.0,70.0,109.0
-109.0,777.0,-82.0,141.0,-171.0,203.0,-356.0,232.0,113.0,65.0
-80.0,821.0,-51.0,238.0,-268.0,296.0,-198.0,186.0,145.0,37.0
-47.0,772.0,-38.0,290.0,-105.0,312.0,67.0,70.0,146.0,10.0
-52.0,325.0,-57.0,254.0,-14.0,338.0,352.0,-171.0,163.0,-25.0
-57.0,-210.0,-43.0,203.0,-2.0,469.0,537.0,-271.0,156.0,-81.0
-55.0,-573.0,-71.0,195.0,22.0,461.0,637.0,-206.0,132.0,-123.0
-32.0,-903.0,-58.0,197.0,234.0,282.0,662.0,-149.0,131.0,-146.0
-19.0,-905.0,-79.0,231.0,429.0,204.0,643.0,36.0,106.0,-154.0
-48.0,-724.0,-102.0,189.0,314.0,188.0,555.0,114.0,117.0,-171.0
-69.0,-399.0,-59.0,159.0,190.0,64.0,441.0,236.0,104.0,-180.0
-51.0,130.0,-43.0,84.0,216.0,16.0,397.0,188.0,76.0,-175.0
-56.0,417.0,-29.0,-9.0,209.0,116.0,376.0,138.0,63.0,-163.0
-78.0,517.0,-14.0,-50.0,46.0,225.0,380.0,195.0,43.0,-137.0
-91.0,648.0,-15.0,-77.0,-140.0,250.0,335.0,109.0,30.0,-123.0
-81.0,548.0,-35.0,-110.0,-43.0,285.0,246.0,266.0,16.0,-118.0
-87.0,67.0,-14.0,-142.0,110.0,281.0,201.0,221.0,24.0,-101.0
-126.0,-684.0,13.0,-39.0,45.0,216.0,190.0,77.0,8.0,-55.0
-137.0,-1086.0,5.0,41.0,-26.0,239.0,122.0,-7.0,-20.0,-13.0
-123.0,-1047.0,5.0,59.0,-3.0,377.0,0.0,-116.0,-34.0,14.0
-80.0,-972.0,16.0,148.0,29.0,589.0,-85.0,-123.0,-39.0,58.0
-64.0,-910.0,-8.0,256.0,-33.0,626.0,-107.0,-221.0,-51.0,139.0
-45.0,-529.0,-31.0,340.0,-158.0,545.0,-41.0,-60.0,-75.0,219.0
-45.0,115.0,-48.0,407.0,-147.0,431.0,98.0,62.0,-84.0,263.0
-78.0,325.0,-61.0,375.0,21.0,270.0,276.0,290.0,-96.0,341.0
-113.0,440.0,-47.0,235.0,87.0,300.0,392.0,570.0,-93.0,414.0
-138.0,719.0,-55.0,162.0,58.0,366.0,416.0,504.0,-104.0,467.0
-98.0,655.0,-39.0,99.0,121.0,400.0,379.0,463.0,-108.0,515.0
-55.0,402.0,-50.0,17.0,257.0,434.0,288.0,218.0,-100.0,546.0
-24.0,196.0,-53.0,-37.0,265.0,449.0,185.0,83.0,-88.0,584.0
-19.0,-344.0,-1.0,-102.0,-50.0,444.0,99.0,40.0,-59.0,601.0
9.0,-921.0,-5.0,-111.0,-357.0,404.0,87.0,-62.0,-59.0,621.0
23.0,-1145.0,9.0,-75.0,-369.0,557.0,130.0,-35.0,-45.0,619.0
25.0,-1656.0,38.0,28.0,-386.0,584.0,151.0,-90.0,-37.0,586.0
40.0,-2076.0,28.0,159.0,-559.0,344.0,65.0,-138.0,-36.0,557.0
53.0,-1714.0,40.0,221.0,-549.0,252.0,-113.0,-280.0,-22.0,511.0
82.0,-1196.0,64.0,234.0,-220.0,303.0,-306.0,-116.0,-20.0,441.0
74.0,-667.0,72.0,234.0,53.0,388.0,-413.0,230.0,-30.0,351.0
70.0,547.0,79.0,211.0,197.0,424.0,-339.0,371.0,-32.0,258.0
57.0,1665.0,102.0,130.0,329.0,484.0,-139.0,558.0,-11.0,188.0
79.0,2000.0,90.0,84.0,511.0,542.0,73.0,530.0,-2.0,127.0
93.0,2113.0,114.0,89.0,637.0,577.0,186.0,463.0,13.0,56.0
98.0,1971.0,116.0,119.0,397.0,661.0,223.0,325.0,22.0,14.0
69.0,1542.0,77.0,163.0,72.0,607.0,272.0,136.0,22.0,-2.0
9.0,728.0,98.0,186.0,0.0,613.0,398.0,60.0,25.0,-3.0
-9.0,-570.0,70.0,193.0,-71.0,571.0,576.0,-42.0,20.0,11.0
-36.0,-1979.0,76.0,162.0,-305.0,358.0,667.0,18.0,31.0,9.0
-14.0,-2891.0,93.0,110.0,-526.0,296.0,663.0,7.0,40.0,19.0
7.0,-3234.0,76.0,74.0,-617.0,433.0,632.0,73.0,43.0,50.0
63.0,-3442.0,60.0,10.0,-523.0,568.0,604.0,97.0,37.0,73.0
95.0,-3205.0,50.0,-100.0,-402.0,423.0,562.0,36.0,20.0,79.0
107.0,-2281.0,62.0,-233.0,-445.0,238.0,515.0,60.0,20.0,77.0
104.0,-1240.0,92.0,-282.0,-412.0,282.0,412.0,-25.0,38.0,74.0
69.0,-554.0,143.0,-194.0,-151.0,410.0,270.0,175.0,53.0,72.0
47.0,135.0,143.0,-93.0,63.0,325.0,102.0,293.0,70.0,90.0
32.0,820.0,167.0,-45.0,96.0,208.0,-105.0,304.0,94.0,88.0
88.0,1350.0,156.0,-46.0,290.0,365.0,-204.0,286.0,84.0,79.0
117.0,1734.0,104.0,-63.0,697.0,489.0,-136.0,75.0,57.0,104.0
114.0,1579.0,109.0,-96.0,991.0,501.0,-56.0,51.0,44.0,115.0
73.0,1330.0,94.0,-39.0,969.0,315.0,-59.0,-14.0,31.0,117.0
41.0,879.0,100.0,58.0,735.0,42.0,-25.0,25.0,30.0,117.0
36.0,98.0,121.0,68.0,551.0,5.0,37.0,125.0,32.0,123.0
39.0,-571.0,109.0,93.0,326.0,61.0,89.0,245.0,40.0,127.0
63.0,-912.0,88.0,141.0,-148.0,38.0,69.0,347.0,47.0,136.0
85.0,-650.0,62.0,200.0,-478.0,75.0,-34.0,218.0,31.0,149.0
82.0,-423.0,45.0,212.0,-397.0,202.0,-65.0,273.0,25.0,142.0
44.0,-111.0,23.0,173.0,-330.0,41.0,13.0,256.0,13.0,156.0
37.0,616.0,9.0,90.0,-366.0,-89.0,152.0,286.0,0.0,174.0
14.0,1388.0,10.0,8.0,-484.0,33.0,183.0,421.0,14.0,190.0
8.0,1819.0,11.0,0.0,-502.0,87.0,136.0,424.0,29.0,184.0
-40.0,1957.0,23.0,7.0,-314.0,91.0,134.0,485.0,53.0,168.0
-74.0,2139.0,-3.0,60.0,-286.0,3.0,149.0,286.0,71.0,165.0
-81.0,1626.0,-23.0,82.0,-351.0,54.0,137.0,138.0,79.0,139.0
-94.0,709.0,-20.0,69.0,-237.0,209.0,147.0,31.0,90.0,116.0
-72.0,-135.0,-41.0,127.0,81.0,187.0,247.0,-77.0,101.0,105.0
-82.0,-1101.0,-23.0,226.0,410.0,137.0,417.0,-9.0,100.0,108.0
-73.0,-1931.0,-7.0,314.0,478.0,162.0,520.0,20.0,92.0,128.0
-108.0,-2601.0,-11.0,332.0,404.0,142.0,445.0,273.0,113.0,151.0
-117.0,-2523.0,-29.0,231.0,522.0,45.0,345.0,325.0,100.0,171.0
-104.0,-1714.0,-72.0,76.0,488.0,-45.0,344.0,221.0,89.0,184.0
-96.0,-467.0,-66.0,-126.0,183.0,-108.0,420.0,64.0,101.0,164.0
-99.0,1035.0,-99.0,-266.0,53.0,-15.0,361.0,-134.0,87.0,145.0
-94.0,2170.0,-128.0,-214.0,53.0,126.0,122.0,-12.0,84.0,136.0
-40.0,2832.0,-96.0,-120.0,29.0,200.0,-111.0,-5.0,61.0,76.0
-22.0,2987.0,-136.0,-28.0,-62.0,245.0,-141.0,107.0,21.0,19.0
-13.0,2870.0,-135.0,40.0,-77.0,258.0,0.0,177.0,7.0,-6.0
-44.0,2351.0,-133.0,111.0,137.0,177.0,37.0,206.0,-3.0,-33.0
-61.0,1506.0,-143.0,176.0,363.0,-66.0,8.0,218.0,-33.0,-73.0
-53.0,488.0,-123.0,204.0,234.0,-151.0,-1.0,-24.0,-52.0,-57.0
-18.0,-880.0,-147.0,230.0,-52.0,-50.0,32.0,114.0,-65.0,-5.0
31.0,-1746.0,-110.0,276.0,-257.0,-13.0,12.0,286.0,-81.0,6.0
69.0,-2062.0,-86.0,266.0,-457.0,-81.0,-50.0,369.0,-80.0,23.0
62.0,-2221.0,-85.0,176.0,-588.0,-140.0,-88.0,325.0,-92.0,56.0
35.0,-2424.0,-68.0,166.0,-679.0,-84.0,-121.0,195.0,-100.0,84.0
30.0,-2304.0,-77.0,88.0,-451.0,-133.0,-73.0,234.0,-118.0,83.0
1.0,-1454.0,-49.0,31.0,-7.0,-152.0,4.0,94.0,-120.0,100.0
-1.0,-691.0,-11.0,53.0,244.0,-139.0,134.0,66.0,-123.0,151.0
-26.0,97.0,1.0,33.0,402.0,-125.0,261.0,-38.0,-139.0,177.0
-39.0,550.0,5.0,-65.0,593.0,98.0,325.0,-22.0,-118.0,192.0
-42.0,905.0,39.0,-235.0,797.0,157.0,345.0,177.0,-109.0,229.0
-37.0,1483.0,45.0,-298.0,728.0,0.0,338.0,157.0,-94.0,278.0
-37.0,1259.0,37.0,-274.0,420.0,-154.0,317.0,339.0,-93.0,290.0
-82.0,970.0,36.0,-197.0,237.0,-160.0,213.0,436.0,-89.0,281.0
-120.0,729.0,6.0,-121.0,110.0,-9.0,0.0,378.0,-64.0,298.0
-133.0,493.0,21.0,55.0,-225.0,135.0,-229.0,234.0,-72.0,286.0
-106.0,455.0,21.0,235.0,-588.0,296.0,-301.0,99.0,-62.0,232.0
-98.0,334.0,42.0,292.0,-673.0,283.0,-290.0,142.0,-63.0,201.0
-83.0,503.0,58.0,325.0,-609.0,160.0,-285.0,118.0,-75.0,172.0
-67.0,791.0,59.0,292.0,-606.0,81.0,-298.0,221.0,-85.0,135.0
-90.0,963.0,91.0,209.0,-677.0,-20.0,-288.0,173.0,-94.0,119.0
-130.0,783.0,68.0,72.0,-677.0,4.0,-205.0,90.0,-57.0,130.0
-170.0,547.0,74.0,29.0,-510.0,114.0,-126.0,101.0,-48.0,144.0
-172.0,368.0,65.0,38.0,-258.0,220.0,-94.0,70.0,-38.0,122.0
-127.0,-211.0,46.0,51.0,-34.0,212.0,-79.0,284.0,13.0,116.0
-89.0,-998.0,62.0,99.0,219.0,86.0,-56.0,341.0,35.0,113.0
-85.0,-1426.0,66.0,124.0,610.0,64.0,-21.0,347.0,34.0,72.0
-77.0,-1359.0,68.0,125.0,920.0,88.0,76.0,240.0,41.0,18.0
-49.0,-865.0,60.0,66.0,884.0,131.0,127.0,-9.0,49.0,-7.0
-28.0,-385.0,33.0,38.0,669.0,123.0,108.0,-96.0,44.0,-10.0
-22.0,-225.0,5.0,36.0,499.0,100.0,130.0,-171.0,69.0,-42.0
-4.0,500.0,-37.0,114.0,276.0,156.0,273.0,-90.0,100.0,-84.0
20.0,1169.0,-64.0,192.0,-126.0,108.0,428.0,-181.0,132.0,-103.0
47.0,1218.0,-38.0,180.0,-523.0,-60.0,359.0,-210.0,170.0,-115.0
71.0,1102.0,-45.0,141.0,-577.0,-26.0,177.0,-142.0,179.0,-139.0
105.0,405.0,13.0,89.0,-394.0,106.0,49.0,-112.0,196.0,-144.0
147.0,-842.0,42.0,49.0,-222.0,-11.0,54.0,20.0,189.0,-107.0
185.0,-1845.0,31.0,-51.0,-97.0,20.0,73.0,-90.0,152.0,-90.0
163.0,-2210.0,88.0,-41.0,125.0,246.0,80.0,-3.0,119.0,-80.0
139.0,-2313.0,74.0,12.0,333.0,381.0,121.0,84.0,121.0,-26.0
144.0,-1744.0,75.0,26.0,144.0,404.0,84.0,162.0,132.0,32.0
144.0,-298.0,64.0,87.0,-120.0,400.0,-14.0,286.0,131.0,63.0
173.0,1308.0,28.0,145.0,-102.0,438.0,-240.0,171.0,164.0,74.0
153.0,2600.0,3.0,248.0,53.0,321.0,-464.0,142.0,175.0,119.0
160.0,3676.0,-10.0,324.0,188.0,219.0,-606.0,-27.0,166.0,161.0
151.0,3941.0,13.0,330.0,231.0,210.0,-731.0,-72.0,180.0,132.0
126.0,3137.0,10.0,209.0,295.0,236.0,-814.0,-62.0,185.0,105.0
122.0,1924.0,4.0,58.0,352.0,327.0,-793.0,-92.0,173.0,88.0
140.0,30.0,10.0,-41.0,115.0,361.0,-570.0,38.0,157.0,32.0
162.0,-1865.0,-14.0,-124.0,-362.0,340.0,-292.0,25.0,130.0,-37.0
147.0,-3028.0,-14.0,-179.0,-662.0,248.0,-84.0,121.0,83.0,-75.0
175.0,-3314.0,17.0,-171.0,-531.0,224.0,60.0,68.0,55.0,-116.0
176.0,-2850.0,-31.0,-86.0,-79.0,310.0,188.0,1.0,45.0,-188.0
189.0,-1950.0,-34.0,-106.0,426.0,351.0,280.0,140.0,46.0,-234.0
153.0,-370.0,-9.0,-118.0,854.0,88.0,364.0,123.0,62.0,-227.0
125.0,1450.0,-70.0,-54.0,1141.0,-366.0,364.0,251.0,80.0,-202.0
103.0,2826.0,-84.0,-28.0,1128.0,-212.0,241.0,293.0,75.0,-189.0
67.0,3418.0,-115.0,29.0,620.0,231.0,199.0,260.0,46.0,-130.0
76.0,3681.0,-163.0,107.0,-73.0,186.0,149.0,182.0,28.0,-33.0
86.0,3663.0,-160.0,175.0,-413.0,-60.0,56.0,49.0,25.0,38.0
134.0,2623.0,-131.0,227.0,-553.0,46.0,-35.0,60.0,40.0,97.0
115.0,728.0,-96.0,182.0,-705.0,212.0,-49.0,-77.0,50.0,149.0
128.0,-1462.0,-78.0,121.0,-644.0,-67.0,-42.0,-103.0,57.0,187.0
128.0,-3177.0,-13.0,83.0,-330.0,-347.0,-169.0,-173.0,56.0,180.0
116.0,-3862.0,-34.0,-3.0,-29.0,-493.0,-310.0,-194.0,20.0,139.0
94.0,-3796.0,-43.0,-58.0,64.0,-321.0,-423.0,-133.0,-18.0,119.0
66.0,-3388.0,26.0,-158.0,-103.0,53.0,-425.0,-230.0,-41.0,86.0
66.0,-2561.0,-9.0,-237.0,-318.0,156.0,-315.0,-216.0,-57.0,30.0
52.0,-1511.0,43.0,-222.0,-309.0,88.0,-242.0,-327.0,-78.0,7.0
96.0,-702.0,47.0,-175.0,-238.0,-126.0,-324.0,-206.0,-124.0,-5.0
64.0,261.0,7.0,-23.0,-147.0,-202.0,-507.0,-3.0,-174.0,-50.0
47.0,1079.0,32.0,55.0,174.0,-144.0,-587.0,103.0,-201.0,-97.0
1.0,1368.0,-4.0,69.0,483.0,-12.0,-585.0,290.0,-206.0,-111.0
-52.0,1171.0,27.0,98.0,519.0,35.0,-566.0,286.0,-186.0,-124.0
-66.0,385.0,37.0,-6.0,411.0,-186.0,-476.0,275.0,-133.0,-157.0
-57.0,-491.0,48.0,-73.0,368.0,-326.0,-301.0,22.0,-78.0,-137.0
-23.0,-660.0,63.0,-53.0,598.0,-312.0,-147.0,-240.0,-47.0,-89.0
-33.0,-54.0,72.0,-103.0,748.0,-188.0,-38.0,-369.0,-44.0,-74.0
-21.0,440.0,106.0,-155.0,547.0,-135.0,-3.0,-478.0,-64.0,-62.0
-31.0,1356.0,86.0,-224.0,311.0,-194.0,-94.0,-456.0,-96.0,-47.0
-19.0,2096.0,99.0,-259.0,92.0,-150.0,-202.0,-441.0,-132.0,-28.0
-73.0,2294.0,95.0,-204.0,-179.0,-146.0,-238.0,-153.0,-140.0,-38.0
-104.0,2672.0,76.0,-169.0,-547.0,-149.0,-255.0,83.0,-128.0,-75.0
-77.0,2232.0,78.0,-97.0,-857.0,-196.0,-338.0,208.0,-125.0,-84.0
-66.0,952.0,80.0,-44.0,-980.0,-307.0,-339.0,221.0,-109.0,-88.0
-38.0,-563.0,60.0,-68.0,-1105.0,-175.0,-132.0,55.0,-107.0,-71.0
-14.0,-1998.0,26.0,-97.0,-1125.0,-84.0,101.0,94.0,-122.0,-26.0
50.0,-3097.0,19.0,-114.0,-922.0,-124.0,188.0,-66.0,-141.0,24.0
55.0,-3409.0,-5.0,-75.0,-491.0,-171.0,183.0,-221.0,-155.0,52.0
75.0,-3016.0,-7.0,22.0,19.0,-229.0,142.0,-269.0,-146.0,58.0
73.0,-1855.0,-36.0,114.0,278.0,-301.0,110.0,-264.0,-132.0,71.0
106.0,-370.0,-75.0,117.0,472.0,-417.0,101.0,-151.0,-100.0,58.0
169.0,543.0,-60.0,63.0,814.0,-352.0,6.0,-216.0,-79.0,19.0
187.0,972.0,-54.0,-17.0,1072.0,-331.0,-209.0,-92.0,-79.0,-19.0
245.0,1126.0,-26.0,-121.0,1023.0,-298.0,-445.0,-109.0,-80.0,-7.0
250.0,981.0,12.0,-218.0,851.0,-261.0,-589.0,-142.0,-60.0,23.0
222.0,218.0,0.0,-276.0,699.0,-473.0,-699.0,-188.0,-45.0,30.0
150.0,-825.0,-32.0,-215.0,349.0,-553.0,-785.0,-447.0,-63.0,78.0
96.0,-1826.0,-27.0,-193.0,-171.0,-487.0,-774.0,-354.0,-78.0,138.0
66.0,-1919.0,-37.0,-213.0,-805.0,-623.0,-686.0,-293.0,-86.0,184.0
44.0,-1296.0,-31.0,-197.0,-1247.0,-704.0,-570.0,-197.0,-80.0,200.0
49.0,-571.0,-26.0,-224.0,-1263.0,-565.0,-443.0,-136.0,-60.0,198.0
88.0,563.0,-55.0,-179.0,-1236.0,-525.0,-289.0,-162.0,-20.0,179.0
154.0,1654.0,-30.0,-116.0,-1066.0,-533.0,-140.0,-166.0,16.0,134.0
147.0,2368.0,-33.0,-134.0,-534.0,-463.0,-39.0,-375.0,63.0,95.0
118.0,2938.0,-44.0,-210.0,66.0,-456.0,-18.0,-445.0,101.0,64.0
67.0,3413.0,-22.0,-250.0,537.0,-534.0,-30.0,-591.0,102.0,29.0
26.0,3035.0,-34.0,-190.0,678.0,-451.0,-29.0,-576.0,128.0,-19.0
14.0,1749.0,-40.0,-124.0,542.0,-306.0,-42.0,-448.0,170.0,-60.0
4.0,-83.0,-56.0,-49.0,512.0,-336.0,-72.0,-482.0,221.0,-80.0
21.0,-2000.0,-30.0,21.0,550.0,-394.0,-93.0,-312.0,267.0,-87.0
75.0,-3325.0,6.0,16.0,481.0,-496.0,-101.0,-171.0,287.0,-91.0
115.0,-3449.0,16.0,20.0,596.0,-529.0,-84.0,-38.0,306.0,-52.0
117.0,-2815.0,32.0,88.0,932.0,-336.0,-67.0,-29.0,325.0,14.0
85.0,-1880.0,22.0,166.0,968.0,-301.0,-179.0,-1.0,325.0,59.0
33.0,-754.0,29.0,242.0,635.0,-511.0,-360.0,121.0,310.0,101.0
5.0,22.0,-7.0,217.0,181.0,-442.0,-458.0,42.0,286.0,111.0
-17.0,867.0,-32.0,166.0,-206.0,-139.0,-458.0,-9.0,276.0,78.0
1.0,1503.0,-16.0,96.0,-448.0,-127.0,-456.0,-269.0,265.0,4.0
3.0,1873.0,-8.0,28.0,-684.0,-277.0,-522.0,-476.0,242.0,-99.0
0.0,2251.0,-7.0,27.0,-786.0,-170.0,-582.0,-478.0,218.0,-224.0
-17.0,2613.0,16.0,-91.0,-575.0,-90.0,-545.0,-491.0,177.0,-347.0
-44.0,2434.0,39.0,-250.0,-262.0,-281.0,-398.0,-338.0,160.0,-422.0
-52.0,1693.0,21.0,-314.0,-170.0,-469.0,-247.0,-227.0,141.0,-440.0
-58.0,877.0,63.0,-297.0,-132.0,-267.0,-168.0,-60.0,108.0,-399.0
-36.0,-824.0,59.0,-242.0,-8.0,88.0,-98.0,-11.0,68.0,-304.0
-70.0,-2450.0,63.0,-165.0,155.0,-46.0,-2.0,-18.0,17.0,-156.0
-52.0,-3274.0,56.0,-69.0,347.0,-304.0,4.0,-75.0,-20.0,-3.0
-14.0,-3809.0,12.0,5.0,360.0,-280.0,-115.0,-327.0,-64.0,109.0
31.0,-3271.0,30.0,134.0,373.0,-54.0,-195.0,-430.0,-107.0,160.0
79.0,-1604.0,-21.0,318.0,411.0,73.0,-141.0,-678.0,-173.0,149.0
86.0,-154.0,-15.0,415.0,288.0,-108.0,-71.0,-753.0,-226.0,105.0
107.0,916.0,-11.0,316.0,8.0,-248.0,-101.0,-716.0,-268.0,36.0
131.0,1603.0,-46.0,96.0,-125.0,-282.0,-233.0,-753.0,-299.0,-65.0
159.0,1658.0,-36.0,-117.0,-14.0,-369.0,-367.0,-613.0,-266.0,-185.0
129.0,2110.0,-58.0,-250.0,-9.0,-510.0,-425.0,-456.0,-224.0,-294.0
125.0,2424.0,-63.0,-287.0,-76.0,-470.0,-506.0,-125.0,-158.0,-388.0
126.0,1997.0,-73.0,-241.0,-167.0,-173.0,-629.0,38.0,-97.0,-461.0
121.0,1540.0,-81.0,-175.0,-167.0,-105.0,-715.0,90.0,-61.0,-470.0
98.0,879.0,-125.0,-148.0,-250.0,-321.0,-612.0,1.0,-21.0,-411.0
57.0,-450.0,-105.0,-165.0,-525.0,-273.0,-325.0,-195.0,5.0,-314.0
33.0,-1876.0,-110.0,-231.0,-713.0,-246.0,-107.0,-201.0,42.0,-190.0
-12.0,-2592.0,-171.0,-200.0,-656.0,-301.0,-10.0,-367.0,78.0,-87.0
-37.0,-2946.0,-132.0,-171.0,-363.0,-149.0,14.0,-388.0,100.0,-26.0
-40.0,-2738.0,-133.0,-210.0,-126.0,-165.0,16.0,-282.0,105.0,-20.0
5.0,-1594.0,-102.0,-215.0,264.0,-89.0,-69.0,-145.0,92.0,-76.0
46.0,-310.0,-74.0,-187.0,721.0,-8.0,-205.0,-31.0,45.0,-139.0
72.0,977.0,-65.0,-125.0,898.0,-140.0,-305.0,-46.0,-37.0,-224.0
95.0,1986.0,-57.0,-20.0,781.0,-271.0,-436.0,25.0,-96.0,-356.0
122.0,1792.0,-30.0,72.0,399.0,-336.0,-483.0,-99.0,-106.0,-485.0
125.0,991.0,0.0,17.0,166.0,-177.0,-409.0,-240.0,-75.0,-587.0
74.0,39.0,-29.0,-66.0,50.0,-83.0,-262.0,-339.0,5.0,-662.0
43.0,-846.0,-26.0,-153.0,-241.0,-148.0,-170.0,-358.0,125.0,-716.0
47.0,-964.0,-53.0,-183.0,-449.0,-222.0,-248.0,-205.0,203.0,-699.0
90.0,-685.0,-67.0,-64.0,-415.0,-137.0,-440.0,-232.0,251.0,-597.0
129.0,-90.0,-79.0,60.0,-291.0,-10.0,-598.0,-145.0,292.0,-490.0
142.0,168.0,-87.0,60.0,-177.0,-22.0,-562.0,-75.0,282.0,-371.0
113.0,-232.0,-101.0,-76.0,-223.0,25.0,-426.0,-12.0,244.0,-250.0
96.0,-731.0,-116.0,-207.0,-293.0,57.0,-304.0,136.0,207.0,-131.0
55.0,-1424.0,-91.0,-237.0,-301.0,-43.0,-275.0,70.0,198.0,-24.0
-11.0,-1584.0,-90.0,-148.0,-518.0,-156.0,-296.0,92.0,175.0,47.0
-39.0,-1238.0,-80.0,-14.0,-762.0,-10.0,-230.0,-7.0,120.0,127.0
-26.0,-524.0,-116.0,74.0,-746.0,103.0,-53.0,-144.0,65.0,166.0
24.0,479.0,-133.0,59.0,-462.0,-27.0,70.0,-282.0,-26.0,157.0
17.0,1397.0,-159.0,11.0,-68.0,-84.0,-27.0,-402.0,-121.0,130.0
0.0,2249.0,-198.0,-20.0,168.0,-98.0,-242.0,-315.0,-195.0,78.0
-12.0,2452.0,-194.0,-63.0,235.0,-91.0,-359.0,-315.0,-254.0,1.0
-66.0,2290.0,-232.0,-93.0,353.0,8.0,-283.0,-105.0,-273.0,-94.0
-109.0,1546.0,-230.0,-142.0,597.0,41.0,-222.0,44.0,-243.0,-156.0
-105.0,-42.0,-176.0,-179.0,680.0,27.0,-198.0,219.0,-147.0,-177.0
-49.0,-1287.0,-159.0,-232.0,591.0,71.0,-166.0,415.0,-26.0,-181.0
19.0,-2262.0,-149.0,-234.0,565.0,45.0,-210.0,321.0,78.0,-156.0
66.0,-2864.0,-121.0,-231.0,448.0,21.0,-350.0,229.0,177.0,-82.0
79.0,-2276.0,-125.0,-245.0,59.0,73.0,-601.0,-81.0,253.0,28.0
88.0,-1215.0,-117.0,-153.0,-496.0,132.0,-729.0,-190.0,276.0,125.0
92.0,-172.0,-84.0,-77.0,-971.0,35.0,-648.0,-203.0,270.0,212.0
83.0,1289.0,-70.0,-17.0,-1224.0,-195.0,-469.0,-291.0,244.0,269.0
69.0,2717.0,-72.0,37.0,-1229.0,-287.0,-371.0,-262.0,201.0,270.0
48.0,3057.0,-64.0,83.0,-990.0,-341.0,-403.0,-277.0,181.0,256.0
24.0,2919.0,-33.0,59.0,-521.0,-354.0,-389.0,-164.0,143.0,222.0
-3.0,2551.0,-22.0,-93.0,77.0,-193.0,-302.0,-184.0,95.0,164.0
-24.0,1171.0,-36.0,-202.0,548.0,-61.0,-257.0,-90.0,30.0,74.0
-49.0,-442.0,-28.0,-228.0,704.0,-92.0,-305.0,46.0,-46.0,-27.0
-57.0,-1667.0,-21.0,-262.0,644.0,-195.0,-310.0,55.0,-84.0,-130.0
-50.0,-2620.0,-58.0,-294.0,569.0,-275.0,-244.0,245.0,-92.0,-265.0
-54.0,-2949.0,-65.0,-184.0,437.0,-250.0,-197.0,279.0,-61.0,-400.0
-36.0,-2655.0,-70.0,-55.0,282.0,-262.0,-213.0,373.0,-9.0,-512.0
-30.0,-2043.0,-108.0,34.0,264.0,-312.0,-240.0,436.0,49.0,-582.0
-22.0,-930.0,-77.0,110.0,353.0,-132.0,-223.0,371.0,112.0,-590.0
13.0,135.0,-51.0,86.0,495.0,100.0,-194.0,284.0,157.0,-528.0
31.0,1125.0,-68.0,44.0,493.0,95.0,-205.0,68.0,177.0,-404.0
37.0,1957.0,-16.0,-43.0,357.0,-130.0,-208.0,62.0,201.0,-246.0
30.0,1994.0,0.0,-113.0,308.0,-294.0,-87.0,29.0,198.0,-123.0
46.0,1682.0,-10.0,-166.0,231.0,-227.0,62.0,88.0,158.0,-30.0
93.0,951.0,12.0,-224.0,45.0,-160.0,87.0,118.0,104.0,60.0
109.0,-22.0,-17.0,-246.0,-88.0,-106.0,-67.0,7.0,20.0,99.0
91.0,-645.0,-33.0,-235.0,-104.0,63.0,-250.0,53.0,-66.0,120.0
78.0,-967.0,-7.0,-117.0,-93.0,185.0,-256.0,24.0,-145.0,127.0
81.0,-1420.0,4.0,-19.0,-151.0,159.0,-115.0,195.0,-199.0,84.0
45.0,-1354.0,3.0,31.0,-191.0,34.0,-17.0,295.0,-201.0,-2.0
21.0,-917.0,43.0,34.0,-113.0,-145.0,-56.0,386.0,-181.0,-129.0
11.0,-814.0,17.0,-3.0,-16.0,-240.0,-114.0,439.0,-159.0,-279.0
17.0,-52.0,29.0,-29.0,71.0,-184.0,-113.0,280.0,-102.0,-424.0
9.0,871.0,80.0,-94.0,69.0,-202.0,-50.0,303.0,-49.0,-506.0
-50.0,1518.0,10.0,-134.0,81.0,-277.0,-15.0,96.0,-23.0,-532.0
-62.0,1991.0,72.0,-84.0,289.0,-273.0,-65.0,-16.0,-14.0,-524.0
-16.0,1664.0,59.0,-86.0,456.0,-131.0,-141.0,-40.0,-38.0,-461.0
66.0,946.0,21.0,-67.0,440.0,11.0,-246.0,-29.0,-95.0,-347.0
104.0,756.0,84.0,48.0,444.0,-95.0,-373.0,151.0,-170.0,-200.0
111.0,686.0,81.0,63.0,451.0,-141.0,-483.0,182.0,-243.0,-14.0
101.0,213.0,116.0,39.0,248.0,-76.0,-460.0,306.0,-300.0,194.0
115.0,-20.0,137.0,20.0,-7.0,-153.0,-311.0,330.0,-321.0,394.0
98.0,-199.0,169.0,-5.0,-258.0,-331.0,-165.0,460.0,-334.0,568.0
61.0,-579.0,146.0,-56.0,-507.0,-423.0,-57.0,484.0,-319.0,637.0
107.0,-715.0,125.0,-86.0,-734.0,-221.0,15.0,328.0,-287.0,591.0
136.0,-264.0,92.0,-59.0,-1031.0,-39.0,85.0,397.0,-250.0,455.0
143.0,360.0,26.0,-58.0,-1131.0,-212.0,115.0,262.0,-185.0,259.0
74.0,649.0,0.0,-103.0,-973.0,-318.0,103.0,229.0,-120.0,52.0
39.0,921.0,-58.0,-123.0,-787.0,-200.0,92.0,194.0,-34.0,-157.0
13.0,1063.0,-73.0,-73.0,-607.0,-199.0,50.0,79.0,51.0,-350.0
-9.0,802.0,-104.0,-73.0,-366.0,-280.0,-9.0,162.0,112.0,-515.0
-43.0,552.0,-133.0,-55.0,-198.0,-313.0,-65.0,258.0,97.0,-614.0
-82.0,162.0,-170.0,-3.0,-117.0,-125.0,-156.0,382.0,51.0,-628.0
-77.0,-581.0,-165.0,98.0,-48.0,62.0,-236.0,279.0,0.0,-559.0
-128.0,-991.0,-115.0,150.0,-21.0,-80.0,-237.0,288.0,-80.0,-379.0
-141.0,-986.0,-62.0,154.0,172.0,-118.0,-163.0,349.0,-125.0,-111.0
-144.0,-696.0,9.0,209.0,497.0,28.0,-158.0,273.0,-140.0,164.0
-87.0,-292.0,31.0,161.0,799.0,-3.0,-264.0,332.0,-117.0,391.0
-88.0,-47.0,71.0,37.0,1019.0,-164.0,-296.0,308.0,-77.0,511.0
-86.0,202.0,57.0,-69.0,1135.0,-126.0,-175.0,513.0,-40.0,502.0
-46.0,172.0,38.0,-71.0,1066.0,-5.0,6.0,679.0,-15.0,393.0
-23.0,-286.0,58.0,-88.0,565.0,-84.0,98.0,598.0,-28.0,206.0
-9.0,-643.0,-15.0,-76.0,-114.0,-267.0,127.0,498.0,-60.0,-20.0
-80.0,-1099.0,-26.0,5.0,-553.0,-306.0,141.0,376.0,-85.0,-236.0
-78.0,-1527.0,-16.0,51.0,-899.0,-9.0,170.0,354.0,-82.0,-409.0
-89.0,-1317.0,-60.0,106.0,-1237.0,129.0,200.0,116.0,-62.0,-547.0
-73.0,-1373.0,-27.0,125.0,-1255.0,-57.0,88.0,-70.0,-30.0,-595.0
-83.0,-1332.0,-3.0,109.0,-1000.0,-249.0,-57.0,-157.0,-12.0,-508.0
-104.0,-434.0,4.0,79.0,-509.0,-358.0,-100.0,-216.0,-5.0,-342.0
-106.0,304.0,53.0,135.0,50.0,-277.0,-62.0,-190.0,-3.0,-109.0
-138.0,626.0,72.0,202.0,401.0,-223.0,-19.0,-218.0,-20.0,189.0
-177.0,907.0,89.0,190.0,784.0,-176.0,1.0,33.0,-38.0,467.0
-236.0,1031.0,105.0,142.0,967.0,-250.0,35.0,242.0,-58.0,648.0
-211.0,935.0,101.0,38.0,834.0,-234.0,84.0,419.0,-101.0,728.0
-168.0,1147.0,125.0,-62.0,644.0,100.0,85.0,548.0,-178.0,708.0
-107.0,930.0,158.0,-103.0,383.0,102.0,9.0,511.0,-274.0,583.0
-72.0,115.0,158.0,-54.0,295.0,-23.0,-100.0,537.0,-345.0,355.0
-15.0,-305.0,147.0,6.0,356.0,4.0,-230.0,327.0,-389.0,87.0
0.0,-777.0,152.0,12.0,205.0,-52.0,-303.0,51.0,-397.0,-191.0
-35.0,-1023.0,164.0,-17.0,12.0,-131.0,-350.0,-184.0,-327.0,-467.0
-46.0,-1066.0,143.0,-85.0,-122.0,-277.0,-379.0,-254.0,-196.0,-642.0
-33.0,-1266.0,137.0,-136.0,-395.0,-405.0,-366.0,-212.0,-8.0,-670.0
8.0,-1274.0,143.0,-162.0,-602.0,-225.0,-303.0,-190.0,190.0,-581.0
11.0,-1139.0,118.0,-190.0,-680.0,-12.0,-172.0,60.0,369.0,-416.0
40.0,-714.0,108.0,-199.0,-674.0,0.0,-21.0,212.0,473.0,-221.0
33.0,-99.0,102.0,-131.0,-506.0,125.0,176.0,376.0,477.0,-13.0
30.0,821.0,63.0,-47.0,-375.0,97.0,373.0,439.0,440.0,164.0
-24.0,1737.0,23.0,-121.0,-313.0,-168.0,514.0,432.0,362.0,304.0
-102.0,1880.0,12.0,-226.0,-215.0,-204.0,525.0,748.0,262.0,431.0
-148.0,1733.0,-79.0,-211.0,-78.0,-58.0,412.0,798.0,137.0,504.0
-160.0,1552.0,-145.0,-176.0,311.0,-31.0,283.0,648.0,3.0,495.0
-105.0,994.0,-150.0,-190.0,731.0,-27.0,168.0,362.0,-105.0,396.0
-84.0,611.0,-183.0,-252.0,842.0,77.0,131.0,112.0,-213.0,246.0
-30.0,297.0,-135.0,-241.0,962.0,73.0,121.0,66.0,-321.0,29.0
-6.0,-55.0,-105.0,-173.0,847.0,141.0,96.0,1.0,-380.0,-260.0
16.0,-118.0,-76.0,-126.0,412.0,171.0,134.0,223.0,-384.0,-498.0
-16.0,-96.0,-42.0,-57.0,51.0,-70.0,215.0,354.0,-344.0,-649.0
-71.0,42.0,-25.0,-43.0,-420.0,-98.0,174.0,447.0,-236.0,-690.0
-69.0,-264.0,11.0,-21.0,-712.0,35.0,1.0,445.0,-104.0,-613.0
-74.0,-397.0,8.0,83.0,-675.0,-9.0,-171.0,306.0,53.0,-462.0
-73.0,-417.0,7.0,193.0,-600.0,-16.0,-269.0,378.0,183.0,-298.0
-95.0,-833.0,34.0,290.0,-270.0,116.0,-283.0,360.0,247.0,-182.0
-50.0,-447.0,41.0,324.0,100.0,98.0,-292.0,428.0,257.0,-51.0
-29.0,106.0,28.0,234.0,234.0,-121.0,-282.0,388.0,170.0,105.0
-26.0,305.0,49.0,63.0,234.0,-212.0,-215.0,363.0,81.0,246.0
-54.0,400.0,13.0,25.0,-34.0,-150.0,-99.0,428.0,7.0,361.0
-78.0,129.0,-11.0,84.0,-295.0,-70.0,-14.0,245.0,-73.0,396.0
-86.0,-610.0,0.0,69.0,-397.0,-37.0,-35.0,149.0,-107.0,305.0
-129.0,-1571.0,-5.0,36.0,-581.0,-98.0,-2.0,-40.0,-153.0,88.0
-179.0,-1983.0,36.0,-27.0,-544.0,-19.0,194.0,-142.0,-201.0,-207.0
-235.0,-1984.0,65.0,-89.0,-294.0,76.0,358.0,-151.0,-244.0,-507.0
-226.0,-1665.0,65.0,-130.0,-65.0,-39.0,383.0,-169.0,-289.0,-738.0
-272.0,-364.0,51.0,-103.0,262.0,-142.0,394.0,3.0,-276.0,-889.0
-285.0,1161.0,45.0,-59.0,461.0,-137.0,417.0,190.0,-226.0,-924.0
-292.0,2356.0,42.0,-72.0,521.0,-97.0,389.0,376.0,-139.0,-815.0
-288.0,3002.0,57.0,-2.0,561.0,-12.0,302.0,169.0,-62.0,-638.0
-272.0,2684.0,73.0,97.0,373.0,64.0,229.0,-59.0,-31.0,-403.0
-263.0,2025.0,100.0,195.0,312.0,35.0,178.0,-25.0,-6.0,-93.0
-215.0,847.0,123.0,274.0,237.0,19.0,142.0,-48.0,-37.0,199.0
-184.0,-256.0,96.0,307.0,-8.0,33.0,138.0,59.0,-80.0,430.0
-111.0,-1143.0,104.0,240.0,140.0,25.0,115.0,-1.0,-122.0,629.0
-104.0,-1902.0,74.0,132.0,249.0,11.0,80.0,-64.0,-138.0,784.0
-55.0,-2185.0,35.0,40.0,213.0,98.0,90.0,-3.0,-93.0,849.0
-27.0,-2702.0,-23.0,-134.0,301.0,158.0,158.0,164.0,-42.0,788.0
-38.0,-2688.0,-117.0,-271.0,241.0,181.0,143.0,391.0,39.0,656.0
-85.0,-2080.0,-171.0,-304.0,167.0,372.0,79.0,482.0,79.0,463.0
-150.0,-1259.0,-263.0,-208.0,-17.0,305.0,82.0,670.0,48.0,203.0
-163.0,-366.0,-311.0,-179.0,-369.0,162.0,81.0,602.0,-8.0,-49.0
-216.0,473.0,-339.0,-275.0,-483.0,94.0,87.0,513.0,-106.0,-254.0
-259.0,1655.0,-374.0,-363.0,-486.0,1.0,93.0,389.0,-178.0,-392.0
-341.0,2676.0,-407.0,-390.0,-474.0,34.0,99.0,114.0,-202.0,-479.0
-351.0,3206.0,-400.0,-253.0,-295.0,-26.0,126.0,20.0,-169.0,-474.0
-346.0,3135.0,-349.0,-102.0,-240.0,14.0,205.0,-210.0,-53.0,-394.0
-342.0,2464.0,-301.0,42.0,-144.0,150.0,246.0,-325.0,87.0,-296.0
-325.0,1483.0,-198.0,119.0,176.0,321.0,221.0,-360.0,218.0,-177.0
-286.0,377.0,-105.0,148.0,354.0,288.0,224.0,-301.0,299.0,-69.0
-228.0,-822.0,6.0,174.0,389.0,102.0,284.0,-208.0,311.0,35.0
-215.0,-1626.0,71.0,133.0,491.0,225.0,396.0,-208.0,282.0,77.0
-165.0,-1805.0,139.0,111.0,561.0,275.0,400.0,9.0,208.0,93.0
-137.0,-1736.0,214.0,134.0,462.0,131.0,291.0,160.0,124.0,128.0
-99.0,-1351.0,180.0,184.0,301.0,35.0,151.0,436.0,92.0,98.0
-101.0,-588.0,150.0,147.0,160.0,151.0,65.0,598.0,112.0,63.0
-90.0,211.0,99.0,15.0,-11.0,338.0,8.0,524.0,159.0,48.0
-65.0,660.0,-2.0,-114.0,-363.0,318.0,-78.0,452.0,228.0,37.0
-46.0,754.0,-76.0,-192.0,-620.0,64.0,-68.0,149.0,306.0,10.0
-26.0,649.0,-72.0,-206.0,-745.0,0.0,68.0,-51.0,357.0,-29.0
-46.0,77.0,-108.0,-213.0,-939.0,158.0,222.0,-236.0,349.0,-41.0
-52.0,-566.0,-73.0,-283.0,-934.0,21.0,222.0,-247.0,303.0,-59.0
-101.0,-775.0,34.0,-334.0,-810.0,-37.0,90.0,-62.0,202.0,-101.0
-108.0,-871.0,91.0,-235.0,-572.0,133.0,-68.0,5.0,69.0,-112.0
-77.0,-378.0,223.0,-9.0,-321.0,307.0,-152.0,164.0,-53.0,-91.0
-41.0,217.0,296.0,204.0,-86.0,330.0,-163.0,107.0,-189.0,-71.0
-23.0,590.0,327.0,309.0,291.0,206.0,-118.0,79.0,-306.0,17.0
-43.0,1181.0,339.0,328.0,557.0,218.0,-34.0,90.0,-398.0,196.0
-68.0,1620.0,323.0,232.0,770.0,338.0,62.0,33.0,-457.0,382.0
-80.0,1743.0,299.0,112.0,932.0,408.0,158.0,112.0,-458.0,512.0
-49.0,1278.0,211.0,87.0,897.0,240.0,117.0,57.0,-440.0,600.0
-27.0,822.0,192.0,67.0,690.0,223.0,82.0,77.0,-366.0,672.0
-11.0,346.0,110.0,62.0,404.0,209.0,158.0,-125.0,-257.0,697.0
-13.0,-270.0,25.0,23.0,-106.0,-8.0,285.0,-301.0,-141.0,685.0
0.0,-790.0,-16.0,-106.0,-752.0,138.0,310.0,-223.0,-1.0,646.0
9.0,-1289.0,-115.0,-169.0,-1142.0,382.0,211.0,-304.0,99.0,559.0
-7.0,-1314.0,-127.0,-156.0,-1333.0,558.0,220.0,-291.0,166.0,401.0
-25.0,-1386.0,-179.0,-69.0,-1260.0,427.0,312.0,-328.0,213.0,212.0
-62.0,-1849.0,-206.0,31.0,-1018.0,66.0,412.0,-171.0,217.0,55.0
-84.0,-2062.0,-213.0,83.0,-667.0,99.0,405.0,59.0,195.0,-57.0
-97.0,-1528.0,-215.0,92.0,-263.0,280.0,278.0,192.0,130.0,-124.0
-69.0,-767.0,-115.0,31.0,-99.0,490.0,187.0,238.0,63.0,-126.0
-46.0,-9.0,-68.0,10.0,0.0,557.0,137.0,86.0,-18.0,-54.0
-30.0,926.0,30.0,36.0,170.0,503.0,42.0,112.0,-113.0,21.0
-26.0,1468.0,89.0,104.0,304.0,556.0,-43.0,-35.0,-199.0,110.0
-36.0,1492.0,127.0,159.0,407.0,433.0,25.0,-140.0,-279.0,224.0
-53.0,1137.0,221.0,186.0,583.0,319.0,201.0,-229.0,-299.0,308.0
-106.0,330.0,181.0,231.0,761.0,377.0,285.0,-443.0,-284.0,351.0
-121.0,-801.0,165.0,228.0,842.0,382.0,241.0,-484.0,-219.0,336.0
-134.0,-1319.0,137.0,269.0,808.0,429.0,173.0,-620.0,-87.0,280.0
-128.0,-1357.0,55.0,309.0,632.0,548.0,111.0,-546.0,54.0,161.0
-120.0,-1421.0,46.0,338.0,372.0,492.0,26.0,-399.0,206.0,-13.0
-119.0,-655.0,12.0,330.0,68.0,416.0,-72.0,-225.0,335.0,-212.0
-91.0,94.0,-29.0,214.0,-221.0,439.0,-113.0,-120.0,410.0,-423.0
-105.0,505.0,11.0,66.0,-415.0,488.0,-105.0,-214.0,464.0,-588.0
-151.0,1224.0,-29.0,-58.0,-550.0,604.0,-4.0,-203.0,491.0,-685.0
-188.0,1626.0,-78.0,13.0,-591.0,726.0,152.0,-299.0,475.0,-686.0
-183.0,1541.0,-62.0,110.0,-425.0,785.0,202.0,-291.0,424.0,-575.0
-180.0,1101.0,-137.0,62.0,-231.0,655.0,206.0,-325.0,309.0,-401.0
-159.0,552.0,-129.0,-76.0,-31.0,628.0,308.0,-258.0,163.0,-182.0
-106.0,-68.0,-91.0,-196.0,281.0,614.0,483.0,-131.0,22.0,33.0
-45.0,-437.0,-97.0,-208.0,470.0,410.0,486.0,-323.0,-119.0,160.0
-9.0,-907.0,-51.0,-193.0,463.0,330.0,308.0,-352.0,-226.0,197.0
-53.0,-1263.0,-3.0,-112.0,480.0,232.0,127.0,-404.0,-276.0,134.0
-98.0,-887.0,53.0,3.0,512.0,194.0,60.0,-314.0,-285.0,-29.0
-110.0,-778.0,74.0,36.0,446.0,313.0,95.0,-179.0,-262.0,-243.0
-158.0,-474.0,91.0,6.0,384.0,340.0,79.0,-238.0,-206.0,-457.0
-219.0,122.0,102.0,71.0,282.0,271.0,28.0,-177.0,-138.0,-625.0
-241.0,613.0,98.0,200.0,1.0,432.0,19.0,-258.0,-49.0,-702.0
-241.0,783.0,142.0,307.0,-276.0,598.0,63.0,-291.0,57.0,-663.0
-256.0,707.0,190.0,386.0,-363.0,445.0,90.0,-397.0,160.0,-533.0
-230.0,634.0,240.0,375.0,-458.0,368.0,88.0,-517.0,216.0,-354.0
-115.0,132.0,228.0,296.0,-507.0,327.0,90.0,-528.0,227.0,-166.0
-18.0,-257.0,204.0,243.0,-356.0,281.0,98.0,-667.0,201.0,-22.0
30.0,-719.0,135.0,204.0,-315.0,290.0,124.0,-585.0,137.0,65.0
33.0,-1056.0,17.0,128.0,-279.0,309.0,130.0,-500.0,75.0,125.0
37.0,-1096.0,-41.0,25.0,-123.0,290.0,196.0,-273.0,20.0,144.0
39.0,-1051.0,-126.0,-91.0,-135.0,196.0,281.0,-77.0,12.0,116.0
-16.0,-650.0,-159.0,-175.0,-160.0,150.0,347.0,-238.0,35.0,61.0
-70.0,-233.0,-163.0,-160.0,-166.0,185.0,414.0,-262.0,54.0,-41.0
-112.0,272.0,-126.0,-55.0,-362.0,453.0,472.0,-384.0,93.0,-196.0
-135.0,747.0,-97.0,28.0,-369.0,580.0,546.0,-484.0,121.0,-322.0
-176.0,909.0,-94.0,78.0,-188.0,419.0,568.0,-558.0,124.0,-393.0
-192.0,773.0,-58.0,80.0,-25.0,474.0,511.0,-532.0,66.0,-414.0
-160.0,475.0,-52.0,0.0,387.0,577.0,285.0,-306.0,-25.0,-341.0
-161.0,509.0,-19.0,-118.0,774.0,419.0,-1.0,-243.0,-127.0,-208.0
-176.0,523.0,0.0,-223.0,1024.0,254.0,-161.0,-144.0,-253.0,-29.0
-168.0,248.0,52.0,-332.0,1250.0,230.0,-264.0,-208.0,-343.0,182.0
-92.0,270.0,122.0,-370.0,1083.0,248.0,-389.0,-267.0,-402.0,365.0
-31.0,-13.0,206.0,-238.0,586.0,350.0,-532.0,-338.0,-406.0,517.0
-36.0,-447.0,268.0,-89.0,66.0,442.0,-513.0,-609.0,-357.0,579.0
4.0,-659.0,316.0,-44.0,-493.0,471.0,-275.0,-735.0,-256.0,553.0
78.0,-1005.0,306.0,-142.0,-996.0,529.0,31.0,-862.0,-127.0,473.0
110.0,-1049.0,250.0,-216.0,-1152.0,536.0,289.0,-764.0,6.0,318.0
86.0,-774.0,204.0,-206.0,-974.0,438.0,389.0,-648.0,167.0,154.0
54.0,-239.0,102.0,-197.0,-639.0,349.0,408.0,-570.0,296.0,19.0
48.0,319.0,69.0,-124.0,-291.0,333.0,383.0,-349.0,394.0,-95.0
24.0,1046.0,-23.0,-86.0,-30.0,347.0,270.0,-223.0,465.0,-157.0
-1.0,1675.0,-74.0,-64.0,142.0,275.0,163.0,-46.0,464.0,-174.0
-13.0,1967.0,-47.0,2.0,260.0,141.0,69.0,-68.0,422.0,-155.0
-22.0,2155.0,-81.0,89.0,258.0,163.0,18.0,-77.0,349.0,-80.0
-28.0,1607.0,-30.0,248.0,48.0,283.0,11.0,-66.0,251.0,36.0
-91.0,568.0,10.0,407.0,-66.0,284.0,37.0,-138.0,161.0,205.0
-145.0,-677.0,21.0,493.0,-64.0,184.0,129.0,-188.0,65.0,407.0
-164.0,-1952.0,67.0,524.0,-136.0,98.0,241.0,-456.0,-36.0,581.0
-202.0,-3236.0,72.0,414.0,-34.0,108.0,346.0,-554.0,-121.0,702.0
-188.0,-4144.0,25.0,166.0,203.0,175.0,352.0,-661.0,-210.0,746.0
-153.0,-3797.0,55.0,-79.0,396.0,214.0,275.0,-707.0,-282.0,673.0
-85.0,-2645.0,59.0,-203.0,637.0,298.0,259.0,-642.0,-333.0,486.0
-37.0,-1119.0,71.0,-256.0,732.0,386.0,278.0,-604.0,-342.0,242.0
-48.0,604.0,129.0,-318.0,576.0,343.0,178.0,-439.0,-281.0,-27.0
-51.0,2423.0,142.0,-463.0,449.0,106.0,-69.0,-460.0,-203.0,-271.0
-54.0,3639.0,201.0,-567.0,58.0,-28.0,-264.0,-328.0,-100.0,-455.0
-42.0,3822.0,209.0,-405.0,-551.0,107.0,-302.0,-254.0,49.0,-565.0
-65.0,3241.0,185.0,-168.0,-886.0,162.0,-229.0,-280.0,175.0,-591.0
-47.0,2027.0,114.0,164.0,-1109.0,102.0,-123.0,-238.0,239.0,-565.0
9.0,920.0,33.0,466.0,-1095.0,50.0,28.0,-323.0,250.0,-482.0
28.0,-13.0,-76.0,607.0,-780.0,155.0,217.0,-184.0,227.0,-331.0
39.0,-788.0,-189.0,622.0,-422.0,290.0,350.0,-169.0,195.0,-126.0
37.0,-1099.0,-252.0,463.0,90.0,202.0,432.0,-175.0,146.0,105.0
-2.0,-1071.0,-388.0,304.0,568.0,69.0,422.0,-206.0,73.0,346.0
-60.0,-979.0,-399.0,74.0,829.0,79.0,330.0,-369.0,4.0,560.0
-110.0,-676.0,-407.0,-74.0,1042.0,206.0,156.0,-384.0,-62.0,700.0
-152.0,0.0,-391.0,-95.0,1163.0,196.0,-71.0,-546.0,-141.0,749.0
-160.0,322.0,-283.0,-138.0,1067.0,137.0,-227.0,-556.0,-227.0,697.0
-163.0,517.0,-252.0,-138.0,778.0,171.0,-280.0,-524.0,-303.0,540.0
-138.0,1016.0,-177.0,-137.0,514.0,147.0,-235.0,-500.0,-339.0,313.0
-114.0,1166.0,-95.0,-137.0,305.0,33.0,-100.0,-334.0,-334.0,50.0
-78.0,860.0,-58.0,-117.0,47.0,-18.0,50.0,-319.0,-238.0,-196.0
-29.0,472.0,11.0,-32.0,-203.0,20.0,177.0,-253.0,-97.0,-390.0
-19.0,-87.0,86.0,72.0,-416.0,39.0,326.0,-251.0,32.0,-550.0
-20.0,-979.0,105.0,116.0,-550.0,110.0,502.0,-151.0,187.0,-616.0
-78.0,-1708.0,163.0,68.0,-598.0,110.0,654.0,-142.0,301.0,-616.0
-132.0,-2125.0,169.0,7.0,-635.0,166.0,625.0,-242.0,354.0,-580.0
-181.0,-2023.0,95.0,-117.0,-657.0,304.0,388.0,-90.0,376.0,-493.0
-206.0,-1268.0,27.0,-199.0,-475.0,211.0,104.0,-109.0,357.0,-398.0
-165.0,-615.0,-110.0,-162.0,-239.0,74.0,-110.0,-12.0,333.0,-288.0
-118.0,304.0,-242.0,-163.0,-54.0,-5.0,-282.0,-14.0,325.0,-186.0
-72.0,1253.0,-276.0,-126.0,269.0,-112.0,-471.0,-116.0,311.0,-90.0
-51.0,1712.0,-272.0,-107.0,481.0,-95.0,-543.0,-86.0,284.0,2.0
-29.0,2049.0,-248.0,-51.0,506.0,174.0,-421.0,-203.0,226.0,95.0
-11.0,1753.0,-140.0,-10.0,469.0,185.0,-247.0,-256.0,141.0,183.0
7.0,1102.0,-67.0,45.0,249.0,-100.0,-184.0,-452.0,29.0,276.0
16.0,410.0,32.0,121.0,141.0,-25.0,-177.0,-489.0,-92.0,384.0
-4.0,-438.0,146.0,166.0,303.0,168.0,-116.0,-504.0,-179.0,426.0
-27.0,-1362.0,156.0,266.0,379.0,257.0,4.0,-580.0,-224.0,395.0
-51.0,-1877.0,206.0,232.0,390.0,220.0,151.0,-404.0,-224.0,323.0
-95.0,-1693.0,215.0,167.0,326.0,-47.0,209.0,-330.0,-201.0,189.0
-115.0,-1299.0,187.0,118.0,83.0,-18.0,193.0,-171.0,-144.0,-20.0
-43.0,-604.0,147.0,72.0,-188.0,197.0,244.0,-162.0,-57.0,-258.0
47.0,408.0,73.0,69.0,-521.0,-72.0,395.0,-192.0,55.0,-487.0
108.0,1332.0,36.0,70.0,-847.0,-363.0,473.0,-160.0,173.0,-673.0
124.0,1664.0,-22.0,0.0,-923.0,-250.0,411.0,-127.0,284.0,-755.0
144.0,1703.0,-72.0,-166.0,-780.0,-159.0,305.0,20.0,381.0,-681.0
161.0,1337.0,-118.0,-276.0,-613.0,-160.0,218.0,-44.0,406.0,-443.0
133.0,269.0,-159.0,-337.0,-314.0,-166.0,134.0,118.0,387.0,-121.0
103.0,-756.0,-192.0,-369.0,177.0,-214.0,-3.0,279.0,329.0,251.0
105.0,-1212.0,-191.0,-398.0,412.0,-171.0,-189.0,256.0,224.0,594.0
96.0,-1460.0,-106.0,-337.0,386.0,-39.0,-345.0,256.0,104.0,811.0
32.0,-1582.0,-72.0,-224.0,429.0,-85.0,-378.0,131.0,-14.0,882.0
0.0,-730.0,-39.0,-91.0,451.0,-56.0,-367.0,136.0,-132.0,813.0
-16.0,115.0,26.0,151.0,544.0,74.0,-356.0,9.0,-238.0,645.0
25.0,586.0,64.0,321.0,596.0,-195.0,-304.0,-145.0,-305.0,419.0
43.0,1288.0,87.0,409.0,399.0,-472.0,-185.0,-271.0,-337.0,215.0
28.0,1509.0,131.0,420.0,291.0,-394.0,-42.0,-315.0,-345.0,92.0
17.0,1115.0,145.0,342.0,153.0,-192.0,32.0,-169.0,-336.0,73.0
5.0,508.0,106.0,235.0,-191.0,-115.0,90.0,-155.0,-260.0,134.0
72.0,-208.0,133.0,191.0,-467.0,-184.0,189.0,9.0,-152.0,269.0
123.0,-1148.0,76.0,221.0,-696.0,-169.0,278.0,36.0,-29.0,408.0
186.0,-1718.0,17.0,233.0,-740.0,219.0,226.0,-9.0,119.0,482.0
214.0,-1623.0,2.0,209.0,-622.0,477.0,63.0,53.0,240.0,501.0
204.0,-1352.0,-62.0,143.0,-610.0,97.0,-57.0,49.0,335.0,430.0
140.0,-773.0,-95.0,34.0,-489.0,-4.0,-58.0,201.0,380.0,268.0
56.0,96.0,-116.0,-187.0,-182.0,197.0,15.0,264.0,356.0,37.0
0.0,601.0,-119.0,-304.0,88.0,8.0,1.0,373.0,262.0,-184.0
-76.0,1023.0,-137.0,-275.0,236.0,-298.0,-35.0,284.0,119.0,-360.0
-127.0,1228.0,-110.0,-238.0,315.0,-305.0,29.0,57.0,-68.0,-436.0
-180.0,793.0,-76.0,-108.0,397.0,-161.0,140.0,0.0,-268.0,-367.0
-159.0,568.0,-32.0,-44.0,477.0,-17.0,157.0,-186.0,-405.0,-169.0
-91.0,585.0,29.0,-37.0,413.0,-26.0,85.0,-145.0,-499.0,130.0
-18.0,348.0,65.0,80.0,239.0,-282.0,43.0,-116.0,-519.0,441.0
72.0,27.0,172.0,235.0,136.0,-146.0,38.0,-66.0,-456.0,710.0
151.0,151.0,211.0,353.0,71.0,144.0,23.0,49.0,-373.0,888.0
217.0,312.0,244.0,346.0,-13.0,36.0,-81.0,42.0,-253.0,957.0
255.0,-188.0,272.0,257.0,-169.0,-225.0,-219.0,147.0,-127.0,873.0
226.0,-629.0,212.0,209.0,-132.0,-217.0,-267.0,133.0,-16.0,642.0
200.0,-824.0,190.0,176.0,105.0,4.0,-213.0,243.0,88.0,316.0
217.0,-992.0,170.0,198.0,127.0,14.0,-163.0,206.0,184.0,-60.0
205.0,-844.0,153.0,263.0,46.0,-84.0,-151.0,44.0,293.0,-392.0
164.0,-819.0,120.0,238.0,-8.0,-206.0,-126.0,77.0,386.0,-653.0
144.0,-873.0,60.0,99.0,-185.0,-22.0,-72.0,-7.0,445.0,-784.0
181.0,-669.0,-7.0,-34.0,-484.0,237.0,-40.0,29.0,440.0,-784.0
240.0,-504.0,-71.0,-93.0,-713.0,129.0,-126.0,-25.0,352.0,-679.0
317.0,-308.0,-116.0,-83.0,-845.0,84.0,-256.0,-25.0,178.0,-480.0
300.0,-115.0,-119.0,-15.0,-729.0,246.0,-339.0,42.0,-40.0,-248.0
260.0,385.0,-72.0,102.0,-342.0,314.0,-366.0,20.0,-235.0,-42.0
218.0,1183.0,-67.0,199.0,21.0,29.0,-412.0,158.0,-405.0,122.0
151.0,1341.0,-58.0,223.0,490.0,-128.0,-495.0,125.0,-480.0,290.0
113.0,1038.0,-22.0,233.0,913.0,-9.0,-537.0,201.0,-460.0,445.0
45.0,1009.0,-24.0,226.0,1122.0,69.0,-492.0,266.0,-416.0,576.0
29.0,918.0,-88.0,105.0,1007.0,179.0,-389.0,236.0,-311.0,665.0
18.0,296.0,-122.0,-78.0,662.0,85.0,-334.0,312.0,-161.0,675.0
-5.0,-332.0,-150.0,-104.0,417.0,-131.0,-261.0,291.0,-18.0,606.0
-28.0,-350.0,-176.0,-31.0,119.0,-155.0,-123.0,380.0,96.0,450.0
7.0,-361.0,-136.0,123.0,-100.0,-47.0,48.0,256.0,213.0,228.0
76.0,-686.0,-113.0,269.0,-320.0,-75.0,223.0,153.0,299.0,-24.0
96.0,-606.0,-38.0,325.0,-453.0,-55.0,321.0,157.0,354.0,-291.0
64.0,-490.0,3.0,340.0,-386.0,33.0,359.0,145.0,372.0,-532.0
41.0,-657.0,16.0,267.0,-503.0,-104.0,382.0,334.0,321.0,-699.0
50.0,-487.0,31.0,164.0,-675.0,-149.0,375.0,295.0,238.0,-807.0
62.0,-209.0,14.0,6.0,-701.0,-176.0,333.0,347.0,79.0,-841.0
84.0,-406.0,24.0,-86.0,-581.0,-152.0,286.0,421.0,-96.0,-770.0
60.0,-393.0,15.0,-96.0,-451.0,116.0,255.0,404.0,-251.0,-573.0
62.0,48.0,36.0,-49.0,-278.0,232.0,289.0,376.0,-354.0,-284.0
45.0,36.0,33.0,27.0,3.0,28.0,283.0,269.0,-351.0,47.0
38.0,128.0,34.0,23.0,309.0,-40.0,155.0,375.0,-263.0,417.0
-22.0,864.0,-27.0,-38.0,602.0,94.0,34.0,254.0,-87.0,758.0
-61.0,1266.0,-80.0,-119.0,707.0,69.0,4.0,107.0,125.0,998.0
-14.0,990.0,-131.0,-119.0,611.0,25.0,-6.0,31.0,322.0,1100.0
-43.0,716.0,-246.0,-111.0,486.0,-84.0,-137.0,38.0,448.0,1050.0
-69.0,283.0,-278.0,-110.0,306.0,-88.0,-312.0,256.0,489.0,839.0
-112.0,-454.0,-311.0,-2.0,-44.0,41.0,-374.0,280.0,412.0,486.0
-123.0,-1011.0,-249.0,172.0,-324.0,112.0,-313.0,356.0,275.0,70.0
-171.0,-1425.0,-200.0,311.0,-417.0,248.0,-235.0,306.0,95.0,-332.0
-201.0,-1366.0,-142.0,349.0,-407.0,161.0,-180.0,243.0,-128.0,-631.0
-150.0,-1036.0,-49.0,308.0,-369.0,6.0,-110.0,199.0,-284.0,-788.0
-84.0,-741.0,-53.0,133.0,-335.0,-60.0,-6.0,57.0,-409.0,-809.0
-52.0,-28.0,50.0,-159.0,-111.0,-108.0,130.0,229.0,-480.0,-713.0
-129.0,599.0,73.0,-444.0,71.0,-154.0,157.0,362.0,-452.0,-544.0
-182.0,688.0,14.0,-612.0,137.0,-231.0,73.0,450.0,-364.0,-374.0
-207.0,575.0,27.0,-595.0,245.0,-10.0,-25.0,384.0,-241.0,-227.0
-190.0,676.0,-44.0,-427.0,169.0,141.0,-118.0,288.0,-68.0,-104.0
-200.0,575.0,-115.0,-168.0,-48.0,20.0,-212.0,380.0,80.0,-3.0
-217.0,423.0,-151.0,-23.0,-139.0,174.0,-335.0,321.0,171.0,113.0
-209.0,731.0,-222.0,-80.0,-113.0,352.0,-402.0,266.0,238.0,226.0
-222.0,900.0,-201.0,-223.0,-34.0,106.0,-367.0,92.0,221.0,336.0
-218.0,1180.0,-165.0,-294.0,229.0,-217.0,-239.0,99.0,156.0,425.0
-224.0,1311.0,-157.0,-222.0,357.0,-134.0,-117.0,157.0,74.0,471.0
-243.0,1032.0,-55.0,-39.0,349.0,224.0,-66.0,5.0,-27.0,458.0
-289.0,760.0,-3.0,210.0,455.0,325.0,-6.0,125.0,-127.0,397.0
-270.0,409.0,51.0,437.0,356.0,45.0,74.0,254.0,-210.0,342.0
-233.0,-181.0,166.0,498.0,274.0,-76.0,115.0,452.0,-284.0,240.0
-235.0,-1191.0,191.0,341.0,138.0,97.0,97.0,569.0,-323.0,138.0
-235.0,-1882.0,259.0,170.0,-125.0,135.0,99.0,533.0,-307.0,2.0
-256.0,-1982.0,295.0,44.0,-257.0,-210.0,155.0,495.0,-296.0,-178.0
-266.0,-1787.0,259.0,-77.0,-495.0,-563.0,218.0,321.0,-263.0,-343.0
-236.0,-1323.0,253.0,-178.0,-690.0,-402.0,193.0,267.0,-179.0,-522.0
-176.0,-786.0,156.0,-312.0,-626.0,-166.0,112.0,129.0,-81.0,-683.0
-73.0,-185.0,95.0,-473.0,-503.0,-138.0,97.0,171.0,26.0,-822.0
80.0,571.0,48.0,-545.0,-431.0,-16.0,149.0,280.0,150.0,-890.0
164.0,1023.0,-32.0,-440.0,-208.0,-23.0,177.0,258.0,262.0,-871.0
181.0,946.0,-42.0,-223.0,57.0,-294.0,151.0,384.0,324.0,-769.0
174.0,1051.0,-112.0,-86.0,253.0,-430.0,116.0,347.0,351.0,-565.0
165.0,1053.0,-136.0,-69.0,438.0,-327.0,101.0,410.0,326.0,-270.0
100.0,565.0,-91.0,-131.0,519.0,-92.0,70.0,458.0,224.0,57.0
13.0,145.0,-104.0,-190.0,620.0,5.0,-59.0,485.0,119.0,350.0
10.0,23.0,-55.0,-110.0,585.0,-309.0,-236.0,578.0,0.0,581.0
0.0,-169.0,-4.0,-31.0,470.0,-470.0,-342.0,506.0,-160.0,713.0
-19.0,-551.0,-41.0,57.0,373.0,-243.0,-322.0,430.0,-309.0,730.0
-86.0,-536.0,-22.0,84.0,146.0,-105.0,-235.0,199.0,-446.0,667.0
-80.0,-462.0,2.0,-26.0,11.0,-139.0,-172.0,84.0,-547.0,581.0
-33.0,-495.0,24.0,-155.0,-63.0,-119.0,-115.0,35.0,-579.0,446.0
2.0,-146.0,90.0,-273.0,-187.0,-73.0,-28.0,25.0,-524.0,307.0
59.0,124.0,109.0,-302.0,-284.0,-44.0,4.0,134.0,-384.0,216.0
69.0,265.0,147.0,-242.0,-307.0,-54.0,-124.0,149.0,-163.0,108.0
134.0,466.0,166.0,-119.0,-214.0,-263.0,-288.0,243.0,82.0,-38.0
81.0,689.0,153.0,-28.0,-211.0,-371.0,-366.0,131.0,308.0,-242.0
-18.0,650.0,158.0,69.0,-295.0,-349.0,-330.0,59.0,489.0,-508.0
-34.0,440.0,126.0,181.0,-217.0,-415.0,-281.0,168.0,540.0,-807.0
-10.0,494.0,94.0,284.0,-192.0,-510.0,-328.0,242.0,474.0,-1114.0
51.0,135.0,59.0,374.0,-346.0,-478.0,-379.0,428.0,344.0,-1389.0
58.0,-208.0,33.0,370.0,-344.0,-479.0,-301.0,495.0,150.0,-1532.0
123.0,-20.0,10.0,254.0,-179.0,-632.0,-116.0,545.0,-40.0,-1518.0
162.0,40.0,-16.0,2.0,94.0,-474.0,-27.0,454.0,-183.0,-1338.0
112.0,-35.0,-30.0,-207.0,388.0,-356.0,-15.0,306.0,-316.0,-984.0
38.0,-47.0,-50.0,-273.0,502.0,-310.0,17.0,195.0,-389.0,-516.0
8.0,198.0,-95.0,-189.0,546.0,-191.0,49.0,20.0,-407.0,-8.0
66.0,384.0,-130.0,28.0,465.0,-384.0,7.0,96.0,-381.0,471.0
122.0,373.0,-123.0,192.0,275.0,-448.0,-133.0,138.0,-274.0,873.0
204.0,497.0,-155.0,258.0,12.0,-379.0,-215.0,356.0,-137.0,1117.0
248.0,454.0,-133.0,247.0,-280.0,-386.0,-148.0,594.0,38.0,1156.0
303.0,162.0,-75.0,126.0,-303.0,-436.0,40.0,687.0,220.0,991.0
317.0,-135.0,-37.0,-10.0,-231.0,-359.0,228.0,812.0,355.0,683.0
239.0,-772.0,47.0,-20.0,-241.0,-137.0,394.0,648.0,480.0,258.0
153.0,-1521.0,86.0,114.0,-210.0,-181.0,543.0,500.0,555.0,-229.0
39.0,-1773.0,135.0,285.0,-88.0,-229.0,645.0,251.0,589.0,-670.0
-17.0,-1716.0,170.0,387.0,59.0,-365.0,642.0,81.0,580.0,-1004.0
-47.0,-1757.0,187.0,457.0,91.0,-421.0,480.0,79.0,538.0,-1208.0
-26.0,-1332.0,224.0,471.0,79.0,-178.0,246.0,53.0,483.0,-1299.0
48.0,-233.0,206.0,316.0,114.0,-164.0,-24.0,184.0,384.0,-1252.0
136.0,242.0,182.0,67.0,95.0,-88.0,-269.0,208.0,305.0,-1115.0
221.0,656.0,149.0,-192.0,47.0,225.0,-540.0,332.0,195.0,-913.0
262.0,1512.0,76.0,-432.0,22.0,126.0,-726.0,351.0,51.0,-661.0
293.0,1876.0,5.0,-599.0,22.0,-435.0,-738.0,295.0,-71.0,-404.0
309.0,1931.0,-91.0,-629.0,19.0,-589.0,-674.0,395.0,-215.0,-137.0
289.0,1757.0,-188.0,-545.0,-33.0,-523.0,-477.0,349.0,-326.0,119.0
227.0,1468.0,-223.0,-415.0,42.0,-709.0,-326.0,404.0,-392.0,361.0
128.0,1081.0,-283.0,-212.0,134.0,-617.0,-165.0,354.0,-423.0,553.0
28.0,351.0,-281.0,-148.0,107.0,-346.0,123.0,201.0,-416.0,624.0
1.0,-258.0,-221.0,-276.0,139.0,-192.0,373.0,120.0,-391.0,590.0
-38.0,-463.0,-161.0,-441.0,142.0,-98.0,476.0,25.0,-322.0,485.0
-66.0,-728.0,-55.0,-486.0,-40.0,-102.0,426.0,51.0,-232.0,304.0
-31.0,-1222.0,56.0,-344.0,-244.0,-45.0,339.0,-29.0,-134.0,92.0
56.0,-1593.0,158.0,-96.0,-268.0,1.0,285.0,-44.0,-33.0,-118.0
131.0,-1719.0,181.0,271.0,-302.0,-261.0,219.0,-51.0,60.0,-291.0
117.0,-1710.0,187.0,500.0,-244.0,-421.0,41.0,-77.0,152.0,-427.0
93.0,-1378.0,144.0,483.0,-93.0,-131.0,-60.0,1.0,225.0,-561.0
89.0,-825.0,94.0,266.0,-99.0,22.0,-31.0,18.0,270.0,-682.0
141.0,-230.0,64.0,-60.0,38.0,-228.0,14.0,230.0,272.0,-773.0
170.0,718.0,-4.0,-201.0,168.0,-248.0,37.0,319.0,241.0,-769.0
181.0,1444.0,-10.0,-222.0,142.0,-186.0,-33.0,312.0,171.0,-641.0
130.0,1691.0,-63.0,-190.0,199.0,-400.0,-91.0,293.0,86.0,-406.0
45.0,1686.0,-77.0,-178.0,267.0,-551.0,-97.0,144.0,5.0,-86.0
-50.0,1361.0,-60.0,-190.0,301.0,-616.0,-125.0,145.0,-64.0,322.0
-189.0,884.0,-116.0,-222.0,334.0,-474.0,-199.0,157.0,-83.0,720.0
-228.0,115.0,-95.0,-376.0,393.0,-183.0,-190.0,236.0,-94.0,1013.0
-232.0,-460.0,-77.0,-461.0,317.0,-82.0,-69.0,249.0,-82.0,1193.0
-177.0,-716.0,-116.0,-537.0,160.0,-177.0,130.0,284.0,-63.0,1205.0
-103.0,-892.0,-91.0,-567.0,-2.0,-161.0,256.0,299.0,-49.0,1077.0
-16.0,-822.0,-8.0,-442.0,-252.0,-172.0,244.0,162.0,-19.0,887.0
44.0,-591.0,-2.0,-287.0,-392.0,-241.0,291.0,184.0,-7.0,684.0
31.0,-18.0,61.0,-94.0,-360.0,-63.0,359.0,197.0,31.0,486.0
50.0,429.0,114.0,131.0,-284.0,-22.0,397.0,284.0,84.0,324.0
75.0,401.0,67.0,367.0,-265.0,-48.0,369.0,282.0,175.0,227.0
118.0,213.0,45.0,442.0,-172.0,16.0,306.0,212.0,284.0,182.0
144.0,-141.0,23.0,414.0,-199.0,-112.0,351.0,192.0,345.0,180.0
180.0,-389.0,35.0,380.0,-287.0,-152.0,487.0,-25.0,415.0,209.0
197.0,-762.0,36.0,259.0,-97.0,-27.0,556.0,-158.0,468.0,292.0
202.0,-1129.0,85.0,116.0,-49.0,-102.0,475.0,-282.0,482.0,418.0
234.0,-734.0,124.0,-41.0,-28.0,-254.0,310.0,-258.0,476.0,538.0
277.0,-357.0,138.0,-133.0,136.0,-230.0,163.0,-125.0,442.0,642.0
319.0,-131.0,170.0,-166.0,197.0,-114.0,81.0,-24.0,399.0,676.0
326.0,281.0,165.0,-207.0,241.0,-102.0,-94.0,205.0,353.0,651.0
292.0,562.0,126.0,-238.0,180.0,-226.0,-381.0,253.0,290.0,586.0
230.0,929.0,78.0,-346.0,79.0,-429.0,-577.0,323.0,225.0,459.0
199.0,1007.0,70.0,-425.0,20.0,-496.0,-707.0,203.0,148.0,304.0
149.0,771.0,10.0,-389.0,-79.0,-340.0,-861.0,59.0,57.0,119.0
78.0,446.0,-5.0,-294.0,-168.0,-368.0,-889.0,112.0,-59.0,-48.0
33.0,141.0,2.0,-134.0,-135.0,-317.0,-786.0,40.0,-194.0,-183.0
72.0,-196.0,-58.0,-55.0,-45.0,-114.0,-607.0,188.0,-315.0,-339.0
130.0,-930.0,-74.0,20.0,-20.0,-6.0,-319.0,254.0,-423.0,-491.0
199.0,-1116.0,-54.0,151.0,64.0,10.0,-61.0,301.0,-473.0,-613.0
260.0,-887.0,-98.0,312.0,72.0,-235.0,123.0,229.0,-465.0,-703.0
260.0,-702.0,-109.0,487.0,3.0,-269.0,339.0,-42.0,-404.0,-784.0
239.0,-57.0,-101.0,534.0,-38.0,-66.0,615.0,-81.0,-295.0,-865.0
165.0,478.0,-129.0,568.0,-170.0,-2.0,699.0,-160.0,-160.0,-933.0
138.0,1061.0,-58.0,497.0,-207.0,-176.0,532.0,-53.0,-12.0,-1004.0
91.0,1377.0,-27.0,378.0,-149.0,-267.0,354.0,-35.0,98.0,-1047.0
61.0,1218.0,1.0,335.0,-89.0,-75.0,254.0,-166.0,172.0,-1051.0
51.0,1308.0,87.0,269.0,-23.0,-178.0,233.0,-251.0,196.0,-1002.0
45.0,987.0,96.0,132.0,30.0,-290.0,147.0,-404.0,167.0,-883.0
67.0,574.0,134.0,-119.0,147.0,-248.0,14.0,-304.0,103.0,-715.0
81.0,330.0,146.0,-332.0,289.0,-235.0,13.0,-279.0,17.0,-502.0
106.0,-209.0,86.0,-462.0,348.0,-271.0,132.0,-73.0,-95.0,-262.0
86.0,-655.0,81.0,-370.0,342.0,-440.0,230.0,205.0,-221.0,-22.0
95.0,-1053.0,-20.0,-144.0,321.0,-268.0,281.0,242.0,-351.0,202.0
59.0,-1405.0,-117.0,60.0,258.0,43.0,366.0,312.0,-475.0,418.0
73.0,-1559.0,-124.0,209.0,103.0,154.0,450.0,253.0,-584.0,601.0
102.0,-1526.0,-237.0,336.0,-116.0,-12.0,424.0,295.0,-693.0,724.0
130.0,-1347.0,-216.0,564.0,-145.0,-175.0,213.0,208.0,-756.0,767.0
217.0,-985.0,-92.0,708.0,-145.0,50.0,-70.0,-25.0,-751.0,737.0
228.0,-342.0,-128.0,767.0,-261.0,152.0,-236.0,-184.0,-665.0,654.0
234.0,370.0,-85.0,689.0,-261.0,135.0,-263.0,-321.0,-494.0,491.0
177.0,862.0,0.0,474.0,-189.0,36.0,-352.0,-256.0,-258.0,267.0
151.0,961.0,-77.0,260.0,-125.0,-140.0,-492.0,-219.0,23.0,22.0
161.0,769.0,-66.0,112.0,-68.0,24.0,-476.0,-33.0,272.0,-233.0
199.0,672.0,-40.0,89.0,-61.0,233.0,-310.0,186.0,476.0,-474.0
229.0,407.0,-39.0,47.0,-157.0,129.0,-124.0,273.0,606.0,-673.0
216.0,-193.0,-12.0,-84.0,-144.0,-27.0,-18.0,351.0,651.0,-785.0
199.0,-450.0,-30.0,-269.0,-110.0,87.0,48.0,206.0,618.0,-784.0
105.0,-520.0,70.0,-363.0,-177.0,174.0,93.0,188.0,533.0,-675.0
29.0,-539.0,145.0,-275.0,-124.0,-31.0,92.0,157.0,423.0,-464.0
-30.0,-373.0,119.0,-69.0,-76.0,-83.0,26.0,-5.0,265.0,-220.0
-40.0,-50.0,52.0,188.0,17.0,137.0,-75.0,-168.0,119.0,33.0
-35.0,271.0,-23.0,385.0,153.0,410.0,-126.0,-290.0,-28.0,279.0
-23.0,410.0,-75.0,387.0,138.0,421.0,-91.0,-221.0,-189.0,470.0
-34.0,733.0,-146.0,212.0,170.0,196.0,-14.0,-247.0,-309.0,599.0
-56.0,802.0,-141.0,-12.0,265.0,217.0,34.0,-103.0,-390.0,621.0
-53.0,741.0,-124.0,-135.0,185.0,235.0,131.0,62.0,-405.0,557.0
-56.0,674.0,-91.0,-117.0,59.0,205.0,305.0,173.0,-349.0,437.0
-3.0,329.0,-16.0,-66.0,16.0,270.0,412.0,336.0,-229.0,240.0
14.0,94.0,-3.0,44.0,-45.0,244.0,345.0,279.0,-62.0,-25.0
70.0,-71.0,22.0,77.0,-93.0,184.0,166.0,319.0,135.0,-306.0
74.0,-163.0,31.0,34.0,-144.0,87.0,-2.0,256.0,337.0,-540.0
79.0,-238.0,24.0,69.0,-159.0,172.0,-52.0,182.0,490.0,-723.0
115.0,-80.0,14.0,147.0,-51.0,221.0,-81.0,42.0,570.0,-818.0
160.0,-22.0,-36.0,233.0,75.0,14.0,-205.0,-181.0,568.0,-837.0
230.0,-257.0,-35.0,258.0,156.0,-33.0,-277.0,-297.0,502.0,-796.0
221.0,-317.0,14.0,253.0,163.0,20.0,-158.0,-532.0,378.0,-688.0
223.0,-488.0,45.0,183.0,152.0,4.0,48.0,-533.0,217.0,-533.0
116.0,-535.0,100.0,162.0,132.0,-29.0,145.0,-521.0,37.0,-316.0
36.0,-499.0,132.0,211.0,-32.0,3.0,163.0,-354.0,-140.0,-63.0
-13.0,-555.0,99.0,138.0,-243.0,62.0,146.0,-144.0,-293.0,213.0
-37.0,-198.0,105.0,31.0,-261.0,177.0,166.0,-186.0,-428.0,528.0
-10.0,112.0,84.0,8.0,-100.0,300.0,195.0,3.0,-521.0,812.0
15.0,372.0,48.0,-32.0,11.0,181.0,97.0,35.0,-551.0,1006.0
127.0,554.0,2.0,-136.0,95.0,170.0,-9.0,22.0,-489.0,1091.0
181.0,361.0,-78.0,-134.0,392.0,349.0,-31.0,-12.0,-363.0,1046.0
240.0,417.0,-120.0,-110.0,548.0,319.0,70.0,-177.0,-165.0,844.0
224.0,400.0,-172.0,-76.0,340.0,305.0,109.0,-199.0,99.0,533.0
237.0,110.0,-208.0,-55.0,157.0,447.0,49.0,-330.0,347.0,182.0
243.0,-259.0,-231.0,-96.0,-15.0,399.0,76.0,-360.0,584.0,-186.0
162.0,-351.0,-311.0,-50.0,-144.0,288.0,187.0,-428.0,766.0,-497.0
99.0,-475.0,-252.0,0.0,-195.0,325.0,302.0,-413.0,871.0,-702.0
64.0,-805.0,-167.0,147.0,-273.0,396.0,262.0,-206.0,882.0,-786.0
106.0,-735.0,-167.0,299.0,-250.0,418.0,191.0,-77.0,801.0,-761.0
96.0,-677.0,-15.0,259.0,-131.0,285.0,202.0,155.0,672.0,-640.0
82.0,-301.0,59.0,216.0,27.0,128.0,183.0,188.0,469.0,-411.0
40.0,5.0,139.0,122.0,-6.0,100.0,39.0,271.0,238.0,-162.0
44.0,218.0,242.0,-4.0,-59.0,56.0,-196.0,284.0,50.0,44.0
25.0,697.0,222.0,28.0,37.0,-72.0,-319.0,48.0,-127.0,215.0
-4.0,777.0,253.0,41.0,-47.0,35.0,-282.0,-134.0,-278.0,363.0
-4.0,699.0,196.0,-68.0,-176.0,224.0,-186.0,-408.0,-343.0,479.0
18.0,786.0,102.0,-135.0,-161.0,169.0,-171.0,-487.0,-383.0,543.0
85.0,736.0,26.0,-131.0,-20.0,49.0,-206.0,-607.0,-398.0,594.0
82.0,328.0,-74.0,-80.0,177.0,79.0,-171.0,-598.0,-380.0,611.0
137.0,243.0,-181.0,-72.0,252.0,227.0,-137.0,-386.0,-343.0,585.0
160.0,131.0,-254.0,-152.0,234.0,200.0,-238.0,-282.0,-244.0,532.0
167.0,-186.0,-259.0,-211.0,396.0,138.0,-433.0,-179.0,-122.0,444.0
116.0,-445.0,-302.0,-162.0,545.0,153.0,-522.0,-264.0,-8.0,342.0
109.0,-778.0,-253.0,28.0,407.0,206.0,-403.0,-109.0,108.0,254.0
150.0,-675.0,-200.0,199.0,227.0,62.0,-236.0,73.0,199.0,201.0
133.0,-591.0,-171.0,267.0,44.0,-149.0,-210.0,133.0,258.0,176.0
111.0,-593.0,-21.0,309.0,-136.0,53.0,-190.0,173.0,283.0,171.0
27.0,-374.0,1.0,190.0,-304.0,302.0,-24.0,-18.0,268.0,186.0
32.0,-336.0,78.0,52.0,-505.0,363.0,220.0,-121.0,221.0,209.0
49.0,-220.0,180.0,80.0,-640.0,252.0,363.0,-380.0,156.0,213.0
75.0,-64.0,131.0,147.0,-549.0,223.0,397.0,-489.0,121.0,205.0
52.0,-180.0,211.0,186.0,-407.0,298.0,417.0,-343.0,90.0,172.0
62.0,-12.0,189.0,290.0,-370.0,259.0,402.0,-229.0,45.0,142.0
95.0,277.0,90.0,404.0,-177.0,281.0,349.0,-12.0,42.0,117.0
62.0,326.0,92.0,411.0,102.0,324.0,221.0,12.0,31.0,99.0
20.0,484.0,5.0,297.0,255.0,431.0,113.0,25.0,21.0,142.0
-44.0,661.0,-78.0,33.0,281.0,525.0,125.0,-22.0,13.0,204.0
-37.0,660.0,-136.0,-221.0,374.0,467.0,201.0,-25.0,-24.0,271.0
-41.0,453.0,-227.0,-299.0,426.0,211.0,194.0,11.0,-50.0,321.0
-26.0,222.0,-196.0,-143.0,317.0,139.0,91.0,-77.0,-85.0,303.0
-17.0,-289.0,-81.0,116.0,236.0,367.0,111.0,-1.0,-128.0,216.0
31.0,-814.0,-90.0,369.0,87.0,288.0,238.0,-77.0,-141.0,59.0
78.0,-719.0,-74.0,463.0,-75.0,155.0,268.0,-90.0,-147.0,-105.0
95.0,-766.0,23.0,335.0,-101.0,233.0,112.0,-66.0,-137.0,-253.0
130.0,-922.0,56.0,191.0,-307.0,342.0,-79.0,-83.0,-109.0,-363.0
145.0,-511.0,29.0,156.0,-515.0,329.0,-225.0,57.0,-60.0,-388.0
177.0,30.0,42.0,231.0,-384.0,258.0,-402.0,-57.0,0.0,-347.0
144.0,111.0,60.0,291.0,-387.0,261.0,-549.0,-223.0,29.0,-258.0
119.0,386.0,37.0,328.0,-362.0,173.0,-523.0,-448.0,75.0,-160.0
101.0,869.0,83.0,357.0,-129.0,85.0,-359.0,-480.0,119.0,-97.0
106.0,915.0,136.0,341.0,34.0,-98.0,-263.0,-264.0,149.0,-38.0
106.0,1127.0,156.0,247.0,280.0,-125.0,-236.0,-136.0,189.0,-9.0
96.0,805.0,188.0,154.0,373.0,82.0,-238.0,53.0,190.0,15.0
83.0,77.0,197.0,-14.0,284.0,40.0,-239.0,42.0,178.0,50.0
78.0,0.0,165.0,-329.0,435.0,-118.0,-246.0,29.0,147.0,61.0
88.0,-330.0,111.0,-572.0,537.0,-130.0,-275.0,-40.0,82.0,62.0
68.0,-1048.0,62.0,-759.0,341.0,-25.0,-279.0,-86.0,7.0,44.0
93.0,-1213.0,51.0,-829.0,184.0,25.0,-313.0,-3.0,-52.0,10.0
84.0,-1024.0,27.0,-682.0,63.0,44.0,-302.0,-81.0,-104.0,-79.0
62.0,-786.0,-16.0,-419.0,-36.0,-43.0,-217.0,12.0,-159.0,-225.0
40.0,-115.0,-19.0,-273.0,-153.0,-173.0,-146.0,-46.0,-197.0,-370.0
65.0,414.0,-32.0,-292.0,-352.0,-125.0,-130.0,-155.0,-198.0,-494.0
120.0,803.0,-32.0,-325.0,-438.0,-52.0,-140.0,-125.0,-178.0,-568.0
158.0,1458.0,-10.0,-298.0,-400.0,25.0,-78.0,-57.0,-130.0,-565.0
130.0,1463.0,2.0,-43.0,-374.0,134.0,-1.0,79.0,-31.0,-465.0
70.0,755.0,-13.0,349.0,-398.0,123.0,29.0,-72.0,70.0,-282.0
29.0,395.0,0.0,660.0,-230.0,-71.0,-52.0,-125.0,167.0,-55.0
-57.0,-63.0,57.0,705.0,92.0,-185.0,-271.0,-194.0,244.0,193.0
-142.0,-765.0,74.0,555.0,234.0,-187.0,-366.0,-227.0,287.0,410.0
-244.0,-840.0,120.0,332.0,163.0,-218.0,-282.0,-120.0,299.0,555.0
-288.0,-692.0,148.0,57.0,223.0,-102.0,-248.0,-208.0,243.0,626.0
-310.0,-580.0,153.0,-88.0,364.0,-39.0,-230.0,-83.0,142.0,606.0
-311.0,-356.0,136.0,-190.0,332.0,-131.0,-145.0,-35.0,22.0,522.0
-321.0,120.0,93.0,-321.0,325.0,-149.0,16.0,-25.0,-127.0,383.0
-318.0,538.0,89.0,-456.0,174.0,-183.0,169.0,-70.0,-263.0,216.0
-263.0,635.0,41.0,-533.0,48.0,-286.0,285.0,-264.0,-368.0,64.0
-230.0,487.0,25.0,-449.0,80.0,-220.0,405.0,-293.0,-453.0,-58.0
-158.0,104.0,78.0,-252.0,-183.0,-77.0,388.0,-480.0,-491.0,-118.0
-115.0,-199.0,76.0,-11.0,-328.0,-88.0,293.0,-402.0,-502.0,-90.0
-78.0,-499.0,73.0,159.0,-206.0,-60.0,129.0,-210.0,-461.0,-1.0
-78.0,-1005.0,114.0,226.0,-193.0,-159.0,-56.0,-72.0,-389.0,137.0
-88.0,-1182.0,85.0,255.0,-89.0,-293.0,-160.0,205.0,-311.0,340.0
-88.0,-900.0,102.0,300.0,22.0,-238.0,-210.0,267.0,-199.0,512.0
-98.0,-815.0,170.0,426.0,20.0,-158.0,-260.0,306.0,-81.0,631.0
-87.0,-484.0,149.0,560.0,185.0,-129.0,-433.0,194.0,41.0,699.0
-104.0,125.0,232.0,530.0,163.0,-222.0,-571.0,79.0,141.0,648.0
-95.0,523.0,291.0,319.0,-101.0,-132.0,-564.0,-20.0,218.0,506.0
-92.0,702.0,283.0,40.0,-99.0,-101.0,-439.0,-24.0,261.0,309.0
-106.0,744.0,332.0,-123.0,-82.0,-169.0,-305.0,88.0,248.0,100.0
-136.0,513.0,269.0,-32.0,-163.0,-177.0,-261.0,-96.0,208.0,-82.0
-146.0,217.0,261.0,175.0,-203.0,-275.0,-218.0,-253.0,109.0,-211.0
-95.0,285.0,297.0,238.0,-209.0,-242.0,-164.0,-469.0,-24.0,-275.0
-67.0,104.0,240.0,110.0,-1.0,-290.0,-156.0,-572.0,-156.0,-283.0
-68.0,4.0,235.0,-136.0,117.0,-273.0,-247.0,-528.0,-278.0,-250.0
-82.0,206.0,231.0,-363.0,-32.0,-179.0,-366.0,-402.0,-361.0,-198.0
-105.0,391.0,176.0,-448.0,-35.0,-280.0,-370.0,3.0,-387.0,-149.0
-86.0,364.0,154.0,-326.0,26.0,-286.0,-285.0,290.0,-363.0,-121.0
-123.0,228.0,122.0,-10.0,65.0,-158.0,-260.0,596.0,-296.0,-118.0
-198.0,208.0,61.0,239.0,47.0,-41.0,-235.0,687.0,-160.0,-143.0
-227.0,-82.0,54.0,359.0,-86.0,12.0,-105.0,613.0,-4.0,-166.0
-234.0,-228.0,5.0,417.0,-7.0,82.0,63.0,569.0,143.0,-194.0
-233.0,-282.0,-8.0,348.0,46.0,63.0,148.0,266.0,274.0,-207.0
-264.0,-315.0,26.0,219.0,-119.0,-20.0,110.0,-36.0,354.0,-168.0
-262.0,-208.0,-3.0,52.0,-160.0,-52.0,65.0,-380.0,405.0,-87.0
-272.0,91.0,26.0,-80.0,-31.0,-43.0,71.0,-511.0,375.0,53.0
-281.0,488.0,30.0,-65.0,29.0,125.0,129.0,-469.0,283.0,235.0
-280.0,585.0,-10.0,27.0,-8.0,271.0,137.0,-386.0,159.0,411.0
-245.0,845.0,-16.0,147.0,-62.0,217.0,85.0,-166.0,-6.0,570.0
-139.0,910.0,-30.0,234.0,18.0,86.0,75.0,-44.0,-144.0,674.0
-46.0,601.0,-42.0,224.0,320.0,72.0,216.0,230.0,-281.0,699.0
57.0,330.0,-41.0,152.0,375.0,-61.0,478.0,297.0,-405.0,626.0
101.0,-126.0,-33.0,21.0,248.0,-116.0,621.0,312.0,-469.0,461.0
90.0,-516.0,-60.0,-130.0,381.0,150.0,638.0,474.0,-482.0,260.0
23.0,-1052.0,-44.0,-131.0,462.0,177.0,577.0,362.0,-439.0,41.0
-88.0,-1580.0,-39.0,48.0,320.0,137.0,355.0,253.0,-348.0,-153.0
-178.0,-1535.0,-98.0,244.0,253.0,164.0,-29.0,36.0,-218.0,-310.0
-227.0,-1325.0,-71.0,321.0,236.0,265.0,-367.0,25.0,-55.0,-392.0
-225.0,-927.0,-91.0,279.0,149.0,373.0,-497.0,118.0,127.0,-378.0
-205.0,-408.0,-114.0,206.0,-24.0,129.0,-567.0,51.0,293.0,-292.0
-115.0,302.0,-70.0,15.0,-296.0,-67.0,-666.0,9.0,456.0,-140.0
-24.0,814.0,-103.0,-239.0,-411.0,123.0,-696.0,-208.0,602.0,34.0
54.0,916.0,-85.0,-332.0,-367.0,425.0,-575.0,-253.0,658.0,211.0
120.0,1227.0,-59.0,-307.0,-366.0,245.0,-325.0,-388.0,664.0,326.0
136.0,1192.0,-65.0,-225.0,-386.0,39.0,-45.0,-515.0,617.0,386.0
147.0,799.0,-15.0,-13.0,-275.0,200.0,138.0,-415.0,510.0,400.0
172.0,324.0,32.0,204.0,-29.0,179.0,230.0,-319.0,369.0,355.0
209.0,-4.0,74.0,318.0,150.0,184.0,283.0,9.0,209.0,291.0
241.0,-187.0,128.0,332.0,224.0,146.0,297.0,229.0,58.0,221.0
218.0,-333.0,193.0,144.0,285.0,12.0,224.0,419.0,-105.0,175.0
152.0,-224.0,221.0,-125.0,344.0,108.0,51.0,465.0,-236.0,162.0
96.0,-181.0,282.0,-270.0,307.0,239.0,-136.0,301.0,-344.0,196.0
5.0,-192.0,311.0,-176.0,134.0,119.0,-205.0,254.0,-414.0,273.0
-79.0,-91.0,254.0,55.0,-34.0,-36.0,-141.0,96.0,-416.0,380.0
-136.0,127.0,274.0,226.0,28.0,12.0,-115.0,48.0,-377.0,484.0
-128.0,29.0,218.0,218.0,90.0,-79.0,-103.0,16.0,-278.0,575.0
-107.0,-143.0,168.0,-66.0,-44.0,-198.0,-91.0,-11.0,-175.0,621.0
-62.0,-333.0,155.0,-453.0,-96.0,-160.0,-53.0,7.0,-63.0,599.0
-9.0,-673.0,59.0,-703.0,-30.0,-71.0,38.0,-64.0,34.0,520.0
25.0,-734.0,52.0,-705.0,-28.0,28.0,51.0,-92.0,82.0,347.0
57.0,-885.0,16.0,-556.0,-187.0,92.0,5.0,-205.0,87.0,128.0
23.0,-662.0,-7.0,-318.0,-306.0,82.0,-63.0,-177.0,48.0,-111.0
9.0,-251.0,77.0,-19.0,-214.0,47.0,-177.0,-212.0,-19.0,-329.0
-8.0,18.0,53.0,185.0,-86.0,90.0,-316.0,-321.0,-110.0,-490.0
-3.0,838.0,50.0,254.0,-125.0,-125.0,-372.0,-262.0,-186.0,-574.0
-17.0,1647.0,167.0,230.0,-158.0,-164.0,-337.0,-214.0,-244.0,-568.0
-58.0,1670.0,176.0,248.0,18.0,58.0,-209.0,36.0,-275.0,-494.0
-115.0,1647.0,226.0,383.0,158.0,-74.0,-35.0,195.0,-257.0,-351.0
-169.0,1811.0,294.0,580.0,116.0,-166.0,60.0,245.0,-209.0,-205.0
-203.0,934.0,250.0,674.0,40.0,-209.0,192.0,249.0,-168.0,-78.0
-254.0,-40.0,278.0,650.0,46.0,-237.0,395.0,171.0,-100.0,2.0
-275.0,-493.0,249.0,625.0,172.0,-156.0,598.0,94.0,-52.0,17.0
-280.0,-1281.0,168.0,518.0,269.0,-56.0,662.0,-162.0,-64.0,-26.0
-216.0,-1671.0,154.0,190.0,104.0,109.0,575.0,-160.0,-77.0,-153.0
-133.0,-1449.0,84.0,-312.0,-12.0,198.0,451.0,-208.0,-118.0,-302.0
-23.0,-1210.0,25.0,-720.0,138.0,144.0,333.0,-295.0,-150.0,-437.0
59.0,-1122.0,0.0,-968.0,94.0,-58.0,250.0,-181.0,-131.0,-532.0
104.0,-754.0,-80.0,-997.0,-218.0,-27.0,162.0,-127.0,-84.0,-562.0
99.0,174.0,-73.0,-688.0,-297.0,142.0,119.0,116.0,-8.0,-520.0
71.0,504.0,-50.0,-245.0,-214.0,85.0,134.0,267.0,92.0,-403.0
57.0,391.0,-90.0,48.0,-171.0,101.0,175.0,424.0,177.0,-233.0
17.0,786.0,-4.0,74.0,-84.0,230.0,144.0,454.0,239.0,-34.0
-10.0,770.0,-7.0,89.0,-123.0,282.0,-26.0,325.0,245.0,187.0
-85.0,338.0,-23.0,223.0,-44.0,274.0,-215.0,310.0,194.0,421.0
-135.0,-91.0,77.0,428.0,191.0,236.0,-336.0,73.0,117.0,624.0
-187.0,-133.0,25.0,717.0,130.0,118.0,-440.0,9.0,-10.0,763.0
-209.0,-12.0,41.0,920.0,5.0,143.0,-587.0,-5.0,-102.0,805.0
-207.0,-123.0,82.0,950.0,150.0,197.0,-623.0,-42.0,-187.0,730.0
-158.0,-14.0,-12.0,807.0,169.0,-12.0,-503.0,-20.0,-291.0,535.0
-78.0,-358.0,-15.0,563.0,55.0,-33.0,-322.0,-49.0,-358.0,250.0
-49.0,-249.0,-53.0,339.0,29.0,104.0,-194.0,86.0,-429.0,-68.0
-45.0,281.0,-115.0,214.0,-31.0,73.0,-137.0,64.0,-492.0,-374.0
-99.0,63.0,-115.0,108.0,62.0,125.0,-60.0,168.0,-534.0,-607.0
-137.0,-82.0,-172.0,-17.0,140.0,341.0,63.0,249.0,-552.0,-725.0
-142.0,-86.0,-193.0,-159.0,-39.0,499.0,149.0,169.0,-539.0,-715.0
-110.0,-220.0,-156.0,-324.0,-58.0,338.0,58.0,253.0,-493.0,-601.0
-94.0,-407.0,-130.0,-439.0,115.0,35.0,-32.0,166.0,-439.0,-419.0
-60.0,-472.0,-106.0,-458.0,21.0,-10.0,-32.0,214.0,-342.0,-183.0
-25.0,-362.0,-39.0,-308.0,-119.0,212.0,-67.0,232.0,-220.0,66.0
-1.0,-217.0,-13.0,-192.0,-39.0,250.0,-216.0,173.0,-99.0,280.0
-9.0,-279.0,0.0,-177.0,-2.0,-31.0,-426.0,138.0,47.0,481.0
-46.0,-60.0,37.0,-220.0,-50.0,-11.0,-513.0,-35.0,165.0,649.0
-59.0,483.0,18.0,-332.0,-53.0,198.0,-370.0,-46.0,259.0,744.0
-101.0,697.0,58.0,-283.0,-46.0,13.0,-93.0,-92.0,306.0,765.0
-114.0,802.0,80.0,11.0,23.0,-246.0,148.0,1.0,297.0,712.0
-122.0,697.0,42.0,325.0,174.0,47.0,348.0,68.0,255.0,599.0
-80.0,804.0,93.0,499.0,-3.0,250.0,526.0,72.0,167.0,421.0
-35.0,911.0,103.0,441.0,-147.0,29.0,644.0,105.0,71.0,194.0
-13.0,675.0,72.0,200.0,84.0,54.0,575.0,-72.0,4.0,-32.0
-17.0,482.0,108.0,6.0,98.0,91.0,338.0,-11.0,-39.0,-237.0
-50.0,254.0,42.0,-113.0,-22.0,141.0,89.0,62.0,-73.0,-399.0
-71.0,225.0,5.0,-80.0,11.0,219.0,-88.0,110.0,-72.0,-478.0
-96.0,45.0,23.0,89.0,43.0,163.0,-261.0,118.0,-48.0,-465.0
-51.0,-505.0,-38.0,294.0,124.0,72.0,-415.0,109.0,-25.0,-374.0
-7.0,-778.0,-26.0,460.0,121.0,102.0,-442.0,210.0,-3.0,-197.0
49.0,-718.0,-45.0,427.0,-87.0,251.0,-336.0,127.0,-5.0,53.0
79.0,-1008.0,-42.0,200.0,-30.0,158.0,-85.0,192.0,-35.0,323.0
127.0,-1001.0,-17.0,-147.0,41.0,179.0,110.0,232.0,-64.0,567.0
166.0,-558.0,-44.0,-486.0,-283.0,161.0,174.0,299.0,-82.0,760.0
153.0,-390.0,-54.0,-634.0,-378.0,32.0,180.0,367.0,-110.0,868.0
134.0,-94.0,-48.0,-555.0,-206.0,153.0,168.0,229.0,-119.0,874.0
48.0,68.0,-40.0,-328.0,-198.0,141.0,115.0,92.0,-96.0,798.0
-6.0,243.0,-13.0,-84.0,-262.0,88.0,-31.0,-212.0,-74.0,663.0
-84.0,531.0,44.0,85.0,-306.0,52.0,-116.0,-286.0,-12.0,509.0
-123.0,402.0,49.0,238.0,-190.0,75.0,-73.0,-343.0,52.0,346.0
-184.0,446.0,92.0,266.0,64.0,208.0,90.0,-426.0,77.0,200.0
-211.0,522.0,84.0,69.0,133.0,306.0,264.0,-208.0,119.0,95.0
-155.0,27.0,65.0,-176.0,39.0,509.0,386.0,0.0,146.0,-5.0
-137.0,-393.0,68.0,-216.0,195.0,396.0,510.0,308.0,125.0,-108.0
-75.0,-535.0,12.0,-58.0,430.0,264.0,543.0,371.0,95.0,-221.0
-63.0,-647.0,5.0,50.0,253.0,350.0,439.0,295.0,62.0,-346.0
-56.0,-739.0,-28.0,25.0,79.0,229.0,255.0,186.0,12.0,-490.0
-108.0,-809.0,-40.0,-176.0,130.0,208.0,20.0,7.0,-20.0,-619.0
-182.0,-771.0,-77.0,-493.0,47.0,-17.0,-272.0,-33.0,-43.0,-689.0
-234.0,-295.0,-81.0,-715.0,-85.0,-233.0,-535.0,-240.0,-47.0,-728.0
-263.0,249.0,-58.0,-678.0,-210.0,-30.0,-736.0,-144.0,-19.0,-742.0
-203.0,81.0,-85.0,-469.0,-279.0,203.0,-889.0,-70.0,-2.0,-721.0
-154.0,148.0,-26.0,-209.0,-162.0,273.0,-924.0,-221.0,43.0,-638.0
-57.0,342.0,-22.0,35.0,-143.0,232.0,-785.0,-201.0,79.0,-524.0
-2.0,45.0,-23.0,105.0,-325.0,233.0,-565.0,-267.0,102.0,-400.0
23.0,200.0,34.0,101.0,-209.0,33.0,-384.0,-120.0,148.0,-249.0
9.0,507.0,16.0,33.0,27.0,-104.0,-195.0,-22.0,185.0,-103.0
-28.0,741.0,57.0,-112.0,25.0,-93.0,88.0,75.0,214.0,23.0
-69.0,1074.0,79.0,-74.0,169.0,-33.0,391.0,129.0,196.0,106.0
-144.0,854.0,54.0,99.0,259.0,219.0,576.0,-79.0,150.0,136.0
-147.0,159.0,129.0,231.0,257.0,331.0,651.0,-112.0,77.0,123.0
-151.0,-191.0,105.0,236.0,436.0,298.0,647.0,-90.0,-23.0,61.0
-116.0,-364.0,44.0,121.0,359.0,324.0,631.0,123.0,-135.0,-35.0
-108.0,-1118.0,33.0,28.0,176.0,283.0,627.0,249.0,-262.0,-123.0
-106.0,-1589.0,-55.0,-36.0,219.0,102.0,523.0,280.0,-379.0,-178.0
-92.0,-1385.0,-91.0,-36.0,126.0,185.0,335.0,332.0,-442.0,-214.0
-71.0,-1131.0,-128.0,-69.0,-159.0,331.0,233.0,203.0,-447.0,-189.0
-19.0,-587.0,-195.0,-254.0,-377.0,172.0,244.0,179.0,-415.0,-93.0
-22.0,74.0,-159.0,-483.0,-383.0,95.0,192.0,18.0,-315.0,-6.0
-6.0,476.0,-153.0,-622.0,-248.0,62.0,49.0,-68.0,-188.0,54.0
18.0,640.0,-145.0,-588.0,-317.0,45.0,-54.0,-68.0,-56.0,82.0
83.0,844.0,-62.0,-410.0,-363.0,95.0,-77.0,-138.0,96.0,67.0
114.0,974.0,-46.0,-107.0,-119.0,79.0,-120.0,-36.0,219.0,23.0
163.0,978.0,17.0,142.0,43.0,187.0,-225.0,-14.0,307.0,-58.0
223.0,935.0,110.0,128.0,79.0,357.0,-295.0,66.0,361.0,-130.0
227.0,578.0,116.0,38.0,52.0,414.0,-231.0,77.0,377.0,-151.0
182.0,107.0,141.0,57.0,69.0,424.0,-29.0,-27.0,347.0,-127.0
95.0,-313.0,173.0,104.0,206.0,471.0,177.0,-157.0,284.0,-51.0
31.0,-511.0,163.0,145.0,224.0,371.0,279.0,-216.0,223.0,82.0
-46.0,-574.0,146.0,261.0,164.0,131.0,281.0,-7.0,122.0,249.0
-79.0,-669.0,144.0,421.0,165.0,152.0,233.0,-22.0,7.0,398.0
-130.0,-474.0,111.0,449.0,200.0,143.0,48.0,3.0,-86.0,508.0
-158.0,-188.0,59.0,287.0,109.0,-72.0,-268.0,48.0,-184.0,592.0
-169.0,-213.0,35.0,59.0,-70.0,-131.0,-519.0,59.0,-260.0,607.0
-143.0,109.0,-16.0,3.0,-129.0,-101.0,-596.0,219.0,-307.0,534.0
-78.0,517.0,-41.0,29.0,-50.0,-155.0,-592.0,192.0,-307.0,413.0
7.0,289.0,-78.0,-58.0,1.0,-204.0,-598.0,341.0,-265.0,240.0
139.0,57.0,-136.0,-296.0,-169.0,-189.0,-539.0,458.0,-203.0,11.0
205.0,67.0,-109.0,-582.0,-297.0,-285.0,-400.0,558.0,-89.0,-232.0
274.0,489.0,-156.0,-655.0,-163.0,-356.0,-182.0,582.0,38.0,-454.0
281.0,612.0,-179.0,-597.0,-93.0,-265.0,26.0,402.0,143.0,-671.0
291.0,691.0,-125.0,-415.0,-160.0,-250.0,159.0,312.0,227.0,-853.0
279.0,1137.0,-157.0,-266.0,-151.0,-298.0,283.0,18.0,304.0,-955.0
230.0,565.0,-119.0,-217.0,-6.0,-362.0,378.0,-35.0,330.0,-962.0
182.0,166.0,-47.0,-186.0,279.0,-301.0,455.0,-88.0,290.0,-874.0
93.0,49.0,-36.0,-197.0,303.0,-211.0,411.0,-168.0,249.0,-708.0
44.0,-651.0,18.0,34.0,95.0,-281.0,266.0,49.0,171.0,-447.0
-30.0,-974.0,46.0,426.0,286.0,-185.0,154.0,125.0,62.0,-133.0
-90.0,-1091.0,68.0,685.0,448.0,20.0,155.0,210.0,-8.0,188.0
-122.0,-1111.0,116.0,607.0,199.0,39.0,239.0,181.0,-72.0,462.0
-91.0,-1334.0,77.0,307.0,4.0,-45.0,224.0,216.0,-109.0,646.0
-45.0,-773.0,48.0,24.0,67.0,-95.0,200.0,245.0,-100.0,712.0
-48.0,206.0,46.0,-200.0,172.0,-62.0,261.0,188.0,-105.0,612.0
-29.0,-139.0,-9.0,-256.0,92.0,45.0,319.0,218.0,-97.0,401.0
-20.0,196.0,-48.0,-247.0,-104.0,-52.0,284.0,42.0,-93.0,123.0
-22.0,989.0,-43.0,-325.0,-137.0,-157.0,169.0,-16.0,-137.0,-213.0
-6.0,1127.0,-82.0,-536.0,49.0,58.0,5.0,-116.0,-197.0,-538.0
48.0,1362.0,-117.0,-698.0,-38.0,65.0,-165.0,-179.0,-249.0,-761.0
120.0,1318.0,-116.0,-648.0,-328.0,-290.0,-300.0,-110.0,-267.0,-859.0
189.0,1041.0,-150.0,-366.0,-284.0,-250.0,-472.0,-99.0,-264.0,-853.0
227.0,477.0,-131.0,5.0,-46.0,71.0,-650.0,129.0,-223.0,-761.0
243.0,-29.0,-125.0,126.0,-56.0,173.0,-736.0,218.0,-146.0,-585.0
241.0,-397.0,-112.0,38.0,-281.0,292.0,-627.0,373.0,-55.0,-379.0
209.0,-965.0,-69.0,-146.0,-271.0,105.0,-411.0,491.0,36.0,-229.0
163.0,-1151.0,-71.0,-331.0,-86.0,-87.0,-220.0,434.0,127.0,-128.0
117.0,-1322.0,-44.0,-426.0,15.0,-14.0,-94.0,384.0,204.0,-70.0
84.0,-1359.0,1.0,-252.0,4.0,-95.0,4.0,44.0,241.0,-60.0
7.0,-683.0,32.0,209.0,42.0,-74.0,104.0,-179.0,274.0,-65.0
-98.0,-416.0,53.0,604.0,303.0,75.0,76.0,-352.0,255.0,-17.0
-197.0,-121.0,99.0,740.0,387.0,96.0,-52.0,-363.0,201.0,80.0
-260.0,398.0,106.0,505.0,125.0,-104.0,-174.0,-243.0,160.0,183.0
-264.0,295.0,95.0,126.0,-39.0,-139.0,-223.0,-266.0,111.0,304.0
-209.0,351.0,69.0,-242.0,17.0,-141.0,-258.0,-164.0,64.0,430.0
-95.0,415.0,33.0,-424.0,3.0,-280.0,-336.0,-160.0,27.0,486.0
-42.0,534.0,23.0,-352.0,-157.0,-278.0,-345.0,-27.0,26.0,445.0
-35.0,543.0,-25.0,-255.0,-351.0,-406.0,-154.0,55.0,13.0,346.0
-65.0,386.0,-75.0,-236.0,-360.0,-390.0,127.0,46.0,-2.0,196.0
-116.0,477.0,-135.0,-267.0,-109.0,-45.0,294.0,16.0,-3.0,11.0
-118.0,395.0,-161.0,-297.0,-131.0,63.0,314.0,-290.0,-26.0,-209.0
-104.0,627.0,-205.0,-453.0,-380.0,31.0,222.0,-378.0,-44.0,-415.0
-31.0,468.0,-215.0,-582.0,-231.0,114.0,160.0,-362.0,-70.0,-553.0
52.0,-348.0,-189.0,-601.0,65.0,-23.0,55.0,-223.0,-98.0,-673.0
101.0,-534.0,-207.0,-401.0,0.0,-167.0,-95.0,-46.0,-82.0,-739.0
84.0,-478.0,-149.0,-100.0,-129.0,-120.0,-207.0,-1.0,-74.0,-699.0
37.0,-851.0,-146.0,111.0,63.0,-187.0,-268.0,44.0,-92.0,-585.0
4.0,-1079.0,-146.0,214.0,285.0,-225.0,-263.0,-53.0,-88.0,-437.0
-22.0,-786.0,-84.0,142.0,269.0,-22.0,-278.0,24.0,-93.0,-234.0
-3.0,-528.0,-46.0,142.0,119.0,35.0,-239.0,86.0,-112.0,-14.0
-3.0,-578.0,-2.0,102.0,90.0,-206.0,-174.0,195.0,-137.0,179.0
24.0,-508.0,7.0,76.0,258.0,-141.0,-124.0,306.0,-154.0,326.0
34.0,-314.0,-20.0,176.0,252.0,94.0,-76.0,125.0,-168.0,397.0
-7.0,-3.0,-37.0,261.0,-66.0,162.0,-69.0,25.0,-182.0,400.0
-43.0,159.0,-52.0,347.0,-198.0,33.0,-105.0,-73.0,-163.0,295.0
-92.0,22.0,-86.0,325.0,-45.0,-161.0,-84.0,1.0,-142.0,146.0
-97.0,243.0,-84.0,187.0,-59.0,-49.0,-15.0,40.0,-128.0,-13.0
-84.0,535.0,-117.0,13.0,-167.0,-83.0,4.0,-72.0,-95.0,-195.0
-25.0,488.0,-102.0,-198.0,-268.0,-219.0,-9.0,-86.0,-53.0,-347.0
49.0,272.0,-43.0,-382.0,-169.0,-171.0,-59.0,-190.0,-9.0,-445.0
137.0,440.0,-66.0,-458.0,113.0,-83.0,-9.0,-40.0,43.0,-464.0
214.0,335.0,-1.0,-425.0,-44.0,-11.0,63.0,110.0,82.0,-404.0
201.0,-60.0,13.0,-355.0,-180.0,-120.0,65.0,256.0,114.0,-258.0
184.0,31.0,-33.0,-390.0,48.0,-47.0,67.0,380.0,162.0,-37.0
149.0,-191.0,0.0,-329.0,136.0,76.0,78.0,175.0,181.0,253.0
118.0,-204.0,-37.0,-83.0,44.0,66.0,77.0,-12.0,191.0,548.0
100.0,-103.0,-79.0,38.0,-98.0,131.0,-1.0,-369.0,233.0,797.0
94.0,-400.0,-61.0,-14.0,-62.0,81.0,-63.0,-498.0,271.0,992.0
105.0,-430.0,-68.0,-64.0,81.0,108.0,-17.0,-336.0,315.0,1075.0
66.0,2.0,-85.0,1.0,-22.0,2.0,105.0,-101.0,343.0,1027.0
-2.0,-84.0,-76.0,200.0,-201.0,-272.0,158.0,247.0,363.0,866.0
-81.0,-581.0,-92.0,432.0,-23.0,-100.0,148.0,325.0,379.0,640.0
-148.0,-36.0,-96.0,598.0,225.0,26.0,156.0,262.0,331.0,355.0
-167.0,317.0,-66.0,547.0,133.0,-246.0,188.0,-53.0,282.0,28.0
-119.0,70.0,-50.0,184.0,-43.0,-303.0,207.0,-341.0,216.0,-284.0
-69.0,160.0,-49.0,-221.0,-73.0,-101.0,93.0,-500.0,123.0,-525.0
-50.0,105.0,-74.0,-550.0,10.0,-2.0,-110.0,-519.0,59.0,-716.0
-65.0,-88.0,-95.0,-716.0,-27.0,79.0,-325.0,-269.0,-8.0,-853.0
-90.0,-247.0,-119.0,-636.0,-210.0,43.0,-467.0,-212.0,-67.0,-909.0
-76.0,-334.0,-183.0,-470.0,-262.0,-170.0,-554.0,-12.0,-116.0,-926.0
-73.0,-119.0,-198.0,-359.0,-95.0,-90.0,-713.0,77.0,-158.0,-891.0
-41.0,132.0,-184.0,-322.0,39.0,20.0,-864.0,81.0,-181.0,-818.0
6.0,394.0,-232.0,-271.0,-57.0,-41.0,-834.0,221.0,-175.0,-721.0
60.0,406.0,-186.0,-168.0,-123.0,43.0,-596.0,157.0,-161.0,-618.0
116.0,331.0,-184.0,-17.0,78.0,54.0,-253.0,208.0,-144.0,-511.0
128.0,738.0,-191.0,129.0,203.0,10.0,49.0,142.0,-115.0,-391.0
137.0,456.0,-117.0,259.0,52.0,271.0,272.0,-27.0,-93.0,-277.0
130.0,-121.0,-117.0,290.0,-10.0,397.0,467.0,-142.0,-71.0,-174.0
115.0,-239.0,-45.0,106.0,131.0,62.0,570.0,-144.0,-59.0,-103.0
101.0,-412.0,0.0,-140.0,370.0,8.0,559.0,-14.0,-74.0,-54.0
123.0,-720.0,7.0,-315.0,307.0,185.0,447.0,-72.0,-101.0,-43.0
185.0,-1015.0,43.0,-346.0,88.0,177.0,334.0,-29.0,-170.0,-72.0
191.0,-612.0,94.0,-194.0,195.0,191.0,273.0,-134.0,-249.0,-117.0
162.0,-389.0,141.0,-60.0,175.0,89.0,121.0,-201.0,-302.0,-199.0
148.0,-456.0,142.0,-11.0,-59.0,9.0,-87.0,-33.0,-351.0,-297.0
132.0,-39.0,154.0,17.0,-259.0,255.0,-174.0,-16.0,-363.0,-369.0
121.0,360.0,148.0,-76.0,-326.0,384.0,-52.0,129.0,-371.0,-411.0
119.0,760.0,129.0,-287.0,-179.0,131.0,75.0,129.0,-365.0,-431.0
145.0,1059.0,111.0,-408.0,-193.0,56.0,119.0,38.0,-328.0,-440.0
172.0,929.0,74.0,-370.0,-433.0,150.0,194.0,-120.0,-295.0,-428.0
177.0,733.0,21.0,-417.0,-321.0,220.0,304.0,-267.0,-242.0,-407.0
199.0,748.0,1.0,-561.0,9.0,429.0,377.0,-194.0,-178.0,-392.0
240.0,425.0,-24.0,-470.0,21.0,382.0,327.0,-269.0,-109.0,-365.0
287.0,-31.0,-37.0,-166.0,-64.0,41.0,240.0,-249.0,-44.0,-284.0
285.0,-202.0,-16.0,131.0,7.0,-92.0,189.0,-258.0,1.0,-143.0
246.0,-321.0,-12.0,337.0,221.0,-94.0,149.0,-199.0,14.0,13.0
220.0,-490.0,15.0,370.0,288.0,-254.0,105.0,-55.0,15.0,189.0
180.0,-440.0,9.0,281.0,69.0,-197.0,109.0,16.0,4.0,387.0
132.0,-180.0,26.0,96.0,11.0,-69.0,124.0,131.0,-34.0,556.0
91.0,-176.0,88.0,-176.0,142.0,-230.0,78.0,83.0,-60.0,680.0
56.0,-22.0,142.0,-352.0,81.0,-163.0,87.0,164.0,-80.0,754.0
32.0,-67.0,186.0,-375.0,-11.0,-63.0,96.0,62.0,-81.0,749.0
9.0,-238.0,158.0,-239.0,-14.0,-261.0,37.0,-125.0,-47.0,677.0
23.0,72.0,149.0,-34.0,36.0,-217.0,7.0,-199.0,-1.0,552.0
73.0,-44.0,150.0,79.0,126.0,-76.0,20.0,-365.0,60.0,403.0
123.0,-355.0,117.0,47.0,-44.0,-160.0,3.0,-336.0,127.0,235.0
156.0,-129.0,88.0,-29.0,-144.0,-33.0,-43.0,-393.0,186.0,54.0
147.0,242.0,36.0,-55.0,-47.0,-82.0,-105.0,-384.0,220.0,-82.0
120.0,383.0,-11.0,-31.0,-113.0,-310.0,-160.0,-319.0,211.0,-176.0
105.0,600.0,-64.0,94.0,-184.0,-83.0,-141.0,-303.0,174.0,-224.0
125.0,708.0,-58.0,221.0,-283.0,77.0,-65.0,-166.0,118.0,-234.0
143.0,489.0,-63.0,288.0,-235.0,30.0,29.0,-64.0,44.0,-211.0
179.0,523.0,-45.0,231.0,-15.0,-49.0,115.0,184.0,-40.0,-144.0
209.0,141.0,29.0,52.0,-20.0,-87.0,193.0,199.0,-83.0,-61.0
181.0,-382.0,39.0,-182.0,-108.0,-15.0,210.0,118.0,-101.0,58.0
96.0,-342.0,81.0,-361.0,36.0,-47.0,207.0,107.0,-111.0,211.0
-38.0,-535.0,136.0,-329.0,390.0,-99.0,218.0,-79.0,-60.0,380.0
-156.0,-839.0,167.0,-247.0,420.0,-123.0,210.0,-60.0,16.0,545.0
-239.0,-886.0,217.0,-222.0,172.0,50.0,199.0,-127.0,100.0,688.0
-274.0,-765.0,222.0,-215.0,236.0,79.0,130.0,-192.0,180.0,774.0
-303.0,-717.0,182.0,-217.0,383.0,-326.0,99.0,-238.0,232.0,739.0
-281.0,-672.0,170.0,-201.0,234.0,-350.0,155.0,-321.0,255.0,600.0
-233.0,-637.0,97.0,-125.0,19.0,-162.0,202.0,-238.0,253.0,345.0
-236.0,-331.0,45.0,-6.0,-57.0,-222.0,214.0,-182.0,226.0,-10.0
-254.0,368.0,16.0,117.0,-123.0,-139.0,215.0,84.0,181.0,-411.0
-277.0,558.0,-72.0,195.0,-168.0,-97.0,188.0,129.0,147.0,-821.0
-274.0,774.0,-82.0,109.0,-279.0,-89.0,180.0,68.0,107.0,-1140.0
-270.0,1359.0,-136.0,-121.0,-339.0,-29.0,250.0,114.0,82.0,-1318.0
-220.0,1376.0,-237.0,-307.0,-185.0,-154.0,280.0,59.0,80.0,-1360.0
-141.0,626.0,-213.0,-221.0,-149.0,-300.0,255.0,179.0,69.0,-1230.0
-109.0,203.0,-189.0,51.0,-131.0,-250.0,227.0,46.0,54.0,-922.0
-146.0,260.0,-192.0,215.0,-24.0,-283.0,229.0,-75.0,19.0,-491.0
-223.0,-48.0,-115.0,178.0,79.0,-513.0,204.0,-194.0,-14.0,-2.0
-278.0,-352.0,-105.0,16.0,150.0,-203.0,141.0,-456.0,-66.0,478.0
-315.0,-451.0,-93.0,-171.0,78.0,-8.0,88.0,-587.0,-127.0,874.0
-295.0,-331.0,-35.0,-245.0,39.0,-359.0,65.0,-641.0,-163.0,1148.0
-259.0,-161.0,-52.0,-136.0,136.0,-316.0,99.0,-314.0,-172.0,1268.0
-189.0,19.0,8.0,39.0,180.0,-231.0,114.0,-9.0,-156.0,1216.0
-104.0,259.0,18.0,128.0,101.0,-263.0,89.0,157.0,-114.0,1002.0
-50.0,627.0,-39.0,109.0,0.0,-179.0,2.0,229.0,-39.0,655.0
-17.0,745.0,-51.0,-15.0,-23.0,-227.0,-14.0,181.0,1.0,259.0
7.0,199.0,-109.0,-195.0,34.0,-436.0,63.0,188.0,48.0,-137.0
75.0,48.0,-170.0,-352.0,-49.0,-449.0,113.0,-60.0,92.0,-513.0
138.0,-18.0,-223.0,-393.0,-142.0,-498.0,179.0,-227.0,87.0,-817.0
204.0,-449.0,-280.0,-217.0,-105.0,-622.0,234.0,-312.0,86.0,-1003.0
274.0,-705.0,-308.0,-13.0,-133.0,-402.0,243.0,-393.0,42.0,-1067.0
307.0,-862.0,-316.0,93.0,-169.0,-254.0,173.0,-391.0,-21.0,-1005.0
305.0,-993.0,-323.0,98.0,-178.0,-197.0,151.0,-509.0,-67.0,-843.0
272.0,-794.0,-323.0,5.0,-153.0,-225.0,202.0,-408.0,-114.0,-603.0
229.0,-450.0,-306.0,-161.0,-25.0,-368.0,294.0,-221.0,-127.0,-307.0
202.0,-294.0,-280.0,-314.0,72.0,-451.0,374.0,42.0,-131.0,16.0
174.0,216.0,-223.0,-255.0,-38.0,-314.0,302.0,245.0,-136.0,332.0
157.0,241.0,-145.0,-132.0,-15.0,-187.0,154.0,203.0,-90.0,590.0
163.0,-310.0,-55.0,-37.0,205.0,-250.0,-2.0,195.0,-36.0,773.0
169.0,-283.0,13.0,98.0,189.0,14.0,-166.0,134.0,10.0,831.0
150.0,-105.0,58.0,157.0,79.0,89.0,-344.0,123.0,46.0,764.0
95.0,15.0,96.0,186.0,102.0,-106.0,-470.0,-16.0,59.0,585.0
42.0,106.0,97.0,177.0,136.0,-16.0,-519.0,-101.0,72.0,291.0
16.0,196.0,54.0,16.0,102.0,78.0,-465.0,-129.0,80.0,-63.0
20.0,134.0,-26.0,-141.0,2.0,20.0,-335.0,-314.0,103.0,-390.0
26.0,248.0,-129.0,-171.0,-66.0,-68.0,-238.0,-164.0,121.0,-636.0
1.0,649.0,-254.0,2.0,59.0,-60.0,-171.0,-44.0,141.0,-808.0
-31.0,304.0,-307.0,301.0,146.0,-91.0,-112.0,40.0,170.0,-854.0
-14.0,94.0,-384.0,507.0,-42.0,-4.0,-12.0,7.0,165.0,-773.0
-3.0,35.0,-423.0,530.0,-171.0,143.0,69.0,-72.0,159.0,-585.0
-14.0,-416.0,-376.0,377.0,-57.0,-4.0,138.0,83.0,152.0,-339.0
-12.0,-258.0,-373.0,236.0,7.0,1.0,224.0,77.0,132.0,-86.0
-6.0,167.0,-291.0,74.0,-47.0,-28.0,345.0,254.0,97.0,162.0
-4.0,246.0,-213.0,-142.0,-56.0,-292.0,465.0,288.0,67.0,336.0
-19.0,11.0,-143.0,-335.0,9.0,-212.0,512.0,203.0,30.0,434.0
-5.0,-3.0,-32.0,-480.0,96.0,-114.0,536.0,144.0,-3.0,467.0
-13.0,176.0,32.0,-438.0,77.0,-181.0,532.0,-38.0,-35.0,448.0
-9.0,159.0,75.0,-262.0,-62.0,-205.0,470.0,118.0,-74.0,356.0
-28.0,120.0,168.0,-73.0,-28.0,-335.0,279.0,194.0,-74.0,214.0
-75.0,208.0,191.0,115.0,159.0,-363.0,31.0,197.0,-71.0,90.0
-77.0,41.0,214.0,252.0,89.0,-205.0,-138.0,59.0,-45.0,-59.0
-88.0,-412.0,277.0,264.0,0.0,-287.0,-158.0,-303.0,-16.0,-213.0
-61.0,-510.0,234.0,112.0,81.0,-533.0,-177.0,-572.0,20.0,-329.0
-41.0,-507.0,246.0,-156.0,54.0,-610.0,-264.0,-803.0,80.0,-399.0
-44.0,-380.0,221.0,-352.0,26.0,-610.0,-271.0,-589.0,119.0,-409.0
-64.0,-155.0,187.0,-311.0,-20.0,-640.0,-229.0,-173.0,167.0,-371.0
-82.0,-306.0,162.0,-122.0,-56.0,-658.0,-162.0,218.0,206.0,-259.0
-101.0,-366.0,107.0,-3.0,111.0,-507.0,-211.0,436.0,248.0,-80.0
-133.0,-148.0,94.0,-114.0,68.0,-418.0,-316.0,291.0,262.0,122.0
-174.0,-47.0,39.0,-390.0,-225.0,-486.0,-355.0,134.0,264.0,316.0
-216.0,-81.0,51.0,-584.0,-203.0,-457.0,-341.0,-14.0,292.0,463.0
-199.0,-237.0,23.0,-524.0,-71.0,-377.0,-240.0,133.0,292.0,563.0
-204.0,-141.0,10.0,-201.0,-62.0,-359.0,-139.0,279.0,282.0,557.0
-189.0,93.0,55.0,217.0,-80.0,-466.0,-51.0,243.0,268.0,434.0
-134.0,403.0,31.0,532.0,-195.0,-452.0,31.0,192.0,261.0,247.0
-72.0,831.0,42.0,568.0,-182.0,-292.0,160.0,14.0,237.0,6.0
-49.0,862.0,69.0,371.0,-54.0,-183.0,233.0,149.0,197.0,-232.0
-63.0,962.0,109.0,203.0,-19.0,-208.0,196.0,343.0,151.0,-427.0
-86.0,701.0,160.0,186.0,-55.0,-312.0,148.0,602.0,79.0,-550.0
-95.0,508.0,213.0,313.0,-3.0,-352.0,143.0,788.0,28.0,-597.0
-78.0,890.0,222.0,375.0,107.0,-314.0,174.0,572.0,-21.0,-580.0
-104.0,466.0,186.0,304.0,7.0,-405.0,140.0,236.0,-72.0,-476.0
-113.0,-119.0,163.0,177.0,-57.0,-623.0,95.0,-138.0,-80.0,-304.0
-110.0,-290.0,116.0,6.0,92.0,-394.0,93.0,-208.0,-72.0,-117.0
-78.0,-866.0,64.0,-114.0,162.0,-159.0,110.0,-271.0,-46.0,77.0
-73.0,-1060.0,-13.0,-242.0,162.0,-295.0,24.0,-280.0,-10.0,284.0
-101.0,-842.0,-34.0,-250.0,95.0,-319.0,-239.0,-214.0,40.0,467.0
-98.0,-1002.0,-45.0,-42.0,-4.0,-185.0,-532.0,-349.0,77.0,626.0
-45.0,-1073.0,-129.0,224.0,110.0,-133.0,-690.0,-356.0,98.0,741.0
19.0,-1105.0,-129.0,391.0,145.0,-246.0,-676.0,-375.0,112.0,784.0
26.0,-730.0,-129.0,338.0,-101.0,-232.0,-590.0,-240.0,62.0,747.0
12.0,-439.0,-156.0,198.0,-149.0,-379.0,-450.0,-29.0,5.0,608.0
-24.0,-244.0,-104.0,122.0,-41.0,-398.0,-240.0,299.0,-84.0,387.0
-33.0,343.0,-35.0,95.0,-110.0,-124.0,29.0,648.0,-195.0,99.0
-51.0,434.0,12.0,-17.0,-139.0,-317.0,291.0,635.0,-272.0,-228.0
-60.0,772.0,66.0,-173.0,-132.0,-451.0,502.0,476.0,-365.0,-514.0
-30.0,1175.0,110.0,-247.0,-62.0,-230.0,635.0,-22.0,-410.0,-700.0
15.0,1223.0,115.0,-169.0,127.0,-244.0,715.0,-484.0,-431.0,-770.0
29.0,850.0,141.0,0.0,43.0,-473.0,750.0,-691.0,-433.0,-704.0
-4.0,473.0,158.0,124.0,-52.0,-484.0,652.0,-766.0,-400.0,-488.0
20.0,716.0,167.0,159.0,137.0,-415.0,466.0,-556.0,-374.0,-156.0
61.0,331.0,184.0,-30.0,138.0,-509.0,249.0,-236.0,-319.0,240.0
102.0,165.0,159.0,-257.0,18.0,-340.0,107.0,303.0,-270.0,633.0
114.0,252.0,141.0,-373.0,56.0,-218.0,-45.0,517.0,-225.0,960.0
100.0,-214.0,148.0,-346.0,109.0,-315.0,-248.0,351.0,-181.0,1210.0
84.0,-182.0,115.0,-156.0,187.0,-271.0,-322.0,223.0,-141.0,1321.0
70.0,-66.0,127.0,19.0,190.0,-300.0,-289.0,96.0,-79.0,1250.0
66.0,152.0,164.0,118.0,96.0,-374.0,-204.0,232.0,-15.0,1056.0
35.0,718.0,138.0,116.0,89.0,-348.0,-228.0,168.0,42.0,747.0
25.0,842.0,162.0,52.0,85.0,-309.0,-317.0,103.0,89.0,368.0
7.0,555.0,138.0,12.0,-54.0,-429.0,-335.0,203.0,132.0,2.0
-88.0,152.0,154.0,76.0,-182.0,-393.0,-294.0,195.0,152.0,-314.0
-169.0,14.0,219.0,178.0,-116.0,-136.0,-259.0,240.0,147.0,-535.0
-181.0,-326.0,143.0,262.0,-88.0,-214.0,-272.0,-11.0,139.0,-654.0
-189.0,-876.0,120.0,312.0,-202.0,-446.0,-195.0,-232.0,115.0,-640.0
-182.0,-856.0,126.0,331.0,-188.0,-309.0,-45.0,-450.0,85.0,-512.0
-182.0,-1024.0,70.0,333.0,-66.0,12.0,90.0,-674.0,58.0,-338.0
-182.0,-938.0,98.0,310.0,26.0,-138.0,96.0,-611.0,26.0,-145.0
-188.0,-476.0,116.0,261.0,43.0,-632.0,4.0,-454.0,-11.0,45.0
-214.0,-426.0,114.0,86.0,-17.0,-607.0,-56.0,-142.0,-33.0,224.0
-216.0,-257.0,154.0,-59.0,58.0,-253.0,-134.0,7.0,-51.0,337.0
-205.0,-236.0,145.0,-179.0,275.0,-387.0,-246.0,88.0,-63.0,397.0
-186.0,-145.0,141.0,-248.0,207.0,-443.0,-363.0,121.0,-47.0,415.0
-185.0,350.0,134.0,-79.0,31.0,-195.0,-393.0,186.0,-27.0,385.0
-189.0,622.0,123.0,178.0,112.0,-271.0,-293.0,312.0,0.0,324.0
-182.0,787.0,92.0,380.0,94.0,-458.0,-117.0,77.0,35.0,251.0
-141.0,965.0,46.0,390.0,29.0,-424.0,107.0,-20.0,67.0,212.0
-91.0,912.0,16.0,145.0,-39.0,-255.0,391.0,-66.0,78.0,160.0
-48.0,590.0,-32.0,-186.0,-172.0,-197.0,664.0,-149.0,72.0,130.0
7.0,94.0,-46.0,-398.0,-109.0,-137.0,846.0,-175.0,49.0,137.0
28.0,-185.0,-74.0,-474.0,-137.0,-213.0,858.0,-325.0,10.0,124.0
42.0,-271.0,-81.0,-442.0,-315.0,-356.0,683.0,-262.0,-25.0,78.0
29.0,-204.0,-57.0,-278.0,-251.0,-184.0,451.0,-264.0,-71.0,11.0
13.0,-57.0,-36.0,57.0,-120.0,-66.0,271.0,-345.0,-108.0,-28.0
13.0,19.0,24.0,375.0,-156.0,-95.0,150.0,-423.0,-161.0,-78.0
-16.0,439.0,92.0,438.0,-98.0,-55.0,-18.0,-330.0,-206.0,-123.0
-74.0,436.0,119.0,394.0,-20.0,-27.0,-207.0,53.0,-217.0,-116.0
-150.0,105.0,165.0,236.0,81.0,-67.0,-258.0,229.0,-240.0,-68.0
-158.0,-6.0,251.0,13.0,196.0,-19.0,-168.0,258.0,-254.0,7.0
-128.0,-395.0,267.0,-102.0,104.0,116.0,-112.0,136.0,-251.0,84.0
-96.0,-592.0,287.0,-164.0,75.0,155.0,-158.0,31.0,-214.0,157.0
-78.0,-694.0,316.0,-148.0,214.0,20.0,-249.0,-96.0,-161.0,210.0
-60.0,-559.0,279.0,-88.0,343.0,-214.0,-297.0,-123.0,-85.0,226.0
7.0,79.0,239.0,-51.0,210.0,-321.0,-288.0,286.0,23.0,213.0
14.0,568.0,169.0,-42.0,86.0,-198.0,-306.0,480.0,123.0,168.0
12.0,673.0,88.0,-155.0,177.0,-69.0,-264.0,419.0,237.0,92.0
45.0,577.0,58.0,-307.0,82.0,62.0,-103.0,99.0,336.0,21.0
93.0,561.0,-15.0,-405.0,-32.0,261.0,161.0,-258.0,414.0,-35.0
126.0,524.0,-103.0,-440.0,-136.0,165.0,393.0,-365.0,462.0,-87.0
90.0,391.0,-144.0,-282.0,-231.0,-145.0,458.0,-532.0,456.0,-161.0
86.0,-18.0,-176.0,-15.0,-35.0,-224.0,437.0,-382.0,421.0,-228.0
95.0,-358.0,-196.0,275.0,5.0,-57.0,410.0,18.0,366.0,-262.0
112.0,-307.0,-183.0,559.0,-86.0,46.0,328.0,393.0,284.0,-317.0
95.0,-433.0,-128.0,648.0,65.0,64.0,120.0,412.0,167.0,-391.0
50.0,-497.0,-107.0,524.0,131.0,-8.0,-104.0,158.0,77.0,-449.0
45.0,-159.0,-65.0,331.0,74.0,-75.0,-239.0,-53.0,-19.0,-475.0
28.0,198.0,-16.0,238.0,38.0,114.0,-244.0,-412.0,-90.0,-459.0
9.0,223.0,-7.0,215.0,60.0,117.0,-228.0,-574.0,-100.0,-400.0
-28.0,407.0,12.0,124.0,40.0,-35.0,-209.0,-766.0,-124.0,-265.0
-5.0,588.0,41.0,58.0,24.0,-64.0,-146.0,-700.0,-132.0,-51.0
37.0,128.0,78.0,27.0,-3.0,1.0,-48.0,-94.0,-116.0,179.0
14.0,-144.0,40.0,-19.0,-200.0,157.0,79.0,330.0,-103.0,431.0
14.0,-64.0,33.0,-60.0,-110.0,172.0,60.0,495.0,-79.0,681.0
41.0,-98.0,19.0,-89.0,44.0,247.0,7.0,208.0,-29.0,850.0
81.0,151.0,-28.0,-51.0,-76.0,289.0,-4.0,-219.0,12.0,942.0
113.0,548.0,-3.0,-50.0,-146.0,227.0,-23.0,-511.0,53.0,971.0
137.0,487.0,-12.0,-137.0,-68.0,213.0,-94.0,-633.0,75.0,905.0
154.0,494.0,-34.0,-127.0,8.0,78.0,-229.0,-448.0,61.0,752.0
155.0,676.0,-33.0,-11.0,-47.0,133.0,-286.0,-147.0,44.0,550.0
137.0,359.0,-27.0,131.0,-66.0,329.0,-255.0,327.0,-13.0,344.0
106.0,-169.0,-78.0,333.0,-94.0,294.0,-150.0,295.0,-79.0,168.0
66.0,-252.0,-83.0,503.0,-83.0,77.0,-113.0,-214.0,-155.0,-8.0
22.0,43.0,-54.0,550.0,-42.0,43.0,-130.0,-707.0,-242.0,-152.0
13.0,115.0,-23.0,494.0,-141.0,244.0,-50.0,-1055.0,-316.0,-223.0
5.0,173.0,27.0,408.0,-62.0,169.0,141.0,-844.0,-379.0,-234.0
-30.0,372.0,19.0,291.0,116.0,78.0,306.0,-376.0,-394.0,-182.0
-34.0,315.0,47.0,90.0,77.0,212.0,299.0,321.0,-365.0,-86.0
0.0,101.0,-9.0,-63.0,-45.0,279.0,276.0,790.0,-279.0,41.0
9.0,-302.0,-34.0,-83.0,-42.0,267.0,287.0,724.0,-157.0,168.0
-16.0,-676.0,0.0,0.0,4.0,164.0,306.0,380.0,-18.0,286.0
-77.0,-618.0,-78.0,13.0,3.0,316.0,262.0,-133.0,140.0,386.0
-101.0,-636.0,-114.0,-125.0,35.0,517.0,162.0,-271.0,274.0,452.0
-93.0,-796.0,-154.0,-298.0,56.0,414.0,139.0,-280.0,374.0,484.0
-76.0,-652.0,-198.0,-418.0,123.0,219.0,143.0,-46.0,431.0,480.0
-73.0,-270.0,-214.0,-290.0,164.0,65.0,87.0,352.0,450.0,459.0
-90.0,-28.0,-231.0,22.0,65.0,235.0,-31.0,521.0,418.0,403.0
-94.0,-125.0,-206.0,262.0,-13.0,298.0,-133.0,543.0,369.0,322.0
-147.0,-121.0,-159.0,289.0,40.0,223.0,-153.0,125.0,308.0,208.0
-233.0,-174.0,-104.0,209.0,13.0,295.0,-165.0,-182.0,198.0,77.0
-288.0,-311.0,-18.0,238.0,-88.0,415.0,-262.0,-286.0,100.0,-66.0
-250.0,-368.0,64.0,384.0,-109.0,566.0,-363.0,-247.0,-2.0,-248.0
-218.0,-516.0,113.0,612.0,-148.0,491.0,-398.0,3.0,-97.0,-418.0
-257.0,-179.0,176.0,823.0,0.0,423.0,-372.0,153.0,-145.0,-581.0
-287.0,236.0,233.0,785.0,41.0,301.0,-331.0,423.0,-196.0,-709.0
-307.0,70.0,254.0,429.0,-69.0,260.0,-337.0,458.0,-236.0,-778.0
-303.0,-48.0,240.0,-42.0,65.0,428.0,-291.0,245.0,-241.0,-829.0
-309.0,270.0,217.0,-380.0,142.0,377.0,-123.0,-83.0,-211.0,-830.0
-282.0,323.0,152.0,-460.0,119.0,379.0,39.0,-434.0,-149.0,-762.0
-226.0,-180.0,106.0,-339.0,49.0,407.0,99.0,-535.0,-75.0,-652.0
-185.0,-436.0,95.0,-157.0,-46.0,311.0,93.0,-604.0,8.0,-523.0
-176.0,-565.0,28.0,-63.0,20.0,279.0,54.0,-404.0,91.0,-384.0
-176.0,-809.0,26.0,6.0,39.0,292.0,-9.0,-140.0,150.0,-243.0
-148.0,-808.0,10.0,166.0,-178.0,425.0,-144.0,133.0,170.0,-116.0
-135.0,-570.0,-8.0,387.0,-193.0,516.0,-283.0,297.0,168.0,-12.0
-150.0,-413.0,12.0,558.0,-109.0,459.0,-317.0,134.0,157.0,54.0
-197.0,-181.0,15.0,600.0,-244.0,349.0,-239.0,125.0,128.0,60.0
-201.0,188.0,76.0,595.0,-208.0,73.0,-104.0,73.0,110.0,33.0
-204.0,0.0,80.0,482.0,-107.0,-98.0,-52.0,136.0,82.0,-44.0
-236.0,139.0,86.0,291.0,-35.0,-19.0,-23.0,277.0,53.0,-153.0
-230.0,574.0,116.0,89.0,99.0,192.0,90.0,328.0,52.0,-250.0
-178.0,547.0,90.0,-162.0,107.0,324.0,269.0,388.0,39.0,-370.0
-136.0,730.0,80.0,-294.0,104.0,127.0,363.0,166.0,22.0,-459.0
-161.0,660.0,86.0,-317.0,164.0,-19.0,277.0,-145.0,6.0,-490.0
-164.0,327.0,91.0,-352.0,107.0,-17.0,171.0,-484.0,-9.0,-483.0
-161.0,300.0,68.0,-409.0,7.0,0.0,118.0,-412.0,-14.0,-426.0
-151.0,216.0,72.0,-449.0,-21.0,107.0,24.0,-182.0,-29.0,-326.0
-113.0,-375.0,54.0,-351.0,-43.0,300.0,-167.0,-118.0,-36.0,-180.0
-112.0,-501.0,9.0,-156.0,-71.0,371.0,-386.0,79.0,-30.0,9.0
-134.0,-192.0,0.0,27.0,-137.0,212.0,-541.0,35.0,-27.0,217.0
-150.0,-219.0,-33.0,81.0,-180.0,88.0,-582.0,120.0,-27.0,438.0
-156.0,317.0,-39.0,12.0,-199.0,45.0,-613.0,169.0,-8.0,681.0
-131.0,539.0,-34.0,-57.0,-116.0,134.0,-642.0,121.0,23.0,919.0
-109.0,-46.0,-56.0,-85.0,-14.0,222.0,-604.0,269.0,43.0,1125.0
-108.0,-575.0,-56.0,0.0,-32.0,223.0,-473.0,341.0,84.0,1290.0
-100.0,-993.0,-31.0,128.0,129.0,358.0,-260.0,474.0,138.0,1389.0
-97.0,-1154.0,-9.0,174.0,210.0,397.0,-152.0,388.0,171.0,1395.0
-65.0,-1087.0,0.0,107.0,69.0,260.0,-101.0,395.0,205.0,1293.0
-42.0,-590.0,6.0,-48.0,72.0,326.0,-29.0,301.0,240.0,1101.0
-9.0,294.0,31.0,-252.0,124.0,578.0,63.0,-147.0,264.0,831.0
25.0,907.0,71.0,-390.0,86.0,685.0,72.0,-395.0,270.0,513.0
20.0,1155.0,76.0,-349.0,97.0,502.0,-57.0,-594.0,254.0,200.0
-17.0,1593.0,68.0,-280.0,25.0,265.0,-144.0,-412.0,230.0,-74.0
-75.0,1531.0,86.0,-313.0,-141.0,348.0,-183.0,-97.0,181.0,-288.0
-83.0,709.0,101.0,-298.0,20.0,439.0,-227.0,158.0,114.0,-439.0
-106.0,355.0,66.0,-210.0,67.0,292.0,-329.0,428.0,25.0,-497.0
-114.0,114.0,63.0,-57.0,-80.0,180.0,-377.0,310.0,-51.0,-456.0
-85.0,-81.0,41.0,186.0,-21.0,275.0,-311.0,118.0,-98.0,-368.0
-11.0,-71.0,12.0,386.0,26.0,391.0,-202.0,-127.0,-149.0,-268.0
39.0,-528.0,-3.0,559.0,71.0,229.0,-130.0,-110.0,-148.0,-152.0
22.0,-825.0,-57.0,698.0,30.0,-2.0,-144.0,195.0,-128.0,-30.0
0.0,-1063.0,-70.0,788.0,52.0,7.0,-126.0,509.0,-120.0,42.0
-34.0,-1298.0,-101.0,746.0,158.0,264.0,-59.0,720.0,-82.0,71.0
-59.0,-930.0,-124.0,555.0,150.0,342.0,14.0,448.0,-50.0,78.0
-100.0,-758.0,-167.0,405.0,107.0,142.0,-1.0,112.0,-18.0,37.0
-115.0,-501.0,-205.0,234.0,-10.0,-70.0,1.0,-188.0,-4.0,-33.0
-93.0,-88.0,-190.0,72.0,-47.0,56.0,55.0,-243.0,-26.0,-95.0
-55.0,-81.0,-173.0,-31.0,-33.0,298.0,67.0,-55.0,-58.0,-180.0
-53.0,171.0,-128.0,-48.0,-78.0,13.0,25.0,133.0,-99.0,-299.0
-83.0,513.0,-62.0,31.0,-91.0,-122.0,-94.0,474.0,-144.0,-422.0
-92.0,524.0,-31.0,109.0,-97.0,135.0,-182.0,458.0,-181.0,-519.0
-76.0,350.0,2.0,135.0,-11.0,326.0,-241.0,190.0,-208.0,-594.0
-59.0,597.0,19.0,29.0,55.0,162.0,-232.0,-186.0,-233.0,-669.0
-102.0,682.0,15.0,-8.0,-20.0,7.0,-261.0,-497.0,-240.0,-687.0
-100.0,548.0,71.0,65.0,-12.0,341.0,-335.0,-460.0,-212.0,-597.0
-60.0,967.0,44.0,217.0,118.0,392.0,-349.0,-236.0,-181.0,-459.0
-34.0,672.0,8.0,410.0,158.0,149.0,-414.0,219.0,-146.0,-286.0
-26.0,174.0,20.0,478.0,88.0,-14.0,-493.0,480.0,-74.0,-51.0
0.0,186.0,-6.0,432.0,126.0,12.0,-592.0,600.0,10.0,199.0
65.0,-39.0,-1.0,235.0,215.0,91.0,-642.0,447.0,105.0,436.0
91.0,-429.0,38.0,-19.0,158.0,-48.0,-570.0,-42.0,186.0,621.0
109.0,-721.0,40.0,-192.0,15.0,-147.0,-425.0,-304.0,270.0,748.0
152.0,-810.0,20.0,-245.0,-38.0,-98.0,-282.0,-434.0,352.0,773.0
212.0,-1107.0,46.0,-178.0,75.0,267.0,-151.0,-290.0,363.0,670.0
237.0,-1120.0,27.0,-131.0,101.0,553.0,14.0,-44.0,356.0,526.0
194.0,-535.0,19.0,-127.0,22.0,208.0,197.0,140.0,324.0,333.0
139.0,-387.0,33.0,-94.0,-61.0,-258.0,330.0,219.0,239.0,90.0
77.0,-85.0,19.0,-7.0,-143.0,35.0,355.0,94.0,158.0,-147.0
19.0,764.0,26.0,227.0,-64.0,561.0,338.0,-20.0,83.0,-309.0
-40.0,909.0,11.0,401.0,-135.0,411.0,288.0,-341.0,10.0,-388.0
-97.0,687.0,55.0,434.0,-227.0,80.0,228.0,-388.0,-36.0,-426.0
-112.0,341.0,138.0,453.0,-5.0,353.0,118.0,-151.0,-47.0,-393.0
-93.0,-167.0,187.0,457.0,41.0,701.0,-107.0,11.0,-32.0,-295.0
-74.0,-266.0,214.0,465.0,18.0,242.0,-371.0,290.0,0.0,-162.0
-62.0,-294.0,250.0,397.0,145.0,-51.0,-548.0,369.0,41.0,-40.0
-38.0,-25.0,246.0,242.0,112.0,183.0,-643.0,432.0,89.0,69.0
-14.0,744.0,209.0,-13.0,109.0,376.0,-765.0,315.0,130.0,141.0
17.0,1626.0,239.0,-269.0,128.0,439.0,-821.0,123.0,151.0,157.0
8.0,1763.0,215.0,-461.0,2.0,394.0,-754.0,160.0,136.0,130.0
-5.0,1394.0,143.0,-592.0,5.0,421.0,-610.0,162.0,96.0,51.0
-17.0,1620.0,128.0,-591.0,17.0,270.0,-463.0,319.0,50.0,-62.0
-43.0,1130.0,101.0,-422.0,-103.0,81.0,-301.0,277.0,-14.0,-215.0
-27.0,350.0,88.0,-91.0,-164.0,137.0,-83.0,110.0,-55.0,-346.0
-9.0,235.0,103.0,209.0,-174.0,369.0,146.0,-81.0,-96.0,-468.0
6.0,-375.0,126.0,439.0,-140.0,515.0,325.0,-295.0,-144.0,-582.0
10.0,-860.0,129.0,534.0,-106.0,361.0,339.0,-297.0,-160.0,-640.0
6.0,-1020.0,98.0,446.0,-216.0,158.0,295.0,-304.0,-170.0,-651.0
-41.0,-1324.0,129.0,364.0,-277.0,286.0,280.0,-42.0,-164.0,-587.0
-52.0,-1777.0,154.0,257.0,-126.0,390.0,257.0,199.0,-134.0,-483.0
-33.0,-1927.0,191.0,123.0,-28.0,219.0,170.0,378.0,-79.0,-355.0
-65.0,-1730.0,237.0,121.0,-18.0,156.0,18.0,412.0,-17.0,-178.0
-58.0,-1804.0,228.0,96.0,88.0,172.0,-85.0,142.0,44.0,15.0
-42.0,-1302.0,265.0,-20.0,134.0,292.0,-99.0,84.0,89.0,182.0
-27.0,-516.0,247.0,-78.0,113.0,288.0,-96.0,-36.0,113.0,303.0
0.0,-55.0,206.0,-152.0,176.0,329.0,-147.0,-229.0,139.0,375.0
38.0,283.0,208.0,-235.0,225.0,503.0,-197.0,-395.0,149.0,388.0
51.0,407.0,197.0,-211.0,228.0,377.0,-196.0,-439.0,158.0,336.0
53.0,637.0,191.0,-168.0,233.0,381.0,-188.0,-360.0,153.0,250.0
42.0,750.0,196.0,-147.0,123.0,431.0,-228.0,-288.0,143.0,152.0
38.0,823.0,194.0,-83.0,-69.0,435.0,-247.0,-99.0,127.0,46.0
37.0,937.0,167.0,-61.0,-73.0,527.0,-176.0,-64.0,100.0,-13.0
43.0,758.0,155.0,-149.0,-82.0,588.0,-51.0,-25.0,78.0,-2.0
74.0,443.0,144.0,-207.0,-179.0,678.0,-5.0,-66.0,48.0,57.0
18.0,320.0,102.0,-146.0,-141.0,457.0,-60.0,-162.0,24.0,133.0
-58.0,400.0,106.0,30.0,-149.0,208.0,-63.0,-18.0,22.0,200.0
-135.0,310.0,143.0,256.0,-107.0,272.0,-32.0,3.0,19.0,280.0
-198.0,341.0,125.0,358.0,48.0,504.0,-43.0,20.0,24.0,301.0
-259.0,293.0,117.0,308.0,160.0,607.0,-132.0,14.0,40.0,215.0
-289.0,139.0,99.0,221.0,297.0,326.0,-229.0,114.0,46.0,71.0
-266.0,551.0,70.0,199.0,378.0,200.0,-255.0,400.0,62.0,-131.0
-245.0,768.0,99.0,192.0,294.0,135.0,-216.0,521.0,72.0,-349.0
-203.0,572.0,107.0,85.0,188.0,57.0,-169.0,545.0,90.0,-544.0
-197.0,298.0,139.0,-27.0,160.0,249.0,-145.0,179.0,105.0,-664.0
-201.0,-128.0,162.0,-152.0,84.0,354.0,-56.0,-240.0,105.0,-701.0
-213.0,-343.0,154.0,-206.0,0.0,284.0,122.0,-539.0,107.0,-672.0
-240.0,-205.0,141.0,-127.0,-39.0,66.0,369.0,-702.0,107.0,-550.0
-243.0,-243.0,86.0,-109.0,-149.0,-42.0,573.0,-328.0,98.0,-378.0
-193.0,-357.0,51.0,-70.0,-261.0,141.0,688.0,145.0,60.0,-180.0
-127.0,-219.0,44.0,2.0,-303.0,355.0,723.0,620.0,28.0,20.0
-88.0,-493.0,60.0,111.0,-318.0,350.0,723.0,657.0,0.0,236.0
-63.0,-480.0,66.0,220.0,-312.0,46.0,699.0,389.0,-40.0,447.0
-61.0,-295.0,76.0,317.0,-245.0,-189.0,627.0,101.0,-72.0,592.0
-80.0,-541.0,84.0,419.0,-185.0,-114.0,561.0,-293.0,-99.0,681.0
-116.0,-280.0,75.0,358.0,-161.0,-38.0,417.0,-249.0,-136.0,669.0
-132.0,192.0,77.0,186.0,-76.0,-102.0,248.0,-158.0,-167.0,554.0
-119.0,272.0,56.0,44.0,-30.0,-23.0,31.0,12.0,-195.0,328.0
-77.0,175.0,39.0,-13.0,-71.0,265.0,-266.0,158.0,-226.0,21.0
-33.0,235.0,61.0,-110.0,-119.0,413.0,-476.0,123.0,-244.0,-304.0
21.0,136.0,74.0,-217.0,-76.0,232.0,-541.0,206.0,-288.0,-642.0
61.0,-54.0,46.0,-322.0,34.0,-35.0,-571.0,166.0,-312.0,-886.0
77.0,-412.0,59.0,-346.0,20.0,-227.0,-620.0,210.0,-321.0,-1004.0
71.0,-881.0,50.0,-280.0,-39.0,-204.0,-604.0,27.0,-327.0,-999.0
59.0,-777.0,16.0,-179.0,-43.0,20.0,-522.0,-192.0,-301.0,-871.0
86.0,-679.0,8.0,30.0,-42.0,5.0,-372.0,-242.0,-293.0,-630.0
143.0,-896.0,-46.0,145.0,-92.0,-156.0,-235.0,-354.0,-277.0,-329.0
215.0,-746.0,-81.0,196.0,-147.0,-80.0,-172.0,-208.0,-236.0,-69.0
272.0,-276.0,-116.0,89.0,-68.0,-4.0,-134.0,-225.0,-185.0,157.0
321.0,-91.0,-174.0,-149.0,63.0,-205.0,-42.0,-399.0,-124.0,325.0
334.0,279.0,-174.0,-316.0,168.0,-251.0,109.0,-589.0,-58.0,404.0
370.0,555.0,-180.0,-403.0,206.0,114.0,196.0,-665.0,24.0,363.0
366.0,268.0,-190.0,-256.0,175.0,289.0,217.0,-395.0,114.0,235.0
325.0,457.0,-170.0,29.0,165.0,28.0,291.0,-53.0,184.0,42.0
315.0,670.0,-198.0,301.0,71.0,-124.0,420.0,410.0,238.0,-200.0
291.0,333.0,-233.0,399.0,-49.0,302.0,476.0,607.0,270.0,-433.0
308.0,338.0,-227.0,181.0,-80.0,651.0,505.0,602.0,264.0,-641.0
321.0,646.0,-174.0,-126.0,-107.0,440.0,518.0,419.0,247.0,-783.0
335.0,361.0,-132.0,-301.0,-106.0,189.0,543.0,-24.0,221.0,-849.0
362.0,-39.0,-116.0,-302.0,-71.0,179.0,561.0,-145.0,181.0,-845.0
362.0,31.0,-74.0,-119.0,12.0,231.0,447.0,18.0,139.0,-749.0
313.0,-311.0,-59.0,147.0,110.0,183.0,285.0,443.0,89.0,-598.0
264.0,-448.0,-67.0,309.0,113.0,221.0,172.0,633.0,49.0,-414.0
252.0,-66.0,-70.0,222.0,52.0,289.0,180.0,497.0,19.0,-185.0
252.0,-36.0,-53.0,-61.0,65.0,496.0,137.0,258.0,-10.0,43.0
242.0,-8.0,-36.0,-301.0,180.0,567.0,61.0,-210.0,-8.0,195.0
214.0,49.0,-40.0,-416.0,188.0,323.0,61.0,-445.0,19.0,269.0
173.0,359.0,1.0,-391.0,98.0,93.0,95.0,-509.0,58.0,292.0
142.0,602.0,14.0,-285.0,104.0,-2.0,163.0,-308.0,113.0,269.0
140.0,459.0,6.0,-196.0,131.0,177.0,130.0,44.0,168.0,213.0
114.0,207.0,32.0,-78.0,62.0,260.0,76.0,210.0,222.0,138.0
93.0,-141.0,17.0,70.0,-61.0,297.0,35.0,247.0,252.0,50.0
95.0,-113.0,17.0,295.0,-81.0,313.0,7.0,-18.0,242.0,-34.0
113.0,-256.0,22.0,505.0,-25.0,235.0,-75.0,-393.0,219.0,-116.0
108.0,-393.0,36.0,527.0,-10.0,154.0,-257.0,-816.0,173.0,-199.0
114.0,-120.0,86.0,452.0,-14.0,119.0,-363.0,-840.0,104.0,-308.0
143.0,-7.0,106.0,307.0,-54.0,287.0,-348.0,-386.0,21.0,-441.0
142.0,354.0,96.0,96.0,-21.0,395.0,-258.0,133.0,-43.0,-553.0
163.0,437.0,79.0,-14.0,55.0,497.0,-168.0,729.0,-99.0,-635.0
189.0,229.0,58.0,-34.0,-29.0,512.0,-37.0,918.0,-161.0,-679.0
183.0,386.0,40.0,-58.0,-154.0,376.0,93.0,768.0,-219.0,-681.0
141.0,365.0,56.0,-86.0,-45.0,319.0,162.0,410.0,-251.0,-619.0
88.0,125.0,24.0,-93.0,134.0,149.0,174.0,-49.0,-251.0,-512.0
7.0,-208.0,-22.0,-149.0,169.0,3.0,121.0,-238.0,-235.0,-410.0
-69.0,-130.0,-26.0,-212.0,116.0,129.0,117.0,-101.0,-184.0,-302.0
-121.0,-64.0,-67.0,-152.0,48.0,210.0,187.0,369.0,-118.0,-187.0
-157.0,-414.0,-111.0,-52.0,67.0,73.0,260.0,508.0,-47.0,-58.0
-171.0,-600.0,-111.0,7.0,70.0,-92.0,272.0,445.0,23.0,108.0
-162.0,-791.0,-76.0,62.0,53.0,-196.0,255.0,349.0,100.0,303.0
-166.0,-867.0,-32.0,145.0,100.0,-223.0,314.0,-31.0,173.0,497.0
-187.0,-845.0,3.0,137.0,166.0,-127.0,424.0,-249.0,215.0,676.0
-166.0,-564.0,51.0,16.0,169.0,-27.0,446.0,-375.0,229.0,801.0
-154.0,-257.0,51.0,-66.0,84.0,187.0,394.0,-199.0,212.0,857.0
-144.0,-91.0,64.0,-123.0,-21.0,327.0,341.0,114.0,181.0,852.0
-136.0,250.0,138.0,-121.0,-77.0,33.0,347.0,308.0,143.0,776.0
-97.0,443.0,125.0,-75.0,-45.0,-152.0,353.0,463.0,124.0,635.0
-31.0,576.0,100.0,-93.0,-89.0,-37.0,299.0,443.0,115.0,466.0
19.0,780.0,106.0,-140.0,-117.0,57.0,262.0,441.0,92.0,260.0
64.0,850.0,99.0,-85.0,-14.0,-58.0,244.0,214.0,73.0,33.0
75.0,681.0,95.0,101.0,106.0,-180.0,268.0,35.0,52.0,-123.0
97.0,581.0,79.0,234.0,120.0,-100.0,229.0,81.0,36.0,-195.0
104.0,652.0,39.0,347.0,-44.0,39.0,92.0,214.0,16.0,-168.0
91.0,581.0,-12.0,369.0,-95.0,22.0,14.0,508.0,10.0,-48.0
77.0,374.0,-47.0,138.0,-37.0,-66.0,49.0,487.0,15.0,137.0
115.0,269.0,-91.0,-144.0,-144.0,62.0,105.0,356.0,14.0,344.0
151.0,44.0,-86.0,-388.0,-139.0,69.0,61.0,105.0,18.0,509.0
157.0,-179.0,-55.0,-529.0,14.0,-52.0,0.0,-195.0,7.0,624.0
179.0,-19.0,-84.0,-452.0,24.0,-198.0,9.0,-208.0,-17.0,643.0
185.0,25.0,-79.0,-211.0,31.0,-286.0,60.0,-197.0,-43.0,561.0
182.0,-55.0,-70.0,-56.0,-14.0,-363.0,37.0,-33.0,-76.0,404.0
148.0,52.0,-125.0,0.0,-97.0,-409.0,-72.0,103.0,-103.0,218.0
121.0,5.0,-107.0,61.0,-89.0,-206.0,-178.0,219.0,-126.0,7.0
109.0,66.0,-94.0,76.0,-140.0,-143.0,-195.0,330.0,-157.0,-232.0
123.0,228.0,-71.0,-92.0,-138.0,-200.0,-147.0,295.0,-182.0,-440.0
88.0,-75.0,-30.0,-324.0,-74.0,-346.0,-155.0,262.0,-198.0,-558.0
43.0,-62.0,-76.0,-384.0,0.0,-229.0,-158.0,118.0,-192.0,-624.0
11.0,81.0,-79.0,-360.0,106.0,-110.0,-69.0,169.0,-176.0,-672.0
-30.0,-174.0,-75.0,-183.0,20.0,-229.0,48.0,299.0,-153.0,-647.0
-51.0,-34.0,-64.0,47.0,-58.0,-10.0,111.0,517.0,-97.0,-580.0
-101.0,-3.0,-25.0,325.0,82.0,120.0,101.0,702.0,-60.0,-489.0
-80.0,-370.0,0.0,499.0,-28.0,151.0,51.0,426.0,-26.0,-359.0
-60.0,-329.0,-20.0,312.0,-73.0,37.0,55.0,232.0,20.0,-215.0
-27.0,-205.0,-26.0,28.0,138.0,-43.0,56.0,-20.0,45.0,-71.0
-21.0,-361.0,-31.0,-117.0,119.0,16.0,43.0,-225.0,57.0,49.0
-38.0,-117.0,-94.0,-87.0,230.0,-199.0,70.0,-236.0,52.0,145.0
-27.0,94.0,-105.0,-83.0,297.0,-268.0,96.0,-203.0,28.0,200.0
-24.0,-54.0,-141.0,35.0,127.0,-141.0,181.0,25.0,-17.0,198.0
41.0,224.0,-162.0,159.0,130.0,-59.0,191.0,223.0,-51.0,134.0
86.0,437.0,-118.0,3.0,88.0,-173.0,99.0,495.0,-99.0,29.0
132.0,221.0,-102.0,-233.0,-97.0,-265.0,47.0,491.0,-151.0,-84.0
188.0,233.0,-88.0,-411.0,-133.0,-162.0,83.0,303.0,-187.0,-236.0
263.0,305.0,-51.0,-448.0,-77.0,-150.0,127.0,149.0,-227.0,-382.0
305.0,204.0,0.0,-318.0,-92.0,-59.0,106.0,-25.0,-239.0,-464.0
323.0,406.0,60.0,-71.0,-135.0,6.0,165.0,68.0,-266.0,-498.0
336.0,541.0,161.0,124.0,-229.0,-175.0,296.0,90.0,-286.0,-455.0
315.0,193.0,263.0,249.0,-215.0,-157.0,448.0,169.0,-266.0,-366.0
314.0,-33.0,342.0,321.0,-133.0,12.0,515.0,232.0,-248.0,-236.0
300.0,171.0,411.0,260.0,-92.0,-50.0,483.0,299.0,-204.0,-82.0
292.0,131.0,431.0,96.0,-27.0,-252.0,450.0,452.0,-143.0,41.0
281.0,-151.0,409.0,-13.0,59.0,-287.0,431.0,194.0,-91.0,150.0
311.0,355.0,403.0,-13.0,169.0,-82.0,387.0,25.0,-55.0,220.0
313.0,857.0,358.0,29.0,126.0,-202.0,204.0,107.0,-19.0,239.0
309.0,713.0,327.0,153.0,64.0,-348.0,6.0,369.0,14.0,234.0
315.0,574.0,294.0,176.0,143.0,-127.0,-149.0,572.0,25.0,208.0
286.0,588.0,220.0,88.0,159.0,-88.0,-225.0,395.0,37.0,171.0
258.0,341.0,178.0,-14.0,103.0,-180.0,-244.0,158.0,34.0,145.0
223.0,-261.0,126.0,-111.0,68.0,-229.0,-280.0,-219.0,26.0,127.0
224.0,-489.0,67.0,-145.0,45.0,-267.0,-262.0,-412.0,-5.0,168.0
194.0,-656.0,25.0,-89.0,110.0,-269.0,-207.0,-456.0,-66.0,267.0
181.0,-809.0,10.0,36.0,96.0,-164.0,-80.0,-358.0,-111.0,346.0
157.0,-716.0,-8.0,90.0,-51.0,-116.0,20.0,-46.0,-139.0,426.0
142.0,-389.0,-15.0,83.0,-5.0,-208.0,49.0,-20.0,-139.0,471.0
172.0,-191.0,8.0,43.0,28.0,-158.0,65.0,-79.0,-142.0,440.0
163.0,-176.0,32.0,18.0,-70.0,-43.0,32.0,-208.0,-120.0,347.0
180.0,291.0,76.0,-23.0,-47.0,13.0,-69.0,-44.0,-79.0,209.0
164.0,280.0,94.0,-59.0,-80.0,-39.0,-180.0,426.0,-56.0,55.0
146.0,142.0,156.0,-99.0,-122.0,-31.0,-202.0,807.0,0.0,-107.0
124.0,335.0,179.0,-107.0,29.0,20.0,-95.0,1152.0,60.0,-222.0
82.0,201.0,143.0,9.0,43.0,-138.0,47.0,1080.0,103.0,-283.0
78.0,77.0,129.0,141.0,-113.0,-200.0,95.0,833.0,132.0,-285.0
78.0,150.0,47.0,228.0,-72.0,-80.0,95.0,456.0,146.0,-224.0
100.0,-155.0,14.0,208.0,-7.0,49.0,137.0,175.0,161.0,-112.0
85.0,-648.0,-11.0,80.0,-83.0,-28.0,275.0,195.0,175.0,67.0
68.0,-423.0,-79.0,-86.0,-14.0,-239.0,375.0,145.0,187.0,253.0
57.0,-241.0,-123.0,-148.0,103.0,-176.0,369.0,245.0,189.0,409.0
44.0,-453.0,-168.0,-116.0,41.0,-83.0,306.0,251.0,188.0,537.0
54.0,-619.0,-185.0,-96.0,-70.0,-37.0,185.0,273.0,191.0,616.0
59.0,-545.0,-256.0,-104.0,-181.0,-34.0,10.0,273.0,199.0,628.0
92.0,-404.0,-278.0,-89.0,-229.0,16.0,-208.0,107.0,201.0,606.0
123.0,-236.0,-233.0,-116.0,-143.0,230.0,-350.0,66.0,208.0,562.0
148.0,106.0,-227.0,-226.0,-153.0,-20.0,-389.0,20.0,202.0,448.0
147.0,414.0,-173.0,-269.0,-153.0,-256.0,-308.0,188.0,183.0,310.0
167.0,720.0,-127.0,-258.0,26.0,-75.0,-223.0,269.0,183.0,185.0
211.0,594.0,-111.0,-147.0,115.0,214.0,-186.0,304.0,170.0,67.0
259.0,681.0,-59.0,54.0,104.0,266.0,-132.0,299.0,168.0,-45.0
314.0,841.0,-35.0,166.0,132.0,-83.0,-89.0,-33.0,154.0,-133.0
332.0,732.0,9.0,109.0,134.0,62.0,-73.0,-238.0,111.0,-168.0
317.0,604.0,24.0,-44.0,36.0,260.0,-143.0,-389.0,88.0,-179.0
262.0,-61.0,11.0,-151.0,-7.0,-57.0,-191.0,-299.0,44.0,-180.0
212.0,-417.0,52.0,-113.0,-5.0,-425.0,-149.0,-158.0,11.0,-148.0
165.0,-419.0,9.0,26.0,1.0,-431.0,-9.0,-92.0,6.0,-98.0
133.0,-680.0,12.0,124.0,69.0,-63.0,185.0,136.0,-4.0,-72.0
69.0,-1062.0,1.0,211.0,-7.0,-39.0,319.0,186.0,-16.0,-41.0
46.0,-1073.0,-53.0,259.0,-172.0,-159.0,409.0,179.0,-12.0,-14.0
50.0,-800.0,-37.0,235.0,-199.0,-89.0,497.0,44.0,8.0,-13.0
39.0,-445.0,-64.0,157.0,-155.0,-108.0,549.0,-7.0,37.0,-40.0
67.0,266.0,-29.0,-20.0,-154.0,-157.0,456.0,-1.0,80.0,-78.0
78.0,736.0,0.0,-72.0,-97.0,-2.0,255.0,-53.0,118.0,-109.0
156.0,882.0,3.0,-9.0,-3.0,56.0,83.0,169.0,125.0,-148.0
202.0,956.0,34.0,12.0,109.0,-338.0,-15.0,345.0,123.0,-179.0
257.0,794.0,50.0,18.0,245.0,-563.0,-105.0,519.0,104.0,-199.0
320.0,568.0,80.0,-37.0,143.0,-317.0,-132.0,506.0,79.0,-206.0
366.0,443.0,87.0,-77.0,52.0,-243.0,-32.0,386.0,75.0,-220.0
375.0,258.0,120.0,-77.0,148.0,-267.0,120.0,389.0,48.0,-232.0
346.0,-52.0,124.0,-34.0,27.0,-122.0,261.0,334.0,5.0,-211.0
380.0,-293.0,124.0,80.0,-107.0,-73.0,312.0,473.0,-10.0,-186.0
416.0,-324.0,125.0,237.0,16.0,-182.0,306.0,386.0,-3.0,-149.0
437.0,-399.0,64.0,495.0,-24.0,-223.0,286.0,151.0,22.0,-97.0
401.0,-498.0,52.0,718.0,-121.0,-199.0,261.0,-68.0,57.0,-37.0
381.0,-421.0,16.0,748.0,-21.0,-345.0,165.0,-288.0,89.0,-2.0
312.0,-254.0,-12.0,653.0,-92.0,-315.0,21.0,-225.0,116.0,9.0
268.0,-298.0,-19.0,388.0,-80.0,35.0,-24.0,-171.0,152.0,24.0
242.0,-93.0,-45.0,86.0,119.0,248.0,27.0,-33.0,190.0,0.0
217.0,497.0,-68.0,-99.0,90.0,16.0,89.0,-38.0,214.0,-33.0
262.0,522.0,-84.0,-176.0,81.0,-81.0,38.0,-70.0,229.0,-47.0
286.0,410.0,-77.0,-194.0,209.0,196.0,-32.0,-14.0,244.0,-35.0
314.0,236.0,-81.0,-190.0,187.0,134.0,-59.0,-142.0,229.0,0.0
292.0,177.0,-48.0,-82.0,105.0,-188.0,-56.0,-90.0,178.0,46.0
293.0,353.0,-32.0,-4.0,124.0,-160.0,-33.0,-131.0,143.0,127.0
248.0,297.0,29.0,-21.0,109.0,96.0,-12.0,-120.0,101.0,176.0
214.0,255.0,48.0,-76.0,52.0,-4.0,28.0,-53.0,51.0,196.0
199.0,199.0,35.0,-84.0,32.0,-18.0,60.0,-160.0,-11.0,178.0
179.0,327.0,102.0,-65.0,41.0,187.0,76.0,-120.0,-93.0,114.0
142.0,364.0,65.0,-18.0,-19.0,82.0,3.0,1.0,-158.0,16.0
74.0,322.0,85.0,130.0,-41.0,-58.0,-46.0,310.0,-205.0,-118.0
44.0,185.0,107.0,257.0,-68.0,-76.0,-13.0,436.0,-210.0,-238.0
-48.0,43.0,58.0,311.0,-230.0,4.0,36.0,388.0,-197.0,-300.0
-93.0,26.0,84.0,301.0,-87.0,83.0,91.0,352.0,-174.0,-298.0
-117.0,-368.0,75.0,200.0,41.0,-73.0,147.0,210.0,-117.0,-238.0
-94.0,-440.0,36.0,-96.0,-20.0,-132.0,249.0,218.0,-57.0,-93.0
-74.0,-288.0,37.0,-426.0,163.0,35.0,364.0,9.0,0.0,63.0
-55.0,-683.0,28.0,-574.0,97.0,173.0,467.0,-120.0,70.0,192.0
-27.0,-777.0,21.0,-538.0,-97.0,255.0,467.0,-214.0,151.0,312.0
-23.0,-560.0,27.0,-298.0,-7.0,231.0,375.0,-471.0,215.0,389.0
14.0,-480.0,54.0,35.0,-159.0,199.0,241.0,-485.0,262.0,401.0
7.0,-52.0,37.0,209.0,-180.0,139.0,144.0,-646.0,295.0,338.0
10.0,232.0,49.0,89.0,35.0,121.0,76.0,-668.0,290.0,262.0
-6.0,301.0,63.0,-113.0,-99.0,105.0,-11.0,-526.0,255.0,158.0
-19.0,654.0,29.0,-224.0,-68.0,133.0,0.0,-430.0,182.0,44.0
-60.0,785.0,47.0,-200.0,98.0,174.0,74.0,-384.0,103.0,-37.0
-62.0,521.0,18.0,-113.0,62.0,-39.0,135.0,-347.0,43.0,-104.0
-33.0,475.0,66.0,-7.0,-15.0,-119.0,130.0,-88.0,-12.0,-145.0
-49.0,521.0,45.0,98.0,-27.0,-161.0,119.0,103.0,-29.0,-167.0
-57.0,446.0,-14.0,113.0,3.0,-137.0,128.0,339.0,-42.0,-153.0
-46.0,141.0,-6.0,0.0,-22.0,-7.0,165.0,339.0,-70.0,-117.0
-18.0,-151.0,-111.0,-47.0,50.0,-33.0,165.0,205.0,-82.0,-68.0
-23.0,-66.0,-108.0,29.0,148.0,104.0,40.0,55.0,-83.0,-26.0
-34.0,-216.0,-112.0,79.0,235.0,141.0,-81.0,-373.0,-51.0,16.0
-70.0,-476.0,-118.0,148.0,233.0,25.0,-152.0,-522.0,-42.0,60.0
-49.0,-892.0,-99.0,152.0,158.0,126.0,-88.0,-509.0,-42.0,64.0
-78.0,-971.0,-122.0,162.0,33.0,108.0,9.0,-436.0,-26.0,74.0
-108.0,-796.0,-82.0,147.0,-65.0,-62.0,95.0,-400.0,-15.0,111.0
-126.0,-753.0,-83.0,83.0,24.0,62.0,230.0,-511.0,1.0,164.0
-111.0,-210.0,-51.0,47.0,-2.0,279.0,353.0,-504.0,6.0,199.0
-58.0,141.0,-18.0,-36.0,16.0,189.0,410.0,-450.0,28.0,209.0
-98.0,331.0,-30.0,-127.0,102.0,93.0,352.0,-321.0,35.0,188.0
-64.0,484.0,-11.0,-292.0,71.0,289.0,265.0,-413.0,37.0,118.0
-53.0,511.0,-43.0,-400.0,31.0,375.0,237.0,-485.0,67.0,6.0
-8.0,510.0,-32.0,-353.0,-92.0,225.0,267.0,-356.0,90.0,-121.0
-13.0,511.0,-15.0,-166.0,-196.0,104.0,232.0,-199.0,105.0,-246.0
-10.0,238.0,-25.0,101.0,-115.0,0.0,130.0,133.0,103.0,-366.0
35.0,-319.0,32.0,424.0,-33.0,-109.0,54.0,205.0,64.0,-441.0
9.0,-276.0,63.0,628.0,-116.0,-205.0,23.0,240.0,8.0,-453.0
27.0,-292.0,89.0,532.0,-118.0,-91.0,-36.0,229.0,-29.0,-401.0
3.0,-658.0,102.0,342.0,-62.0,-62.0,-127.0,3.0,-91.0,-325.0
61.0,-651.0,90.0,152.0,-61.0,-85.0,-130.0,-177.0,-156.0,-207.0
99.0,-372.0,98.0,49.0,-105.0,183.0,-59.0,-500.0,-219.0,-57.0
122.0,-450.0,137.0,5.0,-192.0,266.0,41.0,-569.0,-269.0,65.0
131.0,-597.0,155.0,-38.0,-86.0,218.0,49.0,-618.0,-285.0,176.0
136.0,-517.0,168.0,-121.0,44.0,125.0,-27.0,-646.0,-302.0,269.0
162.0,-441.0,201.0,-234.0,50.0,-64.0,-70.0,-515.0,-279.0,325.0
136.0,-52.0,177.0,-262.0,81.0,-91.0,-20.0,-524.0,-259.0,331.0
181.0,189.0,207.0,-248.0,134.0,-121.0,-17.0,-391.0,-225.0,314.0
198.0,255.0,192.0,-227.0,204.0,-153.0,-91.0,-389.0,-165.0,279.0
218.0,363.0,161.0,-249.0,119.0,-137.0,-56.0,-225.0,-120.0,221.0
219.0,379.0,163.0,-311.0,30.0,-137.0,84.0,-3.0,-82.0,142.0
241.0,337.0,108.0,-347.0,23.0,3.0,258.0,77.0,-64.0,63.0
257.0,149.0,100.0,-217.0,-119.0,22.0,330.0,245.0,-48.0,18.0
235.0,215.0,77.0,62.0,-104.0,-221.0,355.0,101.0,-64.0,-16.0
217.0,249.0,57.0,280.0,-26.0,-389.0,363.0,-36.0,-95.0,-45.0
199.0,-70.0,38.0,278.0,-80.0,-315.0,326.0,-282.0,-122.0,-45.0
201.0,-230.0,-11.0,158.0,-49.0,-151.0,225.0,-521.0,-151.0,-43.0
149.0,-454.0,-58.0,68.0,18.0,-135.0,29.0,-548.0,-147.0,-43.0
103.0,-688.0,-94.0,69.0,-4.0,-34.0,-117.0,-533.0,-142.0,-25.0
56.0,-509.0,-119.0,215.0,-55.0,108.0,-196.0,-373.0,-126.0,10.0
26.0,-411.0,-108.0,288.0,37.0,-99.0,-193.0,-447.0,-57.0,41.0
-26.0,-517.0,-70.0,265.0,142.0,-275.0,-199.0,-524.0,22.0,57.0
-47.0,-488.0,-94.0,213.0,126.0,-198.0,-203.0,-644.0,96.0,114.0
-44.0,-429.0,-74.0,41.0,84.0,-76.0,-112.0,-740.0,170.0,180.0
-57.0,-453.0,-87.0,-204.0,76.0,18.0,12.0,-654.0,212.0,218.0
-74.0,-244.0,-125.0,-411.0,50.0,9.0,105.0,-676.0,237.0,272.0
-92.0,142.0,-101.0,-556.0,-24.0,139.0,89.0,-626.0,240.0,333.0
-74.0,319.0,-104.0,-610.0,-35.0,189.0,55.0,-718.0,208.0,393.0
-96.0,393.0,-76.0,-457.0,-86.0,-57.0,49.0,-740.0,155.0,437.0
-116.0,584.0,-64.0,-237.0,-70.0,-348.0,52.0,-628.0,88.0,454.0
-186.0,795.0,-47.0,-89.0,7.0,-292.0,14.0,-495.0,27.0,433.0
-200.0,866.0,-51.0,-36.0,-66.0,102.0,-42.0,-230.0,-36.0,349.0
-204.0,749.0,-51.0,-79.0,-11.0,33.0,-3.0,-225.0,-80.0,218.0
-226.0,596.0,-26.0,-85.0,-1.0,-177.0,118.0,-312.0,-120.0,71.0
-242.0,592.0,-29.0,-14.0,-47.0,-120.0,207.0,-419.0,-155.0,-114.0
-252.0,379.0,43.0,112.0,49.0,68.0,205.0,-391.0,-135.0,-322.0
-213.0,79.0,70.0,178.0,26.0,-40.0,169.0,-218.0,-118.0,-500.0
-235.0,-128.0,77.0,217.0,52.0,-285.0,129.0,-168.0,-119.0,-646.0
-218.0,-322.0,120.0,209.0,136.0,50.0,81.0,-51.0,-87.0,-741.0
-204.0,-349.0,137.0,100.0,34.0,281.0,-31.0,-229.0,-60.0,-786.0
-163.0,-577.0,149.0,20.0,14.0,93.0,-135.0,-421.0,-44.0,-762.0
-150.0,-671.0,134.0,-131.0,14.0,-184.0,-168.0,-473.0,-16.0,-654.0
-165.0,-413.0,144.0,-258.0,-88.0,-62.0,-179.0,-489.0,-8.0,-504.0
-153.0,-127.0,144.0,-312.0,0.0,156.0,-229.0,-275.0,-14.0,-317.0
-141.0,-128.0,108.0,-304.0,-43.0,129.0,-306.0,-275.0,4.0,-106.0
-146.0,-411.0,124.0,-148.0,-100.0,346.0,-269.0,-413.0,0.0,67.0
-181.0,-241.0,103.0,-27.0,13.0,413.0,-124.0,-679.0,-14.0,186.0
-177.0,15.0,80.0,2.0,33.0,225.0,70.0,-833.0,-24.0,270.0
-162.0,49.0,59.0,12.0,101.0,168.0,176.0,-840.0,-53.0,314.0
-117.0,-14.0,5.0,0.0,93.0,219.0,224.0,-801.0,-64.0,291.0
-121.0,19.0,-3.0,-21.0,102.0,95.0,311.0,-436.0,-73.0,198.0
-105.0,317.0,-48.0,58.0,144.0,-2.0,380.0,-284.0,-74.0,88.0
-81.0,255.0,-62.0,119.0,162.0,182.0,358.0,-264.0,-65.0,-5.0
-69.0,38.0,-81.0,140.0,143.0,150.0,200.0,-408.0,-67.0,-87.0
-65.0,-74.0,-84.0,167.0,153.0,-225.0,40.0,-530.0,-54.0,-138.0
-51.0,-223.0,-55.0,134.0,199.0,-239.0,-99.0,-266.0,-45.0,-161.0
15.0,-268.0,-45.0,76.0,56.0,81.0,-213.0,-101.0,-27.0,-134.0
88.0,-296.0,13.0,-13.0,-18.0,20.0,-318.0,9.0,9.0,-69.0
133.0,-326.0,62.0,-11.0,-66.0,-137.0,-375.0,-64.0,62.0,15.0
82.0,-294.0,73.0,116.0,-111.0,-25.0,-346.0,-160.0,110.0,127.0
39.0,-282.0,65.0,228.0,-156.0,114.0,-300.0,-273.0,128.0,219.0
-43.0,-294.0,55.0,218.0,-208.0,15.0,-283.0,-495.0,146.0,299.0
-96.0,-161.0,-4.0,98.0,-103.0,-135.0,-375.0,-558.0,123.0,366.0
-137.0,123.0,-10.0,-62.0,-13.0,-51.0,-434.0,-720.0,82.0,398.0
-120.0,313.0,-18.0,-209.0,27.0,163.0,-416.0,-729.0,57.0,360.0
-72.0,521.0,-45.0,-307.0,9.0,194.0,-386.0,-776.0,12.0,269.0
-84.0,1113.0,-8.0,-306.0,-60.0,102.0,-418.0,-816.0,-54.0,171.0
-85.0,1436.0,-45.0,-221.0,-98.0,189.0,-469.0,-559.0,-92.0,47.0
-148.0,1255.0,-25.0,-128.0,-36.0,160.0,-428.0,-369.0,-111.0,-68.0
-157.0,1249.0,-7.0,-4.0,66.0,120.0,-384.0,1.0,-125.0,-162.0
-178.0,872.0,-53.0,57.0,99.0,143.0,-358.0,303.0,-123.0,-204.0
-146.0,370.0,-35.0,-12.0,109.0,221.0,-350.0,458.0,-114.0,-218.0
-119.0,292.0,-51.0,-131.0,177.0,277.0,-273.0,546.0,-64.0,-212.0
-108.0,-167.0,-49.0,-221.0,101.0,123.0,-122.0,443.0,-39.0,-138.0
-96.0,-449.0,1.0,-259.0,-10.0,102.0,12.0,397.0,-30.0,-39.0
-100.0,-207.0,-2.0,-248.0,93.0,29.0,72.0,306.0,-9.0,75.0
-75.0,-201.0,10.0,-186.0,38.0,-45.0,76.0,317.0,-32.0,180.0
-94.0,-463.0,40.0,-196.0,-16.0,45.0,107.0,175.0,-71.0,291.0
-70.0,-384.0,0.0,-272.0,21.0,252.0,163.0,-64.0,-112.0,385.0
-74.0,-179.0,-10.0,-204.0,-111.0,260.0,188.0,-271.0,-150.0,417.0
-49.0,-462.0,-37.0,-45.0,-76.0,-27.0,146.0,-600.0,-186.0,431.0
-55.0,-635.0,-96.0,36.0,61.0,-8.0,133.0,-715.0,-205.0,421.0
-20.0,-803.0,-83.0,96.0,-98.0,267.0,168.0,-881.0,-228.0,367.0
15.0,-880.0,-111.0,101.0,-202.0,335.0,180.0,-927.0,-233.0,295.0
23.0,-775.0,-120.0,-2.0,-65.0,-156.0,99.0,-870.0,-218.0,252.0
34.0,-757.0,-101.0,-107.0,-3.0,-317.0,-45.0,-792.0,-206.0,199.0
-15.0,-590.0,-132.0,-148.0,38.0,208.0,-101.0,-484.0,-182.0,134.0
-9.0,-247.0,-152.0,-136.0,9.0,238.0,-63.0,-171.0,-164.0,94.0
-46.0,379.0,-138.0,-103.0,19.0,-56.0,-88.0,243.0,-141.0,52.0
-58.0,514.0,-143.0,-178.0,134.0,6.0,-255.0,373.0,-122.0,13.0
-69.0,525.0,-102.0,-290.0,40.0,202.0,-448.0,247.0,-98.0,-29.0
-33.0,1013.0,-33.0,-352.0,-61.0,118.0,-570.0,46.0,-71.0,-64.0
6.0,1285.0,-36.0,-413.0,-19.0,-31.0,-595.0,-245.0,-56.0,-74.0
42.0,1079.0,-4.0,-359.0,59.0,-6.0,-605.0,-341.0,-17.0,-74.0
34.0,780.0,-12.0,-190.0,138.0,-66.0,-629.0,-312.0,5.0,-72.0
0.0,688.0,-29.0,45.0,39.0,-37.0,-594.0,46.0,20.0,-47.0
29.0,379.0,-28.0,184.0,-20.0,124.0,-486.0,363.0,51.0,-13.0
6.0,94.0,-38.0,231.0,19.0,118.0,-370.0,519.0,87.0,10.0
40.0,-239.0,-6.0,213.0,-46.0,77.0,-300.0,478.0,127.0,51.0
24.0,-497.0,22.0,63.0,-45.0,110.0,-199.0,36.0,147.0,114.0
0.0,-468.0,37.0,-48.0,-119.0,2.0,-93.0,-160.0,165.0,181.0
-59.0,-561.0,19.0,-147.0,-186.0,-283.0,-68.0,-358.0,180.0,238.0
-116.0,-663.0,19.0,-164.0,-92.0,-266.0,-142.0,-545.0,186.0,297.0
-171.0,-598.0,-61.0,-148.0,-104.0,3.0,-227.0,-633.0,197.0,353.0
-208.0,-212.0,-74.0,-202.0,-58.0,-8.0,-244.0,-722.0,191.0,376.0
-219.0,-222.0,-80.0,-256.0,-7.0,-69.0,-209.0,-397.0,180.0,349.0
-288.0,-326.0,-155.0,-324.0,-63.0,90.0,-157.0,-1.0,159.0,307.0
-318.0,42.0,-125.0,-363.0,25.0,219.0,-158.0,485.0,108.0,259.0
-370.0,296.0,-177.0,-350.0,62.0,-4.0,-119.0,692.0,58.0,182.0
-348.0,337.0,-225.0,-328.0,76.0,-267.0,-54.0,565.0,14.0,107.0
-345.0,303.0,-197.0,-265.0,153.0,-88.0,-35.0,439.0,-44.0,24.0
-305.0,377.0,-197.0,-235.0,65.0,93.0,-87.0,70.0,-92.0,-69.0
-255.0,335.0,-220.0,-280.0,43.0,-52.0,-221.0,-160.0,-125.0,-163.0
-189.0,277.0,-159.0,-236.0,96.0,-245.0,-287.0,-325.0,-156.0,-258.0
-126.0,72.0,-171.0,-129.0,10.0,-189.0,-282.0,-201.0,-209.0,-349.0
-90.0,-187.0,-205.0,13.0,-16.0,-7.0,-308.0,142.0,-232.0,-437.0
-51.0,-108.0,-122.0,215.0,-41.0,-45.0,-379.0,354.0,-223.0,-472.0
-81.0,-115.0,-153.0,349.0,-118.0,-62.0,-423.0,441.0,-229.0,-451.0
-74.0,-143.0,-107.0,283.0,33.0,-1.0,-362.0,140.0,-192.0,-407.0
-117.0,-81.0,-99.0,126.0,97.0,-24.0,-238.0,-186.0,-140.0,-340.0
-109.0,111.0,-130.0,21.0,-23.0,-77.0,-182.0,-624.0,-79.0,-254.0
-96.0,257.0,-112.0,-39.0,56.0,-84.0,-183.0,-877.0,-17.0,-193.0
-31.0,75.0,-136.0,-86.0,29.0,14.0,-148.0,-763.0,60.0,-149.0
14.0,-143.0,-128.0,-184.0,-116.0,-85.0,-92.0,-524.0,136.0,-87.0
29.0,-153.0,-146.0,-389.0,-25.0,-173.0,-87.0,53.0,158.0,-29.0
20.0,-256.0,-97.0,-601.0,65.0,-197.0,-138.0,384.0,184.0,19.0
-38.0,-593.0,-116.0,-655.0,64.0,-245.0,-159.0,465.0,181.0,43.0
-46.0,-436.0,-91.0,-566.0,30.0,-68.0,-175.0,430.0,151.0,60.0
-99.0,155.0,-41.0,-388.0,-46.0,33.0,-225.0,275.0,119.0,73.0
-88.0,366.0,-36.0,-234.0,-15.0,90.0,-330.0,114.0,77.0,74.0
-131.0,451.0,52.0,-71.0,-80.0,-94.0,-366.0,-173.0,51.0,80.0
-98.0,647.0,31.0,161.0,-108.0,-219.0,-271.0,-142.0,40.0,65.0
-114.0,661.0,47.0,442.0,-10.0,79.0,-133.0,-33.0,11.0,45.0
-138.0,371.0,83.0,699.0,-117.0,166.0,20.0,38.0,-12.0,7.0
-147.0,-63.0,19.0,773.0,-49.0,-137.0,91.0,64.0,-6.0,-21.0
-227.0,-376.0,15.0,671.0,72.0,-375.0,98.0,-7.0,-28.0,-25.0
-231.0,-690.0,16.0,410.0,31.0,56.0,104.0,166.0,-58.0,-29.0
-293.0,-614.0,-26.0,151.0,142.0,330.0,103.0,96.0,-100.0,-7.0
-239.0,-395.0,-27.0,4.0,216.0,-146.0,54.0,-84.0,-150.0,66.0
-252.0,-360.0,-32.0,-66.0,151.0,-496.0,-35.0,-354.0,-181.0,182.0
-267.0,5.0,-76.0,-131.0,125.0,-237.0,-87.0,-559.0,-200.0,307.0
-292.0,105.0,-85.0,-264.0,113.0,27.0,-73.0,-373.0,-215.0,459.0
-341.0,-170.0,-76.0,-372.0,25.0,-122.0,-57.0,-186.0,-208.0,621.0
-350.0,-248.0,-90.0,-355.0,82.0,-66.0,-99.0,258.0,-169.0,769.0
-405.0,-170.0,-68.0,-214.0,16.0,22.0,-138.0,552.0,-150.0,865.0
-372.0,-387.0,-58.0,-71.0,-111.0,-190.0,-169.0,556.0,-100.0,875.0
-349.0,-578.0,-88.0,37.0,-73.0,-326.0,-241.0,434.0,-53.0,805.0
-309.0,-297.0,-89.0,80.0,-142.0,-225.0,-384.0,192.0,-2.0,651.0
-332.0,0.0,-136.0,25.0,-81.0,-335.0,-514.0,158.0,71.0,438.0
-340.0,253.0,-180.0,-19.0,-109.0,-512.0,-539.0,149.0,97.0,219.0
-335.0,390.0,-135.0,-10.0,-118.0,-290.0,-506.0,388.0,106.0,-6.0
-315.0,390.0,-147.0,34.0,0.0,-199.0,-531.0,493.0,124.0,-209.0
-283.0,548.0,-127.0,162.0,-27.0,-414.0,-588.0,485.0,134.0,-351.0
-272.0,695.0,-83.0,268.0,-55.0,-527.0,-570.0,655.0,117.0,-440.0
-218.0,396.0,-94.0,280.0,-29.0,-201.0,-483.0,600.0,110.0,-456.0
-191.0,350.0,-46.0,276.0,38.0,0.0,-294.0,450.0,94.0,-408.0
-144.0,722.0,-49.0,169.0,-22.0,-281.0,-136.0,101.0,58.0,-291.0
-147.0,526.0,-49.0,-11.0,-68.0,-293.0,-26.0,-125.0,44.0,-136.0
-120.0,155.0,-5.0,-159.0,-97.0,-16.0,122.0,-262.0,13.0,13.0
-101.0,-71.0,3.0,-267.0,-53.0,-154.0,252.0,-334.0,-41.0,151.0
-69.0,-240.0,36.0,-346.0,31.0,-568.0,314.0,-88.0,-104.0,235.0
-47.0,-397.0,57.0,-382.0,-43.0,-521.0,289.0,75.0,-174.0,231.0
-73.0,-565.0,68.0,-360.0,-27.0,-173.0,292.0,391.0,-237.0,178.0
-99.0,-647.0,93.0,-230.0,13.0,-277.0,324.0,561.0,-301.0,116.0
-137.0,-802.0,117.0,-20.0,45.0,-557.0,339.0,596.0,-360.0,10.0
-125.0,-752.0,108.0,186.0,26.0,-384.0,334.0,650.0,-395.0,-109.0
-115.0,-730.0,95.0,262.0,-41.0,-330.0,309.0,421.0,-399.0,-200.0
-71.0,-694.0,95.0,214.0,76.0,-588.0,327.0,242.0,-378.0,-245.0
-35.0,-212.0,83.0,106.0,186.0,-671.0,342.0,-12.0,-347.0,-254.0
49.0,244.0,76.0,32.0,3.0,-453.0,286.0,-31.0,-290.0,-244.0
142.0,633.0,49.0,112.0,25.0,-351.0,159.0,18.0,-210.0,-190.0
185.0,676.0,64.0,121.0,187.0,-618.0,54.0,151.0,-103.0,-144.0
195.0,369.0,82.0,55.0,43.0,-624.0,1.0,513.0,-8.0,-115.0
191.0,379.0,74.0,-79.0,72.0,-477.0,-4.0,367.0,51.0,-86.0
196.0,263.0,127.0,-173.0,29.0,-547.0,-44.0,171.0,127.0,-77.0
176.0,-34.0,112.0,-117.0,-23.0,-667.0,-110.0,-14.0,150.0,-83.0
202.0,-14.0,75.0,-96.0,135.0,-580.0,-94.0,-73.0,144.0,-101.0
203.0,285.0,139.0,-61.0,-29.0,-319.0,-23.0,114.0,152.0,-115.0
192.0,329.0,116.0,-13.0,-57.0,-245.0,7.0,164.0,121.0,-118.0
165.0,178.0,98.0,-45.0,139.0,-221.0,-71.0,149.0,99.0,-108.0
147.0,227.0,119.0,-48.0,69.0,-129.0,-149.0,-99.0,90.0,-88.0
108.0,108.0,60.0,27.0,33.0,-288.0,-182.0,-151.0,75.0,-39.0
83.0,-106.0,84.0,-3.0,75.0,-446.0,-231.0,-24.0,84.0,22.0
92.0,-281.0,92.0,-129.0,-17.0,-296.0,-303.0,260.0,86.0,49.0
69.0,-390.0,64.0,-273.0,66.0,-210.0,-337.0,696.0,86.0,74.0
55.0,-288.0,70.0,-266.0,168.0,-254.0,-313.0,735.0,107.0,71.0
6.0,108.0,32.0,-169.0,23.0,-384.0,-203.0,659.0,114.0,3.0
-22.0,369.0,-11.0,-103.0,47.0,-244.0,-63.0,463.0,141.0,-85.0
-59.0,496.0,-47.0,14.0,130.0,-42.0,19.0,406.0,151.0,-157.0
-51.0,848.0,-85.0,94.0,62.0,-305.0,111.0,633.0,112.0,-236.0
-9.0,910.0,-102.0,204.0,41.0,-479.0,172.0,842.0,82.0,-311.0
19.0,736.0,-72.0,243.0,96.0,-287.0,218.0,977.0,37.0,-327.0
15.0,552.0,-95.0,211.0,156.0,-153.0,202.0,672.0,-6.0,-301.0
-54.0,486.0,-85.0,246.0,132.0,-440.0,143.0,304.0,-18.0,-237.0
-132.0,202.0,-56.0,252.0,58.0,-464.0,143.0,40.0,-18.0,-144.0
-189.0,-100.0,-69.0,173.0,-47.0,-104.0,155.0,-38.0,-18.0,-33.0
-188.0,64.0,-22.0,77.0,-34.0,61.0,106.0,125.0,-30.0,98.0
-210.0,-3.0,16.0,43.0,72.0,-36.0,-9.0,118.0,-34.0,228.0
-235.0,-180.0,18.0,55.0,-73.0,-169.0,-65.0,118.0,-37.0,364.0
-247.0,-290.0,45.0,37.0,-29.0,-20.0,-49.0,-121.0,-57.0,504.0
-253.0,-612.0,40.0,3.0,269.0,-75.0,-4.0,-354.0,-67.0,601.0
-269.0,-878.0,-10.0,31.0,82.0,-285.0,-19.0,-339.0,-66.0,642.0
-279.0,-787.0,22.0,41.0,-41.0,-446.0,-65.0,-155.0,-44.0,639.0
-246.0,-794.0,2.0,58.0,104.0,-439.0,-45.0,393.0,-17.0,607.0
-200.0,-975.0,-3.0,103.0,-120.0,-231.0,7.0,827.0,-8.0,535.0
-147.0,-808.0,33.0,92.0,-78.0,-210.0,67.0,1025.0,6.0,405.0
-143.0,-721.0,-22.0,40.0,81.0,-222.0,131.0,816.0,19.0,291.0
-166.0,-788.0,-18.0,-36.0,-239.0,-317.0,233.0,489.0,10.0,187.0
-203.0,-659.0,-34.0,3.0,-98.0,-317.0,309.0,210.0,0.0,75.0
-203.0,-482.0,-82.0,91.0,115.0,-243.0,330.0,-97.0,4.0,7.0
-182.0,-116.0,-86.0,51.0,-203.0,-220.0,260.0,-105.0,-4.0,-39.0
-167.0,334.0,-82.0,-8.0,-126.0,-242.0,176.0,-136.0,-12.0,-48.0
-92.0,424.0,-111.0,-68.0,-6.0,-307.0,158.0,79.0,1.0,-38.0
-6.0,482.0,-106.0,-105.0,-90.0,-144.0,165.0,315.0,7.0,-11.0
0.0,732.0,-72.0,-121.0,5.0,-116.0,166.0,393.0,5.0,55.0
-41.0,618.0,-106.0,-85.0,-72.0,-212.0,105.0,613.0,18.0,96.0
-52.0,250.0,-88.0,-27.0,-105.0,-235.0,54.0,642.0,33.0,117.0
-59.0,146.0,-70.0,-22.0,84.0,-144.0,12.0,628.0,40.0,115.0
-70.0,185.0,-38.0,5.0,-6.0,-116.0,3.0,400.0,53.0,89.0
-85.0,80.0,-11.0,4.0,-164.0,-233.0,-26.0,284.0,30.0,48.0
-53.0,-148.0,-17.0,-84.0,-46.0,-136.0,-91.0,436.0,12.0,0.0
9.0,-257.0,13.0,-155.0,-49.0,-45.0,-111.0,593.0,9.0,-54.0
38.0,-255.0,28.0,-145.0,-148.0,-103.0,-151.0,872.0,-17.0,-116.0
7.0,-139.0,48.0,-115.0,-159.0,-199.0,-241.0,827.0,-3.0,-159.0
-20.0,-367.0,34.0,-69.0,-114.0,-71.0,-369.0,750.0,10.0,-207.0
13.0,-651.0,34.0,22.0,-164.0,39.0,-425.0,698.0,19.0,-241.0
31.0,-333.0,28.0,142.0,-156.0,31.0,-400.0,528.0,41.0,-285.0
46.0,-292.0,3.0,277.0,-125.0,174.0,-321.0,303.0,83.0,-343.0
71.0,-412.0,-15.0,455.0,-313.0,159.0,-253.0,-84.0,138.0,-363.0
95.0,-325.0,-37.0,535.0,-148.0,-158.0,-194.0,-256.0,175.0,-366.0
62.0,-118.0,-34.0,501.0,-9.0,-428.0,-73.0,-369.0,221.0,-337.0
-7.0,146.0,-81.0,435.0,-156.0,-258.0,76.0,-234.0,229.0,-293.0
-35.0,155.0,-58.0,286.0,-66.0,-172.0,172.0,116.0,217.0,-217.0
-76.0,345.0,-64.0,117.0,-16.0,-232.0,169.0,334.0,205.0,-137.0
-127.0,435.0,-85.0,74.0,-81.0,-215.0,175.0,559.0,177.0,-72.0
-119.0,350.0,-14.0,169.0,39.0,-213.0,185.0,424.0,161.0,26.0
-59.0,345.0,-5.0,266.0,21.0,-226.0,201.0,210.0,125.0,114.0
-7.0,-21.0,29.0,286.0,-48.0,-329.0,166.0,70.0,71.0,190.0
11.0,-87.0,61.0,269.0,206.0,-72.0,101.0,70.0,35.0,270.0
-10.0,60.0,74.0,263.0,72.0,175.0,76.0,328.0,6.0,329.0
-35.0,-214.0,92.0,152.0,-49.0,7.0,42.0,424.0,6.0,362.0
-59.0,-280.0,108.0,125.0,180.0,-123.0,-44.0,552.0,18.0,362.0
-51.0,-146.0,128.0,259.0,105.0,-58.0,-205.0,533.0,18.0,331.0
10.0,-128.0,104.0,311.0,-25.0,0.0,-266.0,439.0,33.0,273.0
54.0,-252.0,117.0,381.0,-99.0,64.0,-251.0,321.0,46.0,173.0
82.0,-228.0,127.0,492.0,-98.0,185.0,-229.0,160.0,47.0,35.0
70.0,-7.0,107.0,468.0,-93.0,53.0,-224.0,212.0,59.0,-99.0
47.0,-183.0,105.0,301.0,-93.0,-269.0,-247.0,57.0,72.0,-234.0
27.0,-382.0,74.0,198.0,-112.0,-353.0,-196.0,-86.0,82.0,-349.0
0.0,-357.0,35.0,176.0,-144.0,-227.0,-118.0,-153.0,95.0,-432.0
-16.0,-211.0,60.0,64.0,-33.0,-340.0,-115.0,-18.0,117.0,-464.0
-27.0,-19.0,79.0,-23.0,-22.0,-381.0,-180.0,443.0,143.0,-464.0
-34.0,-114.0,56.0,-13.0,-96.0,-56.0,-228.0,759.0,145.0,-444.0
-28.0,160.0,61.0,-67.0,-50.0,-85.0,-250.0,827.0,133.0,-358.0
-15.0,511.0,22.0,-169.0,57.0,-331.0,-253.0,537.0,104.0,-253.0
-21.0,456.0,2.0,-238.0,90.0,-15.0,-269.0,380.0,71.0,-137.0
-59.0,454.0,6.0,-267.0,153.0,418.0,-291.0,363.0,25.0,-37.0
-48.0,371.0,-33.0,-252.0,89.0,93.0,-206.0,299.0,-20.0,18.0
-17.0,463.0,-12.0,-192.0,33.0,-369.0,-63.0,375.0,-48.0,46.0
-32.0,499.0,-5.0,-48.0,92.0,-11.0,7.0,336.0,-62.0,6.0
-30.0,127.0,-33.0,141.0,-51.0,252.0,25.0,384.0,-42.0,-68.0
-23.0,-172.0,-3.0,215.0,-131.0,-73.0,6.0,369.0,-38.0,-169.0
-15.0,-163.0,33.0,246.0,-85.0,-196.0,-45.0,297.0,-33.0,-291.0
-62.0,-123.0,41.0,274.0,-79.0,154.0,-64.0,260.0,-9.0,-398.0
-123.0,-377.0,74.0,259.0,-162.0,420.0,-127.0,90.0,-4.0,-490.0
-143.0,-814.0,110.0,259.0,-128.0,146.0,-165.0,-22.0,8.0,-542.0
-138.0,-866.0,135.0,259.0,-103.0,112.0,-98.0,-212.0,18.0,-568.0
-93.0,-751.0,157.0,277.0,-127.0,335.0,14.0,-181.0,40.0,-563.0
-43.0,-922.0,178.0,253.0,6.0,283.0,126.0,-11.0,62.0,-502.0
0.0,-661.0,178.0,173.0,-122.0,100.0,158.0,186.0,55.0,-416.0
-31.0,-180.0,175.0,47.0,-131.0,-76.0,183.0,460.0,47.0,-323.0
-71.0,203.0,195.0,-76.0,175.0,110.0,248.0,458.0,27.0,-220.0
-81.0,502.0,145.0,-215.0,135.0,350.0,300.0,437.0,35.0,-132.0
-105.0,499.0,172.0,-363.0,47.0,329.0,256.0,149.0,40.0,-82.0
-94.0,614.0,210.0,-420.0,283.0,281.0,149.0,-103.0,30.0,-51.0
-92.0,822.0,189.0,-334.0,256.0,321.0,48.0,-59.0,56.0,-44.0
-108.0,699.0,249.0,-192.0,174.0,443.0,-88.0,38.0,57.0,-62.0
-83.0,391.0,253.0,-117.0,237.0,298.0,-273.0,369.0,42.0,-78.0
-40.0,333.0,233.0,34.0,32.0,60.0,-488.0,480.0,21.0,-118.0
-9.0,206.0,226.0,79.0,77.0,159.0,-617.0,519.0,-30.0,-134.0
-5.0,-26.0,171.0,-9.0,42.0,359.0,-552.0,371.0,-91.0,-126.0
-18.0,-405.0,152.0,32.0,-155.0,439.0,-394.0,73.0,-152.0,-129.0
0.0,-706.0,146.0,156.0,31.0,315.0,-325.0,-144.0,-189.0,-101.0
40.0,-795.0,100.0,363.0,-32.0,155.0,-288.0,-406.0,-221.0,-47.0
69.0,-1174.0,94.0,539.0,-141.0,196.0,-179.0,-169.0,-245.0,-3.0
73.0,-1161.0,86.0,650.0,-61.0,289.0,-22.0,84.0,-247.0,44.0
80.0,-863.0,40.0,666.0,-208.0,393.0,140.0,306.0,-230.0,112.0
84.0,-682.0,32.0,487.0,-67.0,285.0,197.0,448.0,-206.0,153.0
120.0,-280.0,31.0,263.0,75.0,114.0,178.0,221.0,-177.0,166.0
163.0,226.0,43.0,56.0,-179.0,352.0,208.0,81.0,-150.0,169.0
201.0,464.0,68.0,-30.0,-45.0,538.0,253.0,-136.0,-120.0,130.0
253.0,662.0,40.0,-70.0,20.0,313.0,213.0,-109.0,-64.0,59.0
248.0,937.0,-13.0,-146.0,-7.0,124.0,147.0,81.0,-32.0,-24.0
248.0,744.0,-26.0,-166.0,156.0,342.0,115.0,251.0,2.0,-108.0
238.0,722.0,-72.0,-235.0,-115.0,442.0,138.0,384.0,41.0,-180.0
207.0,798.0,-96.0,-243.0,-22.0,170.0,153.0,192.0,94.0,-229.0
173.0,551.0,-98.0,-193.0,182.0,93.0,82.0,88.0,163.0,-265.0
147.0,557.0,-136.0,-146.0,-73.0,162.0,20.0,-147.0,201.0,-266.0
152.0,610.0,-133.0,-25.0,40.0,-20.0,-3.0,-378.0,254.0,-252.0
150.0,584.0,-126.0,55.0,192.0,-240.0,-58.0,-465.0,302.0,-255.0
143.0,381.0,-82.0,88.0,152.0,-14.0,-112.0,-585.0,321.0,-261.0
125.0,91.0,-62.0,124.0,174.0,254.0,-162.0,-469.0,321.0,-269.0
149.0,156.0,-45.0,154.0,40.0,207.0,-174.0,-351.0,302.0,-296.0
165.0,24.0,30.0,124.0,31.0,133.0,-88.0,-59.0,260.0,-336.0
117.0,-270.0,71.0,47.0,229.0,154.0,-77.0,123.0,219.0,-373.0
0.0,-256.0,140.0,-4.0,63.0,141.0,-138.0,88.0,172.0,-417.0
-90.0,-195.0,215.0,-132.0,-17.0,0.0,-157.0,59.0,78.0,-448.0
-73.0,-115.0,249.0,-221.0,38.0,10.0,-107.0,-103.0,-5.0,-443.0
-57.0,-120.0,291.0,-167.0,-155.0,82.0,-23.0,68.0,-93.0,-413.0
-7.0,-112.0,298.0,-125.0,-2.0,173.0,-40.0,319.0,-179.0,-342.0
74.0,10.0,305.0,-81.0,-68.0,232.0,-58.0,443.0,-247.0,-230.0
118.0,265.0,297.0,9.0,-201.0,199.0,-42.0,484.0,-294.0,-97.0
123.0,531.0,259.0,131.0,74.0,174.0,40.0,509.0,-315.0,38.0
79.0,481.0,270.0,152.0,-35.0,112.0,132.0,393.0,-316.0,166.0
27.0,626.0,244.0,82.0,-97.0,245.0,105.0,-94.0,-274.0,284.0
-10.0,999.0,226.0,-19.0,51.0,469.0,49.0,-269.0,-225.0,375.0
4.0,850.0,223.0,-190.0,64.0,520.0,28.0,-338.0,-186.0,431.0
51.0,424.0,171.0,-308.0,121.0,246.0,62.0,-382.0,-150.0,468.0
48.0,327.0,147.0,-372.0,99.0,33.0,36.0,-428.0,-103.0,470.0
44.0,421.0,111.0,-431.0,26.0,122.0,4.0,-663.0,-64.0,413.0
31.0,392.0,96.0,-411.0,219.0,166.0,65.0,-650.0,-28.0,327.0
17.0,230.0,95.0,-326.0,234.0,110.0,166.0,-543.0,19.0,214.0
-10.0,280.0,67.0,-219.0,28.0,63.0,202.0,-317.0,36.0,75.0
-81.0,309.0,88.0,-81.0,66.0,265.0,121.0,-229.0,37.0,-55.0
-117.0,243.0,93.0,16.0,-15.0,454.0,59.0,-151.0,53.0,-171.0
-99.0,361.0,67.0,70.0,50.0,402.0,17.0,18.0,60.0,-250.0
-73.0,224.0,85.0,59.0,79.0,217.0,-40.0,-49.0,58.0,-319.0
-81.0,87.0,79.0,67.0,-133.0,21.0,-152.0,-38.0,68.0,-383.0
-82.0,125.0,66.0,131.0,-56.0,16.0,-293.0,-158.0,79.0,-396.0
-50.0,21.0,96.0,59.0,34.0,-16.0,-368.0,-86.0,103.0,-362.0
-9.0,-149.0,69.0,3.0,44.0,-50.0,-356.0,138.0,148.0,-305.0
-25.0,-119.0,38.0,10.0,30.0,120.0,-312.0,64.0,201.0,-217.0
-60.0,91.0,57.0,34.0,13.0,285.0,-322.0,22.0,221.0,-70.0
-59.0,173.0,32.0,100.0,87.0,261.0,-283.0,-59.0,228.0,81.0
-29.0,300.0,20.0,79.0,178.0,-9.0,-171.0,-59.0,242.0,224.0
19.0,345.0,39.0,-24.0,78.0,-183.0,-34.0,-219.0,221.0,353.0
37.0,519.0,6.0,-131.0,-29.0,-89.0,70.0,-415.0,217.0,414.0
44.0,760.0,4.0,-149.0,59.0,23.0,162.0,-360.0,201.0,419.0
49.0,545.0,7.0,-81.0,45.0,144.0,310.0,-325.0,172.0,362.0
80.0,402.0,-32.0,-45.0,-53.0,325.0,440.0,-140.0,162.0,261.0
95.0,427.0,-31.0,-49.0,-102.0,513.0,481.0,-114.0,141.0,125.0
57.0,416.0,-40.0,-22.0,-40.0,452.0,397.0,-121.0,107.0,-39.0
0.0,461.0,-49.0,-20.0,26.0,220.0,294.0,-203.0,52.0,-172.0
-44.0,511.0,-39.0,0.0,13.0,39.0,233.0,-471.0,7.0,-262.0
-83.0,237.0,-53.0,89.0,23.0,65.0,165.0,-528.0,-21.0,-300.0
-114.0,27.0,-35.0,175.0,14.0,141.0,20.0,-572.0,-52.0,-287.0
-80.0,51.0,-23.0,253.0,64.0,-27.0,-148.0,-258.0,-107.0,-220.0
-37.0,-356.0,-17.0,262.0,89.0,-45.0,-211.0,35.0,-145.0,-97.0
-8.0,-642.0,-12.0,152.0,-12.0,143.0,-189.0,153.0,-159.0,33.0
4.0,-928.0,21.0,-24.0,9.0,218.0,-191.0,424.0,-188.0,175.0
50.0,-1248.0,48.0,-215.0,17.0,125.0,-265.0,400.0,-182.0,307.0
117.0,-1248.0,27.0,-305.0,-49.0,54.0,-285.0,290.0,-147.0,415.0
157.0,-1534.0,65.0,-262.0,-23.0,156.0,-254.0,12.0,-93.0,499.0
165.0,-1610.0,58.0,-247.0,-14.0,179.0,-243.0,-341.0,-21.0,544.0
156.0,-1389.0,42.0,-205.0,57.0,0.0,-269.0,-582.0,45.0,542.0
175.0,-1314.0,11.0,-132.0,62.0,-221.0,-313.0,-650.0,127.0,463.0
208.0,-1072.0,-16.0,-79.0,-65.0,-228.0,-278.0,-550.0,213.0,323.0
241.0,-523.0,-20.0,6.0,16.0,-22.0,-144.0,-593.0,281.0,160.0
266.0,-58.0,-75.0,51.0,174.0,60.0,3.0,-397.0,325.0,-20.0
272.0,328.0,-85.0,125.0,28.0,68.0,124.0,-253.0,357.0,-220.0
215.0,894.0,-120.0,193.0,-35.0,42.0,257.0,-267.0,369.0,-392.0
137.0,991.0,-118.0,163.0,93.0,-4.0,408.0,-169.0,366.0,-507.0
92.0,831.0,-117.0,135.0,13.0,-37.0,522.0,25.0,338.0,-565.0
22.0,1237.0,-162.0,98.0,20.0,-74.0,520.0,424.0,296.0,-565.0
-16.0,1387.0,-170.0,-27.0,-33.0,106.0,498.0,572.0,261.0,-511.0
51.0,855.0,-167.0,-107.0,-103.0,158.0,466.0,563.0,189.0,-396.0
122.0,711.0,-174.0,-152.0,124.0,-125.0,380.0,306.0,118.0,-279.0
127.0,603.0,-153.0,-224.0,62.0,-228.0,236.0,-99.0,75.0,-144.0
111.0,156.0,-102.0,-193.0,-54.0,13.0,37.0,-240.0,17.0,-8.0
95.0,-27.0,-81.0,-191.0,71.0,127.0,-97.0,-391.0,-18.0,80.0
117.0,-260.0,-30.0,-192.0,92.0,135.0,-171.0,-380.0,-52.0,150.0
146.0,-452.0,0.0,-97.0,86.0,292.0,-252.0,-388.0,-98.0,195.0
140.0,-712.0,-18.0,-13.0,42.0,333.0,-389.0,-334.0,-132.0,230.0
123.0,-1007.0,1.0,12.0,-35.0,232.0,-478.0,-203.0,-188.0,212.0
87.0,-886.0,16.0,-17.0,17.0,281.0,-461.0,-254.0,-234.0,161.0
46.0,-799.0,-21.0,-69.0,-10.0,620.0,-368.0,-214.0,-249.0,111.0
22.0,-793.0,24.0,-104.0,-230.0,618.0,-327.0,-230.0,-243.0,36.0
0.0,-661.0,13.0,-47.0,-212.0,303.0,-378.0,-147.0,-225.0,-48.0
-26.0,-364.0,-19.0,77.0,-29.0,267.0,-364.0,-227.0,-200.0,-130.0
-71.0,-35.0,11.0,145.0,-83.0,365.0,-341.0,-395.0,-186.0,-185.0
-64.0,302.0,-68.0,162.0,-167.0,418.0,-260.0,-169.0,-182.0,-214.0
-43.0,630.0,-79.0,175.0,-87.0,277.0,-166.0,158.0,-185.0,-212.0
-80.0,657.0,-85.0,103.0,-82.0,315.0,-76.0,502.0,-218.0,-210.0
-84.0,621.0,-155.0,19.0,-96.0,620.0,46.0,532.0,-249.0,-193.0
-85.0,798.0,-150.0,-45.0,-13.0,578.0,107.0,330.0,-275.0,-151.0
-84.0,761.0,-156.0,-89.0,-129.0,421.0,131.0,-64.0,-281.0,-99.0
-84.0,403.0,-165.0,-161.0,-125.0,391.0,71.0,-461.0,-291.0,-42.0
-98.0,218.0,-113.0,-264.0,100.0,304.0,65.0,-482.0,-292.0,-6.0
-27.0,226.0,-121.0,-262.0,39.0,288.0,122.0,-428.0,-279.0,30.0
67.0,-75.0,-149.0,-206.0,-40.0,364.0,159.0,-144.0,-253.0,69.0
133.0,-491.0,-124.0,-107.0,115.0,469.0,122.0,-12.0,-204.0,112.0
158.0,-474.0,-175.0,-42.0,73.0,395.0,10.0,-127.0,-192.0,138.0
139.0,-729.0,-190.0,2.0,-28.0,313.0,-24.0,-173.0,-166.0,125.0
126.0,-946.0,-132.0,14.0,4.0,385.0,-42.0,-264.0,-137.0,107.0
108.0,-677.0,-131.0,-8.0,-102.0,293.0,-56.0,-97.0,-120.0,104.0
83.0,-503.0,-139.0,64.0,25.0,63.0,-106.0,35.0,-100.0,87.0
57.0,-477.0,-125.0,126.0,149.0,-7.0,-143.0,179.0,-87.0,60.0
59.0,-399.0,-127.0,90.0,-4.0,131.0,-91.0,349.0,-40.0,37.0
82.0,-100.0,-167.0,3.0,43.0,120.0,-40.0,384.0,0.0,30.0
68.0,-261.0,-167.0,-20.0,98.0,37.0,-57.0,347.0,16.0,9.0
69.0,-317.0,-186.0,-55.0,47.0,104.0,-59.0,-72.0,17.0,-38.0
70.0,-196.0,-261.0,-128.0,90.0,235.0,23.0,-327.0,10.0,-62.0
36.0,-250.0,-224.0,-150.0,69.0,159.0,125.0,-497.0,7.0,-79.0
11.0,-68.0,-203.0,-215.0,55.0,-41.0,215.0,-667.0,-6.0,-104.0
-8.0,-94.0,-198.0,-337.0,269.0,7.0,232.0,-558.0,-11.0,-120.0
7.0,-126.0,-156.0,-414.0,249.0,37.0,215.0,-408.0,-22.0,-127.0
32.0,-277.0,-186.0,-380.0,60.0,-68.0,169.0,-38.0,-59.0,-144.0
57.0,-136.0,-206.0,-276.0,99.0,22.0,87.0,84.0,-80.0,-153.0
98.0,145.0,-228.0,-140.0,54.0,257.0,-9.0,-5.0,-94.0,-137.0
95.0,132.0,-248.0,-58.0,6.0,98.0,-63.0,-142.0,-103.0,-112.0
78.0,304.0,-254.0,-41.0,50.0,-158.0,16.0,-308.0,-100.0,-78.0
63.0,440.0,-259.0,-36.0,-36.0,-8.0,132.0,-195.0,-104.0,-50.0
87.0,651.0,-235.0,-31.0,-77.0,294.0,198.0,-84.0,-105.0,-4.0
116.0,620.0,-242.0,46.0,24.0,319.0,204.0,258.0,-98.0,58.0
97.0,377.0,-237.0,117.0,-50.0,10.0,205.0,569.0,-73.0,87.0
74.0,346.0,-202.0,158.0,-158.0,-79.0,235.0,641.0,-45.0,75.0
50.0,216.0,-249.0,107.0,-65.0,14.0,250.0,513.0,-1.0,49.0
54.0,65.0,-243.0,-31.0,-101.0,46.0,201.0,101.0,33.0,0.0
42.0,-59.0,-199.0,-145.0,-288.0,-10.0,115.0,-169.0,36.0,-52.0
43.0,-85.0,-222.0,-298.0,-211.0,-27.0,24.0,-526.0,60.0,-137.0
93.0,170.0,-172.0,-422.0,-40.0,92.0,-12.0,-655.0,60.0,-249.0
124.0,224.0,-158.0,-492.0,-137.0,103.0,-1.0,-502.0,47.0,-310.0
118.0,86.0,-155.0,-500.0,-94.0,283.0,-57.0,-330.0,30.0,-368.0
89.0,176.0,-96.0,-355.0,-11.0,494.0,-96.0,-18.0,5.0,-376.0
117.0,331.0,-108.0,-169.0,-139.0,436.0,-52.0,60.0,-34.0,-337.0
144.0,220.0,-110.0,-72.0,-67.0,173.0,10.0,114.0,-83.0,-279.0
147.0,100.0,-58.0,-11.0,-4.0,27.0,0.0,105.0,-90.0,-175.0
125.0,148.0,-53.0,15.0,3.0,275.0,-21.0,101.0,-106.0,-49.0
90.0,-107.0,-12.0,59.0,191.0,317.0,26.0,214.0,-111.0,114.0
86.0,-233.0,52.0,85.0,221.0,271.0,93.0,234.0,-104.0,265.0
71.0,-25.0,46.0,89.0,46.0,394.0,155.0,358.0,-88.0,398.0
63.0,-86.0,67.0,152.0,95.0,406.0,180.0,227.0,-46.0,508.0
56.0,-225.0,94.0,200.0,208.0,347.0,236.0,-7.0,-28.0,569.0
70.0,0.0,68.0,223.0,188.0,292.0,336.0,-109.0,22.0,581.0
56.0,8.0,85.0,184.0,181.0,420.0,428.0,-99.0,71.0,508.0
45.0,-257.0,107.0,172.0,119.0,370.0,419.0,90.0,98.0,420.0
17.0,-130.0,58.0,173.0,211.0,218.0,349.0,44.0,149.0,318.0
-41.0,-40.0,50.0,190.0,259.0,400.0,326.0,-123.0,181.0,168.0
-50.0,-318.0,67.0,227.0,116.0,406.0,303.0,-421.0,198.0,29.0
-58.0,-652.0,27.0,168.0,-23.0,81.0,251.0,-659.0,206.0,-97.0
-13.0,-751.0,12.0,145.0,-72.0,-39.0,185.0,-683.0,177.0,-198.0
27.0,-754.0,15.0,127.0,70.0,324.0,130.0,-630.0,138.0,-261.0
62.0,-720.0,-42.0,38.0,-91.0,579.0,91.0,-352.0,95.0,-284.0
68.0,-656.0,-54.0,-110.0,-351.0,345.0,75.0,-339.0,43.0,-254.0
49.0,-584.0,-91.0,-207.0,-154.0,325.0,-14.0,-330.0,1.0,-188.0
34.0,-339.0,-136.0,-342.0,-32.0,662.0,-94.0,-160.0,-44.0,-97.0
0.0,-223.0,-103.0,-440.0,-189.0,624.0,-72.0,182.0,-92.0,12.0
10.0,-219.0,-147.0,-366.0,-224.0,292.0,1.0,685.0,-124.0,123.0
34.0,-260.0,-156.0,-285.0,-249.0,316.0,49.0,713.0,-109.0,201.0
75.0,-265.0,-159.0,-157.0,-152.0,381.0,-26.0,565.0,-100.0,274.0
110.0,-161.0,-196.0,-43.0,-4.0,107.0,-38.0,168.0,-96.0,337.0
139.0,-176.0,-192.0,105.0,-168.0,72.0,24.0,-214.0,-80.0,347.0
136.0,-101.0,-174.0,155.0,-104.0,464.0,44.0,-399.0,-52.0,320.0
92.0,69.0,-158.0,136.0,118.0,640.0,-9.0,-574.0,0.0,300.0
34.0,339.0,-143.0,161.0,113.0,383.0,-83.0,-415.0,22.0,288.0
11.0,773.0,-141.0,186.0,106.0,301.0,-56.0,-249.0,53.0,250.0
5.0,1020.0,-162.0,213.0,32.0,573.0,48.0,-18.0,87.0,209.0
-15.0,1054.0,-128.0,105.0,6.0,625.0,130.0,114.0,121.0,187.0
-7.0,1184.0,-143.0,-13.0,115.0,341.0,85.0,109.0,141.0,175.0
-4.0,1361.0,-155.0,-124.0,21.0,231.0,53.0,157.0,131.0,165.0
1.0,1164.0,-114.0,-189.0,-44.0,349.0,82.0,103.0,121.0,158.0
-23.0,864.0,-130.0,-262.0,113.0,158.0,66.0,243.0,96.0,156.0
-24.0,788.0,-135.0,-356.0,149.0,35.0,-13.0,182.0,80.0,139.0
-29.0,585.0,-116.0,-439.0,44.0,333.0,-113.0,44.0,46.0,120.0
-51.0,335.0,-130.0,-456.0,-71.0,632.0,-168.0,70.0,15.0,117.0
-82.0,148.0,-112.0,-352.0,-4.0,492.0,-162.0,-1.0,-5.0,85.0
-92.0,-39.0,-81.0,-284.0,28.0,108.0,-107.0,121.0,-20.0,24.0
-33.0,-440.0,-117.0,-152.0,-106.0,271.0,-53.0,90.0,-39.0,-29.0
0.0,-691.0,-110.0,-67.0,-92.0,360.0,6.0,-166.0,-40.0,-74.0
44.0,-605.0,-112.0,-89.0,-113.0,169.0,76.0,-513.0,-12.0,-105.0
43.0,-788.0,-173.0,-36.0,-39.0,169.0,212.0,-770.0,-8.0,-143.0
36.0,-967.0,-166.0,-1.0,114.0,332.0,319.0,-724.0,17.0,-168.0
32.0,-1005.0,-160.0,-7.0,-99.0,462.0,341.0,-546.0,28.0,-179.0
0.0,-855.0,-163.0,117.0,-67.0,164.0,358.0,-168.0,21.0,-178.0
-28.0,-644.0,-155.0,254.0,137.0,62.0,359.0,64.0,21.0,-172.0
-22.0,-331.0,-154.0,245.0,-94.0,76.0,316.0,301.0,-14.0,-190.0
6.0,30.0,-112.0,91.0,-45.0,204.0,205.0,345.0,-51.0,-205.0
18.0,80.0,-104.0,-58.0,14.0,468.0,171.0,121.0,-91.0,-219.0
48.0,353.0,-95.0,-114.0,-99.0,297.0,205.0,216.0,-139.0,-242.0
46.0,521.0,-58.0,-173.0,151.0,92.0,245.0,273.0,-190.0,-253.0
32.0,425.0,-51.0,-164.0,102.0,43.0,213.0,426.0,-245.0,-276.0
-26.0,118.0,-50.0,-171.0,-139.0,205.0,98.0,498.0,-305.0,-320.0
-48.0,-312.0,-42.0,-288.0,121.0,48.0,48.0,258.0,-348.0,-343.0
-24.0,-397.0,-44.0,-423.0,203.0,-257.0,42.0,-144.0,-382.0,-325.0
8.0,-731.0,-79.0,-464.0,-70.0,62.0,25.0,-580.0,-404.0,-307.0
33.0,-1117.0,-61.0,-498.0,108.0,298.0,-65.0,-630.0,-393.0,-303.0
21.0,-756.0,-58.0,-480.0,123.0,35.0,-209.0,-558.0,-370.0,-274.0
23.0,-578.0,-72.0,-292.0,5.0,-229.0,-315.0,-334.0,-320.0,-237.0
-21.0,-990.0,-59.0,-102.0,200.0,-42.0,-310.0,-86.0,-262.0,-219.0
-52.0,-863.0,-94.0,83.0,34.0,112.0,-295.0,88.0,-197.0,-210.0
-81.0,-586.0,-93.0,233.0,-7.0,-150.0,-297.0,279.0,-115.0,-224.0
-96.0,-546.0,-89.0,327.0,120.0,-200.0,-221.0,201.0,-44.0,-255.0
-111.0,-313.0,-110.0,370.0,22.0,-33.0,-96.0,44.0,26.0,-316.0
-139.0,45.0,-67.0,330.0,-16.0,-25.0,28.0,-110.0,82.0,-403.0
-170.0,496.0,-62.0,292.0,-55.0,-54.0,64.0,138.0,127.0,-495.0
-214.0,751.0,-70.0,280.0,-92.0,16.0,89.0,430.0,184.0,-597.0
-229.0,1087.0,-2.0,313.0,-84.0,80.0,151.0,299.0,216.0,-677.0
-197.0,1497.0,36.0,291.0,-83.0,-22.0,146.0,334.0,228.0,-729.0
-122.0,1390.0,62.0,177.0,-98.0,-8.0,46.0,254.0,248.0,-737.0
-92.0,1290.0,128.0,93.0,-126.0,237.0,-87.0,16.0,238.0,-677.0
-60.0,1330.0,152.0,-13.0,-106.0,208.0,-148.0,-365.0,230.0,-565.0
-44.0,1096.0,165.0,-128.0,-58.0,75.0,-122.0,-855.0,244.0,-415.0
-1.0,1012.0,204.0,-199.0,-132.0,113.0,-132.0,-1040.0,246.0,-238.0
33.0,983.0,201.0,-147.0,-71.0,165.0,-163.0,-973.0,246.0,-49.0
36.0,457.0,191.0,-21.0,59.0,260.0,-119.0,-607.0,243.0,123.0
48.0,-152.0,210.0,111.0,-188.0,219.0,-87.0,-327.0,227.0,269.0
62.0,-456.0,195.0,253.0,-158.0,139.0,-58.0,-62.0,222.0,368.0
88.0,-892.0,177.0,269.0,60.0,217.0,-67.0,109.0,239.0,402.0
75.0,-1115.0,159.0,230.0,-114.0,333.0,-104.0,-36.0,233.0,384.0
74.0,-1180.0,83.0,207.0,-31.0,314.0,-70.0,-33.0,224.0,325.0
57.0,-1151.0,73.0,166.0,73.0,119.0,-17.0,-7.0,239.0,253.0
50.0,-685.0,74.0,183.0,16.0,172.0,-40.0,173.0,242.0,172.0
22.0,-563.0,48.0,252.0,186.0,198.0,-68.0,258.0,223.0,86.0
0.0,-605.0,80.0,247.0,93.0,-153.0,35.0,221.0,210.0,23.0
-15.0,-312.0,29.0,190.0,-37.0,-229.0,169.0,236.0,175.0,-2.0
-44.0,222.0,34.0,108.0,208.0,8.0,278.0,-1.0,116.0,9.0
-37.0,359.0,65.0,44.0,200.0,52.0,336.0,-158.0,70.0,13.0
-35.0,484.0,3.0,0.0,54.0,-14.0,308.0,-332.0,18.0,5.0
13.0,938.0,43.0,-120.0,183.0,125.0,249.0,-317.0,-32.0,12.0
51.0,1075.0,68.0,-266.0,121.0,91.0,166.0,-266.0,-65.0,26.0
53.0,1359.0,25.0,-294.0,132.0,-238.0,92.0,-412.0,-79.0,50.0
17.0,1120.0,43.0,-153.0,167.0,-257.0,31.0,-463.0,-87.0,62.0
25.0,700.0,43.0,2.0,-41.0,-130.0,56.0,-735.0,-109.0,72.0
37.0,767.0,-25.0,141.0,102.0,-141.0,143.0,-837.0,-144.0,104.0
24.0,279.0,-27.0,197.0,192.0,-208.0,199.0,-781.0,-161.0,144.0
18.0,-136.0,-19.0,220.0,92.0,-167.0,155.0,-729.0,-185.0,182.0
9.0,-212.0,-69.0,307.0,83.0,-148.0,66.0,-465.0,-212.0,207.0
27.0,-248.0,-95.0,359.0,68.0,-384.0,31.0,-210.0,-218.0,241.0
-18.0,-293.0,-142.0,377.0,151.0,-277.0,51.0,36.0,-236.0,270.0
-30.0,-628.0,-174.0,353.0,28.0,150.0,113.0,206.0,-230.0,292.0
-41.0,-531.0,-176.0,345.0,-141.0,94.0,54.0,406.0,-233.0,304.0
-48.0,-537.0,-216.0,339.0,-118.0,-195.0,-43.0,415.0,-224.0,284.0
-51.0,-786.0,-234.0,302.0,-126.0,-44.0,-43.0,184.0,-186.0,269.0
-37.0,-762.0,-229.0,216.0,-155.0,64.0,-17.0,-25.0,-161.0,278.0
-3.0,-938.0,-254.0,122.0,-195.0,-229.0,-54.0,-338.0,-121.0,292.0
-51.0,-795.0,-241.0,53.0,-259.0,-229.0,-116.0,-376.0,-68.0,278.0
-73.0,-594.0,-201.0,-32.0,-123.0,189.0,-43.0,-334.0,-17.0,254.0
-116.0,-648.0,-192.0,-60.0,-46.0,233.0,60.0,-308.0,14.0,231.0
-111.0,-410.0,-140.0,-77.0,-279.0,-168.0,64.0,-271.0,45.0,199.0
-71.0,-151.0,-86.0,-39.0,-159.0,-150.0,35.0,-413.0,61.0,175.0
-52.0,-53.0,-49.0,-8.0,43.0,192.0,56.0,-380.0,68.0,156.0
-43.0,-32.0,-1.0,-90.0,7.0,70.0,82.0,-393.0,80.0,163.0
-40.0,180.0,0.0,-132.0,100.0,-250.0,51.0,-184.0,67.0,175.0
-15.0,754.0,4.0,-70.0,61.0,-195.0,-81.0,168.0,80.0,191.0
-35.0,797.0,-9.0,-47.0,78.0,-64.0,-243.0,210.0,96.0,219.0
-45.0,466.0,-39.0,-18.0,208.0,-198.0,-285.0,162.0,81.0,231.0
-45.0,393.0,-29.0,55.0,-4.0,-375.0,-215.0,29.0,83.0,220.0
-5.0,359.0,-42.0,68.0,-108.0,-300.0,-125.0,-92.0,99.0,200.0
30.0,310.0,-80.0,132.0,102.0,-244.0,-93.0,-369.0,99.0,193.0
22.0,-21.0,-44.0,148.0,43.0,-389.0,-55.0,-489.0,124.0,146.0
10.0,52.0,-3.0,175.0,13.0,-458.0,21.0,-626.0,152.0,69.0
23.0,161.0,-33.0,207.0,29.0,-505.0,116.0,-816.0,160.0,0.0
7.0,66.0,0.0,166.0,-21.0,-561.0,171.0,-600.0,215.0,-70.0
-82.0,403.0,22.0,221.0,160.0,-594.0,200.0,-461.0,262.0,-160.0
-151.0,339.0,-6.0,255.0,72.0,-606.0,243.0,-284.0,295.0,-241.0
-160.0,448.0,50.0,282.0,-55.0,-641.0,291.0,-308.0,335.0,-285.0
-128.0,510.0,46.0,249.0,-4.0,-716.0,360.0,-419.0,343.0,-316.0
-118.0,160.0,56.0,169.0,11.0,-689.0,320.0,-219.0,336.0,-320.0
-77.0,189.0,127.0,97.0,76.0,-388.0,207.0,72.0,321.0,-312.0
-38.0,93.0,72.0,19.0,-9.0,-118.0,140.0,485.0,280.0,-267.0
-17.0,115.0,123.0,-58.0,-7.0,-214.0,128.0,424.0,229.0,-196.0
0.0,134.0,154.0,-216.0,131.0,-246.0,91.0,92.0,184.0,-150.0
25.0,-60.0,111.0,-292.0,38.0,-187.0,76.0,-230.0,112.0,-82.0
93.0,158.0,221.0,-264.0,-77.0,-260.0,173.0,-535.0,53.0,-15.0
119.0,297.0,262.0,-123.0,68.0,-463.0,259.0,-480.0,34.0,16.0
143.0,7.0,258.0,54.0,65.0,-323.0,284.0,-454.0,24.0,36.0
153.0,-337.0,288.0,140.0,7.0,158.0,174.0,-473.0,34.0,31.0
135.0,-655.0,289.0,194.0,103.0,81.0,38.0,-602.0,60.0,-7.0
135.0,-730.0,240.0,241.0,-8.0,-215.0,-6.0,-696.0,88.0,-78.0
152.0,-818.0,247.0,346.0,38.0,-102.0,-15.0,-580.0,131.0,-156.0
161.0,-960.0,251.0,399.0,80.0,219.0,-4.0,-482.0,178.0,-233.0
161.0,-661.0,173.0,407.0,-74.0,85.0,29.0,-190.0,195.0,-330.0
170.0,-370.0,176.0,390.0,-15.0,-183.0,86.0,24.0,199.0,-428.0
151.0,-164.0,112.0,290.0,-15.0,68.0,131.0,162.0,167.0,-488.0
137.0,-5.0,33.0,188.0,-108.0,123.0,145.0,260.0,107.0,-522.0
140.0,415.0,13.0,84.0,-120.0,-4.0,85.0,424.0,41.0,-547.0
111.0,870.0,-7.0,26.0,-202.0,95.0,-13.0,678.0,-40.0,-538.0
67.0,658.0,-26.0,0.0,-205.0,162.0,-35.0,497.0,-114.0,-477.0
37.0,616.0,-41.0,-94.0,-66.0,-64.0,-40.0,264.0,-172.0,-376.0
22.0,589.0,-22.0,-269.0,-179.0,-331.0,-186.0,-83.0,-221.0,-274.0
38.0,479.0,-40.0,-355.0,-224.0,-196.0,-325.0,-454.0,-252.0,-174.0
61.0,473.0,-26.0,-286.0,-35.0,-68.0,-358.0,-585.0,-260.0,-48.0
68.0,112.0,-33.0,-229.0,-28.0,-192.0,-335.0,-679.0,-239.0,33.0
69.0,-97.0,-22.0,-184.0,-34.0,-252.0,-229.0,-502.0,-191.0,74.0
81.0,-206.0,-8.0,-141.0,-51.0,-271.0,-94.0,-375.0,-128.0,153.0
56.0,-233.0,20.0,-106.0,26.0,-463.0,90.0,-262.0,-78.0,205.0
44.0,1.0,40.0,-103.0,148.0,-639.0,273.0,-206.0,-21.0,226.0
58.0,136.0,-25.0,-137.0,113.0,-528.0,412.0,-273.0,58.0,245.0
38.0,308.0,-6.0,-121.0,121.0,-482.0,435.0,-206.0,117.0,270.0
11.0,154.0,-49.0,-114.0,143.0,-678.0,377.0,-243.0,160.0,304.0
-27.0,-250.0,-107.0,-69.0,246.0,-709.0,368.0,-145.0,184.0,308.0
-27.0,-452.0,-89.0,57.0,275.0,-633.0,335.0,79.0,197.0,316.0
-15.0,-598.0,-111.0,177.0,161.0,-666.0,253.0,408.0,211.0,343.0
9.0,-791.0,-113.0,234.0,173.0,-593.0,123.0,500.0,214.0,382.0
52.0,-1328.0,-67.0,122.0,240.0,-423.0,10.0,53.0,215.0,436.0
83.0,-1260.0,-80.0,-2.0,186.0,-369.0,-84.0,-343.0,217.0,495.0
110.0,-752.0,-90.0,-77.0,154.0,-386.0,-188.0,-652.0,206.0,553.0
97.0,-876.0,-41.0,-100.0,146.0,-423.0,-247.0,-630.0,179.0,583.0
90.0,-581.0,-62.0,31.0,138.0,-453.0,-210.0,-447.0,171.0,607.0
96.0,-32.0,-41.0,110.0,191.0,-477.0,-126.0,-397.0,152.0,629.0
101.0,15.0,-9.0,38.0,-22.0,-684.0,-63.0,-421.0,122.0,606.0
98.0,166.0,-12.0,-93.0,-108.0,-709.0,17.0,-598.0,115.0,540.0
115.0,477.0,17.0,-134.0,34.0,-527.0,28.0,-445.0,91.0,477.0
129.0,711.0,21.0,-32.0,-62.0,-484.0,31.0,-192.0,69.0,425.0
97.0,862.0,31.0,92.0,-154.0,-423.0,105.0,40.0,37.0,343.0
16.0,992.0,58.0,173.0,-209.0,-363.0,129.0,177.0,9.0,246.0
-37.0,1082.0,42.0,198.0,-210.0,-404.0,62.0,206.0,4.0,170.0
-39.0,765.0,14.0,169.0,-140.0,-664.0,-1.0,471.0,0.0,104.0
-40.0,733.0,19.0,115.0,-238.0,-619.0,42.0,624.0,2.0,59.0
-63.0,985.0,18.0,110.0,-369.0,-277.0,133.0,748.0,-17.0,59.0
-131.0,571.0,37.0,153.0,-281.0,-319.0,132.0,548.0,-35.0,108.0
-180.0,303.0,29.0,111.0,-223.0,-655.0,-5.0,173.0,-11.0,169.0
-253.0,208.0,64.0,78.0,-254.0,-754.0,-138.0,25.0,-16.0,227.0
-283.0,-8.0,114.0,31.0,-202.0,-359.0,-154.0,-162.0,-23.0,316.0
-248.0,-200.0,119.0,-28.0,-144.0,-364.0,-102.0,-227.0,-13.0,372.0
-181.0,-407.0,160.0,-37.0,0.0,-668.0,-133.0,-439.0,-27.0,367.0
-99.0,-446.0,166.0,-124.0,18.0,-504.0,-214.0,-600.0,-22.0,338.0
-97.0,-494.0,184.0,-206.0,-57.0,-342.0,-197.0,-667.0,-16.0,269.0
-116.0,-405.0,169.0,-239.0,91.0,-409.0,-160.0,-620.0,-5.0,174.0
-132.0,-349.0,176.0,-143.0,138.0,-427.0,-137.0,-380.0,26.0,56.0
-93.0,-60.0,166.0,-20.0,73.0,-55.0,-132.0,-397.0,31.0,-60.0
-25.0,235.0,118.0,13.0,82.0,121.0,-109.0,-57.0,32.0,-145.0
29.0,101.0,118.0,123.0,48.0,-356.0,1.0,423.0,39.0,-202.0
66.0,107.0,70.0,235.0,156.0,-570.0,129.0,635.0,25.0,-212.0
78.0,282.0,45.0,305.0,224.0,-389.0,144.0,774.0,19.0,-181.0
99.0,457.0,13.0,397.0,48.0,-299.0,102.0,803.0,7.0,-128.0
119.0,453.0,13.0,429.0,10.0,-473.0,114.0,825.0,0.0,-67.0
144.0,436.0,30.0,402.0,49.0,-674.0,147.0,500.0,11.0,-12.0
147.0,496.0,36.0,399.0,51.0,-537.0,110.0,116.0,9.0,27.0
149.0,443.0,80.0,335.0,-16.0,-384.0,0.0,-269.0,7.0,26.0
148.0,207.0,93.0,236.0,-71.0,-386.0,-57.0,-596.0,6.0,-7.0
134.0,-167.0,67.0,134.0,70.0,-481.0,-42.0,-641.0,6.0,-50.0
96.0,-409.0,106.0,38.0,30.0,-446.0,-3.0,-746.0,20.0,-129.0
70.0,-606.0,138.0,17.0,-43.0,-248.0,14.0,-622.0,15.0,-204.0
65.0,-854.0,126.0,13.0,-53.0,-248.0,86.0,-511.0,20.0,-261.0
60.0,-889.0,181.0,1.0,-123.0,-427.0,246.0,-508.0,51.0,-302.0
91.0,-987.0,132.0,32.0,3.0,-500.0,330.0,-384.0,78.0,-324.0
74.0,-901.0,93.0,104.0,-68.0,-279.0,282.0,-73.0,106.0,-319.0
54.0,-412.0,120.0,165.0,-159.0,-134.0,206.0,434.0,116.0,-280.0
35.0,-539.0,60.0,250.0,-4.0,-337.0,197.0,521.0,100.0,-215.0
25.0,-871.0,58.0,264.0,21.0,-486.0,182.0,539.0,76.0,-127.0
42.0,-714.0,56.0,223.0,11.0,-347.0,78.0,583.0,49.0,-34.0
57.0,-558.0,9.0,184.0,-4.0,-143.0,-95.0,328.0,20.0,52.0
83.0,-523.0,26.0,108.0,27.0,-169.0,-149.0,88.0,-29.0,130.0
53.0,-265.0,-27.0,41.0,82.0,-430.0,-85.0,-114.0,-53.0,202.0
7.0,179.0,-115.0,-21.0,28.0,-530.0,-7.0,-129.0,-80.0,258.0
-36.0,524.0,-95.0,-7.0,-56.0,-318.0,11.0,-127.0,-113.0,298.0
-39.0,779.0,-148.0,28.0,76.0,-92.0,-23.0,-223.0,-110.0,306.0
-10.0,1091.0,-184.0,4.0,197.0,-112.0,15.0,-474.0,-110.0,305.0
-4.0,1244.0,-119.0,-34.0,127.0,-149.0,82.0,-615.0,-117.0,329.0
14.0,1180.0,-150.0,-110.0,123.0,-162.0,156.0,-358.0,-128.0,329.0
22.0,1216.0,-162.0,-199.0,121.0,-267.0,93.0,-256.0,-138.0,309.0
41.0,972.0,-136.0,-143.0,216.0,-230.0,68.0,-38.0,-138.0,294.0
51.0,739.0,-168.0,-64.0,167.0,-153.0,28.0,284.0,-154.0,286.0
54.0,605.0,-139.0,-38.0,35.0,-134.0,19.0,539.0,-167.0,296.0
61.0,272.0,-133.0,-22.0,76.0,-181.0,-32.0,761.0,-168.0,307.0
104.0,50.0,-133.0,-47.0,79.0,21.0,-112.0,783.0,-165.0,312.0
149.0,159.0,-72.0,29.0,112.0,170.0,-121.0,853.0,-125.0,325.0
144.0,171.0,-58.0,50.0,24.0,-43.0,-313.0,617.0,-99.0,349.0
131.0,-59.0,-32.0,55.0,-83.0,-76.0,-186.0,293.0,-80.0,370.0
88.0,239.0,50.0,59.0,5.0,-77.0,-181.0,33.0,-44.0,384.0
68.0,241.0,68.0,-38.0,-17.0,-104.0,-180.0,-260.0,-27.0,399.0
27.0,10.0,76.0,-87.0,-190.0,-365.0,-665.0,-273.0,4.0,393.0
-19.0,49.0,174.0,-115.0,-226.0,-511.0,-349.0,-339.0,31.0,374.0
-42.0,-186.0,132.0,-62.0,-81.0,-310.0,330.0,-297.0,43.0,349.0
-63.0,-296.0,158.0,70.0,15.0,-290.0,-560.0,-229.0,59.0,317.0
-53.0,-126.0,258.0,141.0,-115.0,-254.0,201.0,-192.0,42.0,286.0
-53.0,-310.0,192.0,160.0,-192.0,-137.0,140.0,-49.0,25.0,239.0
-38.0,-716.0,247.0,159.0,-88.0,3.0,-127.0,66.0,25.0,198.0
-37.0,-499.0,267.0,113.0,-112.0,-83.0,674.0,314.0,1.0,160.0
-40.0,-441.0,202.0,93.0,-114.0,-129.0,-154.0,412.0,-24.0,132.0
-47.0,-672.0,247.0,68.0,-106.0,-37.0,288.0,533.0,-47.0,93.0
-63.0,-621.0,258.0,-6.0,-110.0,-103.0,311.0,617.0,-77.0,60.0
-70.0,-506.0,223.0,-89.0,109.0,-3.0,64.0,609.0,-85.0,73.0
-70.0,-304.0,209.0,-173.0,75.0,26.0,377.0,722.0,-82.0,82.0
-40.0,-159.0,180.0,-227.0,-79.0,3.0,46.0,563.0,-84.0,92.0
6.0,-62.0,122.0,-294.0,87.0,123.0,21.0,386.0,-67.0,129.0
31.0,36.0,117.0,-293.0,187.0,192.0,-100.0,97.0,-39.0,177.0
-10.0,189.0,74.0,-269.0,143.0,198.0,448.0,-131.0,-19.0,209.0
-44.0,188.0,53.0,-261.0,113.0,37.0,159.0,-136.0,21.0,244.0
-59.0,41.0,62.0,-174.0,131.0,56.0,183.0,-181.0,51.0,294.0
-58.0,50.0,-25.0,-114.0,158.0,252.0,416.0,25.0,80.0,308.0
-57.0,136.0,-33.0,-52.0,130.0,125.0,-1.0,110.0,122.0,284.0
-54.0,100.0,-53.0,15.0,32.0,14.0,733.0,125.0,121.0,266.0
-58.0,-131.0,-116.0,90.0,-18.0,210.0,50.0,75.0,133.0,247.0
-73.0,31.0,-62.0,146.0,63.0,431.0,-208.0,-22.0,154.0,213.0
-67.0,206.0,-71.0,143.0,-4.0,233.0,477.0,169.0,158.0,180.0
-61.0,-49.0,-125.0,170.0,-157.0,33.0,364.0,380.0,162.0,168.0
-9.0,107.0,-107.0,182.0,-176.0,119.0,176.0,502.0,165.0,144.0
15.0,174.0,-137.0,173.0,-102.0,-123.0,-352.0,336.0,166.0,109.0
11.0,101.0,-132.0,73.0,-52.0,-202.0,-81.0,214.0,155.0,90.0
-1.0,214.0,-29.0,-56.0,-132.0,69.0,-156.0,253.0,146.0,58.0
-26.0,15.0,-9.0,-151.0,-130.0,187.0,-232.0,362.0,133.0,7.0
-44.0,-236.0,0.0,-238.0,-18.0,91.0,-126.0,674.0,110.0,-46.0
-52.0,-191.0,4.0,-235.0,-31.0,-58.0,-696.0,641.0,85.0,-91.0
-2.0,-82.0,-45.0,-241.0,-65.0,-78.0,-221.0,430.0,60.0,-153.0
61.0,-431.0,-22.0,-197.0,-24.0,-68.0,91.0,136.0,15.0,-220.0
108.0,-337.0,-48.0,-34.0,47.0,114.0,-203.0,-116.0,-40.0,-275.0
105.0,-49.0,-75.0,128.0,68.0,250.0,6.0,49.0,-67.0,-324.0
69.0,-60.0,-39.0,290.0,4.0,190.0,249.0,164.0,-94.0,-353.0
30.0,307.0,-96.0,339.0,24.0,214.0,271.0,134.0,-98.0,-363.0
-3.0,396.0,-159.0,281.0,27.0,309.0,104.0,38.0,-100.0,-342.0
-28.0,455.0,-149.0,236.0,125.0,329.0,-18.0,59.0,-114.0,-319.0
0.0,572.0,-224.0,214.0,228.0,219.0,35.0,18.0,-116.0,-279.0
74.0,549.0,-257.0,218.0,74.0,244.0,196.0,-70.0,-144.0,-235.0
147.0,652.0,-187.0,184.0,213.0,223.0,-79.0,194.0,-158.0,-198.0
178.0,700.0,-223.0,158.0,272.0,-77.0,-278.0,303.0,-161.0,-177.0
141.0,395.0,-174.0,59.0,13.0,-150.0,-47.0,395.0,-159.0,-189.0
116.0,69.0,-142.0,-57.0,105.0,58.0,-32.0,519.0,-135.0,-213.0
99.0,330.0,-152.0,-56.0,129.0,237.0,-87.0,635.0,-100.0,-268.0
126.0,410.0,-82.0,-72.0,62.0,230.0,-54.0,742.0,-67.0,-302.0
176.0,95.0,-121.0,-124.0,114.0,209.0,-144.0,495.0,-35.0,-331.0
229.0,2.0,-94.0,-172.0,3.0,330.0,-105.0,267.0,1.0,-358.0
267.0,122.0,-81.0,-162.0,26.0,273.0,498.0,11.0,16.0,-332.0
267.0,-101.0,-116.0,-141.0,160.0,297.0,378.0,7.0,40.0,-280.0
252.0,-449.0,-97.0,-109.0,55.0,393.0,111.0,275.0,74.0,-184.0
198.0,-413.0,-114.0,-8.0,-120.0,349.0,381.0,360.0,90.0,-69.0
164.0,-492.0,-160.0,73.0,-39.0,408.0,348.0,417.0,101.0,43.0
142.0,-522.0,-180.0,106.0,8.0,587.0,412.0,473.0,124.0,181.0
150.0,-424.0,-156.0,55.0,-61.0,660.0,218.0,497.0,133.0,300.0
160.0,-470.0,-196.0,-17.0,-129.0,273.0,31.0,325.0,142.0,380.0
155.0,-243.0,-186.0,-48.0,-171.0,-67.0,-68.0,308.0,180.0,407.0
156.0,127.0,-166.0,-104.0,30.0,123.0,-8.0,347.0,173.0,372.0
135.0,180.0,-213.0,-130.0,85.0,366.0,-84.0,234.0,168.0,295.0
99.0,71.0,-215.0,-192.0,10.0,286.0,-264.0,341.0,188.0,172.0
73.0,140.0,-186.0,-224.0,-38.0,175.0,65.0,327.0,201.0,40.0
69.0,339.0,-200.0,-183.0,21.0,348.0,60.0,345.0,220.0,-104.0
46.0,254.0,-192.0,-183.0,107.0,333.0,69.0,426.0,221.0,-243.0
37.0,68.0,-176.0,-181.0,-60.0,89.0,-74.0,463.0,230.0,-347.0
44.0,-121.0,-251.0,-164.0,-27.0,171.0,-364.0,630.0,245.0,-413.0
48.0,-606.0,-227.0,-81.0,41.0,315.0,69.0,615.0,242.0,-435.0
23.0,-832.0,-245.0,-17.0,41.0,309.0,186.0,474.0,236.0,-435.0
-23.0,-1002.0,-293.0,112.0,30.0,272.0,-119.0,129.0,240.0,-385.0
-35.0,-1237.0,-234.0,295.0,-77.0,219.0,20.0,-133.0,220.0,-317.0
-66.0,-1023.0,-257.0,369.0,-9.0,304.0,110.0,-158.0,188.0,-227.0
-123.0,-1005.0,-258.0,377.0,52.0,346.0,-13.0,-114.0,154.0,-123.0
-192.0,-801.0,-240.0,371.0,-3.0,316.0,-56.0,144.0,119.0,-50.0
-248.0,-174.0,-241.0,402.0,-58.0,310.0,-45.0,273.0,80.0,-4.0
-269.0,42.0,-213.0,309.0,-21.0,324.0,-221.0,458.0,49.0,10.0
-301.0,109.0,-167.0,182.0,43.0,312.0,-381.0,593.0,13.0,12.0
-320.0,155.0,-133.0,75.0,1.0,194.0,-229.0,556.0,-18.0,-18.0
-327.0,485.0,-115.0,-96.0,-76.0,204.0,-247.0,567.0,-23.0,-89.0
-325.0,613.0,-75.0,-213.0,-50.0,258.0,-227.0,393.0,-57.0,-144.0
-291.0,412.0,-42.0,-265.0,4.0,185.0,-119.0,199.0,-84.0,-200.0
-271.0,759.0,-26.0,-224.0,68.0,214.0,88.0,-84.0,-117.0,-254.0
-253.0,708.0,-44.0,-161.0,-30.0,304.0,252.0,-271.0,-153.0,-279.0
-225.0,511.0,-29.0,-124.0,-234.0,228.0,104.0,-251.0,-181.0,-290.0
-202.0,462.0,-55.0,-142.0,-15.0,152.0,167.0,-182.0,-202.0,-273.0
-170.0,388.0,-58.0,-200.0,51.0,127.0,250.0,-5.0,-192.0,-254.0
-121.0,507.0,0.0,-169.0,-111.0,158.0,250.0,48.0,-189.0,-230.0
-28.0,319.0,-8.0,-105.0,-18.0,235.0,156.0,38.0,-166.0,-178.0
40.0,376.0,8.0,-31.0,-5.0,172.0,113.0,-29.0,-141.0,-102.0
74.0,88.0,11.0,51.0,-5.0,169.0,97.0,134.0,-119.0,-26.0
104.0,-205.0,10.0,83.0,17.0,102.0,121.0,424.0,-93.0,55.0
122.0,205.0,25.0,72.0,-12.0,58.0,221.0,450.0,-92.0,139.0
141.0,-154.0,49.0,38.0,21.0,256.0,-65.0,576.0,-105.0,198.0
162.0,-608.0,70.0,4.0,119.0,260.0,1.0,620.0,-119.0,260.0
191.0,-358.0,56.0,-6.0,72.0,217.0,299.0,631.0,-138.0,306.0
221.0,-89.0,81.0,-15.0,-34.0,275.0,126.0,630.0,-194.0,327.0
260.0,-33.0,78.0,-45.0,38.0,280.0,54.0,371.0,-238.0,338.0
254.0,65.0,46.0,-68.0,-22.0,240.0,70.0,-22.0,-280.0,331.0
205.0,457.0,55.0,-14.0,-107.0,289.0,60.0,-310.0,-332.0,315.0
150.0,557.0,31.0,45.0,-66.0,427.0,224.0,-197.0,-372.0,269.0
128.0,483.0,19.0,39.0,-212.0,247.0,115.0,-125.0,-416.0,202.0
161.0,403.0,46.0,4.0,-210.0,66.0,-59.0,-77.0,-427.0,136.0
183.0,345.0,18.0,-3.0,-68.0,169.0,-133.0,-90.0,-423.0,60.0
173.0,545.0,33.0,56.0,-166.0,175.0,-208.0,-240.0,-404.0,-35.0
101.0,214.0,33.0,162.0,-133.0,38.0,-230.0,-133.0,-384.0,-135.0
16.0,-276.0,0.0,263.0,24.0,-15.0,-372.0,-90.0,-363.0,-204.0
-40.0,-266.0,40.0,257.0,17.0,160.0,-283.0,73.0,-305.0,-291.0
-56.0,-349.0,56.0,164.0,20.0,155.0,-153.0,218.0,-268.0,-362.0
-51.0,-559.0,49.0,80.0,68.0,-130.0,-100.0,393.0,-246.0,-378.0
-61.0,-652.0,76.0,47.0,41.0,-169.0,-128.0,742.0,-209.0,-408.0
-67.0,-743.0,78.0,29.0,58.0,-119.0,-65.0,801.0,-187.0,-408.0
-106.0,-758.0,53.0,26.0,53.0,-340.0,-6.0,855.0,-157.0,-368.0
-127.0,-729.0,63.0,-2.0,29.0,-516.0,-59.0,709.0,-120.0,-312.0
-150.0,-888.0,46.0,-67.0,206.0,-335.0,194.0,498.0,-105.0,-247.0
-189.0,-916.0,22.0,-84.0,130.0,-235.0,45.0,164.0,-86.0,-179.0
-200.0,-549.0,7.0,-92.0,-36.0,-504.0,0.0,-284.0,-66.0,-92.0
-243.0,-224.0,-27.0,-67.0,155.0,-545.0,328.0,-352.0,-65.0,-13.0
-274.0,-158.0,-17.0,-3.0,128.0,-266.0,391.0,-393.0,-67.0,54.0
-290.0,139.0,-13.0,27.0,-34.0,-317.0,476.0,-186.0,-76.0,82.0
-307.0,594.0,4.0,17.0,-40.0,-590.0,570.0,-151.0,-99.0,70.0
-296.0,749.0,34.0,14.0,-53.0,-435.0,625.0,-284.0,-99.0,28.0
-280.0,918.0,17.0,26.0,1.0,-120.0,551.0,-121.0,-98.0,-40.0
-255.0,872.0,49.0,65.0,86.0,-191.0,400.0,-84.0,-106.0,-97.0
-237.0,579.0,85.0,131.0,35.0,-279.0,260.0,-7.0,-96.0,-175.0
-239.0,441.0,60.0,132.0,4.0,-65.0,134.0,-62.0,-108.0,-275.0
-209.0,121.0,99.0,118.0,149.0,9.0,-70.0,18.0,-127.0,-337.0
-153.0,-15.0,116.0,69.0,96.0,-112.0,-59.0,188.0,-125.0,-383.0
-125.0,-21.0,100.0,15.0,-22.0,34.0,132.0,140.0,-140.0,-404.0
-103.0,-329.0,139.0,42.0,44.0,275.0,97.0,208.0,-168.0,-385.0
-68.0,-638.0,162.0,121.0,40.0,231.0,154.0,173.0,-186.0,-351.0
-16.0,-508.0,191.0,210.0,-11.0,163.0,249.0,258.0,-201.0,-288.0
19.0,-188.0,196.0,209.0,43.0,275.0,166.0,277.0,-215.0,-217.0
50.0,-316.0,214.0,283.0,68.0,244.0,6.0,214.0,-236.0,-146.0
66.0,-162.0,198.0,390.0,0.0,2.0,77.0,253.0,-269.0,-79.0
72.0,73.0,146.0,339.0,9.0,-255.0,238.0,25.0,-291.0,-45.0
67.0,-115.0,127.0,318.0,-84.0,-211.0,164.0,40.0,-317.0,-44.0
36.0,-47.0,63.0,342.0,-166.0,-81.0,79.0,112.0,-332.0,-56.0
71.0,191.0,18.0,202.0,-96.0,-237.0,87.0,-57.0,-311.0,-86.0
115.0,7.0,-5.0,38.0,-120.0,-231.0,146.0,-295.0,-282.0,-132.0
184.0,-108.0,-2.0,-48.0,-87.0,-116.0,310.0,-332.0,-266.0,-185.0
240.0,133.0,-35.0,-104.0,121.0,-152.0,533.0,60.0,-249.0,-222.0
246.0,-53.0,-31.0,-85.0,55.0,-392.0,577.0,206.0,-196.0,-246.0
244.0,-209.0,-22.0,-171.0,-85.0,-398.0,548.0,279.0,-156.0,-261.0
256.0,29.0,-62.0,-259.0,104.0,-110.0,551.0,214.0,-103.0,-227.0
275.0,131.0,-18.0,-373.0,61.0,-280.0,446.0,-120.0,-37.0,-174.0
263.0,-256.0,-39.0,-474.0,-125.0,-457.0,253.0,-225.0,14.0,-126.0
269.0,-267.0,-7.0,-408.0,-85.0,-260.0,182.0,-90.0,94.0,-72.0
232.0,254.0,37.0,-289.0,31.0,-70.0,182.0,190.0,131.0,-1.0
183.0,304.0,4.0,-79.0,10.0,-304.0,85.0,59.0,143.0,64.0
121.0,282.0,39.0,34.0,-9.0,-463.0,28.0,-166.0,167.0,113.0
90.0,159.0,37.0,87.0,20.0,-176.0,-10.0,-380.0,181.0,168.0
86.0,140.0,3.0,120.0,-35.0,-97.0,-68.0,-582.0,184.0,210.0
33.0,210.0,6.0,114.0,42.0,-121.0,-164.0,-339.0,171.0,252.0
-26.0,66.0,29.0,50.0,-58.0,-150.0,-210.0,-221.0,170.0,293.0
-90.0,178.0,-2.0,-88.0,-150.0,13.0,-190.0,-73.0,154.0,320.0
-126.0,92.0,7.0,-135.0,-44.0,-89.0,-153.0,125.0,138.0,351.0
-160.0,25.0,12.0,-200.0,0.0,-388.0,42.0,195.0,121.0,352.0
-180.0,74.0,-66.0,-265.0,71.0,-60.0,239.0,212.0,104.0,327.0
-203.0,-257.0,-89.0,-335.0,-43.0,195.0,219.0,264.0,83.0,318.0
-188.0,-225.0,-152.0,-296.0,-174.0,188.0,124.0,593.0,56.0,298.0
-166.0,-40.0,-171.0,-187.0,-113.0,-14.0,172.0,835.0,45.0,258.0
-181.0,-207.0,-165.0,-176.0,-1.0,54.0,294.0,846.0,18.0,226.0
-212.0,-358.0,-174.0,-168.0,-86.0,283.0,389.0,452.0,3.0,219.0
-213.0,-279.0,-144.0,-230.0,-232.0,98.0,324.0,107.0,-8.0,209.0
-161.0,-158.0,-166.0,-243.0,-73.0,150.0,210.0,160.0,-32.0,188.0
-139.0,-309.0,-168.0,-155.0,0.0,138.0,158.0,60.0,-42.0,207.0
-127.0,-152.0,-150.0,-32.0,-121.0,45.0,79.0,-53.0,-77.0,243.0
-139.0,-173.0,-144.0,37.0,-101.0,26.0,116.0,-254.0,-100.0,273.0
-136.0,-300.0,-139.0,-6.0,-11.0,-104.0,118.0,-412.0,-102.0,287.0
-140.0,-31.0,-85.0,-78.0,62.0,-93.0,79.0,-482.0,-111.0,309.0
-147.0,-145.0,-52.0,-114.0,82.0,-158.0,35.0,-583.0,-94.0,332.0
-139.0,-116.0,-54.0,-88.0,-48.0,-174.0,-46.0,-423.0,-64.0,319.0
-112.0,-31.0,-7.0,1.0,-7.0,-189.0,-99.0,-218.0,-52.0,295.0
-41.0,-186.0,-47.0,42.0,187.0,-186.0,-158.0,44.0,-25.0,253.0
-5.0,-176.0,-77.0,-116.0,161.0,-14.0,-62.0,-11.0,-12.0,189.0
23.0,-139.0,-60.0,-269.0,51.0,39.0,-26.0,-205.0,-23.0,97.0
11.0,-190.0,-117.0,-347.0,47.0,-25.0,-190.0,-114.0,-31.0,-1.0
20.0,-367.0,-140.0,-319.0,213.0,-125.0,-331.0,-131.0,-51.0,-93.0
28.0,-305.0,-155.0,-222.0,266.0,-89.0,-299.0,9.0,-75.0,-197.0
23.0,-255.0,-173.0,-119.0,164.0,-30.0,-225.0,42.0,-99.0,-293.0
61.0,-384.0,-160.0,13.0,184.0,-68.0,-310.0,40.0,-115.0,-342.0
74.0,-64.0,-162.0,30.0,216.0,-202.0,-414.0,11.0,-103.0,-377.0
112.0,217.0,-170.0,121.0,178.0,-110.0,-429.0,-251.0,-92.0,-403.0
91.0,361.0,-156.0,138.0,58.0,110.0,-314.0,-181.0,-77.0,-382.0
69.0,578.0,-81.0,63.0,2.0,-9.0,-192.0,42.0,-30.0,-353.0
36.0,453.0,-70.0,20.0,50.0,112.0,-151.0,413.0,34.0,-303.0
-10.0,370.0,-44.0,-112.0,108.0,330.0,-81.0,504.0,104.0,-237.0
-19.0,331.0,10.0,-115.0,118.0,217.0,69.0,221.0,168.0,-153.0
-54.0,398.0,-6.0,18.0,21.0,16.0,192.0,-42.0,225.0,-63.0
-13.0,386.0,24.0,173.0,-11.0,85.0,204.0,-280.0,283.0,-7.0
10.0,154.0,63.0,246.0,23.0,250.0,165.0,-236.0,305.0,52.0
4.0,314.0,70.0,245.0,-5.0,95.0,208.0,-256.0,328.0,94.0
-37.0,358.0,76.0,223.0,-198.0,62.0,285.0,-184.0,338.0,105.0
-79.0,351.0,88.0,186.0,-244.0,212.0,264.0,-70.0,301.0,85.0
-79.0,296.0,68.0,176.0,11.0,183.0,210.0,-140.0,282.0,34.0
-84.0,156.0,55.0,142.0,21.0,-32.0,108.0,-227.0,262.0,-39.0
-65.0,362.0,57.0,54.0,-164.0,-8.0,41.0,-356.0,221.0,-138.0
-99.0,291.0,34.0,-129.0,-176.0,178.0,-43.0,-175.0,179.0,-241.0
-142.0,19.0,27.0,-231.0,-107.0,116.0,-203.0,-9.0,151.0,-336.0
-205.0,-189.0,21.0,-232.0,-44.0,12.0,-339.0,133.0,117.0,-406.0
-259.0,-69.0,8.0,-268.0,-134.0,-110.0,-433.0,223.0,80.0,-455.0
-267.0,19.0,-10.0,-204.0,-310.0,-68.0,-427.0,218.0,54.0,-475.0
-252.0,-297.0,6.0,-103.0,-74.0,275.0,-428.0,463.0,4.0,-450.0
-213.0,-343.0,0.0,-24.0,90.0,334.0,-388.0,362.0,-39.0,-396.0
-187.0,-188.0,-44.0,92.0,-101.0,235.0,-294.0,206.0,-50.0,-348.0
-187.0,31.0,-15.0,160.0,61.0,411.0,-213.0,51.0,-69.0,-272.0
-214.0,-4.0,-14.0,222.0,135.0,494.0,-157.0,-234.0,-100.0,-176.0
-221.0,-166.0,-47.0,262.0,-59.0,296.0,-208.0,-328.0,-110.0,-124.0
-224.0,-100.0,-18.0,228.0,-11.0,45.0,-278.0,-582.0,-105.0,-74.0
-213.0,76.0,-30.0,212.0,-63.0,157.0,-290.0,-611.0,-112.0,-25.0
-204.0,59.0,-111.0,155.0,-112.0,382.0,-278.0,-563.0,-129.0,-5.0
-218.0,-206.0,-103.0,79.0,158.0,276.0,-294.0,-434.0,-134.0,-11.0
-233.0,-69.0,-130.0,6.0,147.0,116.0,-333.0,-188.0,-154.0,-33.0
-220.0,112.0,-234.0,-140.0,32.0,194.0,-354.0,-269.0,-171.0,-56.0
-216.0,-108.0,-190.0,-321.0,138.0,288.0,-337.0,-262.0,-161.0,-102.0
-213.0,-423.0,-241.0,-414.0,34.0,177.0,-352.0,-286.0,-167.0,-141.0
-189.0,-283.0,-305.0,-394.0,-67.0,77.0,-441.0,-133.0,-161.0,-173.0
-170.0,74.0,-239.0,-352.0,-91.0,235.0,-523.0,120.0,-133.0,-218.0
-144.0,68.0,-343.0,-332.0,-108.0,556.0,-524.0,253.0,-106.0,-250.0
-142.0,166.0,-341.0,-300.0,11.0,471.0,-465.0,304.0,-77.0,-269.0
-106.0,366.0,-284.0,-252.0,100.0,258.0,-447.0,86.0,-36.0,-252.0
-66.0,461.0,-362.0,-237.0,-9.0,127.0,-435.0,-38.0,0.0,-215.0
-41.0,427.0,-304.0,-130.0,-85.0,-17.0,-288.0,-325.0,40.0,-168.0
-36.0,224.0,-277.0,-34.0,79.0,55.0,-60.0,-389.0,77.0,-119.0
-30.0,-88.0,-332.0,-59.0,132.0,-73.0,31.0,-290.0,116.0,-69.0
-36.0,-408.0,-274.0,-33.0,1.0,-95.0,13.0,-334.0,154.0,-8.0
-77.0,-298.0,-286.0,54.0,22.0,219.0,-14.0,-97.0,178.0,18.0
-90.0,-161.0,-333.0,97.0,80.0,320.0,-3.0,-53.0,226.0,24.0
-123.0,-514.0,-273.0,72.0,74.0,15.0,24.0,5.0,255.0,17.0
-116.0,-650.0,-300.0,30.0,109.0,-155.0,14.0,12.0,283.0,-25.0
-108.0,-293.0,-297.0,-3.0,-4.0,103.0,2.0,-134.0,312.0,-91.0
-123.0,-349.0,-262.0,18.0,-16.0,105.0,0.0,-133.0,335.0,-149.0
-139.0,-432.0,-297.0,60.0,128.0,-204.0,-32.0,-199.0,342.0,-201.0
-180.0,111.0,-277.0,65.0,-1.0,-252.0,-154.0,-199.0,343.0,-250.0
-206.0,176.0,-267.0,28.0,-181.0,12.0,-319.0,-240.0,362.0,-277.0
-251.0,-79.0,-285.0,3.0,-121.0,49.0,-451.0,-120.0,334.0,-282.0
-271.0,14.0,-259.0,20.0,-89.0,-68.0,-514.0,-1.0,321.0,-273.0
-277.0,19.0,-225.0,-5.0,-97.0,136.0,-556.0,-86.0,322.0,-253.0
-250.0,-25.0,-251.0,-58.0,-117.0,304.0,-581.0,62.0,312.0,-222.0
-208.0,229.0,-226.0,-87.0,-197.0,119.0,-577.0,110.0,301.0,-202.0
-206.0,284.0,-190.0,-124.0,-52.0,-47.0,-564.0,127.0,282.0,-199.0
-175.0,-84.0,-186.0,-92.0,-56.0,50.0,-488.0,9.0,275.0,-186.0
-174.0,-130.0,-101.0,-85.0,-239.0,91.0,-429.0,-179.0,254.0,-166.0
-154.0,-14.0,-55.0,-147.0,-198.0,19.0,-416.0,-157.0,231.0,-145.0
-110.0,235.0,-21.0,-89.0,-49.0,-108.0,-421.0,-243.0,200.0,-114.0
-56.0,383.0,31.0,-23.0,-23.0,-274.0,-397.0,-225.0,173.0,-66.0
6.0,-113.0,56.0,6.0,-96.0,-254.0,-400.0,-230.0,156.0,7.0
17.0,-288.0,83.0,36.0,-53.0,-218.0,-397.0,-179.0,121.0,94.0
35.0,127.0,135.0,23.0,-55.0,-243.0,-305.0,-194.0,98.0,184.0
39.0,274.0,165.0,-34.0,66.0,-308.0,-235.0,-341.0,72.0,261.0
65.0,-88.0,179.0,-40.0,96.0,-301.0,-128.0,-352.0,37.0,330.0
99.0,-246.0,209.0,13.0,-70.0,-188.0,-71.0,-521.0,6.0,393.0
96.0,-55.0,210.0,-10.0,66.0,-287.0,-101.0,-541.0,-48.0,418.0
113.0,-124.0,244.0,-43.0,226.0,-327.0,-130.0,-635.0,-90.0,423.0
153.0,6.0,271.0,-50.0,68.0,-284.0,-126.0,-722.0,-112.0,387.0
144.0,125.0,301.0,-20.0,-33.0,-409.0,-136.0,-532.0,-151.0,328.0
107.0,54.0,345.0,-49.0,79.0,-358.0,-218.0,-280.0,-177.0,269.0
94.0,199.0,348.0,-158.0,74.0,-129.0,-275.0,157.0,-203.0,187.0
71.0,178.0,348.0,-197.0,177.0,7.0,-343.0,358.0,-219.0,123.0
81.0,24.0,332.0,-202.0,129.0,59.0,-377.0,343.0,-233.0,53.0
80.0,-89.0,319.0,-218.0,-27.0,68.0,-426.0,168.0,-215.0,5.0
100.0,-196.0,334.0,-223.0,218.0,64.0,-489.0,20.0,-179.0,-3.0
104.0,-714.0,356.0,-209.0,226.0,39.0,-452.0,7.0,-183.0,-13.0
90.0,-885.0,333.0,-188.0,0.0,51.0,-359.0,-238.0,-145.0,-12.0
71.0,-586.0,340.0,-143.0,85.0,126.0,-265.0,-310.0,-115.0,-17.0
21.0,-545.0,312.0,-51.0,208.0,114.0,-218.0,-251.0,-122.0,-7.0
1.0,-141.0,261.0,-46.0,31.0,96.0,-207.0,-136.0,-123.0,9.0
-43.0,-2.0,268.0,-114.0,-63.0,287.0,-210.0,-121.0,-123.0,6.0
-40.0,-45.0,199.0,-134.0,-55.0,565.0,-188.0,-279.0,-128.0,-7.0
-43.0,281.0,166.0,-130.0,-63.0,485.0,-204.0,-184.0,-136.0,-31.0
-2.0,610.0,127.0,-29.0,52.0,142.0,-264.0,-153.0,-143.0,-55.0
45.0,850.0,63.0,79.0,-71.0,22.0,-258.0,-147.0,-163.0,-80.0
47.0,864.0,67.0,76.0,-204.0,175.0,-216.0,-188.0,-171.0,-86.0
55.0,850.0,24.0,38.0,-159.0,272.0,-272.0,-242.0,-173.0,-89.0
30.0,865.0,-13.0,-2.0,-181.0,183.0,-391.0,-206.0,-180.0,-79.0
21.0,841.0,-18.0,-67.0,-214.0,190.0,-440.0,-253.0,-182.0,-59.0
-9.0,658.0,-59.0,-131.0,-83.0,170.0,-418.0,-36.0,-167.0,-18.0
21.0,195.0,-90.0,-134.0,-1.0,46.0,-331.0,49.0,-140.0,69.0
31.0,-47.0,-64.0,-92.0,-71.0,27.0,-275.0,-36.0,-119.0,161.0
14.0,266.0,-64.0,0.0,1.0,128.0,-260.0,-109.0,-107.0,264.0
-39.0,76.0,-80.0,53.0,-67.0,152.0,-208.0,-223.0,-103.0,385.0
-81.0,-460.0,-54.0,62.0,-47.0,35.0,-154.0,-151.0,-80.0,509.0
-31.0,-250.0,-49.0,85.0,120.0,-57.0,-177.0,-190.0,-84.0,582.0
1.0,-101.0,-37.0,17.0,7.0,-114.0,-218.0,-266.0,-115.0,625.0
62.0,-269.0,-3.0,-21.0,-81.0,-74.0,-256.0,-352.0,-118.0,654.0
58.0,-420.0,1.0,-64.0,132.0,-80.0,-278.0,-343.0,-135.0,613.0
83.0,-296.0,-9.0,-155.0,219.0,-131.0,-252.0,-169.0,-150.0,533.0
95.0,-86.0,-8.0,-145.0,54.0,-39.0,-280.0,-129.0,-130.0,417.0
100.0,-448.0,-11.0,-64.0,27.0,74.0,-279.0,-110.0,-118.0,268.0
127.0,-513.0,0.0,-15.0,-7.0,106.0,-249.0,-164.0,-108.0,81.0
157.0,-141.0,17.0,-23.0,78.0,67.0,-228.0,-42.0,-83.0,-99.0
179.0,89.0,-16.0,18.0,6.0,136.0,-175.0,12.0,-61.0,-251.0
137.0,62.0,-19.0,11.0,-151.0,388.0,-126.0,-86.0,-38.0,-400.0
173.0,-156.0,-35.0,-4.0,43.0,421.0,-101.0,-31.0,-18.0,-504.0
206.0,143.0,-52.0,-3.0,70.0,183.0,-80.0,-145.0,-6.0,-553.0
232.0,397.0,-14.0,-53.0,-30.0,58.0,-37.0,-125.0,3.0,-565.0
210.0,389.0,-7.0,-69.0,-129.0,75.0,-28.0,-92.0,14.0,-554.0
194.0,239.0,19.0,-101.0,-145.0,66.0,-24.0,-5.0,19.0,-512.0
177.0,-379.0,28.0,-91.0,-26.0,22.0,4.0,327.0,1.0,-445.0
146.0,-369.0,51.0,-110.0,-85.0,77.0,35.0,428.0,-5.0,-389.0
127.0,-27.0,101.0,-115.0,-206.0,177.0,-12.0,417.0,-23.0,-337.0
86.0,-121.0,129.0,-49.0,-68.0,361.0,-113.0,236.0,-45.0,-289.0
128.0,16.0,172.0,-24.0,49.0,388.0,-156.0,194.0,-41.0,-253.0
133.0,340.0,185.0,17.0,111.0,109.0,-88.0,249.0,-48.0,-224.0
165.0,453.0,206.0,-13.0,84.0,-52.0,38.0,49.0,-46.0,-204.0
144.0,511.0,223.0,-55.0,-155.0,-8.0,66.0,-184.0,-39.0,-180.0
134.0,599.0,258.0,-59.0,73.0,121.0,1.0,-485.0,-26.0,-135.0
138.0,639.0,316.0,-34.0,247.0,50.0,-60.0,-522.0,9.0,-78.0
100.0,594.0,302.0,83.0,-57.0,-69.0,-83.0,-517.0,20.0,-13.0
106.0,415.0,308.0,167.0,-58.0,53.0,-180.0,-497.0,60.0,44.0
84.0,317.0,322.0,269.0,133.0,223.0,-285.0,-308.0,115.0,75.0
95.0,173.0,289.0,319.0,165.0,98.0,-317.0,-264.0,140.0,111.0
54.0,-30.0,285.0,220.0,67.0,-66.0,-320.0,-201.0,189.0,145.0
69.0,-44.0,275.0,86.0,-74.0,164.0,-292.0,-194.0,221.0,146.0
79.0,31.0,261.0,-41.0,11.0,248.0,-338.0,-83.0,242.0,151.0
101.0,-74.0,254.0,-116.0,130.0,131.0,-373.0,46.0,255.0,176.0
106.0,-397.0,241.0,-58.0,-113.0,72.0,-312.0,51.0,267.0,216.0
72.0,-411.0,226.0,12.0,-152.0,136.0,-195.0,-66.0,268.0,272.0
89.0,-316.0,197.0,34.0,11.0,197.0,-140.0,-140.0,237.0,339.0
77.0,-466.0,204.0,84.0,29.0,77.0,-212.0,59.0,223.0,423.0
135.0,-521.0,180.0,85.0,14.0,108.0,-294.0,-155.0,202.0,506.0
126.0,-417.0,140.0,74.0,-122.0,189.0,-323.0,-339.0,160.0,594.0
135.0,-271.0,113.0,114.0,-13.0,189.0,-335.0,-197.0,121.0,660.0
132.0,78.0,74.0,176.0,158.0,99.0,-322.0,-145.0,93.0,693.0
139.0,72.0,39.0,209.0,69.0,88.0,-222.0,-5.0,62.0,706.0
151.0,-295.0,3.0,162.0,-2.0,239.0,2.0,-158.0,15.0,669.0
146.0,-6.0,-29.0,133.0,-54.0,206.0,247.0,-205.0,-21.0,607.0
169.0,263.0,-80.0,107.0,43.0,41.0,295.0,-109.0,-32.0,527.0
148.0,64.0,-99.0,138.0,131.0,43.0,239.0,-168.0,-43.0,432.0
177.0,167.0,-134.0,307.0,-119.0,145.0,224.0,-1.0,-71.0,332.0
149.0,431.0,-128.0,350.0,-134.0,11.0,179.0,116.0,-92.0,232.0
159.0,386.0,-123.0,325.0,161.0,-116.0,55.0,9.0,-101.0,168.0
157.0,315.0,-170.0,352.0,110.0,33.0,-70.0,-151.0,-104.0,126.0
129.0,283.0,-118.0,297.0,-4.0,96.0,-152.0,-27.0,-100.0,98.0
56.0,297.0,-120.0,261.0,-1.0,-29.0,-182.0,-12.0,-88.0,95.0
-3.0,249.0,-126.0,262.0,31.0,177.0,-163.0,0.0,-66.0,108.0
15.0,-12.0,-78.0,201.0,188.0,478.0,-189.0,175.0,-39.0,122.0
15.0,96.0,-99.0,146.0,99.0,262.0,-162.0,18.0,-6.0,130.0
47.0,78.0,-91.0,110.0,-108.0,42.0,-46.0,125.0,27.0,103.0
23.0,-269.0,-67.0,41.0,142.0,229.0,74.0,55.0,46.0,39.0
4.0,-259.0,-79.0,2.0,345.0,396.0,79.0,-107.0,84.0,-24.0
-36.0,-190.0,-64.0,-20.0,123.0,156.0,-14.0,62.0,113.0,-103.0
-34.0,-428.0,-51.0,-11.0,68.0,94.0,-95.0,-114.0,121.0,-202.0
-10.0,-328.0,-86.0,-58.0,57.0,365.0,-167.0,-40.0,138.0,-315.0
3.0,-116.0,-93.0,-107.0,75.0,306.0,-202.0,151.0,159.0,-423.0
0.0,-263.0,-70.0,-85.0,159.0,116.0,-324.0,149.0,186.0,-507.0
-38.0,-192.0,-75.0,-121.0,-3.0,140.0,-421.0,79.0,203.0,-583.0
-28.0,-220.0,-42.0,-145.0,-58.0,208.0,-379.0,-147.0,234.0,-640.0
0.0,-55.0,6.0,-131.0,71.0,83.0,-288.0,-181.0,241.0,-679.0
70.0,199.0,-14.0,-65.0,40.0,76.0,-247.0,-208.0,252.0,-701.0
101.0,51.0,-30.0,-27.0,-121.0,269.0,-282.0,-70.0,269.0,-718.0
131.0,-62.0,-6.0,-40.0,-148.0,327.0,-215.0,-3.0,270.0,-695.0
129.0,42.0,-53.0,-70.0,-74.0,248.0,-63.0,-101.0,293.0,-643.0
105.0,279.0,-85.0,-114.0,-77.0,256.0,59.0,20.0,291.0,-596.0
118.0,216.0,-100.0,-162.0,-249.0,411.0,168.0,-131.0,291.0,-534.0
140.0,269.0,-179.0,-170.0,-276.0,262.0,325.0,-194.0,264.0,-467.0
153.0,432.0,-208.0,-91.0,-61.0,6.0,474.0,-99.0,253.0,-384.0
119.0,326.0,-244.0,-59.0,-30.0,14.0,534.0,-12.0,263.0,-309.0
84.0,321.0,-286.0,-44.0,-106.0,28.0,500.0,169.0,242.0,-239.0
58.0,354.0,-280.0,-32.0,-124.0,106.0,431.0,118.0,241.0,-165.0
59.0,122.0,-288.0,0.0,-24.0,304.0,357.0,-33.0,250.0,-103.0
68.0,92.0,-273.0,89.0,64.0,340.0,269.0,-157.0,267.0,-40.0
105.0,165.0,-253.0,179.0,-75.0,143.0,185.0,14.0,260.0,19.0
137.0,-41.0,-232.0,251.0,-95.0,-2.0,51.0,310.0,262.0,79.0
89.0,-16.0,-202.0,279.0,76.0,-12.0,-59.0,395.0,239.0,129.0
26.0,118.0,-180.0,279.0,140.0,56.0,-82.0,334.0,190.0,160.0
27.0,248.0,-150.0,194.0,142.0,-17.0,-125.0,269.0,180.0,183.0
15.0,105.0,-125.0,111.0,42.0,-201.0,-230.0,304.0,138.0,194.0
7.0,24.0,-123.0,66.0,94.0,-198.0,-333.0,107.0,91.0,187.0
-10.0,296.0,-94.0,-73.0,296.0,-147.0,-420.0,-60.0,46.0,170.0
-40.0,1.0,-54.0,-190.0,158.0,-74.0,-419.0,-168.0,-7.0,135.0
-21.0,-331.0,-57.0,-206.0,38.0,52.0,-353.0,-253.0,-37.0,114.0
0.0,-443.0,-8.0,-223.0,110.0,196.0,-334.0,-60.0,-83.0,110.0
19.0,-701.0,32.0,-250.0,175.0,170.0,-294.0,0.0,-127.0,108.0
-10.0,-824.0,0.0,-290.0,160.0,-70.0,-190.0,53.0,-152.0,111.0
-22.0,-857.0,45.0,-304.0,-50.0,-225.0,-37.0,184.0,-203.0,115.0
-86.0,-563.0,60.0,-262.0,11.0,-130.0,59.0,245.0,-257.0,132.0
-148.0,-319.0,-6.0,-214.0,209.0,124.0,134.0,236.0,-276.0,145.0
-134.0,-165.0,16.0,-174.0,73.0,276.0,222.0,240.0,-295.0,157.0
-126.0,131.0,-5.0,-186.0,-88.0,241.0,260.0,373.0,-303.0,141.0
-106.0,182.0,-67.0,-186.0,-108.0,173.0,235.0,375.0,-273.0,129.0
-129.0,357.0,-39.0,-174.0,-50.0,118.0,141.0,399.0,-242.0,126.0
-108.0,467.0,-69.0,-167.0,8.0,23.0,83.0,339.0,-205.0,111.0
-69.0,295.0,-87.0,-100.0,-88.0,0.0,94.0,286.0,-161.0,107.0
-37.0,178.0,-33.0,-58.0,-186.0,-14.0,136.0,249.0,-127.0,76.0
-25.0,249.0,-55.0,20.0,-12.0,-85.0,158.0,-51.0,-100.0,35.0
-24.0,68.0,-60.0,93.0,94.0,-152.0,243.0,-97.0,-68.0,-7.0
-9.0,-171.0,6.0,86.0,-32.0,-89.0,392.0,-131.0,-40.0,-55.0
-31.0,-118.0,-23.0,122.0,-21.0,-148.0,514.0,-184.0,-20.0,-100.0
-23.0,-91.0,-22.0,143.0,94.0,-357.0,534.0,-142.0,12.0,-172.0
10.0,187.0,21.0,107.0,129.0,-280.0,449.0,-162.0,11.0,-243.0
99.0,228.0,-69.0,45.0,34.0,-234.0,468.0,-153.0,17.0,-302.0
147.0,203.0,-28.0,10.0,-95.0,-350.0,575.0,-321.0,42.0,-357.0
130.0,278.0,18.0,40.0,47.0,-425.0,643.0,-201.0,62.0,-399.0
143.0,172.0,-17.0,70.0,178.0,-287.0,591.0,66.0,101.0,-452.0
129.0,252.0,72.0,65.0,-20.0,-205.0,440.0,177.0,141.0,-481.0
150.0,265.0,55.0,0.0,-109.0,-419.0,282.0,96.0,182.0,-452.0
163.0,255.0,33.0,-93.0,-25.0,-267.0,177.0,-153.0,219.0,-414.0
175.0,353.0,93.0,-62.0,30.0,13.0,119.0,-9.0,257.0,-348.0
148.0,398.0,86.0,33.0,-42.0,-124.0,28.0,280.0,282.0,-245.0
82.0,158.0,97.0,48.0,-231.0,-266.0,-66.0,665.0,305.0,-127.0
97.0,91.0,109.0,123.0,-156.0,-22.0,-97.0,720.0,328.0,-4.0
99.0,307.0,97.0,197.0,80.0,235.0,-18.0,243.0,329.0,104.0
118.0,138.0,85.0,190.0,32.0,-29.0,42.0,-90.0,351.0,213.0
102.0,-87.0,95.0,171.0,-120.0,-288.0,17.0,-304.0,356.0,274.0
99.0,-119.0,61.0,202.0,-26.0,-126.0,-7.0,-232.0,346.0,299.0
103.0,-274.0,68.0,238.0,107.0,-103.0,-23.0,-155.0,353.0,324.0
62.0,-504.0,92.0,191.0,-6.0,-240.0,-88.0,-59.0,339.0,337.0
63.0,-676.0,43.0,193.0,-159.0,-135.0,-166.0,258.0,329.0,327.0
74.0,-566.0,62.0,235.0,-127.0,123.0,-127.0,234.0,319.0,295.0
95.0,-291.0,53.0,269.0,35.0,125.0,19.0,68.0,284.0,287.0
74.0,-327.0,26.0,232.0,166.0,-88.0,162.0,-199.0,244.0,279.0
77.0,-229.0,28.0,174.0,65.0,10.0,224.0,-273.0,214.0,259.0
65.0,9.0,21.0,203.0,-24.0,86.0,309.0,-123.0,178.0,237.0
95.0,24.0,3.0,245.0,134.0,-143.0,405.0,-120.0,151.0,230.0
114.0,-62.0,-7.0,247.0,181.0,-218.0,495.0,40.0,142.0,233.0
106.0,-152.0,9.0,252.0,35.0,-154.0,524.0,120.0,117.0,225.0
162.0,118.0,-15.0,262.0,-41.0,-81.0,450.0,162.0,122.0,242.0
151.0,222.0,-2.0,200.0,42.0,-187.0,396.0,151.0,142.0,248.0
135.0,36.0,-2.0,124.0,170.0,-233.0,401.0,-18.0,136.0,241.0
81.0,328.0,-9.0,41.0,86.0,-2.0,456.0,-197.0,137.0,233.0
95.0,547.0,24.0,2.0,17.0,-36.0,440.0,-216.0,139.0,207.0
138.0,631.0,17.0,30.0,111.0,-211.0,356.0,112.0,144.0,174.0
147.0,754.0,35.0,27.0,130.0,-143.0,279.0,339.0,133.0,103.0
140.0,802.0,40.0,34.0,52.0,78.0,265.0,569.0,114.0,3.0
115.0,1048.0,40.0,83.0,-106.0,122.0,272.0,707.0,109.0,-84.0
98.0,788.0,76.0,121.0,-60.0,52.0,195.0,606.0,73.0,-184.0
13.0,436.0,72.0,132.0,65.0,233.0,132.0,391.0,40.0,-272.0
-21.0,68.0,78.0,179.0,-79.0,363.0,140.0,138.0,23.0,-324.0
-22.0,-206.0,71.0,231.0,-119.0,137.0,155.0,238.0,-8.0,-371.0
54.0,-175.0,63.0,238.0,-15.0,-177.0,87.0,380.0,-36.0,-385.0
118.0,-853.0,41.0,224.0,-23.0,-125.0,-54.0,445.0,-65.0,-359.0
113.0,-860.0,8.0,193.0,-62.0,150.0,-140.0,251.0,-76.0,-308.0
98.0,-447.0,30.0,148.0,-176.0,181.0,-79.0,3.0,-65.0,-230.0
55.0,-724.0,-4.0,143.0,-242.0,90.0,34.0,14.0,-67.0,-142.0
12.0,-552.0,42.0,139.0,-85.0,52.0,154.0,-118.0,-64.0,-37.0
-48.0,-314.0,65.0,76.0,-70.0,10.0,273.0,-35.0,-45.0,71.0
-66.0,-344.0,66.0,-35.0,-159.0,-152.0,305.0,49.0,-42.0,154.0
-68.0,-152.0,109.0,-141.0,-45.0,-267.0,247.0,149.0,-58.0,216.0
-30.0,-27.0,78.0,-198.0,7.0,-177.0,160.0,330.0,-83.0,257.0
-13.0,22.0,112.0,-229.0,3.0,-94.0,118.0,142.0,-110.0,258.0
-3.0,98.0,109.0,-165.0,10.0,8.0,135.0,-88.0,-121.0,220.0
8.0,58.0,131.0,-71.0,-61.0,9.0,126.0,-489.0,-131.0,189.0
-53.0,-65.0,148.0,-47.0,87.0,-179.0,-14.0,-546.0,-129.0,150.0
-118.0,-87.0,126.0,-15.0,226.0,-294.0,-203.0,-145.0,-119.0,82.0
-165.0,10.0,177.0,-20.0,75.0,-305.0,-248.0,179.0,-108.0,30.0
-166.0,-117.0,164.0,-85.0,78.0,-250.0,-218.0,373.0,-101.0,-5.0
-170.0,-175.0,134.0,-102.0,249.0,-219.0,-302.0,225.0,-90.0,-35.0
-173.0,-114.0,158.0,-58.0,303.0,1.0,-465.0,271.0,-90.0,-56.0
-170.0,98.0,137.0,-69.0,188.0,272.0,-531.0,297.0,-106.0,-73.0
-173.0,376.0,114.0,-103.0,16.0,104.0,-361.0,399.0,-85.0,-79.0
-138.0,185.0,138.0,-117.0,84.0,-84.0,-104.0,618.0,-96.0,-90.0
-142.0,231.0,113.0,-197.0,175.0,23.0,38.0,504.0,-93.0,-95.0
-139.0,192.0,66.0,-322.0,-41.0,124.0,135.0,589.0,-79.0,-79.0
-106.0,-8.0,59.0,-340.0,-147.0,-47.0,206.0,526.0,-104.0,-67.0
-70.0,260.0,73.0,-291.0,-104.0,-140.0,284.0,436.0,-84.0,-78.0
-21.0,226.0,42.0,-262.0,-76.0,47.0,297.0,369.0,-95.0,-89.0
-23.0,284.0,56.0,-224.0,-6.0,156.0,269.0,186.0,-108.0,-91.0
-20.0,503.0,45.0,-214.0,-219.0,104.0,346.0,203.0,-111.0,-109.0
-13.0,619.0,-8.0,-159.0,-291.0,44.0,485.0,40.0,-139.0,-144.0
18.0,662.0,37.0,-60.0,7.0,150.0,537.0,-53.0,-149.0,-164.0
93.0,614.0,8.0,76.0,-83.0,321.0,380.0,-90.0,-168.0,-161.0
161.0,799.0,0.0,200.0,-276.0,365.0,190.0,3.0,-174.0,-154.0
220.0,528.0,58.0,242.0,-91.0,148.0,87.0,147.0,-171.0,-145.0
223.0,300.0,5.0,208.0,1.0,123.0,7.0,73.0,-167.0,-120.0
228.0,259.0,-12.0,159.0,-21.0,181.0,-63.0,181.0,-165.0,-67.0
191.0,125.0,33.0,140.0,-38.0,-106.0,-135.0,229.0,-158.0,-12.0
153.0,62.0,-9.0,84.0,-123.0,-194.0,-192.0,373.0,-145.0,34.0
156.0,-182.0,-6.0,40.0,-18.0,-95.0,-144.0,491.0,-148.0,84.0
157.0,-50.0,37.0,-96.0,38.0,58.0,-17.0,530.0,-139.0,119.0
186.0,-177.0,0.0,-199.0,-53.0,55.0,51.0,744.0,-138.0,137.0
184.0,-576.0,-13.0,-141.0,-38.0,-27.0,27.0,537.0,-147.0,152.0
166.0,-476.0,-28.0,-103.0,-49.0,98.0,36.0,168.0,-161.0,155.0
153.0,-252.0,-44.0,-68.0,116.0,107.0,211.0,-116.0,-182.0,131.0
144.0,-445.0,-42.0,-44.0,98.0,165.0,409.0,-264.0,-180.0,96.0
111.0,-926.0,-55.0,-100.0,-105.0,350.0,473.0,-262.0,-181.0,69.0
78.0,-670.0,-58.0,-149.0,118.0,423.0,417.0,-293.0,-185.0,54.0
63.0,-383.0,-55.0,-92.0,107.0,158.0,453.0,-262.0,-174.0,39.0
6.0,-443.0,-80.0,18.0,-71.0,-62.0,561.0,-351.0,-171.0,27.0
-58.0,-482.0,-75.0,175.0,-29.0,52.0,517.0,-206.0,-162.0,52.0
-93.0,-728.0,-54.0,273.0,-60.0,-1.0,342.0,-3.0,-160.0,115.0
-90.0,-709.0,-59.0,241.0,61.0,-17.0,187.0,5.0,-154.0,174.0
-76.0,-694.0,-25.0,178.0,66.0,246.0,188.0,53.0,-143.0,243.0
-76.0,-578.0,-5.0,76.0,-136.0,375.0,212.0,36.0,-134.0,314.0
-71.0,-453.0,1.0,25.0,0.0,68.0,133.0,190.0,-143.0,377.0
-75.0,-173.0,22.0,10.0,130.0,-268.0,-54.0,205.0,-158.0,423.0
-93.0,231.0,32.0,-13.0,39.0,-135.0,-214.0,147.0,-149.0,439.0
-110.0,-50.0,32.0,-26.0,17.0,39.0,-238.0,109.0,-147.0,441.0
-127.0,59.0,63.0,-36.0,-29.0,93.0,-138.0,-33.0,-152.0,414.0
-152.0,447.0,87.0,39.0,19.0,314.0,4.0,73.0,-148.0,384.0
-156.0,334.0,86.0,124.0,43.0,507.0,57.0,158.0,-136.0,355.0
-146.0,115.0,109.0,193.0,-97.0,304.0,113.0,212.0,-137.0,341.0
-155.0,71.0,114.0,249.0,-44.0,70.0,135.0,64.0,-127.0,322.0
-131.0,222.0,92.0,252.0,44.0,331.0,131.0,-153.0,-121.0,298.0
-97.0,321.0,41.0,234.0,-62.0,461.0,124.0,-162.0,-120.0,314.0
-75.0,290.0,12.0,223.0,-59.0,204.0,135.0,-136.0,-127.0,315.0
-82.0,234.0,-34.0,226.0,-56.0,95.0,151.0,145.0,-143.0,320.0
-119.0,288.0,-103.0,213.0,-62.0,294.0,31.0,389.0,-135.0,322.0
-135.0,158.0,-123.0,266.0,78.0,329.0,-127.0,554.0,-117.0,315.0
-107.0,194.0,-162.0,335.0,-42.0,62.0,-211.0,548.0,-105.0,310.0
-71.0,333.0,-159.0,287.0,-158.0,175.0,-135.0,365.0,-97.0,269.0
-16.0,446.0,-121.0,197.0,-15.0,286.0,-28.0,251.0,-60.0,212.0
33.0,400.0,-120.0,161.0,29.0,-38.0,4.0,16.0,-36.0,140.0
15.0,-148.0,-78.0,140.0,-61.0,-139.0,108.0,46.0,-11.0,55.0
0.0,-131.0,-80.0,110.0,-54.0,93.0,323.0,160.0,3.0,-43.0
-5.0,-64.0,-108.0,89.0,43.0,229.0,576.0,68.0,10.0,-140.0
27.0,-231.0,-78.0,47.0,75.0,-4.0,825.0,-33.0,42.0,-233.0
63.0,-185.0,-108.0,-62.0,95.0,-135.0,1054.0,-116.0,49.0,-313.0
69.0,-131.0,-117.0,-200.0,59.0,71.0,1263.0,-125.0,43.0,-357.0
37.0,-84.0,-118.0,-230.0,77.0,88.0,1355.0,-181.0,40.0,-382.0
22.0,-188.0,-167.0,-218.0,173.0,14.0,1196.0,-68.0,54.0,-403.0
56.0,139.0,-186.0,-247.0,207.0,18.0,930.0,9.0,40.0,-402.0
66.0,243.0,-209.0,-217.0,20.0,121.0,694.0,90.0,46.0,-367.0
128.0,151.0,-251.0,-155.0,-6.0,186.0,598.0,341.0,74.0,-340.0
139.0,230.0,-267.0,-163.0,229.0,129.0,616.0,347.0,61.0,-327.0
136.0,-36.0,-274.0,-168.0,-19.0,273.0,574.0,413.0,75.0,-308.0
119.0,-227.0,-330.0,-61.0,-175.0,219.0,391.0,291.0,79.0,-272.0
97.0,-259.0,-317.0,13.0,73.0,35.0,73.0,57.0,91.0,-250.0
104.0,-181.0,-306.0,-74.0,-46.0,14.0,-224.0,25.0,124.0,-242.0
111.0,-378.0,-342.0,-79.0,-78.0,-101.0,-457.0,-51.0,148.0,-225.0
126.0,-393.0,-260.0,-31.0,31.0,-131.0,-601.0,57.0,161.0,-213.0
98.0,-150.0,-259.0,-44.0,-126.0,-67.0,-688.0,62.0,159.0,-199.0
89.0,-146.0,-237.0,3.0,143.0,137.0,-723.0,103.0,140.0,-190.0
41.0,16.0,-154.0,24.0,254.0,223.0,-608.0,116.0,118.0,-149.0
25.0,94.0,-183.0,38.0,-104.0,-50.0,-370.0,84.0,101.0,-99.0
-1.0,219.0,-114.0,62.0,73.0,-116.0,-106.0,256.0,71.0,-71.0
-33.0,219.0,-85.0,62.0,233.0,102.0,67.0,280.0,29.0,-11.0
-55.0,86.0,-84.0,8.0,123.0,179.0,172.0,412.0,-23.0,68.0
-83.0,161.0,0.0,-17.0,143.0,-34.0,196.0,412.0,-69.0,114.0
-91.0,237.0,9.0,-15.0,50.0,-169.0,185.0,347.0,-120.0,137.0
-124.0,308.0,26.0,-30.0,36.0,15.0,283.0,277.0,-177.0,170.0
-97.0,109.0,27.0,107.0,142.0,43.0,539.0,33.0,-221.0,192.0
-162.0,-62.0,-11.0,219.0,4.0,-237.0,801.0,-92.0,-280.0,180.0
-184.0,-88.0,-12.0,242.0,-103.0,-279.0,874.0,-295.0,-299.0,172.0
-179.0,97.0,16.0,139.0,32.0,-94.0,787.0,-158.0,-301.0,157.0
-193.0,414.0,12.0,5.0,79.0,-139.0,682.0,49.0,-294.0,123.0
-195.0,193.0,22.0,-17.0,-66.0,-273.0,645.0,-31.0,-261.0,119.0
-206.0,-58.0,36.0,-46.0,-211.0,-150.0,610.0,-51.0,-261.0,143.0
-162.0,-15.0,13.0,-8.0,-108.0,-10.0,532.0,-155.0,-244.0,169.0
-187.0,-44.0,52.0,-21.0,-29.0,-186.0,435.0,-155.0,-211.0,185.0
-192.0,-276.0,87.0,28.0,-150.0,-236.0,386.0,-182.0,-158.0,205.0
-233.0,-385.0,94.0,109.0,-197.0,-80.0,349.0,-151.0,-104.0,239.0
-209.0,-150.0,111.0,140.0,-159.0,-140.0,274.0,-60.0,-55.0,269.0
-162.0,-90.0,106.0,214.0,70.0,-267.0,191.0,24.0,30.0,285.0
-193.0,-236.0,88.0,222.0,127.0,-215.0,122.0,166.0,83.0,284.0
-217.0,-172.0,70.0,216.0,-193.0,-181.0,57.0,14.0,147.0,276.0
-217.0,99.0,55.0,172.0,-41.0,-290.0,-79.0,-1.0,184.0,257.0
-208.0,21.0,28.0,124.0,229.0,-175.0,-218.0,-46.0,181.0,207.0
-256.0,-126.0,20.0,44.0,5.0,-139.0,-338.0,-112.0,203.0,136.0
-251.0,-89.0,-12.0,-24.0,-12.0,-478.0,-387.0,-103.0,188.0,50.0
-237.0,-108.0,-42.0,-15.0,91.0,-619.0,-403.0,-129.0,152.0,-56.0
-192.0,180.0,-17.0,-60.0,76.0,-409.0,-449.0,51.0,110.0,-155.0
-187.0,244.0,-82.0,-100.0,252.0,-142.0,-418.0,-25.0,75.0,-236.0
-203.0,266.0,-76.0,-78.0,150.0,-163.0,-364.0,-201.0,45.0,-321.0
-220.0,188.0,-41.0,-103.0,-58.0,-367.0,-251.0,-443.0,4.0,-387.0
-231.0,-229.0,-121.0,-199.0,203.0,-235.0,-96.0,-473.0,-37.0,-406.0
-253.0,-304.0,-90.0,-179.0,212.0,104.0,-7.0,-168.0,-76.0,-421.0
-308.0,-278.0,-88.0,-88.0,-5.0,50.0,36.0,-68.0,-98.0,-414.0
-284.0,-139.0,-146.0,-97.0,-1.0,-179.0,99.0,149.0,-137.0,-391.0
-304.0,-204.0,-150.0,-166.0,0.0,-112.0,222.0,232.0,-160.0,-364.0
-258.0,-165.0,-167.0,-185.0,163.0,16.0,344.0,216.0,-159.0,-312.0
-236.0,84.0,-202.0,-164.0,76.0,-61.0,376.0,160.0,-175.0,-278.0
-255.0,234.0,-224.0,-131.0,-180.0,-162.0,345.0,0.0,-179.0,-220.0
-276.0,402.0,-183.0,-48.0,23.0,3.0,366.0,129.0,-168.0,-173.0
-327.0,277.0,-229.0,-53.0,134.0,163.0,398.0,88.0,-149.0,-139.0
-335.0,164.0,-226.0,-93.0,6.0,-30.0,375.0,-25.0,-134.0,-85.0
-323.0,32.0,-208.0,-132.0,-44.0,-202.0,313.0,-133.0,-105.0,-53.0
-274.0,-4.0,-247.0,-220.0,-42.0,-51.0,243.0,-242.0,-60.0,-9.0
-279.0,81.0,-196.0,-183.0,109.0,42.0,172.0,-90.0,-31.0,23.0
-267.0,157.0,-240.0,-85.0,69.0,-52.0,105.0,-75.0,-26.0,73.0
-253.0,288.0,-231.0,51.0,-136.0,-106.0,27.0,-72.0,-2.0,127.0
-227.0,235.0,-206.0,155.0,-93.0,-94.0,-52.0,-83.0,30.0,173.0
-213.0,-98.0,-239.0,187.0,-57.0,-146.0,-99.0,-44.0,32.0,256.0
-193.0,-180.0,-200.0,222.0,-37.0,-262.0,-98.0,-40.0,50.0,324.0
-137.0,131.0,-175.0,159.0,-131.0,-181.0,-81.0,-179.0,65.0,403.0
-109.0,19.0,-141.0,121.0,-274.0,149.0,-143.0,-68.0,65.0,473.0
-58.0,-477.0,-135.0,187.0,-73.0,238.0,-233.0,-123.0,81.0,504.0
-42.0,-662.0,-86.0,165.0,25.0,58.0,-238.0,-177.0,88.0,519.0
-24.0,-377.0,-55.0,72.0,-114.0,131.0,-107.0,-221.0,71.0,515.0
-12.0,-196.0,-71.0,-48.0,-45.0,105.0,52.0,-424.0,61.0,477.0
-6.0,-255.0,-17.0,-159.0,85.0,-44.0,102.0,-323.0,47.0,421.0
-27.0,-210.0,-1.0,-97.0,72.0,18.0,1.0,-182.0,3.0,355.0
0.0,-59.0,2.0,-55.0,113.0,39.0,-174.0,-129.0,-14.0,248.0
46.0,16.0,7.0,-17.0,41.0,-4.0,-236.0,-208.0,-32.0,157.0
48.0,182.0,-18.0,56.0,67.0,-2.0,-157.0,-384.0,-44.0,71.0
50.0,376.0,-9.0,86.0,289.0,16.0,-106.0,-550.0,-46.0,-27.0
28.0,324.0,-25.0,122.0,44.0,-54.0,-201.0,-602.0,-81.0,-100.0
34.0,254.0,-68.0,97.0,-53.0,33.0,-291.0,-323.0,-90.0,-143.0
-15.0,152.0,-55.0,93.0,157.0,45.0,-217.0,-60.0,-103.0,-172.0
-51.0,22.0,-91.0,56.0,52.0,-296.0,62.0,206.0,-129.0,-186.0
-66.0,-65.0,-109.0,26.0,-16.0,-481.0,411.0,293.0,-130.0,-168.0
-41.0,29.0,-73.0,-46.0,-114.0,-302.0,606.0,55.0,-130.0,-152.0
-31.0,-159.0,-94.0,-185.0,-115.0,-178.0,601.0,-72.0,-139.0,-118.0
-59.0,-502.0,-77.0,-227.0,57.0,-418.0,458.0,-147.0,-134.0,-91.0
-25.0,-375.0,-65.0,-227.0,-61.0,-400.0,219.0,-118.0,-140.0,-81.0
-31.0,-319.0,-58.0,-139.0,-231.0,-89.0,5.0,-97.0,-163.0,-71.0
-31.0,-416.0,-43.0,-60.0,-148.0,-66.0,6.0,-22.0,-163.0,-82.0
-46.0,-320.0,-60.0,-72.0,-32.0,-332.0,127.0,-59.0,-162.0,-87.0
-31.0,-161.0,-53.0,-89.0,-50.0,-491.0,153.0,-253.0,-166.0,-111.0
-23.0,-176.0,-27.0,-67.0,-90.0,-252.0,-9.0,-177.0,-167.0,-137.0
-46.0,-267.0,-31.0,-15.0,-68.0,-92.0,-168.0,-212.0,-179.0,-143.0
-46.0,-191.0,-27.0,12.0,103.0,-226.0,-92.0,-210.0,-180.0,-148.0
-46.0,219.0,-10.0,31.0,149.0,-349.0,136.0,-319.0,-165.0,-119.0
-13.0,110.0,-26.0,3.0,-18.0,-409.0,372.0,-576.0,-154.0,-73.0
-25.0,-240.0,0.0,-79.0,6.0,-500.0,390.0,-565.0,-142.0,-30.0
-55.0,67.0,-1.0,-125.0,57.0,-496.0,121.0,-450.0,-132.0,24.0
-82.0,340.0,-4.0,-152.0,64.0,-325.0,-184.0,-277.0,-140.0,90.0
-67.0,323.0,0.0,-214.0,-21.0,-187.0,-339.0,-210.0,-149.0,149.0
-36.0,318.0,-38.0,-280.0,-149.0,-229.0,-386.0,-16.0,-141.0,198.0
-9.0,541.0,3.0,-309.0,60.0,-301.0,-397.0,20.0,-143.0,218.0
34.0,469.0,-18.0,-311.0,130.0,-210.0,-398.0,-120.0,-170.0,197.0
23.0,488.0,-38.0,-307.0,-45.0,-95.0,-377.0,-131.0,-186.0,191.0
-7.0,433.0,-14.0,-260.0,-13.0,-190.0,-285.0,-123.0,-186.0,173.0
-36.0,54.0,-79.0,-211.0,0.0,-285.0,-201.0,29.0,-187.0,150.0
-29.0,126.0,-24.0,-179.0,5.0,-136.0,-157.0,-29.0,-181.0,130.0
-3.0,-62.0,-6.0,-132.0,83.0,-135.0,-96.0,-101.0,-161.0,109.0
-2.0,-349.0,-2.0,-81.0,-114.0,-421.0,-23.0,-116.0,-149.0,113.0
-9.0,-380.0,70.0,-36.0,-119.0,-597.0,-56.0,-116.0,-138.0,102.0
17.0,-316.0,62.0,31.0,191.0,-411.0,-171.0,55.0,-98.0,107.0
35.0,-219.0,86.0,74.0,44.0,-260.0,-186.0,-59.0,-63.0,122.0
7.0,-129.0,65.0,107.0,-152.0,-372.0,-37.0,-73.0,-12.0,130.0
4.0,-137.0,71.0,193.0,-65.0,-356.0,173.0,-40.0,38.0,145.0
0.0,-261.0,32.0,187.0,26.0,-271.0,333.0,-210.0,68.0,150.0
8.0,-79.0,9.0,220.0,66.0,-244.0,414.0,-188.0,116.0,153.0
1.0,24.0,59.0,247.0,-99.0,-283.0,486.0,-297.0,150.0,141.0
25.0,86.0,20.0,133.0,-139.0,-150.0,647.0,-343.0,177.0,120.0
64.0,182.0,62.0,34.0,31.0,52.0,762.0,-304.0,211.0,108.0
75.0,133.0,49.0,-96.0,44.0,-104.0,780.0,-304.0,237.0,86.0
83.0,-18.0,20.0,-224.0,-45.0,-201.0,673.0,-280.0,258.0,63.0
68.0,-36.0,47.0,-317.0,-90.0,-112.0,450.0,-367.0,271.0,63.0
81.0,182.0,14.0,-321.0,-10.0,-131.0,163.0,-127.0,267.0,59.0
29.0,-104.0,0.0,-257.0,157.0,-106.0,-218.0,9.0,250.0,67.0
2.0,-462.0,-16.0,-166.0,13.0,134.0,-543.0,49.0,226.0,83.0
-21.0,-384.0,-26.0,-55.0,-136.0,322.0,-753.0,20.0,193.0,91.0
-32.0,-275.0,-48.0,34.0,76.0,111.0,-806.0,-99.0,151.0,123.0
11.0,-303.0,-75.0,101.0,124.0,-200.0,-765.0,112.0,112.0,135.0
-8.0,-169.0,-64.0,56.0,61.0,-268.0,-739.0,110.0,56.0,133.0
24.0,48.0,-65.0,34.0,-58.0,-315.0,-691.0,110.0,0.0,121.0
42.0,-188.0,-93.0,-1.0,-59.0,-328.0,-539.0,5.0,-49.0,99.0
39.0,-135.0,-83.0,-9.0,144.0,-84.0,-306.0,-109.0,-98.0,71.0
19.0,78.0,-89.0,29.0,52.0,52.0,-142.0,-66.0,-141.0,34.0
13.0,84.0,-100.0,-28.0,-56.0,-140.0,-45.0,-157.0,-191.0,1.0
24.0,276.0,-77.0,-19.0,49.0,-429.0,23.0,-194.0,-208.0,-70.0
6.0,227.0,-105.0,-61.0,145.0,-482.0,149.0,-347.0,-223.0,-129.0
8.0,242.0,-96.0,-70.0,111.0,-210.0,264.0,-373.0,-248.0,-165.0
-26.0,326.0,-83.0,-55.0,17.0,46.0,266.0,-391.0,-233.0,-193.0
0.0,397.0,-125.0,-116.0,-79.0,205.0,179.0,-343.0,-219.0,-179.0
5.0,439.0,-109.0,-24.0,65.0,85.0,136.0,-195.0,-209.0,-143.0
-10.0,239.0,-102.0,10.0,149.0,-43.0,163.0,-129.0,-181.0,-87.0
5.0,255.0,-127.0,-18.0,-121.0,113.0,146.0,-25.0,-146.0,-21.0
4.0,15.0,-136.0,-30.0,-153.0,-27.0,111.0,-142.0,-114.0,52.0
13.0,-153.0,-132.0,-16.0,-83.0,-180.0,57.0,-245.0,-81.0,116.0
7.0,-80.0,-154.0,92.0,-73.0,-68.0,30.0,-291.0,-48.0,165.0
34.0,-456.0,-158.0,93.0,-123.0,112.0,58.0,-334.0,-10.0,218.0
47.0,-548.0,-152.0,72.0,-216.0,169.0,111.0,-310.0,23.0,253.0
62.0,-578.0,-176.0,47.0,-108.0,14.0,173.0,-275.0,59.0,268.0
28.0,-712.0,-142.0,-8.0,16.0,158.0,263.0,-138.0,80.0,264.0
-23.0,-249.0,-161.0,-2.0,-49.0,239.0,246.0,-97.0,88.0,237.0
-52.0,-61.0,-161.0,9.0,-127.0,-6.0,66.0,68.0,81.0,222.0
-88.0,-207.0,-119.0,2.0,12.0,-81.0,-96.0,177.0,75.0,192.0
-80.0,108.0,-136.0,-16.0,58.0,125.0,-134.0,-73.0,90.0,141.0
-102.0,261.0,-130.0,-4.0,-9.0,133.0,-19.0,-133.0,81.0,79.0
-81.0,374.0,-96.0,-26.0,19.0,-227.0,27.0,-293.0,81.0,16.0
-47.0,503.0,-111.0,-23.0,37.0,-178.0,-60.0,-415.0,79.0,-30.0
-41.0,272.0,-126.0,13.0,72.0,96.0,-183.0,-354.0,66.0,-95.0
-14.0,269.0,-70.0,-40.0,144.0,29.0,-220.0,-426.0,65.0,-147.0
-13.0,257.0,-93.0,-51.0,82.0,-90.0,-102.0,-338.0,65.0,-199.0
-32.0,96.0,-67.0,24.0,10.0,50.0,6.0,-415.0,60.0,-256.0
-56.0,-48.0,-44.0,107.0,66.0,152.0,42.0,-343.0,38.0,-284.0
-41.0,139.0,-95.0,127.0,-2.0,-202.0,45.0,-269.0,40.0,-327.0
23.0,295.0,-61.0,85.0,-27.0,-409.0,-2.0,-334.0,17.0,-374.0
62.0,-125.0,-73.0,62.0,-16.0,-254.0,-124.0,-315.0,9.0,-403.0
67.0,-21.0,-95.0,-10.0,-89.0,-27.0,-261.0,-434.0,21.0,-429.0
72.0,-114.0,-80.0,-45.0,-22.0,96.0,-258.0,-299.0,24.0,-425.0
80.0,-357.0,-85.0,-7.0,-39.0,-20.0,-62.0,-343.0,54.0,-394.0
95.0,-270.0,-87.0,-69.0,-148.0,0.0,122.0,-256.0,63.0,-368.0
106.0,-569.0,-90.0,-121.0,0.0,-114.0,193.0,-22.0,81.0,-302.0
153.0,-367.0,-97.0,-135.0,-7.0,-250.0,202.0,48.0,109.0,-204.0
183.0,-231.0,-95.0,-187.0,-184.0,-89.0,258.0,72.0,127.0,-123.0
177.0,-434.0,-94.0,-203.0,-59.0,-105.0,346.0,-236.0,139.0,-44.0
175.0,-330.0,-101.0,-146.0,-34.0,-156.0,325.0,-352.0,158.0,38.0
214.0,38.0,-97.0,-27.0,-64.0,-204.0,180.0,-290.0,188.0,111.0
264.0,287.0,-123.0,118.0,-60.0,-168.0,-104.0,-57.0,195.0,160.0
248.0,-56.0,-158.0,279.0,-88.0,-172.0,-327.0,16.0,206.0,183.0
233.0,-137.0,-154.0,411.0,-13.0,-235.0,-428.0,-66.0,221.0,195.0
217.0,-141.0,-143.0,453.0,7.0,31.0,-497.0,-68.0,215.0,202.0
194.0,-197.0,-160.0,432.0,-56.0,171.0,-526.0,-297.0,210.0,175.0
177.0,28.0,-157.0,405.0,-129.0,134.0,-500.0,-373.0,206.0,145.0
181.0,-374.0,-157.0,309.0,-34.0,27.0,-306.0,-417.0,205.0,127.0
186.0,-470.0,-215.0,169.0,77.0,-91.0,-90.0,-386.0,195.0,72.0
164.0,-73.0,-185.0,77.0,60.0,-63.0,3.0,-315.0,167.0,40.0
102.0,-421.0,-208.0,31.0,57.0,-104.0,31.0,-339.0,147.0,34.0
35.0,-339.0,-211.0,2.0,152.0,-101.0,84.0,-221.0,145.0,17.0
-4.0,200.0,-102.0,-15.0,147.0,-58.0,111.0,-96.0,125.0,3.0
-47.0,124.0,-122.0,0.0,90.0,-113.0,64.0,-36.0,86.0,-18.0
-65.0,79.0,-91.0,-24.0,51.0,-126.0,46.0,-225.0,74.0,-36.0
-67.0,147.0,-27.0,-110.0,3.0,-139.0,112.0,-408.0,37.0,-63.0
-67.0,165.0,-8.0,-140.0,142.0,-121.0,245.0,-277.0,0.0,-106.0
-105.0,275.0,-7.0,-72.0,24.0,-91.0,298.0,-184.0,-11.0,-169.0
-142.0,393.0,21.0,-6.0,-159.0,-162.0,241.0,-186.0,-40.0,-224.0
-174.0,357.0,56.0,80.0,-13.0,50.0,141.0,-203.0,-40.0,-254.0
-203.0,417.0,47.0,180.0,41.0,118.0,28.0,-166.0,-40.0,-297.0
-192.0,784.0,85.0,219.0,46.0,-166.0,-154.0,-136.0,-36.0,-335.0
-188.0,451.0,67.0,183.0,46.0,-216.0,-378.0,-351.0,-39.0,-362.0
-175.0,469.0,99.0,108.0,-139.0,-63.0,-470.0,-404.0,-57.0,-376.0
-155.0,781.0,65.0,68.0,-132.0,148.0,-489.0,-264.0,-47.0,-376.0
-132.0,265.0,13.0,13.0,105.0,-7.0,-522.0,24.0,-66.0,-347.0
-126.0,43.0,62.0,-23.0,2.0,-96.0,-598.0,219.0,-58.0,-304.0
-115.0,-274.0,-3.0,-61.0,-82.0,271.0,-705.0,75.0,-21.0,-246.0
-154.0,-178.0,-10.0,-137.0,94.0,185.0,-750.0,-29.0,-3.0,-158.0
-222.0,-165.0,-23.0,-200.0,32.0,-213.0,-719.0,-166.0,31.0,-71.0
-266.0,-613.0,-85.0,-287.0,-157.0,-35.0,-579.0,-134.0,72.0,21.0
-310.0,-506.0,-83.0,-382.0,-159.0,340.0,-411.0,-197.0,124.0,73.0
-291.0,-461.0,-133.0,-438.0,-47.0,-27.0,-310.0,-290.0,173.0,107.0
-249.0,-146.0,-161.0,-420.0,-13.0,-570.0,-199.0,-236.0,222.0,141.0
-224.0,-211.0,-146.0,-345.0,-36.0,-394.0,-118.0,-341.0,251.0,130.0
-228.0,-401.0,-128.0,-249.0,-101.0,-225.0,-34.0,-304.0,276.0,88.0
-213.0,-12.0,-93.0,-140.0,-113.0,-503.0,126.0,-465.0,290.0,35.0
-218.0,-35.0,-54.0,-60.0,88.0,-536.0,299.0,-528.0,282.0,-29.0
-224.0,-184.0,14.0,-48.0,66.0,-403.0,419.0,-360.0,291.0,-101.0
-188.0,-325.0,61.0,10.0,-121.0,-499.0,437.0,-328.0,251.0,-154.0
-148.0,-193.0,118.0,157.0,7.0,-507.0,363.0,-169.0,210.0,-220.0
-117.0,9.0,163.0,233.0,23.0,-119.0,224.0,-206.0,177.0,-263.0
-143.0,-279.0,205.0,209.0,-63.0,64.0,104.0,-219.0,107.0,-270.0
-154.0,-372.0,248.0,163.0,19.0,-295.0,-32.0,-230.0,48.0,-270.0
-144.0,-273.0,232.0,107.0,-12.0,-291.0,-255.0,-279.0,-28.0,-255.0
-117.0,75.0,247.0,57.0,14.0,116.0,-483.0,-18.0,-91.0,-260.0
-101.0,-24.0,280.0,83.0,91.0,135.0,-660.0,160.0,-156.0,-246.0
-92.0,-203.0,266.0,116.0,-58.0,-107.0,-677.0,210.0,-217.0,-220.0
-63.0,326.0,254.0,119.0,-113.0,75.0,-592.0,40.0,-246.0,-202.0
-61.0,284.0,293.0,116.0,94.0,313.0,-492.0,40.0,-302.0,-178.0
-70.0,175.0,249.0,21.0,86.0,10.0,-328.0,101.0,-325.0,-162.0
-76.0,228.0,209.0,-24.0,-105.0,-147.0,-158.0,29.0,-329.0,-146.0
-60.0,201.0,218.0,-10.0,-26.0,117.0,-90.0,97.0,-324.0,-134.0
-23.0,293.0,181.0,-22.0,67.0,315.0,-198.0,-88.0,-289.0,-121.0
29.0,231.0,194.0,-9.0,41.0,151.0,-406.0,-96.0,-278.0,-133.0
73.0,105.0,192.0,-60.0,0.0,-28.0,-529.0,-325.0,-257.0,-164.0
99.0,77.0,185.0,-104.0,10.0,138.0,-514.0,-474.0,-226.0,-178.0
111.0,-21.0,236.0,-86.0,58.0,223.0,-470.0,-275.0,-204.0,-193.0
136.0,-205.0,228.0,-27.0,-14.0,115.0,-456.0,-177.0,-167.0,-213.0
173.0,-220.0,229.0,30.0,-79.0,185.0,-447.0,109.0,-124.0,-250.0
189.0,-471.0,259.0,25.0,-60.0,240.0,-397.0,72.0,-92.0,-269.0
216.0,-320.0,219.0,20.0,107.0,54.0,-310.0,70.0,-53.0,-277.0
245.0,63.0,207.0,-11.0,65.0,-8.0,-233.0,-14.0,-10.0,-296.0
269.0,-121.0,137.0,4.0,-25.0,164.0,-103.0,-46.0,29.0,-300.0
263.0,-124.0,77.0,45.0,127.0,218.0,63.0,-84.0,62.0,-318.0
254.0,219.0,59.0,-20.0,64.0,56.0,172.0,-443.0,87.0,-325.0
302.0,133.0,-20.0,-65.0,57.0,160.0,159.0,-421.0,139.0,-316.0
318.0,-140.0,-27.0,-112.0,78.0,210.0,23.0,-319.0,176.0,-309.0
331.0,208.0,-46.0,-133.0,-11.0,-102.0,-135.0,-147.0,217.0,-303.0
354.0,228.0,-90.0,-38.0,40.0,-66.0,-239.0,-145.0,261.0,-291.0
357.0,49.0,-73.0,45.0,133.0,100.0,-274.0,-181.0,267.0,-267.0
352.0,259.0,-73.0,124.0,109.0,64.0,-330.0,-107.0,299.0,-247.0
310.0,340.0,-84.0,132.0,-29.0,18.0,-434.0,-121.0,318.0,-234.0
302.0,417.0,-56.0,76.0,5.0,75.0,-522.0,42.0,327.0,-231.0
278.0,356.0,-51.0,98.0,53.0,237.0,-604.0,133.0,326.0,-187.0
237.0,238.0,-51.0,116.0,-70.0,301.0,-657.0,243.0,305.0,-117.0
207.0,116.0,-20.0,106.0,-114.0,281.0,-620.0,319.0,314.0,-35.0
165.0,122.0,-12.0,120.0,-129.0,361.0,-484.0,194.0,305.0,47.0
172.0,-90.0,1.0,128.0,-55.0,524.0,-308.0,-20.0,292.0,126.0
188.0,-156.0,67.0,137.0,-78.0,245.0,-158.0,-262.0,268.0,217.0
153.0,368.0,75.0,163.0,-195.0,-133.0,-39.0,-339.0,232.0,287.0
101.0,219.0,105.0,131.0,-12.0,58.0,20.0,-267.0,206.0,342.0
85.0,-53.0,140.0,49.0,37.0,340.0,34.0,-116.0,161.0,390.0
45.0,-33.0,122.0,20.0,-65.0,344.0,63.0,166.0,139.0,426.0
-1.0,-19.0,174.0,31.0,-70.0,355.0,140.0,347.0,128.0,454.0
-29.0,-84.0,133.0,43.0,-104.0,750.0,239.0,400.0,80.0,487.0
-27.0,-245.0,156.0,8.0,-61.0,886.0,323.0,504.0,31.0,512.0
-47.0,-416.0,155.0,-65.0,-2.0,450.0,408.0,606.0,-7.0,529.0
-73.0,-511.0,94.0,-121.0,-18.0,180.0,407.0,591.0,-62.0,542.0
-58.0,-175.0,128.0,-218.0,-60.0,370.0,320.0,373.0,-126.0,553.0
-48.0,-386.0,69.0,-280.0,152.0,571.0,207.0,109.0,-182.0,565.0
-27.0,-438.0,81.0,-243.0,302.0,279.0,70.0,-44.0,-222.0,556.0
-71.0,-66.0,101.0,-214.0,7.0,297.0,-48.0,-1.0,-272.0,542.0
-67.0,-253.0,89.0,-138.0,-10.0,691.0,-147.0,-55.0,-303.0,525.0
-52.0,-212.0,110.0,-23.0,165.0,680.0,-201.0,-120.0,-314.0,490.0
-90.0,-26.0,107.0,78.0,172.0,367.0,-225.0,24.0,-317.0,435.0
-130.0,140.0,112.0,138.0,139.0,112.0,-202.0,-18.0,-315.0,365.0
-135.0,389.0,116.0,82.0,27.0,126.0,-132.0,9.0,-317.0,284.0
-52.0,333.0,145.0,65.0,145.0,77.0,-42.0,33.0,-294.0,196.0
-23.0,136.0,135.0,80.0,207.0,-35.0,26.0,-22.0,-274.0,97.0
6.0,95.0,142.0,20.0,23.0,134.0,72.0,16.0,-237.0,5.0
35.0,295.0,127.0,12.0,-45.0,528.0,64.0,-123.0,-176.0,-65.0
78.0,360.0,106.0,47.0,3.0,621.0,-105.0,-55.0,-126.0,-136.0
107.0,354.0,116.0,81.0,65.0,474.0,-338.0,44.0,-87.0,-180.0
74.0,466.0,86.0,121.0,-3.0,541.0,-492.0,14.0,-25.0,-215.0
71.0,185.0,83.0,151.0,-92.0,483.0,-529.0,59.0,48.0,-257.0
130.0,229.0,101.0,241.0,-85.0,235.0,-564.0,64.0,105.0,-287.0
212.0,406.0,85.0,269.0,-21.0,191.0,-589.0,169.0,164.0,-328.0
239.0,216.0,70.0,212.0,28.0,279.0,-509.0,134.0,205.0,-370.0
238.0,148.0,92.0,189.0,-112.0,236.0,-292.0,138.0,243.0,-398.0
213.0,27.0,58.0,114.0,-155.0,300.0,-6.0,134.0,278.0,-418.0
229.0,28.0,34.0,78.0,55.0,473.0,194.0,72.0,307.0,-415.0
229.0,-42.0,26.0,116.0,-24.0,471.0,378.0,166.0,333.0,-369.0
208.0,130.0,-12.0,93.0,-150.0,350.0,486.0,35.0,354.0,-300.0
219.0,191.0,14.0,24.0,21.0,260.0,483.0,-36.0,361.0,-237.0
239.0,-79.0,-2.0,-59.0,69.0,338.0,419.0,-18.0,351.0,-150.0
231.0,79.0,-4.0,-131.0,30.0,484.0,358.0,88.0,358.0,-51.0
175.0,86.0,26.0,-176.0,83.0,552.0,385.0,214.0,340.0,24.0
141.0,-145.0,-18.0,-213.0,16.0,651.0,417.0,208.0,308.0,83.0
108.0,-30.0,-20.0,-249.0,6.0,591.0,355.0,349.0,296.0,143.0
96.0,287.0,7.0,-276.0,181.0,348.0,191.0,389.0,284.0,176.0
83.0,198.0,-19.0,-299.0,55.0,368.0,-20.0,521.0,277.0,184.0
95.0,73.0,-14.0,-242.0,-29.0,452.0,-227.0,515.0,263.0,204.0
86.0,45.0,1.0,-157.0,38.0,364.0,-261.0,321.0,238.0,210.0
88.0,-35.0,-24.0,-110.0,69.0,302.0,-183.0,303.0,204.0,205.0
112.0,-77.0,-16.0,8.0,211.0,356.0,-162.0,181.0,137.0,192.0
105.0,-107.0,-19.0,33.0,15.0,313.0,-154.0,147.0,80.0,180.0
128.0,-272.0,0.0,20.0,-45.0,234.0,-142.0,59.0,41.0,159.0
107.0,-344.0,36.0,52.0,160.0,389.0,-119.0,101.0,-20.0,120.0
127.0,-263.0,70.0,85.0,40.0,558.0,-111.0,171.0,-63.0,86.0
121.0,-658.0,127.0,159.0,7.0,640.0,-66.0,18.0,-98.0,62.0
98.0,-310.0,135.0,188.0,86.0,559.0,59.0,7.0,-126.0,39.0
131.0,-30.0,179.0,238.0,33.0,342.0,253.0,-40.0,-157.0,26.0
150.0,-176.0,179.0,247.0,-13.0,189.0,383.0,142.0,-165.0,34.0
181.0,-3.0,159.0,252.0,-22.0,166.0,363.0,264.0,-165.0,48.0
185.0,-288.0,170.0,252.0,-6.0,183.0,365.0,395.0,-183.0,69.0
224.0,-106.0,150.0,279.0,52.0,258.0,451.0,417.0,-177.0,98.0
241.0,116.0,150.0,331.0,54.0,473.0,532.0,62.0,-167.0,132.0
210.0,210.0,139.0,242.0,-102.0,406.0,535.0,33.0,-161.0,142.0
177.0,295.0,121.0,176.0,-171.0,214.0,429.0,-48.0,-151.0,144.0
168.0,379.0,111.0,96.0,-125.0,308.0,315.0,83.0,-119.0,134.0
191.0,600.0,91.0,23.0,-104.0,479.0,268.0,96.0,-87.0,95.0
176.0,430.0,89.0,-17.0,-73.0,555.0,225.0,-145.0,-42.0,44.0
130.0,413.0,83.0,-45.0,-118.0,475.0,191.0,-86.0,-19.0,-37.0
109.0,326.0,61.0,-31.0,-22.0,424.0,174.0,-164.0,-17.0,-106.0
119.0,201.0,88.0,-62.0,-9.0,411.0,177.0,-83.0,20.0,-158.0
87.0,37.0,59.0,-43.0,-125.0,446.0,172.0,11.0,17.0,-217.0
52.0,-510.0,20.0,-79.0,-72.0,590.0,137.0,243.0,21.0,-252.0
10.0,-642.0,45.0,-79.0,-30.0,623.0,82.0,493.0,23.0,-261.0
0.0,-436.0,35.0,33.0,-25.0,682.0,42.0,546.0,-3.0,-283.0
11.0,-411.0,46.0,143.0,-48.0,655.0,76.0,864.0,-20.0,-300.0
-6.0,-336.0,101.0,211.0,-19.0,457.0,62.0,984.0,-44.0,-284.0
-19.0,-350.0,130.0,167.0,-15.0,392.0,2.0,781.0,-64.0,-265.0
-23.0,-387.0,170.0,100.0,103.0,521.0,-66.0,208.0,-100.0,-233.0
7.0,-110.0,227.0,2.0,77.0,658.0,-126.0,-120.0,-105.0,-187.0
-14.0,136.0,224.0,-66.0,-84.0,430.0,-84.0,-49.0,-104.0,-141.0
-48.0,-88.0,250.0,-98.0,31.0,196.0,-15.0,5.0,-115.0,-85.0
-56.0,-324.0,222.0,-71.0,64.0,246.0,57.0,197.0,-100.0,-25.0
-53.0,-165.0,173.0,-3.0,-4.0,223.0,157.0,81.0,-85.0,50.0
-24.0,-292.0,182.0,20.0,-116.0,123.0,249.0,79.0,-70.0,135.0
-24.0,-409.0,109.0,44.0,-47.0,66.0,235.0,22.0,-38.0,201.0
0.0,131.0,83.0,-10.0,96.0,194.0,200.0,-59.0,7.0,246.0
0.0,80.0,108.0,-63.0,101.0,289.0,213.0,9.0,52.0,278.0
-8.0,-92.0,68.0,-79.0,-44.0,131.0,224.0,-182.0,115.0,282.0
-18.0,315.0,87.0,-54.0,-192.0,31.0,296.0,-48.0,161.0,255.0
-44.0,97.0,140.0,52.0,28.0,43.0,327.0,-3.0,216.0,220.0
4.0,131.0,114.0,79.0,75.0,2.0,249.0,77.0,256.0,176.0
16.0,346.0,114.0,82.0,-72.0,-72.0,119.0,149.0,249.0,141.0
18.0,304.0,128.0,124.0,-45.0,-141.0,35.0,-60.0,262.0,105.0
38.0,72.0,76.0,102.0,70.0,-205.0,-11.0,27.0,234.0,69.0
31.0,-7.0,59.0,105.0,134.0,-219.0,-63.0,66.0,188.0,56.0
40.0,326.0,35.0,90.0,48.0,-138.0,-56.0,205.0,141.0,45.0
17.0,-30.0,-20.0,101.0,15.0,-37.0,46.0,386.0,79.0,36.0
52.0,27.0,0.0,152.0,73.0,-41.0,165.0,497.0,33.0,50.0
114.0,197.0,-34.0,118.0,105.0,-53.0,232.0,556.0,-23.0,49.0
142.0,128.0,-43.0,123.0,-63.0,154.0,264.0,485.0,-68.0,33.0
113.0,167.0,0.0,114.0,-73.0,244.0,180.0,648.0,-104.0,30.0
71.0,158.0,-41.0,87.0,96.0,43.0,39.0,633.0,-137.0,11.0
74.0,386.0,-24.0,132.0,45.0,33.0,-98.0,460.0,-162.0,-10.0
56.0,41.0,-20.0,237.0,-50.0,278.0,-274.0,107.0,-190.0,-52.0
66.0,-79.0,-35.0,283.0,-111.0,374.0,-400.0,-214.0,-203.0,-99.0
93.0,-65.0,-19.0,239.0,-66.0,68.0,-402.0,3.0,-184.0,-125.0
113.0,-217.0,-58.0,176.0,-34.0,-81.0,-294.0,271.0,-180.0,-158.0
117.0,-185.0,-48.0,126.0,-58.0,30.0,-188.0,580.0,-184.0,-160.0
123.0,-243.0,-14.0,82.0,-103.0,0.0,-100.0,502.0,-146.0,-166.0
113.0,-348.0,-17.0,-4.0,-39.0,-206.0,43.0,232.0,-129.0,-150.0
119.0,-435.0,19.0,-58.0,55.0,-385.0,191.0,79.0,-126.0,-104.0
130.0,-298.0,40.0,-94.0,-30.0,-185.0,182.0,-218.0,-113.0,-57.0
146.0,-280.0,51.0,-123.0,-54.0,-109.0,53.0,-177.0,-99.0,-15.0
161.0,-254.0,72.0,-132.0,-62.0,-106.0,-93.0,-169.0,-71.0,-5.0
124.0,-132.0,97.0,-121.0,97.0,-87.0,-239.0,-79.0,-34.0,32.0
156.0,11.0,126.0,-111.0,109.0,-163.0,-356.0,164.0,24.0,47.0
183.0,-435.0,108.0,-101.0,-100.0,-77.0,-378.0,469.0,83.0,30.0
228.0,-705.0,105.0,-139.0,3.0,-121.0,-299.0,755.0,114.0,14.0
222.0,-298.0,90.0,-145.0,90.0,-4.0,-202.0,635.0,138.0,-14.0
192.0,-456.0,50.0,-88.0,151.0,223.0,-103.0,524.0,161.0,-24.0
184.0,-431.0,54.0,-84.0,26.0,398.0,-80.0,360.0,173.0,-56.0
146.0,-220.0,51.0,-8.0,-72.0,352.0,-135.0,400.0,186.0,-82.0
153.0,87.0,-1.0,24.0,134.0,108.0,-154.0,415.0,180.0,-103.0
132.0,417.0,-8.0,44.0,-35.0,187.0,-151.0,245.0,141.0,-135.0
139.0,517.0,-16.0,112.0,-169.0,240.0,-201.0,279.0,110.0,-140.0
153.0,470.0,-69.0,116.0,-103.0,241.0,-257.0,168.0,84.0,-145.0
161.0,389.0,-60.0,57.0,-26.0,212.0,-282.0,133.0,40.0,-149.0
142.0,705.0,-82.0,39.0,95.0,73.0,-238.0,3.0,-19.0,-143.0
116.0,507.0,-67.0,83.0,-76.0,-140.0,-126.0,-31.0,-82.0,-124.0
123.0,332.0,-25.0,122.0,-127.0,-292.0,-46.0,57.0,-150.0,-76.0
125.0,675.0,-31.0,173.0,-49.0,-148.0,56.0,90.0,-208.0,-40.0
118.0,993.0,4.0,149.0,-2.0,-68.0,184.0,334.0,-254.0,-13.0
73.0,451.0,13.0,163.0,47.0,-113.0,308.0,393.0,-298.0,29.0
33.0,-294.0,16.0,201.0,-53.0,-115.0,305.0,624.0,-313.0,73.0
3.0,172.0,50.0,191.0,-2.0,-122.0,95.0,593.0,-306.0,116.0
3.0,-76.0,34.0,189.0,147.0,-52.0,-151.0,53.0,-297.0,146.0
12.0,-550.0,58.0,249.0,93.0,125.0,-296.0,-140.0,-288.0,168.0
13.0,-331.0,76.0,293.0,-1.0,123.0,-327.0,-123.0,-255.0,182.0
-19.0,-464.0,67.0,280.0,76.0,-144.0,-377.0,142.0,-202.0,179.0
-65.0,-411.0,135.0,244.0,111.0,-335.0,-391.0,334.0,-163.0,173.0
-90.0,-587.0,128.0,94.0,140.0,-224.0,-285.0,214.0,-113.0,142.0
-97.0,-595.0,128.0,-20.0,92.0,-259.0,-195.0,103.0,-69.0,91.0
-75.0,-356.0,174.0,-44.0,-60.0,-443.0,-208.0,92.0,-16.0,52.0
-51.0,-421.0,164.0,1.0,88.0,-171.0,-209.0,384.0,51.0,27.0
-66.0,-422.0,176.0,-10.0,136.0,55.0,-162.0,585.0,108.0,-14.0
-117.0,-625.0,179.0,-78.0,-49.0,-47.0,-141.0,644.0,165.0,-72.0
-142.0,-250.0,153.0,-121.0,-45.0,-178.0,-150.0,615.0,201.0,-91.0
-126.0,194.0,137.0,-195.0,23.0,-203.0,-283.0,327.0,233.0,-80.0
-100.0,200.0,154.0,-220.0,-3.0,-245.0,-490.0,186.0,252.0,-74.0
-83.0,425.0,139.0,-180.0,-46.0,-518.0,-547.0,110.0,250.0,-82.0
-23.0,649.0,140.0,-68.0,6.0,-404.0,-402.0,29.0,236.0,-80.0
26.0,1267.0,155.0,21.0,78.0,-95.0,-213.0,-145.0,211.0,-67.0
43.0,1341.0,138.0,77.0,-20.0,-275.0,-90.0,-258.0,190.0,-74.0
21.0,1113.0,118.0,184.0,-123.0,-406.0,23.0,-334.0,166.0,-91.0
0.0,1417.0,130.0,257.0,-74.0,-158.0,132.0,-450.0,141.0,-104.0
6.0,735.0,143.0,200.0,-77.0,-20.0,216.0,-99.0,117.0,-121.0
1.0,112.0,116.0,90.0,30.0,-277.0,289.0,186.0,95.0,-141.0
42.0,238.0,127.0,-18.0,78.0,-496.0,291.0,478.0,69.0,-147.0
76.0,59.0,113.0,-125.0,-110.0,-433.0,235.0,724.0,48.0,-153.0
90.0,138.0,109.0,-162.0,-12.0,-406.0,169.0,558.0,32.0,-155.0
88.0,118.0,106.0,-206.0,72.0,-436.0,-14.0,269.0,0.0,-133.0
91.0,-65.0,100.0,-262.0,-41.0,-342.0,-261.0,-59.0,-27.0,-96.0
83.0,147.0,118.0,-255.0,-82.0,-216.0,-372.0,-127.0,-26.0,-53.0
51.0,230.0,104.0,-245.0,-64.0,-235.0,-307.0,-140.0,-41.0,-13.0
54.0,-73.0,114.0,-266.0,42.0,-300.0,-207.0,127.0,-38.0,47.0
96.0,-508.0,103.0,-236.0,62.0,-275.0,-148.0,402.0,-24.0,120.0
120.0,-431.0,109.0,-216.0,-51.0,-296.0,-121.0,358.0,-23.0,168.0
101.0,-393.0,88.0,-235.0,-65.0,-431.0,-60.0,225.0,0.0,197.0
83.0,-689.0,112.0,-230.0,178.0,-398.0,42.0,-59.0,-4.0,215.0
60.0,-635.0,123.0,-205.0,103.0,-248.0,81.0,48.0,-11.0,210.0
105.0,-660.0,95.0,-135.0,-175.0,-313.0,58.0,288.0,-10.0,205.0
128.0,-451.0,125.0,-141.0,24.0,-388.0,47.0,567.0,-14.0,187.0
137.0,-557.0,82.0,-166.0,159.0,-248.0,93.0,622.0,-19.0,157.0
128.0,-773.0,41.0,-131.0,146.0,-159.0,89.0,153.0,-39.0,128.0
87.0,-388.0,25.0,-72.0,126.0,-271.0,38.0,-299.0,-55.0,82.0
56.0,-393.0,-25.0,32.0,0.0,-275.0,-36.0,-639.0,-69.0,60.0
-3.0,-383.0,-55.0,80.0,88.0,-117.0,-128.0,-441.0,-82.0,47.0
16.0,-545.0,-44.0,119.0,103.0,-121.0,-161.0,29.0,-87.0,19.0
29.0,-549.0,-83.0,148.0,-48.0,-525.0,-239.0,376.0,-69.0,2.0
33.0,-51.0,-38.0,164.0,-107.0,-767.0,-347.0,511.0,-43.0,9.0
0.0,395.0,-66.0,204.0,-71.0,-411.0,-414.0,199.0,-19.0,14.0
10.0,444.0,-102.0,200.0,53.0,-187.0,-362.0,-18.0,21.0,-5.0
55.0,347.0,-108.0,260.0,43.0,-440.0,-245.0,-81.0,44.0,-7.0
12.0,1017.0,-175.0,350.0,-95.0,-629.0,-189.0,-20.0,79.0,-13.0
35.0,1111.0,-119.0,409.0,-112.0,-411.0,-171.0,153.0,132.0,-33.0
26.0,542.0,-171.0,460.0,-43.0,-479.0,-84.0,101.0,163.0,-41.0
46.0,555.0,-153.0,425.0,-141.0,-789.0,69.0,24.0,198.0,-57.0
45.0,879.0,-213.0,317.0,-243.0,-569.0,102.0,1.0,220.0,-86.0
19.0,705.0,-225.0,238.0,-186.0,-201.0,53.0,90.0,240.0,-123.0
37.0,385.0,-137.0,200.0,-91.0,-165.0,-13.0,179.0,265.0,-148.0
71.0,600.0,-208.0,169.0,-45.0,-421.0,-18.0,29.0,263.0,-166.0
120.0,394.0,-203.0,219.0,-52.0,-408.0,35.0,-166.0,247.0,-188.0
104.0,29.0,-206.0,224.0,54.0,-213.0,22.0,-243.0,221.0,-204.0
120.0,-40.0,-196.0,176.0,84.0,-304.0,0.0,-66.0,211.0,-201.0
116.0,-352.0,-199.0,162.0,23.0,-355.0,42.0,171.0,195.0,-192.0
118.0,-489.0,-186.0,114.0,19.0,-349.0,149.0,339.0,190.0,-184.0
102.0,-230.0,-191.0,44.0,-46.0,-342.0,245.0,397.0,194.0,-175.0
111.0,-221.0,-160.0,-20.0,-57.0,-461.0,264.0,179.0,161.0,-165.0
147.0,-434.0,-150.0,-42.0,71.0,-623.0,215.0,-70.0,138.0,-164.0
147.0,-270.0,-171.0,-83.0,65.0,-594.0,213.0,-347.0,113.0,-168.0
171.0,-310.0,-128.0,-155.0,-30.0,-623.0,253.0,-498.0,110.0,-157.0
163.0,-751.0,-160.0,-243.0,94.0,-457.0,202.0,-306.0,110.0,-140.0
167.0,-480.0,-132.0,-288.0,129.0,-293.0,107.0,-5.0,66.0,-121.0
100.0,32.0,-112.0,-262.0,-37.0,-327.0,118.0,267.0,21.0,-98.0
57.0,-111.0,-83.0,-221.0,-39.0,-329.0,160.0,277.0,-21.0,-87.0
51.0,-180.0,-51.0,-202.0,78.0,-384.0,132.0,186.0,-59.0,-89.0
42.0,138.0,-35.0,-179.0,118.0,-286.0,65.0,129.0,-100.0,-97.0
19.0,265.0,11.0,-139.0,9.0,-317.0,11.0,20.0,-131.0,-115.0
-28.0,210.0,16.0,-166.0,-99.0,-352.0,37.0,99.0,-148.0,-149.0
-20.0,267.0,51.0,-158.0,19.0,-326.0,40.0,169.0,-171.0,-179.0
-40.0,221.0,8.0,-119.0,50.0,-475.0,56.0,291.0,-181.0,-222.0
-40.0,210.0,32.0,-24.0,-50.0,-500.0,132.0,399.0,-219.0,-269.0
-71.0,180.0,80.0,25.0,-62.0,-485.0,195.0,238.0,-239.0,-301.0
-107.0,-274.0,47.0,-35.0,-11.0,-333.0,250.0,29.0,-229.0,-334.0
-140.0,-339.0,104.0,-22.0,0.0,-171.0,253.0,-168.0,-219.0,-359.0
-153.0,103.0,46.0,34.0,-84.0,-5.0,119.0,-190.0,-191.0,-371.0
-154.0,-29.0,46.0,40.0,47.0,145.0,-79.0,-280.0,-171.0,-367.0
-170.0,-60.0,59.0,49.0,88.0,19.0,-182.0,-391.0,-147.0,-342.0
-137.0,127.0,-21.0,128.0,-29.0,-90.0,-220.0,-327.0,-114.0,-314.0
-125.0,123.0,9.0,160.0,-52.0,-183.0,-201.0,-195.0,-75.0,-279.0
-107.0,355.0,-43.0,180.0,-71.0,-194.0,-190.0,-68.0,-43.0,-225.0
-119.0,116.0,-67.0,232.0,19.0,-118.0,-166.0,-129.0,-20.0,-152.0
-106.0,83.0,-42.0,259.0,68.0,-52.0,-82.0,-46.0,5.0,-84.0
-85.0,287.0,-86.0,208.0,24.0,-24.0,-54.0,-105.0,25.0,-44.0
-94.0,319.0,-75.0,157.0,-27.0,-115.0,-85.0,-266.0,47.0,-2.0
-91.0,540.0,-55.0,163.0,-19.0,-79.0,-87.0,-312.0,53.0,39.0
-79.0,335.0,-94.0,134.0,66.0,-4.0,53.0,-362.0,29.0,42.0
-68.0,379.0,-109.0,111.0,27.0,-69.0,174.0,-182.0,3.0,33.0
-85.0,391.0,-83.0,112.0,-79.0,-226.0,137.0,-219.0,-33.0,18.0
-62.0,158.0,-106.0,114.0,0.0,-253.0,70.0,-279.0,-94.0,-10.0
-64.0,-106.0,-98.0,90.0,36.0,-135.0,138.0,-367.0,-139.0,-29.0
-88.0,-288.0,-71.0,43.0,81.0,-95.0,235.0,-423.0,-181.0,-43.0
-133.0,-109.0,-106.0,3.0,66.0,-12.0,180.0,-214.0,-223.0,-66.0
-194.0,-444.0,-86.0,0.0,-58.0,53.0,132.0,-203.0,-225.0,-100.0
-185.0,-518.0,-40.0,-19.0,113.0,95.0,206.0,-169.0,-228.0,-105.0
-170.0,-256.0,-59.0,-26.0,120.0,176.0,308.0,-212.0,-208.0,-108.0
-149.0,-129.0,19.0,11.0,47.0,113.0,260.0,-60.0,-199.0,-125.0
-135.0,13.0,70.0,-3.0,77.0,-43.0,101.0,86.0,-221.0,-115.0
-151.0,-18.0,11.0,-33.0,61.0,43.0,-26.0,12.0,-198.0,-103.0
-153.0,202.0,133.0,-33.0,89.0,280.0,-77.0,96.0,-185.0,-97.0
-190.0,258.0,127.0,-3.0,-40.0,250.0,-45.0,-149.0,-179.0,-93.0
-226.0,183.0,46.0,-40.0,-82.0,216.0,6.0,-175.0,-144.0,-80.0
-217.0,327.0,169.0,-113.0,0.0,394.0,18.0,-203.0,-110.0,-59.0
-185.0,146.0,136.0,-89.0,-2.0,440.0,5.0,-242.0,-72.0,-52.0
-136.0,-109.0,129.0,-104.0,-51.0,221.0,52.0,75.0,-43.0,-37.0
-138.0,-41.0,197.0,-179.0,-21.0,129.0,126.0,79.0,-30.0,-7.0
-143.0,-366.0,156.0,-215.0,-20.0,220.0,182.0,206.0,-24.0,-7.0
-173.0,-516.0,196.0,-239.0,71.0,76.0,252.0,83.0,-18.0,-4.0
-201.0,24.0,192.0,-255.0,129.0,-29.0,373.0,-162.0,-25.0,16.0
-219.0,294.0,165.0,-272.0,-83.0,392.0,530.0,-360.0,-48.0,25.0
-228.0,201.0,207.0,-251.0,8.0,766.0,653.0,-533.0,-60.0,37.0
-219.0,159.0,173.0,-189.0,48.0,413.0,638.0,-282.0,-72.0,37.0
-223.0,161.0,125.0,-179.0,-94.0,51.0,551.0,-258.0,-108.0,44.0
-197.0,-384.0,91.0,-186.0,-56.0,113.0,492.0,-116.0,-126.0,53.0
-187.0,-573.0,44.0,-235.0,-106.0,69.0,386.0,-229.0,-146.0,49.0
-152.0,-366.0,26.0,-292.0,45.0,-113.0,267.0,-277.0,-159.0,50.0
-162.0,-708.0,9.0,-295.0,152.0,73.0,184.0,35.0,-142.0,40.0
-172.0,-773.0,-38.0,-320.0,-127.0,536.0,215.0,79.0,-153.0,38.0
-179.0,-614.0,-56.0,-290.0,-110.0,362.0,261.0,349.0,-156.0,32.0
-190.0,-508.0,-41.0,-226.0,41.0,-9.0,205.0,262.0,-151.0,21.0
-175.0,-728.0,-50.0,-169.0,-72.0,274.0,117.0,90.0,-149.0,23.0
-194.0,-874.0,-58.0,-120.0,-59.0,496.0,44.0,-171.0,-144.0,10.0
-163.0,-665.0,-76.0,-96.0,-84.0,194.0,-11.0,-644.0,-139.0,0.0
-181.0,-740.0,-74.0,-1.0,-56.0,-91.0,-93.0,-700.0,-129.0,6.0
-196.0,-310.0,-66.0,124.0,91.0,106.0,-198.0,-663.0,-136.0,7.0
-185.0,-11.0,-86.0,214.0,-63.0,337.0,-350.0,-417.0,-141.0,-3.0
-143.0,-39.0,-70.0,269.0,-76.0,229.0,-391.0,-109.0,-147.0,-3.0
-75.0,649.0,-44.0,272.0,18.0,122.0,-325.0,227.0,-159.0,-5.0
-43.0,732.0,-5.0,249.0,-139.0,175.0,-307.0,360.0,-162.0,-14.0
-24.0,246.0,39.0,180.0,-156.0,136.0,-299.0,271.0,-173.0,-8.0
-45.0,291.0,55.0,74.0,-60.0,-52.0,-210.0,216.0,-181.0,4.0
-24.0,365.0,37.0,11.0,-16.0,56.0,-40.0,44.0,-170.0,29.0
-19.0,222.0,32.0,-2.0,136.0,166.0,67.0,62.0,-155.0,55.0
-7.0,310.0,40.0,-34.0,108.0,139.0,122.0,149.0,-130.0,83.0
44.0,686.0,-39.0,-15.0,-46.0,212.0,185.0,129.0,-99.0,135.0
64.0,872.0,-40.0,29.0,92.0,154.0,330.0,-48.0,-51.0,175.0
49.0,962.0,-53.0,35.0,154.0,54.0,462.0,-304.0,4.0,207.0
8.0,1053.0,-151.0,79.0,58.0,-33.0,433.0,-513.0,51.0,253.0
3.0,628.0,-124.0,160.0,-2.0,25.0,334.0,-639.0,89.0,293.0
21.0,411.0,-124.0,235.0,107.0,55.0,283.0,-630.0,116.0,321.0
-2.0,634.0,-145.0,273.0,229.0,107.0,263.0,-524.0,147.0,338.0
-52.0,111.0,-118.0,275.0,102.0,313.0,180.0,-314.0,177.0,351.0
-50.0,-278.0,-122.0,238.0,120.0,175.0,40.0,-144.0,186.0,336.0
-37.0,-58.0,-118.0,193.0,142.0,-27.0,-67.0,-40.0,171.0,301.0
-68.0,-144.0,-88.0,69.0,33.0,32.0,-3.0,169.0,159.0,273.0
-132.0,-339.0,-107.0,-18.0,-27.0,150.0,102.0,432.0,150.0,217.0
-154.0,-213.0,-80.0,-79.0,-79.0,110.0,160.0,491.0,142.0,147.0
-173.0,-31.0,-28.0,-112.0,-4.0,-58.0,235.0,454.0,92.0,108.0
-229.0,-257.0,-49.0,-115.0,117.0,-103.0,362.0,227.0,8.0,66.0
-257.0,-369.0,37.0,-169.0,-24.0,-77.0,529.0,18.0,-20.0,4.0
-260.0,-378.0,35.0,-181.0,-89.0,-26.0,560.0,-16.0,-36.0,-40.0
-233.0,-402.0,-8.0,-237.0,34.0,59.0,469.0,-33.0,-32.0,-68.0
-231.0,-256.0,62.0,-192.0,-2.0,186.0,372.0,9.0,-24.0,-92.0
-208.0,-463.0,10.0,-93.0,18.0,310.0,311.0,-138.0,-30.0,-127.0
-189.0,-600.0,20.0,-41.0,-19.0,292.0,197.0,-168.0,-10.0,-142.0
-184.0,-565.0,55.0,17.0,-100.0,239.0,1.0,-286.0,7.0,-138.0
-201.0,-741.0,-7.0,55.0,59.0,240.0,-177.0,-260.0,45.0,-155.0
-236.0,-732.0,0.0,106.0,89.0,275.0,-242.0,-60.0,83.0,-171.0
-191.0,-539.0,-5.0,84.0,-142.0,252.0,-219.0,-42.0,117.0,-165.0
-164.0,-425.0,-12.0,52.0,-71.0,28.0,-262.0,140.0,175.0,-153.0
-104.0,-191.0,6.0,67.0,11.0,-33.0,-309.0,33.0,214.0,-155.0
-35.0,-59.0,13.0,121.0,-165.0,251.0,-282.0,53.0,226.0,-149.0
2.0,-37.0,16.0,152.0,-98.0,234.0,-176.0,90.0,238.0,-140.0
-10.0,386.0,51.0,130.0,-161.0,-96.0,-94.0,42.0,256.0,-138.0
-78.0,506.0,77.0,172.0,-184.0,-145.0,-86.0,-12.0,250.0,-121.0
-109.0,363.0,96.0,191.0,-32.0,-2.0,-23.0,-282.0,237.0,-97.0
-107.0,541.0,115.0,131.0,-68.0,-56.0,99.0,-297.0,242.0,-71.0
-80.0,677.0,113.0,83.0,-16.0,-171.0,120.0,-349.0,238.0,-62.0
-97.0,560.0,143.0,11.0,6.0,-32.0,-1.0,-92.0,243.0,-74.0
-67.0,442.0,91.0,-18.0,3.0,0.0,-96.0,112.0,255.0,-67.0
-8.0,485.0,97.0,38.0,-4.0,-201.0,-141.0,36.0,237.0,-87.0
-12.0,390.0,122.0,52.0,-67.0,-125.0,-141.0,-64.0,204.0,-136.0
-54.0,277.0,77.0,42.0,60.0,162.0,-140.0,-373.0,183.0,-166.0
-82.0,-166.0,109.0,-2.0,135.0,36.0,-175.0,-356.0,137.0,-183.0
-68.0,-465.0,98.0,-64.0,51.0,-313.0,-221.0,-332.0,84.0,-195.0
-34.0,-328.0,77.0,-75.0,49.0,58.0,-225.0,-127.0,40.0,-202.0
0.0,-696.0,83.0,-119.0,71.0,400.0,-160.0,129.0,-34.0,-172.0
50.0,-973.0,58.0,-196.0,79.0,66.0,-112.0,214.0,-67.0,-137.0
140.0,-928.0,20.0,-193.0,124.0,-14.0,-112.0,258.0,-105.0,-99.0
167.0,-528.0,43.0,-186.0,25.0,198.0,-88.0,-66.0,-170.0,-38.0
123.0,-205.0,73.0,-227.0,-108.0,277.0,48.0,-162.0,-218.0,16.0
67.0,-533.0,77.0,-201.0,35.0,-43.0,143.0,-203.0,-277.0,63.0
45.0,-350.0,13.0,-185.0,-9.0,-87.0,116.0,-208.0,-302.0,118.0
59.0,110.0,-10.0,-232.0,-104.0,202.0,96.0,-112.0,-304.0,177.0
81.0,401.0,26.0,-292.0,0.0,-39.0,106.0,-112.0,-308.0,230.0
114.0,489.0,11.0,-294.0,-46.0,-262.0,-4.0,0.0,-298.0,258.0
162.0,578.0,94.0,-309.0,76.0,-250.0,-211.0,-101.0,-281.0,278.0
174.0,1091.0,74.0,-323.0,-59.0,-94.0,-285.0,-25.0,-268.0,321.0
114.0,931.0,66.0,-263.0,-229.0,-141.0,-224.0,73.0,-255.0,347.0
67.0,439.0,96.0,-262.0,40.0,-267.0,-110.0,-42.0,-237.0,346.0
37.0,304.0,75.0,-273.0,-35.0,-74.0,-65.0,-72.0,-221.0,336.0
3.0,74.0,102.0,-276.0,-168.0,34.0,-74.0,-227.0,-184.0,308.0
-16.0,-130.0,34.0,-221.0,-86.0,134.0,-30.0,-310.0,-141.0,268.0
-29.0,-329.0,-2.0,-90.0,-96.0,-79.0,87.0,-299.0,-89.0,228.0
-1.0,-524.0,-10.0,-13.0,-65.0,-87.0,182.0,-332.0,-37.0,180.0
39.0,-617.0,-7.0,-31.0,0.0,41.0,118.0,-399.0,14.0,125.0
33.0,-415.0,-18.0,-75.0,-61.0,-25.0,0.0,-408.0,70.0,72.0
15.0,-71.0,-26.0,-66.0,24.0,160.0,-58.0,-299.0,123.0,15.0
-5.0,-390.0,32.0,-40.0,155.0,70.0,-34.0,-158.0,158.0,-38.0
-33.0,-665.0,25.0,24.0,-76.0,-24.0,3.0,118.0,165.0,-95.0
-80.0,-323.0,8.0,29.0,-141.0,-103.0,16.0,279.0,159.0,-150.0
-95.0,-402.0,49.0,-15.0,-21.0,-207.0,1.0,230.0,144.0,-190.0
-83.0,-495.0,66.0,58.0,30.0,-223.0,-26.0,88.0,161.0,-244.0
-90.0,-95.0,109.0,49.0,96.0,-155.0,-35.0,-264.0,200.0,-301.0
-115.0,178.0,187.0,18.0,-114.0,-56.0,-95.0,-423.0,203.0,-355.0
-155.0,-45.0,186.0,80.0,-97.0,-211.0,-205.0,-476.0,169.0,-412.0
-152.0,-89.0,186.0,13.0,123.0,-89.0,-325.0,-447.0,156.0,-437.0
-174.0,114.0,241.0,-20.0,23.0,115.0,-426.0,-195.0,138.0,-461.0
-196.0,-338.0,228.0,34.0,3.0,238.0,-486.0,-105.0,101.0,-483.0
-177.0,-428.0,219.0,31.0,-101.0,160.0,-500.0,25.0,96.0,-475.0
-149.0,-76.0,235.0,18.0,-7.0,-119.0,-471.0,-160.0,79.0,-468.0
-138.0,-53.0,188.0,90.0,181.0,-100.0,-384.0,-447.0,58.0,-443.0
-140.0,31.0,158.0,84.0,-96.0,-73.0,-267.0,-460.0,62.0,-414.0
-141.0,200.0,126.0,-45.0,-14.0,-172.0,-165.0,-303.0,70.0,-388.0
-141.0,178.0,90.0,-102.0,89.0,-177.0,-76.0,53.0,69.0,-339.0
-129.0,118.0,65.0,-135.0,-86.0,121.0,-14.0,0.0,73.0,-278.0
-132.0,518.0,27.0,-150.0,24.0,325.0,24.0,-134.0,93.0,-209.0
-128.0,569.0,7.0,-207.0,-44.0,202.0,6.0,-371.0,106.0,-160.0
-131.0,295.0,-3.0,-242.0,-37.0,97.0,-51.0,-720.0,95.0,-128.0
-132.0,452.0,-40.0,-230.0,184.0,-11.0,-57.0,-877.0,92.0,-72.0
-122.0,664.0,-125.0,-200.0,-16.0,-78.0,-8.0,-861.0,97.0,-12.0
-111.0,531.0,-88.0,-139.0,8.0,2.0,8.0,-474.0,77.0,44.0
-112.0,92.0,-80.0,-176.0,197.0,150.0,-17.0,-145.0,64.0,108.0
-130.0,54.0,-140.0,-121.0,22.0,379.0,-49.0,42.0,49.0,171.0
-172.0,-54.0,-66.0,-96.0,106.0,493.0,-48.0,29.0,24.0,249.0
-196.0,-516.0,-110.0,-143.0,38.0,147.0,-6.0,60.0,18.0,318.0
-173.0,-585.0,-91.0,-90.0,-94.0,-125.0,0.0,120.0,-9.0,359.0
-152.0,-459.0,-64.0,-62.0,191.0,-16.0,-76.0,44.0,-46.0,392.0
-149.0,-346.0,-136.0,-17.0,154.0,2.0,-193.0,103.0,-68.0,410.0
-167.0,-399.0,-94.0,24.0,10.0,35.0,-212.0,3.0,-91.0,417.0
-172.0,-589.0,-140.0,65.0,134.0,205.0,-213.0,-3.0,-106.0,404.0
-165.0,-432.0,-136.0,112.0,107.0,271.0,-241.0,-169.0,-125.0,355.0
-127.0,-340.0,-83.0,115.0,53.0,194.0,-211.0,-508.0,-126.0,299.0
-71.0,-494.0,-125.0,72.0,0.0,64.0,-116.0,-484.0,-104.0,256.0
-35.0,-299.0,-118.0,94.0,-70.0,225.0,35.0,-533.0,-97.0,201.0
-20.0,-117.0,-99.0,169.0,28.0,390.0,125.0,-580.0,-80.0,131.0
-13.0,-66.0,-99.0,163.0,26.0,235.0,105.0,-685.0,-82.0,64.0
-6.0,64.0,-83.0,176.0,73.0,264.0,-13.0,-772.0,-78.0,8.0
24.0,86.0,-36.0,161.0,75.0,454.0,-101.0,-554.0,-48.0,-33.0
64.0,106.0,-52.0,118.0,26.0,540.0,-138.0,-445.0,-36.0,-70.0
90.0,212.0,-47.0,85.0,122.0,313.0,-188.0,-218.0,-25.0,-91.0
145.0,183.0,28.0,34.0,-92.0,140.0,-209.0,-40.0,-36.0,-112.0
186.0,128.0,16.0,51.0,-201.0,291.0,-179.0,29.0,-46.0,-131.0
204.0,256.0,92.0,40.0,-8.0,264.0,-156.0,162.0,-40.0,-121.0
177.0,201.0,118.0,-6.0,13.0,221.0,-241.0,44.0,-51.0,-107.0
149.0,296.0,104.0,0.0,-63.0,275.0,-380.0,-12.0,-60.0,-93.0
176.0,446.0,197.0,-23.0,-56.0,204.0,-527.0,-49.0,-57.0,-73.0
189.0,349.0,142.0,-89.0,-18.0,8.0,-592.0,-44.0,-51.0,-52.0
182.0,448.0,183.0,-118.0,47.0,-36.0,-578.0,33.0,-38.0,-8.0
170.0,517.0,209.0,-123.0,12.0,95.0,-589.0,160.0,-21.0,38.0
167.0,371.0,116.0,-199.0,-110.0,178.0,-600.0,229.0,-25.0,75.0
178.0,89.0,151.0,-217.0,-81.0,156.0,-555.0,36.0,-22.0,131.0
161.0,85.0,163.0,-131.0,15.0,62.0,-450.0,-64.0,1.0,200.0
146.0,30.0,151.0,-93.0,0.0,51.0,-344.0,-269.0,10.0,274.0
131.0,-273.0,164.0,-80.0,-91.0,-69.0,-243.0,-267.0,22.0,330.0
103.0,-92.0,174.0,-37.0,-4.0,-89.0,-162.0,-190.0,42.0,387.0
98.0,-211.0,154.0,-92.0,2.0,39.0,-74.0,-293.0,54.0,433.0
107.0,-531.0,177.0,-179.0,38.0,-43.0,-26.0,-260.0,53.0,450.0
135.0,-188.0,201.0,-152.0,127.0,-93.0,-62.0,-388.0,38.0,457.0
135.0,-139.0,141.0,-166.0,-62.0,83.0,-95.0,-273.0,41.0,454.0
106.0,-334.0,164.0,-211.0,20.0,185.0,-21.0,-269.0,32.0,449.0
64.0,-189.0,155.0,-207.0,114.0,31.0,70.0,-314.0,14.0,417.0
8.0,-48.0,113.0,-159.0,-33.0,130.0,45.0,-62.0,19.0,402.0
-35.0,132.0,108.0,-129.0,42.0,385.0,-60.0,1.0,7.0,384.0
-67.0,123.0,5.0,-67.0,18.0,429.0,-188.0,127.0,9.0,343.0
-88.0,107.0,0.0,19.0,-62.0,300.0,-226.0,-14.0,22.0,331.0
-118.0,273.0,0.0,-34.0,7.0,181.0,-239.0,-173.0,23.0,321.0
-136.0,321.0,-80.0,-77.0,-85.0,106.0,-304.0,-279.0,18.0,300.0
-122.0,336.0,-73.0,-47.0,-15.0,-75.0,-402.0,-565.0,0.0,257.0
-136.0,272.0,-84.0,-20.0,45.0,-123.0,-444.0,-631.0,-4.0,220.0
-183.0,157.0,-90.0,46.0,-146.0,-156.0,-329.0,-552.0,0.0,188.0
-230.0,-99.0,-97.0,145.0,-18.0,-112.0,-204.0,-321.0,20.0,146.0
-227.0,32.0,-116.0,111.0,102.0,24.0,-205.0,-219.0,40.0,110.0
-214.0,314.0,-144.0,39.0,25.0,150.0,-207.0,-151.0,31.0,77.0
-223.0,239.0,-136.0,22.0,33.0,254.0,-94.0,-258.0,1.0,37.0
-189.0,367.0,-116.0,-35.0,-3.0,176.0,-20.0,-452.0,-31.0,3.0
-165.0,553.0,-176.0,-13.0,1.0,88.0,-95.0,-363.0,-61.0,-12.0
-147.0,653.0,-179.0,-24.0,93.0,-32.0,-232.0,-352.0,-76.0,-33.0
-151.0,516.0,-186.0,-21.0,83.0,-117.0,-229.0,-214.0,-81.0,-43.0
-123.0,480.0,-148.0,44.0,34.0,-178.0,-150.0,-127.0,-92.0,-44.0
-88.0,554.0,-116.0,46.0,64.0,-195.0,-177.0,-94.0,-85.0,-48.0
-89.0,157.0,-122.0,30.0,128.0,-108.0,-278.0,-184.0,-96.0,-66.0
-85.0,-363.0,-41.0,-5.0,160.0,-101.0,-361.0,-389.0,-112.0,-93.0
-97.0,-580.0,-58.0,5.0,-65.0,-270.0,-380.0,-301.0,-111.0,-122.0
-45.0,-719.0,31.0,-37.0,-98.0,-484.0,-452.0,-238.0,-139.0,-131.0
-21.0,-918.0,70.0,-124.0,120.0,-331.0,-525.0,-99.0,-151.0,-115.0
-24.0,-738.0,14.0,-81.0,-61.0,-110.0,-531.0,-72.0,-130.0,-103.0
-35.0,-551.0,99.0,-82.0,-142.0,-274.0,-447.0,-173.0,-130.0,-89.0
-54.0,-488.0,86.0,-212.0,-69.0,-454.0,-239.0,-36.0,-124.0,-82.0
-31.0,-236.0,149.0,-246.0,-50.0,-286.0,-74.0,97.0,-103.0,-60.0
-19.0,-117.0,129.0,-304.0,70.0,-133.0,-15.0,303.0,-93.0,-33.0
7.0,-46.0,87.0,-384.0,-108.0,-217.0,-21.0,266.0,-61.0,-29.0
46.0,-122.0,108.0,-378.0,-205.0,-195.0,-63.0,12.0,-17.0,-3.0
68.0,-458.0,44.0,-391.0,54.0,-76.0,-130.0,-57.0,17.0,24.0
93.0,-607.0,117.0,-373.0,22.0,-48.0,-232.0,-299.0,30.0,68.0
109.0,-537.0,104.0,-332.0,-70.0,-50.0,-367.0,-498.0,37.0,135.0
104.0,-431.0,52.0,-210.0,-30.0,48.0,-436.0,-509.0,40.0,194.0
90.0,-292.0,16.0,-136.0,-127.0,41.0,-412.0,-406.0,35.0,259.0
47.0,-86.0,-31.0,-96.0,22.0,-261.0,-404.0,-243.0,42.0,325.0
-6.0,211.0,-5.0,-18.0,-8.0,-407.0,-388.0,-234.0,35.0,378.0
-51.0,347.0,-25.0,-30.0,-288.0,-150.0,-347.0,-208.0,45.0,403.0
-64.0,352.0,-18.0,42.0,-90.0,-215.0,-335.0,-249.0,52.0,407.0
-50.0,397.0,-29.0,156.0,60.0,-592.0,-321.0,-229.0,41.0,396.0
-27.0,309.0,-47.0,202.0,-71.0,-515.0,-301.0,-229.0,48.0,388.0
3.0,294.0,-36.0,217.0,-133.0,-201.0,-271.0,-304.0,18.0,373.0
25.0,270.0,-89.0,237.0,-97.0,-47.0,-169.0,-131.0,-19.0,356.0
29.0,123.0,-86.0,250.0,-12.0,-27.0,-48.0,40.0,-41.0,351.0
7.0,45.0,-20.0,184.0,-42.0,159.0,12.0,103.0,-47.0,314.0
0.0,-111.0,-62.0,184.0,-83.0,170.0,-4.0,-38.0,-53.0,276.0
-4.0,-185.0,-74.0,227.0,24.0,-211.0,-55.0,-133.0,-47.0,240.0
11.0,-260.0,-16.0,272.0,81.0,-331.0,-87.0,-164.0,-16.0,190.0
47.0,-275.0,-10.0,244.0,103.0,-141.0,-86.0,-210.0,17.0,135.0
67.0,-72.0,-6.0,155.0,63.0,-18.0,-82.0,-22.0,56.0,82.0
78.0,-110.0,17.0,147.0,-91.0,-206.0,-130.0,1.0,73.0,44.0
80.0,-104.0,61.0,96.0,-18.0,-376.0,-106.0,0.0,90.0,3.0
85.0,93.0,57.0,103.0,64.0,-359.0,-53.0,-182.0,105.0,-41.0
81.0,47.0,38.0,146.0,-53.0,-413.0,-100.0,-474.0,111.0,-81.0
70.0,96.0,17.0,224.0,-71.0,-302.0,-180.0,-611.0,117.0,-121.0
52.0,344.0,-43.0,294.0,31.0,-23.0,-174.0,-740.0,122.0,-162.0
47.0,313.0,-64.0,214.0,100.0,-18.0,-59.0,-545.0,126.0,-177.0
64.0,143.0,-136.0,172.0,23.0,-259.0,-34.0,-410.0,117.0,-198.0
66.0,271.0,-157.0,176.0,-106.0,-384.0,-138.0,-258.0,96.0,-209.0
66.0,362.0,-108.0,200.0,-39.0,-354.0,-277.0,-147.0,74.0,-191.0
51.0,128.0,-156.0,170.0,24.0,-212.0,-275.0,-138.0,37.0,-171.0
72.0,-28.0,-172.0,103.0,-56.0,-67.0,-144.0,136.0,-17.0,-146.0
120.0,-96.0,-142.0,13.0,-48.0,6.0,-85.0,155.0,-59.0,-121.0
117.0,-298.0,-148.0,-56.0,-23.0,-102.0,-70.0,155.0,-111.0,-73.0
81.0,-528.0,-161.0,-75.0,19.0,-296.0,-46.0,116.0,-155.0,-47.0
49.0,-498.0,-156.0,4.0,47.0,-261.0,29.0,-149.0,-201.0,-27.0
21.0,-361.0,-188.0,139.0,-69.0,-326.0,18.0,-328.0,-240.0,-1.0
-8.0,-382.0,-182.0,142.0,-96.0,-487.0,-100.0,-456.0,-248.0,7.0
-13.0,-440.0,-107.0,185.0,-19.0,-469.0,-166.0,-334.0,-236.0,14.0
-27.0,-268.0,-105.0,103.0,-8.0,-216.0,-124.0,-197.0,-202.0,15.0
-31.0,6.0,-90.0,-22.0,50.0,50.0,-3.0,-184.0,-194.0,18.0
-31.0,73.0,-90.0,-49.0,59.0,49.0,99.0,-275.0,-172.0,11.0
-57.0,99.0,-121.0,-53.0,107.0,-187.0,161.0,-397.0,-139.0,-2.0
-64.0,52.0,-78.0,78.0,230.0,-386.0,163.0,-406.0,-97.0,-1.0
-51.0,90.0,-64.0,183.0,36.0,-110.0,175.0,-447.0,-45.0,0.0
-4.0,152.0,-75.0,207.0,-38.0,4.0,174.0,-229.0,-12.0,-6.0
26.0,171.0,-66.0,193.0,109.0,-112.0,82.0,51.0,40.0,12.0
4.0,218.0,-86.0,195.0,29.0,55.0,12.0,214.0,75.0,39.0
-17.0,135.0,-43.0,197.0,0.0,277.0,59.0,269.0,93.0,57.0
-20.0,138.0,-13.0,146.0,10.0,216.0,129.0,164.0,105.0,76.0
-13.0,228.0,-36.0,110.0,53.0,-256.0,124.0,203.0,107.0,115.0
21.0,351.0,34.0,128.0,172.0,-319.0,102.0,94.0,102.0,155.0
73.0,240.0,10.0,54.0,19.0,20.0,138.0,-55.0,99.0,187.0
116.0,157.0,-6.0,-58.0,-51.0,-54.0,202.0,-227.0,100.0,228.0
114.0,63.0,67.0,-45.0,72.0,-286.0,202.0,-280.0,101.0,273.0
91.0,-218.0,28.0,-13.0,-94.0,-183.0,116.0,-1.0,98.0,298.0
75.0,-216.0,58.0,29.0,-71.0,-56.0,40.0,77.0,56.0,286.0
53.0,-17.0,58.0,79.0,115.0,-168.0,51.0,199.0,29.0,277.0
33.0,335.0,87.0,58.0,-78.0,-269.0,23.0,149.0,7.0,264.0
-14.0,258.0,144.0,-57.0,17.0,-275.0,-52.0,9.0,-46.0,230.0
-38.0,228.0,60.0,-94.0,106.0,-239.0,-107.0,-24.0,-73.0,194.0
-29.0,444.0,68.0,-26.0,-224.0,-277.0,-82.0,-236.0,-96.0,180.0
-47.0,85.0,70.0,1.0,-74.0,-242.0,68.0,-245.0,-101.0,166.0
-71.0,60.0,7.0,-26.0,-1.0,-149.0,229.0,-273.0,-101.0,127.0
-98.0,177.0,36.0,-24.0,-138.0,-274.0,289.0,-214.0,-134.0,101.0
-128.0,60.0,44.0,0.0,9.0,-425.0,286.0,-216.0,-145.0,63.0
-159.0,-136.0,29.0,-48.0,-143.0,-602.0,316.0,-284.0,-146.0,21.0
-173.0,-327.0,103.0,-9.0,24.0,-745.0,323.0,-20.0,-156.0,-9.0
-141.0,-70.0,38.0,20.0,199.0,-405.0,271.0,90.0,-161.0,-33.0
-119.0,68.0,3.0,0.0,-169.0,46.0,264.0,234.0,-183.0,-63.0
-103.0,183.0,-4.0,-7.0,-34.0,10.0,349.0,339.0,-187.0,-97.0
-93.0,286.0,-49.0,-153.0,130.0,-271.0,411.0,354.0,-176.0,-137.0
-82.0,383.0,-11.0,-242.0,-69.0,-359.0,462.0,334.0,-195.0,-173.0
-67.0,444.0,-66.0,-201.0,-79.0,-280.0,563.0,134.0,-205.0,-182.0
-88.0,458.0,-49.0,-183.0,-38.0,-381.0,622.0,31.0,-200.0,-202.0
-75.0,669.0,-88.0,-162.0,-62.0,-500.0,597.0,-109.0,-203.0,-210.0
-61.0,287.0,-93.0,-124.0,37.0,-399.0,560.0,-205.0,-188.0,-203.0
-27.0,-155.0,-89.0,-96.0,23.0,-110.0,606.0,-373.0,-151.0,-204.0
8.0,-122.0,-111.0,-76.0,-28.0,11.0,618.0,-410.0,-124.0,-205.0
19.0,-197.0,-33.0,-55.0,128.0,-214.0,602.0,-190.0,-97.0,-186.0
20.0,-350.0,-46.0,-27.0,35.0,-166.0,588.0,-51.0,-49.0,-151.0
-28.0,-232.0,-92.0,-12.0,67.0,2.0,521.0,66.0,-16.0,-114.0
-32.0,-49.0,-128.0,-2.0,148.0,98.0,448.0,25.0,21.0,-51.0
-41.0,-135.0,-78.0,81.0,-67.0,114.0,415.0,88.0,60.0,15.0
-75.0,-377.0,-105.0,169.0,102.0,-20.0,433.0,109.0,60.0,86.0
-85.0,-372.0,-52.0,218.0,152.0,-4.0,329.0,166.0,70.0,142.0
-108.0,-100.0,35.0,214.0,-58.0,-73.0,206.0,393.0,70.0,213.0
-101.0,-93.0,-19.0,139.0,21.0,-100.0,195.0,378.0,51.0,277.0
-73.0,-133.0,45.0,48.0,18.0,-24.0,271.0,443.0,38.0,303.0
-50.0,-95.0,86.0,-48.0,33.0,66.0,372.0,303.0,20.0,348.0
-33.0,-74.0,61.0,-127.0,17.0,113.0,423.0,118.0,-2.0,387.0
-31.0,-45.0,61.0,-190.0,-92.0,108.0,480.0,42.0,-32.0,422.0
-42.0,159.0,65.0,-208.0,134.0,198.0,520.0,-83.0,-48.0,439.0
-63.0,140.0,16.0,-226.0,79.0,210.0,560.0,70.0,-46.0,439.0
-76.0,-255.0,-37.0,-195.0,-191.0,277.0,531.0,-101.0,-45.0,430.0
-49.0,-48.0,-10.0,-132.0,-30.0,179.0,463.0,-208.0,-39.0,409.0
-1.0,-81.0,-31.0,-190.0,-85.0,27.0,443.0,-84.0,-40.0,386.0
19.0,-250.0,-62.0,-200.0,-108.0,-36.0,463.0,3.0,-49.0,327.0
9.0,145.0,-48.0,-145.0,124.0,-177.0,490.0,352.0,-55.0,270.0
-33.0,222.0,2.0,-183.0,-136.0,-42.0,467.0,373.0,-75.0,194.0
-63.0,38.0,20.0,-235.0,-168.0,123.0,403.0,319.0,-68.0,96.0
-59.0,-305.0,-24.0,-259.0,121.0,174.0,369.0,173.0,-43.0,11.0
-54.0,-314.0,7.0,-253.0,-18.0,186.0,504.0,-59.0,-33.0,-82.0
-37.0,-156.0,1.0,-217.0,-21.0,143.0,635.0,-46.0,-21.0,-192.0
-41.0,-290.0,-9.0,-219.0,102.0,66.0,629.0,-164.0,-19.0,-266.0
-32.0,-257.0,22.0,-162.0,107.0,-121.0,556.0,-73.0,-2.0,-299.0
-32.0,-202.0,-40.0,-69.0,145.0,-50.0,569.0,-62.0,9.0,-340.0
-42.0,-178.0,-54.0,-18.0,54.0,102.0,691.0,-155.0,11.0,-350.0
-40.0,-64.0,-21.0,11.0,89.0,-20.0,727.0,-24.0,44.0,-345.0
-32.0,114.0,-17.0,-9.0,158.0,-129.0,694.0,147.0,85.0,-333.0
-14.0,152.0,-56.0,24.0,-14.0,63.0,683.0,460.0,106.0,-299.0
-3.0,139.0,-101.0,81.0,-74.0,329.0,727.0,567.0,129.0,-252.0
33.0,340.0,-52.0,131.0,-32.0,215.0,711.0,580.0,140.0,-193.0
54.0,395.0,-104.0,204.0,-45.0,-15.0,590.0,511.0,150.0,-134.0
100.0,239.0,-116.0,269.0,-38.0,-43.0,418.0,404.0,143.0,-59.0
135.0,347.0,-52.0,338.0,-79.0,70.0,374.0,347.0,129.0,25.0
142.0,323.0,-86.0,359.0,-8.0,100.0,489.0,181.0,138.0,90.0
121.0,6.0,-20.0,336.0,-1.0,171.0,525.0,243.0,134.0,134.0
89.0,-41.0,-31.0,310.0,-190.0,313.0,437.0,310.0,125.0,202.0
94.0,-9.0,-60.0,311.0,-64.0,208.0,352.0,415.0,121.0,251.0
68.0,-142.0,-100.0,301.0,77.0,59.0,367.0,474.0,121.0,245.0
54.0,-173.0,-208.0,339.0,-50.0,21.0,336.0,395.0,123.0,246.0
25.0,-232.0,-174.0,330.0,81.0,-31.0,236.0,384.0,150.0,243.0
44.0,-430.0,-150.0,204.0,126.0,-101.0,168.0,273.0,156.0,213.0
77.0,-377.0,-156.0,165.0,-80.0,100.0,227.0,236.0,130.0,172.0
90.0,-338.0,-201.0,167.0,130.0,268.0,358.0,177.0,112.0,122.0
93.0,-461.0,-211.0,234.0,144.0,129.0,386.0,230.0,75.0,51.0
82.0,-620.0,-159.0,285.0,-133.0,-4.0,322.0,378.0,46.0,-19.0
80.0,-593.0,-164.0,259.0,14.0,-93.0,280.0,487.0,9.0,-73.0
67.0,-651.0,-171.0,214.0,16.0,-111.0,343.0,665.0,-14.0,-115.0
104.0,-753.0,-143.0,156.0,-27.0,-76.0,373.0,539.0,-20.0,-156.0
143.0,-573.0,-109.0,180.0,0.0,173.0,305.0,290.0,-34.0,-188.0
203.0,-575.0,-94.0,211.0,-137.0,562.0,186.0,81.0,-23.0,-185.0
212.0,-376.0,-49.0,135.0,-39.0,648.0,107.0,-42.0,-17.0,-170.0
206.0,-323.0,-25.0,95.0,-36.0,411.0,163.0,-5.0,-26.0,-173.0
199.0,-292.0,-3.0,141.0,-211.0,91.0,229.0,79.0,-19.0,-193.0
177.0,100.0,-24.0,132.0,-177.0,-2.0,186.0,179.0,-3.0,-182.0
169.0,158.0,-71.0,121.0,-46.0,155.0,160.0,49.0,-4.0,-170.0
151.0,-65.0,-70.0,117.0,-23.0,155.0,202.0,40.0,-12.0,-199.0
167.0,-12.0,-26.0,96.0,-101.0,122.0,187.0,99.0,-25.0,-216.0
151.0,92.0,0.0,110.0,-159.0,236.0,103.0,210.0,-1.0,-214.0
170.0,-84.0,-58.0,91.0,-112.0,162.0,1.0,473.0,42.0,-216.0
169.0,25.0,-14.0,17.0,31.0,-101.0,-4.0,415.0,33.0,-212.0
157.0,47.0,-20.0,0.0,-44.0,-143.0,94.0,550.0,31.0,-185.0
149.0,173.0,-75.0,-18.0,-176.0,166.0,204.0,674.0,44.0,-148.0
129.0,312.0,-29.0,-28.0,-52.0,242.0,250.0,654.0,42.0,-105.0
135.0,112.0,-38.0,-38.0,-14.0,100.0,271.0,685.0,48.0,-58.0
114.0,296.0,-98.0,-69.0,-38.0,55.0,341.0,454.0,41.0,-8.0
118.0,571.0,-85.0,-21.0,-63.0,50.0,369.0,339.0,18.0,40.0
127.0,573.0,-72.0,-17.0,-75.0,100.0,319.0,94.0,9.0,42.0
120.0,260.0,-95.0,-49.0,29.0,31.0,257.0,3.0,-2.0,31.0
90.0,138.0,-39.0,-80.0,-24.0,19.0,278.0,145.0,-5.0,30.0
76.0,91.0,-59.0,-109.0,-69.0,135.0,258.0,177.0,16.0,-14.0
78.0,-132.0,-67.0,-155.0,-8.0,204.0,160.0,258.0,5.0,-72.0
101.0,-183.0,-41.0,-159.0,14.0,181.0,71.0,88.0,6.0,-124.0
128.0,-377.0,-24.0,-159.0,47.0,141.0,5.0,42.0,13.0,-183.0
141.0,-118.0,-25.0,-183.0,-45.0,64.0,36.0,81.0,0.0,-261.0
133.0,130.0,-21.0,-164.0,-78.0,132.0,90.0,175.0,-9.0,-329.0
95.0,-159.0,64.0,-160.0,42.0,371.0,88.0,310.0,-11.0,-373.0
64.0,129.0,61.0,-90.0,34.0,183.0,32.0,242.0,-4.0,-426.0
7.0,293.0,79.0,-72.0,23.0,-27.0,21.0,380.0,-14.0,-452.0
-2.0,272.0,87.0,-68.0,72.0,133.0,38.0,369.0,-13.0,-449.0
-2.0,362.0,86.0,0.0,8.0,311.0,-10.0,447.0,-3.0,-425.0
-20.0,337.0,116.0,56.0,-4.0,306.0,-107.0,511.0,-1.0,-403.0
-55.0,558.0,102.0,54.0,61.0,130.0,-175.0,325.0,14.0,-392.0
-72.0,433.0,120.0,69.0,-20.0,181.0,-163.0,363.0,5.0,-346.0
-78.0,357.0,140.0,166.0,-22.0,203.0,-115.0,138.0,10.0,-307.0
-103.0,185.0,116.0,200.0,148.0,35.0,-126.0,-38.0,43.0,-276.0
-96.0,69.0,125.0,232.0,58.0,37.0,-244.0,-64.0,46.0,-227.0
-86.0,313.0,111.0,221.0,-62.0,-31.0,-266.0,-25.0,60.0,-166.0
-75.0,-161.0,104.0,166.0,26.0,-13.0,-182.0,225.0,69.0,-112.0
-84.0,-398.0,128.0,122.0,60.0,44.0,-104.0,347.0,68.0,-94.0
-82.0,-96.0,37.0,41.0,24.0,-90.0,-124.0,591.0,91.0,-65.0
-55.0,-192.0,97.0,15.0,-52.0,-73.0,-161.0,559.0,112.0,-29.0
-1.0,-481.0,96.0,-3.0,-151.0,-20.0,-49.0,388.0,124.0,-26.0
28.0,-723.0,34.0,26.0,-38.0,-89.0,65.0,334.0,139.0,-8.0
48.0,-689.0,98.0,86.0,68.0,-352.0,103.0,73.0,162.0,26.0
82.0,-580.0,16.0,93.0,-71.0,-290.0,60.0,24.0,162.0,46.0
119.0,-620.0,22.0,75.0,63.0,108.0,15.0,-110.0,164.0,23.0
163.0,-645.0,6.0,13.0,159.0,85.0,-3.0,-212.0,166.0,28.0
168.0,-482.0,-70.0,45.0,40.0,-61.0,7.0,-49.0,150.0,52.0
193.0,220.0,-90.0,70.0,41.0,-133.0,54.0,127.0,142.0,23.0
196.0,249.0,-116.0,58.0,29.0,14.0,91.0,293.0,129.0,33.0
188.0,-160.0,-118.0,108.0,72.0,191.0,110.0,164.0,124.0,51.0
170.0,373.0,-125.0,69.0,109.0,-142.0,121.0,14.0,122.0,58.0
171.0,665.0,-87.0,80.0,142.0,-380.0,154.0,-55.0,118.0,80.0
172.0,552.0,-87.0,143.0,23.0,-195.0,139.0,97.0,114.0,90.0
135.0,550.0,-79.0,150.0,-5.0,-95.0,167.0,221.0,100.0,112.0
141.0,785.0,-61.0,176.0,186.0,-105.0,194.0,219.0,82.0,105.0
127.0,1113.0,-62.0,168.0,37.0,-119.0,121.0,522.0,70.0,115.0
116.0,935.0,-50.0,159.0,-149.0,-138.0,-15.0,607.0,31.0,151.0
103.0,681.0,-50.0,164.0,0.0,-85.0,-104.0,522.0,1.0,160.0
95.0,580.0,-31.0,152.0,25.0,-166.0,-31.0,266.0,-14.0,177.0
84.0,519.0,-5.0,83.0,-86.0,-219.0,20.0,-55.0,-51.0,190.0
55.0,423.0,0.0,100.0,-55.0,-109.0,10.0,-218.0,-51.0,190.0
23.0,210.0,-6.0,155.0,-87.0,-27.0,28.0,-339.0,-60.0,159.0
-17.0,232.0,19.0,105.0,6.0,-45.0,104.0,-258.0,-73.0,135.0
-26.0,124.0,29.0,48.0,188.0,-126.0,148.0,-110.0,-53.0,119.0
-18.0,-231.0,34.0,-6.0,61.0,134.0,140.0,254.0,-43.0,78.0
13.0,-265.0,46.0,10.0,19.0,385.0,78.0,491.0,-26.0,50.0
6.0,-215.0,54.0,-24.0,185.0,103.0,-20.0,497.0,0.0,23.0
-16.0,-291.0,70.0,-30.0,139.0,-196.0,-17.0,484.0,40.0,14.0
-26.0,-405.0,85.0,12.0,22.0,-17.0,8.0,365.0,76.0,9.0
-36.0,-533.0,132.0,23.0,124.0,375.0,-26.0,362.0,83.0,-2.0
-34.0,-420.0,139.0,86.0,164.0,307.0,-71.0,242.0,84.0,-18.0
-27.0,47.0,156.0,137.0,48.0,45.0,-49.0,201.0,89.0,-37.0
0.0,116.0,205.0,176.0,-14.0,304.0,-32.0,227.0,114.0,-46.0
17.0,-245.0,184.0,197.0,-120.0,437.0,-79.0,247.0,120.0,-39.0
66.0,-398.0,193.0,201.0,-17.0,70.0,-124.0,400.0,104.0,-18.0
77.0,-392.0,248.0,238.0,124.0,37.0,-105.0,349.0,100.0,-11.0
74.0,-586.0,214.0,266.0,-80.0,300.0,-80.0,417.0,83.0,1.0
82.0,-830.0,232.0,214.0,-176.0,348.0,-143.0,369.0,53.0,23.0
78.0,-646.0,249.0,242.0,-83.0,175.0,-230.0,90.0,23.0,25.0
118.0,-517.0,183.0,283.0,-88.0,104.0,-249.0,-169.0,-7.0,22.0
148.0,-492.0,215.0,241.0,-174.0,279.0,-149.0,-388.0,-18.0,26.0
189.0,-470.0,188.0,168.0,-180.0,164.0,-65.0,-264.0,-21.0,17.0
165.0,-259.0,193.0,89.0,-145.0,-141.0,-37.0,-194.0,-38.0,15.0
134.0,205.0,228.0,72.0,-1.0,65.0,-20.0,-29.0,-34.0,14.0
109.0,304.0,203.0,21.0,3.0,440.0,-7.0,243.0,-39.0,8.0
87.0,252.0,226.0,-31.0,-146.0,242.0,64.0,406.0,-46.0,27.0
93.0,250.0,173.0,-39.0,-27.0,-32.0,123.0,539.0,-26.0,52.0
102.0,473.0,143.0,-38.0,-19.0,-29.0,126.0,271.0,-12.0,87.0
160.0,493.0,108.0,-13.0,14.0,-137.0,136.0,68.0,-7.0,130.0
169.0,133.0,49.0,-4.0,4.0,-104.0,172.0,53.0,-4.0,174.0
181.0,237.0,50.0,49.0,-216.0,255.0,219.0,79.0,-2.0,202.0
165.0,307.0,-4.0,159.0,-32.0,594.0,199.0,136.0,-6.0,224.0
166.0,139.0,0.0,177.0,106.0,546.0,125.0,73.0,-2.0,234.0
196.0,155.0,-6.0,109.0,-64.0,338.0,148.0,153.0,25.0,210.0
196.0,279.0,-45.0,87.0,-16.0,357.0,264.0,149.0,49.0,179.0
188.0,497.0,-11.0,17.0,62.0,327.0,386.0,243.0,52.0,138.0
135.0,543.0,-29.0,-58.0,-35.0,138.0,403.0,375.0,58.0,88.0
116.0,387.0,-16.0,48.0,-88.0,212.0,374.0,386.0,51.0,18.0
107.0,143.0,32.0,121.0,-95.0,511.0,425.0,460.0,53.0,-48.0
116.0,142.0,21.0,126.0,17.0,556.0,496.0,262.0,67.0,-102.0
112.0,190.0,31.0,148.0,138.0,469.0,521.0,145.0,79.0,-178.0
101.0,-13.0,75.0,145.0,5.0,494.0,419.0,164.0,103.0,-252.0
79.0,-107.0,60.0,127.0,22.0,543.0,327.0,230.0,121.0,-318.0
18.0,-23.0,84.0,105.0,60.0,446.0,316.0,290.0,133.0,-369.0
-2.0,-161.0,118.0,107.0,-34.0,244.0,239.0,160.0,143.0,-404.0
-1.0,-468.0,69.0,95.0,185.0,254.0,34.0,149.0,168.0,-448.0
-18.0,-160.0,109.0,62.0,151.0,306.0,-116.0,123.0,181.0,-482.0
-26.0,30.0,121.0,12.0,4.0,331.0,-81.0,203.0,170.0,-495.0
-16.0,-62.0,104.0,-24.0,177.0,401.0,-26.0,254.0,161.0,-513.0
-22.0,209.0,131.0,-81.0,14.0,324.0,38.0,195.0,144.0,-546.0
-5.0,363.0,130.0,-86.0,0.0,366.0,110.0,242.0,139.0,-553.0
-4.0,560.0,138.0,-55.0,89.0,415.0,118.0,221.0,151.0,-527.0
-9.0,593.0,129.0,-40.0,-51.0,351.0,110.0,277.0,152.0,-507.0
1.0,278.0,124.0,-13.0,125.0,485.0,112.0,171.0,144.0,-456.0
17.0,132.0,119.0,-22.0,22.0,555.0,52.0,24.0,145.0,-361.0
36.0,-107.0,143.0,-29.0,-116.0,440.0,-98.0,-81.0,138.0,-276.0
41.0,-544.0,158.0,-15.0,129.0,180.0,-190.0,-212.0,126.0,-165.0
48.0,-585.0,147.0,-12.0,16.0,181.0,-219.0,18.0,105.0,-41.0
34.0,-265.0,99.0,-13.0,-77.0,460.0,-287.0,210.0,82.0,76.0
24.0,-423.0,57.0,37.0,114.0,436.0,-402.0,400.0,68.0,196.0
-19.0,-618.0,63.0,29.0,-26.0,417.0,-462.0,604.0,53.0,282.0
-45.0,-100.0,38.0,33.0,-144.0,493.0,-444.0,609.0,30.0,345.0
-73.0,-96.0,73.0,80.0,18.0,457.0,-369.0,554.0,14.0,375.0
-105.0,-234.0,116.0,93.0,23.0,265.0,-308.0,376.0,5.0,382.0
-85.0,173.0,106.0,138.0,119.0,287.0,-314.0,354.0,9.0,359.0
-111.0,104.0,122.0,88.0,51.0,480.0,-268.0,299.0,31.0,321.0
-140.0,82.0,138.0,11.0,-93.0,345.0,-174.0,301.0,17.0,284.0
-169.0,131.0,113.0,2.0,-44.0,353.0,-129.0,304.0,-2.0,232.0
-188.0,-86.0,126.0,-17.0,-139.0,330.0,-168.0,53.0,-43.0,177.0
-213.0,2.0,124.0,-14.0,20.0,118.0,-134.0,9.0,-96.0,112.0
-232.0,74.0,85.0,18.0,72.0,73.0,-9.0,-38.0,-118.0,72.0
-216.0,-240.0,99.0,12.0,-79.0,202.0,51.0,64.0,-159.0,14.0
-208.0,-489.0,58.0,-22.0,28.0,445.0,31.0,218.0,-175.0,-47.0
-200.0,-303.0,27.0,-41.0,57.0,230.0,8.0,206.0,-181.0,-75.0
-199.0,-144.0,54.0,38.0,-21.0,112.0,118.0,284.0,-210.0,-115.0
-193.0,-324.0,46.0,87.0,-17.0,555.0,233.0,277.0,-232.0,-162.0
-193.0,-168.0,58.0,93.0,-49.0,652.0,277.0,376.0,-236.0,-205.0
-165.0,85.0,45.0,134.0,15.0,490.0,265.0,236.0,-221.0,-244.0
-119.0,106.0,47.0,114.0,55.0,413.0,199.0,-11.0,-227.0,-275.0
-81.0,359.0,78.0,138.0,-91.0,443.0,156.0,-173.0,-231.0,-299.0
-62.0,326.0,75.0,119.0,82.0,318.0,60.0,-373.0,-211.0,-306.0
-48.0,342.0,123.0,125.0,26.0,16.0,-118.0,-232.0,-178.0,-308.0
-27.0,423.0,108.0,106.0,-113.0,18.0,-243.0,-157.0,-157.0,-306.0
-4.0,121.0,114.0,23.0,83.0,94.0,-207.0,-5.0,-130.0,-276.0
39.0,144.0,126.0,-2.0,-69.0,146.0,-126.0,149.0,-63.0,-247.0
51.0,133.0,94.0,-44.0,-2.0,250.0,-102.0,249.0,-14.0,-199.0
79.0,-119.0,135.0,-13.0,81.0,352.0,-172.0,428.0,33.0,-144.0
103.0,-165.0,111.0,-68.0,-103.0,279.0,-268.0,371.0,81.0,-112.0
118.0,-178.0,117.0,-190.0,64.0,185.0,-286.0,426.0,134.0,-56.0
150.0,-233.0,118.0,-247.0,68.0,300.0,-284.0,363.0,185.0,-21.0
147.0,-70.0,130.0,-265.0,-44.0,304.0,-309.0,400.0,225.0,-7.0
136.0,163.0,120.0,-236.0,23.0,223.0,-358.0,489.0,276.0,29.0
96.0,2.0,95.0,-176.0,-137.0,207.0,-357.0,393.0,295.0,67.0
76.0,-15.0,94.0,-131.0,-131.0,298.0,-328.0,419.0,295.0,75.0
81.0,234.0,32.0,-110.0,0.0,259.0,-380.0,145.0,286.0,95.0
77.0,44.0,35.0,-84.0,-177.0,204.0,-513.0,-81.0,284.0,126.0
85.0,6.0,-28.0,-13.0,-118.0,288.0,-631.0,-266.0,286.0,132.0
73.0,-22.0,-60.0,62.0,-53.0,400.0,-648.0,-260.0,270.0,139.0
57.0,-263.0,-31.0,-9.0,-204.0,436.0,-592.0,-36.0,251.0,133.0
34.0,-196.0,-25.0,-60.0,-94.0,281.0,-610.0,-147.0,222.0,123.0
22.0,-317.0,-12.0,-25.0,-57.0,338.0,-702.0,-125.0,186.0,95.0
46.0,-239.0,-6.0,45.0,-84.0,345.0,-725.0,-192.0,146.0,48.0
48.0,130.0,-18.0,133.0,-3.0,214.0,-650.0,-240.0,100.0,7.0
72.0,69.0,-46.0,152.0,-115.0,287.0,-530.0,-212.0,35.0,-40.0
87.0,-238.0,-25.0,96.0,-107.0,409.0,-439.0,-164.0,-9.0,-89.0
92.0,-147.0,-71.0,-6.0,-29.0,477.0,-356.0,140.0,-57.0,-139.0
111.0,255.0,-75.0,-107.0,-110.0,340.0,-285.0,273.0,-95.0,-151.0
92.0,84.0,-58.0,-153.0,-55.0,229.0,-252.0,384.0,-121.0,-137.0
65.0,-177.0,-90.0,-100.0,-21.0,306.0,-362.0,223.0,-158.0,-116.0
19.0,43.0,-94.0,-92.0,-2.0,242.0,-518.0,103.0,-164.0,-77.0
11.0,230.0,-105.0,-144.0,43.0,57.0,-504.0,75.0,-181.0,-16.0
40.0,151.0,-137.0,-134.0,33.0,102.0,-386.0,-214.0,-179.0,39.0
61.0,-195.0,-158.0,-35.0,83.0,354.0,-264.0,-168.0,-158.0,79.0
53.0,-97.0,-136.0,60.0,44.0,296.0,-261.0,-59.0,-148.0,119.0
40.0,295.0,-158.0,93.0,109.0,102.0,-295.0,229.0,-128.0,142.0
21.0,-250.0,-112.0,145.0,135.0,326.0,-351.0,432.0,-111.0,154.0
-23.0,-594.0,-88.0,204.0,-25.0,343.0,-391.0,288.0,-103.0,153.0
-29.0,-169.0,-79.0,190.0,82.0,81.0,-366.0,123.0,-102.0,136.0
-54.0,-141.0,-34.0,138.0,123.0,118.0,-347.0,-73.0,-77.0,100.0
-46.0,-57.0,-28.0,110.0,-1.0,303.0,-276.0,-18.0,-49.0,47.0
-46.0,-41.0,25.0,111.0,66.0,222.0,-229.0,-55.0,-30.0,-29.0
-82.0,-88.0,61.0,117.0,125.0,0.0,-197.0,-9.0,10.0,-124.0
-110.0,102.0,125.0,89.0,67.0,325.0,-163.0,90.0,24.0,-209.0
-134.0,322.0,137.0,38.0,39.0,492.0,-73.0,59.0,16.0,-291.0
-137.0,353.0,158.0,-27.0,58.0,201.0,59.0,101.0,37.0,-361.0
-155.0,77.0,154.0,-79.0,92.0,228.0,179.0,9.0,41.0,-408.0
-136.0,352.0,143.0,-99.0,122.0,523.0,233.0,62.0,49.0,-430.0
-137.0,268.0,172.0,-107.0,88.0,669.0,188.0,-1.0,77.0,-432.0
-158.0,-218.0,119.0,-112.0,53.0,475.0,127.0,-97.0,85.0,-412.0
-178.0,8.0,162.0,-142.0,89.0,471.0,-4.0,-42.0,96.0,-387.0
-182.0,359.0,126.0,-145.0,143.0,507.0,-149.0,-40.0,102.0,-364.0
-165.0,128.0,111.0,-101.0,71.0,231.0,-282.0,175.0,126.0,-325.0
-178.0,-263.0,99.0,-77.0,-20.0,73.0,-317.0,251.0,141.0,-284.0
-183.0,-76.0,38.0,-91.0,-23.0,276.0,-310.0,214.0,141.0,-248.0
-184.0,121.0,51.0,-87.0,-5.0,442.0,-402.0,158.0,149.0,-203.0
-185.0,108.0,-32.0,-90.0,37.0,227.0,-506.0,-49.0,143.0,-141.0
-212.0,-74.0,-62.0,-181.0,-19.0,210.0,-570.0,-179.0,138.0,-93.0
-208.0,-114.0,-86.0,-244.0,-65.0,340.0,-571.0,-362.0,122.0,-57.0
-165.0,38.0,-86.0,-210.0,29.0,253.0,-542.0,-434.0,118.0,-2.0
-155.0,77.0,-39.0,-167.0,115.0,173.0,-436.0,-502.0,103.0,29.0
-168.0,164.0,-63.0,-124.0,-3.0,313.0,-372.0,-558.0,85.0,47.0
-166.0,107.0,-51.0,-62.0,-53.0,530.0,-306.0,-314.0,85.0,96.0
-143.0,349.0,-26.0,-45.0,27.0,429.0,-156.0,-188.0,53.0,149.0
-120.0,748.0,-26.0,-91.0,-82.0,290.0,-51.0,-68.0,11.0,189.0
-106.0,177.0,-13.0,-146.0,0.0,275.0,-15.0,42.0,-14.0,212.0
-69.0,-169.0,-16.0,-140.0,-16.0,240.0,-20.0,94.0,-36.0,250.0
-3.0,367.0,-2.0,-123.0,-120.0,185.0,1.0,236.0,-43.0,284.0
7.0,163.0,9.0,-123.0,207.0,113.0,17.0,343.0,-62.0,271.0
20.0,-454.0,21.0,-92.0,120.0,288.0,32.0,323.0,-65.0,254.0
64.0,-493.0,18.0,-153.0,-165.0,525.0,49.0,94.0,-44.0,226.0
102.0,-58.0,3.0,-228.0,61.0,400.0,115.0,33.0,-56.0,179.0
115.0,-44.0,19.0,-235.0,56.0,179.0,241.0,0.0,-45.0,112.0
112.0,-89.0,-28.0,-229.0,-112.0,223.0,313.0,38.0,-48.0,47.0
110.0,88.0,-33.0,-173.0,17.0,344.0,253.0,90.0,-61.0,6.0
99.0,99.0,-28.0,-131.0,58.0,194.0,155.0,-49.0,-31.0,-54.0
106.0,326.0,-55.0,-157.0,46.0,-41.0,135.0,59.0,-16.0,-119.0
127.0,309.0,-33.0,-200.0,142.0,78.0,107.0,-51.0,0.0,-153.0
159.0,236.0,-40.0,-153.0,-4.0,144.0,0.0,-295.0,13.0,-164.0
178.0,169.0,-65.0,-72.0,-151.0,-29.0,-122.0,-454.0,3.0,-192.0
178.0,399.0,-70.0,17.0,31.0,-20.0,-154.0,-541.0,11.0,-213.0
143.0,337.0,-36.0,56.0,-17.0,24.0,-127.0,-349.0,6.0,-203.0
94.0,-193.0,-22.0,-45.0,-124.0,-70.0,-117.0,-182.0,-16.0,-203.0
65.0,227.0,-9.0,-86.0,-55.0,-130.0,-140.0,68.0,-26.0,-207.0
42.0,389.0,15.0,-173.0,-99.0,-40.0,-95.0,181.0,-55.0,-181.0
58.0,-236.0,43.0,-246.0,-100.0,-78.0,-7.0,133.0,-71.0,-122.0
78.0,-449.0,73.0,-205.0,-52.0,-215.0,9.0,22.0,-80.0,-80.0
63.0,-223.0,99.0,-194.0,-14.0,-85.0,-60.0,-291.0,-96.0,-25.0
47.0,-143.0,142.0,-159.0,-68.0,202.0,-154.0,-443.0,-96.0,69.0
28.0,-270.0,131.0,-145.0,-38.0,160.0,-65.0,-509.0,-103.0,149.0
26.0,-132.0,118.0,-130.0,22.0,-136.0,85.0,-434.0,-100.0,198.0
45.0,126.0,139.0,-128.0,-47.0,-20.0,110.0,-395.0,-103.0,252.0
45.0,73.0,166.0,-69.0,2.0,69.0,18.0,-489.0,-84.0,322.0
47.0,-5.0,171.0,33.0,126.0,-234.0,-72.0,-415.0,-57.0,347.0
33.0,-80.0,141.0,40.0,34.0,-228.0,-113.0,-513.0,-30.0,351.0
35.0,-81.0,137.0,47.0,-91.0,121.0,-157.0,-524.0,32.0,365.0
21.0,55.0,108.0,102.0,91.0,214.0,-207.0,-349.0,68.0,352.0
-7.0,-341.0,76.0,117.0,64.0,-66.0,-257.0,-120.0,103.0,307.0
-34.0,-642.0,52.0,81.0,-46.0,-16.0,-233.0,105.0,141.0,248.0
-61.0,-235.0,0.0,98.0,90.0,400.0,-190.0,44.0,172.0,215.0
-43.0,-24.0,5.0,134.0,83.0,293.0,-169.0,3.0,221.0,175.0
-49.0,-342.0,-13.0,103.0,120.0,-16.0,-155.0,-51.0,230.0,102.0
-4.0,-428.0,-27.0,88.0,45.0,155.0,-102.0,-73.0,239.0,37.0
21.0,52.0,6.0,183.0,-46.0,376.0,-18.0,-173.0,242.0,0.0
14.0,107.0,-25.0,221.0,93.0,122.0,-45.0,-291.0,214.0,-37.0
-4.0,-17.0,-36.0,204.0,26.0,-323.0,-135.0,-123.0,188.0,-93.0
-57.0,400.0,-54.0,240.0,-18.0,-244.0,-172.0,-14.0,144.0,-101.0
-77.0,344.0,-86.0,286.0,95.0,162.0,-163.0,151.0,101.0,-97.0
-95.0,299.0,-65.0,275.0,-21.0,236.0,-175.0,125.0,67.0,-94.0
-58.0,441.0,-60.0,222.0,-107.0,58.0,-177.0,18.0,40.0,-74.0
-33.0,22.0,-67.0,219.0,19.0,-64.0,-130.0,-49.0,18.0,-56.0
-6.0,91.0,-68.0,233.0,-54.0,-83.0,-65.0,-327.0,-17.0,-38.0
23.0,308.0,-82.0,214.0,-99.0,-118.0,23.0,-461.0,-59.0,-48.0
34.0,138.0,-92.0,135.0,-8.0,-197.0,109.0,-639.0,-74.0,-26.0
69.0,-147.0,-58.0,63.0,-41.0,-140.0,117.0,-641.0,-57.0,-4.0
62.0,-68.0,-23.0,-13.0,11.0,100.0,49.0,-533.0,-47.0,-3.0
17.0,555.0,-15.0,-92.0,8.0,194.0,54.0,-448.0,-52.0,9.0
-11.0,377.0,5.0,-115.0,-17.0,70.0,153.0,-297.0,-58.0,29.0
-32.0,253.0,26.0,-146.0,44.0,-146.0,229.0,-273.0,-78.0,48.0
-70.0,598.0,43.0,-152.0,-107.0,-54.0,259.0,-131.0,-102.0,17.0
-86.0,403.0,99.0,-114.0,-85.0,354.0,220.0,-142.0,-85.0,4.0
-75.0,90.0,121.0,-111.0,139.0,337.0,151.0,-166.0,-67.0,-1.0
-74.0,-115.0,142.0,-113.0,30.0,95.0,107.0,-188.0,-74.0,-36.0
-91.0,-37.0,167.0,-117.0,46.0,38.0,-28.0,-388.0,-77.0,-63.0
-72.0,-54.0,119.0,-152.0,121.0,107.0,-197.0,-565.0,-79.0,-70.0
-37.0,-38.0,138.0,-137.0,54.0,-56.0,-152.0,-816.0,-67.0,-62.0
-31.0,58.0,160.0,-128.0,129.0,-281.0,19.0,-772.0,-47.0,-68.0
-69.0,-185.0,161.0,-179.0,33.0,-160.0,121.0,-665.0,-27.0,-37.0
-114.0,-41.0,206.0,-250.0,45.0,-150.0,131.0,-552.0,-9.0,14.0
-126.0,182.0,207.0,-218.0,168.0,-171.0,147.0,-327.0,6.0,61.0
-162.0,-245.0,227.0,-138.0,59.0,23.0,104.0,-240.0,23.0,113.0
-183.0,-508.0,223.0,-137.0,77.0,365.0,-66.0,-25.0,51.0,168.0
-162.0,-326.0,209.0,-145.0,212.0,399.0,-148.0,36.0,73.0,254.0
-109.0,-392.0,218.0,-82.0,71.0,-27.0,-133.0,14.0,65.0,307.0
-66.0,-420.0,202.0,20.0,-37.0,-182.0,-132.0,-60.0,64.0,356.0
-46.0,-343.0,208.0,6.0,17.0,-106.0,-173.0,-144.0,60.0,429.0
-43.0,-309.0,210.0,-43.0,-55.0,-281.0,-245.0,-22.0,44.0,479.0
-56.0,-253.0,188.0,-51.0,25.0,-421.0,-344.0,-131.0,36.0,479.0
-101.0,-359.0,171.0,-24.0,2.0,-198.0,-370.0,-169.0,9.0,463.0
-144.0,23.0,157.0,-34.0,-130.0,-166.0,-276.0,-214.0,-1.0,472.0
-133.0,294.0,146.0,-45.0,-36.0,-460.0,-298.0,-308.0,5.0,443.0
-119.0,3.0,181.0,-12.0,-54.0,-502.0,-339.0,-321.0,-8.0,393.0
-95.0,-14.0,188.0,-34.0,-143.0,-294.0,-304.0,-347.0,-22.0,374.0
-70.0,133.0,191.0,-54.0,-136.0,-126.0,-211.0,-168.0,-27.0,357.0
-60.0,-18.0,190.0,-93.0,-95.0,-273.0,5.0,-72.0,-35.0,299.0
-79.0,-352.0,146.0,-117.0,-103.0,-329.0,119.0,125.0,-21.0,236.0
-106.0,23.0,150.0,-176.0,-94.0,-14.0,17.0,195.0,-15.0,176.0
-115.0,31.0,126.0,-170.0,18.0,14.0,-63.0,86.0,-36.0,100.0
-87.0,-352.0,107.0,-101.0,92.0,-252.0,26.0,-25.0,-53.0,15.0
-58.0,-58.0,107.0,-58.0,97.0,-424.0,146.0,-460.0,-73.0,-62.0
-82.0,-124.0,84.0,-26.0,90.0,-342.0,88.0,-679.0,-81.0,-101.0
-97.0,-26.0,50.0,-58.0,40.0,-246.0,-76.0,-679.0,-82.0,-183.0
-105.0,406.0,38.0,-58.0,2.0,-509.0,-68.0,-558.0,-107.0,-268.0
-80.0,393.0,15.0,-65.0,2.0,-640.0,-3.0,-375.0,-125.0,-300.0
-69.0,61.0,-23.0,-42.0,18.0,-448.0,-76.0,-195.0,-129.0,-326.0
-84.0,358.0,-23.0,-25.0,23.0,-291.0,-184.0,162.0,-127.0,-352.0
-92.0,902.0,-55.0,-10.0,27.0,-312.0,-165.0,284.0,-127.0,-367.0
-119.0,289.0,-77.0,-9.0,-39.0,-398.0,-12.0,256.0,-136.0,-331.0
-134.0,33.0,-80.0,-58.0,-91.0,-78.0,87.0,60.0,-134.0,-301.0
-125.0,482.0,-77.0,-49.0,-14.0,18.0,112.0,-219.0,-151.0,-289.0
-90.0,40.0,-103.0,-42.0,-84.0,-411.0,41.0,-291.0,-167.0,-257.0
-73.0,-360.0,-83.0,-44.0,-60.0,-417.0,0.0,-301.0,-151.0,-217.0
-72.0,85.0,-90.0,-28.0,-24.0,-338.0,143.0,-155.0,-143.0,-211.0
-87.0,81.0,-113.0,14.0,-158.0,-520.0,265.0,-223.0,-129.0,-217.0
-103.0,-61.0,-68.0,-15.0,-31.0,-607.0,158.0,-282.0,-93.0,-187.0
-92.0,65.0,-99.0,-28.0,40.0,-519.0,-47.0,-229.0,-73.0,-175.0
-82.0,-158.0,-89.0,-24.0,-59.0,-467.0,-69.0,-402.0,-71.0,-197.0
-74.0,-224.0,-76.0,-89.0,-37.0,-788.0,20.0,-463.0,-50.0,-175.0
-52.0,15.0,-82.0,-121.0,-32.0,-965.0,-43.0,-556.0,-38.0,-128.0
-19.0,101.0,-67.0,-141.0,-81.0,-811.0,-286.0,-463.0,-25.0,-106.0
-38.0,-208.0,-57.0,-66.0,-74.0,-755.0,-459.0,-245.0,-25.0,-61.0
-86.0,-84.0,-59.0,-30.0,-71.0,-868.0,-420.0,-212.0,-47.0,1.0
-88.0,198.0,-23.0,-48.0,7.0,-957.0,-283.0,-194.0,-64.0,65.0
-67.0,-122.0,-2.0,-104.0,85.0,-726.0,-216.0,-168.0,-99.0,95.0
-29.0,-181.0,4.0,-159.0,-35.0,-530.0,-209.0,5.0,-92.0,126.0
21.0,32.0,55.0,-78.0,-16.0,-597.0,-94.0,12.0,-85.0,186.0
48.0,-262.0,-8.0,-13.0,85.0,-700.0,95.0,-5.0,-90.0,198.0
45.0,-468.0,20.0,89.0,54.0,-765.0,164.0,-25.0,-80.0,214.0
17.0,-76.0,42.0,170.0,86.0,-686.0,67.0,-171.0,-80.0,235.0
0.0,-114.0,-6.0,197.0,92.0,-788.0,15.0,-214.0,-64.0,262.0
-12.0,-183.0,54.0,181.0,8.0,-937.0,105.0,-356.0,-49.0,261.0
-16.0,46.0,62.0,138.0,82.0,-692.0,183.0,-376.0,-3.0,228.0
-14.0,21.0,66.0,74.0,122.0,-591.0,98.0,-304.0,26.0,238.0
-23.0,-186.0,97.0,7.0,-25.0,-742.0,-91.0,-162.0,34.0,222.0
-40.0,-142.0,83.0,58.0,15.0,-690.0,-136.0,-22.0,59.0,175.0
-60.0,34.0,46.0,60.0,-39.0,-501.0,-29.0,-166.0,76.0,135.0
-76.0,-95.0,79.0,38.0,-29.0,-435.0,58.0,-266.0,78.0,116.0
-72.0,135.0,97.0,-6.0,83.0,-635.0,71.0,-441.0,78.0,86.0
-26.0,191.0,74.0,-41.0,-137.0,-646.0,32.0,-530.0,73.0,54.0
5.0,12.0,97.0,-2.0,-93.0,-294.0,17.0,-406.0,70.0,45.0
33.0,307.0,85.0,4.0,-36.0,-219.0,46.0,-232.0,87.0,39.0
30.0,445.0,78.0,76.0,-129.0,-383.0,29.0,18.0,61.0,16.0
12.0,131.0,64.0,124.0,-20.0,-386.0,-79.0,97.0,33.0,12.0
0.0,41.0,43.0,21.0,-47.0,-286.0,-123.0,205.0,21.0,41.0
-8.0,108.0,64.0,-32.0,-36.0,-448.0,-10.0,136.0,3.0,59.0
31.0,-51.0,62.0,6.0,79.0,-672.0,57.0,-5.0,-7.0,86.0
63.0,47.0,21.0,43.0,-15.0,-559.0,59.0,-110.0,-18.0,110.0
88.0,-82.0,52.0,108.0,-48.0,-375.0,-9.0,-410.0,-32.0,140.0
90.0,-495.0,63.0,133.0,2.0,-392.0,-124.0,-293.0,-74.0,153.0
79.0,-476.0,40.0,187.0,-119.0,-546.0,-32.0,-109.0,-94.0,130.0
53.0,-158.0,95.0,239.0,-21.0,-476.0,65.0,24.0,-110.0,120.0
25.0,-182.0,89.0,238.0,-20.0,-324.0,-51.0,208.0,-131.0,105.0
22.0,-168.0,107.0,245.0,-119.0,-289.0,-143.0,164.0,-140.0,66.0
26.0,-70.0,131.0,204.0,129.0,-285.0,-108.0,81.0,-149.0,39.0
71.0,-255.0,85.0,201.0,92.0,-186.0,-202.0,-173.0,-157.0,26.0
99.0,-168.0,63.0,186.0,14.0,-116.0,-356.0,-277.0,-163.0,0.0
81.0,-453.0,27.0,139.0,164.0,-331.0,-317.0,-363.0,-152.0,-33.0
46.0,-482.0,16.0,100.0,17.0,-322.0,-221.0,-432.0,-155.0,-72.0
13.0,-42.0,2.0,20.0,31.0,-195.0,-101.0,-341.0,-163.0,-86.0
-17.0,-238.0,-41.0,-50.0,167.0,-313.0,-55.0,-332.0,-135.0,-103.0
-33.0,-336.0,-73.0,-58.0,28.0,-511.0,-141.0,-103.0,-101.0,-145.0
-32.0,-89.0,-72.0,11.0,106.0,-442.0,-149.0,-3.0,-61.0,-155.0
-20.0,200.0,-77.0,3.0,175.0,-130.0,-38.0,18.0,-17.0,-172.0
-14.0,166.0,-86.0,-45.0,95.0,-251.0,20.0,-33.0,21.0,-216.0
-26.0,-17.0,-58.0,-53.0,47.0,-523.0,16.0,-162.0,69.0,-251.0
-27.0,188.0,-77.0,-72.0,-99.0,-435.0,61.0,-147.0,67.0,-262.0
-25.0,241.0,-88.0,-31.0,-48.0,-352.0,8.0,-182.0,66.0,-275.0
-4.0,301.0,-90.0,44.0,10.0,-399.0,-175.0,-62.0,87.0,-306.0
40.0,418.0,-93.0,38.0,-100.0,-446.0,-342.0,-66.0,82.0,-307.0
94.0,230.0,-99.0,-1.0,7.0,-430.0,-287.0,-31.0,92.0,-288.0
102.0,286.0,-114.0,-10.0,137.0,-333.0,-62.0,29.0,71.0,-280.0
75.0,63.0,-94.0,-50.0,34.0,-465.0,29.0,-46.0,32.0,-265.0
44.0,-29.0,-117.0,-44.0,-17.0,-464.0,-1.0,75.0,11.0,-234.0
-21.0,104.0,-99.0,-1.0,-76.0,-241.0,-98.0,-24.0,-8.0,-203.0
-79.0,-310.0,-84.0,20.0,-117.0,-340.0,-167.0,-173.0,-14.0,-184.0
-127.0,114.0,-82.0,-46.0,-137.0,-513.0,-102.0,-465.0,-16.0,-164.0
-140.0,540.0,-54.0,-118.0,-166.0,-587.0,-74.0,-822.0,-32.0,-124.0
-118.0,281.0,-75.0,-134.0,-56.0,-501.0,-214.0,-694.0,-54.0,-97.0
-102.0,219.0,-77.0,-159.0,-112.0,-452.0,-326.0,-506.0,-59.0,-95.0
-94.0,153.0,-70.0,-64.0,-31.0,-527.0,-380.0,-321.0,-69.0,-82.0
-90.0,12.0,-57.0,-3.0,109.0,-523.0,-378.0,-232.0,-79.0,-93.0
-73.0,-37.0,-48.0,-21.0,-87.0,-475.0,-243.0,-101.0,-80.0,-140.0
-66.0,-18.0,-34.0,-23.0,-67.0,-323.0,-180.0,123.0,-95.0,-183.0
-70.0,-391.0,-58.0,0.0,63.0,-355.0,-185.0,221.0,-90.0,-222.0
-81.0,-135.0,-59.0,34.0,-24.0,-463.0,-150.0,254.0,-62.0,-270.0
-81.0,294.0,-15.0,108.0,26.0,-380.0,-216.0,-35.0,-34.0,-316.0
-95.0,-122.0,-44.0,155.0,89.0,-287.0,-435.0,-219.0,-13.0,-339.0
-110.0,-306.0,-15.0,141.0,-19.0,-102.0,-446.0,-315.0,0.0,-334.0
-124.0,-165.0,7.0,137.0,97.0,-77.0,-214.0,-436.0,24.0,-350.0
-130.0,-263.0,4.0,46.0,37.0,-292.0,-97.0,-458.0,42.0,-358.0
-83.0,-598.0,71.0,38.0,-240.0,-392.0,-98.0,-626.0,58.0,-323.0
-70.0,-665.0,88.0,44.0,-25.0,-281.0,-249.0,-541.0,65.0,-300.0
-46.0,-665.0,80.0,-32.0,70.0,-99.0,-464.0,-437.0,49.0,-269.0
-22.0,-592.0,101.0,-49.0,-147.0,-235.0,-313.0,-330.0,25.0,-225.0
-14.0,-372.0,108.0,-46.0,-68.0,-448.0,141.0,-153.0,-10.0,-164.0
-8.0,-579.0,122.0,-26.0,-38.0,-269.0,347.0,20.0,-56.0,-97.0
-24.0,-685.0,137.0,-60.0,-146.0,-219.0,233.0,258.0,-90.0,-49.0
-30.0,-306.0,152.0,-117.0,-36.0,-348.0,-62.0,136.0,-116.0,18.0
-46.0,59.0,128.0,-119.0,12.0,-242.0,-437.0,142.0,-127.0,74.0
-41.0,183.0,106.0,-145.0,-127.0,-317.0,-546.0,116.0,-142.0,124.0
-36.0,70.0,123.0,-100.0,-73.0,-448.0,-155.0,-114.0,-142.0,163.0
-4.0,390.0,127.0,-11.0,3.0,-581.0,398.0,-194.0,-138.0,198.0
16.0,757.0,142.0,-74.0,-66.0,-589.0,564.0,-412.0,-152.0,254.0
0.0,353.0,132.0,-25.0,38.0,-378.0,317.0,-561.0,-156.0,272.0
-35.0,122.0,168.0,96.0,71.0,-482.0,-116.0,-713.0,-157.0,284.0
-88.0,29.0,171.0,80.0,-25.0,-340.0,-327.0,-787.0,-146.0,310.0
-103.0,-64.0,154.0,55.0,27.0,-213.0,-169.0,-678.0,-137.0,288.0
-115.0,132.0,160.0,48.0,34.0,-202.0,144.0,-447.0,-121.0,248.0
-106.0,182.0,108.0,91.0,6.0,-60.0,332.0,-57.0,-85.0,232.0
-85.0,295.0,105.0,158.0,23.0,-19.0,171.0,188.0,-34.0,203.0
-63.0,422.0,47.0,221.0,0.0,79.0,78.0,458.0,-17.0,151.0
-47.0,357.0,63.0,173.0,-67.0,-100.0,93.0,467.0,-34.0,108.0
-33.0,298.0,67.0,117.0,-35.0,-136.0,-88.0,351.0,-39.0,70.0
0.0,296.0,34.0,162.0,-7.0,-17.0,-139.0,282.0,-58.0,11.0
14.0,479.0,63.0,211.0,-102.0,-19.0,155.0,36.0,-45.0,-67.0
26.0,534.0,17.0,267.0,-48.0,-31.0,345.0,-55.0,-28.0,-135.0
44.0,605.0,26.0,230.0,35.0,-17.0,141.0,-245.0,-32.0,-183.0
64.0,728.0,0.0,197.0,48.0,162.0,-253.0,-181.0,-29.0,-241.0
67.0,506.0,0.0,207.0,23.0,135.0,-654.0,-36.0,-38.0,-270.0
81.0,462.0,26.0,206.0,-8.0,-34.0,-632.0,-131.0,-9.0,-258.0
96.0,355.0,41.0,173.0,-19.0,-68.0,-87.0,81.0,25.0,-244.0
98.0,53.0,42.0,116.0,-28.0,-85.0,400.0,181.0,25.0,-223.0
120.0,-127.0,0.0,92.0,9.0,-93.0,419.0,184.0,22.0,-191.0
140.0,-209.0,4.0,49.0,-33.0,-81.0,20.0,166.0,0.0,-141.0
156.0,-98.0,0.0,31.0,-16.0,-44.0,-272.0,125.0,-16.0,-115.0
175.0,-105.0,16.0,23.0,-9.0,-26.0,-142.0,109.0,-14.0,-110.0
166.0,-457.0,2.0,23.0,-42.0,-105.0,89.0,16.0,-26.0,-77.0
114.0,-951.0,2.0,13.0,-48.0,-133.0,345.0,-101.0,-27.0,-59.0
66.0,-1104.0,21.0,5.0,-117.0,-196.0,458.0,-304.0,-39.0,-69.0
34.0,-1018.0,44.0,-49.0,-59.0,-293.0,296.0,-242.0,-58.0,-100.0
28.0,-1192.0,31.0,-104.0,-52.0,-308.0,229.0,-227.0,-61.0,-134.0
35.0,-1236.0,-3.0,-58.0,-166.0,-229.0,158.0,-77.0,-86.0,-172.0
40.0,-1027.0,-12.0,3.0,-110.0,-6.0,136.0,282.0,-116.0,-224.0
24.0,-630.0,-77.0,57.0,78.0,160.0,430.0,182.0,-122.0,-263.0
-18.0,-173.0,-82.0,59.0,65.0,72.0,706.0,105.0,-130.0,-287.0
-43.0,-222.0,-61.0,74.0,-27.0,-123.0,588.0,-83.0,-153.0,-306.0
-57.0,93.0,-55.0,55.0,16.0,-95.0,294.0,-352.0,-170.0,-312.0
-76.0,654.0,-56.0,44.0,15.0,39.0,219.0,-343.0,-161.0,-292.0
-114.0,903.0,-56.0,107.0,44.0,108.0,210.0,-382.0,-151.0,-286.0
-113.0,855.0,-51.0,128.0,41.0,133.0,25.0,-319.0,-139.0,-292.0
-102.0,750.0,-58.0,128.0,12.0,356.0,-75.0,-168.0,-118.0,-263.0
-118.0,1014.0,-22.0,84.0,84.0,298.0,181.0,97.0,-125.0,-221.0
-134.0,670.0,-20.0,43.0,132.0,-58.0,395.0,277.0,-101.0,-197.0
-149.0,380.0,3.0,50.0,34.0,62.0,268.0,375.0,-44.0,-169.0
-143.0,208.0,1.0,51.0,-52.0,101.0,-29.0,545.0,-14.0,-125.0
-146.0,-50.0,2.0,72.0,17.0,-191.0,-310.0,465.0,24.0,-71.0
-130.0,71.0,44.0,80.0,19.0,-409.0,-215.0,450.0,50.0,-41.0
-105.0,15.0,27.0,-6.0,-32.0,-213.0,255.0,315.0,77.0,-26.0
-81.0,-108.0,88.0,-56.0,-139.0,48.0,632.0,269.0,111.0,4.0
-68.0,-346.0,102.0,-63.0,-103.0,-87.0,683.0,380.0,126.0,10.0
-80.0,-334.0,58.0,-131.0,70.0,-164.0,550.0,175.0,154.0,11.0
-70.0,-447.0,78.0,-154.0,-78.0,100.0,282.0,105.0,164.0,24.0
-46.0,-752.0,64.0,-120.0,-215.0,335.0,79.0,-123.0,178.0,37.0
-44.0,-589.0,103.0,-118.0,-98.0,187.0,132.0,-238.0,190.0,54.0
-72.0,-214.0,114.0,-163.0,-8.0,56.0,303.0,0.0,165.0,74.0
-80.0,68.0,106.0,-198.0,-36.0,22.0,400.0,153.0,147.0,114.0
-89.0,105.0,116.0,-134.0,-130.0,-89.0,291.0,242.0,131.0,141.0
-123.0,174.0,48.0,-128.0,-69.0,-120.0,105.0,149.0,131.0,141.0
-129.0,274.0,-2.0,-195.0,154.0,-121.0,-214.0,62.0,141.0,138.0
-119.0,227.0,-39.0,-161.0,120.0,-139.0,-407.0,-42.0,113.0,144.0
-84.0,52.0,-77.0,-117.0,-17.0,-86.0,-87.0,14.0,90.0,135.0
-47.0,-7.0,-105.0,-53.0,83.0,20.0,345.0,83.0,69.0,116.0
-36.0,-37.0,-69.0,-43.0,120.0,111.0,344.0,99.0,28.0,115.0
-28.0,-30.0,-79.0,-85.0,54.0,112.0,-42.0,242.0,3.0,117.0
-25.0,62.0,-93.0,-54.0,0.0,32.0,-243.0,48.0,-11.0,112.0
-8.0,161.0,-62.0,-43.0,-28.0,-12.0,-128.0,-5.0,-25.0,108.0
-11.0,108.0,-74.0,11.0,54.0,8.0,75.0,14.0,-24.0,115.0
-17.0,-197.0,-5.0,43.0,66.0,6.0,163.0,-20.0,-27.0,108.0
-5.0,-106.0,-13.0,-9.0,-65.0,16.0,96.0,114.0,-34.0,85.0
-2.0,-28.0,-34.0,44.0,-104.0,156.0,53.0,46.0,-40.0,82.0
13.0,-115.0,-4.0,73.0,-5.0,244.0,-10.0,118.0,-41.0,65.0
32.0,-97.0,-29.0,17.0,56.0,246.0,-181.0,256.0,-37.0,32.0
48.0,-28.0,3.0,43.0,-12.0,236.0,-369.0,382.0,-33.0,5.0
35.0,-64.0,4.0,48.0,-126.0,250.0,-306.0,413.0,-41.0,-22.0
51.0,-448.0,-42.0,-11.0,-84.0,292.0,-24.0,343.0,-55.0,-58.0
91.0,-627.0,-43.0,-17.0,-45.0,131.0,145.0,408.0,-44.0,-110.0
96.0,-477.0,-40.0,-3.0,-118.0,-197.0,62.0,295.0,-60.0,-148.0
115.0,-162.0,-67.0,5.0,-81.0,-148.0,-176.0,290.0,-74.0,-172.0
120.0,-161.0,-41.0,65.0,-5.0,213.0,-315.0,301.0,-75.0,-211.0
126.0,-80.0,-43.0,121.0,118.0,349.0,-17.0,162.0,-86.0,-235.0
112.0,521.0,-99.0,141.0,115.0,246.0,623.0,24.0,-97.0,-236.0
109.0,820.0,-110.0,147.0,-12.0,106.0,975.0,-133.0,-120.0,-223.0
135.0,962.0,-116.0,171.0,48.0,172.0,838.0,-155.0,-114.0,-217.0
135.0,1039.0,-108.0,152.0,110.0,196.0,539.0,-145.0,-87.0,-188.0
133.0,660.0,-124.0,86.0,110.0,154.0,366.0,114.0,-78.0,-135.0
106.0,277.0,-111.0,89.0,8.0,202.0,349.0,334.0,-77.0,-115.0
107.0,25.0,-121.0,74.0,-38.0,166.0,384.0,404.0,-86.0,-98.0
87.0,-214.0,-121.0,41.0,90.0,218.0,347.0,445.0,-80.0,-87.0
57.0,-471.0,-104.0,51.0,53.0,234.0,160.0,219.0,-59.0,-74.0
47.0,-740.0,-110.0,77.0,-64.0,-1.0,-73.0,125.0,-41.0,-81.0
33.0,-610.0,-58.0,112.0,-65.0,-114.0,-215.0,-5.0,-25.0,-123.0
40.0,-749.0,-84.0,123.0,-27.0,114.0,-248.0,-24.0,-29.0,-144.0
16.0,-865.0,-48.0,128.0,-68.0,248.0,-269.0,60.0,-33.0,-189.0
9.0,-650.0,-13.0,181.0,-90.0,204.0,-218.0,-9.0,-22.0,-249.0
1.0,-542.0,-19.0,245.0,-117.0,344.0,-79.0,194.0,-33.0,-280.0
-6.0,-163.0,27.0,261.0,-94.0,632.0,76.0,308.0,-29.0,-307.0
-5.0,-155.0,40.0,280.0,94.0,516.0,144.0,380.0,-26.0,-321.0
10.0,-19.0,71.0,304.0,61.0,48.0,-83.0,421.0,-25.0,-307.0
1.0,395.0,98.0,268.0,-33.0,89.0,-529.0,219.0,3.0,-271.0
-55.0,617.0,131.0,257.0,68.0,352.0,-779.0,64.0,30.0,-231.0
-96.0,869.0,118.0,211.0,76.0,217.0,-566.0,-49.0,64.0,-193.0
-139.0,702.0,126.0,106.0,23.0,128.0,-177.0,-49.0,102.0,-149.0
-161.0,761.0,145.0,44.0,-45.0,299.0,30.0,-72.0,131.0,-101.0
-199.0,938.0,154.0,-24.0,-74.0,436.0,-51.0,86.0,181.0,-64.0
-206.0,701.0,168.0,-24.0,29.0,294.0,-219.0,251.0,237.0,-43.0
-205.0,424.0,130.0,-10.0,-3.0,138.0,-148.0,173.0,266.0,-14.0
-209.0,132.0,141.0,-11.0,-80.0,314.0,162.0,230.0,292.0,-2.0
-201.0,78.0,92.0,-6.0,-30.0,391.0,451.0,73.0,305.0,-7.0
-217.0,-249.0,62.0,-13.0,-22.0,283.0,539.0,44.0,315.0,-21.0
-210.0,-358.0,20.0,13.0,-57.0,245.0,506.0,112.0,317.0,-33.0
-215.0,-80.0,-32.0,6.0,-150.0,245.0,352.0,-83.0,299.0,-45.0
-199.0,-363.0,-4.0,-6.0,-195.0,79.0,3.0,-125.0,306.0,-77.0
-178.0,-264.0,-75.0,-44.0,-43.0,-227.0,-260.0,-229.0,290.0,-82.0
-128.0,-215.0,-74.0,-41.0,79.0,-161.0,-175.0,-199.0,241.0,-72.0
-98.0,-439.0,-34.0,-14.0,57.0,162.0,-22.0,-134.0,177.0,-78.0
-100.0,-313.0,-81.0,-71.0,87.0,191.0,21.0,-66.0,116.0,-77.0
-78.0,-190.0,-90.0,-176.0,98.0,-18.0,0.0,140.0,62.0,-54.0
-72.0,41.0,-57.0,-266.0,142.0,-22.0,-82.0,232.0,3.0,-24.0
-33.0,-222.0,-112.0,-257.0,101.0,149.0,-123.0,269.0,-41.0,-10.0
5.0,-138.0,-127.0,-235.0,-47.0,246.0,-67.0,42.0,-92.0,24.0
70.0,274.0,-94.0,-208.0,119.0,243.0,66.0,-16.0,-114.0,79.0
105.0,-17.0,-154.0,-152.0,114.0,177.0,141.0,42.0,-138.0,113.0
112.0,138.0,-120.0,-130.0,-94.0,43.0,99.0,134.0,-163.0,112.0
120.0,-5.0,-101.0,-123.0,-19.0,-36.0,-43.0,363.0,-165.0,119.0
96.0,-343.0,-131.0,-107.0,4.0,34.0,-34.0,338.0,-162.0,111.0
98.0,-190.0,-133.0,-31.0,5.0,45.0,180.0,360.0,-141.0,74.0
71.0,-170.0,-135.0,0.0,-55.0,-69.0,375.0,279.0,-122.0,59.0
80.0,14.0,-147.0,-54.0,-176.0,-85.0,402.0,181.0,-105.0,53.0
127.0,-253.0,-132.0,-60.0,-36.0,49.0,199.0,127.0,-100.0,36.0
143.0,-357.0,-102.0,-61.0,-60.0,-12.0,153.0,36.0,-82.0,6.0
156.0,-386.0,-99.0,-62.0,-137.0,-181.0,195.0,60.0,-66.0,0.0
151.0,-909.0,-55.0,-44.0,-85.0,-331.0,69.0,12.0,-53.0,-11.0
127.0,-909.0,-58.0,-41.0,-104.0,-333.0,-24.0,48.0,-23.0,-37.0
104.0,-697.0,-48.0,-25.0,80.0,-175.0,-19.0,35.0,-18.0,-59.0
91.0,-277.0,-23.0,15.0,16.0,-235.0,75.0,134.0,-20.0,-61.0
95.0,-57.0,-10.0,19.0,-169.0,-211.0,190.0,325.0,-4.0,-43.0
104.0,-78.0,-18.0,22.0,70.0,-187.0,240.0,343.0,15.0,-40.0
89.0,285.0,-16.0,22.0,97.0,-272.0,184.0,386.0,2.0,-18.0
78.0,578.0,2.0,-34.0,-10.0,-178.0,216.0,275.0,-7.0,0.0
53.0,823.0,-23.0,-12.0,4.0,-113.0,319.0,171.0,-28.0,6.0
27.0,540.0,0.0,90.0,-82.0,-140.0,292.0,-20.0,-52.0,-1.0
16.0,257.0,-2.0,129.0,104.0,-280.0,250.0,-236.0,-50.0,-22.0
-4.0,519.0,19.0,62.0,114.0,-335.0,96.0,-173.0,-59.0,-41.0
-6.0,48.0,41.0,39.0,-224.0,-43.0,-201.0,-101.0,-53.0,-72.0
-14.0,-240.0,63.0,130.0,-103.0,213.0,-319.0,57.0,-67.0,-97.0
-33.0,23.0,61.0,154.0,84.0,114.0,-189.0,46.0,-73.0,-117.0
-55.0,-71.0,-16.0,75.0,24.0,-66.0,-105.0,53.0,-60.0,-109.0
-69.0,-111.0,5.0,33.0,-15.0,-158.0,-296.0,181.0,-76.0,-105.0
-60.0,158.0,-14.0,24.0,-63.0,-312.0,-587.0,136.0,-94.0,-100.0
-67.0,419.0,-13.0,-38.0,77.0,-358.0,-589.0,181.0,-105.0,-59.0
-107.0,-14.0,-7.0,-24.0,103.0,-58.0,-527.0,25.0,-108.0,-24.0
-142.0,130.0,-38.0,-52.0,-142.0,239.0,-602.0,-81.0,-113.0,0.0
-160.0,352.0,-12.0,-163.0,-41.0,191.0,-526.0,-138.0,-109.0,19.0
-180.0,-307.0,-79.0,-143.0,114.0,93.0,-448.0,-199.0,-125.0,44.0
-171.0,-160.0,-68.0,-124.0,51.0,135.0,-434.0,-14.0,-140.0,57.0
-142.0,-215.0,-49.0,-75.0,-10.0,100.0,-263.0,99.0,-144.0,73.0
-123.0,-390.0,-60.0,-81.0,-255.0,-225.0,-42.0,362.0,-138.0,102.0
-111.0,-110.0,-15.0,-82.0,-198.0,-308.0,25.0,469.0,-100.0,124.0
-107.0,-255.0,-17.0,-27.0,95.0,-6.0,13.0,412.0,-87.0,145.0
-119.0,-171.0,18.0,-75.0,-127.0,-69.0,100.0,282.0,-73.0,155.0
-119.0,-107.0,51.0,-85.0,-152.0,-273.0,476.0,94.0,-64.0,172.0
-88.0,-246.0,59.0,-134.0,124.0,-279.0,958.0,136.0,-46.0,185.0
-56.0,-123.0,55.0,-100.0,98.0,84.0,1210.0,27.0,-19.0,178.0
-9.0,-86.0,80.0,-39.0,112.0,202.0,1255.0,24.0,9.0,165.0
24.0,-302.0,91.0,-63.0,-32.0,-117.0,1169.0,18.0,38.0,168.0
49.0,-146.0,80.0,-37.0,-42.0,0.0,1166.0,-57.0,35.0,166.0
66.0,175.0,85.0,46.0,220.0,-35.0,1064.0,5.0,58.0,145.0
83.0,-156.0,54.0,44.0,3.0,-271.0,693.0,7.0,74.0,147.0
128.0,-169.0,76.0,-40.0,-154.0,-168.0,364.0,218.0,54.0,129.0
139.0,208.0,75.0,-31.0,29.0,79.0,171.0,371.0,29.0,92.0
130.0,-18.0,60.0,-65.0,98.0,220.0,23.0,260.0,0.0,78.0
115.0,-156.0,43.0,-31.0,96.0,110.0,-92.0,3.0,-18.0,62.0
110.0,-113.0,-11.0,-76.0,8.0,45.0,-224.0,-277.0,-35.0,42.0
121.0,-166.0,-51.0,-162.0,-42.0,66.0,-436.0,-410.0,-50.0,17.0
143.0,-65.0,-51.0,-158.0,127.0,4.0,-356.0,-461.0,-44.0,3.0
168.0,75.0,-63.0,-215.0,124.0,116.0,100.0,-253.0,-21.0,-10.0
163.0,215.0,-91.0,-138.0,8.0,393.0,338.0,-55.0,-2.0,-41.0
141.0,292.0,-90.0,-83.0,32.0,456.0,-27.0,-11.0,20.0,-68.0
116.0,477.0,-102.0,-111.0,109.0,290.0,-755.0,79.0,25.0,-92.0
114.0,691.0,-84.0,-193.0,236.0,214.0,-1123.0,49.0,31.0,-107.0
90.0,479.0,-103.0,-156.0,70.0,235.0,-529.0,118.0,44.0,-125.0
57.0,432.0,-87.0,-45.0,-137.0,150.0,363.0,131.0,51.0,-128.0
38.0,586.0,-83.0,3.0,-5.0,240.0,476.0,20.0,66.0,-122.0
35.0,317.0,-118.0,72.0,52.0,462.0,-4.0,125.0,82.0,-136.0
39.0,174.0,-98.0,51.0,-47.0,468.0,-273.0,273.0,97.0,-131.0
-5.0,114.0,-124.0,93.0,-42.0,404.0,32.0,452.0,80.0,-108.0
-36.0,273.0,-112.0,188.0,12.0,410.0,494.0,460.0,67.0,-92.0
-62.0,409.0,-116.0,200.0,126.0,340.0,759.0,393.0,74.0,-79.0
-84.0,-9.0,-133.0,129.0,129.0,250.0,782.0,315.0,73.0,-33.0
-70.0,-205.0,-158.0,105.0,-167.0,412.0,721.0,206.0,82.0,10.0
-43.0,-165.0,-184.0,76.0,-116.0,675.0,773.0,225.0,63.0,33.0
-12.0,-191.0,-182.0,42.0,71.0,757.0,780.0,92.0,57.0,66.0
-37.0,-615.0,-218.0,24.0,-47.0,448.0,598.0,107.0,88.0,106.0
-64.0,-733.0,-214.0,-55.0,-32.0,93.0,218.0,116.0,90.0,128.0
-51.0,-151.0,-223.0,-98.0,-56.0,181.0,112.0,127.0,83.0,122.0
-59.0,134.0,-206.0,-128.0,-22.0,305.0,307.0,144.0,98.0,130.0
-69.0,265.0,-197.0,-146.0,124.0,215.0,364.0,-51.0,104.0,120.0
-49.0,232.0,-188.0,-164.0,-80.0,143.0,202.0,-133.0,103.0,102.0
-26.0,168.0,-154.0,-134.0,-161.0,132.0,-169.0,-375.0,115.0,79.0
-42.0,273.0,-129.0,-68.0,105.0,13.0,-266.0,-491.0,104.0,70.0
-51.0,312.0,-73.0,0.0,92.0,-192.0,196.0,-336.0,109.0,76.0
-25.0,139.0,-43.0,-10.0,-38.0,-191.0,696.0,35.0,116.0,53.0
-24.0,-10.0,8.0,-77.0,-7.0,113.0,584.0,406.0,96.0,53.0
-11.0,273.0,51.0,-92.0,-6.0,333.0,63.0,482.0,105.0,39.0
-7.0,322.0,60.0,-87.0,68.0,-26.0,-151.0,593.0,82.0,16.0
-10.0,-5.0,67.0,-41.0,14.0,-193.0,29.0,467.0,45.0,12.0
-19.0,-295.0,59.0,-62.0,-186.0,43.0,222.0,382.0,27.0,18.0
-42.0,-166.0,82.0,-39.0,-89.0,-148.0,166.0,223.0,13.0,38.0
-36.0,-257.0,115.0,1.0,94.0,-181.0,-79.0,-62.0,11.0,48.0
-29.0,-671.0,147.0,-11.0,1.0,204.0,-352.0,-72.0,3.0,81.0
5.0,-327.0,160.0,31.0,-96.0,443.0,-339.0,-81.0,20.0,135.0
30.0,-40.0,135.0,-2.0,33.0,50.0,-6.0,46.0,43.0,173.0
44.0,-25.0,157.0,3.0,30.0,-101.0,221.0,-49.0,64.0,220.0
37.0,154.0,149.0,10.0,-139.0,569.0,261.0,-260.0,64.0,278.0
20.0,146.0,153.0,-28.0,-139.0,655.0,314.0,-297.0,75.0,318.0
45.0,-116.0,198.0,20.0,-68.0,139.0,235.0,-319.0,97.0,360.0
73.0,-475.0,175.0,56.0,-54.0,-41.0,129.0,-181.0,102.0,401.0
104.0,-643.0,167.0,64.0,-2.0,304.0,347.0,-92.0,136.0,419.0
116.0,-410.0,135.0,37.0,-13.0,384.0,550.0,110.0,149.0,419.0
142.0,-308.0,108.0,60.0,-93.0,127.0,602.0,247.0,144.0,411.0
144.0,-247.0,76.0,89.0,69.0,244.0,660.0,254.0,136.0,395.0
123.0,333.0,23.0,76.0,117.0,595.0,535.0,352.0,124.0,369.0
116.0,574.0,-7.0,102.0,-138.0,611.0,132.0,388.0,121.0,328.0
120.0,576.0,-51.0,86.0,-57.0,232.0,-327.0,559.0,96.0,286.0
147.0,835.0,-100.0,66.0,125.0,89.0,-403.0,467.0,63.0,257.0
156.0,692.0,-127.0,32.0,134.0,-28.0,-88.0,232.0,21.0,233.0
181.0,365.0,-123.0,3.0,129.0,-10.0,175.0,153.0,-14.0,209.0
191.0,603.0,-157.0,-22.0,38.0,169.0,201.0,29.0,-30.0,200.0
191.0,484.0,-167.0,-37.0,175.0,126.0,-8.0,129.0,-45.0,203.0
174.0,62.0,-134.0,-43.0,257.0,85.0,-366.0,186.0,-59.0,201.0
144.0,385.0,-154.0,-80.0,-91.0,112.0,-470.0,175.0,-75.0,208.0
127.0,458.0,-150.0,-86.0,-182.0,179.0,-175.0,83.0,-85.0,213.0
99.0,67.0,-117.0,-34.0,74.0,126.0,141.0,-84.0,-83.0,204.0
93.0,40.0,-151.0,-26.0,92.0,133.0,137.0,-105.0,-55.0,193.0
83.0,314.0,-141.0,-83.0,-4.0,187.0,10.0,-140.0,-22.0,187.0
68.0,413.0,-154.0,-91.0,-66.0,46.0,66.0,-68.0,-14.0,178.0
63.0,239.0,-176.0,-109.0,-69.0,-70.0,44.0,-3.0,9.0,171.0
65.0,-199.0,-143.0,-100.0,42.0,111.0,-154.0,125.0,36.0,173.0
62.0,-581.0,-139.0,-122.0,-52.0,184.0,-411.0,223.0,60.0,175.0
50.0,-584.0,-87.0,-133.0,-192.0,27.0,-550.0,149.0,89.0,192.0
36.0,-521.0,-57.0,-77.0,-94.0,59.0,-485.0,86.0,105.0,198.0
28.0,-770.0,-46.0,-86.0,47.0,75.0,-476.0,-164.0,122.0,204.0
40.0,-551.0,-40.0,-126.0,-17.0,143.0,-627.0,-223.0,154.0,233.0
60.0,-39.0,-36.0,-103.0,-97.0,171.0,-783.0,-147.0,187.0,246.0
55.0,-258.0,-8.0,-20.0,-53.0,112.0,-659.0,-38.0,211.0,276.0
30.0,-145.0,-2.0,6.0,-44.0,37.0,-269.0,140.0,261.0,315.0
17.0,-134.0,-6.0,7.0,22.0,31.0,-11.0,81.0,283.0,350.0
0.0,-130.0,-7.0,-55.0,-44.0,303.0,-76.0,131.0,285.0,384.0
-41.0,103.0,25.0,-58.0,-106.0,131.0,-146.0,131.0,289.0,396.0
-68.0,-235.0,-12.0,-62.0,84.0,-111.0,-79.0,166.0,282.0,399.0
-61.0,-432.0,-22.0,-72.0,171.0,0.0,-31.0,186.0,292.0,373.0
-56.0,-359.0,-5.0,38.0,-4.0,45.0,-5.0,144.0,276.0,318.0
-77.0,-42.0,-42.0,0.0,-68.0,163.0,58.0,277.0,267.0,265.0
-108.0,-328.0,-18.0,-73.0,122.0,132.0,235.0,186.0,258.0,205.0
-143.0,-604.0,-56.0,-38.0,169.0,166.0,267.0,245.0,223.0,139.0
-177.0,8.0,-54.0,-29.0,10.0,192.0,-3.0,317.0,201.0,78.0
-181.0,190.0,-55.0,-67.0,-86.0,110.0,-193.0,314.0,161.0,30.0
-135.0,0.0,-81.0,-52.0,20.0,176.0,-1.0,345.0,123.0,-9.0
-68.0,198.0,-66.0,-44.0,95.0,-9.0,329.0,260.0,102.0,-64.0
-60.0,571.0,-111.0,-42.0,-14.0,-166.0,444.0,376.0,83.0,-114.0
-69.0,721.0,-72.0,-1.0,-137.0,-67.0,408.0,365.0,55.0,-147.0
-79.0,596.0,-65.0,5.0,12.0,124.0,188.0,295.0,35.0,-184.0
-83.0,560.0,-26.0,18.0,178.0,143.0,-183.0,153.0,18.0,-199.0
-75.0,721.0,2.0,37.0,-5.0,-123.0,-362.0,20.0,-7.0,-218.0
-88.0,710.0,-58.0,33.0,-15.0,6.0,-288.0,36.0,-27.0,-229.0
-51.0,690.0,-5.0,-55.0,87.0,357.0,-210.0,-90.0,-38.0,-218.0
7.0,648.0,16.0,-111.0,64.0,342.0,-236.0,-70.0,-27.0,-222.0
67.0,694.0,14.0,-41.0,124.0,64.0,-293.0,-133.0,-38.0,-236.0
90.0,719.0,46.0,1.0,12.0,35.0,-318.0,-149.0,-38.0,-259.0
113.0,392.0,57.0,0.0,-17.0,148.0,-297.0,-25.0,-8.0,-269.0
109.0,-43.0,72.0,55.0,230.0,-83.0,-381.0,-57.0,10.0,-286.0
82.0,-348.0,103.0,45.0,112.0,-24.0,-502.0,72.0,24.0,-303.0
86.0,-433.0,114.0,38.0,-110.0,177.0,-359.0,151.0,28.0,-311.0
102.0,-753.0,129.0,105.0,20.0,62.0,5.0,284.0,31.0,-331.0
139.0,-882.0,179.0,109.0,94.0,-56.0,152.0,402.0,40.0,-329.0
136.0,-779.0,196.0,138.0,74.0,-45.0,-133.0,380.0,40.0,-312.0
168.0,-809.0,203.0,103.0,11.0,145.0,-408.0,441.0,31.0,-284.0
209.0,-658.0,234.0,68.0,-73.0,164.0,-236.0,321.0,32.0,-247.0
251.0,-535.0,224.0,51.0,21.0,-16.0,186.0,279.0,31.0,-196.0
260.0,-207.0,228.0,-64.0,81.0,-49.0,333.0,125.0,37.0,-127.0
248.0,83.0,239.0,-56.0,-75.0,21.0,24.0,-112.0,43.0,-51.0
258.0,-123.0,242.0,-42.0,-83.0,-144.0,-465.0,-293.0,31.0,18.0
252.0,90.0,224.0,-111.0,89.0,-327.0,-730.0,-524.0,22.0,77.0
281.0,606.0,211.0,-96.0,53.0,-270.0,-691.0,-439.0,4.0,135.0
273.0,480.0,218.0,-62.0,-68.0,-193.0,-562.0,-308.0,-9.0,164.0
286.0,246.0,171.0,-11.0,-80.0,-237.0,-389.0,62.0,-11.0,184.0
270.0,283.0,176.0,6.0,3.0,-414.0,-135.0,413.0,-20.0,210.0
252.0,350.0,143.0,-53.0,136.0,-270.0,14.0,484.0,-25.0,226.0
237.0,262.0,152.0,-88.0,121.0,27.0,-103.0,517.0,-37.0,243.0
198.0,251.0,170.0,-90.0,30.0,-38.0,-165.0,277.0,-37.0,290.0
168.0,282.0,129.0,-85.0,83.0,-121.0,60.0,109.0,-30.0,333.0
88.0,211.0,71.0,-76.0,158.0,86.0,444.0,-51.0,-39.0,364.0
25.0,259.0,66.0,-58.0,90.0,424.0,766.0,-120.0,-29.0,426.0
-11.0,-167.0,61.0,-8.0,-24.0,442.0,758.0,18.0,-28.0,483.0
1.0,-380.0,-17.0,13.0,-3.0,137.0,529.0,186.0,-29.0,542.0
-24.0,-142.0,40.0,-46.0,-3.0,37.0,440.0,327.0,-22.0,617.0
-53.0,-112.0,-11.0,-34.0,-96.0,-2.0,448.0,308.0,-31.0,674.0
-46.0,-60.0,3.0,47.0,-27.0,-175.0,285.0,402.0,-16.0,711.0
-53.0,-275.0,-8.0,131.0,-44.0,-183.0,72.0,314.0,7.0,755.0
-70.0,-21.0,-76.0,131.0,-126.0,-89.0,1.0,123.0,28.0,797.0
-104.0,534.0,-14.0,89.0,-34.0,-12.0,-146.0,-3.0,74.0,792.0
-75.0,267.0,-46.0,105.0,-66.0,-70.0,-511.0,-197.0,106.0,774.0
-48.0,-112.0,-22.0,57.0,-50.0,-141.0,-712.0,-40.0,119.0,761.0
-27.0,244.0,-24.0,49.0,51.0,-26.0,-585.0,127.0,135.0,702.0
-22.0,522.0,29.0,46.0,-9.0,-16.0,-448.0,227.0,149.0,622.0
3.0,125.0,49.0,45.0,-87.0,-77.0,-468.0,306.0,155.0,540.0
47.0,255.0,82.0,66.0,-34.0,-129.0,-508.0,330.0,157.0,449.0
37.0,577.0,164.0,-3.0,59.0,-135.0,-434.0,424.0,152.0,357.0
45.0,449.0,151.0,-28.0,-30.0,-229.0,-239.0,284.0,140.0,260.0
71.0,445.0,203.0,3.0,-61.0,-338.0,-107.0,227.0,115.0,177.0
91.0,229.0,185.0,56.0,-46.0,-64.0,-268.0,162.0,84.0,97.0
104.0,-83.0,166.0,71.0,-14.0,18.0,-389.0,199.0,75.0,18.0
106.0,-5.0,199.0,73.0,46.0,-276.0,-145.0,362.0,49.0,-46.0
108.0,0.0,192.0,124.0,-72.0,-406.0,177.0,140.0,14.0,-124.0
88.0,-414.0,206.0,116.0,-25.0,-177.0,209.0,0.0,-7.0,-181.0
20.0,-635.0,209.0,102.0,71.0,-83.0,-1.0,-142.0,-36.0,-219.0
6.0,-241.0,199.0,148.0,-15.0,-256.0,-182.0,-151.0,-45.0,-228.0
39.0,-36.0,200.0,242.0,-88.0,-246.0,-305.0,-27.0,-45.0,-194.0
68.0,-342.0,182.0,321.0,5.0,-128.0,-467.0,64.0,-53.0,-159.0
85.0,-195.0,163.0,383.0,47.0,54.0,-522.0,321.0,-65.0,-109.0
83.0,-106.0,165.0,409.0,51.0,16.0,-308.0,319.0,-87.0,-35.0
55.0,-179.0,178.0,398.0,71.0,-191.0,-115.0,275.0,-101.0,64.0
-14.0,37.0,187.0,352.0,-92.0,-233.0,-97.0,179.0,-109.0,152.0
-61.0,-61.0,184.0,290.0,-19.0,-152.0,-210.0,271.0,-112.0,218.0
-108.0,-172.0,175.0,329.0,84.0,46.0,-275.0,478.0,-110.0,299.0
-127.0,-236.0,200.0,290.0,-17.0,90.0,-71.0,363.0,-121.0,375.0
-120.0,-94.0,196.0,173.0,-92.0,20.0,152.0,290.0,-141.0,427.0
-83.0,132.0,207.0,138.0,-28.0,125.0,179.0,88.0,-161.0,446.0
-56.0,465.0,249.0,134.0,106.0,256.0,52.0,9.0,-168.0,448.0
-60.0,729.0,222.0,138.0,79.0,47.0,-60.0,-77.0,-162.0,420.0
-44.0,384.0,238.0,155.0,102.0,-285.0,-84.0,-151.0,-154.0,379.0
-47.0,333.0,244.0,141.0,86.0,-154.0,32.0,22.0,-141.0,345.0
-29.0,320.0,214.0,101.0,75.0,-8.0,206.0,136.0,-141.0,288.0
-22.0,-106.0,254.0,48.0,114.0,-108.0,251.0,375.0,-136.0,216.0
0.0,-228.0,256.0,6.0,41.0,-23.0,255.0,491.0,-129.0,151.0
15.0,-151.0,218.0,39.0,65.0,68.0,194.0,750.0,-133.0,109.0
24.0,-159.0,232.0,-10.0,100.0,227.0,49.0,977.0,-121.0,54.0
36.0,-86.0,211.0,-34.0,46.0,311.0,-54.0,713.0,-109.0,-11.0
34.0,25.0,217.0,-23.0,57.0,265.0,-68.0,356.0,-97.0,-65.0
41.0,160.0,228.0,-53.0,54.0,212.0,-70.0,-116.0,-89.0,-114.0
19.0,182.0,185.0,-29.0,-52.0,50.0,-159.0,-260.0,-80.0,-175.0
11.0,83.0,179.0,-121.0,-27.0,40.0,-195.0,-229.0,-69.0,-232.0
-10.0,-203.0,160.0,-217.0,-51.0,137.0,-29.0,-303.0,-61.0,-290.0
-3.0,-414.0,174.0,-224.0,-202.0,330.0,134.0,-129.0,-44.0,-367.0
15.0,-140.0,154.0,-149.0,-64.0,349.0,154.0,33.0,-13.0,-433.0
15.0,47.0,174.0,-81.0,1.0,244.0,199.0,256.0,28.0,-503.0
20.0,-186.0,203.0,-50.0,-153.0,251.0,269.0,389.0,36.0,-550.0
-14.0,-283.0,187.0,15.0,-117.0,162.0,236.0,469.0,40.0,-579.0
-60.0,173.0,221.0,-2.0,-48.0,164.0,134.0,606.0,63.0,-595.0
-113.0,76.0,190.0,-30.0,-72.0,262.0,20.0,498.0,47.0,-553.0
-126.0,-441.0,176.0,-35.0,-139.0,337.0,-91.0,164.0,36.0,-496.0
-122.0,-367.0,170.0,-44.0,-84.0,305.0,-130.0,-412.0,37.0,-437.0
-114.0,-289.0,151.0,-43.0,0.0,214.0,-51.0,-788.0,48.0,-359.0
-81.0,-48.0,142.0,6.0,-64.0,146.0,77.0,-825.0,66.0,-235.0
-44.0,79.0,124.0,31.0,-65.0,174.0,141.0,-558.0,67.0,-93.0
-35.0,-113.0,105.0,14.0,-55.0,156.0,91.0,-129.0,76.0,35.0
-75.0,-18.0,70.0,60.0,13.0,87.0,3.0,155.0,69.0,177.0
-131.0,21.0,87.0,60.0,46.0,166.0,-6.0,543.0,59.0,327.0
-162.0,-197.0,36.0,24.0,-12.0,218.0,103.0,679.0,49.0,457.0
-159.0,-517.0,-9.0,43.0,-29.0,78.0,228.0,650.0,36.0,553.0
-133.0,-513.0,6.0,15.0,12.0,33.0,277.0,642.0,7.0,622.0
-85.0,-357.0,-18.0,-6.0,73.0,335.0,156.0,513.0,-12.0,666.0
-37.0,-224.0,8.0,-9.0,68.0,314.0,-89.0,343.0,-28.0,662.0
9.0,60.0,19.0,-47.0,90.0,190.0,-367.0,-60.0,-79.0,638.0
16.0,34.0,37.0,-48.0,42.0,390.0,-716.0,-354.0,-110.0,613.0
13.0,441.0,87.0,-69.0,134.0,431.0,-897.0,-424.0,-132.0,542.0
29.0,782.0,116.0,-44.0,147.0,252.0,-813.0,-354.0,-172.0,461.0
44.0,210.0,175.0,-46.0,-34.0,44.0,-620.0,-288.0,-188.0,401.0
43.0,220.0,188.0,-20.0,10.0,158.0,-491.0,-208.0,-185.0,345.0
37.0,336.0,216.0,117.0,16.0,298.0,-479.0,144.0,-190.0,270.0
51.0,166.0,247.0,137.0,-5.0,114.0,-475.0,363.0,-154.0,185.0
45.0,-11.0,247.0,131.0,4.0,47.0,-537.0,659.0,-116.0,145.0
38.0,-201.0,285.0,221.0,-53.0,200.0,-448.0,831.0,-95.0,105.0
42.0,-25.0,265.0,304.0,-18.0,81.0,-169.0,609.0,-34.0,44.0
108.0,-317.0,240.0,287.0,15.0,-135.0,45.0,315.0,0.0,-19.0
162.0,-220.0,277.0,214.0,-108.0,13.0,236.0,-315.0,25.0,-75.0
176.0,-26.0,245.0,172.0,-131.0,298.0,377.0,-881.0,64.0,-134.0
183.0,-162.0,240.0,163.0,-74.0,308.0,384.0,-1228.0,85.0,-227.0
184.0,350.0,281.0,197.0,-86.0,41.0,336.0,-1232.0,108.0,-311.0
165.0,240.0,234.0,141.0,-7.0,50.0,383.0,-820.0,114.0,-396.0
131.0,-29.0,287.0,100.0,-81.0,262.0,449.0,-249.0,109.0,-490.0
148.0,166.0,291.0,149.0,-97.0,205.0,407.0,533.0,88.0,-570.0
146.0,-19.0,241.0,74.0,63.0,114.0,206.0,842.0,46.0,-614.0
165.0,-216.0,283.0,59.0,0.0,295.0,-46.0,905.0,25.0,-637.0
163.0,-162.0,220.0,134.0,6.0,486.0,-155.0,857.0,5.0,-675.0
132.0,-44.0,227.0,199.0,54.0,423.0,-97.0,552.0,-22.0,-673.0
120.0,-114.0,201.0,205.0,18.0,217.0,-18.0,314.0,-43.0,-643.0
100.0,-382.0,156.0,107.0,44.0,234.0,-36.0,-86.0,-57.0,-610.0
85.0,-61.0,182.0,103.0,2.0,459.0,-72.0,-365.0,-72.0,-572.0
62.0,38.0,118.0,95.0,-17.0,397.0,-181.0,-502.0,-77.0,-524.0
63.0,-295.0,111.0,88.0,9.0,232.0,-363.0,-530.0,-69.0,-463.0
71.0,-240.0,62.0,132.0,-1.0,280.0,-470.0,-546.0,-89.0,-424.0
58.0,-437.0,40.0,96.0,-1.0,271.0,-478.0,-537.0,-87.0,-385.0
18.0,-319.0,11.0,19.0,52.0,127.0,-517.0,-391.0,-76.0,-336.0
-5.0,-175.0,-50.0,-20.0,14.0,110.0,-665.0,-334.0,-71.0,-288.0
-19.0,-171.0,-78.0,4.0,-31.0,59.0,-857.0,-1.0,-49.0,-244.0
-16.0,-200.0,-118.0,5.0,28.0,-60.0,-966.0,147.0,-39.0,-187.0
3.0,-191.0,-118.0,-30.0,5.0,88.0,-866.0,-25.0,-9.0,-128.0
18.0,29.0,-173.0,-44.0,-15.0,336.0,-618.0,-195.0,-11.0,-101.0
33.0,-181.0,-165.0,-60.0,-23.0,404.0,-286.0,-506.0,-7.0,-82.0
30.0,230.0,-197.0,-44.0,-44.0,270.0,1.0,-480.0,21.0,-61.0
34.0,617.0,-207.0,13.0,-14.0,242.0,143.0,-315.0,31.0,-60.0
37.0,528.0,-159.0,32.0,18.0,258.0,104.0,-123.0,72.0,-78.0
53.0,426.0,-199.0,83.0,63.0,83.0,-38.0,147.0,88.0,-82.0
26.0,249.0,-154.0,152.0,56.0,-6.0,-99.0,275.0,103.0,-68.0
-12.0,540.0,-154.0,165.0,23.0,-22.0,-33.0,495.0,144.0,-62.0
0.0,565.0,-161.0,162.0,29.0,-156.0,132.0,509.0,152.0,-53.0
-14.0,338.0,-114.0,121.0,13.0,-144.0,233.0,389.0,148.0,-33.0
-32.0,259.0,-103.0,96.0,-37.0,78.0,166.0,112.0,163.0,-10.0
-50.0,327.0,-95.0,82.0,-14.0,402.0,-3.0,-279.0,169.0,11.0
-63.0,625.0,-89.0,85.0,73.0,479.0,-52.0,-413.0,141.0,15.0
-71.0,448.0,-65.0,68.0,61.0,167.0,115.0,-489.0,126.0,39.0
-124.0,136.0,-54.0,6.0,2.0,198.0,274.0,-384.0,111.0,56.0
-162.0,305.0,-2.0,-58.0,21.0,200.0,279.0,-229.0,72.0,30.0
-161.0,269.0,13.0,-134.0,88.0,71.0,278.0,-5.0,44.0,31.0
-147.0,-132.0,6.0,-148.0,39.0,152.0,447.0,153.0,15.0,16.0
-167.0,-382.0,78.0,-131.0,-9.0,118.0,587.0,72.0,-17.0,-25.0
-183.0,-59.0,63.0,-26.0,0.0,142.0,498.0,-49.0,-55.0,-60.0
-205.0,-92.0,56.0,13.0,-6.0,148.0,307.0,-264.0,-83.0,-82.0
-230.0,-557.0,70.0,-22.0,53.0,269.0,207.0,-195.0,-98.0,-97.0
-205.0,-505.0,43.0,2.0,-52.0,252.0,185.0,-136.0,-121.0,-142.0
-184.0,-651.0,75.0,-62.0,-93.0,79.0,22.0,-249.0,-126.0,-161.0
-118.0,-352.0,73.0,-118.0,-32.0,223.0,-236.0,-460.0,-133.0,-162.0
-90.0,191.0,76.0,-111.0,-94.0,348.0,-301.0,-801.0,-158.0,-186.0
-95.0,44.0,90.0,-124.0,-111.0,257.0,-206.0,-820.0,-169.0,-202.0
-118.0,185.0,60.0,-132.0,-105.0,142.0,-114.0,-737.0,-169.0,-213.0
-138.0,521.0,59.0,-116.0,-53.0,340.0,-39.0,-469.0,-162.0,-213.0
-109.0,532.0,48.0,-85.0,-26.0,433.0,25.0,-147.0,-146.0,-214.0
-97.0,400.0,58.0,-58.0,43.0,71.0,67.0,31.0,-116.0,-223.0
-46.0,241.0,65.0,-48.0,-42.0,-158.0,-13.0,238.0,-80.0,-207.0
-9.0,-32.0,46.0,-9.0,-81.0,-38.0,-137.0,134.0,-58.0,-200.0
30.0,-126.0,74.0,-41.0,50.0,198.0,-253.0,48.0,-54.0,-214.0
46.0,-290.0,40.0,-91.0,-98.0,325.0,-350.0,-27.0,-29.0,-209.0
64.0,-323.0,54.0,7.0,-134.0,261.0,-350.0,-133.0,1.0,-191.0
54.0,-24.0,87.0,14.0,-80.0,205.0,-277.0,-116.0,17.0,-178.0
16.0,-212.0,18.0,-7.0,-32.0,221.0,-195.0,-229.0,51.0,-165.0
37.0,-487.0,31.0,57.0,38.0,156.0,-180.0,-240.0,104.0,-109.0
56.0,-444.0,12.0,91.0,43.0,-51.0,-124.0,-275.0,159.0,-41.0
101.0,-307.0,-4.0,140.0,71.0,-74.0,-5.0,-123.0,195.0,-15.0
107.0,-285.0,-7.0,153.0,79.0,266.0,93.0,-36.0,212.0,18.0
93.0,-57.0,-18.0,149.0,121.0,330.0,68.0,-367.0,229.0,58.0
79.0,-119.0,-12.0,151.0,5.0,56.0,-10.0,-602.0,241.0,55.0
73.0,-307.0,-43.0,86.0,31.0,71.0,7.0,-866.0,236.0,49.0
35.0,114.0,8.0,61.0,128.0,363.0,24.0,-818.0,218.0,38.0
-11.0,-8.0,-39.0,40.0,21.0,387.0,-44.0,-582.0,201.0,13.0
-38.0,-226.0,-69.0,-64.0,105.0,39.0,-164.0,-314.0,186.0,-3.0
-70.0,-60.0,-35.0,-48.0,90.0,28.0,-105.0,234.0,146.0,-23.0
-87.0,-206.0,-71.0,34.0,-14.0,127.0,61.0,515.0,104.0,-29.0
-109.0,-143.0,-32.0,51.0,27.0,-36.0,209.0,558.0,78.0,-36.0
-90.0,195.0,-45.0,-11.0,-107.0,29.0,230.0,253.0,33.0,-49.0
-106.0,66.0,-16.0,-61.0,-160.0,118.0,74.0,-151.0,-2.0,-56.0
-118.0,95.0,47.0,-58.0,-52.0,68.0,30.0,-415.0,-30.0,-65.0
-107.0,164.0,14.0,-75.0,-43.0,-89.0,96.0,-820.0,-60.0,-77.0
-98.0,-307.0,57.0,-97.0,-31.0,-31.0,126.0,-1250.0,-82.0,-96.0
-98.0,-334.0,71.0,-139.0,-87.0,100.0,70.0,-1537.0,-108.0,-103.0
-76.0,-88.0,84.0,-166.0,-26.0,-5.0,51.0,-1212.0,-125.0,-105.0
-51.0,-114.0,134.0,-210.0,62.0,146.0,196.0,-618.0,-137.0,-103.0
-90.0,-359.0,147.0,-166.0,13.0,375.0,329.0,-105.0,-131.0,-84.0
-127.0,-336.0,179.0,-146.0,0.0,459.0,216.0,306.0,-112.0,-63.0
-183.0,-238.0,161.0,-110.0,0.0,262.0,-62.0,415.0,-72.0,-44.0
-191.0,-499.0,170.0,-69.0,29.0,131.0,-127.0,467.0,-49.0,-18.0
-179.0,-32.0,165.0,-128.0,24.0,177.0,70.0,267.0,-32.0,13.0
-137.0,228.0,150.0,-54.0,-24.0,98.0,227.0,-116.0,-1.0,26.0
-83.0,-68.0,165.0,-28.0,-67.0,95.0,197.0,-319.0,6.0,43.0
-85.0,226.0,157.0,8.0,6.0,2.0,223.0,-297.0,36.0,63.0
-90.0,346.0,145.0,107.0,-40.0,-58.0,470.0,-236.0,51.0,84.0
-84.0,537.0,59.0,168.0,-33.0,-56.0,648.0,-205.0,70.0,83.0
-65.0,610.0,71.0,209.0,115.0,-56.0,532.0,-7.0,94.0,53.0
-61.0,451.0,41.0,234.0,-51.0,-131.0,351.0,103.0,88.0,48.0
-61.0,570.0,-1.0,245.0,-37.0,-179.0,197.0,190.0,98.0,26.0
-67.0,340.0,36.0,213.0,110.0,48.0,15.0,238.0,119.0,2.0
-83.0,243.0,-17.0,150.0,60.0,233.0,-67.0,182.0,123.0,-12.0
-79.0,305.0,0.0,75.0,159.0,121.0,-116.0,153.0,118.0,-41.0
-83.0,212.0,-15.0,140.0,160.0,-118.0,-64.0,-190.0,124.0,-54.0
-95.0,23.0,-33.0,100.0,-18.0,-146.0,98.0,-604.0,80.0,-70.0
-47.0,-55.0,-38.0,27.0,76.0,-291.0,12.0,-938.0,24.0,-77.0
-9.0,74.0,-71.0,70.0,53.0,-490.0,-289.0,-1034.0,-16.0,-97.0
19.0,-435.0,-34.0,36.0,-66.0,-313.0,-514.0,-777.0,-57.0,-123.0
29.0,-671.0,-47.0,12.0,18.0,-41.0,-578.0,-504.0,-82.0,-128.0
24.0,-218.0,-62.0,42.0,-72.0,18.0,-445.0,-1.0,-144.0,-144.0
23.0,-346.0,-22.0,100.0,10.0,-158.0,-299.0,336.0,-177.0,-169.0
3.0,-564.0,-19.0,56.0,62.0,-226.0,-204.0,546.0,-208.0,-220.0
24.0,-420.0,-35.0,35.0,-71.0,-267.0,40.0,667.0,-261.0,-265.0
9.0,-141.0,-8.0,59.0,63.0,-352.0,172.0,521.0,-281.0,-293.0
-5.0,-125.0,-25.0,52.0,64.0,-163.0,70.0,495.0,-317.0,-333.0
-24.0,-56.0,-35.0,48.0,-75.0,24.0,-131.0,199.0,-326.0,-358.0
-26.0,200.0,-6.0,61.0,-68.0,-2.0,-345.0,-79.0,-307.0,-384.0
-18.0,88.0,-22.0,60.0,-72.0,-127.0,-298.0,-367.0,-287.0,-396.0
-1.0,368.0,-43.0,0.0,-33.0,-223.0,-24.0,-665.0,-246.0,-398.0
44.0,652.0,-42.0,5.0,49.0,-229.0,91.0,-532.0,-204.0,-407.0
87.0,523.0,-70.0,-18.0,17.0,-157.0,9.0,-363.0,-143.0,-395.0
153.0,523.0,-113.0,-41.0,63.0,50.0,-10.0,-188.0,-91.0,-370.0
137.0,575.0,-93.0,-18.0,41.0,217.0,90.0,-240.0,-60.0,-328.0
102.0,430.0,-116.0,16.0,-55.0,81.0,381.0,-245.0,-37.0,-281.0
105.0,25.0,-126.0,84.0,81.0,-125.0,523.0,-181.0,-1.0,-246.0
157.0,-125.0,-130.0,113.0,-16.0,-185.0,436.0,-334.0,24.0,-217.0
186.0,191.0,-148.0,93.0,-122.0,-231.0,462.0,-380.0,34.0,-179.0
201.0,138.0,-110.0,70.0,70.0,-308.0,527.0,-574.0,39.0,-153.0
241.0,-142.0,-148.0,68.0,-13.0,-310.0,623.0,-630.0,26.0,-134.0
217.0,63.0,-161.0,94.0,-26.0,-119.0,624.0,-450.0,29.0,-99.0
183.0,237.0,-156.0,106.0,112.0,27.0,492.0,-77.0,4.0,-87.0
153.0,464.0,-146.0,41.0,49.0,192.0,280.0,391.0,-12.0,-72.0
161.0,181.0,-106.0,1.0,33.0,210.0,61.0,460.0,-19.0,-62.0
149.0,-228.0,-110.0,-14.0,-34.0,-121.0,-74.0,478.0,-38.0,-80.0
138.0,-242.0,-46.0,-101.0,-116.0,-207.0,-113.0,297.0,-25.0,-90.0
133.0,-223.0,-47.0,-199.0,13.0,-49.0,-81.0,42.0,-18.0,-128.0
103.0,39.0,-48.0,-160.0,43.0,140.0,-158.0,-86.0,-8.0,-149.0
74.0,-17.0,6.0,-103.0,-28.0,136.0,-301.0,-399.0,-3.0,-139.0
35.0,242.0,5.0,-157.0,1.0,-35.0,-283.0,-576.0,-3.0,-143.0
9.0,201.0,23.0,-193.0,-35.0,-39.0,-97.0,-759.0,-16.0,-149.0
-22.0,5.0,48.0,-186.0,-28.0,-168.0,-66.0,-818.0,-27.0,-134.0
-28.0,-39.0,61.0,-137.0,35.0,-390.0,-123.0,-739.0,-19.0,-89.0
-42.0,-572.0,51.0,-78.0,25.0,-437.0,-15.0,-532.0,-19.0,-37.0
-54.0,-274.0,83.0,-109.0,4.0,-210.0,201.0,-157.0,-19.0,22.0
-73.0,-156.0,61.0,-154.0,6.0,156.0,324.0,-51.0,-16.0,89.0
-93.0,-813.0,47.0,-162.0,70.0,256.0,184.0,131.0,-35.0,150.0
-98.0,-687.0,64.0,-137.0,94.0,85.0,-95.0,171.0,-67.0,197.0
-104.0,-14.0,8.0,-97.0,73.0,-43.0,-367.0,97.0,-68.0,239.0
-131.0,-111.0,31.0,-127.0,117.0,67.0,-560.0,116.0,-76.0,276.0
-208.0,-196.0,32.0,-140.0,108.0,-70.0,-710.0,-27.0,-74.0,298.0
-210.0,149.0,4.0,-101.0,33.0,-315.0,-717.0,5.0,-62.0,314.0
-162.0,-104.0,-1.0,-70.0,82.0,-188.0,-594.0,-44.0,-66.0,310.0
-118.0,19.0,-41.0,-55.0,38.0,-181.0,-569.0,-116.0,-67.0,309.0
-95.0,475.0,-105.0,5.0,-145.0,-219.0,-646.0,-151.0,-62.0,282.0
-82.0,305.0,-130.0,-10.0,-112.0,-202.0,-717.0,-40.0,-78.0,241.0
-51.0,276.0,-138.0,-92.0,-34.0,7.0,-583.0,127.0,-93.0,219.0
-44.0,249.0,-174.0,-27.0,-55.0,164.0,-262.0,-5.0,-84.0,190.0
-49.0,-42.0,-127.0,-5.0,29.0,-208.0,-20.0,-33.0,-94.0,149.0
-70.0,51.0,-132.0,-8.0,-56.0,-200.0,99.0,-173.0,-95.0,93.0
-65.0,159.0,-158.0,25.0,-142.0,35.0,168.0,-147.0,-99.0,64.0
-18.0,-125.0,-130.0,38.0,17.0,-175.0,230.0,-94.0,-86.0,29.0
29.0,-173.0,-158.0,4.0,-66.0,-387.0,447.0,-284.0,-81.0,-29.0
66.0,109.0,-153.0,-61.0,-123.0,-150.0,841.0,-308.0,-110.0,-75.0
91.0,59.0,-134.0,-55.0,-36.0,283.0,1179.0,-330.0,-126.0,-96.0
126.0,91.0,-169.0,-51.0,-99.0,230.0,1136.0,-94.0,-161.0,-111.0
139.0,16.0,-172.0,-28.0,16.0,-58.0,677.0,70.0,-177.0,-117.0
165.0,13.0,-188.0,-7.0,82.0,-80.0,127.0,243.0,-193.0,-92.0
214.0,162.0,-266.0,-40.0,-141.0,-21.0,-242.0,397.0,-197.0,-82.0
227.0,-207.0,-235.0,-118.0,-100.0,-202.0,-296.0,260.0,-171.0,-60.0
213.0,-307.0,-217.0,-160.0,-7.0,-356.0,-65.0,127.0,-140.0,-47.0
174.0,-386.0,-221.0,-92.0,-201.0,-189.0,216.0,-219.0,-83.0,-49.0
168.0,-130.0,-171.0,-1.0,-252.0,-196.0,292.0,-343.0,-50.0,-34.0
155.0,11.0,-204.0,53.0,-152.0,-389.0,211.0,-415.0,-17.0,-57.0
144.0,-486.0,-210.0,93.0,-2.0,-244.0,2.0,-521.0,5.0,-66.0
173.0,-423.0,-202.0,86.0,9.0,17.0,-300.0,-465.0,15.0,-48.0
184.0,6.0,-178.0,8.0,-126.0,24.0,-420.0,-423.0,51.0,-62.0
177.0,-3.0,-156.0,-22.0,-84.0,-68.0,-350.0,-49.0,44.0,-79.0
102.0,-276.0,-156.0,-1.0,-23.0,112.0,-153.0,256.0,9.0,-87.0
52.0,84.0,-112.0,2.0,-43.0,251.0,107.0,461.0,11.0,-98.0
27.0,168.0,-133.0,20.0,-4.0,10.0,313.0,456.0,6.0,-130.0
12.0,39.0,-173.0,51.0,28.0,-104.0,363.0,177.0,-1.0,-179.0
20.0,181.0,-152.0,-16.0,92.0,-83.0,250.0,7.0,0.0,-221.0
1.0,-109.0,-176.0,-57.0,164.0,68.0,54.0,-203.0,-21.0,-267.0
-12.0,-1.0,-212.0,-32.0,102.0,213.0,-175.0,-120.0,-40.0,-310.0
-33.0,310.0,-183.0,-48.0,77.0,149.0,-337.0,94.0,-56.0,-348.0
-19.0,47.0,-266.0,-50.0,67.0,70.0,-468.0,284.0,-81.0,-380.0
1.0,-211.0,-300.0,-79.0,88.0,-77.0,-477.0,443.0,-111.0,-399.0
-10.0,62.0,-247.0,-54.0,0.0,-37.0,-378.0,354.0,-151.0,-405.0
-67.0,233.0,-305.0,-51.0,-188.0,41.0,-404.0,332.0,-161.0,-380.0
-118.0,-51.0,-261.0,-124.0,-43.0,8.0,-454.0,149.0,-173.0,-351.0
-131.0,-141.0,-213.0,-96.0,99.0,-73.0,-393.0,33.0,-185.0,-328.0
-133.0,-252.0,-269.0,-76.0,-48.0,-135.0,-268.0,46.0,-201.0,-265.0
-117.0,-296.0,-233.0,-109.0,-143.0,17.0,-54.0,-83.0,-210.0,-177.0
-87.0,-298.0,-232.0,-131.0,-40.0,16.0,188.0,-125.0,-201.0,-109.0
-38.0,-435.0,-292.0,-145.0,-73.0,-14.0,379.0,-312.0,-199.0,-43.0
-4.0,-374.0,-216.0,-105.0,-88.0,159.0,617.0,-412.0,-188.0,19.0
-12.0,-552.0,-198.0,-61.0,-93.0,139.0,811.0,-388.0,-181.0,67.0
-49.0,-775.0,-207.0,-28.0,-165.0,3.0,858.0,-242.0,-141.0,94.0
-62.0,-783.0,-153.0,25.0,26.0,89.0,801.0,129.0,-121.0,115.0
-64.0,-452.0,-171.0,83.0,-15.0,114.0,688.0,301.0,-103.0,140.0
-67.0,-148.0,-168.0,48.0,-118.0,-119.0,469.0,334.0,-68.0,134.0
-69.0,-101.0,-189.0,-1.0,19.0,-277.0,235.0,223.0,-64.0,147.0
-66.0,193.0,-185.0,27.0,11.0,-23.0,226.0,162.0,-35.0,172.0
-91.0,101.0,-165.0,48.0,39.0,317.0,314.0,140.0,2.0,181.0
-124.0,-42.0,-158.0,86.0,137.0,187.0,347.0,64.0,20.0,182.0
-133.0,33.0,-139.0,142.0,16.0,63.0,250.0,158.0,38.0,179.0
-147.0,-11.0,-145.0,235.0,26.0,221.0,51.0,140.0,62.0,185.0
-141.0,302.0,-110.0,332.0,182.0,313.0,-100.0,188.0,65.0,168.0
-101.0,305.0,-113.0,291.0,29.0,223.0,-134.0,171.0,91.0,152.0
-41.0,-6.0,-54.0,228.0,-69.0,37.0,-110.0,-24.0,97.0,149.0
-40.0,193.0,-46.0,233.0,17.0,-22.0,-104.0,-184.0,81.0,125.0
-68.0,419.0,-72.0,177.0,88.0,-87.0,-82.0,-419.0,85.0,100.0
-118.0,159.0,-3.0,108.0,16.0,-109.0,-96.0,-469.0,69.0,70.0
-147.0,-136.0,-40.0,107.0,-12.0,-33.0,-118.0,-376.0,55.0,37.0
-149.0,-22.0,4.0,159.0,61.0,-104.0,-98.0,-138.0,22.0,18.0
-146.0,31.0,21.0,131.0,-37.0,-69.0,37.0,90.0,17.0,-3.0
-98.0,-182.0,9.0,93.0,-2.0,-70.0,267.0,271.0,7.0,-23.0
-90.0,-314.0,58.0,110.0,-13.0,-241.0,372.0,497.0,0.0,-16.0
-94.0,-218.0,41.0,41.0,-130.0,-313.0,370.0,504.0,16.0,3.0
-129.0,-195.0,60.0,0.0,32.0,-424.0,368.0,402.0,21.0,29.0
-172.0,-120.0,67.0,-17.0,110.0,-223.0,280.0,5.0,40.0,52.0
-171.0,-203.0,93.0,-13.0,3.0,112.0,69.0,-275.0,50.0,66.0
-143.0,-367.0,98.0,-38.0,24.0,79.0,-82.0,-227.0,60.0,83.0
-124.0,269.0,95.0,-76.0,-35.0,-164.0,-165.0,-105.0,45.0,100.0
-121.0,653.0,111.0,-89.0,-71.0,-274.0,-280.0,147.0,24.0,134.0
-103.0,283.0,121.0,-136.0,12.0,-143.0,-305.0,57.0,23.0,165.0
-110.0,234.0,118.0,-122.0,-142.0,-189.0,-193.0,-192.0,37.0,187.0
-116.0,585.0,129.0,-124.0,-144.0,-121.0,-93.0,-517.0,62.0,201.0
-114.0,242.0,154.0,-131.0,25.0,108.0,0.0,-668.0,72.0,181.0
-123.0,-145.0,118.0,-113.0,-36.0,53.0,100.0,-489.0,82.0,160.0
-135.0,103.0,122.0,-86.0,24.0,-183.0,62.0,-421.0,100.0,118.0
-103.0,-170.0,113.0,-74.0,146.0,-365.0,-32.0,-282.0,97.0,60.0
-34.0,-191.0,90.0,-91.0,50.0,-313.0,-7.0,-319.0,93.0,11.0
26.0,56.0,71.0,-17.0,-28.0,-143.0,181.0,-260.0,88.0,-41.0
25.0,-349.0,54.0,43.0,7.0,-263.0,405.0,-57.0,82.0,-103.0
5.0,-403.0,2.0,22.0,28.0,-417.0,471.0,59.0,102.0,-165.0
0.0,163.0,-59.0,-4.0,16.0,-303.0,387.0,384.0,102.0,-213.0
9.0,8.0,-79.0,41.0,61.0,-284.0,384.0,456.0,117.0,-267.0
20.0,-274.0,-133.0,100.0,85.0,-313.0,490.0,402.0,112.0,-301.0
6.0,194.0,-120.0,38.0,80.0,-156.0,496.0,227.0,76.0,-320.0
50.0,245.0,-87.0,45.0,103.0,190.0,520.0,-83.0,78.0,-325.0
86.0,242.0,-115.0,93.0,59.0,43.0,627.0,-229.0,69.0,-308.0
90.0,334.0,-121.0,55.0,-26.0,-299.0,605.0,-243.0,39.0,-297.0
53.0,188.0,-108.0,89.0,-15.0,-217.0,431.0,12.0,4.0,-267.0
24.0,215.0,-137.0,134.0,5.0,-273.0,400.0,90.0,-13.0,-231.0
36.0,-64.0,-124.0,93.0,-89.0,-335.0,557.0,121.0,-31.0,-196.0
35.0,-465.0,-75.0,71.0,-137.0,-162.0,572.0,64.0,-34.0,-167.0
46.0,-326.0,-98.0,94.0,-59.0,66.0,427.0,-312.0,-38.0,-134.0
51.0,-18.0,-73.0,90.0,0.0,-146.0,228.0,-428.0,-65.0,-82.0
72.0,-31.0,-51.0,60.0,-32.0,-437.0,80.0,-447.0,-68.0,-53.0
65.0,41.0,-47.0,71.0,-185.0,-259.0,-1.0,-299.0,-79.0,-18.0
54.0,292.0,-1.0,113.0,-222.0,-166.0,-144.0,-92.0,-80.0,49.0
1.0,79.0,-13.0,64.0,-82.0,-207.0,-331.0,72.0,-71.0,107.0
-60.0,130.0,35.0,-6.0,-167.0,-188.0,-422.0,221.0,-70.0,131.0
-88.0,424.0,68.0,28.0,-170.0,-35.0,-398.0,149.0,-60.0,160.0
-93.0,304.0,22.0,10.0,-7.0,-91.0,-378.0,262.0,-50.0,179.0
-66.0,431.0,88.0,-67.0,46.0,-338.0,-224.0,330.0,-47.0,155.0
-70.0,244.0,131.0,-62.0,84.0,-241.0,48.0,341.0,-48.0,146.0
-91.0,265.0,134.0,-89.0,-74.0,-140.0,218.0,360.0,-44.0,124.0
-136.0,509.0,166.0,-145.0,-158.0,-225.0,174.0,266.0,-48.0,93.0
-123.0,364.0,183.0,-209.0,-19.0,-250.0,-12.0,121.0,-44.0,63.0
-131.0,280.0,205.0,-216.0,-25.0,-135.0,-113.0,-310.0,-69.0,30.0
-145.0,-123.0,182.0,-169.0,-95.0,-62.0,-82.0,-461.0,-81.0,23.0
-131.0,127.0,186.0,-176.0,13.0,-204.0,-13.0,-380.0,-79.0,0.0
-113.0,259.0,180.0,-104.0,69.0,-200.0,28.0,-256.0,-91.0,-20.0
-79.0,-80.0,151.0,-88.0,69.0,62.0,39.0,18.0,-75.0,-28.0
-106.0,-13.0,165.0,-87.0,28.0,167.0,-29.0,121.0,-89.0,-32.0
-93.0,-148.0,140.0,-40.0,-111.0,31.0,-144.0,356.0,-96.0,-24.0
-80.0,-168.0,88.0,-68.0,-42.0,-149.0,-211.0,611.0,-98.0,-29.0
-44.0,-338.0,92.0,-4.0,35.0,-91.0,-257.0,672.0,-102.0,-21.0
-36.0,-502.0,80.0,101.0,-68.0,28.0,-271.0,532.0,-100.0,-22.0
-10.0,-139.0,61.0,100.0,-149.0,-89.0,-167.0,384.0,-120.0,-40.0
89.0,207.0,95.0,138.0,13.0,-1.0,-32.0,423.0,-100.0,-48.0
138.0,15.0,72.0,217.0,17.0,162.0,63.0,389.0,-88.0,-58.0
162.0,-230.0,50.0,205.0,-185.0,60.0,260.0,450.0,-87.0,-58.0
143.0,-89.0,44.0,220.0,-146.0,-125.0,517.0,303.0,-86.0,-49.0
152.0,222.0,24.0,254.0,-76.0,-118.0,631.0,155.0,-111.0,-36.0
147.0,216.0,48.0,229.0,-64.0,54.0,540.0,120.0,-99.0,-18.0
159.0,-102.0,84.0,195.0,-102.0,3.0,373.0,-184.0,-72.0,-17.0
188.0,1.0,92.0,178.0,-90.0,-83.0,186.0,-384.0,-52.0,3.0
238.0,235.0,89.0,163.0,-84.0,-54.0,-12.0,-539.0,-18.0,33.0
294.0,339.0,84.0,160.0,-7.0,-28.0,-59.0,-378.0,24.0,44.0
283.0,43.0,29.0,145.0,95.0,-208.0,90.0,-107.0,53.0,53.0
273.0,24.0,33.0,159.0,-6.0,-382.0,270.0,-5.0,81.0,67.0
238.0,122.0,46.0,159.0,-65.0,-211.0,283.0,77.0,116.0,92.0
244.0,-203.0,-30.0,121.0,-12.0,-179.0,95.0,-3.0,114.0,95.0
237.0,7.0,-26.0,136.0,128.0,-325.0,-103.0,105.0,129.0,96.0
223.0,-159.0,-45.0,93.0,46.0,-300.0,-109.0,186.0,165.0,100.0
184.0,-95.0,-101.0,51.0,-92.0,-91.0,89.0,254.0,152.0,86.0
135.0,200.0,-70.0,-8.0,39.0,-38.0,354.0,349.0,132.0,71.0
125.0,-288.0,-91.0,10.0,94.0,-163.0,380.0,332.0,134.0,54.0
95.0,-456.0,-101.0,38.0,-22.0,-161.0,155.0,328.0,111.0,55.0
85.0,-236.0,-89.0,-34.0,-46.0,-133.0,20.0,51.0,101.0,33.0
58.0,-52.0,-79.0,-10.0,62.0,-134.0,-4.0,-84.0,108.0,0.0
59.0,-329.0,-81.0,-29.0,28.0,-146.0,42.0,-188.0,65.0,-15.0
53.0,-416.0,-71.0,-80.0,49.0,8.0,121.0,-317.0,54.0,-42.0
63.0,74.0,0.0,-148.0,43.0,141.0,60.0,-16.0,30.0,-82.0
81.0,143.0,6.0,-160.0,-10.0,28.0,-106.0,232.0,-8.0,-111.0
78.0,32.0,63.0,-110.0,105.0,32.0,-235.0,273.0,5.0,-117.0
92.0,533.0,88.0,-63.0,55.0,64.0,-364.0,25.0,-2.0,-112.0
67.0,833.0,57.0,-10.0,-4.0,-23.0,-517.0,-129.0,4.0,-112.0
40.0,525.0,120.0,-30.0,29.0,-128.0,-559.0,118.0,28.0,-119.0
-5.0,358.0,109.0,-69.0,76.0,-114.0,-515.0,432.0,36.0,-103.0
-12.0,300.0,116.0,-87.0,91.0,-39.0,-486.0,716.0,22.0,-77.0
-10.0,272.0,167.0,-93.0,12.0,-45.0,-537.0,567.0,18.0,-69.0
-20.0,-35.0,166.0,-89.0,36.0,-45.0,-727.0,397.0,40.0,-54.0
4.0,-30.0,197.0,-40.0,52.0,-56.0,-861.0,347.0,51.0,-14.0
12.0,-3.0,210.0,-88.0,22.0,-108.0,-765.0,288.0,82.0,19.0
17.0,-139.0,215.0,-174.0,-36.0,-283.0,-583.0,386.0,93.0,54.0
1.0,247.0,206.0,-179.0,-122.0,-335.0,-392.0,295.0,88.0,116.0
-27.0,2.0,228.0,-179.0,-80.0,-290.0,-126.0,160.0,92.0,176.0
-56.0,-171.0,217.0,-159.0,12.0,-374.0,214.0,-97.0,96.0,210.0
-72.0,-21.0,158.0,-179.0,0.0,-407.0,508.0,-341.0,100.0,238.0
-77.0,25.0,186.0,-199.0,-118.0,-499.0,565.0,-561.0,92.0,263.0
-85.0,-134.0,153.0,-162.0,-44.0,-547.0,440.0,-630.0,81.0,260.0
-72.0,-410.0,151.0,-99.0,21.0,-527.0,453.0,-325.0,56.0,231.0
-31.0,-88.0,167.0,-6.0,-76.0,-670.0,663.0,-101.0,51.0,199.0
22.0,-366.0,132.0,-3.0,27.0,-812.0,779.0,199.0,57.0,160.0
67.0,-688.0,158.0,-49.0,55.0,-696.0,662.0,321.0,35.0,109.0
65.0,-636.0,124.0,-4.0,88.0,-446.0,395.0,247.0,13.0,45.0
28.0,-837.0,61.0,-10.0,157.0,-301.0,201.0,280.0,-1.0,0.0
-13.0,-729.0,46.0,-51.0,47.0,-235.0,177.0,338.0,-17.0,-26.0
-37.0,-682.0,31.0,-43.0,76.0,-211.0,79.0,424.0,-39.0,-63.0
-61.0,-775.0,-6.0,-44.0,147.0,-191.0,-46.0,354.0,-46.0,-77.0
-86.0,-609.0,28.0,-41.0,143.0,-200.0,10.0,306.0,-32.0,-63.0
-72.0,-456.0,42.0,-48.0,41.0,-272.0,144.0,144.0,-9.0,-54.0
-66.0,-466.0,23.0,-30.0,26.0,-376.0,235.0,-114.0,1.0,-59.0
-61.0,-283.0,66.0,6.0,120.0,-390.0,249.0,-303.0,10.0,-56.0
-61.0,-60.0,15.0,54.0,46.0,-291.0,245.0,-659.0,40.0,-31.0
-86.0,115.0,24.0,113.0,14.0,-305.0,309.0,-897.0,51.0,-17.0
-102.0,176.0,82.0,89.0,-9.0,-392.0,319.0,-822.0,45.0,-11.0
-106.0,-41.0,67.0,-5.0,18.0,-358.0,91.0,-415.0,59.0,9.0
-76.0,197.0,90.0,-70.0,44.0,-183.0,-219.0,68.0,60.0,33.0
-63.0,447.0,72.0,-69.0,-48.0,0.0,-388.0,356.0,66.0,39.0
-75.0,153.0,71.0,-105.0,-63.0,-138.0,-492.0,561.0,82.0,40.0
-91.0,73.0,117.0,-131.0,-17.0,-366.0,-682.0,644.0,81.0,53.0
-115.0,339.0,135.0,-120.0,49.0,-242.0,-897.0,776.0,80.0,67.0
-126.0,531.0,121.0,-126.0,-49.0,-6.0,-942.0,659.0,82.0,62.0
-112.0,337.0,116.0,-99.0,-106.0,-39.0,-727.0,389.0,69.0,62.0
-70.0,556.0,137.0,-128.0,-2.0,-58.0,-503.0,293.0,64.0,82.0
-20.0,695.0,123.0,-151.0,-9.0,4.0,-568.0,171.0,54.0,80.0
17.0,370.0,115.0,-190.0,-80.0,-221.0,-751.0,230.0,25.0,89.0
33.0,436.0,103.0,-199.0,8.0,-523.0,-838.0,57.0,14.0,110.0
32.0,250.0,105.0,-117.0,41.0,-634.0,-796.0,-262.0,10.0,127.0
12.0,277.0,82.0,-96.0,-41.0,-357.0,-562.0,-448.0,14.0,145.0
-16.0,480.0,26.0,-143.0,81.0,-95.0,-182.0,-615.0,29.0,152.0
-44.0,451.0,37.0,-190.0,-19.0,51.0,199.0,-626.0,33.0,176.0
-65.0,143.0,75.0,-145.0,-76.0,202.0,456.0,-694.0,24.0,172.0
-61.0,-124.0,68.0,-92.0,101.0,101.0,634.0,-541.0,27.0,141.0
-34.0,261.0,30.0,-85.0,0.0,8.0,843.0,-317.0,18.0,115.0
4.0,-25.0,36.0,-103.0,-66.0,-91.0,1118.0,-73.0,-10.0,85.0
4.0,-236.0,47.0,-108.0,-29.0,0.0,1357.0,415.0,-6.0,27.0
-6.0,116.0,39.0,-55.0,22.0,98.0,1403.0,679.0,-2.0,-46.0
4.0,39.0,82.0,17.0,53.0,-79.0,1187.0,916.0,-16.0,-77.0
25.0,53.0,127.0,4.0,-64.0,-106.0,811.0,1173.0,-40.0,-111.0
38.0,65.0,116.0,-49.0,-90.0,51.0,436.0,1147.0,-77.0,-152.0
47.0,30.0,117.0,-51.0,-40.0,189.0,101.0,761.0,-82.0,-161.0
67.0,14.0,93.0,-43.0,-10.0,87.0,-142.0,168.0,-83.0,-166.0
70.0,-80.0,83.0,32.0,62.0,-31.0,-387.0,-426.0,-87.0,-178.0
51.0,-52.0,101.0,51.0,29.0,137.0,-620.0,-1029.0,-81.0,-184.0
15.0,-111.0,108.0,-9.0,47.0,214.0,-757.0,-1091.0,-88.0,-170.0
6.0,-90.0,125.0,-27.0,182.0,216.0,-816.0,-768.0,-97.0,-144.0
24.0,209.0,95.0,0.0,140.0,210.0,-805.0,-524.0,-112.0,-131.0
33.0,21.0,126.0,-7.0,58.0,92.0,-700.0,-321.0,-115.0,-93.0
30.0,-61.0,116.0,-56.0,157.0,66.0,-436.0,-310.0,-104.0,-36.0
8.0,290.0,64.0,-33.0,137.0,108.0,-106.0,-123.0,-88.0,-23.0
1.0,139.0,106.0,-43.0,-2.0,277.0,243.0,112.0,-59.0,-5.0
-28.0,206.0,100.0,-95.0,49.0,202.0,448.0,275.0,-41.0,28.0
-26.0,265.0,110.0,-84.0,63.0,-100.0,462.0,365.0,-32.0,48.0
29.0,-7.0,94.0,-20.0,84.0,-127.0,457.0,230.0,-43.0,65.0
67.0,88.0,77.0,34.0,63.0,24.0,426.0,304.0,-36.0,77.0
58.0,232.0,137.0,6.0,-52.0,101.0,364.0,219.0,-9.0,109.0
18.0,49.0,108.0,-1.0,60.0,-14.0,235.0,-134.0,-15.0,132.0
5.0,-7.0,98.0,-6.0,27.0,-25.0,40.0,-526.0,-17.0,150.0
0.0,410.0,139.0,0.0,-67.0,93.0,-96.0,-731.0,-27.0,181.0
-23.0,332.0,164.0,0.0,16.0,165.0,-158.0,-541.0,-40.0,200.0
-52.0,-103.0,165.0,-41.0,-1.0,226.0,-279.0,-273.0,-40.0,205.0
-67.0,85.0,132.0,15.0,-20.0,144.0,-333.0,-46.0,-56.0,210.0
-65.0,96.0,156.0,13.0,-25.0,-73.0,-217.0,-151.0,-73.0,217.0
-76.0,-159.0,144.0,-18.0,-73.0,-131.0,-82.0,-155.0,-87.0,229.0
-105.0,-207.0,105.0,-34.0,-44.0,52.0,-45.0,68.0,-98.0,243.0
-120.0,-355.0,116.0,-44.0,43.0,186.0,-121.0,247.0,-92.0,243.0
-147.0,-33.0,113.0,-50.0,14.0,-17.0,-122.0,461.0,-100.0,256.0
-143.0,238.0,96.0,-77.0,-43.0,-146.0,14.0,229.0,-103.0,261.0
-159.0,101.0,104.0,-3.0,-16.0,91.0,79.0,1.0,-98.0,254.0
-195.0,222.0,95.0,-24.0,48.0,32.0,-17.0,33.0,-108.0,251.0
-196.0,242.0,92.0,1.0,58.0,-123.0,-84.0,201.0,-98.0,243.0
-206.0,15.0,106.0,41.0,-83.0,92.0,-108.0,478.0,-83.0,239.0
-181.0,-269.0,51.0,-21.0,-30.0,271.0,-93.0,585.0,-56.0,222.0
-193.0,-112.0,40.0,-46.0,49.0,109.0,-170.0,565.0,-27.0,222.0
-169.0,211.0,58.0,-51.0,-6.0,-230.0,-391.0,218.0,-14.0,215.0
-143.0,216.0,24.0,-23.0,-20.0,-146.0,-430.0,-184.0,9.0,190.0
-134.0,30.0,24.0,-41.0,-73.0,49.0,-398.0,-607.0,11.0,197.0
-121.0,47.0,63.0,-31.0,87.0,-114.0,-394.0,-953.0,24.0,189.0
-146.0,273.0,3.0,-85.0,104.0,-166.0,-417.0,-862.0,38.0,178.0
-118.0,74.0,-10.0,-115.0,-92.0,-14.0,-485.0,-485.0,40.0,157.0
-111.0,49.0,4.0,-108.0,-57.0,109.0,-431.0,-27.0,32.0,128.0
-74.0,323.0,-42.0,-121.0,91.0,-57.0,-223.0,-88.0,-9.0,127.0
-48.0,30.0,42.0,-117.0,14.0,-169.0,-51.0,-164.0,-35.0,104.0
-3.0,-58.0,-47.0,-142.0,-170.0,137.0,58.0,20.0,-50.0,84.0
61.0,286.0,-39.0,-142.0,-94.0,53.0,253.0,105.0,-75.0,68.0
80.0,-189.0,36.0,-185.0,-47.0,-434.0,391.0,280.0,-83.0,58.0
104.0,-250.0,-70.0,-172.0,-32.0,-513.0,476.0,253.0,-77.0,67.0
110.0,251.0,-2.0,-134.0,-89.0,-257.0,479.0,260.0,-78.0,55.0
156.0,-353.0,-25.0,-50.0,-146.0,-248.0,353.0,112.0,-68.0,72.0
172.0,-497.0,-19.0,5.0,-46.0,-417.0,294.0,-179.0,-50.0,107.0
175.0,-100.0,19.0,45.0,29.0,-104.0,235.0,-245.0,-41.0,134.0
174.0,-239.0,27.0,96.0,80.0,211.0,77.0,-484.0,-34.0,174.0
150.0,-364.0,56.0,50.0,-32.0,-27.0,-47.0,-628.0,-39.0,223.0
132.0,-439.0,50.0,1.0,-57.0,-216.0,-104.0,-735.0,-15.0,270.0
112.0,-116.0,90.0,-54.0,-32.0,55.0,-177.0,-582.0,0.0,292.0
126.0,-158.0,46.0,-74.0,-57.0,278.0,-253.0,-129.0,5.0,312.0
152.0,-343.0,14.0,-120.0,19.0,-41.0,-397.0,86.0,10.0,329.0
144.0,-73.0,-19.0,-100.0,-35.0,-68.0,-486.0,20.0,-9.0,323.0
104.0,-226.0,-9.0,-98.0,-14.0,221.0,-430.0,-354.0,-5.0,289.0
50.0,-81.0,-22.0,-148.0,98.0,-39.0,-363.0,-399.0,-20.0,255.0
3.0,101.0,-37.0,-162.0,-26.0,-485.0,-281.0,-177.0,-34.0,232.0
-14.0,-88.0,-56.0,-141.0,-125.0,-412.0,-191.0,212.0,-23.0,181.0
-32.0,46.0,-105.0,-97.0,46.0,-75.0,-133.0,606.0,-46.0,111.0
-39.0,259.0,-12.0,-99.0,112.0,-209.0,-131.0,448.0,-85.0,41.0
-56.0,137.0,-15.0,-73.0,-126.0,-143.0,-197.0,247.0,-71.0,-24.0
-69.0,-179.0,-7.0,-151.0,-60.0,313.0,-340.0,-55.0,-67.0,-104.0
-76.0,99.0,14.0,-171.0,152.0,329.0,-408.0,-260.0,-75.0,-189.0
-99.0,308.0,-32.0,-176.0,31.0,78.0,-416.0,-382.0,-39.0,-253.0
-101.0,-124.0,-9.0,-119.0,1.0,-162.0,-394.0,-591.0,-43.0,-309.0
-116.0,-66.0,-46.0,52.0,-44.0,-116.0,-310.0,-471.0,-48.0,-373.0
-143.0,-27.0,-44.0,112.0,-70.0,-29.0,-311.0,-513.0,-30.0,-411.0
-163.0,-175.0,0.0,133.0,19.0,-105.0,-313.0,-583.0,-20.0,-411.0
-160.0,29.0,-53.0,76.0,-65.0,-52.0,-309.0,-630.0,0.0,-433.0
-144.0,-58.0,-48.0,29.0,-139.0,-67.0,-335.0,-578.0,17.0,-452.0
-145.0,77.0,-40.0,-8.0,-62.0,-139.0,-336.0,-109.0,22.0,-448.0
-131.0,57.0,-63.0,31.0,0.0,-168.0,-270.0,262.0,38.0,-438.0
-119.0,-257.0,-37.0,55.0,-85.0,-114.0,-101.0,476.0,47.0,-421.0
-98.0,-190.0,-68.0,50.0,-41.0,-53.0,119.0,351.0,48.0,-378.0
-75.0,-401.0,-34.0,48.0,40.0,77.0,152.0,214.0,80.0,-317.0
-60.0,-210.0,0.0,-70.0,-26.0,365.0,13.0,256.0,89.0,-263.0
-51.0,-60.0,-27.0,-56.0,17.0,413.0,38.0,271.0,104.0,-192.0
-69.0,-100.0,-9.0,-91.0,27.0,154.0,121.0,375.0,119.0,-127.0
-69.0,168.0,-7.0,-196.0,-24.0,-117.0,92.0,157.0,110.0,-60.0
-66.0,87.0,21.0,-218.0,144.0,-76.0,21.0,29.0,117.0,-5.0
-55.0,312.0,17.0,-249.0,208.0,146.0,3.0,-51.0,122.0,48.0
-45.0,321.0,11.0,-242.0,4.0,185.0,121.0,-308.0,146.0,104.0
-32.0,238.0,24.0,-213.0,153.0,189.0,261.0,-506.0,141.0,139.0
-37.0,194.0,21.0,-172.0,297.0,285.0,274.0,-694.0,142.0,193.0
-37.0,96.0,23.0,-126.0,50.0,212.0,272.0,-646.0,161.0,227.0
-17.0,474.0,1.0,-75.0,15.0,-75.0,282.0,-644.0,156.0,262.0
-57.0,378.0,48.0,-76.0,63.0,-225.0,213.0,-450.0,179.0,303.0
-58.0,366.0,0.0,-78.0,26.0,-122.0,185.0,-169.0,181.0,326.0
-88.0,426.0,-32.0,-28.0,152.0,-164.0,51.0,25.0,166.0,355.0
-121.0,177.0,13.0,9.0,58.0,-229.0,-161.0,362.0,161.0,361.0
-131.0,127.0,-43.0,-17.0,-113.0,41.0,-265.0,500.0,155.0,354.0
-114.0,211.0,-21.0,-24.0,123.0,118.0,-373.0,641.0,149.0,328.0
-34.0,402.0,-38.0,-17.0,40.0,-88.0,-337.0,618.0,132.0,290.0
1.0,362.0,-62.0,-105.0,-143.0,-177.0,-157.0,535.0,127.0,239.0
31.0,362.0,-31.0,-197.0,-68.0,2.0,-65.0,404.0,112.0,180.0
17.0,463.0,-48.0,-240.0,-115.0,100.0,23.0,7.0,95.0,130.0
27.0,309.0,-29.0,-268.0,85.0,-89.0,122.0,-229.0,79.0,65.0
44.0,-68.0,-4.0,-272.0,47.0,-109.0,134.0,-404.0,47.0,21.0
53.0,-118.0,-47.0,-128.0,-184.0,-9.0,134.0,-362.0,20.0,-21.0
50.0,120.0,-19.0,-35.0,2.0,-125.0,85.0,-256.0,-18.0,-76.0
48.0,-118.0,-8.0,-32.0,118.0,-446.0,6.0,-107.0,-34.0,-114.0
89.0,-233.0,-52.0,-12.0,18.0,-329.0,-93.0,227.0,-49.0,-130.0
87.0,-62.0,20.0,-54.0,-53.0,75.0,-324.0,371.0,-69.0,-125.0
119.0,-59.0,-20.0,-62.0,-61.0,51.0,-522.0,458.0,-65.0,-117.0
115.0,-162.0,-64.0,-39.0,81.0,-132.0,-596.0,356.0,-69.0,-106.0
100.0,-376.0,-74.0,-30.0,100.0,-55.0,-674.0,393.0,-69.0,-92.0
87.0,-491.0,-60.0,-33.0,-78.0,23.0,-756.0,397.0,-77.0,-83.0
64.0,-560.0,-43.0,-14.0,20.0,-327.0,-837.0,92.0,-90.0,-69.0
79.0,-363.0,-63.0,7.0,103.0,-452.0,-836.0,83.0,-80.0,-41.0
88.0,-91.0,-91.0,38.0,87.0,-177.0,-486.0,36.0,-66.0,-47.0
96.0,-176.0,-117.0,28.0,-58.0,-81.0,-89.0,-31.0,-48.0,-45.0
67.0,-128.0,-50.0,14.0,-235.0,-121.0,91.0,-290.0,-29.0,1.0
56.0,9.0,-120.0,56.0,100.0,-7.0,269.0,-718.0,-22.0,33.0
23.0,-37.0,-88.0,131.0,183.0,212.0,405.0,-737.0,-7.0,45.0
7.0,32.0,-71.0,194.0,-111.0,85.0,538.0,-521.0,1.0,66.0
10.0,83.0,-106.0,201.0,-24.0,-86.0,478.0,-90.0,20.0,93.0
-11.0,111.0,-74.0,213.0,67.0,-18.0,221.0,105.0,27.0,93.0
-20.0,286.0,-126.0,245.0,10.0,-87.0,214.0,110.0,16.0,70.0
-44.0,249.0,-86.0,228.0,69.0,-226.0,336.0,121.0,27.0,41.0
-49.0,229.0,-114.0,195.0,-26.0,-233.0,319.0,57.0,35.0,29.0
-63.0,304.0,-112.0,244.0,-35.0,-177.0,235.0,208.0,53.0,7.0
-74.0,221.0,-97.0,222.0,138.0,-236.0,98.0,214.0,63.0,-14.0
-97.0,122.0,-134.0,228.0,-41.0,-339.0,-17.0,243.0,59.0,-6.0
-102.0,44.0,-109.0,256.0,-116.0,-251.0,76.0,304.0,51.0,-9.0
-87.0,5.0,-130.0,193.0,7.0,-287.0,149.0,271.0,24.0,-11.0
-82.0,-14.0,-136.0,145.0,-91.0,-381.0,151.0,120.0,10.0,-16.0
-68.0,59.0,-112.0,106.0,-115.0,-309.0,188.0,-388.0,6.0,-2.0
-77.0,-59.0,-131.0,87.0,-100.0,-127.0,139.0,-866.0,-6.0,-6.0
-72.0,-316.0,-77.0,15.0,-89.0,68.0,92.0,-1175.0,-8.0,-25.0
-72.0,-199.0,-60.0,-38.0,-2.0,45.0,-23.0,-748.0,-25.0,-4.0
-81.0,-143.0,-92.0,-79.0,-68.0,41.0,-183.0,206.0,-57.0,-4.0
-102.0,-367.0,-14.0,-96.0,-215.0,102.0,-244.0,683.0,-68.0,-17.0
-98.0,-135.0,-60.0,-46.0,-142.0,196.0,-180.0,628.0,-100.0,-29.0
-67.0,146.0,-58.0,-72.0,40.0,71.0,-121.0,277.0,-115.0,-44.0
-49.0,-50.0,-26.0,-139.0,8.0,51.0,-268.0,203.0,-123.0,-61.0
-36.0,-19.0,-73.0,-147.0,-78.0,304.0,-420.0,482.0,-133.0,-84.0
-62.0,273.0,-60.0,-123.0,69.0,96.0,-433.0,905.0,-130.0,-88.0
-80.0,322.0,-82.0,-118.0,141.0,-151.0,-531.0,1071.0,-162.0,-109.0
-56.0,99.0,-44.0,-117.0,20.0,-125.0,-678.0,805.0,-181.0,-147.0
-37.0,105.0,-17.0,-97.0,0.0,87.0,-645.0,556.0,-182.0,-161.0
-75.0,173.0,-30.0,-44.0,-39.0,76.0,-579.0,140.0,-181.0,-161.0
-113.0,77.0,-17.0,-29.0,13.0,-95.0,-539.0,-145.0,-148.0,-160.0
-110.0,143.0,10.0,-59.0,132.0,146.0,-386.0,-254.0,-121.0,-153.0
-84.0,156.0,21.0,-85.0,-18.0,131.0,-201.0,-593.0,-117.0,-128.0
-75.0,-12.0,109.0,-32.0,-48.0,-177.0,-7.0,-966.0,-94.0,-82.0
-73.0,-18.0,169.0,13.0,232.0,-238.0,279.0,-1306.0,-67.0,-51.0
-61.0,74.0,120.0,-1.0,186.0,-21.0,489.0,-1311.0,-59.0,-21.0
-71.0,-140.0,207.0,35.0,-59.0,-65.0,522.0,-979.0,-34.0,27.0
-80.0,-259.0,204.0,40.0,34.0,-500.0,448.0,-312.0,-23.0,51.0
-117.0,1.0,170.0,40.0,24.0,-423.0,343.0,731.0,-16.0,63.0
-146.0,-101.0,228.0,44.0,53.0,-98.0,260.0,1762.0,7.0,70.0
-169.0,-597.0,223.0,-6.0,152.0,-49.0,58.0,2318.0,22.0,68.0
-200.0,-222.0,236.0,-17.0,-125.0,-116.0,-163.0,1862.0,45.0,61.0
-206.0,-118.0,235.0,114.0,-33.0,-70.0,-381.0,779.0,56.0,40.0
-177.0,-551.0,250.0,232.0,219.0,169.0,-559.0,-354.0,60.0,38.0
-154.0,-46.0,267.0,210.0,-89.0,-66.0,-591.0,-916.0,64.0,20.0
-166.0,93.0,244.0,269.0,-204.0,-356.0,-582.0,-617.0,46.0,-5.0
-156.0,122.0,256.0,335.0,10.0,-174.0,-577.0,-216.0,19.0,-17.0
-164.0,438.0,215.0,314.0,23.0,-2.0,-534.0,-88.0,10.0,-39.0
-171.0,325.0,177.0,273.0,17.0,43.0,-324.0,-225.0,4.0,-43.0
-179.0,177.0,181.0,246.0,-25.0,82.0,-147.0,-192.0,-22.0,-67.0
-145.0,382.0,123.0,256.0,-124.0,241.0,26.0,-160.0,-51.0,-78.0
-89.0,452.0,133.0,225.0,74.0,106.0,325.0,-371.0,-68.0,-54.0
-41.0,-18.0,123.0,219.0,118.0,-169.0,564.0,-417.0,-68.0,-46.0
-4.0,114.0,87.0,218.0,-106.0,-89.0,549.0,-434.0,-57.0,-53.0
-2.0,366.0,81.0,157.0,-11.0,53.0,387.0,-164.0,-44.0,-52.0
13.0,163.0,74.0,91.0,81.0,-89.0,448.0,70.0,-27.0,-31.0
-2.0,112.0,84.0,65.0,90.0,-222.0,512.0,212.0,-11.0,-33.0
-8.0,4.0,11.0,28.0,41.0,27.0,458.0,665.0,13.0,-33.0
11.0,32.0,25.0,69.0,-36.0,162.0,193.0,975.0,42.0,-22.0
38.0,67.0,65.0,141.0,96.0,-28.0,-264.0,1045.0,80.0,-26.0
53.0,-61.0,77.0,124.0,84.0,-37.0,-381.0,580.0,105.0,-37.0
75.0,1.0,97.0,160.0,19.0,166.0,-229.0,-81.0,116.0,-42.0
89.0,70.0,95.0,148.0,-83.0,16.0,-190.0,-511.0,129.0,-31.0
79.0,127.0,100.0,100.0,-16.0,-328.0,-278.0,-757.0,123.0,-48.0
58.0,59.0,52.0,71.0,144.0,-292.0,-188.0,-498.0,128.0,-74.0
48.0,-273.0,70.0,55.0,-101.0,38.0,-104.0,-373.0,146.0,-73.0
97.0,-279.0,78.0,110.0,-158.0,97.0,-198.0,-314.0,149.0,-59.0
137.0,-129.0,74.0,99.0,4.0,-82.0,3.0,72.0,120.0,-73.0
155.0,-363.0,67.0,3.0,-60.0,-18.0,91.0,389.0,81.0,-81.0
141.0,-397.0,32.0,-21.0,-28.0,73.0,-77.0,393.0,71.0,-46.0
153.0,-90.0,43.0,15.0,12.0,68.0,178.0,72.0,62.0,-37.0
161.0,-47.0,0.0,5.0,-69.0,39.0,331.0,-48.0,44.0,-46.0
150.0,-93.0,-20.0,55.0,149.0,6.0,15.0,79.0,32.0,-26.0
152.0,-206.0,-3.0,140.0,144.0,-52.0,-96.0,304.0,15.0,14.0
179.0,-97.0,-38.0,200.0,-115.0,-24.0,-96.0,323.0,0.0,33.0
209.0,-33.0,-43.0,204.0,5.0,111.0,-310.0,36.0,-11.0,41.0
167.0,-220.0,-6.0,186.0,100.0,12.0,-292.0,-79.0,-16.0,68.0
118.0,54.0,-46.0,230.0,-14.0,-212.0,-136.0,20.0,-11.0,92.0
71.0,107.0,-53.0,221.0,-1.0,-285.0,-288.0,341.0,-36.0,88.0
76.0,213.0,1.0,233.0,76.0,-244.0,-489.0,371.0,-72.0,95.0
65.0,139.0,-25.0,224.0,23.0,-309.0,-515.0,-27.0,-91.0,120.0
60.0,-38.0,-10.0,145.0,107.0,-317.0,-359.0,-469.0,-112.0,113.0
81.0,168.0,-4.0,113.0,-67.0,-191.0,-202.0,-476.0,-133.0,101.0
69.0,-156.0,-8.0,141.0,-218.0,-166.0,-142.0,219.0,-154.0,108.0
38.0,-58.0,31.0,144.0,55.0,-278.0,-18.0,737.0,-181.0,108.0
-28.0,73.0,45.0,142.0,-47.0,-447.0,19.0,916.0,-182.0,87.0
-55.0,-53.0,89.0,168.0,-157.0,-261.0,128.0,718.0,-154.0,72.0
-72.0,287.0,80.0,117.0,-14.0,-84.0,385.0,169.0,-150.0,79.0
-42.0,326.0,130.0,47.0,88.0,-295.0,481.0,-9.0,-121.0,83.0
-23.0,115.0,166.0,65.0,108.0,-279.0,509.0,16.0,-69.0,72.0
0.0,125.0,171.0,132.0,8.0,-130.0,606.0,179.0,-51.0,64.0
37.0,305.0,195.0,146.0,-72.0,-227.0,568.0,487.0,-26.0,84.0
25.0,236.0,132.0,134.0,-8.0,-369.0,471.0,672.0,9.0,86.0
27.0,158.0,181.0,124.0,152.0,-171.0,665.0,145.0,28.0,91.0
28.0,396.0,217.0,119.0,77.0,184.0,523.0,-903.0,37.0,113.0
77.0,302.0,198.0,115.0,-96.0,108.0,204.0,-1322.0,60.0,114.0
121.0,-31.0,178.0,134.0,72.0,-177.0,352.0,-1088.0,70.0,99.0
136.0,171.0,203.0,168.0,186.0,-161.0,176.0,-234.0,89.0,79.0
125.0,249.0,200.0,147.0,-50.0,8.0,-226.0,513.0,122.0,63.0
128.0,-86.0,150.0,166.0,-76.0,-41.0,-243.0,672.0,123.0,22.0
160.0,-12.0,132.0,168.0,18.0,-221.0,-408.0,582.0,136.0,-25.0
182.0,167.0,76.0,120.0,17.0,-167.0,-590.0,-31.0,140.0,-45.0
189.0,54.0,68.0,92.0,6.0,-123.0,-14.0,-343.0,136.0,-44.0
184.0,-138.0,18.0,97.0,-162.0,-306.0,222.0,-210.0,146.0,-43.0
215.0,-54.0,26.0,128.0,-169.0,-105.0,-408.0,169.0,151.0,-40.0
250.0,-253.0,-5.0,134.0,52.0,256.0,-481.0,617.0,167.0,-5.0
266.0,-514.0,-42.0,67.0,0.0,62.0,-179.0,646.0,185.0,47.0
253.0,-145.0,10.0,3.0,-156.0,-145.0,-395.0,674.0,185.0,93.0
252.0,-104.0,-30.0,83.0,-33.0,-62.0,-636.0,485.0,180.0,133.0
251.0,-133.0,-10.0,161.0,32.0,-72.0,-394.0,397.0,179.0,173.0
241.0,102.0,5.0,197.0,1.0,-128.0,-60.0,352.0,161.0,204.0
237.0,163.0,1.0,193.0,-58.0,-106.0,-42.0,-40.0,141.0,223.0
220.0,16.0,10.0,180.0,-84.0,132.0,-46.0,-460.0,131.0,234.0
221.0,2.0,-2.0,214.0,145.0,274.0,178.0,-752.0,125.0,244.0
225.0,267.0,-39.0,152.0,230.0,229.0,333.0,-500.0,99.0,241.0
228.0,74.0,-77.0,48.0,10.0,365.0,205.0,-349.0,62.0,239.0
239.0,-43.0,-47.0,-21.0,-26.0,416.0,119.0,-382.0,47.0,252.0
273.0,364.0,-68.0,-43.0,194.0,318.0,197.0,-12.0,43.0,241.0
279.0,236.0,-76.0,20.0,142.0,221.0,-36.0,502.0,37.0,216.0
248.0,-84.0,-68.0,85.0,-20.0,325.0,-179.0,825.0,7.0,209.0
234.0,80.0,-90.0,103.0,46.0,409.0,-34.0,545.0,-4.0,209.0
240.0,-91.0,-61.0,173.0,46.0,298.0,-163.0,44.0,-26.0,182.0
240.0,-247.0,-64.0,189.0,98.0,304.0,-308.0,-426.0,-58.0,143.0
236.0,-175.0,-73.0,176.0,142.0,371.0,-359.0,-583.0,-57.0,109.0
227.0,-456.0,-81.0,186.0,-93.0,373.0,-184.0,-123.0,-83.0,93.0
198.0,-466.0,-98.0,167.0,-37.0,234.0,86.0,312.0,-118.0,86.0
188.0,-222.0,-107.0,155.0,185.0,230.0,54.0,402.0,-113.0,78.0
146.0,-138.0,-108.0,130.0,-25.0,416.0,43.0,55.0,-106.0,78.0
82.0,-205.0,-80.0,135.0,-87.0,515.0,85.0,-192.0,-119.0,72.0
22.0,-28.0,-106.0,117.0,16.0,279.0,-272.0,-162.0,-112.0,72.0
6.0,74.0,-109.0,131.0,-26.0,66.0,-565.0,-125.0,-94.0,76.0
13.0,-153.0,-120.0,144.0,66.0,279.0,-218.0,51.0,-79.0,68.0
-8.0,90.0,-172.0,101.0,-7.0,373.0,-244.0,36.0,-64.0,67.0
-1.0,109.0,-115.0,62.0,-184.0,306.0,-536.0,60.0,-47.0,68.0
0.0,5.0,-136.0,48.0,9.0,467.0,-406.0,247.0,-22.0,72.0
2.0,376.0,-168.0,83.0,23.0,681.0,-291.0,497.0,1.0,91.0
-8.0,360.0,-91.0,105.0,-228.0,575.0,-146.0,644.0,29.0,106.0
-9.0,305.0,-112.0,152.0,-96.0,332.0,-103.0,532.0,64.0,117.0
2.0,452.0,-120.0,152.0,34.0,287.0,-88.0,402.0,99.0,134.0
-10.0,238.0,-105.0,112.0,-61.0,427.0,182.0,-48.0,113.0,153.0
4.0,12.0,-132.0,107.0,-101.0,516.0,476.0,-482.0,119.0,171.0
-2.0,-77.0,-113.0,102.0,-119.0,570.0,635.0,-524.0,141.0,150.0
-21.0,9.0,-106.0,105.0,-53.0,632.0,893.0,84.0,159.0,125.0
-39.0,109.0,-101.0,205.0,69.0,502.0,934.0,1023.0,158.0,111.0
-35.0,-42.0,-65.0,249.0,-32.0,489.0,516.0,1189.0,159.0,73.0
-14.0,17.0,-60.0,131.0,-186.0,580.0,402.0,569.0,163.0,28.0
-7.0,67.0,-64.0,89.0,58.0,462.0,324.0,-663.0,145.0,-10.0
-8.0,35.0,-24.0,75.0,77.0,300.0,-129.0,-1564.0,121.0,-41.0
-19.0,-39.0,-18.0,19.0,-160.0,369.0,-570.0,-1574.0,126.0,-78.0
-38.0,-22.0,-27.0,-4.0,-15.0,496.0,-902.0,-929.0,109.0,-101.0
-68.0,133.0,6.0,57.0,-40.0,231.0,-1031.0,280.0,92.0,-117.0
-77.0,-109.0,-4.0,81.0,-112.0,-58.0,-863.0,1032.0,102.0,-127.0
-97.0,-105.0,47.0,8.0,-40.0,166.0,-666.0,994.0,105.0,-125.0
-94.0,122.0,54.0,-29.0,-95.0,350.0,-556.0,269.0,106.0,-133.0
-75.0,-129.0,-2.0,-48.0,2.0,66.0,-460.0,-439.0,89.0,-127.0
-44.0,-340.0,55.0,-44.0,0.0,-57.0,-484.0,-423.0,81.0,-134.0
-21.0,-399.0,58.0,-79.0,3.0,257.0,-138.0,-229.0,80.0,-158.0
-16.0,-374.0,97.0,-55.0,-25.0,412.0,286.0,-27.0,46.0,-178.0
6.0,-162.0,140.0,-52.0,-157.0,252.0,199.0,-317.0,14.0,-198.0
1.0,-138.0,88.0,-94.0,163.0,292.0,201.0,-607.0,0.0,-207.0
10.0,-126.0,144.0,-55.0,120.0,386.0,234.0,-140.0,-39.0,-224.0
1.0,-210.0,146.0,-113.0,-225.0,126.0,208.0,399.0,-75.0,-201.0
13.0,-58.0,136.0,-129.0,35.0,14.0,422.0,702.0,-68.0,-164.0
63.0,139.0,171.0,-121.0,61.0,325.0,486.0,576.0,-48.0,-157.0
106.0,-38.0,140.0,-19.0,-48.0,534.0,366.0,336.0,-25.0,-128.0
107.0,121.0,193.0,113.0,3.0,395.0,431.0,-94.0,2.0,-105.0
55.0,51.0,192.0,82.0,-210.0,266.0,352.0,-672.0,26.0,-87.0
69.0,-97.0,188.0,47.0,103.0,323.0,182.0,-691.0,52.0,-73.0
73.0,-185.0,168.0,33.0,209.0,265.0,215.0,-175.0,88.0,-64.0
66.0,-323.0,99.0,76.0,-273.0,210.0,28.0,561.0,102.0,-64.0
82.0,-12.0,100.0,13.0,7.0,383.0,-158.0,641.0,109.0,-73.0
113.0,-117.0,49.0,56.0,123.0,599.0,35.0,181.0,144.0,-71.0
152.0,-492.0,47.0,183.0,-146.0,545.0,159.0,-203.0,181.0,-75.0
139.0,-336.0,0.0,124.0,61.0,354.0,49.0,-345.0,233.0,-87.0
130.0,-108.0,-38.0,111.0,-88.0,454.0,76.0,-260.0,277.0,-121.0
115.0,-110.0,-30.0,156.0,-183.0,576.0,23.0,-388.0,293.0,-135.0
100.0,-82.0,-54.0,203.0,258.0,491.0,-125.0,-384.0,291.0,-126.0
99.0,185.0,-43.0,132.0,-24.0,454.0,75.0,-258.0,300.0,-154.0
118.0,147.0,-76.0,69.0,-231.0,614.0,224.0,134.0,304.0,-164.0
145.0,155.0,-82.0,30.0,204.0,617.0,84.0,750.0,275.0,-161.0
131.0,530.0,-93.0,-62.0,43.0,472.0,-43.0,944.0,267.0,-161.0
99.0,163.0,-91.0,-81.0,-73.0,467.0,-54.0,953.0,242.0,-147.0
58.0,215.0,-105.0,-107.0,-44.0,538.0,-91.0,665.0,216.0,-149.0
56.0,444.0,-99.0,-32.0,-159.0,591.0,-189.0,123.0,208.0,-145.0
82.0,-147.0,-80.0,-17.0,92.0,424.0,-213.0,-412.0,174.0,-138.0
126.0,-146.0,-141.0,-60.0,70.0,528.0,-305.0,-715.0,128.0,-141.0
172.0,-30.0,-100.0,-39.0,-164.0,688.0,-378.0,-672.0,71.0,-145.0
185.0,-62.0,-97.0,-27.0,-5.0,514.0,-203.0,-489.0,22.0,-160.0
156.0,41.0,-117.0,4.0,149.0,403.0,43.0,62.0,-22.0,-183.0
73.0,85.0,-82.0,-53.0,28.0,400.0,-6.0,445.0,-59.0,-200.0
15.0,-96.0,-106.0,-55.0,-153.0,459.0,-271.0,343.0,-86.0,-198.0
-7.0,-259.0,-139.0,-49.0,-138.0,240.0,-163.0,27.0,-118.0,-216.0
11.0,-135.0,-138.0,-84.0,132.0,244.0,157.0,-341.0,-157.0,-238.0
39.0,-250.0,-120.0,-48.0,120.0,639.0,149.0,-125.0,-201.0,-247.0
60.0,-173.0,-146.0,3.0,-25.0,731.0,3.0,369.0,-215.0,-256.0
74.0,-52.0,-142.0,-31.0,39.0,518.0,-10.0,558.0,-237.0,-249.0
34.0,-146.0,-113.0,-69.0,34.0,337.0,254.0,315.0,-244.0,-259.0
7.0,-34.0,-38.0,4.0,193.0,350.0,571.0,105.0,-242.0,-263.0
-47.0,376.0,18.0,38.0,70.0,362.0,556.0,184.0,-238.0,-254.0
-57.0,430.0,-6.0,72.0,-230.0,371.0,504.0,83.0,-212.0,-250.0
-33.0,149.0,9.0,35.0,111.0,436.0,668.0,40.0,-194.0,-241.0
-20.0,230.0,6.0,-72.0,91.0,630.0,758.0,-227.0,-150.0,-229.0
23.0,97.0,-8.0,-41.0,-197.0,782.0,583.0,-482.0,-117.0,-213.0
18.0,141.0,0.0,48.0,62.0,910.0,461.0,-399.0,-80.0,-218.0
-6.0,350.0,18.0,-16.0,-37.0,939.0,402.0,-356.0,-17.0,-218.0
-54.0,254.0,56.0,-60.0,-47.0,722.0,213.0,-201.0,28.0,-206.0
-87.0,231.0,81.0,85.0,183.0,759.0,115.0,-101.0,73.0,-188.0
-73.0,193.0,73.0,188.0,-119.0,884.0,-74.0,162.0,108.0,-185.0
-38.0,-53.0,22.0,179.0,-61.0,832.0,-572.0,140.0,135.0,-179.0
25.0,-214.0,-63.0,162.0,77.0,606.0,-864.0,-262.0,145.0,-151.0
68.0,-14.0,-42.0,174.0,-162.0,579.0,-730.0,-347.0,151.0,-145.0
57.0,42.0,25.0,123.0,-68.0,694.0,-642.0,112.0,145.0,-140.0
35.0,-165.0,-24.0,41.0,11.0,480.0,-616.0,1186.0,145.0,-127.0
7.0,-296.0,-59.0,45.0,-72.0,456.0,-424.0,1553.0,141.0,-84.0
4.0,72.0,-54.0,91.0,8.0,642.0,-247.0,894.0,105.0,-37.0
16.0,151.0,-21.0,40.0,-41.0,732.0,-215.0,-42.0,75.0,-4.0
35.0,-198.0,-42.0,-62.0,-123.0,503.0,-42.0,-752.0,40.0,52.0
71.0,-62.0,-63.0,-14.0,6.0,370.0,377.0,-838.0,20.0,96.0
69.0,65.0,-83.0,53.0,-19.0,709.0,610.0,-809.0,-30.0,127.0
82.0,-65.0,-139.0,44.0,-99.0,669.0,649.0,-822.0,-83.0,167.0
74.0,6.0,-103.0,24.0,-58.0,395.0,643.0,-781.0,-118.0,184.0
86.0,328.0,-31.0,4.0,-28.0,311.0,636.0,-334.0,-167.0,177.0
115.0,194.0,-9.0,-15.0,-21.0,542.0,660.0,391.0,-183.0,175.0
139.0,146.0,-20.0,-65.0,-100.0,772.0,638.0,774.0,-200.0,135.0
179.0,333.0,-9.0,-110.0,-83.0,502.0,545.0,1025.0,-195.0,84.0
144.0,29.0,-23.0,-106.0,-5.0,495.0,364.0,1029.0,-194.0,34.0
129.0,48.0,-27.0,-117.0,3.0,536.0,339.0,613.0,-216.0,-27.0
131.0,344.0,-58.0,-164.0,40.0,324.0,320.0,-195.0,-205.0,-48.0
149.0,141.0,-40.0,-145.0,-34.0,206.0,147.0,-886.0,-195.0,-76.0
155.0,-37.0,12.0,-141.0,-34.0,213.0,41.0,-700.0,-169.0,-108.0
126.0,-54.0,33.0,-125.0,190.0,379.0,72.0,-134.0,-128.0,-122.0
107.0,124.0,66.0,-166.0,59.0,212.0,317.0,131.0,-102.0,-125.0
76.0,399.0,-7.0,-256.0,-75.0,120.0,514.0,-118.0,-91.0,-121.0
27.0,87.0,7.0,-204.0,173.0,461.0,478.0,-347.0,-84.0,-134.0
-1.0,-87.0,68.0,-241.0,128.0,560.0,419.0,-365.0,-78.0,-146.0
21.0,-100.0,57.0,-219.0,45.0,115.0,391.0,-423.0,-76.0,-134.0
43.0,95.0,52.0,-103.0,56.0,76.0,456.0,-218.0,-65.0,-105.0
62.0,19.0,57.0,0.0,-34.0,567.0,564.0,-131.0,-54.0,-100.0
57.0,-220.0,45.0,77.0,110.0,356.0,398.0,81.0,-39.0,-77.0
60.0,131.0,64.0,23.0,129.0,18.0,47.0,484.0,-20.0,-51.0
57.0,-181.0,144.0,25.0,-52.0,238.0,-195.0,598.0,0.0,-41.0
47.0,-222.0,147.0,-18.0,88.0,531.0,-307.0,443.0,14.0,-16.0
41.0,-48.0,153.0,-31.0,118.0,263.0,-381.0,114.0,37.0,-3.0
23.0,-177.0,111.0,76.0,-82.0,-102.0,-508.0,38.0,63.0,-14.0
28.0,-94.0,67.0,141.0,-45.0,153.0,-571.0,-101.0,62.0,-52.0
0.0,43.0,20.0,114.0,-108.0,265.0,-444.0,-42.0,60.0,-65.0
-3.0,84.0,-6.0,117.0,-103.0,-60.0,-227.0,157.0,60.0,-97.0
21.0,-130.0,87.0,170.0,9.0,-272.0,-35.0,-64.0,59.0,-154.0
8.0,31.0,33.0,137.0,-100.0,156.0,233.0,-247.0,63.0,-198.0
-11.0,-25.0,4.0,169.0,-89.0,415.0,444.0,-271.0,52.0,-239.0
-9.0,-181.0,71.0,159.0,-9.0,78.0,551.0,1.0,43.0,-242.0
-13.0,-220.0,-35.0,40.0,71.0,275.0,771.0,60.0,40.0,-242.0
-8.0,-274.0,-54.0,-96.0,-61.0,667.0,857.0,-267.0,20.0,-235.0
0.0,-185.0,16.0,-165.0,-198.0,466.0,746.0,-493.0,5.0,-213.0
26.0,-112.0,-71.0,-179.0,23.0,149.0,704.0,-423.0,-7.0,-172.0
65.0,32.0,-59.0,-102.0,81.0,202.0,750.0,-44.0,-30.0,-109.0
58.0,-3.0,-22.0,81.0,26.0,297.0,713.0,-14.0,-39.0,-63.0
32.0,-114.0,-54.0,103.0,-12.0,284.0,559.0,44.0,-57.0,-26.0
-7.0,-251.0,-51.0,112.0,31.0,416.0,354.0,247.0,-67.0,3.0
-2.0,-6.0,-85.0,65.0,151.0,564.0,119.0,105.0,-73.0,31.0
21.0,239.0,-96.0,-34.0,55.0,409.0,-85.0,-125.0,-99.0,47.0
54.0,66.0,-61.0,-80.0,-92.0,139.0,-245.0,-497.0,-103.0,63.0
41.0,24.0,-16.0,-134.0,-38.0,48.0,-297.0,-489.0,-112.0,57.0
1.0,62.0,0.0,-72.0,126.0,121.0,-294.0,-192.0,-137.0,45.0
3.0,45.0,21.0,-1.0,42.0,206.0,-291.0,99.0,-144.0,33.0
-26.0,105.0,6.0,-29.0,11.0,123.0,-236.0,426.0,-163.0,-1.0
-56.0,96.0,-38.0,-93.0,102.0,161.0,-81.0,375.0,-183.0,-40.0
-85.0,39.0,-39.0,-110.0,13.0,103.0,154.0,314.0,-169.0,-97.0
-77.0,140.0,-63.0,-99.0,15.0,-100.0,270.0,-90.0,-170.0,-149.0
-50.0,54.0,-99.0,-107.0,-6.0,-79.0,311.0,-737.0,-173.0,-211.0
-28.0,43.0,-60.0,-63.0,-106.0,56.0,321.0,-1077.0,-156.0,-270.0
-35.0,5.0,-49.0,-25.0,-1.0,166.0,219.0,-909.0,-144.0,-307.0
-61.0,-74.0,-87.0,-74.0,42.0,-6.0,172.0,7.0,-133.0,-333.0
-75.0,89.0,-83.0,-67.0,-114.0,-318.0,235.0,631.0,-128.0,-346.0
-101.0,-386.0,-116.0,-58.0,-67.0,-396.0,276.0,715.0,-94.0,-362.0
-132.0,-543.0,-115.0,-4.0,35.0,-332.0,178.0,402.0,-59.0,-366.0
-160.0,11.0,-126.0,32.0,-8.0,-414.0,-107.0,77.0,-38.0,-376.0
-139.0,-227.0,-159.0,-41.0,-34.0,-411.0,-235.0,160.0,-8.0,-395.0
-116.0,-355.0,-154.0,-23.0,-123.0,-280.0,-102.0,-44.0,7.0,-412.0
-104.0,15.0,-171.0,-61.0,-67.0,-177.0,25.0,-251.0,21.0,-437.0
-96.0,-89.0,-134.0,-103.0,92.0,-124.0,140.0,-349.0,21.0,-475.0
-79.0,-290.0,-145.0,-41.0,-79.0,-225.0,255.0,-539.0,25.0,-487.0
-114.0,48.0,-160.0,-59.0,-149.0,-276.0,448.0,-628.0,23.0,-447.0
-199.0,391.0,-142.0,-141.0,31.0,-197.0,609.0,-369.0,18.0,-434.0
-246.0,36.0,-160.0,-141.0,-37.0,143.0,667.0,216.0,12.0,-426.0
-226.0,-18.0,-163.0,-162.0,-105.0,400.0,634.0,445.0,-4.0,-378.0
-156.0,57.0,-139.0,-214.0,-30.0,125.0,487.0,430.0,-25.0,-320.0
-118.0,-252.0,-72.0,-193.0,-23.0,-21.0,347.0,216.0,-45.0,-283.0
-80.0,-126.0,-46.0,-174.0,-67.0,204.0,104.0,44.0,-60.0,-250.0
-70.0,-43.0,-41.0,-144.0,-89.0,221.0,-113.0,330.0,-67.0,-188.0
-77.0,13.0,-39.0,-159.0,-103.0,-156.0,-165.0,570.0,-57.0,-128.0
-86.0,72.0,-63.0,-111.0,-30.0,-387.0,-158.0,606.0,-80.0,-69.0
-76.0,-69.0,-58.0,-29.0,137.0,39.0,-213.0,136.0,-90.0,0.0
-41.0,64.0,-49.0,-77.0,91.0,384.0,-334.0,-323.0,-92.0,69.0
-17.0,192.0,-52.0,-57.0,-45.0,-52.0,-377.0,-249.0,-100.0,120.0
-28.0,139.0,-83.0,-2.0,36.0,-323.0,-291.0,-27.0,-95.0,152.0
-36.0,-78.0,-97.0,40.0,89.0,66.0,-104.0,-12.0,-116.0,205.0
-20.0,-49.0,-34.0,121.0,-25.0,270.0,-74.0,-436.0,-99.0,259.0
-32.0,46.0,-31.0,53.0,1.0,18.0,-168.0,-630.0,-98.0,289.0
-39.0,-229.0,-64.0,-42.0,7.0,-12.0,-225.0,-506.0,-109.0,304.0
-64.0,-1.0,-41.0,-124.0,63.0,10.0,-203.0,-36.0,-98.0,315.0
-57.0,295.0,-89.0,-199.0,154.0,-546.0,-98.0,668.0,-84.0,323.0
-64.0,-53.0,-78.0,-164.0,-51.0,-813.0,-119.0,975.0,-79.0,320.0
-51.0,-131.0,-4.0,-169.0,-41.0,-596.0,-173.0,982.0,-90.0,304.0
-23.0,84.0,-35.0,-155.0,161.0,-414.0,-105.0,631.0,-80.0,278.0
-63.0,111.0,-58.0,-68.0,65.0,-188.0,19.0,323.0,-86.0,244.0
-128.0,114.0,-90.0,-25.0,-146.0,-152.0,129.0,-59.0,-97.0,216.0
-167.0,154.0,-90.0,38.0,-45.0,-91.0,225.0,-482.0,-79.0,191.0
-133.0,27.0,-97.0,143.0,15.0,-306.0,414.0,-491.0,-60.0,145.0
-110.0,-125.0,-93.0,200.0,16.0,-541.0,679.0,-657.0,-45.0,94.0
-107.0,-202.0,-54.0,253.0,100.0,-318.0,816.0,-558.0,-18.0,52.0
-132.0,-339.0,-69.0,278.0,-38.0,-400.0,879.0,-64.0,17.0,5.0
-110.0,-185.0,-56.0,310.0,-21.0,-630.0,905.0,384.0,40.0,-42.0
-73.0,-81.0,-110.0,339.0,-6.0,-584.0,809.0,580.0,44.0,-73.0
-61.0,-108.0,-125.0,287.0,-63.0,-377.0,705.0,354.0,40.0,-89.0
-50.0,67.0,-105.0,254.0,-37.0,-258.0,531.0,133.0,47.0,-122.0
-61.0,146.0,-111.0,229.0,-34.0,-279.0,285.0,-133.0,25.0,-160.0
-74.0,255.0,-54.0,154.0,43.0,-404.0,67.0,-277.0,20.0,-190.0
-131.0,220.0,-71.0,93.0,-56.0,-449.0,-68.0,-230.0,9.0,-205.0
-124.0,-183.0,-47.0,45.0,-175.0,-340.0,-163.0,-35.0,-26.0,-232.0
-90.0,-208.0,-82.0,-50.0,32.0,-311.0,-331.0,266.0,-35.0,-247.0
-47.0,59.0,-139.0,-136.0,56.0,-254.0,-476.0,157.0,-47.0,-218.0
-35.0,-13.0,-98.0,-211.0,-58.0,-300.0,-449.0,46.0,-54.0,-217.0
-35.0,7.0,-139.0,-239.0,-40.0,-563.0,-281.0,75.0,-73.0,-214.0
-11.0,96.0,-128.0,-231.0,-66.0,-788.0,-213.0,179.0,-86.0,-213.0
-64.0,125.0,-93.0,-241.0,29.0,-769.0,-169.0,273.0,-119.0,-210.0
-126.0,-48.0,-131.0,-248.0,2.0,-674.0,11.0,-92.0,-144.0,-180.0
-157.0,-301.0,-140.0,-269.0,-20.0,-643.0,196.0,-491.0,-146.0,-182.0
-100.0,-123.0,-113.0,-270.0,36.0,-598.0,293.0,-474.0,-172.0,-175.0
-44.0,81.0,-92.0,-318.0,-5.0,-528.0,304.0,7.0,-174.0,-150.0
-19.0,108.0,-100.0,-390.0,1.0,-629.0,409.0,349.0,-167.0,-139.0
-4.0,56.0,-139.0,-377.0,-34.0,-830.0,707.0,404.0,-170.0,-114.0
-25.0,92.0,-107.0,-372.0,-36.0,-671.0,866.0,454.0,-166.0,-87.0
-73.0,165.0,-126.0,-380.0,-39.0,-400.0,678.0,266.0,-163.0,-83.0
-112.0,132.0,-150.0,-356.0,63.0,-375.0,360.0,84.0,-159.0,-89.0
-79.0,44.0,-108.0,-334.0,34.0,-571.0,183.0,-214.0,-148.0,-87.0
-28.0,8.0,-158.0,-277.0,-74.0,-667.0,203.0,-354.0,-148.0,-76.0
-20.0,-1.0,-143.0,-186.0,38.0,-459.0,126.0,-225.0,-119.0,-71.0
-79.0,-70.0,-170.0,-100.0,50.0,-382.0,-71.0,-245.0,-86.0,-64.0
-83.0,154.0,-160.0,-58.0,-45.0,-541.0,-266.0,-88.0,-78.0,-48.0
-45.0,357.0,-91.0,-67.0,-125.0,-806.0,-391.0,171.0,-40.0,-42.0
-81.0,184.0,-103.0,-70.0,6.0,-1035.0,-344.0,439.0,-18.0,-37.0
-161.0,172.0,-87.0,-27.0,42.0,-772.0,-345.0,500.0,-7.0,-24.0
-164.0,170.0,-71.0,48.0,-41.0,-295.0,-373.0,290.0,7.0,-11.0
-107.0,-103.0,-31.0,84.0,-8.0,-55.0,-386.0,51.0,35.0,-18.0
-117.0,49.0,-45.0,107.0,-5.0,-28.0,-384.0,-125.0,69.0,-42.0
-116.0,209.0,-29.0,158.0,-17.0,-198.0,-242.0,-38.0,80.0,-52.0
-44.0,-45.0,-35.0,173.0,-28.0,-388.0,-105.0,-79.0,95.0,-76.0
10.0,246.0,-63.0,148.0,40.0,-511.0,-4.0,-112.0,80.0,-99.0
-27.0,266.0,-4.0,162.0,-10.0,-419.0,105.0,-105.0,91.0,-113.0
-87.0,-140.0,14.0,200.0,27.0,-281.0,136.0,-275.0,93.0,-130.0
-87.0,71.0,24.0,186.0,48.0,-285.0,145.0,-171.0,64.0,-130.0
-32.0,114.0,35.0,176.0,-74.0,-392.0,195.0,7.0,55.0,-118.0
-23.0,-67.0,48.0,198.0,18.0,-533.0,129.0,140.0,17.0,-91.0
-41.0,-236.0,25.0,218.0,118.0,-643.0,-12.0,96.0,-2.0,-79.0
10.0,-177.0,12.0,190.0,50.0,-720.0,-180.0,-40.0,-21.0,-71.0
67.0,-101.0,40.0,120.0,-18.0,-542.0,-274.0,-27.0,-62.0,-44.0
59.0,-79.0,12.0,60.0,40.0,-517.0,-110.0,181.0,-94.0,-19.0
9.0,144.0,-6.0,15.0,-23.0,-710.0,84.0,631.0,-127.0,11.0
36.0,-204.0,13.0,12.0,1.0,-782.0,176.0,606.0,-163.0,17.0
77.0,-266.0,3.0,20.0,37.0,-869.0,157.0,243.0,-198.0,23.0
44.0,-144.0,26.0,42.0,-32.0,-924.0,102.0,-112.0,-209.0,48.0
-49.0,-379.0,62.0,20.0,43.0,-769.0,67.0,-315.0,-221.0,53.0
-97.0,-256.0,43.0,43.0,11.0,-448.0,57.0,-260.0,-227.0,63.0
-62.0,-27.0,33.0,101.0,-63.0,-591.0,183.0,-145.0,-215.0,63.0
-64.0,-115.0,7.0,63.0,-57.0,-888.0,253.0,389.0,-195.0,41.0
-76.0,-171.0,-10.0,76.0,22.0,-702.0,246.0,763.0,-178.0,22.0
-44.0,66.0,19.0,52.0,-40.0,-456.0,257.0,711.0,-141.0,-1.0
41.0,146.0,24.0,25.0,-196.0,-423.0,235.0,426.0,-104.0,-24.0
63.0,69.0,16.0,51.0,-161.0,-490.0,119.0,125.0,-71.0,-48.0
16.0,123.0,13.0,60.0,-6.0,-415.0,-81.0,134.0,-20.0,-75.0
-4.0,-65.0,-29.0,153.0,5.0,-457.0,-132.0,-66.0,6.0,-90.0
37.0,-257.0,-18.0,178.0,-72.0,-788.0,-110.0,-42.0,54.0,-112.0
59.0,220.0,17.0,129.0,-36.0,-644.0,-263.0,197.0,100.0,-139.0
41.0,104.0,2.0,117.0,-44.0,-112.0,-484.0,286.0,124.0,-163.0
91.0,-109.0,-5.0,41.0,83.0,14.0,-611.0,301.0,174.0,-182.0
139.0,15.0,-24.0,-30.0,89.0,-164.0,-640.0,9.0,186.0,-193.0
120.0,-370.0,-39.0,-61.0,-36.0,-380.0,-601.0,-242.0,216.0,-188.0
44.0,-353.0,-36.0,-109.0,49.0,-256.0,-612.0,-369.0,257.0,-187.0
49.0,-203.0,-64.0,-85.0,65.0,-90.0,-688.0,-225.0,268.0,-188.0
127.0,48.0,-71.0,23.0,-14.0,-207.0,-660.0,-221.0,300.0,-175.0
173.0,266.0,-61.0,67.0,80.0,-242.0,-444.0,-417.0,309.0,-145.0
100.0,47.0,-112.0,84.0,181.0,-329.0,-225.0,-166.0,289.0,-102.0
-30.0,12.0,-101.0,130.0,-18.0,-344.0,-132.0,18.0,280.0,-67.0
-59.0,205.0,-68.0,121.0,-5.0,-482.0,-38.0,321.0,264.0,-26.0
-66.0,216.0,-91.0,85.0,-4.0,-674.0,61.0,698.0,231.0,0.0
-103.0,4.0,-86.0,65.0,-89.0,-556.0,135.0,711.0,178.0,11.0
-133.0,-38.0,-82.0,72.0,56.0,-364.0,90.0,432.0,136.0,31.0
-78.0,55.0,-96.0,24.0,32.0,-405.0,-51.0,-216.0,95.0,39.0
-51.0,-55.0,-82.0,-20.0,30.0,-714.0,-138.0,-498.0,59.0,39.0
-110.0,61.0,-58.0,-10.0,30.0,-953.0,-118.0,-293.0,60.0,49.0
-219.0,250.0,-72.0,-66.0,30.0,-1149.0,-86.0,33.0,20.0,70.0
-260.0,2.0,-80.0,-161.0,-34.0,-1135.0,-235.0,142.0,-25.0,98.0
-166.0,-142.0,-58.0,-217.0,-1.0,-799.0,-405.0,16.0,-34.0,130.0
-105.0,-172.0,-28.0,-256.0,39.0,-444.0,-445.0,118.0,-40.0,153.0
-66.0,-1.0,19.0,-226.0,-103.0,-218.0,-406.0,44.0,-24.0,166.0
-52.0,60.0,30.0,-148.0,14.0,21.0,-388.0,-11.0,-6.0,164.0
-35.0,-16.0,51.0,-110.0,-54.0,261.0,-437.0,-53.0,7.0,136.0
-99.0,11.0,36.0,-81.0,-77.0,181.0,-455.0,-94.0,16.0,118.0
-220.0,-96.0,23.0,-102.0,35.0,-14.0,-328.0,125.0,42.0,96.0
-274.0,-225.0,40.0,-86.0,-44.0,-40.0,-62.0,131.0,77.0,47.0
-248.0,20.0,-1.0,-36.0,-95.0,-112.0,142.0,112.0,92.0,0.0
-168.0,410.0,48.0,-34.0,-61.0,-442.0,290.0,36.0,105.0,-34.0
-127.0,74.0,32.0,-8.0,-10.0,-638.0,314.0,64.0,130.0,-55.0
-78.0,4.0,8.0,-17.0,-85.0,-346.0,171.0,166.0,147.0,-89.0
-53.0,193.0,42.0,-34.0,9.0,-62.0,20.0,88.0,161.0,-127.0
-55.0,-54.0,28.0,-7.0,22.0,-191.0,-106.0,144.0,191.0,-128.0
-74.0,-121.0,26.0,-10.0,-25.0,-262.0,-203.0,210.0,189.0,-127.0
-96.0,326.0,-44.0,-78.0,55.0,-225.0,-367.0,338.0,178.0,-123.0
-123.0,374.0,-17.0,-104.0,-40.0,-508.0,-585.0,131.0,155.0,-117.0
-183.0,-223.0,-13.0,-83.0,-67.0,-796.0,-713.0,-227.0,113.0,-118.0
-194.0,-204.0,-9.0,-81.0,8.0,-728.0,-711.0,-254.0,79.0,-105.0
-155.0,-41.0,25.0,-16.0,35.0,-493.0,-580.0,-151.0,52.0,-91.0
-101.0,-219.0,-5.0,24.0,37.0,-400.0,-411.0,38.0,19.0,-98.0
-48.0,-92.0,45.0,0.0,-41.0,-380.0,-318.0,-7.0,-5.0,-107.0
1.0,-44.0,48.0,10.0,-60.0,-256.0,-215.0,42.0,-13.0,-123.0
35.0,-331.0,58.0,35.0,43.0,-92.0,-60.0,179.0,-38.0,-147.0
7.0,-95.0,56.0,68.0,36.0,-75.0,94.0,120.0,-51.0,-135.0
-80.0,-62.0,2.0,55.0,-97.0,-187.0,179.0,12.0,-60.0,-140.0
-173.0,-175.0,9.0,-5.0,-132.0,-243.0,275.0,-253.0,-68.0,-162.0
-234.0,-103.0,-9.0,-47.0,48.0,-187.0,371.0,-221.0,-57.0,-168.0
-239.0,-256.0,0.0,-44.0,6.0,-119.0,252.0,-22.0,-52.0,-168.0
-216.0,-352.0,27.0,-8.0,-124.0,-81.0,149.0,79.0,-49.0,-179.0
-151.0,-419.0,-4.0,-3.0,3.0,-40.0,87.0,60.0,-39.0,-213.0
-100.0,19.0,30.0,-51.0,-14.0,-89.0,-116.0,-205.0,-30.0,-223.0
-69.0,287.0,39.0,-83.0,-24.0,-4.0,-292.0,-362.0,-25.0,-228.0
-67.0,307.0,16.0,-45.0,-12.0,32.0,-282.0,-419.0,-7.0,-239.0
-95.0,106.0,60.0,93.0,-44.0,-87.0,-235.0,-162.0,0.0,-222.0
-96.0,-64.0,80.0,186.0,-27.0,-193.0,-411.0,84.0,0.0,-194.0
-107.0,45.0,86.0,162.0,49.0,-176.0,-606.0,158.0,13.0,-166.0
-52.0,4.0,54.0,173.0,68.0,158.0,-535.0,266.0,8.0,-142.0
-15.0,106.0,20.0,166.0,-78.0,249.0,-380.0,-75.0,1.0,-101.0
1.0,-33.0,75.0,185.0,0.0,250.0,-315.0,-232.0,0.0,-52.0
17.0,-149.0,120.0,192.0,10.0,411.0,-216.0,-238.0,-3.0,-23.0
-15.0,-197.0,92.0,199.0,-87.0,534.0,-98.0,-249.0,11.0,-5.0
-49.0,-146.0,100.0,211.0,-36.0,422.0,93.0,5.0,34.0,25.0
-67.0,-46.0,89.0,150.0,50.0,-14.0,292.0,186.0,45.0,54.0
-43.0,-94.0,61.0,189.0,142.0,-148.0,319.0,397.0,77.0,50.0
-40.0,-192.0,71.0,232.0,66.0,7.0,191.0,240.0,97.0,41.0
-54.0,-124.0,49.0,256.0,10.0,-12.0,-57.0,29.0,100.0,52.0
-47.0,82.0,24.0,255.0,-49.0,-272.0,-84.0,-7.0,121.0,63.0
-12.0,161.0,6.0,179.0,26.0,-256.0,67.0,-3.0,117.0,74.0
-9.0,357.0,-6.0,106.0,125.0,80.0,137.0,219.0,123.0,90.0
-39.0,302.0,-19.0,76.0,-82.0,156.0,85.0,225.0,128.0,127.0
-63.0,217.0,7.0,81.0,-59.0,-18.0,-41.0,279.0,124.0,146.0
-54.0,45.0,5.0,78.0,21.0,61.0,-189.0,321.0,149.0,140.0
-61.0,-167.0,-2.0,106.0,-76.0,264.0,-324.0,310.0,151.0,158.0
-81.0,-118.0,48.0,92.0,-57.0,5.0,-256.0,205.0,150.0,169.0
-60.0,32.0,29.0,39.0,-71.0,-254.0,-226.0,-86.0,150.0,156.0
-44.0,-9.0,42.0,-103.0,-137.0,-81.0,-308.0,-101.0,127.0,135.0
-36.0,-214.0,65.0,-200.0,6.0,75.0,-364.0,-199.0,95.0,140.0
-33.0,-147.0,54.0,-140.0,-17.0,73.0,-282.0,-251.0,76.0,132.0
38.0,-139.0,132.0,-136.0,-211.0,138.0,-80.0,-238.0,68.0,112.0
67.0,7.0,154.0,-87.0,49.0,221.0,-42.0,-147.0,46.0,119.0
46.0,122.0,141.0,10.0,170.0,296.0,20.0,234.0,24.0,131.0
27.0,2.0,159.0,20.0,55.0,185.0,71.0,336.0,17.0,155.0
58.0,-148.0,117.0,10.0,69.0,129.0,35.0,251.0,11.0,159.0
153.0,-57.0,101.0,-17.0,-12.0,83.0,204.0,46.0,6.0,183.0
176.0,142.0,91.0,-37.0,19.0,-137.0,410.0,-25.0,7.0,217.0
161.0,111.0,75.0,-10.0,54.0,-74.0,320.0,127.0,-5.0,215.0
121.0,38.0,67.0,18.0,-58.0,-12.0,167.0,94.0,-21.0,239.0
105.0,69.0,38.0,23.0,-19.0,249.0,179.0,-29.0,-15.0,265.0
70.0,7.0,18.0,-2.0,130.0,459.0,141.0,-205.0,-3.0,285.0
71.0,-241.0,-12.0,49.0,27.0,296.0,63.0,-94.0,6.0,316.0
85.0,-25.0,-59.0,62.0,-20.0,270.0,35.0,-35.0,7.0,346.0
81.0,49.0,-48.0,-25.0,-5.0,131.0,3.0,-251.0,13.0,379.0
127.0,-102.0,-92.0,-13.0,-100.0,-13.0,44.0,-399.0,19.0,395.0
157.0,-178.0,-129.0,43.0,24.0,-165.0,108.0,-506.0,13.0,409.0
151.0,-187.0,-61.0,60.0,-3.0,-160.0,49.0,-203.0,31.0,427.0
61.0,-63.0,-120.0,46.0,-61.0,-21.0,-63.0,145.0,41.0,424.0
-19.0,151.0,-85.0,66.0,86.0,-68.0,-125.0,376.0,52.0,407.0
-50.0,353.0,-69.0,89.0,162.0,16.0,-95.0,341.0,83.0,375.0
-19.0,-105.0,-99.0,97.0,69.0,97.0,-38.0,-59.0,115.0,343.0
1.0,-35.0,-7.0,158.0,-58.0,201.0,-10.0,-27.0,131.0,311.0
30.0,298.0,-80.0,138.0,-15.0,136.0,51.0,288.0,134.0,259.0
80.0,22.0,-88.0,83.0,-17.0,0.0,171.0,611.0,146.0,202.0
92.0,111.0,-41.0,71.0,-24.0,163.0,214.0,535.0,155.0,167.0
94.0,309.0,-54.0,40.0,-7.0,223.0,148.0,94.0,151.0,134.0
67.0,94.0,-72.0,-34.0,-28.0,128.0,82.0,-238.0,141.0,91.0
44.0,45.0,-64.0,-96.0,-12.0,-35.0,20.0,-358.0,141.0,71.0
-28.0,130.0,-42.0,-40.0,12.0,-131.0,54.0,-44.0,140.0,64.0
-59.0,60.0,-77.0,15.0,0.0,-148.0,100.0,90.0,111.0,74.0
-54.0,205.0,-40.0,13.0,40.0,70.0,89.0,42.0,89.0,100.0
-23.0,17.0,-13.0,0.0,42.0,354.0,87.0,16.0,72.0,134.0
9.0,-253.0,15.0,17.0,-124.0,321.0,57.0,-94.0,58.0,157.0
13.0,-315.0,-6.0,53.0,0.0,268.0,49.0,-107.0,44.0,172.0
57.0,-349.0,-45.0,80.0,82.0,114.0,38.0,-166.0,42.0,195.0
104.0,-134.0,8.0,91.0,-10.0,154.0,-13.0,25.0,38.0,212.0
139.0,-111.0,38.0,89.0,127.0,291.0,-135.0,201.0,16.0,244.0
99.0,-214.0,38.0,134.0,79.0,367.0,-157.0,273.0,6.0,261.0
73.0,-257.0,9.0,131.0,-35.0,492.0,23.0,334.0,-17.0,261.0
49.0,-124.0,-14.0,143.0,30.0,376.0,190.0,299.0,-48.0,284.0
46.0,161.0,12.0,120.0,36.0,256.0,77.0,439.0,-51.0,298.0
39.0,149.0,-2.0,42.0,4.0,45.0,-188.0,303.0,-60.0,307.0
20.0,104.0,-38.0,37.0,13.0,59.0,-118.0,199.0,-69.0,321.0
0.0,105.0,16.0,-20.0,47.0,179.0,51.0,166.0,-64.0,330.0
0.0,-3.0,-25.0,-111.0,15.0,188.0,-151.0,-31.0,-64.0,340.0
79.0,326.0,-40.0,-128.0,-16.0,330.0,-388.0,-147.0,-65.0,348.0
107.0,274.0,-7.0,-87.0,42.0,321.0,-275.0,-288.0,-79.0,337.0
131.0,-180.0,-35.0,-12.0,78.0,369.0,-286.0,-125.0,-96.0,316.0
96.0,-37.0,-16.0,85.0,65.0,484.0,-536.0,-72.0,-107.0,299.0
66.0,69.0,-73.0,80.0,12.0,514.0,-509.0,-83.0,-106.0,285.0
32.0,-79.0,-103.0,31.0,40.0,356.0,-308.0,-99.0,-102.0,262.0
-12.0,-232.0,-85.0,7.0,125.0,294.0,-86.0,-393.0,-100.0,231.0
0.0,51.0,-82.0,-13.0,13.0,446.0,15.0,-410.0,-88.0,199.0
15.0,224.0,-78.0,23.0,-73.0,557.0,74.0,-432.0,-75.0,173.0
55.0,-72.0,-46.0,24.0,-71.0,392.0,326.0,-327.0,-64.0,157.0
-8.0,-199.0,-73.0,94.0,-97.0,143.0,524.0,-18.0,-56.0,134.0
-89.0,-99.0,-110.0,183.0,-18.0,271.0,469.0,192.0,-44.0,119.0
-117.0,175.0,-67.0,191.0,60.0,213.0,314.0,339.0,-38.0,112.0
-113.0,187.0,-103.0,223.0,-63.0,102.0,324.0,295.0,-38.0,103.0
-116.0,50.0,-58.0,174.0,-198.0,204.0,246.0,271.0,-30.0,99.0
-139.0,13.0,-71.0,108.0,4.0,250.0,-4.0,57.0,-16.0,101.0
-118.0,131.0,-100.0,33.0,7.0,298.0,-159.0,-72.0,-7.0,117.0
-63.0,223.0,-77.0,-67.0,-205.0,206.0,-264.0,59.0,1.0,129.0
-33.0,168.0,-108.0,-114.0,-44.0,79.0,-324.0,60.0,24.0,135.0
-63.0,2.0,-49.0,-141.0,76.0,76.0,-314.0,101.0,32.0,152.0
-90.0,53.0,-91.0,-129.0,59.0,-25.0,-320.0,14.0,35.0,161.0
-92.0,230.0,-59.0,-155.0,17.0,35.0,-357.0,-57.0,51.0,173.0
-53.0,-31.0,-25.0,-134.0,-43.0,261.0,-235.0,-70.0,47.0,189.0
-30.0,102.0,-85.0,-162.0,33.0,309.0,-27.0,-123.0,26.0,219.0
12.0,337.0,-67.0,-231.0,39.0,526.0,129.0,-53.0,20.0,250.0
38.0,260.0,-86.0,-128.0,-77.0,448.0,215.0,-33.0,18.0,273.0
28.0,85.0,-52.0,-64.0,-64.0,225.0,240.0,68.0,-2.0,307.0
-7.0,11.0,-52.0,-29.0,52.0,236.0,232.0,99.0,-20.0,327.0
-55.0,107.0,-97.0,-21.0,74.0,264.0,185.0,157.0,-38.0,340.0
-32.0,211.0,-58.0,-41.0,67.0,290.0,400.0,199.0,-67.0,336.0
26.0,283.0,-38.0,0.0,35.0,92.0,537.0,-35.0,-70.0,336.0
132.0,5.0,-88.0,-6.0,-9.0,116.0,305.0,-186.0,-90.0,333.0
164.0,116.0,-73.0,30.0,0.0,111.0,90.0,-230.0,-101.0,298.0
150.0,119.0,-33.0,88.0,1.0,-101.0,-59.0,22.0,-97.0,272.0
142.0,-220.0,-41.0,75.0,29.0,-39.0,-229.0,365.0,-112.0,224.0
134.0,-269.0,-24.0,46.0,56.0,78.0,-372.0,578.0,-91.0,169.0
134.0,-178.0,-26.0,13.0,109.0,1.0,-382.0,489.0,-84.0,131.0
116.0,-276.0,-26.0,12.0,92.0,-129.0,-459.0,-59.0,-94.0,104.0
144.0,-431.0,7.0,27.0,43.0,-129.0,-656.0,-404.0,-92.0,86.0
175.0,-343.0,32.0,-13.0,123.0,-44.0,-763.0,-607.0,-93.0,79.0
194.0,-274.0,1.0,-38.0,64.0,-127.0,-772.0,-558.0,-72.0,108.0
154.0,-125.0,20.0,-60.0,-19.0,-13.0,-673.0,-295.0,-51.0,133.0
93.0,-221.0,20.0,-152.0,0.0,312.0,-417.0,-103.0,-37.0,165.0
44.0,-297.0,-5.0,-114.0,-38.0,119.0,-193.0,184.0,-40.0,202.0
-15.0,-118.0,17.0,-31.0,-24.0,-27.0,-192.0,254.0,-39.0,226.0
-47.0,-17.0,46.0,16.0,52.0,87.0,-81.0,284.0,-29.0,250.0
-51.0,-181.0,81.0,93.0,12.0,129.0,216.0,197.0,-1.0,284.0
-21.0,-42.0,23.0,109.0,-1.0,77.0,381.0,60.0,33.0,307.0
2.0,183.0,46.0,121.0,21.0,-10.0,392.0,-31.0,58.0,293.0
-7.0,27.0,65.0,150.0,-173.0,59.0,321.0,-158.0,69.0,280.0
-41.0,56.0,48.0,167.0,-95.0,92.0,173.0,-20.0,67.0,276.0
-61.0,108.0,89.0,114.0,113.0,-2.0,53.0,-40.0,84.0,275.0
-80.0,454.0,74.0,58.0,-17.0,-135.0,52.0,-27.0,80.0,255.0
-99.0,447.0,121.0,65.0,-28.0,-27.0,37.0,-59.0,80.0,238.0
-89.0,187.0,43.0,14.0,28.0,69.0,-14.0,-253.0,85.0,244.0
-46.0,128.0,-32.0,-76.0,45.0,40.0,-139.0,-199.0,68.0,240.0
-14.0,120.0,-19.0,-125.0,44.0,107.0,-322.0,-210.0,42.0,252.0
-18.0,342.0,-75.0,-127.0,-39.0,-5.0,-367.0,-114.0,20.0,265.0
-33.0,209.0,-73.0,-76.0,11.0,-199.0,-219.0,-120.0,18.0,256.0
-49.0,32.0,-75.0,-12.0,82.0,-171.0,11.0,-97.0,-3.0,262.0
-20.0,228.0,-134.0,-8.0,22.0,25.0,157.0,90.0,-14.0,267.0
16.0,433.0,-92.0,6.0,-59.0,241.0,156.0,-109.0,-9.0,252.0
53.0,98.0,-42.0,34.0,-9.0,284.0,-49.0,-293.0,-6.0,235.0
76.0,-225.0,-132.0,20.0,67.0,66.0,-226.0,-408.0,12.0,212.0
79.0,-31.0,-63.0,10.0,2.0,-25.0,-177.0,-203.0,14.0,185.0
82.0,-42.0,-81.0,62.0,-145.0,103.0,-158.0,27.0,17.0,175.0
83.0,-347.0,-144.0,119.0,-129.0,170.0,-163.0,-118.0,9.0,153.0
122.0,-427.0,-4.0,122.0,72.0,-85.0,-99.0,-181.0,-25.0,127.0
133.0,-318.0,-1.0,117.0,9.0,-522.0,-64.0,-378.0,-16.0,133.0
107.0,43.0,-22.0,96.0,-71.0,-469.0,-130.0,-188.0,0.0,141.0
61.0,180.0,-54.0,103.0,-30.0,-287.0,-254.0,184.0,-15.0,132.0
21.0,-212.0,-91.0,107.0,-28.0,-313.0,-130.0,341.0,-22.0,128.0
23.0,-80.0,-109.0,61.0,118.0,-145.0,82.0,417.0,-43.0,139.0
57.0,309.0,-97.0,19.0,-3.0,3.0,19.0,195.0,-58.0,137.0
68.0,250.0,-41.0,52.0,-134.0,70.0,25.0,90.0,-43.0,121.0
15.0,55.0,-116.0,108.0,64.0,107.0,210.0,-57.0,-47.0,112.0
-33.0,343.0,-97.0,80.0,140.0,106.0,332.0,-195.0,-40.0,81.0
-72.0,414.0,-24.0,44.0,35.0,-27.0,334.0,-341.0,-22.0,36.0
-92.0,0.0,-58.0,51.0,-101.0,-193.0,321.0,-426.0,-22.0,2.0
-119.0,-25.0,-37.0,41.0,-54.0,-36.0,355.0,-153.0,-34.0,-22.0
-130.0,-60.0,-68.0,61.0,37.0,-12.0,230.0,9.0,-48.0,-55.0
-126.0,-100.0,-58.0,93.0,-23.0,-193.0,131.0,12.0,-39.0,-97.0
-110.0,-204.0,1.0,110.0,-93.0,-134.0,167.0,-168.0,-34.0,-112.0
-65.0,-448.0,37.0,124.0,-58.0,84.0,230.0,-271.0,-30.0,-112.0
-34.0,-530.0,57.0,72.0,57.0,251.0,146.0,-157.0,-7.0,-107.0
-21.0,-439.0,29.0,62.0,50.0,242.0,-237.0,-179.0,-8.0,-94.0
-46.0,-223.0,107.0,72.0,-121.0,108.0,-409.0,-251.0,-9.0,-70.0
-59.0,-178.0,98.0,65.0,-186.0,14.0,-381.0,-325.0,6.0,-40.0
-57.0,-269.0,93.0,25.0,-28.0,-18.0,-350.0,-142.0,0.0,-26.0
-21.0,-131.0,111.0,-63.0,-7.0,89.0,-388.0,55.0,-8.0,-10.0
46.0,-124.0,99.0,-90.0,-43.0,229.0,-495.0,-14.0,3.0,0.0
100.0,-252.0,127.0,-111.0,-29.0,102.0,-343.0,-179.0,3.0,0.0
120.0,149.0,81.0,-149.0,-84.0,33.0,-280.0,-388.0,-4.0,-4.0
108.0,449.0,118.0,-132.0,66.0,287.0,-339.0,-352.0,-3.0,-14.0
94.0,109.0,86.0,-73.0,28.0,314.0,-325.0,-319.0,-10.0,-12.0
62.0,-98.0,89.0,-45.0,-130.0,39.0,-87.0,-97.0,-17.0,-7.0
54.0,132.0,84.0,-46.0,6.0,-10.0,182.0,229.0,0.0,1.0
54.0,14.0,0.0,-67.0,-28.0,152.0,-5.0,121.0,5.0,16.0
65.0,-87.0,49.0,-86.0,-87.0,366.0,-162.0,-118.0,2.0,30.0
76.0,124.0,48.0,-20.0,12.0,346.0,-89.0,-395.0,22.0,34.0
77.0,251.0,-7.0,67.0,20.0,144.0,82.0,-406.0,14.0,46.0
78.0,242.0,-77.0,127.0,43.0,76.0,174.0,-389.0,-4.0,80.0
68.0,286.0,-36.0,192.0,98.0,121.0,194.0,-458.0,-2.0,80.0
45.0,416.0,-98.0,232.0,-18.0,221.0,176.0,-412.0,-25.0,78.0
-20.0,366.0,-100.0,265.0,-94.0,222.0,91.0,-352.0,-40.0,84.0
-64.0,436.0,24.0,259.0,55.0,268.0,299.0,-147.0,-37.0,91.0
-97.0,108.0,-74.0,205.0,22.0,376.0,358.0,-229.0,-53.0,94.0
-103.0,-67.0,-54.0,119.0,-23.0,431.0,314.0,-330.0,-64.0,92.0
-106.0,183.0,-47.0,2.0,53.0,223.0,353.0,-299.0,-60.0,115.0
-128.0,236.0,-58.0,-2.0,43.0,-48.0,419.0,-243.0,-60.0,127.0
-124.0,221.0,-31.0,17.0,111.0,10.0,453.0,-57.0,-67.0,143.0
-138.0,-103.0,-71.0,-24.0,59.0,222.0,294.0,9.0,-55.0,175.0
-150.0,-200.0,-103.0,-49.0,-26.0,321.0,162.0,134.0,-52.0,203.0
-186.0,103.0,-147.0,-90.0,77.0,194.0,-184.0,40.0,-62.0,212.0
-204.0,63.0,-179.0,-33.0,63.0,140.0,-241.0,-51.0,-37.0,213.0
-193.0,-172.0,-198.0,-17.0,0.0,162.0,-35.0,14.0,-9.0,234.0
-197.0,-33.0,-146.0,-70.0,38.0,66.0,36.0,-145.0,-2.0,248.0
-181.0,136.0,-194.0,-18.0,35.0,-4.0,-17.0,-173.0,-13.0,243.0
-156.0,31.0,-160.0,10.0,44.0,0.0,-185.0,-277.0,0.0,234.0
-116.0,-192.0,-128.0,72.0,61.0,26.0,-68.0,-345.0,-5.0,232.0
-103.0,21.0,-153.0,79.0,-26.0,47.0,-51.0,-218.0,-15.0,224.0
-133.0,5.0,-106.0,58.0,0.0,31.0,-28.0,-158.0,20.0,214.0
-125.0,-165.0,-135.0,69.0,155.0,42.0,-63.0,-105.0,25.0,190.0
-101.0,-121.0,-117.0,45.0,44.0,-87.0,-196.0,-271.0,37.0,160.0
-69.0,-440.0,-119.0,40.0,-35.0,-47.0,-266.0,-317.0,29.0,151.0
-29.0,-270.0,-75.0,8.0,81.0,125.0,-306.0,-182.0,30.0,149.0
-4.0,-137.0,-62.0,-13.0,63.0,25.0,-163.0,7.0,51.0,153.0
-5.0,-242.0,-32.0,-29.0,101.0,145.0,-135.0,179.0,22.0,156.0
-34.0,-439.0,13.0,1.0,-11.0,264.0,102.0,40.0,-1.0,161.0
-61.0,-454.0,-22.0,89.0,-108.0,358.0,238.0,5.0,-26.0,159.0
-77.0,-191.0,31.0,168.0,86.0,209.0,150.0,-131.0,-48.0,150.0
-29.0,-238.0,-19.0,133.0,39.0,-88.0,230.0,-317.0,-66.0,138.0
20.0,-19.0,-89.0,95.0,-78.0,-3.0,228.0,-373.0,-80.0,124.0
41.0,-20.0,-73.0,112.0,2.0,-3.0,112.0,-447.0,-94.0,108.0
34.0,-135.0,-122.0,38.0,0.0,-4.0,-53.0,-332.0,-107.0,88.0
4.0,49.0,-154.0,-7.0,-23.0,31.0,-77.0,-186.0,-116.0,71.0
7.0,144.0,-90.0,-34.0,-54.0,12.0,-39.0,112.0,-137.0,34.0
14.0,158.0,-114.0,-31.0,-179.0,-257.0,66.0,266.0,-135.0,-14.0
24.0,212.0,-112.0,-38.0,-6.0,-348.0,10.0,208.0,-137.0,-40.0
15.0,175.0,-85.0,-102.0,84.0,-49.0,-176.0,46.0,-145.0,-57.0
47.0,207.0,-138.0,-130.0,-106.0,-91.0,-146.0,-155.0,-150.0,-95.0
96.0,370.0,-69.0,-141.0,1.0,-302.0,-133.0,31.0,-142.0,-131.0
109.0,360.0,-62.0,-120.0,86.0,-361.0,-172.0,145.0,-139.0,-152.0
113.0,276.0,-92.0,-34.0,10.0,8.0,-177.0,103.0,-138.0,-172.0
99.0,241.0,-58.0,-35.0,-29.0,211.0,-85.0,-92.0,-97.0,-200.0
94.0,342.0,-76.0,-91.0,-143.0,-12.0,-20.0,-219.0,-90.0,-210.0
73.0,131.0,-75.0,-79.0,-103.0,33.0,-109.0,-162.0,-90.0,-222.0
60.0,92.0,-58.0,-110.0,101.0,-20.0,-290.0,-369.0,-49.0,-245.0
36.0,245.0,-96.0,-126.0,25.0,-354.0,-330.0,-556.0,-28.0,-253.0
16.0,183.0,-75.0,-162.0,-79.0,-667.0,-87.0,-532.0,-13.0,-260.0
10.0,357.0,-40.0,-183.0,4.0,-517.0,168.0,-62.0,25.0,-268.0
7.0,63.0,-76.0,-178.0,14.0,-153.0,187.0,526.0,45.0,-266.0
-2.0,-121.0,-42.0,-196.0,9.0,-206.0,68.0,764.0,39.0,-253.0
-28.0,255.0,-61.0,-191.0,-131.0,-381.0,138.0,750.0,54.0,-220.0
-11.0,150.0,-116.0,-167.0,-147.0,-347.0,363.0,417.0,69.0,-173.0
6.0,-40.0,-66.0,-96.0,81.0,-281.0,390.0,145.0,84.0,-126.0
32.0,-71.0,-69.0,-71.0,79.0,-362.0,189.0,-164.0,111.0,-71.0
28.0,16.0,-116.0,0.0,1.0,-364.0,47.0,-363.0,114.0,-17.0
13.0,39.0,-63.0,28.0,1.0,-234.0,65.0,-399.0,116.0,14.0
25.0,-172.0,-88.0,-7.0,78.0,-121.0,172.0,-691.0,109.0,60.0
48.0,92.0,-135.0,27.0,132.0,-112.0,202.0,-715.0,104.0,88.0
62.0,169.0,-66.0,41.0,-43.0,-41.0,26.0,-667.0,88.0,102.0
33.0,-10.0,-43.0,36.0,-67.0,18.0,-235.0,-563.0,52.0,116.0
51.0,-92.0,-32.0,44.0,85.0,68.0,-303.0,-356.0,30.0,105.0
79.0,-162.0,-22.0,61.0,8.0,120.0,-228.0,-242.0,2.0,92.0
98.0,70.0,-3.0,83.0,-60.0,0.0,-327.0,55.0,-29.0,55.0
115.0,-23.0,-2.0,132.0,-11.0,-29.0,-440.0,254.0,-59.0,31.0
137.0,-124.0,-3.0,83.0,-5.0,-18.0,-552.0,482.0,-82.0,16.0
158.0,-133.0,17.0,-2.0,70.0,-67.0,-579.0,491.0,-103.0,-17.0
125.0,-126.0,60.0,-82.0,-16.0,-150.0,-451.0,430.0,-118.0,-41.0
97.0,225.0,68.0,-109.0,-144.0,-82.0,-451.0,397.0,-121.0,-46.0
50.0,148.0,-8.0,-85.0,-25.0,-129.0,-363.0,157.0,-125.0,-38.0
30.0,-104.0,26.0,-86.0,70.0,-140.0,-160.0,105.0,-103.0,-30.0
27.0,59.0,10.0,-17.0,50.0,12.0,-72.0,-101.0,-84.0,-2.0
25.0,219.0,-33.0,-42.0,4.0,-19.0,-185.0,-304.0,-98.0,20.0
34.0,427.0,5.0,-52.0,28.0,-29.0,-322.0,-618.0,-99.0,33.0
29.0,205.0,-28.0,-39.0,58.0,-23.0,-151.0,-875.0,-79.0,37.0
45.0,28.0,-24.0,-50.0,11.0,285.0,-16.0,-691.0,-68.0,32.0
33.0,382.0,-35.0,-75.0,-112.0,237.0,-73.0,-667.0,-67.0,38.0
37.0,-66.0,-57.0,-96.0,-1.0,-235.0,-138.0,-582.0,-65.0,24.0
7.0,-334.0,-69.0,-50.0,171.0,-346.0,-105.0,-266.0,-49.0,12.0
-34.0,-139.0,-87.0,-41.0,21.0,-237.0,166.0,227.0,-46.0,0.0
-44.0,-176.0,-53.0,-53.0,-20.0,-135.0,237.0,667.0,-43.0,-17.0
-42.0,-216.0,-76.0,-64.0,12.0,-39.0,101.0,824.0,-21.0,-43.0
-28.0,-335.0,-67.0,-6.0,46.0,194.0,30.0,733.0,-24.0,-72.0
-44.0,-195.0,-5.0,-93.0,37.0,231.0,-53.0,347.0,-36.0,-83.0
-30.0,-201.0,-22.0,-146.0,-105.0,29.0,-34.0,112.0,-26.0,-104.0
-17.0,-209.0,-61.0,-101.0,-32.0,-159.0,15.0,-16.0,-10.0,-117.0
1.0,-211.0,-35.0,-100.0,144.0,-66.0,47.0,-105.0,4.0,-124.0
-14.0,-211.0,-76.0,-34.0,128.0,51.0,10.0,-229.0,27.0,-122.0
-53.0,-157.0,-60.0,-55.0,-41.0,60.0,-5.0,-617.0,59.0,-127.0
-61.0,-348.0,-13.0,-22.0,-85.0,-60.0,-58.0,-707.0,76.0,-138.0
-78.0,-139.0,-80.0,-11.0,36.0,-123.0,-107.0,-563.0,80.0,-132.0
-62.0,167.0,-50.0,-9.0,3.0,4.0,15.0,-325.0,75.0,-140.0
-43.0,-42.0,-65.0,-3.0,-176.0,-98.0,31.0,-144.0,64.0,-149.0
-33.0,-62.0,-68.0,-55.0,-96.0,-133.0,7.0,-51.0,66.0,-157.0
-47.0,-31.0,-20.0,-36.0,55.0,-194.0,-79.0,280.0,63.0,-168.0
-43.0,-211.0,-84.0,-70.0,7.0,-56.0,-217.0,545.0,38.0,-183.0
-18.0,120.0,-48.0,-134.0,-29.0,31.0,-293.0,596.0,7.0,-205.0
5.0,292.0,-21.0,-179.0,-80.0,-62.0,-285.0,249.0,-8.0,-217.0
15.0,142.0,-106.0,-178.0,-6.0,-119.0,-175.0,-36.0,-21.0,-205.0
16.0,37.0,-9.0,-179.0,33.0,-385.0,-31.0,-99.0,-49.0,-188.0
35.0,22.0,48.0,-146.0,-108.0,-495.0,42.0,-262.0,-75.0,-190.0
44.0,-66.0,0.0,-47.0,-15.0,-478.0,16.0,-219.0,-105.0,-151.0
66.0,-142.0,80.0,-62.0,124.0,-252.0,176.0,-249.0,-129.0,-99.0
46.0,177.0,162.0,-139.0,25.0,-202.0,308.0,-151.0,-132.0,-60.0
46.0,229.0,159.0,-143.0,8.0,-194.0,228.0,-173.0,-153.0,-8.0
52.0,-15.0,158.0,-109.0,20.0,-91.0,31.0,-424.0,-158.0,30.0
28.0,-249.0,254.0,-141.0,-85.0,-207.0,-57.0,-386.0,-148.0,82.0
38.0,84.0,235.0,-195.0,33.0,-325.0,-6.0,-269.0,-147.0,115.0
33.0,284.0,210.0,-207.0,48.0,-324.0,45.0,81.0,-116.0,142.0
23.0,28.0,232.0,-190.0,-124.0,-79.0,74.0,339.0,-83.0,176.0
-6.0,-66.0,225.0,-171.0,9.0,-118.0,-67.0,552.0,-63.0,168.0
3.0,-127.0,299.0,-116.0,140.0,-314.0,-57.0,700.0,-41.0,168.0
40.0,-134.0,271.0,-32.0,12.0,-328.0,-110.0,495.0,-9.0,149.0
48.0,-222.0,251.0,-35.0,-155.0,-131.0,-216.0,345.0,4.0,119.0
46.0,-76.0,237.0,6.0,-81.0,128.0,-144.0,112.0,19.0,80.0
35.0,-44.0,206.0,28.0,23.0,112.0,-131.0,218.0,44.0,16.0
25.0,47.0,189.0,-65.0,8.0,152.0,-165.0,465.0,60.0,-42.0
11.0,10.0,142.0,-88.0,59.0,326.0,-324.0,284.0,89.0,-112.0
22.0,-215.0,174.0,-51.0,15.0,517.0,-253.0,-88.0,121.0,-168.0
39.0,-143.0,129.0,-13.0,87.0,350.0,-6.0,-480.0,144.0,-240.0
55.0,-9.0,124.0,-56.0,152.0,60.0,157.0,-341.0,145.0,-317.0
40.0,-38.0,129.0,-123.0,-61.0,199.0,144.0,-79.0,148.0,-374.0
38.0,-421.0,36.0,-114.0,-103.0,281.0,116.0,-7.0,166.0,-461.0
55.0,-306.0,55.0,-137.0,76.0,177.0,283.0,16.0,155.0,-521.0
52.0,-57.0,56.0,-147.0,89.0,-47.0,346.0,68.0,119.0,-568.0
72.0,-134.0,-5.0,-83.0,-65.0,-150.0,459.0,404.0,100.0,-618.0
63.0,-133.0,14.0,-83.0,-24.0,-17.0,465.0,463.0,106.0,-628.0
75.0,-53.0,8.0,-103.0,-22.0,-58.0,341.0,380.0,78.0,-621.0
104.0,10.0,-43.0,-93.0,-20.0,63.0,289.0,279.0,57.0,-612.0
128.0,84.0,-23.0,-127.0,34.0,255.0,202.0,229.0,35.0,-578.0
130.0,202.0,-58.0,-120.0,-202.0,289.0,-1.0,275.0,-4.0,-523.0
112.0,233.0,-94.0,-94.0,-210.0,280.0,-231.0,7.0,-13.0,-485.0
105.0,420.0,-70.0,-90.0,-13.0,64.0,-311.0,42.0,-23.0,-446.0
81.0,448.0,-123.0,-184.0,5.0,-268.0,-358.0,121.0,-53.0,-402.0
92.0,153.0,-141.0,-301.0,-20.0,-438.0,-277.0,-12.0,-66.0,-350.0
107.0,48.0,-128.0,-279.0,34.0,-58.0,-247.0,-249.0,-50.0,-303.0
129.0,271.0,-122.0,-245.0,52.0,266.0,-263.0,-559.0,-42.0,-268.0
147.0,-25.0,-97.0,-159.0,40.0,134.0,-222.0,-399.0,-48.0,-237.0
150.0,-198.0,-99.0,-50.0,-60.0,-48.0,-125.0,-55.0,-52.0,-210.0
139.0,142.0,-108.0,1.0,-241.0,-69.0,3.0,299.0,-39.0,-200.0
118.0,-159.0,-137.0,-14.0,25.0,214.0,10.0,363.0,-18.0,-199.0
103.0,-194.0,-82.0,-107.0,106.0,261.0,102.0,245.0,-16.0,-189.0
52.0,41.0,-73.0,-186.0,-46.0,65.0,169.0,203.0,-11.0,-202.0
11.0,42.0,-101.0,-221.0,91.0,25.0,157.0,109.0,-3.0,-217.0
14.0,129.0,-50.0,-166.0,7.0,83.0,88.0,271.0,-5.0,-224.0
52.0,103.0,-127.0,-151.0,-11.0,13.0,114.0,236.0,-1.0,-228.0
71.0,-104.0,-139.0,-157.0,-25.0,-350.0,239.0,36.0,0.0,-233.0
61.0,-38.0,-108.0,-134.0,-175.0,-476.0,319.0,-127.0,-1.0,-246.0
41.0,391.0,-181.0,-72.0,-57.0,-98.0,289.0,-245.0,15.0,-245.0
8.0,116.0,-174.0,7.0,56.0,177.0,61.0,-53.0,20.0,-255.0
-32.0,-44.0,-143.0,28.0,4.0,-24.0,-101.0,114.0,20.0,-271.0
-40.0,182.0,-183.0,76.0,28.0,-175.0,8.0,336.0,26.0,-261.0
-33.0,4.0,-168.0,72.0,75.0,-30.0,159.0,485.0,-7.0,-244.0
-54.0,-83.0,-189.0,-16.0,39.0,-47.0,-9.0,598.0,-40.0,-240.0
-72.0,-179.0,-240.0,-98.0,-4.0,-228.0,-111.0,626.0,-55.0,-233.0
-88.0,-84.0,-183.0,-119.0,-86.0,-261.0,-31.0,336.0,-72.0,-223.0
-86.0,-22.0,-257.0,-99.0,17.0,-161.0,169.0,253.0,-92.0,-220.0
-85.0,-137.0,-235.0,-87.0,108.0,-84.0,345.0,232.0,-115.0,-226.0
-80.0,-98.0,-211.0,-59.0,18.0,-162.0,257.0,297.0,-146.0,-211.0
-83.0,11.0,-306.0,-30.0,10.0,-354.0,306.0,295.0,-169.0,-186.0
-85.0,235.0,-244.0,-100.0,83.0,-466.0,537.0,162.0,-180.0,-187.0
-105.0,188.0,-229.0,-132.0,154.0,-394.0,540.0,175.0,-198.0,-185.0
-114.0,-148.0,-189.0,-107.0,40.0,-190.0,253.0,22.0,-181.0,-167.0
-114.0,-157.0,-173.0,-116.0,-69.0,40.0,232.0,0.0,-164.0,-146.0
-120.0,42.0,-169.0,-95.0,-21.0,332.0,261.0,-11.0,-160.0,-156.0
-61.0,37.0,-141.0,-152.0,100.0,434.0,133.0,31.0,-123.0,-175.0
-60.0,-12.0,-132.0,-176.0,105.0,146.0,-48.0,171.0,-100.0,-185.0
-72.0,-49.0,-80.0,-151.0,16.0,-98.0,-204.0,201.0,-82.0,-220.0
-102.0,64.0,-83.0,-117.0,57.0,-70.0,-196.0,243.0,-42.0,-256.0
-115.0,-3.0,-29.0,-121.0,114.0,-81.0,-301.0,112.0,-13.0,-286.0
-98.0,-190.0,-37.0,-209.0,29.0,-354.0,-303.0,144.0,-9.0,-325.0
-106.0,-102.0,-63.0,-253.0,-71.0,-397.0,-298.0,-24.0,-3.0,-371.0
-89.0,-167.0,-15.0,-258.0,15.0,-80.0,-295.0,-290.0,9.0,-404.0
-60.0,-166.0,-31.0,-212.0,89.0,60.0,-240.0,-234.0,14.0,-408.0
2.0,-212.0,-4.0,-126.0,115.0,56.0,-123.0,-195.0,9.0,-414.0
0.0,-251.0,-9.0,-13.0,-11.0,150.0,-42.0,60.0,4.0,-419.0
-25.0,45.0,-33.0,8.0,-60.0,219.0,-101.0,77.0,14.0,-418.0
-52.0,214.0,11.0,-43.0,84.0,149.0,18.0,-101.0,6.0,-399.0
-50.0,95.0,-32.0,-55.0,71.0,195.0,98.0,-214.0,5.0,-382.0
-45.0,-155.0,-63.0,-26.0,-43.0,275.0,246.0,-338.0,18.0,-375.0
-63.0,56.0,-61.0,-43.0,-164.0,101.0,320.0,-194.0,1.0,-354.0
-33.0,273.0,-61.0,-113.0,-15.0,0.0,267.0,145.0,-1.0,-328.0
-13.0,6.0,8.0,-125.0,143.0,-60.0,345.0,796.0,-1.0,-303.0
5.0,-5.0,-8.0,-212.0,-19.0,-219.0,486.0,1176.0,9.0,-280.0
16.0,45.0,-63.0,-249.0,-187.0,-184.0,584.0,1079.0,16.0,-241.0
8.0,61.0,-77.0,-200.0,-61.0,-86.0,589.0,700.0,0.0,-211.0
-50.0,8.0,-42.0,-185.0,119.0,189.0,638.0,-18.0,6.0,-193.0
-75.0,-108.0,-60.0,-133.0,-4.0,250.0,592.0,-402.0,19.0,-165.0
-70.0,62.0,-58.0,-63.0,-134.0,59.0,562.0,-417.0,33.0,-164.0
-34.0,225.0,-2.0,10.0,-65.0,158.0,398.0,-120.0,28.0,-169.0
-4.0,143.0,-71.0,23.0,27.0,17.0,186.0,160.0,40.0,-175.0
-1.0,22.0,-62.0,58.0,82.0,-66.0,172.0,110.0,56.0,-197.0
0.0,176.0,-102.0,131.0,-16.0,-161.0,123.0,86.0,46.0,-232.0
-46.0,278.0,-86.0,172.0,-109.0,-210.0,85.0,-120.0,40.0,-254.0
-60.0,113.0,-23.0,162.0,48.0,43.0,90.0,-260.0,11.0,-276.0
-111.0,43.0,-78.0,100.0,-3.0,-2.0,-1.0,-382.0,2.0,-312.0
-93.0,-106.0,-108.0,75.0,-111.0,-56.0,-241.0,-461.0,0.0,-327.0
-56.0,-382.0,-160.0,5.0,-24.0,-98.0,-262.0,-242.0,14.0,-347.0
-51.0,-213.0,-132.0,-92.0,-4.0,35.0,-277.0,38.0,12.0,-370.0
-63.0,-78.0,-177.0,-145.0,87.0,208.0,-398.0,768.0,-21.0,-388.0
-90.0,-278.0,-143.0,-114.0,21.0,-2.0,-247.0,1483.0,-11.0,-398.0
-88.0,-171.0,-121.0,-17.0,-62.0,-4.0,3.0,1631.0,-4.0,-404.0
-119.0,-166.0,-181.0,5.0,38.0,73.0,194.0,979.0,0.0,-426.0
-141.0,-260.0,-90.0,-18.0,54.0,-109.0,183.0,-116.0,-11.0,-430.0
-182.0,-130.0,-162.0,-64.0,-35.0,-183.0,131.0,-755.0,-22.0,-422.0
-153.0,-73.0,-169.0,-89.0,-156.0,-90.0,332.0,-975.0,-14.0,-415.0
-120.0,-67.0,-68.0,-31.0,-3.0,129.0,548.0,-600.0,-35.0,-389.0
-65.0,-10.0,-58.0,10.0,128.0,156.0,507.0,-269.0,-39.0,-355.0
-22.0,132.0,-37.0,-3.0,-45.0,-57.0,275.0,-362.0,-40.0,-319.0
-13.0,66.0,-6.0,11.0,-68.0,-87.0,210.0,-358.0,-29.0,-270.0
13.0,197.0,-16.0,34.0,13.0,-123.0,383.0,-205.0,-20.0,-214.0
-26.0,426.0,-44.0,-24.0,-30.0,-210.0,305.0,158.0,-13.0,-162.0
-52.0,131.0,-25.0,-100.0,-89.0,-183.0,-16.0,424.0,8.0,-117.0
-82.0,122.0,-24.0,-96.0,-103.0,-70.0,7.0,550.0,6.0,-71.0
-45.0,233.0,11.0,-117.0,-63.0,-74.0,284.0,423.0,17.0,-33.0
-26.0,86.0,-12.0,-164.0,87.0,-160.0,344.0,293.0,31.0,-12.0
-23.0,-9.0,-28.0,-124.0,37.0,-302.0,411.0,423.0,58.0,-7.0
-20.0,110.0,29.0,-41.0,-158.0,-290.0,490.0,556.0,67.0,-13.0
-63.0,28.0,14.0,10.0,-24.0,4.0,507.0,720.0,74.0,-17.0
-118.0,-316.0,27.0,1.0,92.0,276.0,677.0,528.0,101.0,-17.0
-200.0,-104.0,24.0,6.0,-68.0,414.0,603.0,194.0,88.0,-24.0
-208.0,-116.0,-8.0,18.0,-71.0,177.0,250.0,-68.0,100.0,-34.0
-189.0,-227.0,-13.0,-32.0,57.0,19.0,227.0,-290.0,104.0,-37.0
-163.0,-91.0,-23.0,-35.0,28.0,66.0,506.0,-201.0,107.0,-50.0
-163.0,-53.0,-46.0,18.0,11.0,38.0,374.0,-162.0,137.0,-71.0
-167.0,60.0,-43.0,65.0,25.0,-121.0,-52.0,-291.0,141.0,-99.0
-144.0,155.0,-29.0,92.0,25.0,-169.0,-221.0,-609.0,147.0,-127.0
-117.0,292.0,-29.0,112.0,101.0,353.0,-93.0,-678.0,125.0,-148.0
-107.0,120.0,-26.0,109.0,65.0,391.0,-4.0,-280.0,105.0,-162.0
-111.0,69.0,-43.0,69.0,-79.0,-149.0,-205.0,218.0,95.0,-173.0
-78.0,47.0,-70.0,33.0,-68.0,-342.0,-282.0,885.0,68.0,-185.0
-50.0,-140.0,-118.0,-10.0,124.0,-156.0,-191.0,990.0,23.0,-198.0
-23.0,-260.0,-64.0,-57.0,153.0,-52.0,-50.0,509.0,-31.0,-191.0
-11.0,-167.0,-32.0,-41.0,9.0,-388.0,-115.0,-157.0,-68.0,-172.0
-5.0,68.0,-32.0,27.0,20.0,-246.0,-372.0,-631.0,-105.0,-164.0
-1.0,-95.0,18.0,24.0,51.0,214.0,-104.0,-437.0,-158.0,-147.0
-2.0,-115.0,-20.0,13.0,88.0,203.0,257.0,-118.0,-194.0,-125.0
-9.0,-242.0,-22.0,44.0,41.0,83.0,206.0,236.0,-204.0,-95.0
-4.0,-5.0,-52.0,49.0,-132.0,208.0,129.0,160.0,-224.0,-80.0
-12.0,279.0,-43.0,81.0,14.0,328.0,274.0,-101.0,-245.0,-67.0
-34.0,8.0,-24.0,139.0,90.0,43.0,420.0,-327.0,-242.0,-57.0
-47.0,87.0,-85.0,155.0,-47.0,-79.0,474.0,-713.0,-221.0,-66.0
-28.0,-22.0,-39.0,155.0,-26.0,187.0,588.0,-650.0,-198.0,-67.0
9.0,-203.0,-22.0,138.0,-81.0,379.0,391.0,-576.0,-165.0,-85.0
5.0,-308.0,6.0,113.0,23.0,269.0,209.0,-107.0,-137.0,-105.0
10.0,-249.0,47.0,162.0,4.0,252.0,232.0,602.0,-121.0,-110.0
16.0,-208.0,37.0,191.0,-250.0,387.0,80.0,1038.0,-88.0,-122.0
13.0,-156.0,71.0,211.0,-85.0,208.0,-8.0,1143.0,-37.0,-129.0
-25.0,-133.0,45.0,129.0,39.0,30.0,-111.0,583.0,3.0,-119.0
-18.0,-359.0,76.0,11.0,-91.0,0.0,-177.0,273.0,26.0,-126.0
0.0,-14.0,98.0,-15.0,-134.0,145.0,-450.0,86.0,35.0,-134.0
8.0,151.0,73.0,-93.0,-92.0,296.0,-707.0,-195.0,49.0,-123.0
22.0,125.0,134.0,-79.0,10.0,351.0,-416.0,-356.0,77.0,-118.0
-9.0,195.0,95.0,-27.0,61.0,570.0,-253.0,-550.0,86.0,-132.0
-29.0,122.0,85.0,-16.0,-39.0,714.0,-258.0,-476.0,73.0,-153.0
-52.0,267.0,97.0,-6.0,-133.0,568.0,-412.0,-301.0,71.0,-152.0
-36.0,362.0,46.0,65.0,17.0,281.0,-534.0,-153.0,65.0,-178.0
-35.0,151.0,43.0,165.0,136.0,108.0,-330.0,-319.0,45.0,-212.0
-19.0,-62.0,33.0,213.0,3.0,16.0,-229.0,-500.0,49.0,-243.0
-24.0,-6.0,20.0,240.0,-80.0,-108.0,-110.0,-334.0,43.0,-276.0
-19.0,-127.0,-16.0,228.0,-13.0,-171.0,5.0,-280.0,33.0,-287.0
15.0,-299.0,-26.0,235.0,39.0,-142.0,113.0,-25.0,29.0,-312.0
8.0,-253.0,16.0,167.0,-9.0,127.0,138.0,363.0,12.0,-311.0
0.0,-114.0,-9.0,131.0,-111.0,416.0,118.0,670.0,-11.0,-305.0
-26.0,-13.0,-34.0,118.0,-64.0,179.0,375.0,548.0,-56.0,-305.0
32.0,-37.0,-10.0,32.0,47.0,-21.0,380.0,-31.0,-77.0,-278.0
59.0,-18.0,-37.0,-3.0,-17.0,65.0,196.0,-127.0,-88.0,-254.0
89.0,52.0,-58.0,-29.0,-99.0,-25.0,61.0,14.0,-118.0,-210.0
115.0,222.0,-24.0,-18.0,-58.0,-243.0,-40.0,147.0,-121.0,-176.0
109.0,112.0,0.0,-20.0,23.0,-248.0,12.0,42.0,-98.0,-133.0
106.0,-38.0,-7.0,-18.0,24.0,123.0,-42.0,-399.0,-85.0,-52.0
31.0,250.0,3.0,18.0,-25.0,175.0,-204.0,-702.0,-91.0,4.0
-18.0,202.0,32.0,50.0,45.0,82.0,-451.0,-870.0,-91.0,65.0
-75.0,-62.0,42.0,78.0,51.0,267.0,-462.0,-657.0,-80.0,132.0
-73.0,74.0,0.0,76.0,2.0,273.0,-304.0,-352.0,-63.0,198.0
-54.0,147.0,2.0,101.0,33.0,68.0,-211.0,-9.0,-70.0,270.0
-65.0,-98.0,11.0,138.0,-49.0,97.0,-146.0,328.0,-61.0,323.0
-64.0,-202.0,-27.0,182.0,17.0,478.0,-271.0,384.0,-39.0,387.0
-76.0,-57.0,20.0,182.0,79.0,556.0,-188.0,341.0,-45.0,434.0
-94.0,-21.0,-1.0,141.0,-90.0,295.0,-49.0,166.0,-53.0,463.0
-130.0,83.0,0.0,112.0,-45.0,158.0,-42.0,216.0,-48.0,497.0
-147.0,121.0,58.0,50.0,92.0,325.0,-9.0,157.0,-40.0,511.0
-155.0,-142.0,-20.0,0.0,-29.0,340.0,-13.0,-288.0,-39.0,513.0
-158.0,-17.0,-26.0,-45.0,-85.0,210.0,-35.0,-631.0,-39.0,490.0
-146.0,73.0,5.0,-88.0,-15.0,338.0,-56.0,-727.0,-41.0,459.0
-121.0,-185.0,-56.0,-41.0,-45.0,496.0,-83.0,-596.0,-30.0,414.0
-106.0,-84.0,-91.0,-3.0,100.0,433.0,-205.0,-441.0,-21.0,339.0
-94.0,15.0,-82.0,54.0,58.0,70.0,-160.0,-114.0,-9.0,270.0
-105.0,-30.0,-85.0,169.0,-25.0,123.0,-261.0,-24.0,0.0,197.0
-116.0,-130.0,-107.0,185.0,56.0,369.0,-525.0,-88.0,-2.0,119.0
-93.0,-151.0,-97.0,162.0,-2.0,134.0,-565.0,55.0,3.0,34.0
-82.0,-5.0,-94.0,162.0,48.0,-133.0,-586.0,-160.0,2.0,-50.0
-82.0,-1.0,-118.0,149.0,-12.0,-27.0,-596.0,-273.0,33.0,-110.0
-92.0,-140.0,-78.0,107.0,-19.0,254.0,-568.0,-182.0,43.0,-163.0
-94.0,-227.0,-86.0,141.0,59.0,265.0,-575.0,-42.0,63.0,-209.0
-114.0,-169.0,-84.0,253.0,-32.0,116.0,-604.0,125.0,99.0,-249.0
-92.0,-166.0,-75.0,231.0,-117.0,58.0,-416.0,53.0,89.0,-269.0
-49.0,-118.0,-125.0,206.0,-12.0,107.0,-146.0,46.0,111.0,-273.0
-32.0,-117.0,-80.0,231.0,77.0,152.0,-91.0,-55.0,128.0,-258.0
-5.0,-47.0,-100.0,165.0,-35.0,181.0,-247.0,-164.0,130.0,-231.0
5.0,116.0,-144.0,148.0,-105.0,184.0,-215.0,-412.0,134.0,-206.0
35.0,149.0,-140.0,170.0,-101.0,125.0,0.0,-552.0,117.0,-173.0
40.0,131.0,-172.0,128.0,60.0,14.0,134.0,-351.0,104.0,-130.0
53.0,216.0,-143.0,115.0,53.0,-99.0,277.0,-223.0,90.0,-70.0
77.0,319.0,-87.0,95.0,-89.0,-287.0,294.0,49.0,81.0,-27.0
86.0,195.0,-69.0,93.0,-45.0,-358.0,157.0,3.0,84.0,7.0
107.0,254.0,-70.0,138.0,5.0,-113.0,-28.0,-219.0,77.0,44.0
107.0,347.0,-41.0,138.0,55.0,-19.0,-79.0,-225.0,60.0,80.0
120.0,227.0,-80.0,161.0,-28.0,29.0,-107.0,-59.0,54.0,87.0
122.0,30.0,-84.0,165.0,-55.0,-31.0,23.0,206.0,63.0,74.0
92.0,36.0,-22.0,149.0,83.0,-207.0,64.0,0.0,73.0,67.0
74.0,-28.0,-62.0,186.0,58.0,-237.0,-99.0,-242.0,69.0,41.0
72.0,-15.0,-51.0,197.0,-59.0,-229.0,-163.0,-356.0,63.0,17.0
54.0,143.0,-17.0,152.0,-1.0,-85.0,-157.0,-376.0,71.0,-7.0
31.0,-293.0,-28.0,70.0,36.0,-31.0,-69.0,-262.0,68.0,-30.0
22.0,-409.0,-13.0,55.0,74.0,38.0,-207.0,-448.0,55.0,-44.0
8.0,-158.0,17.0,97.0,130.0,10.0,-191.0,-474.0,55.0,-39.0
6.0,-213.0,53.0,90.0,-26.0,-52.0,-87.0,-266.0,45.0,-5.0
-1.0,-332.0,45.0,134.0,81.0,50.0,41.0,-84.0,33.0,25.0
-27.0,23.0,45.0,202.0,155.0,-156.0,77.0,22.0,13.0,64.0
-50.0,278.0,73.0,177.0,-62.0,-196.0,-174.0,5.0,0.0,104.0
-66.0,0.0,81.0,138.0,-25.0,151.0,-419.0,7.0,8.0,149.0
-67.0,48.0,93.0,107.0,47.0,331.0,-559.0,-48.0,2.0,180.0
-87.0,32.0,66.0,115.0,94.0,-15.0,-414.0,14.0,-4.0,179.0
-82.0,93.0,66.0,133.0,62.0,-183.0,-455.0,-184.0,-6.0,198.0
-67.0,227.0,121.0,118.0,-58.0,181.0,-573.0,-395.0,4.0,200.0
-58.0,-186.0,81.0,155.0,-22.0,86.0,-679.0,-125.0,11.0,182.0
-33.0,-349.0,47.0,133.0,-14.0,-319.0,-623.0,-24.0,13.0,189.0
-46.0,-29.0,65.0,108.0,-1.0,-426.0,-452.0,-192.0,26.0,185.0
-59.0,-185.0,50.0,127.0,-58.0,-217.0,-582.0,-498.0,23.0,167.0
-65.0,-342.0,40.0,120.0,-151.0,-399.0,-649.0,-439.0,15.0,143.0
-40.0,-69.0,32.0,163.0,-3.0,-740.0,-413.0,-194.0,15.0,148.0
-22.0,-66.0,57.0,174.0,71.0,-446.0,21.0,-88.0,20.0,154.0
-4.0,-25.0,41.0,214.0,-112.0,-123.0,169.0,-110.0,31.0,146.0
13.0,124.0,51.0,231.0,-108.0,-188.0,137.0,-467.0,27.0,162.0
2.0,189.0,72.0,210.0,75.0,-444.0,256.0,-375.0,8.0,173.0
15.0,401.0,7.0,225.0,49.0,-131.0,406.0,38.0,0.0,191.0
6.0,584.0,48.0,149.0,-26.0,144.0,420.0,303.0,12.0,200.0
20.0,264.0,58.0,103.0,-81.0,-27.0,427.0,173.0,30.0,217.0
15.0,31.0,81.0,93.0,35.0,52.0,490.0,-232.0,19.0,245.0
25.0,286.0,90.0,38.0,145.0,182.0,596.0,-243.0,11.0,242.0
34.0,244.0,37.0,22.0,-64.0,369.0,522.0,-123.0,31.0,242.0
0.0,-35.0,84.0,18.0,-77.0,196.0,300.0,46.0,59.0,246.0
2.0,-201.0,78.0,-3.0,52.0,36.0,388.0,179.0,79.0,243.0
0.0,-144.0,79.0,16.0,-4.0,236.0,422.0,339.0,80.0,227.0
0.0,-178.0,37.0,74.0,-38.0,215.0,417.0,456.0,92.0,206.0
-5.0,-542.0,8.0,158.0,10.0,56.0,341.0,192.0,100.0,190.0
-6.0,-344.0,44.0,175.0,-19.0,-27.0,172.0,-59.0,107.0,174.0
-26.0,-79.0,48.0,142.0,80.0,150.0,171.0,-454.0,118.0,149.0
-30.0,-254.0,19.0,172.0,91.0,112.0,192.0,-569.0,131.0,138.0
-4.0,-205.0,-6.0,169.0,-119.0,-91.0,1.0,-303.0,142.0,140.0
12.0,-83.0,82.0,103.0,-8.0,35.0,-296.0,-125.0,130.0,122.0
14.0,98.0,64.0,89.0,81.0,211.0,-286.0,199.0,123.0,114.0
-27.0,-14.0,36.0,147.0,-26.0,267.0,-246.0,166.0,124.0,113.0
-62.0,-32.0,81.0,173.0,-81.0,305.0,-267.0,38.0,107.0,106.0
-76.0,79.0,48.0,220.0,-17.0,382.0,-370.0,-5.0,94.0,92.0
-67.0,-71.0,60.0,245.0,48.0,330.0,-494.0,-145.0,111.0,87.0
-93.0,-65.0,57.0,173.0,-33.0,258.0,-485.0,-157.0,100.0,92.0
-107.0,-125.0,83.0,135.0,-38.0,285.0,-388.0,-136.0,69.0,101.0
-103.0,112.0,110.0,104.0,-16.0,122.0,-335.0,131.0,53.0,112.0
-111.0,237.0,116.0,80.0,-24.0,-79.0,-401.0,356.0,57.0,118.0
-116.0,227.0,123.0,65.0,-19.0,-83.0,-218.0,517.0,62.0,130.0
-130.0,376.0,32.0,26.0,-78.0,27.0,-80.0,271.0,32.0,130.0
-120.0,274.0,44.0,-8.0,-115.0,-4.0,-72.0,-356.0,16.0,141.0
-111.0,228.0,53.0,10.0,1.0,-54.0,38.0,-569.0,8.0,138.0
-87.0,166.0,21.0,86.0,-45.0,137.0,88.0,-443.0,-13.0,131.0
-88.0,7.0,39.0,95.0,-129.0,187.0,26.0,18.0,-31.0,127.0
-69.0,-246.0,43.0,76.0,16.0,122.0,109.0,158.0,-48.0,111.0
-51.0,-182.0,75.0,73.0,-61.0,196.0,334.0,20.0,-72.0,125.0
-50.0,-207.0,30.0,44.0,-33.0,284.0,371.0,-20.0,-101.0,129.0
-27.0,-477.0,47.0,30.0,66.0,99.0,312.0,-197.0,-129.0,130.0
-14.0,-335.0,64.0,-35.0,-101.0,-108.0,113.0,-131.0,-146.0,141.0
0.0,-323.0,0.0,-71.0,1.0,-35.0,77.0,-75.0,-159.0,154.0
-3.0,-210.0,22.0,-110.0,106.0,62.0,308.0,97.0,-181.0,172.0
3.0,-175.0,-4.0,-136.0,-20.0,157.0,321.0,400.0,-164.0,197.0
-2.0,-275.0,18.0,-55.0,-19.0,271.0,106.0,559.0,-138.0,214.0
11.0,-17.0,80.0,-71.0,28.0,303.0,-44.0,583.0,-121.0,232.0
29.0,6.0,29.0,-65.0,49.0,189.0,84.0,234.0,-73.0,252.0
51.0,-67.0,35.0,-63.0,35.0,145.0,122.0,66.0,-21.0,238.0
77.0,-70.0,24.0,-38.0,-36.0,164.0,87.0,-14.0,19.0,232.0
75.0,-92.0,0.0,11.0,-5.0,391.0,241.0,-110.0,49.0,211.0
86.0,-111.0,29.0,0.0,68.0,465.0,396.0,-203.0,82.0,179.0
93.0,-74.0,-40.0,102.0,5.0,231.0,640.0,-509.0,124.0,157.0
121.0,-34.0,-21.0,172.0,-17.0,174.0,761.0,-578.0,163.0,128.0
138.0,-64.0,49.0,141.0,-16.0,185.0,620.0,-521.0,194.0,113.0
160.0,102.0,0.0,112.0,-5.0,282.0,495.0,-293.0,209.0,87.0
197.0,110.0,0.0,122.0,67.0,48.0,554.0,-120.0,220.0,67.0
234.0,-32.0,3.0,101.0,-92.0,-42.0,573.0,-77.0,224.0,72.0
244.0,-7.0,22.0,101.0,-128.0,313.0,487.0,-22.0,227.0,64.0
229.0,90.0,48.0,76.0,78.0,322.0,373.0,-31.0,230.0,60.0
229.0,343.0,45.0,8.0,7.0,101.0,155.0,395.0,218.0,66.0
237.0,280.0,60.0,49.0,-115.0,177.0,19.0,659.0,185.0,68.0
237.0,-74.0,21.0,96.0,-114.0,317.0,-123.0,622.0,155.0,82.0
233.0,33.0,23.0,100.0,-7.0,-2.0,-385.0,478.0,131.0,94.0
240.0,38.0,41.0,71.0,94.0,-193.0,-640.0,16.0,107.0,112.0
260.0,-206.0,48.0,26.0,-73.0,12.0,-677.0,-247.0,83.0,120.0
258.0,-250.0,54.0,-31.0,-80.0,205.0,-752.0,-430.0,53.0,126.0
217.0,-370.0,7.0,-30.0,101.0,60.0,-758.0,-399.0,31.0,154.0
209.0,-192.0,-17.0,-6.0,96.0,-15.0,-621.0,-216.0,2.0,159.0
194.0,-55.0,1.0,-48.0,4.0,331.0,-592.0,-232.0,-14.0,158.0
179.0,-398.0,-17.0,-82.0,-107.0,377.0,-382.0,-371.0,-9.0,162.0
169.0,-437.0,-49.0,-46.0,-39.0,185.0,-99.0,-502.0,-5.0,167.0
186.0,-179.0,2.0,27.0,122.0,198.0,205.0,-253.0,12.0,183.0
214.0,-129.0,2.0,71.0,46.0,347.0,340.0,20.0,23.0,200.0
205.0,-328.0,-10.0,124.0,-43.0,349.0,536.0,303.0,19.0,222.0
183.0,-217.0,-26.0,126.0,15.0,141.0,758.0,410.0,11.0,234.0
131.0,64.0,-23.0,99.0,115.0,74.0,729.0,267.0,27.0,233.0
150.0,191.0,26.0,67.0,110.0,225.0,742.0,436.0,51.0,235.0
140.0,426.0,7.0,-4.0,-108.0,251.0,653.0,443.0,51.0,236.0
110.0,261.0,0.0,34.0,-89.0,66.0,562.0,343.0,45.0,228.0
110.0,238.0,13.0,44.0,166.0,-43.0,394.0,219.0,51.0,213.0
133.0,401.0,55.0,84.0,-40.0,0.0,-101.0,51.0,76.0,205.0
153.0,211.0,55.0,154.0,-216.0,46.0,-467.0,18.0,85.0,212.0
117.0,382.0,56.0,186.0,13.0,144.0,-436.0,-133.0,78.0,199.0
109.0,448.0,58.0,207.0,-38.0,281.0,-569.0,-182.0,94.0,193.0
86.0,388.0,70.0,110.0,-97.0,254.0,-641.0,-221.0,86.0,208.0
67.0,322.0,87.0,109.0,-10.0,360.0,-497.0,-140.0,72.0,208.0
69.0,143.0,-11.0,72.0,-86.0,419.0,-275.0,79.0,62.0,207.0
90.0,75.0,30.0,41.0,14.0,150.0,-93.0,242.0,31.0,214.0
111.0,-240.0,76.0,117.0,108.0,171.0,-83.0,576.0,19.0,231.0
153.0,-217.0,-4.0,141.0,-74.0,347.0,54.0,724.0,0.0,234.0
145.0,-192.0,4.0,76.0,-40.0,268.0,148.0,729.0,-4.0,250.0
101.0,-372.0,-50.0,-26.0,121.0,139.0,491.0,461.0,3.0,269.0
79.0,-323.0,-59.0,-89.0,-5.0,112.0,610.0,-51.0,-11.0,264.0
62.0,-201.0,-8.0,-211.0,23.0,285.0,401.0,-321.0,-1.0,265.0
68.0,-62.0,-53.0,-215.0,28.0,304.0,353.0,-504.0,0.0,272.0
45.0,-399.0,-9.0,-131.0,-51.0,198.0,324.0,-347.0,-19.0,260.0
60.0,-429.0,-44.0,-88.0,105.0,358.0,425.0,-46.0,-35.0,224.0
45.0,-252.0,-78.0,-23.0,-17.0,252.0,330.0,192.0,-34.0,217.0
64.0,-332.0,-61.0,76.0,-84.0,87.0,97.0,171.0,-24.0,223.0
106.0,-191.0,-86.0,152.0,81.0,136.0,148.0,-68.0,-14.0,218.0
122.0,-73.0,-47.0,192.0,62.0,-18.0,483.0,-138.0,-9.0,207.0
125.0,14.0,-28.0,201.0,14.0,-75.0,555.0,-271.0,0.0,195.0
93.0,165.0,-24.0,148.0,-12.0,47.0,524.0,-44.0,32.0,194.0
82.0,381.0,-59.0,64.0,96.0,158.0,268.0,243.0,51.0,172.0
45.0,323.0,-40.0,-17.0,97.0,83.0,240.0,391.0,72.0,150.0
43.0,250.0,-27.0,-33.0,-106.0,25.0,518.0,546.0,85.0,130.0
25.0,180.0,-55.0,-53.0,-81.0,191.0,67.0,489.0,94.0,101.0
57.0,295.0,-66.0,-83.0,22.0,283.0,65.0,447.0,116.0,80.0
119.0,322.0,-74.0,-135.0,103.0,356.0,261.0,319.0,121.0,64.0
147.0,-78.0,-69.0,-116.0,57.0,518.0,191.0,371.0,146.0,50.0
142.0,-18.0,-58.0,-56.0,-56.0,516.0,150.0,362.0,173.0,39.0
81.0,34.0,-50.0,-53.0,60.0,256.0,-182.0,194.0,159.0,24.0
49.0,56.0,-52.0,0.0,135.0,134.0,-116.0,182.0,154.0,17.0
15.0,11.0,-97.0,6.0,-31.0,237.0,174.0,109.0,161.0,12.0
42.0,-38.0,-138.0,-19.0,-137.0,357.0,85.0,116.0,156.0,-7.0
69.0,189.0,-86.0,-27.0,-21.0,379.0,-182.0,18.0,150.0,-16.0
82.0,326.0,-104.0,-35.0,81.0,369.0,-309.0,1.0,140.0,-21.0
96.0,272.0,-13.0,-58.0,68.0,333.0,-294.0,-11.0,125.0,-15.0
82.0,122.0,-11.0,-27.0,-109.0,250.0,-131.0,-133.0,100.0,-14.0
73.0,151.0,-65.0,68.0,-125.0,273.0,-140.0,48.0,80.0,-22.0
62.0,18.0,-66.0,148.0,47.0,163.0,-232.0,238.0,58.0,-17.0
66.0,-293.0,-112.0,158.0,3.0,-14.0,-20.0,482.0,44.0,-12.0
61.0,-543.0,15.0,112.0,-33.0,-87.0,278.0,439.0,40.0,0.0
93.0,-352.0,-44.0,133.0,-7.0,7.0,416.0,158.0,22.0,18.0
149.0,-222.0,-75.0,177.0,36.0,148.0,126.0,92.0,17.0,27.0
182.0,-357.0,-10.0,196.0,117.0,217.0,126.0,64.0,-8.0,63.0
187.0,-317.0,-112.0,128.0,43.0,364.0,495.0,208.0,-20.0,105.0
162.0,-184.0,-105.0,71.0,-31.0,404.0,461.0,171.0,-20.0,133.0
121.0,48.0,-22.0,4.0,112.0,354.0,517.0,73.0,-24.0,180.0
109.0,-10.0,-44.0,-132.0,124.0,150.0,709.0,-25.0,-20.0,216.0
121.0,60.0,-89.0,-174.0,-2.0,-39.0,851.0,-88.0,-11.0,244.0
130.0,75.0,-68.0,-147.0,28.0,-45.0,976.0,208.0,17.0,279.0
134.0,32.0,-91.0,-129.0,27.0,-45.0,928.0,338.0,30.0,300.0
116.0,406.0,-75.0,-121.0,79.0,23.0,1100.0,410.0,44.0,325.0
93.0,336.0,-58.0,-56.0,74.0,210.0,1192.0,391.0,55.0,329.0
35.0,141.0,-105.0,9.0,-60.0,323.0,993.0,408.0,52.0,324.0
2.0,192.0,-52.0,60.0,-3.0,172.0,1006.0,607.0,46.0,325.0
11.0,88.0,0.0,115.0,142.0,50.0,906.0,596.0,41.0,303.0
37.0,167.0,-48.0,94.0,100.0,44.0,648.0,709.0,38.0,289.0
55.0,257.0,-61.0,36.0,-120.0,62.0,206.0,720.0,25.0,276.0
68.0,250.0,-71.0,-42.0,6.0,142.0,-188.0,559.0,20.0,247.0
87.0,108.0,-71.0,-116.0,185.0,280.0,-202.0,312.0,12.0,240.0
93.0,68.0,-43.0,-118.0,9.0,252.0,-433.0,60.0,2.0,233.0
117.0,110.0,-80.0,-95.0,-72.0,39.0,-828.0,77.0,-1.0,239.0
83.0,-239.0,-58.0,-77.0,-94.0,84.0,-976.0,29.0,-19.0,245.0
35.0,-75.0,-20.0,-100.0,-25.0,36.0,-786.0,153.0,-52.0,241.0
15.0,99.0,-20.0,-104.0,-3.0,-102.0,-821.0,225.0,-72.0,252.0
5.0,-95.0,14.0,-96.0,-71.0,-62.0,-624.0,175.0,-75.0,245.0
14.0,-102.0,-3.0,-121.0,-1.0,-174.0,-278.0,240.0,-77.0,238.0
0.0,-49.0,-4.0,-45.0,35.0,-224.0,-398.0,164.0,-71.0,239.0
-5.0,179.0,-13.0,93.0,24.0,-227.0,-188.0,175.0,-67.0,224.0
-13.0,68.0,-60.0,180.0,-59.0,29.0,3.0,14.0,-60.0,205.0
-18.0,-194.0,-27.0,153.0,-98.0,244.0,28.0,-79.0,-56.0,188.0
10.0,-154.0,-53.0,152.0,-44.0,-33.0,-166.0,114.0,-35.0,173.0
49.0,-138.0,-89.0,154.0,34.0,-60.0,-84.0,347.0,-14.0,156.0
82.0,-257.0,-27.0,75.0,49.0,6.0,405.0,548.0,-4.0,137.0
99.0,-67.0,-45.0,76.0,-47.0,-144.0,582.0,436.0,16.0,116.0
95.0,81.0,-95.0,100.0,19.0,-278.0,865.0,332.0,14.0,110.0
75.0,-64.0,-56.0,45.0,106.0,-39.0,1146.0,175.0,20.0,100.0
42.0,221.0,-91.0,-16.0,59.0,123.0,1413.0,7.0,19.0,75.0
38.0,384.0,-133.0,-73.0,-46.0,-194.0,1396.0,-46.0,1.0,64.0
53.0,145.0,-130.0,-127.0,-18.0,-218.0,906.0,-16.0,-16.0,62.0
72.0,318.0,-164.0,-103.0,117.0,-22.0,467.0,195.0,-42.0,54.0
96.0,624.0,-165.0,-72.0,54.0,-20.0,441.0,258.0,-40.0,54.0
79.0,165.0,-192.0,-37.0,21.0,-148.0,469.0,445.0,-43.0,72.0
51.0,87.0,-182.0,31.0,139.0,-225.0,-14.0,528.0,-29.0,81.0
20.0,357.0,-218.0,89.0,213.0,-288.0,-375.0,515.0,-9.0,91.0
7.0,-3.0,-235.0,189.0,83.0,-383.0,-573.0,715.0,-5.0,112.0
-13.0,85.0,-264.0,214.0,-21.0,-561.0,-611.0,796.0,-3.0,143.0
-31.0,72.0,-317.0,208.0,45.0,-604.0,-375.0,879.0,-19.0,178.0
-22.0,-247.0,-265.0,217.0,81.0,-342.0,-332.0,668.0,-28.0,200.0
-53.0,-198.0,-286.0,144.0,47.0,-225.0,-119.0,345.0,-24.0,235.0
-67.0,169.0,-293.0,121.0,-3.0,-189.0,203.0,107.0,-21.0,273.0
-72.0,97.0,-275.0,96.0,-21.0,-131.0,408.0,-123.0,-9.0,288.0
-56.0,-150.0,-274.0,44.0,23.0,-37.0,456.0,-164.0,8.0,306.0
-62.0,236.0,-249.0,20.0,81.0,-27.0,507.0,-236.0,8.0,319.0
-105.0,45.0,-221.0,18.0,-118.0,-285.0,606.0,-72.0,14.0,335.0
-111.0,-167.0,-234.0,0.0,-114.0,-283.0,425.0,97.0,18.0,350.0
-148.0,-178.0,-190.0,-24.0,37.0,-156.0,300.0,181.0,14.0,347.0
-170.0,-403.0,-227.0,41.0,-116.0,-414.0,100.0,303.0,16.0,351.0
-172.0,-480.0,-211.0,91.0,-102.0,-611.0,-13.0,279.0,22.0,352.0
-132.0,-507.0,-97.0,131.0,-73.0,-411.0,121.0,430.0,36.0,369.0
-78.0,-331.0,-145.0,107.0,36.0,-156.0,119.0,543.0,47.0,396.0
-80.0,-329.0,-63.0,8.0,149.0,-301.0,-35.0,668.0,51.0,396.0
-80.0,-238.0,-124.0,-45.0,-77.0,-594.0,63.0,661.0,59.0,381.0
-81.0,79.0,-142.0,-55.0,-102.0,-448.0,333.0,325.0,75.0,366.0
-70.0,119.0,-80.0,0.0,41.0,-289.0,316.0,35.0,69.0,346.0
-90.0,-156.0,-153.0,21.0,-10.0,-358.0,233.0,-242.0,73.0,318.0
-94.0,-90.0,-44.0,38.0,-14.0,-316.0,-1.0,-201.0,74.0,291.0
-82.0,-24.0,-74.0,82.0,-24.0,-200.0,-160.0,-88.0,73.0,263.0
-56.0,-262.0,-106.0,61.0,-37.0,-55.0,-188.0,64.0,83.0,249.0
-27.0,-133.0,-98.0,-9.0,150.0,-85.0,-273.0,351.0,62.0,243.0
-10.0,-73.0,-121.0,-41.0,60.0,-138.0,-513.0,362.0,45.0,231.0
31.0,-173.0,-40.0,-82.0,-129.0,-103.0,-899.0,376.0,29.0,216.0
25.0,-8.0,-38.0,-128.0,0.0,-248.0,-964.0,247.0,8.0,202.0
46.0,300.0,-27.0,-99.0,32.0,-327.0,-790.0,77.0,-13.0,193.0
54.0,133.0,-6.0,-71.0,-72.0,-208.0,-726.0,-18.0,-49.0,194.0
85.0,42.0,-16.0,-45.0,-4.0,-125.0,-710.0,-73.0,-76.0,206.0
121.0,270.0,7.0,-66.0,57.0,-230.0,-357.0,168.0,-114.0,207.0
109.0,327.0,8.0,-114.0,80.0,-446.0,-46.0,371.0,-136.0,220.0
125.0,385.0,20.0,-84.0,117.0,-463.0,-50.0,594.0,-151.0,228.0
92.0,242.0,23.0,-24.0,-74.0,-381.0,-291.0,578.0,-164.0,226.0
77.0,339.0,1.0,11.0,-62.0,-442.0,-230.0,275.0,-167.0,235.0
54.0,421.0,38.0,15.0,77.0,-308.0,296.0,42.0,-190.0,225.0
59.0,122.0,55.0,40.0,-43.0,-135.0,250.0,-236.0,-182.0,200.0
79.0,-151.0,58.0,72.0,-40.0,-255.0,-71.0,-360.0,-190.0,175.0
78.0,-156.0,58.0,86.0,-46.0,-300.0,-162.0,-358.0,-196.0,148.0
103.0,-200.0,115.0,97.0,-78.0,-192.0,-33.0,-112.0,-178.0,116.0
105.0,-339.0,128.0,76.0,101.0,-171.0,352.0,142.0,-177.0,78.0
103.0,-31.0,112.0,68.0,20.0,-255.0,455.0,321.0,-143.0,40.0
44.0,-16.0,178.0,27.0,-158.0,-285.0,193.0,478.0,-118.0,3.0
18.0,-152.0,161.0,-18.0,20.0,-177.0,362.0,310.0,-109.0,-27.0
32.0,42.0,202.0,3.0,59.0,-223.0,849.0,157.0,-80.0,-43.0
50.0,58.0,159.0,33.0,-65.0,-414.0,599.0,7.0,-72.0,-58.0
43.0,-257.0,121.0,52.0,-10.0,-408.0,-12.0,73.0,-67.0,-56.0
-2.0,-238.0,148.0,34.0,41.0,-271.0,-60.0,175.0,-37.0,-50.0
-7.0,45.0,109.0,76.0,42.0,-251.0,14.0,103.0,-20.0,-49.0
3.0,-384.0,154.0,83.0,-49.0,-375.0,-316.0,186.0,-10.0,-30.0
3.0,-333.0,134.0,115.0,-99.0,-350.0,-639.0,136.0,18.0,-22.0
-15.0,4.0,171.0,156.0,82.0,-286.0,-779.0,110.0,21.0,-36.0
-9.0,-155.0,166.0,141.0,17.0,-432.0,-997.0,-14.0,12.0,-35.0
-37.0,-72.0,74.0,176.0,-101.0,-685.0,-1069.0,-123.0,23.0,-22.0
-82.0,-168.0,71.0,124.0,15.0,-692.0,-1093.0,97.0,27.0,-28.0
-139.0,-149.0,43.0,93.0,-47.0,-417.0,-1268.0,173.0,31.0,-23.0
-161.0,-72.0,6.0,52.0,48.0,-242.0,-1055.0,73.0,36.0,-13.0
-145.0,-16.0,19.0,49.0,125.0,-83.0,-866.0,-212.0,35.0,-13.0
-141.0,-116.0,58.0,71.0,-105.0,-45.0,-703.0,-315.0,47.0,-14.0
-82.0,-336.0,39.0,62.0,36.0,-79.0,-344.0,-168.0,53.0,-27.0
-65.0,61.0,4.0,71.0,162.0,-135.0,-275.0,-94.0,52.0,-24.0
-38.0,18.0,79.0,14.0,-29.0,-285.0,7.0,3.0,60.0,-42.0
-73.0,-243.0,117.0,0.0,30.0,-345.0,288.0,-5.0,60.0,-71.0
-123.0,19.0,65.0,-32.0,49.0,-433.0,297.0,203.0,61.0,-66.0
-108.0,60.0,45.0,-22.0,-11.0,-473.0,523.0,249.0,67.0,-71.0
-112.0,25.0,23.0,6.0,96.0,-374.0,888.0,-33.0,81.0,-86.0
-69.0,326.0,6.0,-20.0,-108.0,-252.0,677.0,-219.0,93.0,-93.0
-77.0,517.0,-12.0,-58.0,-132.0,-138.0,147.0,-243.0,78.0,-97.0
-93.0,527.0,10.0,-114.0,132.0,-74.0,218.0,46.0,71.0,-90.0
-105.0,704.0,21.0,-126.0,-32.0,-118.0,416.0,101.0,54.0,-78.0
-125.0,693.0,0.0,-113.0,0.0,-260.0,62.0,79.0,24.0,-72.0
-131.0,465.0,5.0,-74.0,86.0,-424.0,-440.0,83.0,13.0,-58.0
-139.0,449.0,-11.0,27.0,50.0,-446.0,-502.0,49.0,-2.0,-59.0
-137.0,578.0,-14.0,81.0,147.0,-507.0,-417.0,105.0,-14.0,-58.0
-150.0,385.0,-63.0,43.0,-102.0,-550.0,-396.0,-109.0,-10.0,-48.0
-139.0,209.0,-41.0,31.0,-116.0,-353.0,-565.0,-173.0,-10.0,-62.0
-137.0,165.0,-13.0,-38.0,112.0,-163.0,-820.0,-68.0,-14.0,-67.0
-159.0,-149.0,-72.0,-13.0,94.0,-39.0,-810.0,49.0,0.0,-75.0
-175.0,-392.0,-6.0,17.0,65.0,-33.0,-623.0,1.0,5.0,-71.0
-172.0,-641.0,13.0,-62.0,-16.0,-144.0,-442.0,-247.0,0.0,-56.0
-175.0,-721.0,-19.0,-99.0,13.0,-339.0,-589.0,-254.0,3.0,-47.0
-173.0,-825.0,-7.0,-129.0,89.0,-446.0,-680.0,-219.0,1.0,-27.0
-171.0,-872.0,-25.0,-92.0,-71.0,-532.0,-277.0,-46.0,3.0,-11.0
-172.0,-600.0,-50.0,-86.0,-98.0,-598.0,-66.0,90.0,0.0,24.0
-122.0,-534.0,-89.0,-141.0,69.0,-479.0,-232.0,49.0,-28.0,74.0
-64.0,-241.0,-61.0,-180.0,36.0,-529.0,-139.0,81.0,-52.0,101.0
-19.0,-95.0,-90.0,-143.0,-12.0,-498.0,60.0,40.0,-81.0,114.0
-2.0,127.0,-122.0,-67.0,-24.0,-261.0,174.0,75.0,-129.0,146.0
1.0,430.0,-71.0,2.0,-22.0,-169.0,201.0,49.0,-146.0,174.0
12.0,315.0,-105.0,51.0,96.0,-196.0,404.0,-36.0,-175.0,182.0
25.0,557.0,-102.0,15.0,39.0,-162.0,706.0,-96.0,-221.0,176.0
27.0,733.0,-112.0,-20.0,-72.0,-104.0,193.0,-194.0,-235.0,153.0
50.0,882.0,-69.0,2.0,-6.0,-237.0,-408.0,-144.0,-253.0,142.0
88.0,948.0,-31.0,43.0,-36.0,-524.0,-91.0,-123.0,-270.0,105.0
94.0,725.0,-88.0,61.0,-57.0,-442.0,297.0,27.0,-268.0,59.0
72.0,502.0,-1.0,20.0,11.0,-187.0,-144.0,60.0,-266.0,19.0
23.0,239.0,-17.0,-72.0,-14.0,-285.0,-556.0,-72.0,-261.0,-49.0
-8.0,64.0,-90.0,-96.0,31.0,-274.0,-503.0,-49.0,-234.0,-100.0
-41.0,-304.0,-18.0,-103.0,-14.0,-223.0,-675.0,-157.0,-204.0,-139.0
-43.0,-559.0,-9.0,-93.0,-33.0,-135.0,-462.0,-36.0,-187.0,-180.0
-46.0,-524.0,-4.0,-94.0,39.0,-327.0,-235.0,138.0,-153.0,-221.0
-39.0,-654.0,58.0,-120.0,43.0,-682.0,-749.0,253.0,-108.0,-244.0
-39.0,-767.0,73.0,-128.0,138.0,-520.0,-988.0,315.0,-77.0,-246.0
-62.0,-574.0,61.0,-178.0,50.0,-357.0,-668.0,171.0,-63.0,-268.0
-59.0,-447.0,92.0,-183.0,3.0,-162.0,-591.0,158.0,-46.0,-270.0
-76.0,-251.0,119.0,-157.0,114.0,-80.0,-760.0,-20.0,-12.0,-277.0
-60.0,-55.0,90.0,-63.0,128.0,-264.0,-790.0,-181.0,10.0,-296.0
-63.0,-152.0,110.0,-24.0,90.0,-383.0,-680.0,-240.0,25.0,-299.0
-70.0,-137.0,92.0,-41.0,27.0,-377.0,-249.0,-169.0,36.0,-303.0
-84.0,-35.0,51.0,-66.0,91.0,-479.0,245.0,-83.0,37.0,-308.0
-84.0,132.0,82.0,-131.0,117.0,-641.0,472.0,-328.0,30.0,-312.0
-38.0,-30.0,26.0,-123.0,2.0,-483.0,453.0,-404.0,36.0,-311.0
1.0,51.0,24.0,-119.0,-29.0,-242.0,470.0,-380.0,59.0,-319.0
32.0,431.0,82.0,-41.0,30.0,-262.0,622.0,-140.0,59.0,-329.0
9.0,300.0,115.0,19.0,25.0,-374.0,607.0,7.0,64.0,-334.0
-37.0,252.0,89.0,11.0,-19.0,-212.0,458.0,-136.0,64.0,-342.0
-88.0,319.0,39.0,-5.0,18.0,-127.0,333.0,-97.0,58.0,-343.0
-84.0,380.0,45.0,-83.0,52.0,-219.0,302.0,-157.0,58.0,-347.0
-68.0,268.0,0.0,-167.0,-44.0,-329.0,-207.0,-79.0,36.0,-344.0
-41.0,363.0,1.0,-206.0,-44.0,-201.0,-549.0,-20.0,24.0,-324.0
14.0,421.0,16.0,-156.0,-20.0,225.0,-188.0,27.0,8.0,-316.0
64.0,194.0,48.0,-32.0,-49.0,162.0,-201.0,90.0,-16.0,-306.0
82.0,372.0,50.0,86.0,54.0,-104.0,-366.0,-5.0,-26.0,-280.0
17.0,211.0,33.0,125.0,12.0,11.0,-242.0,51.0,-39.0,-258.0
-45.0,-104.0,47.0,149.0,-70.0,66.0,-154.0,-96.0,-57.0,-231.0
-56.0,-243.0,12.0,154.0,-11.0,-217.0,-198.0,-116.0,-59.0,-205.0
-42.0,-270.0,61.0,120.0,37.0,-338.0,-312.0,-49.0,-52.0,-186.0
-37.0,-167.0,58.0,128.0,-101.0,-131.0,-596.0,-173.0,-44.0,-180.0
-23.0,-272.0,86.0,132.0,-249.0,33.0,-465.0,-279.0,-24.0,-163.0
-17.0,-49.0,101.0,146.0,-132.0,-43.0,36.0,-487.0,-16.0,-151.0
-35.0,223.0,34.0,162.0,-38.0,-117.0,31.0,-404.0,-9.0,-159.0
-66.0,165.0,33.0,142.0,-20.0,-22.0,-384.0,-321.0,-6.0,-170.0
-96.0,67.0,-5.0,134.0,-118.0,-109.0,-712.0,-216.0,-6.0,-202.0
-103.0,-77.0,23.0,155.0,-129.0,-36.0,-432.0,-14.0,-7.0,-228.0
-92.0,-139.0,52.0,202.0,3.0,81.0,-144.0,-53.0,-14.0,-243.0
-87.0,-17.0,68.0,168.0,-56.0,-131.0,-375.0,35.0,-13.0,-250.0
-62.0,-56.0,79.0,89.0,-122.0,-307.0,-673.0,49.0,-15.0,-249.0
-1.0,-150.0,66.0,41.0,-57.0,-418.0,-482.0,94.0,-15.0,-247.0
-6.0,10.0,63.0,-12.0,77.0,-257.0,-200.0,129.0,-3.0,-215.0
-65.0,-54.0,45.0,-45.0,56.0,-184.0,-361.0,140.0,16.0,-183.0
-132.0,38.0,47.0,-41.0,-98.0,-336.0,-264.0,282.0,31.0,-165.0
-128.0,129.0,10.0,10.0,-37.0,-326.0,-87.0,182.0,33.0,-145.0
-100.0,-39.0,9.0,52.0,84.0,-350.0,-79.0,134.0,29.0,-131.0
-87.0,48.0,10.0,53.0,24.0,-246.0,49.0,155.0,26.0,-127.0
-70.0,22.0,-3.0,71.0,-94.0,-225.0,127.0,301.0,14.0,-133.0
-88.0,-113.0,10.0,65.0,-113.0,-356.0,42.0,321.0,-5.0,-149.0
-88.0,-321.0,54.0,4.0,-62.0,-249.0,172.0,-31.0,-33.0,-177.0
-99.0,-261.0,67.0,-8.0,-32.0,-79.0,235.0,-203.0,-71.0,-201.0
-76.0,-245.0,60.0,-10.0,-39.0,-25.0,20.0,-279.0,-102.0,-221.0
-41.0,-279.0,79.0,-22.0,-128.0,29.0,68.0,-223.0,-145.0,-237.0
-38.0,-61.0,62.0,16.0,-98.0,42.0,63.0,-195.0,-189.0,-243.0
-65.0,45.0,61.0,38.0,46.0,-7.0,3.0,-199.0,-229.0,-260.0
-99.0,356.0,37.0,54.0,-1.0,-13.0,-70.0,-149.0,-284.0,-268.0
-77.0,534.0,-9.0,82.0,-68.0,77.0,-213.0,-293.0,-315.0,-257.0
-57.0,613.0,-14.0,34.0,-53.0,239.0,-120.0,-266.0,-320.0,-249.0
-37.0,497.0,7.0,-61.0,85.0,108.0,181.0,-218.0,-339.0,-248.0
-44.0,365.0,-31.0,-94.0,163.0,51.0,290.0,-109.0,-330.0,-247.0
-81.0,450.0,-13.0,-72.0,-24.0,359.0,201.0,16.0,-302.0,-250.0
-124.0,274.0,27.0,-111.0,72.0,461.0,325.0,49.0,-277.0,-253.0
-137.0,84.0,-24.0,-110.0,198.0,222.0,397.0,177.0,-239.0,-256.0
-137.0,-40.0,23.0,-37.0,70.0,-30.0,327.0,48.0,-201.0,-269.0
-143.0,-70.0,10.0,-68.0,56.0,50.0,259.0,-66.0,-161.0,-284.0
-133.0,-52.0,-16.0,-120.0,67.0,143.0,266.0,-205.0,-126.0,-287.0
-120.0,-39.0,-27.0,-153.0,32.0,37.0,98.0,-249.0,-80.0,-279.0
-70.0,-162.0,-66.0,-231.0,55.0,-44.0,-205.0,-153.0,-49.0,-258.0
-39.0,-355.0,-23.0,-232.0,150.0,-4.0,-386.0,-218.0,-37.0,-239.0
-29.0,-323.0,-22.0,-176.0,33.0,140.0,-618.0,-136.0,-8.0,-217.0
-53.0,-286.0,-1.0,-181.0,93.0,136.0,-607.0,-218.0,20.0,-177.0
-91.0,-292.0,-1.0,-180.0,187.0,27.0,-517.0,-179.0,49.0,-131.0
-113.0,-118.0,-20.0,-170.0,-78.0,39.0,-509.0,-88.0,73.0,-83.0
-99.0,59.0,-7.0,-166.0,-31.0,88.0,-515.0,-144.0,86.0,-35.0
-15.0,30.0,10.0,-168.0,45.0,29.0,-590.0,-38.0,112.0,-2.0
34.0,38.0,2.0,-168.0,-52.0,25.0,-659.0,-7.0,135.0,18.0
50.0,81.0,-2.0,-115.0,-52.0,198.0,-601.0,144.0,141.0,41.0
26.0,34.0,6.0,-75.0,-10.0,347.0,-388.0,188.0,158.0,51.0
18.0,161.0,-33.0,-62.0,105.0,233.0,-289.0,219.0,151.0,55.0
-6.0,220.0,26.0,-11.0,94.0,131.0,-338.0,236.0,147.0,42.0
-39.0,76.0,71.0,3.0,4.0,274.0,-559.0,99.0,143.0,3.0
-11.0,33.0,90.0,-100.0,0.0,349.0,-573.0,38.0,101.0,-32.0
0.0,212.0,112.0,-124.0,37.0,228.0,-321.0,-131.0,69.0,-85.0
10.0,505.0,78.0,-89.0,94.0,51.0,-72.0,-12.0,34.0,-141.0
-8.0,235.0,61.0,-87.0,-33.0,152.0,-47.0,-5.0,14.0,-183.0
31.0,92.0,71.0,-15.0,-132.0,321.0,-207.0,-168.0,13.0,-232.0
70.0,341.0,82.0,31.0,68.0,214.0,-133.0,-164.0,-6.0,-283.0
64.0,-14.0,81.0,20.0,118.0,80.0,-85.0,-321.0,-23.0,-329.0
64.0,-168.0,89.0,-29.0,8.0,206.0,-65.0,-234.0,-20.0,-369.0
41.0,38.0,50.0,-69.0,-20.0,412.0,-179.0,-232.0,-11.0,-419.0
51.0,-239.0,44.0,-25.0,-65.0,238.0,-446.0,-354.0,-19.0,-466.0
24.0,-283.0,53.0,33.0,-29.0,154.0,-243.0,-297.0,-23.0,-499.0
10.0,115.0,110.0,121.0,-42.0,438.0,233.0,-208.0,-11.0,-534.0
17.0,-183.0,150.0,192.0,-194.0,630.0,151.0,96.0,-7.0,-559.0
34.0,-264.0,125.0,190.0,-41.0,625.0,-103.0,286.0,-3.0,-575.0
73.0,228.0,147.0,122.0,169.0,585.0,-7.0,417.0,6.0,-583.0
108.0,99.0,124.0,3.0,-13.0,475.0,211.0,399.0,-9.0,-565.0
125.0,-38.0,128.0,-41.0,-92.0,177.0,309.0,242.0,-17.0,-542.0
107.0,151.0,121.0,-107.0,8.0,227.0,-129.0,157.0,-30.0,-514.0
109.0,171.0,111.0,-170.0,5.0,392.0,-133.0,-46.0,-51.0,-473.0
89.0,-66.0,111.0,-230.0,51.0,143.0,352.0,-57.0,-36.0,-431.0
69.0,-53.0,86.0,-259.0,-29.0,-61.0,188.0,-162.0,-34.0,-387.0
26.0,-204.0,66.0,-136.0,-146.0,73.0,-106.0,-279.0,-20.0,-340.0
7.0,-395.0,62.0,-55.0,6.0,490.0,-216.0,-354.0,0.0,-279.0
36.0,-223.0,65.0,-44.0,19.0,578.0,-260.0,-482.0,10.0,-235.0
59.0,-318.0,25.0,-78.0,-141.0,319.0,-166.0,-360.0,24.0,-202.0
106.0,-218.0,27.0,-99.0,-112.0,352.0,-276.0,-365.0,27.0,-172.0
110.0,11.0,11.0,-109.0,0.0,480.0,-532.0,-243.0,20.0,-138.0
98.0,106.0,-7.0,-128.0,-20.0,491.0,-609.0,-57.0,4.0,-121.0
45.0,102.0,-17.0,-41.0,-108.0,335.0,-598.0,48.0,1.0,-116.0
10.0,259.0,-13.0,31.0,-90.0,185.0,-400.0,147.0,18.0,-109.0
8.0,390.0,18.0,24.0,-1.0,440.0,-308.0,162.0,10.0,-124.0
34.0,265.0,26.0,94.0,55.0,625.0,-460.0,273.0,0.0,-138.0
53.0,264.0,72.0,130.0,19.0,513.0,-345.0,279.0,3.0,-162.0
41.0,209.0,50.0,2.0,-45.0,498.0,-148.0,388.0,-25.0,-184.0
65.0,181.0,4.0,-93.0,-10.0,590.0,-163.0,395.0,-44.0,-210.0
50.0,-7.0,0.0,-100.0,56.0,670.0,-150.0,290.0,-54.0,-233.0
82.0,112.0,-24.0,-131.0,-11.0,686.0,357.0,338.0,-74.0,-242.0
96.0,337.0,8.0,-157.0,-33.0,667.0,604.0,157.0,-79.0,-258.0
73.0,75.0,11.0,-140.0,63.0,532.0,127.0,-1.0,-83.0,-272.0
32.0,28.0,-20.0,-98.0,31.0,338.0,171.0,-251.0,-91.0,-278.0
-27.0,170.0,16.0,-58.0,57.0,263.0,643.0,-513.0,-96.0,-270.0
-49.0,101.0,11.0,-62.0,44.0,186.0,627.0,-532.0,-101.0,-264.0
-53.0,-13.0,0.0,-62.0,-78.0,79.0,199.0,-537.0,-97.0,-245.0
-29.0,235.0,68.0,-44.0,117.0,183.0,-145.0,-378.0,-72.0,-213.0
-16.0,136.0,75.0,-23.0,195.0,369.0,-438.0,-197.0,-58.0,-171.0
-6.0,-83.0,40.0,-47.0,-64.0,297.0,-640.0,38.0,-44.0,-104.0
-42.0,66.0,46.0,-138.0,-13.0,155.0,-381.0,138.0,-46.0,-61.0
-48.0,16.0,27.0,-148.0,157.0,130.0,-321.0,64.0,-21.0,-25.0
-55.0,-188.0,10.0,-102.0,56.0,100.0,-530.0,109.0,15.0,14.0
-70.0,-479.0,54.0,-126.0,18.0,-82.0,-456.0,36.0,26.0,36.0
-53.0,-266.0,58.0,-189.0,29.0,-129.0,-134.0,66.0,65.0,54.0
-62.0,-199.0,54.0,-219.0,-12.0,10.0,213.0,0.0,74.0,62.0
-48.0,-356.0,40.0,-186.0,103.0,-90.0,149.0,-99.0,103.0,51.0
-39.0,15.0,-2.0,-124.0,44.0,-108.0,172.0,-97.0,143.0,38.0
-15.0,95.0,-15.0,-89.0,-143.0,198.0,407.0,-232.0,166.0,28.0
-2.0,-57.0,-37.0,-82.0,46.0,481.0,315.0,-240.0,193.0,20.0
-9.0,-162.0,-54.0,-65.0,55.0,334.0,409.0,-306.0,199.0,7.0
-20.0,-88.0,-55.0,-62.0,-145.0,64.0,592.0,-216.0,219.0,-4.0
-14.0,2.0,-38.0,-74.0,-58.0,233.0,231.0,-155.0,236.0,0.0
10.0,-74.0,-71.0,-25.0,-21.0,358.0,-154.0,-227.0,261.0,8.0
46.0,-39.0,-44.0,6.0,31.0,234.0,-115.0,-242.0,245.0,31.0
71.0,-19.0,-17.0,-20.0,66.0,152.0,-313.0,-369.0,238.0,57.0
58.0,16.0,-52.0,-41.0,-65.0,310.0,-501.0,-293.0,235.0,62.0
28.0,-51.0,-33.0,-57.0,-33.0,247.0,-159.0,-375.0,212.0,78.0
-9.0,-19.0,-63.0,-10.0,109.0,-130.0,-42.0,-360.0,214.0,86.0
16.0,133.0,-39.0,-17.0,0.0,1.0,-355.0,-201.0,195.0,68.0
72.0,-13.0,-35.0,-45.0,-152.0,166.0,-344.0,-203.0,182.0,55.0
127.0,-58.0,-12.0,-17.0,37.0,22.0,157.0,-96.0,161.0,41.0
163.0,100.0,60.0,-104.0,96.0,-158.0,439.0,-158.0,141.0,2.0
171.0,77.0,74.0,-169.0,19.0,-15.0,653.0,-116.0,132.0,-30.0
166.0,7.0,124.0,-178.0,91.0,152.0,728.0,-105.0,110.0,-71.0
148.0,59.0,144.0,-173.0,2.0,-197.0,389.0,-247.0,92.0,-119.0
143.0,-108.0,146.0,-74.0,1.0,-252.0,267.0,-277.0,84.0,-139.0
141.0,-307.0,112.0,-50.0,121.0,39.0,284.0,-256.0,78.0,-161.0
134.0,-198.0,112.0,-57.0,9.0,181.0,422.0,-49.0,51.0,-179.0
104.0,-251.0,118.0,-83.0,-27.0,-152.0,321.0,-33.0,19.0,-208.0
80.0,-307.0,142.0,-76.0,105.0,-428.0,-52.0,-18.0,2.0,-229.0
88.0,-351.0,190.0,-57.0,73.0,-193.0,71.0,49.0,7.0,-253.0
106.0,-431.0,123.0,-103.0,10.0,-133.0,315.0,-20.0,-7.0,-284.0
115.0,-310.0,110.0,-79.0,29.0,-181.0,84.0,29.0,-29.0,-300.0
126.0,-131.0,71.0,-68.0,14.0,-88.0,-350.0,-57.0,-42.0,-319.0
108.0,-157.0,66.0,-10.0,42.0,62.0,-486.0,-48.0,-60.0,-333.0
64.0,-225.0,113.0,50.0,-45.0,-12.0,-510.0,31.0,-59.0,-339.0
35.0,-1.0,85.0,40.0,-144.0,-97.0,-323.0,16.0,-55.0,-316.0
14.0,-118.0,53.0,7.0,-62.0,132.0,-108.0,-53.0,-70.0,-299.0
-10.0,-102.0,23.0,3.0,-45.0,371.0,-422.0,-238.0,-81.0,-284.0
-22.0,48.0,11.0,-38.0,-115.0,578.0,-479.0,-238.0,-74.0,-263.0
9.0,-178.0,1.0,-86.0,-85.0,642.0,58.0,-297.0,-54.0,-239.0
14.0,-137.0,28.0,-45.0,-63.0,519.0,436.0,-279.0,-23.0,-209.0
-3.0,-28.0,-2.0,13.0,-147.0,323.0,325.0,-273.0,-16.0,-206.0
-33.0,-120.0,7.0,55.0,-94.0,157.0,192.0,-347.0,-18.0,-185.0
-61.0,-212.0,8.0,0.0,-114.0,227.0,404.0,-229.0,-9.0,-166.0
-43.0,41.0,-1.0,-25.0,-135.0,322.0,423.0,-195.0,8.0,-164.0
-29.0,190.0,53.0,-33.0,-19.0,345.0,0.0,-68.0,24.0,-164.0
-1.0,-12.0,56.0,-107.0,-84.0,369.0,-14.0,-125.0,29.0,-163.0
8.0,53.0,96.0,-136.0,-101.0,184.0,235.0,-212.0,40.0,-152.0
0.0,300.0,57.0,-51.0,-17.0,-41.0,84.0,-264.0,32.0,-137.0
7.0,200.0,54.0,-17.0,32.0,-68.0,21.0,-428.0,26.0,-116.0
7.0,133.0,67.0,-41.0,-13.0,35.0,147.0,-312.0,18.0,-93.0
-15.0,275.0,49.0,10.0,-113.0,76.0,300.0,-229.0,4.0,-58.0
-44.0,121.0,72.0,-44.0,-29.0,-6.0,239.0,-46.0,14.0,-25.0
-35.0,93.0,81.0,-173.0,72.0,0.0,23.0,64.0,0.0,26.0
-22.0,79.0,83.0,-224.0,74.0,25.0,-105.0,12.0,-14.0,79.0
-32.0,-62.0,39.0,-168.0,56.0,26.0,-203.0,-120.0,-20.0,118.0
-20.0,-257.0,55.0,-128.0,48.0,13.0,-34.0,-360.0,-20.0,160.0
16.0,-374.0,28.0,-109.0,161.0,104.0,-9.0,-315.0,-6.0,204.0
0.0,-302.0,44.0,-1.0,94.0,286.0,-128.0,-327.0,-11.0,246.0
-51.0,-564.0,39.0,68.0,-154.0,215.0,-71.0,-212.0,-14.0,249.0
-71.0,-409.0,24.0,110.0,-106.0,-8.0,43.0,-97.0,-17.0,254.0
-36.0,-43.0,79.0,153.0,83.0,-284.0,185.0,-181.0,-31.0,259.0
16.0,-24.0,12.0,158.0,129.0,-235.0,60.0,-48.0,-21.0,255.0
23.0,39.0,14.0,191.0,-17.0,-4.0,-1.0,-60.0,-26.0,239.0
46.0,114.0,28.0,166.0,-67.0,235.0,186.0,44.0,-40.0,200.0
80.0,373.0,47.0,146.0,70.0,565.0,200.0,221.0,-39.0,183.0
85.0,280.0,74.0,136.0,73.0,528.0,116.0,221.0,-36.0,158.0
31.0,248.0,87.0,55.0,-84.0,331.0,122.0,158.0,-34.0,150.0
-7.0,420.0,124.0,-10.0,-215.0,-13.0,160.0,-59.0,-29.0,164.0
13.0,273.0,77.0,-65.0,-24.0,-16.0,140.0,-22.0,-3.0,157.0
18.0,331.0,103.0,-82.0,116.0,91.0,212.0,-94.0,-7.0,157.0
17.0,325.0,129.0,-55.0,-11.0,-98.0,484.0,-280.0,-16.0,165.0
18.0,89.0,97.0,-16.0,69.0,-43.0,584.0,-495.0,0.0,166.0
66.0,-78.0,107.0,-16.0,108.0,-55.0,440.0,-766.0,11.0,161.0
84.0,11.0,103.0,-7.0,9.0,-140.0,489.0,-613.0,14.0,155.0
89.0,-71.0,86.0,20.0,16.0,-390.0,565.0,-467.0,7.0,141.0
108.0,-236.0,50.0,31.0,-73.0,-321.0,367.0,-282.0,4.0,130.0
114.0,-237.0,122.0,81.0,-149.0,-235.0,80.0,-151.0,-14.0,111.0
157.0,-441.0,129.0,120.0,-8.0,-421.0,-183.0,-142.0,-27.0,88.0
139.0,-291.0,99.0,82.0,38.0,-306.0,-368.0,-103.0,-29.0,84.0
95.0,-86.0,141.0,6.0,-159.0,-259.0,-585.0,-197.0,-31.0,75.0
75.0,-365.0,11.0,-41.0,-85.0,-133.0,-769.0,-46.0,-47.0,72.0
61.0,-300.0,-2.0,-48.0,101.0,-83.0,-799.0,60.0,-62.0,55.0
39.0,215.0,-17.0,-67.0,-12.0,-31.0,-755.0,125.0,-60.0,38.0
34.0,70.0,-54.0,-72.0,-106.0,-4.0,-440.0,171.0,-62.0,39.0
67.0,129.0,44.0,-30.0,-126.0,-126.0,-151.0,68.0,-68.0,15.0
97.0,468.0,-15.0,-107.0,-29.0,-235.0,-6.0,-70.0,-73.0,17.0
133.0,54.0,-41.0,-129.0,108.0,-268.0,169.0,-365.0,-65.0,13.0
110.0,173.0,-41.0,-55.0,79.0,-131.0,249.0,-402.0,-74.0,3.0
64.0,250.0,-111.0,-30.0,-26.0,-9.0,434.0,-349.0,-64.0,25.0
26.0,-32.0,-112.0,9.0,39.0,146.0,417.0,-208.0,-48.0,49.0
22.0,72.0,-87.0,-55.0,95.0,134.0,333.0,49.0,-38.0,78.0
41.0,168.0,-98.0,-91.0,-27.0,247.0,417.0,84.0,-7.0,104.0
29.0,11.0,-110.0,-51.0,59.0,185.0,230.0,164.0,-12.0,149.0
59.0,-139.0,-75.0,-13.0,83.0,-93.0,244.0,171.0,-18.0,195.0
73.0,152.0,-93.0,-32.0,-35.0,-79.0,324.0,164.0,-10.0,241.0
68.0,34.0,-121.0,-82.0,-27.0,7.0,37.0,110.0,-10.0,280.0
43.0,14.0,-100.0,-69.0,-61.0,188.0,-51.0,-5.0,-20.0,295.0
12.0,270.0,-105.0,-56.0,-85.0,184.0,27.0,-81.0,-22.0,299.0
21.0,52.0,-68.0,-52.0,12.0,4.0,19.0,-168.0,-21.0,273.0
11.0,125.0,-36.0,-76.0,39.0,-241.0,128.0,134.0,-37.0,250.0
53.0,267.0,-62.0,-37.0,-86.0,-296.0,273.0,436.0,-39.0,231.0
125.0,88.0,-60.0,-29.0,0.0,-167.0,254.0,476.0,-23.0,207.0
177.0,-63.0,-78.0,-4.0,62.0,-139.0,211.0,266.0,-18.0,187.0
126.0,-42.0,-91.0,33.0,-34.0,-80.0,276.0,-151.0,-11.0,157.0
13.0,-122.0,-59.0,37.0,-35.0,79.0,283.0,-312.0,-1.0,131.0
13.0,-157.0,-35.0,131.0,-94.0,94.0,164.0,-419.0,3.0,107.0
49.0,14.0,-11.0,159.0,33.0,-342.0,144.0,-369.0,20.0,90.0
112.0,21.0,15.0,113.0,41.0,-524.0,83.0,-264.0,40.0,81.0
149.0,-45.0,26.0,40.0,-71.0,-235.0,57.0,-177.0,60.0,76.0
155.0,-24.0,31.0,-24.0,97.0,-166.0,36.0,-88.0,78.0,76.0
131.0,-99.0,22.0,-152.0,131.0,-440.0,-237.0,-179.0,79.0,79.0
60.0,-190.0,22.0,-250.0,22.0,-521.0,-40.0,-33.0,83.0,90.0
17.0,-85.0,5.0,-179.0,-83.0,-269.0,234.0,59.0,112.0,88.0
16.0,-68.0,-17.0,-84.0,-59.0,-152.0,-93.0,157.0,121.0,93.0
65.0,196.0,-27.0,20.0,-13.0,-277.0,-224.0,291.0,110.0,98.0
61.0,220.0,-61.0,66.0,-15.0,-251.0,-29.0,157.0,113.0,99.0
58.0,-153.0,-6.0,88.0,8.0,-39.0,58.0,101.0,90.0,119.0
42.0,16.0,-6.0,166.0,-18.0,-142.0,275.0,-24.0,67.0,132.0
7.0,-96.0,-54.0,206.0,42.0,-248.0,729.0,-77.0,78.0,145.0
-10.0,-284.0,-34.0,235.0,50.0,-183.0,722.0,-77.0,70.0,159.0
-9.0,-138.0,-104.0,239.0,-12.0,-125.0,171.0,-27.0,40.0,180.0
22.0,-218.0,-132.0,192.0,-66.0,-144.0,-73.0,123.0,16.0,184.0
18.0,-207.0,-108.0,150.0,-10.0,-178.0,315.0,112.0,2.0,186.0
16.0,-132.0,-117.0,111.0,17.0,-87.0,529.0,186.0,6.0,225.0
17.0,-215.0,-115.0,117.0,-159.0,-10.0,210.0,182.0,20.0,227.0
8.0,-269.0,-117.0,154.0,-81.0,123.0,-87.0,275.0,21.0,218.0
-7.0,-75.0,-117.0,96.0,6.0,54.0,-207.0,397.0,13.0,231.0
-6.0,-55.0,-99.0,-17.0,-87.0,22.0,-37.0,227.0,10.0,220.0
-18.0,16.0,-87.0,-65.0,-93.0,-31.0,352.0,51.0,-20.0,209.0
-24.0,431.0,-48.0,-76.0,-213.0,-176.0,398.0,-114.0,-48.0,202.0
-17.0,394.0,37.0,-62.0,-125.0,-179.0,92.0,29.0,-54.0,197.0
3.0,332.0,29.0,16.0,18.0,-116.0,299.0,73.0,-84.0,184.0
4.0,514.0,48.0,86.0,-92.0,226.0,700.0,-57.0,-98.0,160.0
-41.0,252.0,57.0,98.0,-17.0,116.0,442.0,-51.0,-111.0,149.0
-80.0,89.0,7.0,119.0,77.0,-185.0,280.0,-247.0,-138.0,139.0
-128.0,69.0,93.0,126.0,86.0,-206.0,486.0,-199.0,-144.0,136.0
-102.0,-105.0,90.0,131.0,76.0,-202.0,431.0,-27.0,-139.0,148.0
-74.0,-142.0,62.0,155.0,47.0,-200.0,-32.0,123.0,-141.0,179.0
-26.0,-256.0,99.0,183.0,47.0,-280.0,-172.0,218.0,-154.0,225.0
-18.0,-175.0,44.0,181.0,19.0,-56.0,279.0,229.0,-148.0,238.0
-51.0,-193.0,24.0,86.0,16.0,-35.0,213.0,327.0,-135.0,255.0
-41.0,-418.0,41.0,94.0,-26.0,-54.0,-100.0,245.0,-100.0,295.0
-70.0,-149.0,27.0,120.0,42.0,242.0,39.0,230.0,-67.0,295.0
-72.0,-91.0,37.0,113.0,179.0,105.0,249.0,66.0,-57.0,282.0
-75.0,-200.0,56.0,187.0,55.0,-217.0,128.0,-31.0,-26.0,275.0
-41.0,38.0,44.0,173.0,-23.0,-395.0,-280.0,27.0,0.0,258.0
-21.0,112.0,-1.0,116.0,77.0,-295.0,26.0,-83.0,22.0,233.0
-13.0,18.0,-80.0,101.0,20.0,-68.0,654.0,-24.0,46.0,183.0
-11.0,58.0,-83.0,96.0,-7.0,-217.0,460.0,0.0,69.0,158.0
-16.0,172.0,-110.0,62.0,49.0,-52.0,-101.0,73.0,75.0,149.0
14.0,-14.0,-197.0,42.0,-78.0,313.0,42.0,136.0,69.0,107.0
25.0,6.0,-176.0,41.0,42.0,166.0,576.0,59.0,80.0,77.0
41.0,135.0,-211.0,19.0,172.0,-64.0,440.0,-75.0,96.0,74.0
31.0,-154.0,-244.0,42.0,-160.0,-4.0,358.0,-79.0,101.0,49.0
55.0,-70.0,-205.0,6.0,-92.0,317.0,504.0,253.0,96.0,26.0
117.0,140.0,-235.0,-48.0,88.0,332.0,243.0,434.0,87.0,21.0
123.0,224.0,-247.0,-22.0,-110.0,240.0,107.0,417.0,73.0,18.0
66.0,122.0,-240.0,10.0,-79.0,172.0,136.0,151.0,58.0,12.0
68.0,-14.0,-222.0,19.0,-71.0,-126.0,334.0,-18.0,51.0,25.0
101.0,215.0,-169.0,-29.0,-97.0,-235.0,665.0,181.0,40.0,48.0
125.0,94.0,-109.0,-40.0,94.0,-198.0,361.0,175.0,27.0,53.0
130.0,-191.0,-101.0,48.0,-9.0,-50.0,-20.0,134.0,25.0,64.0
92.0,-67.0,-102.0,120.0,-201.0,-2.0,77.0,121.0,18.0,89.0
101.0,-24.0,-69.0,136.0,16.0,-44.0,461.0,229.0,16.0,119.0
60.0,-298.0,-107.0,55.0,53.0,-64.0,518.0,338.0,12.0,128.0
25.0,-157.0,-117.0,-57.0,-95.0,-12.0,34.0,129.0,14.0,130.0
10.0,150.0,-65.0,-137.0,-29.0,294.0,14.0,-1.0,28.0,159.0
5.0,115.0,-57.0,-202.0,22.0,419.0,101.0,-129.0,20.0,168.0
17.0,132.0,-64.0,-190.0,16.0,268.0,176.0,-127.0,14.0,160.0
-12.0,346.0,-28.0,-131.0,34.0,162.0,263.0,-92.0,40.0,156.0
-41.0,489.0,-8.0,-75.0,0.0,397.0,10.0,-179.0,60.0,148.0
-78.0,419.0,13.0,-77.0,-36.0,411.0,-211.0,-123.0,58.0,146.0
-56.0,582.0,44.0,-94.0,106.0,162.0,-199.0,-129.0,69.0,151.0
-57.0,480.0,15.0,-137.0,88.0,223.0,18.0,55.0,71.0,154.0
-62.0,68.0,-20.0,-152.0,-25.0,81.0,-119.0,199.0,65.0,161.0
-42.0,-124.0,6.0,-87.0,76.0,-24.0,-358.0,249.0,71.0,160.0
-55.0,-256.0,17.0,-91.0,131.0,-108.0,-260.0,319.0,69.0,161.0
-79.0,-240.0,-17.0,-101.0,91.0,-98.0,149.0,194.0,59.0,186.0
-105.0,-250.0,-16.0,-124.0,134.0,178.0,506.0,221.0,40.0,200.0
-84.0,-151.0,-43.0,-79.0,82.0,89.0,340.0,240.0,22.0,209.0
-82.0,-115.0,-41.0,42.0,-22.0,41.0,-42.0,349.0,17.0,224.0
-65.0,-279.0,-88.0,139.0,110.0,2.0,-167.0,267.0,11.0,225.0
-42.0,-174.0,-113.0,193.0,43.0,-46.0,135.0,-127.0,-13.0,238.0
8.0,-66.0,-88.0,141.0,-8.0,54.0,381.0,-310.0,-30.0,230.0
67.0,-41.0,-87.0,73.0,157.0,63.0,155.0,-375.0,-49.0,217.0
80.0,-28.0,-19.0,83.0,31.0,20.0,-18.0,-62.0,-55.0,232.0
65.0,-153.0,-47.0,92.0,40.0,-134.0,168.0,219.0,-58.0,231.0
15.0,-155.0,-25.0,17.0,128.0,-191.0,98.0,206.0,-85.0,223.0
5.0,-116.0,-76.0,27.0,-54.0,-67.0,-121.0,153.0,-94.0,220.0
10.0,-310.0,-118.0,58.0,44.0,73.0,-32.0,29.0,-105.0,192.0
45.0,-388.0,-63.0,93.0,175.0,-20.0,581.0,84.0,-104.0,169.0
89.0,-265.0,-147.0,183.0,-89.0,91.0,990.0,109.0,-94.0,147.0
138.0,-260.0,-90.0,172.0,-33.0,137.0,790.0,188.0,-83.0,120.0
186.0,-182.0,-65.0,87.0,158.0,-102.0,608.0,99.0,-68.0,78.0
173.0,241.0,-109.0,6.0,-93.0,58.0,292.0,-203.0,-62.0,50.0
129.0,480.0,-48.0,-16.0,-106.0,10.0,331.0,-288.0,-37.0,44.0
83.0,401.0,-71.0,-50.0,-19.0,-164.0,523.0,-330.0,-40.0,23.0
26.0,498.0,-98.0,-55.0,-84.0,-129.0,504.0,-157.0,-42.0,21.0
1.0,403.0,-93.0,-10.0,14.0,-89.0,358.0,-20.0,-31.0,8.0
7.0,208.0,-135.0,71.0,23.0,-21.0,87.0,25.0,-36.0,16.0
24.0,152.0,-135.0,110.0,-48.0,54.0,-2.0,22.0,-28.0,29.0
77.0,73.0,-139.0,75.0,-81.0,148.0,-163.0,-96.0,-30.0,10.0
61.0,82.0,-171.0,123.0,27.0,85.0,-36.0,-27.0,-20.0,30.0
56.0,164.0,-180.0,140.0,-30.0,41.0,-168.0,-64.0,-7.0,51.0
14.0,304.0,-203.0,148.0,-172.0,85.0,-550.0,70.0,7.0,63.0
-38.0,216.0,-169.0,122.0,-106.0,187.0,-249.0,275.0,24.0,89.0
-81.0,96.0,-136.0,70.0,-143.0,229.0,179.0,345.0,12.0,123.0
-129.0,9.0,-167.0,98.0,-137.0,40.0,292.0,402.0,28.0,139.0
-88.0,-143.0,-170.0,136.0,-113.0,-54.0,-59.0,234.0,37.0,139.0
-87.0,-182.0,-192.0,173.0,-51.0,47.0,-5.0,77.0,25.0,153.0
-82.0,-447.0,-246.0,84.0,-9.0,173.0,716.0,-168.0,35.0,147.0
-102.0,-540.0,-206.0,34.0,-117.0,133.0,799.0,-271.0,38.0,132.0
-101.0,-258.0,-193.0,38.0,-172.0,101.0,288.0,-247.0,26.0,127.0
-107.0,-421.0,-216.0,-23.0,-111.0,132.0,-215.0,-182.0,28.0,136.0
-127.0,-661.0,-155.0,-51.0,-57.0,-75.0,-348.0,88.0,35.0,138.0
-83.0,-377.0,-140.0,-75.0,-144.0,-148.0,-184.0,203.0,36.0,142.0
-71.0,-194.0,-98.0,-32.0,-19.0,-31.0,-206.0,412.0,41.0,165.0
-108.0,-235.0,-41.0,10.0,70.0,-10.0,-163.0,447.0,33.0,179.0
-175.0,-134.0,-60.0,40.0,-50.0,-95.0,-82.0,303.0,17.0,178.0
-177.0,119.0,-56.0,91.0,-18.0,-233.0,-15.0,275.0,-2.0,172.0
-140.0,159.0,-59.0,103.0,-42.0,-223.0,196.0,219.0,-12.0,197.0
-98.0,338.0,-87.0,88.0,-80.0,-250.0,257.0,358.0,-18.0,225.0
-79.0,457.0,-110.0,60.0,24.0,-357.0,67.0,371.0,-38.0,235.0
-31.0,14.0,-80.0,22.0,107.0,-223.0,-127.0,330.0,-54.0,270.0
-6.0,171.0,-57.0,-33.0,7.0,-20.0,-68.0,155.0,-74.0,303.0
10.0,194.0,-62.0,-67.0,59.0,-27.0,91.0,-186.0,-85.0,327.0
44.0,-214.0,-29.0,-66.0,194.0,-64.0,253.0,-253.0,-66.0,330.0
32.0,-185.0,-49.0,-67.0,-21.0,-31.0,417.0,-293.0,-35.0,344.0
33.0,-206.0,-53.0,-65.0,-7.0,-9.0,375.0,-171.0,-25.0,369.0
1.0,-176.0,-49.0,28.0,91.0,-27.0,256.0,-94.0,-23.0,353.0
-8.0,29.0,-47.0,83.0,-71.0,63.0,119.0,-112.0,-17.0,329.0
-55.0,194.0,-23.0,49.0,46.0,292.0,-25.0,-107.0,-17.0,333.0
-59.0,55.0,-48.0,48.0,49.0,454.0,-100.0,-234.0,-20.0,333.0
-42.0,90.0,-12.0,67.0,-106.0,452.0,-144.0,-105.0,-24.0,310.0
-68.0,254.0,36.0,46.0,116.0,338.0,-138.0,-29.0,-30.0,294.0
-67.0,37.0,-38.0,13.0,55.0,116.0,-90.0,29.0,-32.0,275.0
-81.0,-171.0,-31.0,3.0,-215.0,-62.0,-55.0,25.0,-26.0,247.0
-70.0,-100.0,4.0,-23.0,-15.0,154.0,-110.0,-31.0,-40.0,209.0
-55.0,-303.0,-47.0,-60.0,12.0,253.0,-169.0,273.0,-36.0,169.0
-29.0,-619.0,-84.0,-120.0,-141.0,152.0,-31.0,352.0,-24.0,143.0
-28.0,-318.0,-131.0,-40.0,1.0,146.0,351.0,338.0,-36.0,100.0
-30.0,-293.0,-117.0,38.0,-98.0,73.0,458.0,206.0,-39.0,62.0
-56.0,-343.0,-130.0,79.0,-109.0,-32.0,6.0,51.0,-30.0,36.0
-87.0,-80.0,-67.0,200.0,111.0,-164.0,-296.0,40.0,-30.0,-5.0
-83.0,110.0,-83.0,216.0,-82.0,56.0,-207.0,-103.0,-21.0,-55.0
-71.0,182.0,-147.0,232.0,-127.0,287.0,18.0,-75.0,2.0,-80.0
-42.0,-4.0,-63.0,204.0,106.0,138.0,110.0,-79.0,9.0,-93.0
-49.0,58.0,-149.0,155.0,113.0,-179.0,-133.0,75.0,16.0,-108.0
-28.0,29.0,-143.0,69.0,-28.0,-375.0,-467.0,240.0,10.0,-122.0
10.0,-19.0,-101.0,-42.0,14.0,-252.0,-400.0,190.0,11.0,-136.0
34.0,243.0,-118.0,0.0,106.0,-286.0,81.0,140.0,38.0,-145.0
-14.0,135.0,-80.0,14.0,97.0,-219.0,88.0,3.0,43.0,-164.0
-66.0,30.0,-86.0,16.0,118.0,38.0,-263.0,123.0,48.0,-180.0
-71.0,271.0,-39.0,82.0,97.0,292.0,-225.0,210.0,64.0,-179.0
-94.0,254.0,-58.0,118.0,84.0,413.0,76.0,164.0,70.0,-176.0
-101.0,130.0,-46.0,134.0,74.0,62.0,252.0,149.0,73.0,-156.0
-108.0,261.0,1.0,154.0,197.0,-39.0,-39.0,151.0,90.0,-119.0
-78.0,286.0,-30.0,95.0,5.0,98.0,-554.0,253.0,86.0,-86.0
-64.0,179.0,11.0,61.0,-24.0,163.0,-695.0,44.0,85.0,-50.0
-74.0,213.0,-20.0,92.0,191.0,178.0,-330.0,-147.0,108.0,-10.0
-68.0,357.0,-33.0,108.0,-126.0,-25.0,-95.0,-86.0,100.0,40.0
-55.0,369.0,-87.0,159.0,11.0,-22.0,-391.0,151.0,105.0,97.0
-21.0,243.0,-177.0,173.0,102.0,-26.0,-752.0,386.0,114.0,131.0
-11.0,2.0,-153.0,152.0,-118.0,-54.0,-598.0,158.0,103.0,150.0
0.0,-173.0,-229.0,148.0,172.0,-18.0,-57.0,9.0,119.0,176.0
8.0,-87.0,-206.0,121.0,21.0,-86.0,21.0,59.0,122.0,191.0
0.0,-396.0,-164.0,102.0,-287.0,-64.0,-382.0,280.0,113.0,183.0
3.0,-612.0,-132.0,119.0,130.0,-26.0,-565.0,533.0,114.0,165.0
29.0,-295.0,-118.0,126.0,90.0,-106.0,-313.0,521.0,101.0,145.0
60.0,-426.0,-131.0,72.0,-242.0,-300.0,74.0,448.0,66.0,111.0
60.0,-606.0,-131.0,-30.0,72.0,-244.0,54.0,48.0,26.0,77.0
43.0,-357.0,-263.0,-113.0,62.0,27.0,-394.0,-330.0,8.0,52.0
23.0,-231.0,-161.0,-93.0,-42.0,202.0,-534.0,-515.0,-13.0,32.0
2.0,-356.0,-98.0,-19.0,180.0,88.0,-140.0,-397.0,-34.0,21.0
0.0,-230.0,-198.0,29.0,10.0,-218.0,208.0,97.0,-23.0,13.0
13.0,-53.0,-98.0,93.0,-17.0,-313.0,115.0,469.0,-25.0,20.0
25.0,-286.0,-98.0,110.0,207.0,-331.0,-149.0,774.0,-45.0,32.0
27.0,-149.0,-120.0,95.0,-23.0,-417.0,-40.0,772.0,-39.0,38.0
5.0,65.0,-83.0,97.0,-34.0,-260.0,405.0,689.0,-7.0,49.0
10.0,-76.0,-107.0,86.0,99.0,80.0,459.0,419.0,0.0,52.0
35.0,-34.0,-89.0,106.0,8.0,223.0,-32.0,-36.0,-10.0,49.0
38.0,82.0,-153.0,115.0,93.0,171.0,-288.0,-175.0,-7.0,41.0
27.0,124.0,-117.0,159.0,-8.0,8.0,-97.0,-349.0,-14.0,18.0
-20.0,184.0,-100.0,196.0,-58.0,-64.0,127.0,-304.0,-26.0,14.0
-53.0,342.0,-185.0,163.0,25.0,-76.0,-85.0,-127.0,-12.0,27.0
-74.0,243.0,-121.0,100.0,-2.0,52.0,-492.0,83.0,-8.0,43.0
-99.0,312.0,-109.0,43.0,-89.0,282.0,-327.0,328.0,-20.0,65.0
-123.0,508.0,-80.0,17.0,-131.0,273.0,-16.0,341.0,-12.0,79.0
-109.0,288.0,-89.0,-33.0,21.0,179.0,-200.0,352.0,-21.0,92.0
-80.0,294.0,-59.0,-70.0,18.0,37.0,-612.0,164.0,-25.0,93.0
-99.0,395.0,-32.0,-67.0,-87.0,118.0,-737.0,20.0,-20.0,81.0
-104.0,151.0,-44.0,-62.0,1.0,103.0,-682.0,-118.0,-29.0,66.0
-98.0,-89.0,3.0,-51.0,20.0,-63.0,-790.0,-205.0,-27.0,58.0
-115.0,-45.0,-23.0,34.0,-128.0,18.0,-995.0,72.0,-33.0,54.0
-126.0,-123.0,25.0,145.0,-5.0,-31.0,-1149.0,206.0,-36.0,41.0
-96.0,-178.0,-5.0,200.0,-28.0,2.0,-1153.0,299.0,-25.0,24.0
-98.0,-177.0,14.0,177.0,-149.0,45.0,-1176.0,267.0,-25.0,-14.0
-128.0,-162.0,48.0,83.0,65.0,-30.0,-1020.0,184.0,-17.0,-47.0
-127.0,-101.0,-11.0,-3.0,-68.0,-148.0,-590.0,216.0,0.0,-79.0
-103.0,-95.0,-9.0,-66.0,-29.0,-188.0,-254.0,66.0,10.0,-119.0
-88.0,149.0,-47.0,-54.0,168.0,-18.0,0.0,-22.0,28.0,-145.0
-84.0,2.0,-53.0,-6.0,-78.0,12.0,205.0,-81.0,50.0,-170.0
-45.0,39.0,-54.0,-33.0,6.0,87.0,530.0,31.0,60.0,-184.0
-14.0,230.0,0.0,-72.0,115.0,128.0,828.0,175.0,76.0,-168.0
8.0,-68.0,71.0,-131.0,-110.0,83.0,699.0,164.0,81.0,-154.0
23.0,111.0,60.0,-159.0,38.0,2.0,531.0,236.0,85.0,-143.0
26.0,361.0,58.0,-153.0,178.0,-87.0,630.0,210.0,112.0,-106.0
24.0,185.0,55.0,-150.0,-33.0,80.0,635.0,291.0,121.0,-83.0
36.0,7.0,55.0,-87.0,94.0,78.0,331.0,319.0,134.0,-59.0
41.0,40.0,49.0,-73.0,147.0,-24.0,1.0,291.0,134.0,-30.0
30.0,29.0,17.0,-91.0,-23.0,-24.0,-76.0,291.0,116.0,-11.0
47.0,-99.0,57.0,-45.0,70.0,-106.0,-95.0,147.0,128.0,1.0
88.0,-125.0,54.0,58.0,3.0,-73.0,-237.0,133.0,121.0,8.0
106.0,-133.0,19.0,98.0,60.0,36.0,-431.0,171.0,114.0,11.0
74.0,20.0,32.0,53.0,196.0,184.0,-606.0,341.0,120.0,-18.0
76.0,45.0,4.0,19.0,19.0,171.0,-593.0,393.0,114.0,-57.0
71.0,-62.0,-25.0,-22.0,-15.0,-91.0,-570.0,315.0,123.0,-97.0
62.0,204.0,-27.0,-24.0,110.0,-152.0,-830.0,317.0,122.0,-118.0
21.0,296.0,-5.0,7.0,166.0,-47.0,-1062.0,240.0,113.0,-145.0
-25.0,110.0,-22.0,75.0,-61.0,62.0,-980.0,149.0,119.0,-177.0
-22.0,155.0,0.0,83.0,-144.0,150.0,-712.0,-168.0,112.0,-171.0
-19.0,144.0,-11.0,23.0,80.0,145.0,-360.0,-336.0,113.0,-169.0
-24.0,79.0,-25.0,13.0,-5.0,127.0,-144.0,-339.0,103.0,-171.0
-62.0,200.0,0.0,0.0,-86.0,-54.0,-308.0,-284.0,91.0,-160.0
-44.0,40.0,-69.0,-41.0,-46.0,-173.0,-418.0,42.0,96.0,-134.0
-2.0,-238.0,-44.0,-55.0,-157.0,18.0,-135.0,206.0,65.0,-127.0
8.0,-254.0,-20.0,-38.0,-94.0,89.0,107.0,280.0,54.0,-126.0
-52.0,-303.0,-64.0,39.0,20.0,75.0,120.0,267.0,43.0,-108.0
-123.0,-489.0,-58.0,166.0,-124.0,66.0,96.0,223.0,31.0,-105.0
-169.0,-643.0,-62.0,204.0,-83.0,93.0,17.0,103.0,41.0,-123.0
-203.0,-393.0,-90.0,200.0,136.0,300.0,54.0,-127.0,34.0,-144.0
-155.0,-326.0,-82.0,222.0,11.0,292.0,232.0,-75.0,39.0,-151.0
-107.0,-388.0,-78.0,226.0,-46.0,42.0,221.0,-60.0,49.0,-177.0
-40.0,-268.0,-79.0,168.0,55.0,50.0,165.0,12.0,57.0,-222.0
-33.0,-142.0,-7.0,112.0,30.0,340.0,293.0,40.0,50.0,-248.0
-75.0,182.0,39.0,115.0,129.0,491.0,419.0,-27.0,31.0,-239.0
-140.0,68.0,87.0,106.0,45.0,619.0,182.0,73.0,25.0,-259.0
-209.0,-7.0,116.0,145.0,-156.0,460.0,-218.0,-16.0,20.0,-281.0
-217.0,118.0,182.0,159.0,94.0,98.0,-336.0,16.0,4.0,-254.0
-228.0,340.0,182.0,110.0,200.0,-81.0,-211.0,-73.0,-3.0,-239.0
-207.0,471.0,150.0,96.0,-106.0,-267.0,10.0,-243.0,17.0,-228.0
-211.0,271.0,205.0,79.0,-119.0,-112.0,-84.0,-179.0,33.0,-190.0
-248.0,428.0,136.0,80.0,22.0,-8.0,-417.0,-188.0,25.0,-131.0
-239.0,391.0,104.0,70.0,-38.0,114.0,-576.0,3.0,33.0,-111.0
-206.0,238.0,121.0,105.0,-48.0,212.0,-437.0,116.0,45.0,-87.0
-190.0,175.0,123.0,147.0,-57.0,-6.0,-246.0,212.0,29.0,-26.0
-193.0,135.0,98.0,149.0,-91.0,-148.0,-497.0,314.0,29.0,0.0
-209.0,62.0,155.0,166.0,47.0,-440.0,-557.0,256.0,27.0,9.0
-178.0,-151.0,160.0,125.0,-40.0,-378.0,-247.0,129.0,6.0,17.0
-153.0,-245.0,132.0,89.0,-210.0,-267.0,-263.0,-83.0,7.0,33.0
-130.0,-315.0,201.0,31.0,-16.0,-231.0,-400.0,18.0,22.0,33.0
-100.0,-164.0,112.0,32.0,38.0,-102.0,-315.0,-44.0,12.0,3.0
-113.0,-186.0,151.0,79.0,-74.0,-191.0,-185.0,-145.0,17.0,-11.0
-108.0,-235.0,182.0,24.0,0.0,-33.0,-243.0,-81.0,34.0,-3.0
-138.0,-135.0,132.0,-9.0,19.0,2.0,-144.0,-147.0,24.0,-16.0
-152.0,-140.0,120.0,0.0,0.0,39.0,73.0,-33.0,31.0,-39.0
-144.0,-109.0,44.0,31.0,26.0,-100.0,-9.0,31.0,15.0,-36.0
-125.0,-317.0,33.0,67.0,-102.0,-212.0,-63.0,48.0,1.0,-49.0
-111.0,-191.0,51.0,42.0,-127.0,108.0,126.0,-29.0,0.0,-69.0
-128.0,23.0,81.0,5.0,-27.0,183.0,262.0,-101.0,-17.0,-75.0
-121.0,-195.0,107.0,16.0,4.0,64.0,42.0,-86.0,-23.0,-77.0
-124.0,-114.0,101.0,-19.0,-83.0,-139.0,-137.0,-168.0,-35.0,-88.0
-120.0,116.0,85.0,-68.0,-41.0,-43.0,-34.0,-68.0,-30.0,-103.0
-121.0,55.0,74.0,-96.0,90.0,58.0,-199.0,-18.0,-42.0,-92.0
-120.0,-106.0,48.0,-114.0,-21.0,-13.0,-398.0,99.0,-46.0,-87.0
-118.0,-19.0,79.0,-31.0,21.0,-69.0,-390.0,120.0,-47.0,-94.0
-117.0,-21.0,148.0,14.0,31.0,-56.0,-422.0,-166.0,-73.0,-93.0
-87.0,-93.0,151.0,61.0,-64.0,-64.0,-351.0,-347.0,-76.0,-80.0
-66.0,29.0,101.0,143.0,-11.0,-394.0,-329.0,-460.0,-75.0,-76.0
-60.0,-131.0,83.0,146.0,5.0,-344.0,-421.0,-299.0,-77.0,-91.0
-52.0,-258.0,76.0,117.0,-89.0,116.0,-483.0,-68.0,-70.0,-108.0
-41.0,59.0,88.0,80.0,5.0,179.0,-462.0,147.0,-46.0,-113.0
4.0,94.0,106.0,90.0,120.0,-160.0,-272.0,194.0,-20.0,-116.0
34.0,-71.0,60.0,58.0,-182.0,-191.0,-180.0,0.0,-6.0,-138.0
61.0,239.0,88.0,7.0,-110.0,-44.0,-263.0,29.0,1.0,-143.0
86.0,300.0,86.0,0.0,78.0,31.0,-179.0,-133.0,8.0,-138.0
112.0,250.0,109.0,-39.0,-38.0,-137.0,-38.0,-277.0,27.0,-142.0
167.0,107.0,135.0,-60.0,50.0,-494.0,-9.0,-262.0,27.0,-138.0
175.0,-86.0,110.0,-40.0,54.0,-433.0,113.0,-205.0,15.0,-133.0
199.0,-51.0,125.0,6.0,20.0,-279.0,129.0,-18.0,11.0,-140.0
192.0,-281.0,119.0,54.0,137.0,-305.0,-48.0,-25.0,1.0,-169.0
214.0,-247.0,162.0,90.0,70.0,-303.0,51.0,116.0,9.0,-180.0
221.0,-363.0,181.0,82.0,-55.0,-155.0,264.0,190.0,18.0,-187.0
192.0,-328.0,213.0,114.0,131.0,-244.0,104.0,234.0,7.0,-208.0
180.0,-173.0,219.0,156.0,170.0,-621.0,58.0,376.0,-8.0,-230.0
137.0,-175.0,206.0,124.0,-25.0,-717.0,208.0,273.0,-8.0,-251.0
150.0,-159.0,193.0,148.0,40.0,-334.0,81.0,284.0,-12.0,-266.0
138.0,-317.0,174.0,129.0,92.0,-100.0,-133.0,192.0,-45.0,-284.0
152.0,-7.0,243.0,100.0,42.0,-244.0,-437.0,-25.0,-60.0,-307.0
149.0,-83.0,243.0,68.0,96.0,-79.0,-576.0,-177.0,-77.0,-326.0
116.0,-145.0,240.0,9.0,-28.0,49.0,-543.0,-90.0,-103.0,-335.0
89.0,-1.0,246.0,11.0,-74.0,-215.0,-573.0,157.0,-112.0,-355.0
57.0,28.0,237.0,21.0,130.0,-404.0,-474.0,155.0,-127.0,-360.0
45.0,287.0,265.0,76.0,17.0,-231.0,-589.0,243.0,-137.0,-348.0
0.0,260.0,232.0,126.0,-109.0,-55.0,-585.0,59.0,-141.0,-325.0
-10.0,277.0,182.0,150.0,-24.0,-308.0,-259.0,-190.0,-146.0,-288.0
-32.0,319.0,139.0,115.0,62.0,-458.0,-313.0,-99.0,-153.0,-252.0
-42.0,340.0,108.0,61.0,97.0,-143.0,-437.0,-131.0,-163.0,-217.0
-78.0,-3.0,116.0,49.0,-83.0,19.0,-325.0,-33.0,-149.0,-199.0
-117.0,-141.0,90.0,-38.0,-51.0,-100.0,-366.0,12.0,-125.0,-176.0
-135.0,105.0,58.0,-63.0,119.0,33.0,-278.0,84.0,-121.0,-152.0
-182.0,-92.0,95.0,-17.0,46.0,148.0,-38.0,147.0,-112.0,-140.0
-201.0,-12.0,149.0,-24.0,-27.0,-183.0,-271.0,49.0,-97.0,-124.0
-202.0,259.0,141.0,-7.0,-84.0,-371.0,-320.0,25.0,-73.0,-117.0
-174.0,299.0,129.0,-7.0,-19.0,-216.0,112.0,-144.0,-59.0,-118.0
-152.0,253.0,120.0,41.0,74.0,-205.0,190.0,-310.0,-12.0,-109.0
-145.0,415.0,91.0,91.0,-30.0,-271.0,197.0,-535.0,33.0,-102.0
-133.0,238.0,122.0,100.0,-59.0,-171.0,68.0,-504.0,36.0,-94.0
-125.0,-70.0,120.0,103.0,70.0,23.0,-316.0,-219.0,72.0,-77.0
-124.0,145.0,94.0,34.0,155.0,-67.0,-260.0,-51.0,77.0,-53.0
-117.0,-87.0,97.0,32.0,138.0,-147.0,-184.0,51.0,73.0,-28.0
-103.0,-280.0,68.0,9.0,-70.0,35.0,-415.0,-73.0,95.0,-10.0
-76.0,-152.0,73.0,17.0,-103.0,-70.0,-513.0,14.0,95.0,3.0
-91.0,-177.0,58.0,58.0,150.0,-185.0,-364.0,88.0,92.0,11.0
-115.0,-158.0,62.0,53.0,-14.0,-152.0,-169.0,-7.0,89.0,13.0
-96.0,-181.0,146.0,83.0,-111.0,-204.0,-220.0,-48.0,87.0,-5.0
-73.0,-180.0,169.0,67.0,46.0,-262.0,-276.0,-136.0,68.0,-17.0
-40.0,-160.0,176.0,34.0,-50.0,-125.0,-168.0,-1.0,46.0,-35.0
-32.0,-153.0,167.0,-12.0,44.0,95.0,-77.0,20.0,32.0,-66.0
14.0,-197.0,102.0,-39.0,39.0,-17.0,27.0,12.0,21.0,-80.0
47.0,-115.0,79.0,-92.0,-125.0,-246.0,70.0,64.0,12.0,-118.0
60.0,74.0,91.0,-124.0,65.0,-373.0,-222.0,9.0,0.0,-144.0
70.0,22.0,86.0,-63.0,63.0,-166.0,-438.0,-42.0,-1.0,-162.0
43.0,-24.0,83.0,22.0,-127.0,119.0,-239.0,-264.0,-18.0,-180.0
41.0,186.0,107.0,88.0,10.0,146.0,-194.0,-345.0,-42.0,-194.0
24.0,113.0,98.0,142.0,37.0,217.0,-277.0,-388.0,-38.0,-208.0
32.0,-55.0,83.0,148.0,12.0,256.0,-385.0,-315.0,-25.0,-195.0
72.0,195.0,79.0,81.0,66.0,237.0,-250.0,11.0,-15.0,-186.0
100.0,267.0,61.0,65.0,-88.0,152.0,102.0,184.0,12.0,-158.0
108.0,188.0,25.0,25.0,44.0,210.0,193.0,393.0,32.0,-118.0
80.0,269.0,-26.0,-3.0,98.0,354.0,299.0,476.0,49.0,-81.0
47.0,219.0,-55.0,-3.0,-125.0,225.0,394.0,358.0,74.0,-52.0
43.0,187.0,-79.0,17.0,-46.0,-29.0,582.0,138.0,87.0,-12.0
35.0,300.0,-44.0,48.0,4.0,-2.0,757.0,-16.0,92.0,31.0
49.0,274.0,-8.0,4.0,48.0,165.0,556.0,-77.0,94.0,39.0
72.0,219.0,-21.0,41.0,30.0,-1.0,210.0,-236.0,98.0,55.0
50.0,327.0,-19.0,72.0,-171.0,15.0,47.0,-105.0,89.0,68.0
19.0,322.0,-70.0,44.0,-38.0,280.0,-71.0,29.0,87.0,64.0
-10.0,41.0,-89.0,34.0,31.0,357.0,-430.0,97.0,87.0,52.0
-45.0,-46.0,-77.0,27.0,-148.0,121.0,-630.0,64.0,57.0,33.0
-74.0,18.0,-28.0,-3.0,-41.0,54.0,-666.0,-240.0,24.0,9.0
-53.0,-67.0,47.0,-21.0,-76.0,379.0,-666.0,-297.0,0.0,-6.0
-13.0,-89.0,40.0,-25.0,-113.0,319.0,-630.0,-323.0,-12.0,-23.0
15.0,-48.0,76.0,-95.0,98.0,125.0,-833.0,-275.0,-17.0,-54.0
22.0,129.0,53.0,-103.0,-41.0,227.0,-905.0,-234.0,-10.0,-65.0
15.0,266.0,41.0,-38.0,-63.0,323.0,-761.0,-249.0,-11.0,-82.0
3.0,189.0,127.0,31.0,95.0,86.0,-574.0,-232.0,-24.0,-104.0
0.0,-91.0,126.0,50.0,-28.0,-34.0,-342.0,-328.0,-15.0,-128.0
11.0,-25.0,153.0,50.0,-36.0,195.0,-311.0,-140.0,-13.0,-155.0
2.0,266.0,193.0,64.0,-15.0,104.0,-341.0,-57.0,-3.0,-161.0
17.0,49.0,184.0,11.0,-29.0,-337.0,-290.0,-53.0,9.0,-176.0
23.0,-74.0,173.0,-28.0,75.0,-561.0,-13.0,-96.0,30.0,-167.0
63.0,-132.0,155.0,13.0,-28.0,-241.0,344.0,-314.0,48.0,-158.0
75.0,-268.0,124.0,54.0,-69.0,64.0,356.0,-243.0,45.0,-163.0
65.0,-407.0,94.0,-42.0,81.0,121.0,320.0,-182.0,64.0,-138.0
71.0,-341.0,98.0,-190.0,-43.0,212.0,522.0,-44.0,75.0,-114.0
48.0,-151.0,103.0,-287.0,-18.0,244.0,557.0,-40.0,80.0,-102.0
38.0,-148.0,96.0,-307.0,132.0,45.0,344.0,-160.0,91.0,-112.0
33.0,31.0,125.0,-210.0,36.0,-210.0,203.0,-75.0,95.0,-111.0
35.0,173.0,140.0,-132.0,129.0,-171.0,186.0,-212.0,79.0,-97.0
11.0,119.0,119.0,-102.0,105.0,-146.0,349.0,-319.0,68.0,-84.0
-7.0,72.0,117.0,-63.0,-76.0,-175.0,356.0,-371.0,60.0,-63.0
-37.0,138.0,82.0,-9.0,97.0,-86.0,238.0,-199.0,36.0,-33.0
-39.0,-10.0,43.0,61.0,148.0,-14.0,228.0,64.0,27.0,12.0
-25.0,24.0,19.0,83.0,-39.0,-67.0,63.0,-20.0,17.0,59.0
-24.0,140.0,31.0,75.0,-39.0,-237.0,14.0,-120.0,5.0,120.0
-12.0,0.0,79.0,54.0,-56.0,-132.0,127.0,-314.0,-2.0,168.0
-16.0,102.0,84.0,-25.0,-34.0,23.0,94.0,-247.0,0.0,185.0
-22.0,89.0,102.0,-83.0,21.0,-64.0,-177.0,36.0,-8.0,202.0
-47.0,50.0,124.0,-72.0,-39.0,-106.0,-407.0,303.0,-9.0,210.0
-72.0,-52.0,95.0,-62.0,41.0,-165.0,-453.0,384.0,1.0,210.0
-83.0,-174.0,54.0,-96.0,0.0,-166.0,-548.0,-64.0,0.0,177.0
-63.0,-187.0,15.0,-117.0,-59.0,-32.0,-492.0,-341.0,5.0,134.0
-57.0,-204.0,-41.0,-118.0,-74.0,-86.0,-232.0,-338.0,-9.0,98.0
-57.0,-176.0,-8.0,-134.0,-195.0,-191.0,26.0,-151.0,-5.0,63.0
-68.0,-437.0,24.0,-137.0,-41.0,-221.0,135.0,-3.0,1.0,22.0
-75.0,-546.0,-9.0,-111.0,-29.0,-404.0,219.0,-46.0,-9.0,-25.0
-68.0,-300.0,5.0,-61.0,-154.0,-454.0,269.0,-103.0,8.0,-47.0
-84.0,-313.0,-19.0,-79.0,-81.0,-303.0,203.0,-314.0,33.0,-70.0
-75.0,-285.0,-6.0,-141.0,24.0,-183.0,400.0,-317.0,53.0,-81.0
-75.0,-62.0,40.0,-134.0,75.0,-105.0,590.0,-312.0,73.0,-81.0
-71.0,-130.0,70.0,-99.0,-68.0,-112.0,487.0,-273.0,85.0,-89.0
-86.0,-44.0,128.0,-86.0,-34.0,-77.0,255.0,-136.0,96.0,-78.0
-93.0,242.0,153.0,-60.0,79.0,30.0,-28.0,-94.0,100.0,-67.0
-99.0,259.0,171.0,-61.0,0.0,80.0,-222.0,33.0,105.0,-57.0
-104.0,158.0,172.0,-110.0,0.0,133.0,-331.0,-73.0,122.0,-57.0
-89.0,306.0,196.0,-147.0,68.0,67.0,-174.0,-273.0,123.0,-74.0
-79.0,371.0,199.0,-155.0,128.0,-193.0,138.0,-367.0,141.0,-84.0
-36.0,124.0,178.0,-72.0,135.0,-175.0,294.0,-203.0,157.0,-88.0
-32.0,224.0,153.0,-31.0,36.0,-103.0,400.0,22.0,142.0,-104.0
-31.0,414.0,171.0,-55.0,-7.0,-95.0,402.0,-149.0,139.0,-95.0
-8.0,227.0,223.0,-93.0,81.0,127.0,347.0,-400.0,121.0,-93.0
2.0,-19.0,177.0,-141.0,110.0,155.0,402.0,-631.0,96.0,-93.0
16.0,133.0,116.0,-114.0,65.0,25.0,501.0,-412.0,83.0,-66.0
4.0,379.0,90.0,-108.0,-1.0,-107.0,612.0,38.0,65.0,-63.0
-1.0,210.0,67.0,-152.0,36.0,-56.0,568.0,60.0,55.0,-49.0
27.0,84.0,34.0,-211.0,129.0,25.0,214.0,-42.0,44.0,-49.0
53.0,211.0,34.0,-173.0,33.0,-64.0,-311.0,-208.0,34.0,-55.0
67.0,272.0,22.0,-79.0,-73.0,13.0,-618.0,-140.0,31.0,-67.0
82.0,203.0,65.0,-40.0,78.0,51.0,-414.0,-14.0,24.0,-93.0
102.0,267.0,79.0,-10.0,190.0,-14.0,47.0,29.0,28.0,-91.0
117.0,395.0,56.0,2.0,62.0,232.0,194.0,121.0,31.0,-107.0
119.0,272.0,65.0,18.0,-3.0,624.0,13.0,31.0,45.0,-110.0
119.0,252.0,15.0,15.0,46.0,436.0,-59.0,53.0,48.0,-108.0
122.0,321.0,23.0,4.0,15.0,-53.0,-174.0,-92.0,23.0,-111.0
126.0,145.0,-12.0,10.0,-90.0,-249.0,-172.0,-219.0,24.0,-91.0
111.0,230.0,-1.0,-37.0,-58.0,-211.0,174.0,-179.0,8.0,-81.0
114.0,307.0,31.0,-27.0,10.0,-154.0,550.0,-118.0,-2.0,-58.0
117.0,62.0,9.0,-3.0,96.0,-88.0,666.0,99.0,-4.0,-26.0
93.0,-111.0,20.0,-47.0,17.0,149.0,425.0,7.0,-20.0,2.0
67.0,-169.0,-23.0,-37.0,-156.0,147.0,267.0,-31.0,-14.0,34.0
61.0,-249.0,-1.0,-61.0,-84.0,10.0,180.0,-81.0,-21.0,69.0
58.0,-430.0,8.0,-54.0,-111.0,-22.0,249.0,-134.0,-49.0,107.0
61.0,-423.0,21.0,-32.0,-105.0,-93.0,665.0,7.0,-68.0,150.0
84.0,-500.0,78.0,-55.0,-11.0,-29.0,955.0,-84.0,-97.0,184.0
92.0,-587.0,82.0,-79.0,-98.0,89.0,666.0,-81.0,-141.0,204.0
113.0,-225.0,132.0,-173.0,-116.0,131.0,95.0,-49.0,-160.0,235.0
112.0,127.0,159.0,-270.0,74.0,43.0,-50.0,70.0,-170.0,243.0
109.0,96.0,147.0,-344.0,72.0,21.0,-32.0,168.0,-184.0,239.0
115.0,104.0,131.0,-294.0,-5.0,183.0,91.0,-59.0,-192.0,243.0
124.0,224.0,80.0,-166.0,139.0,329.0,305.0,-258.0,-188.0,242.0
138.0,195.0,72.0,-166.0,8.0,352.0,241.0,-234.0,-173.0,230.0
125.0,300.0,51.0,-199.0,-118.0,266.0,36.0,136.0,-162.0,213.0
114.0,294.0,-10.0,-87.0,-69.0,177.0,-91.0,349.0,-140.0,198.0
105.0,225.0,-50.0,6.0,-55.0,-141.0,52.0,321.0,-129.0,176.0
114.0,198.0,-58.0,0.0,33.0,-455.0,348.0,328.0,-103.0,168.0
126.0,78.0,-56.0,-26.0,-20.0,-211.0,686.0,267.0,-68.0,148.0
142.0,8.0,-29.0,-87.0,-28.0,269.0,879.0,194.0,-56.0,112.0
141.0,-48.0,-31.0,-52.0,-50.0,373.0,752.0,-96.0,-33.0,86.0
137.0,-114.0,-36.0,5.0,-24.0,116.0,568.0,-197.0,-19.0,53.0
144.0,-317.0,3.0,-58.0,45.0,-2.0,512.0,-97.0,-10.0,31.0
131.0,-489.0,9.0,-110.0,-31.0,27.0,412.0,-164.0,-2.0,5.0
119.0,-568.0,53.0,-108.0,53.0,-70.0,363.0,-66.0,-5.0,-15.0
114.0,-316.0,75.0,-125.0,61.0,-102.0,537.0,116.0,-6.0,-32.0
132.0,-85.0,79.0,-153.0,36.0,242.0,518.0,404.0,-2.0,-44.0
125.0,-235.0,75.0,-92.0,10.0,437.0,278.0,460.0,4.0,-41.0
72.0,-49.0,29.0,17.0,25.0,222.0,107.0,277.0,9.0,-52.0
12.0,230.0,20.0,20.0,53.0,196.0,29.0,157.0,1.0,-54.0
-20.0,115.0,3.0,-23.0,-71.0,413.0,-96.0,-27.0,-1.0,-48.0
-2.0,-55.0,5.0,-63.0,65.0,379.0,-130.0,31.0,-16.0,-43.0
21.0,44.0,36.0,-122.0,34.0,36.0,33.0,62.0,-35.0,-33.0
40.0,181.0,55.0,-124.0,-46.0,135.0,-68.0,114.0,-43.0,-19.0
29.0,207.0,84.0,-86.0,75.0,578.0,-280.0,153.0,-47.0,-11.0
13.0,283.0,116.0,-75.0,-44.0,726.0,-171.0,77.0,-43.0,8.0
26.0,199.0,113.0,-104.0,4.0,513.0,120.0,59.0,-32.0,22.0
23.0,218.0,125.0,-135.0,70.0,495.0,383.0,-66.0,-31.0,13.0
40.0,332.0,127.0,-97.0,-40.0,852.0,621.0,-7.0,-26.0,10.0
52.0,99.0,107.0,-64.0,-22.0,619.0,936.0,-75.0,-18.0,-8.0
81.0,-34.0,115.0,-76.0,96.0,205.0,1107.0,-181.0,-20.0,-17.0
102.0,-194.0,70.0,-59.0,101.0,298.0,889.0,-205.0,-17.0,-47.0
90.0,-336.0,15.0,-17.0,-77.0,411.0,554.0,-208.0,-30.0,-98.0
81.0,-192.0,9.0,10.0,-102.0,381.0,417.0,64.0,-42.0,-120.0
44.0,-151.0,13.0,-17.0,-20.0,350.0,476.0,206.0,-53.0,-147.0
35.0,-200.0,3.0,2.0,15.0,265.0,514.0,339.0,-68.0,-151.0
52.0,-255.0,-1.0,14.0,-44.0,-6.0,280.0,363.0,-77.0,-149.0
99.0,-192.0,16.0,-13.0,-11.0,-34.0,57.0,367.0,-67.0,-129.0
117.0,-192.0,25.0,-20.0,27.0,192.0,94.0,391.0,-43.0,-92.0
120.0,-161.0,41.0,-48.0,-27.0,291.0,356.0,169.0,-27.0,-74.0
143.0,-20.0,42.0,-67.0,1.0,212.0,363.0,144.0,-11.0,-52.0
161.0,-52.0,49.0,-127.0,-93.0,75.0,-71.0,31.0,-7.0,-26.0
143.0,-107.0,54.0,-124.0,-7.0,239.0,145.0,-116.0,0.0,2.0
95.0,117.0,31.0,-126.0,33.0,400.0,645.0,-205.0,9.0,21.0
94.0,304.0,59.0,-154.0,-82.0,207.0,383.0,-277.0,16.0,41.0
78.0,165.0,54.0,-103.0,-81.0,-89.0,294.0,-72.0,33.0,56.0
86.0,106.0,36.0,-138.0,-61.0,-237.0,408.0,12.0,53.0,57.0
99.0,165.0,77.0,-161.0,19.0,-160.0,416.0,99.0,75.0,56.0
130.0,288.0,47.0,-108.0,-30.0,-47.0,766.0,162.0,84.0,56.0
128.0,37.0,62.0,-85.0,-59.0,76.0,648.0,247.0,90.0,61.0
98.0,85.0,121.0,-125.0,-104.0,206.0,369.0,384.0,84.0,54.0
76.0,433.0,72.0,-159.0,-36.0,201.0,246.0,218.0,72.0,58.0
51.0,155.0,52.0,-132.0,80.0,94.0,324.0,121.0,52.0,77.0
72.0,156.0,64.0,-171.0,-69.0,6.0,585.0,1.0,42.0,88.0
64.0,388.0,103.0,-280.0,2.0,82.0,-200.0,-35.0,34.0,112.0
97.0,567.0,150.0,-255.0,60.0,207.0,-514.0,92.0,14.0,149.0
91.0,309.0,126.0,-134.0,2.0,156.0,197.0,153.0,-10.0,183.0
78.0,75.0,119.0,-100.0,-6.0,264.0,624.0,247.0,-45.0,209.0
72.0,269.0,104.0,-48.0,-79.0,436.0,581.0,131.0,-74.0,228.0
83.0,76.0,66.0,-8.0,66.0,380.0,149.0,77.0,-95.0,260.0
118.0,-21.0,70.0,0.0,62.0,354.0,251.0,77.0,-100.0,269.0
103.0,-77.0,52.0,12.0,-76.0,242.0,201.0,121.0,-118.0,256.0
108.0,-69.0,11.0,-70.0,5.0,75.0,-244.0,186.0,-123.0,258.0
83.0,-80.0,-16.0,-83.0,-2.0,41.0,-19.0,9.0,-119.0,234.0
92.0,-271.0,-56.0,-25.0,-13.0,250.0,271.0,49.0,-131.0,198.0
102.0,-366.0,-70.0,-24.0,-2.0,283.0,366.0,144.0,-126.0,157.0
134.0,-571.0,-72.0,-3.0,-33.0,42.0,464.0,232.0,-122.0,115.0
156.0,-625.0,-57.0,13.0,17.0,84.0,405.0,218.0,-113.0,108.0
171.0,-496.0,25.0,-38.0,68.0,239.0,565.0,114.0,-102.0,66.0
179.0,-560.0,64.0,-98.0,63.0,320.0,485.0,206.0,-103.0,36.0
146.0,-708.0,99.0,-50.0,8.0,266.0,0.0,134.0,-111.0,56.0
147.0,-564.0,126.0,41.0,-4.0,335.0,88.0,60.0,-113.0,56.0
110.0,-320.0,102.0,89.0,-13.0,396.0,258.0,-64.0,-126.0,73.0
93.0,-175.0,127.0,82.0,54.0,114.0,73.0,-88.0,-144.0,97.0
88.0,-143.0,130.0,0.0,61.0,-50.0,-86.0,81.0,-135.0,113.0
113.0,-15.0,130.0,-31.0,-115.0,-15.0,-193.0,216.0,-125.0,121.0
125.0,50.0,113.0,32.0,18.0,22.0,80.0,382.0,-104.0,109.0
118.0,13.0,100.0,109.0,135.0,-100.0,73.0,280.0,-67.0,100.0
120.0,275.0,108.0,103.0,-129.0,-108.0,-112.0,227.0,-45.0,78.0
96.0,206.0,82.0,82.0,-59.0,135.0,426.0,153.0,-36.0,46.0
79.0,28.0,97.0,55.0,79.0,166.0,248.0,24.0,-20.0,37.0
66.0,-4.0,85.0,5.0,-79.0,175.0,-303.0,-38.0,-15.0,24.0
57.0,35.0,104.0,13.0,35.0,333.0,92.0,-295.0,-4.0,13.0
45.0,186.0,124.0,-34.0,-36.0,446.0,498.0,-299.0,22.0,22.0
61.0,49.0,112.0,-72.0,-125.0,127.0,621.0,-269.0,36.0,28.0
67.0,141.0,127.0,-70.0,124.0,-339.0,613.0,-251.0,42.0,55.0
88.0,225.0,120.0,-114.0,82.0,-95.0,395.0,-153.0,61.0,79.0
107.0,190.0,151.0,-160.0,15.0,236.0,314.0,-44.0,67.0,82.0
125.0,255.0,117.0,-162.0,30.0,185.0,810.0,218.0,64.0,97.0
140.0,103.0,98.0,-97.0,139.0,175.0,1083.0,304.0,69.0,101.0
128.0,167.0,123.0,-26.0,181.0,355.0,659.0,415.0,65.0,88.0
75.0,121.0,104.0,-22.0,24.0,397.0,511.0,406.0,78.0,73.0
9.0,-82.0,104.0,-53.0,71.0,350.0,587.0,388.0,104.0,50.0
13.0,-88.0,91.0,-83.0,90.0,607.0,46.0,439.0,118.0,21.0
38.0,-125.0,123.0,-64.0,2.0,618.0,-366.0,264.0,115.0,0.0
47.0,62.0,98.0,-12.0,-9.0,310.0,-263.0,175.0,121.0,-20.0
24.0,132.0,90.0,-3.0,-44.0,57.0,-133.0,-84.0,136.0,-40.0
20.0,51.0,106.0,8.0,-22.0,113.0,334.0,-253.0,135.0,-82.0
-2.0,190.0,61.0,-17.0,122.0,245.0,197.0,-347.0,151.0,-122.0
0.0,336.0,68.0,-64.0,21.0,240.0,-299.0,-413.0,169.0,-145.0
12.0,342.0,43.0,-147.0,-19.0,367.0,-271.0,-149.0,164.0,-181.0
26.0,284.0,28.0,-196.0,106.0,469.0,-113.0,-84.0,143.0,-211.0
52.0,507.0,-10.0,-128.0,-34.0,548.0,134.0,-38.0,118.0,-237.0
42.0,528.0,-38.0,65.0,-10.0,292.0,227.0,-81.0,93.0,-229.0
66.0,131.0,-27.0,193.0,17.0,118.0,141.0,-144.0,82.0,-215.0
53.0,-85.0,-58.0,179.0,-92.0,181.0,62.0,12.0,66.0,-209.0
80.0,-133.0,-23.0,187.0,96.0,103.0,384.0,112.0,41.0,-175.0
96.0,-152.0,-2.0,83.0,128.0,237.0,433.0,258.0,24.0,-136.0
92.0,-161.0,19.0,50.0,-103.0,251.0,-199.0,295.0,-11.0,-100.0
94.0,-227.0,29.0,82.0,35.0,261.0,-193.0,448.0,-26.0,-69.0
86.0,-216.0,-4.0,57.0,20.0,315.0,586.0,545.0,-49.0,-49.0
127.0,-65.0,25.0,43.0,-170.0,415.0,916.0,452.0,-96.0,-23.0
131.0,-90.0,-22.0,21.0,28.0,477.0,448.0,478.0,-122.0,2.0
119.0,-167.0,-7.0,96.0,-24.0,82.0,56.0,297.0,-146.0,5.0
99.0,7.0,42.0,174.0,-27.0,-132.0,388.0,84.0,-181.0,35.0
87.0,138.0,-2.0,203.0,66.0,33.0,505.0,-251.0,-199.0,66.0
87.0,57.0,29.0,217.0,-83.0,260.0,46.0,-508.0,-193.0,79.0
102.0,98.0,26.0,178.0,34.0,78.0,148.0,-399.0,-193.0,119.0
117.0,112.0,33.0,83.0,21.0,-298.0,182.0,-236.0,-192.0,156.0
125.0,8.0,98.0,50.0,-57.0,-310.0,-163.0,-16.0,-192.0,174.0
146.0,139.0,106.0,76.0,0.0,-294.0,-74.0,3.0,-191.0,185.0
148.0,-42.0,114.0,47.0,-61.0,-136.0,238.0,64.0,-193.0,210.0
151.0,-285.0,172.0,-2.0,96.0,249.0,255.0,0.0,-185.0,217.0
161.0,-222.0,171.0,50.0,100.0,365.0,-169.0,-133.0,-173.0,204.0
173.0,-263.0,185.0,178.0,-107.0,-6.0,-255.0,24.0,-169.0,196.0
169.0,-204.0,243.0,211.0,27.0,-300.0,-87.0,138.0,-148.0,189.0
167.0,-101.0,211.0,248.0,141.0,-102.0,-169.0,306.0,-121.0,179.0
180.0,99.0,249.0,297.0,74.0,135.0,-138.0,199.0,-100.0,152.0
172.0,173.0,250.0,285.0,54.0,49.0,50.0,57.0,-86.0,129.0
155.0,243.0,230.0,304.0,34.0,-25.0,219.0,29.0,-66.0,111.0
132.0,433.0,245.0,256.0,131.0,42.0,303.0,-59.0,-29.0,94.0
104.0,561.0,220.0,176.0,169.0,-2.0,302.0,33.0,13.0,80.0
70.0,715.0,230.0,193.0,-47.0,-29.0,68.0,-3.0,59.0,87.0
25.0,557.0,208.0,128.0,15.0,22.0,-148.0,0.0,101.0,109.0
11.0,559.0,197.0,67.0,163.0,299.0,208.0,-70.0,136.0,107.0
-1.0,487.0,194.0,160.0,-2.0,265.0,362.0,-179.0,152.0,133.0
-4.0,293.0,164.0,136.0,-5.0,41.0,-86.0,-223.0,161.0,167.0
3.0,277.0,99.0,8.0,-7.0,321.0,35.0,-347.0,168.0,178.0
20.0,146.0,80.0,-27.0,-1.0,474.0,319.0,-269.0,182.0,199.0
48.0,85.0,80.0,70.0,201.0,308.0,-263.0,-314.0,189.0,209.0
54.0,-105.0,38.0,141.0,30.0,-52.0,-758.0,-328.0,182.0,228.0
56.0,-247.0,60.0,89.0,-191.0,-6.0,-542.0,-247.0,175.0,234.0
34.0,-434.0,65.0,42.0,33.0,129.0,-330.0,-36.0,166.0,217.0
34.0,-535.0,51.0,0.0,69.0,-180.0,17.0,456.0,168.0,219.0
33.0,-507.0,4.0,-63.0,-41.0,-165.0,467.0,598.0,165.0,209.0
41.0,-495.0,-22.0,-194.0,-62.0,196.0,184.0,509.0,156.0,195.0
66.0,-233.0,7.0,-293.0,-95.0,212.0,-263.0,236.0,140.0,201.0
87.0,-15.0,-8.0,-246.0,17.0,-342.0,-17.0,-38.0,132.0,212.0
101.0,144.0,-21.0,-134.0,-95.0,-376.0,345.0,-121.0,109.0,211.0
92.0,91.0,-27.0,-32.0,-181.0,-112.0,87.0,-206.0,93.0,211.0
98.0,102.0,-35.0,-57.0,-113.0,-267.0,-96.0,-219.0,97.0,229.0
92.0,285.0,0.0,-128.0,-11.0,-334.0,232.0,-437.0,91.0,245.0
101.0,363.0,4.0,-153.0,176.0,-12.0,303.0,-432.0,103.0,231.0
101.0,356.0,-40.0,-84.0,-34.0,275.0,6.0,-303.0,108.0,213.0
124.0,265.0,-52.0,54.0,-83.0,-148.0,3.0,-182.0,137.0,204.0
133.0,255.0,-82.0,124.0,159.0,-355.0,190.0,90.0,161.0,184.0
98.0,203.0,-102.0,216.0,40.0,-145.0,26.0,20.0,177.0,148.0
69.0,100.0,-119.0,273.0,-9.0,-207.0,-112.0,-88.0,214.0,106.0
44.0,-246.0,-173.0,208.0,81.0,-377.0,-59.0,-254.0,228.0,86.0
56.0,-547.0,-160.0,124.0,2.0,-283.0,-46.0,-290.0,228.0,44.0
52.0,-731.0,-179.0,107.0,76.0,-58.0,6.0,-153.0,210.0,1.0
46.0,-763.0,-191.0,121.0,46.0,-313.0,193.0,-92.0,201.0,-22.0
28.0,-452.0,-151.0,69.0,-19.0,-375.0,171.0,101.0,187.0,-33.0
38.0,-460.0,-149.0,77.0,116.0,31.0,-211.0,262.0,177.0,-47.0
56.0,-461.0,-129.0,91.0,-9.0,128.0,-300.0,572.0,152.0,-45.0
44.0,-428.0,-71.0,44.0,-27.0,-306.0,-205.0,578.0,110.0,-10.0
19.0,-348.0,-77.0,68.0,68.0,-574.0,-356.0,319.0,92.0,-24.0
-25.0,-146.0,-96.0,65.0,-51.0,-230.0,-508.0,186.0,80.0,-19.0
-54.0,-96.0,-44.0,3.0,-16.0,-125.0,-525.0,-55.0,73.0,-14.0
-75.0,29.0,-57.0,89.0,150.0,-233.0,-439.0,-164.0,55.0,-24.0
-60.0,47.0,10.0,151.0,6.0,-336.0,-236.0,-380.0,37.0,-27.0
-61.0,240.0,69.0,38.0,-21.0,-467.0,-77.0,-497.0,23.0,-51.0
-81.0,221.0,32.0,18.0,125.0,-406.0,-243.0,-402.0,25.0,-31.0
-128.0,162.0,129.0,145.0,-91.0,-340.0,-469.0,-266.0,26.0,-38.0
-165.0,222.0,105.0,313.0,-15.0,-127.0,-366.0,24.0,26.0,-70.0
-171.0,-62.0,42.0,414.0,37.0,-220.0,-108.0,164.0,33.0,-82.0
-192.0,-74.0,67.0,424.0,-174.0,-586.0,137.0,236.0,10.0,-105.0
-181.0,-226.0,4.0,384.0,-36.0,-586.0,180.0,173.0,-4.0,-145.0
-164.0,-400.0,0.0,297.0,-45.0,-500.0,-24.0,181.0,-6.0,-190.0
-134.0,-346.0,9.0,166.0,-69.0,-566.0,-28.0,356.0,-10.0,-210.0
-141.0,-286.0,-48.0,32.0,2.0,-534.0,135.0,458.0,0.0,-233.0
-124.0,-280.0,-15.0,-1.0,-97.0,-462.0,114.0,546.0,12.0,-263.0
-95.0,-367.0,-6.0,34.0,-94.0,-511.0,-88.0,375.0,16.0,-272.0
-62.0,-199.0,-50.0,5.0,-60.0,-446.0,-267.0,291.0,27.0,-276.0
-17.0,-183.0,-39.0,-72.0,-4.0,-491.0,-233.0,218.0,34.0,-288.0
-6.0,-286.0,-41.0,46.0,-59.0,-457.0,-183.0,33.0,42.0,-301.0
16.0,-125.0,-58.0,198.0,-135.0,-416.0,-297.0,-59.0,67.0,-302.0
2.0,-33.0,-93.0,117.0,56.0,-454.0,-455.0,-319.0,80.0,-305.0
32.0,-282.0,-58.0,48.0,40.0,-141.0,-545.0,-267.0,97.0,-312.0
48.0,-285.0,-45.0,14.0,-20.0,-118.0,-505.0,-66.0,109.0,-304.0
53.0,-72.0,-34.0,3.0,93.0,-371.0,-456.0,-46.0,117.0,-290.0
78.0,-88.0,-26.0,65.0,-76.0,-432.0,-327.0,-129.0,117.0,-259.0
85.0,-37.0,-79.0,100.0,30.0,-349.0,-61.0,-175.0,110.0,-221.0
121.0,0.0,-19.0,104.0,186.0,-258.0,79.0,68.0,104.0,-197.0
131.0,28.0,-38.0,104.0,-93.0,-281.0,75.0,199.0,97.0,-169.0
144.0,280.0,-74.0,169.0,88.0,-335.0,-35.0,360.0,109.0,-149.0
111.0,456.0,-36.0,186.0,140.0,-280.0,-123.0,327.0,119.0,-124.0
67.0,176.0,-37.0,145.0,-49.0,-143.0,-3.0,173.0,121.0,-82.0
51.0,191.0,-4.0,110.0,9.0,-190.0,176.0,140.0,123.0,-44.0
24.0,422.0,28.0,37.0,-166.0,-257.0,270.0,-44.0,126.0,-11.0
0.0,280.0,39.0,26.0,-47.0,-288.0,345.0,72.0,121.0,21.0
-22.0,406.0,23.0,26.0,141.0,-335.0,295.0,121.0,122.0,78.0
-13.0,468.0,29.0,56.0,-93.0,-215.0,-35.0,107.0,138.0,123.0
7.0,303.0,17.0,103.0,-92.0,-56.0,-467.0,169.0,157.0,130.0
1.0,389.0,-12.0,101.0,-14.0,78.0,-608.0,79.0,177.0,155.0
-35.0,473.0,-21.0,182.0,-193.0,38.0,-405.0,88.0,156.0,158.0
-66.0,460.0,-22.0,238.0,32.0,-70.0,-368.0,-1.0,146.0,134.0
-78.0,469.0,2.0,148.0,39.0,155.0,-635.0,33.0,130.0,104.0
-68.0,412.0,8.0,-6.0,-180.0,81.0,-914.0,79.0,101.0,53.0
-36.0,31.0,27.0,-180.0,65.0,-398.0,-865.0,59.0,95.0,25.0
-9.0,-179.0,69.0,-278.0,-61.0,-308.0,-462.0,3.0,68.0,4.0
-19.0,-64.0,96.0,-247.0,-66.0,-131.0,-244.0,-195.0,60.0,-16.0
-47.0,-244.0,64.0,-111.0,-9.0,-321.0,-490.0,-83.0,55.0,-7.0
-56.0,-368.0,36.0,-10.0,-127.0,-272.0,-688.0,-18.0,56.0,-1.0
-32.0,-405.0,30.0,-21.0,96.0,-271.0,-350.0,14.0,69.0,-7.0
-20.0,-375.0,3.0,57.0,-65.0,-336.0,-84.0,136.0,63.0,3.0
-23.0,-290.0,-10.0,128.0,-175.0,-341.0,-311.0,164.0,59.0,14.0
3.0,-278.0,-61.0,128.0,156.0,-237.0,-398.0,293.0,60.0,7.0
50.0,-159.0,-84.0,190.0,-12.0,156.0,0.0,299.0,75.0,-7.0
78.0,-104.0,-101.0,224.0,-212.0,64.0,185.0,321.0,81.0,-16.0
43.0,84.0,-132.0,240.0,-5.0,-300.0,-242.0,227.0,76.0,-20.0
24.0,166.0,-78.0,239.0,-194.0,-323.0,-565.0,79.0,69.0,-31.0
18.0,161.0,-82.0,149.0,-62.0,-35.0,-389.0,-42.0,60.0,-29.0
21.0,380.0,-87.0,99.0,125.0,154.0,91.0,-399.0,47.0,-22.0
0.0,560.0,-70.0,132.0,-290.0,-16.0,168.0,-618.0,25.0,-31.0
-23.0,512.0,-103.0,113.0,-13.0,-46.0,-278.0,-783.0,6.0,-14.0
1.0,345.0,-53.0,129.0,117.0,98.0,-406.0,-692.0,-9.0,21.0
1.0,188.0,-68.0,133.0,-179.0,248.0,-329.0,-430.0,-28.0,47.0
-11.0,-55.0,-71.0,26.0,12.0,220.0,-403.0,-219.0,-37.0,73.0
-39.0,-261.0,8.0,-48.0,-106.0,150.0,-446.0,149.0,-47.0,93.0
-47.0,-303.0,-8.0,-58.0,-63.0,-28.0,-345.0,297.0,-60.0,121.0
-66.0,-243.0,-7.0,-18.0,131.0,-260.0,-160.0,362.0,-84.0,144.0
-59.0,-233.0,0.0,-38.0,-301.0,-82.0,-179.0,327.0,-113.0,136.0
-62.0,-39.0,-31.0,-118.0,-130.0,125.0,-486.0,291.0,-142.0,123.0
-74.0,69.0,-44.0,-95.0,266.0,6.0,-643.0,354.0,-171.0,105.0
-82.0,132.0,-46.0,-43.0,-36.0,-243.0,-342.0,267.0,-178.0,52.0
-92.0,240.0,-98.0,-58.0,-3.0,-115.0,217.0,212.0,-189.0,-12.0
-66.0,-25.0,-131.0,-83.0,100.0,224.0,613.0,11.0,-194.0,-61.0
-37.0,-48.0,-136.0,-75.0,-30.0,200.0,582.0,-66.0,-198.0,-104.0
-5.0,136.0,-180.0,-18.0,55.0,-10.0,353.0,-75.0,-199.0,-147.0
-50.0,206.0,-134.0,27.0,-32.0,6.0,211.0,-171.0,-197.0,-177.0
-15.0,17.0,-117.0,27.0,-26.0,16.0,234.0,-190.0,-191.0,-170.0
-19.0,-4.0,-117.0,8.0,146.0,-91.0,202.0,-288.0,-168.0,-161.0
-46.0,184.0,-88.0,3.0,93.0,20.0,118.0,-166.0,-141.0,-167.0
-38.0,-91.0,-89.0,10.0,164.0,117.0,209.0,-31.0,-112.0,-163.0
-29.0,-20.0,-37.0,24.0,60.0,114.0,97.0,57.0,-101.0,-157.0
38.0,13.0,-6.0,44.0,-43.0,19.0,-303.0,22.0,-69.0,-172.0
31.0,-320.0,-13.0,-8.0,177.0,-202.0,-558.0,-168.0,-60.0,-188.0
38.0,-86.0,-24.0,-67.0,76.0,-278.0,-342.0,-70.0,-70.0,-175.0
-18.0,59.0,-17.0,-86.0,19.0,-256.0,43.0,55.0,-64.0,-173.0
-23.0,-84.0,-48.0,1.0,134.0,-212.0,0.0,171.0,-68.0,-199.0
-33.0,97.0,-66.0,101.0,-4.0,45.0,-313.0,64.0,-50.0,-195.0
-42.0,298.0,-55.0,91.0,49.0,316.0,-296.0,-35.0,-28.0,-160.0
-26.0,136.0,-108.0,62.0,119.0,301.0,-12.0,51.0,-4.0,-138.0
-66.0,36.0,-122.0,-3.0,-60.0,230.0,-34.0,-46.0,-4.0,-116.0
-43.0,140.0,-99.0,-48.0,56.0,167.0,-169.0,-35.0,-12.0,-65.0
-64.0,67.0,-108.0,-41.0,45.0,73.0,-193.0,-83.0,-22.0,0.0
-61.0,75.0,-108.0,35.0,-90.0,220.0,-202.0,16.0,-50.0,23.0
-54.0,-19.0,-78.0,71.0,77.0,387.0,-118.0,114.0,-54.0,47.0
-31.0,-326.0,-116.0,82.0,-38.0,287.0,-137.0,11.0,-56.0,92.0
-52.0,-375.0,-138.0,108.0,-112.0,-66.0,-395.0,99.0,-57.0,117.0
-42.0,-300.0,-116.0,133.0,-5.0,-304.0,-603.0,116.0,-42.0,122.0
-17.0,-425.0,-157.0,136.0,-150.0,47.0,-491.0,229.0,-26.0,116.0
-22.0,-394.0,-129.0,37.0,-143.0,252.0,-224.0,243.0,-15.0,132.0
0.0,-126.0,-86.0,-37.0,-80.0,95.0,23.0,203.0,-3.0,108.0
-40.0,-245.0,-110.0,-82.0,-154.0,14.0,144.0,127.0,-1.0,81.0
-44.0,-363.0,-83.0,-44.0,-84.0,135.0,116.0,-151.0,-3.0,95.0
-64.0,-226.0,-68.0,9.0,-89.0,260.0,-37.0,-129.0,-12.0,90.0
-82.0,-205.0,-56.0,39.0,-112.0,-152.0,-141.0,-33.0,-21.0,65.0
-110.0,-461.0,26.0,69.0,-20.0,-288.0,146.0,234.0,-23.0,62.0
-92.0,-548.0,40.0,89.0,-59.0,112.0,633.0,376.0,-32.0,86.0
-103.0,-500.0,50.0,157.0,-49.0,100.0,781.0,238.0,-22.0,83.0
-112.0,-543.0,70.0,208.0,-52.0,-223.0,398.0,256.0,-24.0,50.0
-93.0,-233.0,6.0,243.0,-82.0,27.0,-26.0,92.0,-38.0,45.0
-107.0,-312.0,4.0,245.0,69.0,532.0,-46.0,-9.0,-39.0,54.0
-83.0,-447.0,-32.0,272.0,70.0,320.0,278.0,-86.0,-44.0,25.0
-93.0,-170.0,-73.0,236.0,19.0,-8.0,533.0,-114.0,-45.0,11.0
-63.0,-109.0,-100.0,127.0,111.0,175.0,321.0,-35.0,-60.0,29.0
-63.0,-108.0,-127.0,100.0,99.0,376.0,-14.0,-157.0,-79.0,42.0
-69.0,93.0,-96.0,48.0,62.0,30.0,-138.0,-195.0,-65.0,33.0
-104.0,458.0,-128.0,-41.0,53.0,-204.0,-293.0,-238.0,-64.0,37.0
-112.0,520.0,-72.0,-46.0,65.0,257.0,-468.0,-88.0,-69.0,73.0
-71.0,547.0,-94.0,-34.0,164.0,421.0,-303.0,84.0,-71.0,73.0
-33.0,535.0,-139.0,-66.0,131.0,196.0,95.0,90.0,-94.0,72.0
28.0,327.0,-89.0,-115.0,27.0,299.0,202.0,168.0,-82.0,127.0
8.0,442.0,-101.0,-90.0,25.0,425.0,-333.0,162.0,-77.0,191.0
0.0,393.0,-87.0,-17.0,4.0,192.0,-1015.0,351.0,-74.0,211.0
-33.0,147.0,-74.0,24.0,60.0,-133.0,-1008.0,447.0,-61.0,239.0
-37.0,229.0,-44.0,90.0,84.0,-34.0,-400.0,384.0,-67.0,311.0
-29.0,159.0,-72.0,93.0,20.0,292.0,199.0,349.0,-44.0,340.0
-20.0,-98.0,-71.0,52.0,43.0,146.0,388.0,151.0,-39.0,339.0
2.0,-145.0,-51.0,-28.0,91.0,-6.0,221.0,-51.0,-19.0,359.0
-6.0,-232.0,-103.0,-102.0,73.0,183.0,-62.0,-218.0,12.0,374.0
25.0,-350.0,-98.0,-53.0,37.0,108.0,-77.0,-81.0,28.0,346.0
17.0,-424.0,-88.0,11.0,70.0,-118.0,153.0,24.0,57.0,299.0
3.0,-409.0,-93.0,24.0,44.0,-197.0,223.0,22.0,66.0,282.0
-4.0,-349.0,-86.0,27.0,87.0,-137.0,387.0,62.0,80.0,246.0
5.0,-353.0,-66.0,17.0,143.0,-41.0,594.0,92.0,83.0,164.0
38.0,-175.0,-41.0,-62.0,3.0,69.0,310.0,317.0,94.0,122.0
73.0,-113.0,2.0,-125.0,8.0,131.0,-392.0,254.0,108.0,114.0
88.0,93.0,4.0,-146.0,89.0,-29.0,-722.0,134.0,111.0,76.0
62.0,321.0,-11.0,-130.0,1.0,-43.0,-394.0,79.0,103.0,40.0
37.0,243.0,29.0,-93.0,3.0,20.0,-82.0,16.0,89.0,53.0
7.0,420.0,28.0,-86.0,86.0,99.0,-82.0,116.0,90.0,89.0
4.0,535.0,11.0,-137.0,29.0,227.0,-301.0,81.0,65.0,85.0
14.0,668.0,18.0,-186.0,37.0,206.0,-630.0,160.0,60.0,84.0
58.0,586.0,-24.0,-148.0,114.0,281.0,-769.0,199.0,55.0,125.0
106.0,349.0,-75.0,-114.0,26.0,231.0,-586.0,182.0,27.0,144.0
115.0,383.0,-65.0,-81.0,27.0,94.0,-378.0,142.0,29.0,122.0
90.0,247.0,-55.0,-66.0,38.0,121.0,-302.0,36.0,20.0,122.0
78.0,198.0,-68.0,-79.0,-32.0,178.0,-95.0,227.0,-1.0,139.0
91.0,194.0,-44.0,-99.0,24.0,230.0,149.0,260.0,-31.0,112.0
105.0,253.0,-31.0,-114.0,31.0,231.0,21.0,197.0,-44.0,70.0
104.0,355.0,-44.0,-80.0,40.0,329.0,-429.0,103.0,-60.0,79.0
100.0,313.0,-50.0,-51.0,7.0,394.0,-559.0,14.0,-97.0,96.0
121.0,173.0,-36.0,6.0,-3.0,191.0,-50.0,153.0,-126.0,64.0
120.0,149.0,-33.0,33.0,23.0,1.0,462.0,42.0,-159.0,56.0
104.0,305.0,-49.0,-25.0,3.0,28.0,373.0,25.0,-161.0,92.0
42.0,145.0,-23.0,-63.0,57.0,-43.0,-7.0,14.0,-179.0,94.0
-10.0,2.0,-20.0,-41.0,-63.0,-198.0,-112.0,0.0,-205.0,74.0
-39.0,-6.0,-29.0,-23.0,-70.0,-120.0,88.0,136.0,-194.0,77.0
-36.0,-124.0,-33.0,-33.0,75.0,118.0,249.0,77.0,-193.0,83.0
-18.0,-280.0,0.0,54.0,16.0,214.0,46.0,219.0,-172.0,58.0
-40.0,-252.0,15.0,94.0,-51.0,151.0,-242.0,288.0,-130.0,37.0
-38.0,-217.0,-1.0,56.0,-8.0,56.0,-105.0,266.0,-102.0,41.0
-50.0,-280.0,37.0,69.0,4.0,-96.0,195.0,136.0,-85.0,25.0
-47.0,-160.0,-5.0,45.0,-12.0,-66.0,169.0,-62.0,-63.0,-16.0
-48.0,-297.0,-5.0,65.0,-1.0,-47.0,6.0,-1.0,-38.0,-40.0
-58.0,-362.0,12.0,91.0,-50.0,-75.0,109.0,-14.0,-33.0,-56.0
-72.0,-175.0,-36.0,87.0,83.0,-47.0,288.0,99.0,-36.0,-98.0
-81.0,-261.0,-7.0,35.0,142.0,-177.0,133.0,92.0,-42.0,-131.0
-67.0,-440.0,-28.0,-33.0,-54.0,-102.0,-424.0,123.0,-52.0,-134.0
-67.0,-350.0,-12.0,-36.0,-41.0,-3.0,-757.0,254.0,-66.0,-128.0
-70.0,-124.0,11.0,-72.0,13.0,57.0,-248.0,175.0,-86.0,-135.0
-87.0,-73.0,-31.0,-71.0,-6.0,61.0,301.0,173.0,-119.0,-132.0
-81.0,-17.0,-11.0,-44.0,-28.0,18.0,87.0,36.0,-159.0,-89.0
-55.0,111.0,-33.0,-66.0,-58.0,300.0,-441.0,-33.0,-192.0,-60.0
-51.0,258.0,-52.0,-83.0,-56.0,331.0,-805.0,-110.0,-232.0,-30.0
-105.0,314.0,-34.0,-27.0,-55.0,129.0,-937.0,-136.0,-236.0,25.0
-143.0,352.0,-67.0,18.0,-66.0,137.0,-882.0,-86.0,-221.0,62.0
-173.0,356.0,-84.0,-23.0,-134.0,357.0,-525.0,-157.0,-238.0,89.0
-167.0,418.0,-61.0,-48.0,-124.0,507.0,37.0,-51.0,-234.0,125.0
-146.0,597.0,-72.0,-76.0,-70.0,209.0,260.0,-86.0,-225.0,173.0
-123.0,428.0,-101.0,-96.0,-90.0,41.0,-12.0,-16.0,-232.0,192.0
-68.0,422.0,-106.0,-85.0,-61.0,215.0,-430.0,175.0,-224.0,180.0
-76.0,489.0,-99.0,-65.0,-20.0,267.0,-486.0,192.0,-212.0,180.0
-97.0,311.0,-69.0,-3.0,-44.0,70.0,-119.0,230.0,-185.0,179.0
-162.0,84.0,-100.0,42.0,-44.0,-38.0,131.0,190.0,-149.0,162.0
-183.0,-154.0,-105.0,83.0,-38.0,204.0,-96.0,223.0,-109.0,140.0
-196.0,-178.0,-64.0,84.0,-10.0,213.0,-448.0,184.0,-74.0,146.0
-205.0,-205.0,-99.0,50.0,71.0,69.0,-104.0,181.0,-51.0,164.0
-180.0,-11.0,-68.0,34.0,30.0,166.0,649.0,249.0,-37.0,164.0
-202.0,-176.0,-49.0,-37.0,6.0,281.0,872.0,147.0,-30.0,183.0
-191.0,-346.0,-53.0,-69.0,117.0,273.0,478.0,125.0,-22.0,216.0
-197.0,11.0,-14.0,-20.0,111.0,138.0,-249.0,7.0,-29.0,246.0
-192.0,-29.0,-48.0,4.0,28.0,181.0,-792.0,-59.0,-18.0,265.0
-191.0,-91.0,-59.0,1.0,56.0,69.0,-732.0,-112.0,4.0,293.0
-202.0,-131.0,-35.0,17.0,130.0,8.0,-342.0,-203.0,19.0,333.0
-220.0,-168.0,-41.0,8.0,159.0,304.0,142.0,-133.0,28.0,335.0
-231.0,-124.0,-58.0,-18.0,3.0,343.0,617.0,-199.0,22.0,345.0
-227.0,-95.0,-23.0,-20.0,21.0,307.0,479.0,-151.0,25.0,375.0
-223.0,-44.0,0.0,-44.0,134.0,200.0,-193.0,-138.0,11.0,381.0
-206.0,-2.0,-21.0,-51.0,0.0,54.0,-490.0,-97.0,-7.0,374.0
-196.0,20.0,18.0,-71.0,67.0,66.0,-319.0,49.0,-14.0,375.0
-185.0,-213.0,14.0,-128.0,-35.0,-30.0,-116.0,-35.0,-29.0,388.0
-196.0,-312.0,30.0,-144.0,-84.0,-52.0,93.0,-57.0,-26.0,368.0
-190.0,-292.0,76.0,-152.0,92.0,66.0,349.0,-109.0,-26.0,320.0
-190.0,-382.0,58.0,-125.0,-40.0,188.0,497.0,-88.0,-35.0,298.0
-155.0,-472.0,74.0,-131.0,-114.0,275.0,273.0,-90.0,-26.0,276.0
-126.0,-306.0,37.0,-160.0,-87.0,255.0,-375.0,-60.0,-34.0,228.0
-102.0,-137.0,40.0,-93.0,-52.0,200.0,-556.0,158.0,-46.0,189.0
-77.0,-191.0,83.0,-65.0,-83.0,207.0,-169.0,112.0,-48.0,160.0
-87.0,-1.0,-5.0,-36.0,-142.0,281.0,-217.0,92.0,-54.0,127.0
-88.0,126.0,27.0,-34.0,-213.0,264.0,-412.0,51.0,-59.0,101.0
-108.0,190.0,29.0,-102.0,-141.0,82.0,-694.0,9.0,-63.0,92.0
-103.0,273.0,-33.0,-111.0,-57.0,18.0,-1260.0,31.0,-64.0,74.0
-81.0,270.0,61.0,-96.0,-151.0,174.0,-1123.0,-105.0,-77.0,34.0
-38.0,216.0,10.0,-94.0,-136.0,323.0,-279.0,-107.0,-99.0,1.0
-2.0,188.0,-26.0,-101.0,-191.0,340.0,211.0,-145.0,-119.0,-28.0
14.0,155.0,21.0,-65.0,-65.0,133.0,9.0,-123.0,-144.0,-47.0
10.0,-162.0,-22.0,-62.0,-25.0,57.0,-363.0,-203.0,-161.0,-62.0
-26.0,-305.0,-13.0,-66.0,-170.0,199.0,-621.0,-356.0,-169.0,-84.0
-52.0,-375.0,36.0,-27.0,-44.0,183.0,-726.0,-247.0,-188.0,-85.0
-72.0,-486.0,51.0,1.0,-22.0,252.0,-188.0,-236.0,-220.0,-78.0
-68.0,-450.0,52.0,67.0,1.0,475.0,578.0,-169.0,-226.0,-68.0
-72.0,-338.0,86.0,144.0,65.0,636.0,596.0,-297.0,-221.0,-65.0
-65.0,-327.0,66.0,152.0,-61.0,316.0,-19.0,-375.0,-224.0,-60.0
-79.0,-411.0,82.0,88.0,-32.0,-71.0,-356.0,-212.0,-198.0,-27.0
-108.0,-320.0,108.0,38.0,157.0,120.0,-87.0,-155.0,-176.0,-13.0
-122.0,-506.0,69.0,12.0,54.0,197.0,232.0,-25.0,-159.0,-7.0
-137.0,-598.0,98.0,14.0,-41.0,-56.0,755.0,-101.0,-138.0,3.0
-129.0,-487.0,92.0,19.0,153.0,-79.0,1212.0,-55.0,-133.0,11.0
-136.0,-541.0,75.0,9.0,129.0,129.0,733.0,-77.0,-130.0,19.0
-139.0,-295.0,67.0,20.0,7.0,-22.0,-22.0,-256.0,-124.0,22.0
-113.0,73.0,61.0,25.0,43.0,-255.0,-309.0,-254.0,-137.0,31.0
-80.0,135.0,40.0,33.0,40.0,-156.0,-331.0,-273.0,-148.0,28.0
-60.0,122.0,14.0,64.0,32.0,16.0,-163.0,-16.0,-135.0,21.0
-62.0,256.0,36.0,80.0,-41.0,33.0,210.0,145.0,-134.0,10.0
-85.0,187.0,-8.0,88.0,-69.0,-229.0,300.0,142.0,-116.0,-10.0
-90.0,47.0,-38.0,72.0,28.0,-79.0,-218.0,33.0,-101.0,-29.0
-71.0,15.0,-56.0,-27.0,-56.0,345.0,-942.0,-107.0,-106.0,-51.0
-45.0,-50.0,-80.0,-79.0,-123.0,187.0,-1073.0,-131.0,-88.0,-73.0
-34.0,-94.0,-88.0,-65.0,-39.0,-20.0,-558.0,-336.0,-75.0,-89.0
-25.0,-125.0,-113.0,-11.0,-93.0,151.0,26.0,-336.0,-62.0,-108.0
-21.0,-14.0,-117.0,36.0,-113.0,346.0,405.0,-332.0,-51.0,-137.0
-45.0,-10.0,-87.0,7.0,-31.0,267.0,228.0,-334.0,-36.0,-150.0
-43.0,-25.0,-77.0,-22.0,-33.0,172.0,-224.0,-234.0,-28.0,-173.0
-51.0,195.0,-64.0,-55.0,-56.0,277.0,-308.0,-240.0,-12.0,-195.0
-76.0,285.0,-29.0,-50.0,-49.0,275.0,-90.0,-64.0,0.0,-204.0
-93.0,29.0,-87.0,-55.0,31.0,262.0,268.0,27.0,-1.0,-228.0
-102.0,-2.0,-91.0,-41.0,-1.0,327.0,642.0,68.0,5.0,-228.0
-66.0,331.0,-73.0,-54.0,-149.0,294.0,484.0,44.0,6.0,-216.0
-27.0,243.0,-60.0,-94.0,-73.0,135.0,85.0,16.0,20.0,-222.0
-41.0,262.0,-36.0,-83.0,20.0,0.0,-110.0,79.0,20.0,-233.0
-84.0,330.0,-70.0,-59.0,13.0,-179.0,-652.0,-46.0,42.0,-228.0
-98.0,117.0,-48.0,12.0,117.0,-262.0,-1040.0,-29.0,68.0,-215.0
-101.0,124.0,-86.0,49.0,76.0,37.0,-627.0,-112.0,84.0,-218.0
-125.0,53.0,-102.0,73.0,3.0,240.0,140.0,-240.0,94.0,-207.0
-150.0,-16.0,-82.0,34.0,106.0,64.0,512.0,-356.0,78.0,-190.0
-145.0,-14.0,-116.0,-58.0,58.0,-155.0,34.0,-504.0,82.0,-190.0
-136.0,-4.0,-103.0,-100.0,-18.0,-175.0,-677.0,-343.0,73.0,-195.0
-141.0,-223.0,-79.0,-20.0,56.0,-259.0,-687.0,-412.0,60.0,-212.0
-167.0,-377.0,-118.0,53.0,89.0,-325.0,-285.0,-461.0,51.0,-233.0
-193.0,-240.0,-133.0,-36.0,42.0,-270.0,-204.0,-448.0,24.0,-242.0
-214.0,-75.0,-98.0,-68.0,78.0,-206.0,23.0,-419.0,5.0,-235.0
-244.0,17.0,-114.0,-123.0,83.0,-258.0,308.0,-195.0,6.0,-209.0
-224.0,-200.0,-83.0,-155.0,38.0,-474.0,-46.0,-145.0,19.0,-172.0
-211.0,-223.0,-52.0,-85.0,6.0,-377.0,-303.0,-3.0,20.0,-127.0
-184.0,-144.0,-62.0,-65.0,-94.0,-277.0,37.0,-29.0,26.0,-62.0
-167.0,-49.0,-73.0,-58.0,-60.0,-432.0,325.0,-118.0,20.0,5.0
-162.0,2.0,-53.0,-22.0,-73.0,-513.0,361.0,-208.0,0.0,54.0
-124.0,-82.0,-52.0,29.0,-99.0,-356.0,35.0,-406.0,-8.0,106.0
-148.0,-49.0,-64.0,33.0,15.0,-250.0,-466.0,-369.0,-22.0,145.0
-187.0,-166.0,9.0,67.0,-21.0,-223.0,-491.0,-436.0,-61.0,176.0
-223.0,-99.0,-23.0,63.0,-50.0,-117.0,-283.0,-412.0,-75.0,205.0
-212.0,34.0,-23.0,9.0,-70.0,-220.0,131.0,-434.0,-82.0,200.0
-161.0,95.0,15.0,-55.0,-80.0,-249.0,750.0,-450.0,-83.0,187.0
-115.0,45.0,-2.0,-103.0,11.0,-241.0,608.0,-332.0,-67.0,156.0
-78.0,-121.0,92.0,-99.0,-105.0,-173.0,-113.0,-319.0,-82.0,100.0
-69.0,-112.0,94.0,-138.0,-42.0,37.0,-517.0,-101.0,-64.0,44.0
-76.0,-365.0,116.0,-129.0,171.0,264.0,-836.0,1.0,-41.0,-14.0
-72.0,-441.0,186.0,-159.0,8.0,350.0,-715.0,138.0,-40.0,-63.0
-47.0,-259.0,130.0,-203.0,58.0,233.0,16.0,192.0,-8.0,-101.0
-18.0,-216.0,142.0,-146.0,141.0,310.0,158.0,29.0,19.0,-126.0
17.0,-135.0,162.0,-121.0,-52.0,345.0,65.0,75.0,40.0,-143.0
18.0,-32.0,107.0,-74.0,82.0,333.0,185.0,-68.0,69.0,-160.0
36.0,84.0,109.0,2.0,59.0,287.0,-132.0,-254.0,93.0,-169.0
42.0,22.0,116.0,0.0,-97.0,221.0,-674.0,-478.0,97.0,-171.0
36.0,-22.0,52.0,0.0,79.0,308.0,-783.0,-641.0,94.0,-162.0
44.0,-15.0,82.0,-22.0,-44.0,320.0,-380.0,-574.0,103.0,-150.0
40.0,-42.0,118.0,-45.0,-70.0,438.0,-235.0,-546.0,114.0,-130.0
76.0,72.0,39.0,-43.0,100.0,386.0,-448.0,-465.0,111.0,-112.0
84.0,252.0,54.0,-173.0,-96.0,153.0,-369.0,-535.0,87.0,-109.0
98.0,45.0,61.0,-262.0,-40.0,145.0,-17.0,-408.0,73.0,-105.0
94.0,-387.0,2.0,-226.0,50.0,46.0,37.0,-230.0,69.0,-88.0
95.0,-426.0,-9.0,-167.0,-141.0,-159.0,-67.0,-223.0,58.0,-101.0
108.0,-297.0,-12.0,-88.0,-35.0,-367.0,138.0,-14.0,56.0,-131.0
73.0,-76.0,12.0,-53.0,9.0,-441.0,-48.0,121.0,59.0,-129.0
36.0,-14.0,-45.0,-51.0,-128.0,-311.0,-359.0,286.0,51.0,-159.0
2.0,38.0,-38.0,-68.0,-32.0,-238.0,478.0,247.0,50.0,-205.0
17.0,223.0,-10.0,-97.0,-37.0,-273.0,1548.0,70.0,60.0,-235.0
44.0,185.0,-91.0,-120.0,-66.0,-368.0,1195.0,-92.0,60.0,-260.0
52.0,297.0,-36.0,-132.0,-5.0,-342.0,-225.0,-290.0,45.0,-291.0
41.0,547.0,-44.0,-125.0,-81.0,-274.0,-1090.0,-275.0,39.0,-338.0
-1.0,751.0,-111.0,-113.0,37.0,-277.0,-818.0,-412.0,40.0,-386.0
-21.0,785.0,-90.0,-81.0,124.0,-357.0,-498.0,-360.0,33.0,-453.0
-1.0,700.0,-137.0,-17.0,-22.0,-439.0,-552.0,-153.0,31.0,-501.0
35.0,511.0,-143.0,55.0,83.0,-495.0,-308.0,-59.0,26.0,-537.0
33.0,300.0,-71.0,110.0,147.0,-567.0,-134.0,42.0,40.0,-574.0
15.0,242.0,-94.0,152.0,63.0,-480.0,-385.0,9.0,60.0,-594.0
3.0,79.0,-70.0,166.0,118.0,-373.0,-73.0,48.0,60.0,-604.0
-18.0,-67.0,9.0,132.0,16.0,-325.0,657.0,-5.0,77.0,-601.0
-24.0,-241.0,-1.0,77.0,-65.0,-475.0,590.0,16.0,86.0,-592.0
-41.0,-318.0,-11.0,-27.0,74.0,-596.0,-444.0,16.0,85.0,-583.0
-50.0,-360.0,-64.0,-96.0,47.0,-431.0,-1364.0,-96.0,88.0,-576.0
-50.0,-452.0,-112.0,-68.0,-62.0,-285.0,-827.0,-116.0,82.0,-546.0
-36.0,-367.0,-84.0,-89.0,-10.0,-236.0,150.0,-315.0,88.0,-523.0
4.0,-521.0,-100.0,-110.0,-30.0,-319.0,463.0,-280.0,90.0,-512.0
29.0,-785.0,-124.0,-85.0,-70.0,-316.0,743.0,-168.0,95.0,-491.0
4.0,-840.0,-121.0,-49.0,-1.0,-236.0,620.0,-149.0,106.0,-474.0
-59.0,-620.0,-122.0,34.0,61.0,-454.0,-57.0,-92.0,110.0,-444.0
-97.0,-646.0,-117.0,51.0,7.0,-674.0,-182.0,-157.0,126.0,-411.0
-108.0,-826.0,-102.0,6.0,-39.0,-419.0,359.0,-57.0,138.0,-377.0
-90.0,-580.0,-92.0,-83.0,-30.0,-102.0,341.0,48.0,150.0,-348.0
-70.0,-334.0,-93.0,-143.0,-180.0,-306.0,-247.0,134.0,141.0,-306.0
-76.0,15.0,-56.0,-70.0,-109.0,-716.0,-297.0,33.0,123.0,-266.0
-97.0,350.0,-51.0,-63.0,-20.0,-480.0,-4.0,-182.0,124.0,-230.0
-134.0,480.0,-41.0,-27.0,-180.0,-95.0,-104.0,-216.0,105.0,-180.0
-149.0,548.0,8.0,25.0,-142.0,-505.0,29.0,-367.0,98.0,-136.0
-133.0,583.0,5.0,-74.0,-92.0,-897.0,579.0,-284.0,90.0,-96.0
-106.0,483.0,7.0,-77.0,-146.0,-612.0,258.0,-125.0,79.0,-62.0
-90.0,509.0,-21.0,-72.0,-35.0,-341.0,-967.0,18.0,68.0,-32.0
-51.0,555.0,-73.0,-112.0,24.0,-592.0,-1485.0,229.0,56.0,-7.0
0.0,303.0,-56.0,-96.0,-112.0,-715.0,-448.0,277.0,39.0,15.0
12.0,307.0,-2.0,-93.0,-10.0,-477.0,632.0,426.0,10.0,29.0
17.0,179.0,-90.0,-71.0,40.0,-488.0,618.0,389.0,4.0,12.0
18.0,1.0,-145.0,-85.0,-77.0,-799.0,230.0,282.0,-2.0,-29.0
16.0,15.0,-28.0,-109.0,25.0,-886.0,-74.0,121.0,0.0,-65.0
31.0,-34.0,15.0,-133.0,89.0,-473.0,-260.0,-103.0,9.0,-94.0
33.0,-44.0,9.0,-139.0,59.0,-246.0,-311.0,-114.0,16.0,-130.0
56.0,239.0,23.0,-107.0,45.0,-427.0,-91.0,-242.0,25.0,-163.0
80.0,497.0,41.0,-121.0,68.0,-489.0,140.0,-299.0,11.0,-177.0
87.0,333.0,54.0,-155.0,68.0,-415.0,28.0,-286.0,6.0,-178.0
107.0,376.0,72.0,-142.0,49.0,-402.0,-130.0,-190.0,12.0,-191.0
92.0,360.0,43.0,-128.0,57.0,-454.0,-74.0,-62.0,14.0,-173.0
94.0,224.0,30.0,-200.0,7.0,-337.0,-29.0,11.0,13.0,-155.0
109.0,-85.0,41.0,-253.0,47.0,-47.0,-200.0,275.0,14.0,-139.0
133.0,-358.0,-18.0,-238.0,166.0,116.0,-130.0,323.0,14.0,-83.0
163.0,-312.0,0.0,-236.0,61.0,-5.0,49.0,325.0,-15.0,-42.0
145.0,-282.0,-24.0,-266.0,-14.0,-198.0,-316.0,304.0,-52.0,0.0
117.0,-262.0,-93.0,-315.0,76.0,-129.0,-708.0,160.0,-85.0,32.0
89.0,-331.0,0.0,-322.0,-48.0,37.0,-506.0,133.0,-99.0,56.0
49.0,-278.0,53.0,-276.0,-53.0,21.0,-105.0,51.0,-103.0,99.0
1.0,-481.0,0.0,-234.0,7.0,-223.0,168.0,81.0,-125.0,130.0
-18.0,-623.0,50.0,-189.0,-100.0,-317.0,405.0,103.0,-124.0,133.0
-15.0,-715.0,45.0,-167.0,37.0,-200.0,615.0,223.0,-119.0,141.0
0.0,-917.0,-3.0,-169.0,-11.0,-392.0,608.0,369.0,-119.0,153.0
-6.0,-874.0,89.0,-132.0,-183.0,-534.0,636.0,369.0,-100.0,134.0
-48.0,-814.0,118.0,-91.0,-28.0,-473.0,846.0,356.0,-71.0,115.0
-84.0,-618.0,141.0,-37.0,27.0,-544.0,724.0,48.0,-41.0,98.0
-120.0,-324.0,172.0,-24.0,-33.0,-541.0,128.0,-3.0,0.0,68.0
-136.0,138.0,160.0,-21.0,26.0,-379.0,-589.0,184.0,36.0,26.0
-134.0,379.0,154.0,17.0,32.0,-189.0,-850.0,290.0,60.0,-5.0
-135.0,630.0,112.0,9.0,-12.0,-461.0,-666.0,319.0,95.0,-40.0
-102.0,858.0,112.0,13.0,90.0,-795.0,-244.0,107.0,107.0,-92.0
-62.0,800.0,109.0,86.0,56.0,-565.0,198.0,55.0,113.0,-134.0
-51.0,779.0,82.0,150.0,-78.0,-381.0,193.0,-9.0,100.0,-169.0
-60.0,697.0,70.0,122.0,0.0,-475.0,-362.0,-22.0,79.0,-196.0
-114.0,736.0,59.0,81.0,19.0,-658.0,-1005.0,-25.0,69.0,-220.0
-164.0,654.0,38.0,72.0,-76.0,-619.0,-698.0,-103.0,55.0,-230.0
-156.0,683.0,64.0,62.0,-65.0,-502.0,278.0,1.0,29.0,-230.0
-130.0,594.0,56.0,89.0,-36.0,-584.0,959.0,-24.0,3.0,-238.0
-121.0,486.0,0.0,59.0,-55.0,-529.0,1077.0,18.0,11.0,-239.0
-102.0,495.0,29.0,-17.0,-11.0,-477.0,764.0,-24.0,8.0,-222.0
-80.0,205.0,-32.0,-39.0,-20.0,-450.0,344.0,-3.0,2.0,-194.0
-72.0,194.0,-81.0,-64.0,-57.0,-353.0,101.0,131.0,-3.0,-179.0
-71.0,196.0,-20.0,-62.0,48.0,-150.0,501.0,84.0,-32.0,-153.0
-99.0,260.0,-9.0,-39.0,45.0,38.0,1217.0,262.0,-36.0,-118.0
-85.0,348.0,42.0,-25.0,-50.0,-228.0,1387.0,308.0,-20.0,-102.0
-73.0,336.0,114.0,-38.0,70.0,-456.0,677.0,349.0,-13.0,-86.0
-59.0,335.0,111.0,-69.0,106.0,-309.0,-134.0,376.0,-13.0,-71.0
-14.0,155.0,78.0,-65.0,18.0,-50.0,-409.0,271.0,-17.0,-66.0
8.0,111.0,20.0,-107.0,110.0,116.0,-354.0,452.0,-11.0,-62.0
16.0,53.0,14.0,-92.0,107.0,-87.0,12.0,500.0,-17.0,-65.0
-16.0,-88.0,41.0,-55.0,12.0,-101.0,339.0,448.0,-34.0,-68.0
6.0,-247.0,21.0,-129.0,92.0,171.0,-32.0,238.0,-30.0,-64.0
47.0,-371.0,49.0,-177.0,62.0,129.0,-1107.0,109.0,-26.0,-94.0
28.0,-586.0,71.0,-188.0,-41.0,-60.0,-1577.0,195.0,-30.0,-114.0
-11.0,-607.0,54.0,-126.0,47.0,1.0,-825.0,138.0,-34.0,-110.0
-24.0,-440.0,53.0,-63.0,33.0,218.0,126.0,212.0,-33.0,-104.0
13.0,-429.0,37.0,-52.0,-21.0,-38.0,438.0,129.0,-14.0,-83.0
26.0,-296.0,34.0,13.0,30.0,-221.0,11.0,57.0,20.0,-76.0
18.0,-248.0,34.0,17.0,53.0,83.0,-486.0,5.0,54.0,-47.0
7.0,-126.0,52.0,15.0,4.0,100.0,-470.0,-116.0,71.0,-19.0
-12.0,81.0,45.0,38.0,-5.0,-276.0,-106.0,44.0,110.0,-8.0
-29.0,238.0,24.0,31.0,109.0,-527.0,230.0,195.0,130.0,-8.0
-42.0,162.0,49.0,10.0,46.0,-252.0,442.0,397.0,129.0,-32.0
-45.0,37.0,45.0,-59.0,9.0,-184.0,453.0,389.0,161.0,-47.0
-34.0,101.0,81.0,-116.0,104.0,-324.0,250.0,343.0,183.0,-83.0
-63.0,-58.0,98.0,-138.0,81.0,-219.0,267.0,388.0,199.0,-118.0
-67.0,-120.0,61.0,-100.0,71.0,-158.0,645.0,315.0,189.0,-130.0
-52.0,-93.0,78.0,-51.0,68.0,-181.0,914.0,367.0,184.0,-151.0
-60.0,-7.0,93.0,-13.0,-8.0,-331.0,864.0,243.0,208.0,-140.0
-43.0,177.0,92.0,-11.0,41.0,-304.0,862.0,245.0,204.0,-101.0
-61.0,239.0,114.0,-34.0,140.0,-415.0,846.0,280.0,205.0,-44.0
-55.0,292.0,109.0,-78.0,-3.0,-464.0,289.0,236.0,203.0,26.0
-54.0,429.0,95.0,-107.0,-7.0,-156.0,-285.0,273.0,170.0,84.0
-42.0,596.0,109.0,-63.0,142.0,-27.0,40.0,151.0,175.0,172.0
-26.0,682.0,103.0,-64.0,150.0,-34.0,716.0,136.0,193.0,242.0
-56.0,572.0,95.0,-44.0,114.0,-83.0,908.0,79.0,193.0,283.0
-36.0,491.0,54.0,-72.0,2.0,-22.0,423.0,110.0,194.0,338.0
-36.0,649.0,54.0,-136.0,-32.0,-129.0,-185.0,214.0,181.0,359.0
-15.0,531.0,90.0,-107.0,46.0,-225.0,9.0,315.0,175.0,385.0
-7.0,338.0,63.0,-34.0,-18.0,-79.0,610.0,487.0,141.0,399.0
5.0,201.0,102.0,38.0,-131.0,-31.0,983.0,519.0,126.0,389.0
79.0,20.0,109.0,71.0,-54.0,-12.0,1002.0,709.0,122.0,380.0
104.0,106.0,103.0,16.0,-38.0,35.0,493.0,668.0,80.0,365.0
116.0,111.0,211.0,-83.0,-121.0,192.0,-296.0,415.0,65.0,354.0
102.0,-9.0,195.0,-93.0,-40.0,80.0,-362.0,275.0,31.0,314.0
111.0,-104.0,151.0,-74.0,-21.0,-213.0,808.0,129.0,23.0,278.0
116.0,-65.0,186.0,13.0,13.0,-147.0,1642.0,195.0,29.0,235.0
92.0,-191.0,140.0,100.0,60.0,121.0,935.0,177.0,-1.0,181.0
111.0,-433.0,149.0,109.0,-56.0,45.0,-310.0,173.0,-21.0,145.0
115.0,-139.0,158.0,108.0,31.0,-258.0,-903.0,190.0,-53.0,101.0
95.0,-33.0,139.0,82.0,64.0,-137.0,-735.0,112.0,-62.0,54.0
72.0,25.0,159.0,84.0,-31.0,-12.0,91.0,94.0,-84.0,11.0
65.0,205.0,136.0,113.0,25.0,-269.0,1081.0,-40.0,-102.0,-23.0
78.0,-67.0,138.0,193.0,4.0,-409.0,1059.0,-22.0,-93.0,-46.0
74.0,-74.0,158.0,202.0,-31.0,-147.0,202.0,-53.0,-81.0,-63.0
67.0,-47.0,174.0,160.0,-31.0,14.0,-457.0,-35.0,-62.0,-77.0
89.0,-189.0,161.0,175.0,2.0,-131.0,-587.0,138.0,-56.0,-62.0
84.0,-219.0,153.0,152.0,-13.0,-136.0,-76.0,195.0,-38.0,-50.0
69.0,-262.0,130.0,130.0,-68.0,4.0,1036.0,395.0,-18.0,-69.0
80.0,-216.0,108.0,121.0,-34.0,-16.0,1972.0,371.0,6.0,-74.0
104.0,-223.0,106.0,77.0,0.0,-198.0,1491.0,306.0,44.0,-94.0
91.0,-113.0,60.0,-17.0,-50.0,-172.0,-101.0,232.0,80.0,-126.0
39.0,-68.0,75.0,-77.0,-123.0,71.0,-1351.0,158.0,120.0,-139.0
22.0,-90.0,91.0,-126.0,-54.0,169.0,-1294.0,234.0,154.0,-163.0
31.0,77.0,71.0,-173.0,-29.0,12.0,144.0,79.0,161.0,-174.0
59.0,53.0,52.0,-145.0,13.0,86.0,1374.0,72.0,152.0,-155.0
57.0,8.0,44.0,-100.0,42.0,262.0,938.0,70.0,169.0,-129.0
45.0,199.0,55.0,-70.0,-90.0,95.0,-479.0,110.0,182.0,-100.0
61.0,282.0,4.0,-70.0,-40.0,-1.0,-1346.0,190.0,168.0,-78.0
83.0,246.0,34.0,-45.0,-5.0,215.0,-1089.0,160.0,145.0,-67.0
83.0,180.0,17.0,-27.0,-53.0,524.0,-130.0,323.0,142.0,-59.0
90.0,-130.0,15.0,-41.0,76.0,463.0,960.0,347.0,135.0,-58.0
107.0,-360.0,144.0,32.0,54.0,346.0,1307.0,456.0,107.0,-61.0
119.0,-466.0,101.0,110.0,38.0,551.0,479.0,543.0,100.0,-79.0
149.0,-588.0,92.0,103.0,172.0,615.0,-540.0,487.0,100.0,-74.0
150.0,-664.0,90.0,113.0,38.0,411.0,-594.0,480.0,114.0,-58.0
160.0,-640.0,45.0,147.0,24.0,280.0,416.0,279.0,106.0,-63.0
150.0,-365.0,63.0,126.0,232.0,218.0,1767.0,240.0,80.0,-44.0
153.0,-216.0,1.0,79.0,101.0,138.0,2399.0,205.0,70.0,-18.0
168.0,-80.0,21.0,69.0,-6.0,189.0,1549.0,66.0,66.0,1.0
164.0,-27.0,15.0,93.0,173.0,213.0,378.0,-97.0,60.0,21.0
161.0,39.0,-36.0,65.0,127.0,244.0,396.0,-197.0,51.0,33.0
139.0,212.0,20.0,41.0,123.0,30.0,980.0,-35.0,54.0,43.0
131.0,219.0,68.0,76.0,153.0,-165.0,1466.0,75.0,54.0,37.0
77.0,357.0,102.0,48.0,-51.0,95.0,1583.0,330.0,78.0,17.0
69.0,269.0,125.0,11.0,13.0,87.0,844.0,478.0,96.0,25.0
105.0,178.0,80.0,6.0,54.0,-51.0,-291.0,530.0,100.0,48.0
107.0,148.0,40.0,-13.0,-86.0,45.0,-716.0,657.0,120.0,33.0
87.0,42.0,93.0,-25.0,-24.0,108.0,-139.0,532.0,116.0,33.0
36.0,-23.0,100.0,-50.0,6.0,118.0,637.0,502.0,105.0,68.0
30.0,-45.0,74.0,-76.0,-39.0,9.0,987.0,363.0,81.0,92.0
0.0,142.0,79.0,-89.0,-14.0,73.0,895.0,134.0,71.0,116.0
-30.0,89.0,40.0,-55.0,-132.0,185.0,508.0,-36.0,55.0,155.0
-34.0,151.0,58.0,10.0,-240.0,35.0,-48.0,-116.0,25.0,193.0
-26.0,295.0,55.0,86.0,-121.0,152.0,-249.0,-12.0,3.0,217.0
1.0,320.0,26.0,152.0,-82.0,377.0,130.0,-49.0,-31.0,223.0
9.0,340.0,18.0,153.0,-170.0,540.0,469.0,11.0,-51.0,237.0
46.0,197.0,-39.0,103.0,-125.0,596.0,423.0,-14.0,-71.0,243.0
54.0,138.0,-22.0,33.0,-38.0,657.0,146.0,-25.0,-89.0,218.0
48.0,103.0,-13.0,51.0,-127.0,757.0,-148.0,11.0,-101.0,203.0
53.0,28.0,-24.0,103.0,-42.0,613.0,-417.0,-88.0,-93.0,189.0
84.0,-108.0,14.0,79.0,-15.0,823.0,-444.0,57.0,-57.0,164.0
150.0,-134.0,9.0,68.0,-156.0,943.0,-175.0,203.0,-24.0,124.0
173.0,-228.0,-10.0,100.0,12.0,707.0,32.0,428.0,36.0,93.0
174.0,-216.0,35.0,134.0,38.0,406.0,-136.0,504.0,94.0,78.0
163.0,-178.0,54.0,114.0,-95.0,469.0,-888.0,380.0,138.0,30.0
146.0,-293.0,25.0,68.0,-56.0,809.0,-1515.0,371.0,210.0,-26.0
126.0,-157.0,50.0,70.0,12.0,544.0,-1002.0,254.0,262.0,-59.0
141.0,-106.0,22.0,116.0,36.0,493.0,222.0,214.0,296.0,-83.0
133.0,-21.0,36.0,169.0,18.0,464.0,785.0,72.0,342.0,-120.0
90.0,-162.0,60.0,191.0,-44.0,224.0,360.0,-9.0,355.0,-165.0
85.0,-218.0,-22.0,168.0,-16.0,121.0,35.0,-1.0,356.0,-188.0
85.0,-71.0,-36.0,110.0,93.0,154.0,398.0,-131.0,338.0,-205.0
92.0,-190.0,-24.0,108.0,26.0,449.0,885.0,-131.0,317.0,-223.0
54.0,-132.0,10.0,144.0,-33.0,159.0,1064.0,-223.0,314.0,-206.0
37.0,-96.0,9.0,114.0,57.0,-106.0,1138.0,-149.0,283.0,-177.0
56.0,48.0,6.0,117.0,89.0,37.0,1124.0,-51.0,242.0,-172.0
33.0,218.0,59.0,148.0,0.0,114.0,668.0,-36.0,202.0,-150.0
-4.0,268.0,50.0,145.0,-34.0,118.0,16.0,195.0,166.0,-106.0
-32.0,287.0,49.0,179.0,-60.0,-95.0,-150.0,297.0,141.0,-81.0
-12.0,288.0,30.0,194.0,-26.0,39.0,342.0,356.0,114.0,-51.0
0.0,225.0,39.0,176.0,77.0,350.0,867.0,242.0,76.0,-4.0
-13.0,37.0,-18.0,174.0,-58.0,298.0,698.0,121.0,26.0,44.0
-22.0,-23.0,-10.0,180.0,-135.0,134.0,44.0,70.0,-26.0,78.0
-11.0,-115.0,42.0,123.0,-48.0,78.0,-346.0,-84.0,-57.0,92.0
-7.0,-105.0,-39.0,31.0,-33.0,125.0,-82.0,-116.0,-75.0,103.0
-36.0,-165.0,29.0,2.0,-58.0,-26.0,426.0,-221.0,-80.0,119.0
-52.0,-240.0,26.0,38.0,-85.0,-108.0,766.0,-199.0,-53.0,118.0
-24.0,-267.0,15.0,116.0,-125.0,175.0,872.0,-314.0,-58.0,86.0
0.0,-266.0,74.0,145.0,-100.0,221.0,507.0,-448.0,-71.0,71.0
2.0,-102.0,57.0,150.0,110.0,171.0,105.0,-277.0,-55.0,59.0
17.0,-40.0,85.0,120.0,9.0,518.0,244.0,-171.0,-43.0,37.0
72.0,39.0,66.0,131.0,-83.0,888.0,630.0,-31.0,-60.0,27.0
137.0,-55.0,88.0,137.0,126.0,790.0,760.0,22.0,-81.0,15.0
114.0,-56.0,77.0,82.0,21.0,480.0,491.0,232.0,-78.0,-5.0
96.0,-64.0,56.0,84.0,-12.0,438.0,2.0,437.0,-83.0,-13.0
85.0,-61.0,59.0,72.0,34.0,527.0,-286.0,360.0,-82.0,4.0
77.0,155.0,30.0,106.0,43.0,554.0,-99.0,256.0,-71.0,20.0
100.0,124.0,61.0,107.0,116.0,592.0,92.0,53.0,-44.0,19.0
119.0,191.0,42.0,126.0,59.0,657.0,-306.0,31.0,-20.0,18.0
161.0,294.0,99.0,188.0,50.0,512.0,-983.0,0.0,-9.0,33.0
173.0,366.0,128.0,193.0,3.0,459.0,-1100.0,-60.0,11.0,28.0
161.0,244.0,67.0,246.0,-34.0,671.0,-628.0,-62.0,24.0,-11.0
129.0,153.0,100.0,217.0,-7.0,700.0,-296.0,-90.0,43.0,-38.0
139.0,246.0,95.0,150.0,-60.0,496.0,-329.0,-40.0,46.0,-64.0
145.0,238.0,101.0,120.0,-39.0,387.0,-227.0,-236.0,48.0,-98.0
138.0,409.0,102.0,129.0,32.0,575.0,24.0,-338.0,50.0,-116.0
162.0,419.0,97.0,190.0,-37.0,609.0,-14.0,-325.0,45.0,-118.0
176.0,411.0,116.0,214.0,-42.0,350.0,-211.0,-315.0,42.0,-121.0
186.0,312.0,135.0,224.0,37.0,235.0,-216.0,-145.0,20.0,-121.0
183.0,102.0,145.0,204.0,9.0,301.0,54.0,-110.0,17.0,-97.0
168.0,2.0,118.0,217.0,52.0,219.0,327.0,-27.0,2.0,-61.0
139.0,-133.0,99.0,245.0,84.0,61.0,336.0,-90.0,-3.0,-29.0
158.0,-182.0,59.0,226.0,94.0,174.0,143.0,-234.0,26.0,7.0
174.0,-224.0,88.0,196.0,179.0,433.0,15.0,-301.0,40.0,74.0
184.0,-179.0,94.0,178.0,88.0,417.0,52.0,-373.0,50.0,127.0
195.0,-169.0,58.0,227.0,52.0,163.0,73.0,-284.0,62.0,164.0
207.0,-191.0,106.0,235.0,208.0,276.0,28.0,-384.0,76.0,217.0
202.0,-376.0,92.0,154.0,94.0,686.0,-171.0,-371.0,96.0,253.0
149.0,-558.0,102.0,88.0,-4.0,717.0,-262.0,-284.0,126.0,273.0
106.0,-507.0,149.0,41.0,73.0,521.0,-15.0,-242.0,161.0,282.0
72.0,-443.0,138.0,115.0,0.0,634.0,96.0,-131.0,176.0,280.0
86.0,-385.0,150.0,172.0,33.0,796.0,-126.0,-216.0,161.0,280.0
91.0,-375.0,146.0,124.0,80.0,803.0,-274.0,-112.0,149.0,278.0
101.0,-241.0,140.0,166.0,39.0,751.0,65.0,-16.0,167.0,252.0
107.0,-261.0,181.0,202.0,63.0,807.0,609.0,105.0,167.0,225.0
115.0,-309.0,186.0,195.0,-53.0,930.0,828.0,142.0,149.0,212.0
95.0,-245.0,175.0,166.0,-94.0,805.0,729.0,-14.0,134.0,198.0
65.0,-92.0,175.0,179.0,-24.0,715.0,592.0,-33.0,108.0,206.0
84.0,-18.0,155.0,217.0,-119.0,714.0,402.0,-247.0,79.0,226.0
93.0,-128.0,141.0,209.0,-98.0,640.0,182.0,-323.0,51.0,240.0
132.0,54.0,167.0,146.0,-45.0,498.0,243.0,-388.0,30.0,259.0
138.0,77.0,158.0,69.0,-96.0,322.0,296.0,-473.0,1.0,295.0
146.0,174.0,118.0,55.0,-69.0,242.0,74.0,-399.0,-5.0,319.0
136.0,262.0,125.0,30.0,-43.0,262.0,-363.0,-463.0,-12.0,329.0
108.0,237.0,111.0,48.0,-37.0,262.0,-739.0,-399.0,-31.0,325.0
90.0,416.0,96.0,59.0,-145.0,373.0,-729.0,-352.0,-16.0,318.0
60.0,458.0,78.0,78.0,-59.0,465.0,-626.0,-279.0,-3.0,315.0
35.0,546.0,57.0,122.0,122.0,256.0,-652.0,-297.0,25.0,277.0
50.0,494.0,70.0,124.0,-4.0,234.0,-681.0,-352.0,50.0,245.0
100.0,576.0,45.0,131.0,16.0,125.0,-576.0,-147.0,68.0,202.0
96.0,585.0,38.0,116.0,93.0,-12.0,-602.0,-92.0,97.0,143.0
111.0,441.0,48.0,121.0,35.0,98.0,-807.0,22.0,101.0,101.0
62.0,450.0,30.0,146.0,66.0,137.0,-859.0,57.0,106.0,64.0
14.0,406.0,50.0,170.0,39.0,289.0,-556.0,38.0,90.0,45.0
-2.0,470.0,71.0,151.0,1.0,355.0,-143.0,59.0,58.0,21.0
-20.0,386.0,31.0,56.0,127.0,316.0,-63.0,-136.0,25.0,16.0
11.0,192.0,19.0,-64.0,125.0,235.0,-179.0,-166.0,-2.0,15.0
52.0,-32.0,27.0,-55.0,1.0,314.0,-265.0,-264.0,-38.0,18.0
96.0,-69.0,40.0,-24.0,85.0,346.0,-235.0,-314.0,-85.0,22.0
93.0,-205.0,75.0,-112.0,119.0,269.0,-187.0,-310.0,-118.0,39.0
128.0,-406.0,58.0,-138.0,77.0,402.0,-71.0,-445.0,-152.0,67.0
121.0,-292.0,48.0,-131.0,78.0,525.0,167.0,-358.0,-181.0,58.0
69.0,-265.0,72.0,-87.0,18.0,578.0,209.0,-327.0,-201.0,74.0
30.0,-256.0,52.0,-27.0,2.0,348.0,3.0,-299.0,-228.0,97.0
3.0,-282.0,35.0,-23.0,47.0,427.0,-121.0,-262.0,-260.0,105.0
13.0,-252.0,58.0,-2.0,135.0,790.0,26.0,-109.0,-275.0,120.0
7.0,-301.0,42.0,-19.0,60.0,813.0,152.0,142.0,-279.0,132.0
45.0,-372.0,21.0,-59.0,-44.0,569.0,65.0,288.0,-285.0,132.0
80.0,-486.0,0.0,-51.0,99.0,437.0,-122.0,430.0,-266.0,110.0
81.0,-382.0,17.0,-44.0,40.0,596.0,-99.0,205.0,-253.0,96.0
47.0,-46.0,31.0,-37.0,-56.0,550.0,138.0,-24.0,-247.0,91.0
17.0,-103.0,17.0,-50.0,36.0,569.0,218.0,-206.0,-222.0,79.0
7.0,79.0,41.0,-112.0,-65.0,509.0,187.0,-495.0,-205.0,62.0
-17.0,353.0,40.0,-108.0,-46.0,313.0,121.0,-655.0,-184.0,58.0
-37.0,417.0,35.0,-61.0,-24.0,287.0,-18.0,-811.0,-147.0,65.0
-23.0,403.0,24.0,-17.0,-172.0,301.0,-120.0,-696.0,-91.0,67.0
30.0,410.0,43.0,-11.0,-118.0,143.0,-63.0,-550.0,-48.0,70.0
76.0,354.0,13.0,-44.0,-117.0,-219.0,177.0,-417.0,-43.0,95.0
92.0,230.0,18.0,-37.0,-138.0,-228.0,333.0,-323.0,-33.0,130.0
106.0,312.0,55.0,-70.0,-116.0,-160.0,183.0,-303.0,0.0,147.0
138.0,147.0,32.0,-76.0,-145.0,-137.0,-112.0,-145.0,41.0,156.0
123.0,184.0,20.0,-38.0,-28.0,-44.0,-403.0,-194.0,57.0,149.0
89.0,267.0,-18.0,34.0,54.0,18.0,-635.0,-88.0,66.0,133.0
104.0,17.0,4.0,136.0,-85.0,-14.0,-811.0,107.0,100.0,116.0
158.0,-99.0,14.0,159.0,-144.0,-212.0,-760.0,140.0,126.0,115.0
194.0,-97.0,23.0,189.0,39.0,-158.0,-446.0,112.0,140.0,125.0
210.0,-110.0,43.0,202.0,103.0,-114.0,-297.0,-81.0,139.0,108.0
210.0,-106.0,33.0,235.0,-31.0,-183.0,-492.0,-171.0,121.0,86.0
202.0,24.0,63.0,301.0,-48.0,-195.0,-768.0,-362.0,113.0,85.0
214.0,-13.0,79.0,289.0,89.0,-162.0,-757.0,-456.0,96.0,77.0
206.0,53.0,105.0,256.0,95.0,25.0,-500.0,-463.0,77.0,61.0
224.0,59.0,101.0,287.0,-15.0,53.0,-347.0,-541.0,81.0,70.0
238.0,-57.0,103.0,333.0,7.0,-79.0,-439.0,-376.0,68.0,90.0
221.0,-39.0,95.0,334.0,-23.0,0.0,-595.0,-365.0,44.0,99.0
230.0,-33.0,55.0,323.0,4.0,304.0,-513.0,-312.0,19.0,85.0
264.0,35.0,123.0,315.0,144.0,467.0,-208.0,-243.0,4.0,74.0
273.0,-115.0,90.0,259.0,12.0,583.0,115.0,-186.0,8.0,79.0
260.0,-117.0,36.0,155.0,28.0,705.0,143.0,18.0,3.0,62.0
253.0,-154.0,44.0,108.0,150.0,596.0,-109.0,77.0,7.0,68.0
239.0,-197.0,-37.0,66.0,7.0,432.0,-149.0,177.0,0.0,94.0
224.0,-139.0,-28.0,43.0,63.0,244.0,136.0,90.0,-7.0,88.0
212.0,-227.0,-32.0,37.0,73.0,184.0,298.0,62.0,-19.0,85.0
213.0,-118.0,-51.0,35.0,25.0,206.0,24.0,16.0,-23.0,96.0
205.0,-125.0,-56.0,59.0,153.0,106.0,-355.0,-277.0,-15.0,119.0
207.0,-33.0,-78.0,56.0,88.0,-111.0,-454.0,-341.0,-37.0,123.0
193.0,0.0,-120.0,82.0,18.0,-204.0,-388.0,-384.0,-49.0,108.0
185.0,-50.0,-105.0,62.0,50.0,34.0,-361.0,-293.0,-82.0,118.0
186.0,-3.0,-68.0,59.0,40.0,-27.0,-290.0,-166.0,-116.0,121.0
142.0,-169.0,-107.0,71.0,-21.0,-199.0,-119.0,3.0,-130.0,110.0
114.0,-264.0,-55.0,40.0,-70.0,-82.0,15.0,144.0,-149.0,91.0
77.0,-326.0,-92.0,-1.0,-47.0,-47.0,20.0,86.0,-149.0,93.0
99.0,-414.0,-72.0,-51.0,-87.0,-154.0,24.0,164.0,-177.0,95.0
154.0,-503.0,-16.0,-32.0,-94.0,-271.0,127.0,24.0,-205.0,55.0
164.0,-437.0,-54.0,-58.0,-68.0,-294.0,101.0,-12.0,-220.0,30.0
164.0,-351.0,-21.0,-51.0,-96.0,-469.0,-102.0,72.0,-235.0,15.0
112.0,-274.0,-43.0,-2.0,-83.0,-545.0,-314.0,-1.0,-233.0,-19.0
96.0,-63.0,-48.0,-31.0,-102.0,-319.0,-462.0,5.0,-228.0,-44.0
75.0,75.0,-17.0,-36.0,-69.0,-178.0,-455.0,-138.0,-209.0,-35.0
33.0,148.0,18.0,9.0,-79.0,-217.0,-238.0,-205.0,-198.0,-25.0
31.0,236.0,-18.0,74.0,-141.0,-244.0,-58.0,-299.0,-185.0,-32.0
65.0,403.0,-101.0,107.0,-40.0,-155.0,-177.0,-382.0,-172.0,-22.0
87.0,313.0,-56.0,145.0,-25.0,-100.0,-379.0,-389.0,-174.0,10.0
50.0,313.0,9.0,197.0,-82.0,-166.0,-386.0,-437.0,-170.0,31.0
58.0,426.0,-7.0,225.0,-16.0,-273.0,-337.0,-345.0,-159.0,24.0
54.0,297.0,0.0,224.0,-86.0,-118.0,-433.0,-386.0,-126.0,39.0
13.0,253.0,4.0,125.0,-135.0,-31.0,-561.0,-334.0,-83.0,68.0
-20.0,259.0,-34.0,63.0,21.0,-47.0,-501.0,-229.0,-48.0,82.0
0.0,146.0,-14.0,54.0,-85.0,29.0,-283.0,-114.0,-24.0,99.0
34.0,-7.0,-26.0,-46.0,-108.0,-60.0,-165.0,48.0,-13.0,127.0
33.0,143.0,-63.0,-75.0,70.0,-95.0,-289.0,31.0,-5.0,160.0
26.0,136.0,-47.0,-83.0,-6.0,-96.0,-334.0,151.0,24.0,164.0
4.0,200.0,-84.0,-102.0,5.0,-76.0,33.0,105.0,48.0,172.0
13.0,390.0,-89.0,-72.0,-3.0,-22.0,447.0,55.0,50.0,187.0
-37.0,240.0,-55.0,-134.0,-43.0,-168.0,453.0,-5.0,48.0,167.0
-75.0,325.0,-97.0,-189.0,184.0,-349.0,328.0,-175.0,46.0,159.0
-76.0,359.0,-77.0,-143.0,72.0,-318.0,339.0,-51.0,44.0,160.0
-53.0,248.0,-94.0,-69.0,-113.0,-291.0,338.0,-12.0,24.0,170.0
-13.0,101.0,-123.0,-108.0,173.0,-222.0,290.0,147.0,11.0,157.0
-14.0,87.0,-104.0,-123.0,136.0,-226.0,273.0,279.0,-14.0,124.0
-6.0,67.0,-149.0,-54.0,33.0,-256.0,169.0,325.0,-54.0,125.0
-24.0,-123.0,-140.0,-34.0,103.0,1.0,-144.0,347.0,-85.0,123.0
-28.0,-123.0,-161.0,-10.0,-48.0,37.0,-487.0,140.0,-111.0,127.0
-64.0,-141.0,-190.0,4.0,27.0,-75.0,-713.0,123.0,-124.0,130.0
-95.0,-215.0,-181.0,22.0,62.0,-247.0,-889.0,49.0,-150.0,150.0
-118.0,-387.0,-221.0,57.0,27.0,-387.0,-987.0,110.0,-169.0,182.0
-112.0,-353.0,-194.0,98.0,117.0,-413.0,-972.0,155.0,-192.0,208.0
-88.0,-379.0,-187.0,79.0,135.0,-479.0,-950.0,-20.0,-208.0,243.0
-100.0,-347.0,-209.0,51.0,158.0,-509.0,-838.0,29.0,-190.0,258.0
-122.0,-142.0,-187.0,110.0,14.0,-419.0,-581.0,-57.0,-164.0,261.0
-197.0,-232.0,-194.0,83.0,-30.0,-146.0,-369.0,-157.0,-133.0,264.0
-203.0,-200.0,-195.0,-17.0,60.0,-205.0,-225.0,-221.0,-83.0,258.0
-236.0,-223.0,-166.0,-31.0,-40.0,-295.0,-1.0,-155.0,-39.0,225.0
-223.0,-244.0,-139.0,-3.0,-104.0,-187.0,299.0,-86.0,0.0,195.0
-180.0,-261.0,-140.0,-21.0,-6.0,-278.0,573.0,-282.0,39.0,173.0
-159.0,-181.0,-111.0,-18.0,-5.0,-510.0,858.0,-271.0,66.0,160.0
-128.0,-55.0,-121.0,-29.0,-58.0,-586.0,950.0,-221.0,102.0,146.0
-189.0,-14.0,-131.0,-61.0,32.0,-380.0,703.0,-90.0,138.0,139.0
-181.0,99.0,-117.0,-45.0,-17.0,-354.0,271.0,-31.0,142.0,151.0
-179.0,84.0,-192.0,-82.0,-55.0,-542.0,-15.0,-84.0,128.0,143.0
-190.0,209.0,-181.0,-93.0,-13.0,-615.0,-17.0,55.0,122.0,145.0
-202.0,186.0,-182.0,-32.0,-76.0,-422.0,-84.0,83.0,121.0,145.0
-196.0,135.0,-227.0,-30.0,-73.0,-285.0,-183.0,157.0,100.0,148.0
-149.0,115.0,-231.0,-52.0,16.0,-315.0,-148.0,140.0,63.0,139.0
-120.0,91.0,-276.0,-9.0,82.0,-273.0,-166.0,158.0,22.0,148.0
-68.0,162.0,-243.0,28.0,21.0,-199.0,-511.0,229.0,-6.0,182.0
-41.0,147.0,-204.0,-53.0,-15.0,-90.0,-984.0,83.0,-38.0,183.0
-44.0,260.0,-232.0,-126.0,-131.0,-331.0,-992.0,38.0,-86.0,187.0
-86.0,257.0,-250.0,-85.0,-105.0,-561.0,-501.0,-73.0,-120.0,185.0
-85.0,314.0,-214.0,1.0,66.0,-352.0,-44.0,-7.0,-158.0,163.0
-110.0,241.0,-234.0,-14.0,-95.0,-260.0,76.0,5.0,-186.0,105.0
-138.0,250.0,-210.0,-51.0,-115.0,-279.0,32.0,-79.0,-200.0,32.0
-142.0,405.0,-155.0,-61.0,17.0,-269.0,-130.0,73.0,-212.0,-27.0
-154.0,276.0,-179.0,-155.0,-31.0,-101.0,-176.0,136.0,-210.0,-88.0
-101.0,242.0,-119.0,-173.0,-52.0,-166.0,81.0,334.0,-214.0,-159.0
-93.0,-42.0,-152.0,-140.0,-65.0,-548.0,365.0,323.0,-211.0,-215.0
-127.0,-224.0,-116.0,-128.0,-42.0,-511.0,546.0,221.0,-191.0,-239.0
-149.0,-141.0,-74.0,-78.0,-13.0,-331.0,486.0,269.0,-152.0,-271.0
-140.0,-234.0,-108.0,-67.0,-13.0,-233.0,171.0,145.0,-109.0,-289.0
-142.0,-379.0,-86.0,-162.0,53.0,-299.0,-166.0,96.0,-88.0,-277.0
-158.0,-310.0,-125.0,-239.0,67.0,-300.0,-511.0,36.0,-65.0,-265.0
-147.0,-134.0,-108.0,-198.0,100.0,-231.0,-790.0,131.0,-44.0,-238.0
-112.0,-206.0,-153.0,-114.0,162.0,-394.0,-685.0,210.0,-19.0,-221.0
-88.0,-188.0,-169.0,-52.0,61.0,-274.0,-349.0,158.0,6.0,-214.0
-74.0,-228.0,-145.0,-66.0,-42.0,-110.0,-201.0,101.0,14.0,-175.0
-51.0,-229.0,-168.0,-68.0,60.0,-69.0,-208.0,-46.0,26.0,-165.0
-67.0,-138.0,-165.0,-101.0,119.0,-68.0,-171.0,18.0,33.0,-152.0
-74.0,-128.0,-129.0,-127.0,21.0,-125.0,-194.0,-3.0,41.0,-124.0
-82.0,-95.0,-128.0,-105.0,-7.0,-100.0,-218.0,40.0,62.0,-108.0
-73.0,3.0,-134.0,-121.0,-4.0,-29.0,-149.0,164.0,75.0,-78.0
-43.0,106.0,-116.0,-149.0,34.0,173.0,-98.0,140.0,91.0,-62.0
-18.0,-142.0,-177.0,-178.0,37.0,198.0,193.0,264.0,96.0,-19.0
-21.0,-197.0,-123.0,-104.0,40.0,79.0,564.0,303.0,76.0,25.0
-33.0,-199.0,-98.0,-89.0,-72.0,90.0,578.0,465.0,73.0,57.0
-27.0,-276.0,-118.0,-116.0,-153.0,184.0,271.0,513.0,68.0,93.0
-33.0,-162.0,-124.0,-141.0,-47.0,269.0,10.0,391.0,44.0,113.0
-32.0,-178.0,-129.0,-235.0,-126.0,50.0,63.0,362.0,24.0,119.0
-44.0,-221.0,-117.0,-237.0,-123.0,-169.0,79.0,247.0,0.0,115.0
-40.0,-220.0,-173.0,-235.0,-69.0,-85.0,9.0,275.0,-29.0,109.0
-26.0,-82.0,-153.0,-218.0,-80.0,24.0,43.0,118.0,-51.0,74.0
-34.0,-60.0,-204.0,-172.0,-148.0,143.0,40.0,-38.0,-57.0,30.0
-38.0,-8.0,-204.0,-179.0,-88.0,131.0,-128.0,-103.0,-40.0,-5.0
-53.0,-12.0,-166.0,-158.0,-46.0,149.0,-368.0,-175.0,-28.0,-44.0
-61.0,-74.0,-219.0,-96.0,-120.0,256.0,-404.0,-120.0,-23.0,-101.0
-49.0,109.0,-173.0,-50.0,-10.0,152.0,-263.0,-205.0,2.0,-140.0
-77.0,164.0,-129.0,-22.0,-66.0,-2.0,-99.0,-5.0,21.0,-155.0
-88.0,167.0,-98.0,-30.0,10.0,-162.0,-105.0,171.0,14.0,-179.0
-72.0,9.0,-130.0,-39.0,15.0,-139.0,-338.0,184.0,17.0,-173.0
-55.0,-35.0,-133.0,-28.0,-32.0,-22.0,-481.0,288.0,20.0,-157.0
-32.0,0.0,-91.0,-41.0,108.0,43.0,-463.0,312.0,49.0,-124.0
-39.0,-21.0,-134.0,-8.0,46.0,78.0,-376.0,467.0,96.0,-73.0
-52.0,-15.0,-111.0,41.0,20.0,3.0,-222.0,421.0,136.0,-28.0
-115.0,-124.0,-86.0,26.0,17.0,-35.0,-226.0,304.0,175.0,24.0
-128.0,-96.0,-102.0,-2.0,49.0,-73.0,-483.0,205.0,174.0,64.0
-136.0,-198.0,-77.0,13.0,72.0,8.0,-670.0,118.0,176.0,89.0
-160.0,-208.0,-85.0,19.0,28.0,-52.0,-589.0,236.0,183.0,97.0
-160.0,-166.0,-132.0,-25.0,18.0,-173.0,-286.0,182.0,179.0,101.0
-153.0,-166.0,-153.0,-13.0,-7.0,-54.0,97.0,225.0,164.0,93.0
-105.0,-94.0,-129.0,34.0,11.0,66.0,426.0,205.0,160.0,87.0
-83.0,-72.0,-116.0,24.0,85.0,89.0,525.0,162.0,167.0,108.0
-80.0,56.0,-184.0,-39.0,30.0,-116.0,267.0,277.0,138.0,118.0
-127.0,204.0,-224.0,-68.0,-88.0,-87.0,141.0,271.0,114.0,136.0
-132.0,384.0,-189.0,-42.0,23.0,132.0,441.0,358.0,96.0,157.0
-157.0,309.0,-221.0,-19.0,54.0,210.0,799.0,288.0,74.0,145.0
-160.0,180.0,-202.0,24.0,-54.0,246.0,938.0,230.0,42.0,132.0
-102.0,69.0,-157.0,23.0,29.0,285.0,835.0,145.0,10.0,111.0
-60.0,-26.0,-165.0,-35.0,72.0,409.0,582.0,-25.0,-10.0,72.0
-22.0,-127.0,-120.0,-62.0,43.0,203.0,311.0,-49.0,-40.0,22.0
-42.0,-334.0,-103.0,-117.0,-37.0,200.0,202.0,-227.0,-57.0,-48.0
-40.0,-102.0,-104.0,-142.0,-170.0,442.0,200.0,-314.0,-71.0,-103.0
-52.0,29.0,-35.0,-131.0,-24.0,422.0,220.0,-419.0,-70.0,-159.0
-64.0,-10.0,-47.0,-156.0,49.0,475.0,321.0,-447.0,-78.0,-225.0
-88.0,37.0,-74.0,-145.0,-42.0,331.0,166.0,-343.0,-89.0,-265.0
-85.0,51.0,-21.0,-170.0,-24.0,345.0,-322.0,-206.0,-98.0,-297.0
-76.0,130.0,-66.0,-220.0,-93.0,320.0,-609.0,179.0,-102.0,-320.0
-68.0,88.0,-24.0,-240.0,-109.0,56.0,-692.0,410.0,-88.0,-336.0
-36.0,36.0,-22.0,-194.0,-15.0,-38.0,-780.0,576.0,-89.0,-354.0
-46.0,54.0,-84.0,-136.0,-23.0,-146.0,-906.0,602.0,-90.0,-352.0
-20.0,162.0,-9.0,-141.0,-26.0,-88.0,-1235.0,526.0,-92.0,-351.0
-22.0,75.0,-48.0,-118.0,7.0,-137.0,-1506.0,424.0,-86.0,-350.0
-25.0,-50.0,-52.0,-91.0,33.0,-192.0,-1323.0,201.0,-82.0,-355.0
-49.0,-5.0,-45.0,-50.0,19.0,-373.0,-833.0,120.0,-81.0,-359.0
-61.0,10.0,-89.0,26.0,-50.0,-626.0,-436.0,-66.0,-57.0,-366.0
-60.0,-24.0,-69.0,72.0,51.0,-528.0,-101.0,-142.0,-36.0,-382.0
-85.0,-72.0,-80.0,41.0,122.0,-386.0,370.0,-203.0,-20.0,-373.0
-61.0,9.0,-77.0,-2.0,-7.0,-279.0,813.0,-240.0,-12.0,-365.0
-46.0,55.0,-58.0,-5.0,-8.0,-429.0,1003.0,-123.0,0.0,-357.0
-38.0,226.0,-59.0,50.0,5.0,-541.0,997.0,-232.0,32.0,-331.0
-41.0,111.0,-45.0,131.0,-37.0,-489.0,1078.0,-155.0,75.0,-310.0
-28.0,-119.0,-23.0,132.0,22.0,-424.0,1277.0,-44.0,98.0,-294.0
-25.0,41.0,-37.0,87.0,41.0,-475.0,1256.0,125.0,100.0,-275.0
-20.0,-22.0,-30.0,54.0,41.0,-542.0,900.0,317.0,113.0,-239.0
-41.0,-218.0,-38.0,108.0,74.0,-339.0,455.0,260.0,125.0,-200.0
-79.0,-320.0,-58.0,131.0,47.0,-317.0,164.0,317.0,133.0,-169.0
-40.0,-233.0,-65.0,134.0,35.0,-434.0,218.0,225.0,123.0,-140.0
-8.0,-249.0,-65.0,197.0,55.0,-286.0,420.0,138.0,110.0,-112.0
25.0,-301.0,-65.0,193.0,93.0,91.0,433.0,-33.0,90.0,-82.0
23.0,-226.0,-74.0,164.0,80.0,235.0,88.0,-297.0,48.0,-45.0
-24.0,-292.0,-54.0,99.0,-10.0,181.0,-570.0,-338.0,26.0,-11.0
-57.0,-294.0,-34.0,40.0,-30.0,219.0,-838.0,-426.0,12.0,3.0
-99.0,-270.0,-30.0,31.0,32.0,157.0,-453.0,-286.0,-24.0,34.0
-130.0,-47.0,-60.0,0.0,63.0,68.0,-172.0,-140.0,-46.0,78.0
-129.0,195.0,-46.0,-20.0,-9.0,66.0,-447.0,44.0,-53.0,120.0
-110.0,286.0,26.0,13.0,-32.0,62.0,-799.0,260.0,-66.0,171.0
-90.0,307.0,43.0,-2.0,-8.0,130.0,-749.0,279.0,-64.0,206.0
-66.0,310.0,57.0,-72.0,-50.0,304.0,-519.0,491.0,-53.0,259.0
-68.0,341.0,95.0,-125.0,-71.0,336.0,-403.0,511.0,-61.0,290.0
-55.0,300.0,94.0,-179.0,-75.0,302.0,-457.0,519.0,-80.0,299.0
-44.0,332.0,108.0,-142.0,-24.0,260.0,-427.0,526.0,-84.0,315.0
-42.0,300.0,85.0,-100.0,-68.0,95.0,-110.0,327.0,-68.0,317.0
-33.0,410.0,88.0,-76.0,-59.0,76.0,262.0,158.0,-37.0,309.0
-23.0,379.0,87.0,-81.0,-22.0,207.0,408.0,-103.0,-13.0,295.0
8.0,218.0,77.0,-167.0,-45.0,94.0,324.0,-214.0,0.0,280.0
1.0,274.0,160.0,-184.0,120.0,-124.0,307.0,-363.0,11.0,246.0
9.0,238.0,96.0,-175.0,17.0,-137.0,517.0,-369.0,36.0,201.0
32.0,243.0,84.0,-150.0,-146.0,-73.0,791.0,-251.0,59.0,160.0
62.0,90.0,99.0,-82.0,-33.0,-94.0,899.0,-186.0,60.0,133.0
74.0,98.0,45.0,-50.0,0.0,-151.0,709.0,105.0,75.0,98.0
53.0,81.0,80.0,-28.0,-31.0,-169.0,265.0,149.0,78.0,48.0
43.0,-225.0,52.0,-6.0,30.0,-221.0,166.0,103.0,74.0,25.0
38.0,-409.0,57.0,8.0,-14.0,-325.0,589.0,48.0,94.0,0.0
44.0,-549.0,67.0,38.0,-14.0,-300.0,653.0,9.0,90.0,-26.0
17.0,-538.0,30.0,48.0,122.0,-180.0,228.0,116.0,73.0,-32.0
-3.0,-576.0,69.0,58.0,-68.0,-315.0,35.0,35.0,68.0,-21.0
1.0,-582.0,47.0,105.0,-42.0,-365.0,114.0,-68.0,43.0,-12.0
-4.0,-511.0,32.0,114.0,114.0,-98.0,119.0,-273.0,14.0,7.0
-30.0,-372.0,74.0,131.0,-93.0,38.0,13.0,-386.0,-2.0,50.0
-43.0,-312.0,41.0,110.0,-51.0,-36.0,-257.0,-467.0,-20.0,67.0
-49.0,-337.0,53.0,98.0,187.0,-118.0,-574.0,-585.0,-41.0,72.0
-46.0,-185.0,99.0,133.0,73.0,12.0,-649.0,-408.0,-86.0,70.0
-64.0,-4.0,94.0,134.0,62.0,147.0,-570.0,-223.0,-131.0,45.0
-103.0,-4.0,80.0,158.0,147.0,57.0,-611.0,86.0,-166.0,18.0
-110.0,-252.0,124.0,185.0,-75.0,52.0,-727.0,238.0,-198.0,-21.0
-126.0,-212.0,111.0,180.0,88.0,83.0,-631.0,186.0,-221.0,-68.0
-144.0,-181.0,75.0,151.0,104.0,-164.0,-307.0,149.0,-247.0,-101.0
-145.0,-153.0,121.0,166.0,-65.0,-321.0,141.0,-9.0,-262.0,-133.0
-124.0,-36.0,100.0,145.0,108.0,-118.0,507.0,3.0,-256.0,-159.0
-104.0,-43.0,95.0,68.0,88.0,68.0,668.0,-60.0,-220.0,-160.0
-82.0,160.0,89.0,13.0,135.0,-38.0,882.0,-16.0,-186.0,-162.0
-47.0,381.0,50.0,10.0,131.0,-112.0,1221.0,90.0,-165.0,-177.0
-30.0,448.0,44.0,6.0,21.0,122.0,1456.0,64.0,-126.0,-193.0
-27.0,352.0,33.0,-38.0,95.0,273.0,1380.0,53.0,-97.0,-192.0
-9.0,454.0,5.0,-47.0,0.0,-54.0,1089.0,-153.0,-49.0,-196.0
8.0,443.0,-5.0,-122.0,-96.0,-258.0,779.0,-171.0,8.0,-220.0
10.0,279.0,-26.0,-167.0,51.0,35.0,528.0,-168.0,67.0,-230.0
-24.0,179.0,-22.0,-103.0,21.0,161.0,280.0,-92.0,129.0,-251.0
-40.0,8.0,26.0,-111.0,60.0,138.0,61.0,62.0,159.0,-286.0
1.0,-44.0,26.0,-154.0,-3.0,58.0,-80.0,14.0,184.0,-299.0
5.0,-210.0,32.0,-128.0,-250.0,-6.0,-185.0,73.0,221.0,-293.0
-5.0,-218.0,29.0,-58.0,-3.0,60.0,-232.0,-70.0,271.0,-288.0
-33.0,-250.0,18.0,-14.0,-85.0,66.0,-549.0,-155.0,301.0,-269.0
-41.0,-260.0,36.0,3.0,-226.0,58.0,-1062.0,-147.0,296.0,-231.0
-54.0,-51.0,-2.0,6.0,119.0,50.0,-1231.0,-214.0,279.0,-187.0
-83.0,-5.0,-17.0,10.0,-61.0,-37.0,-1193.0,-210.0,241.0,-151.0
-104.0,3.0,1.0,57.0,-182.0,-88.0,-1356.0,-345.0,214.0,-125.0
-120.0,-52.0,-51.0,72.0,130.0,98.0,-1592.0,-277.0,183.0,-94.0
-77.0,-71.0,-32.0,100.0,15.0,119.0,-1488.0,-260.0,138.0,-63.0
-49.0,-84.0,13.0,163.0,-4.0,62.0,-1081.0,-227.0,103.0,-46.0
-49.0,-80.0,9.0,166.0,125.0,-81.0,-701.0,-90.0,72.0,-43.0
-58.0,-136.0,49.0,152.0,-73.0,-151.0,-436.0,-125.0,52.0,-42.0
-48.0,-273.0,43.0,125.0,5.0,75.0,-77.0,9.0,36.0,-48.0
-58.0,-202.0,61.0,65.0,81.0,16.0,474.0,59.0,13.0,-64.0
-89.0,-109.0,115.0,75.0,-17.0,29.0,1041.0,175.0,17.0,-71.0
-88.0,-184.0,90.0,162.0,29.0,121.0,1431.0,249.0,13.0,-76.0
-39.0,-201.0,90.0,168.0,23.0,88.0,1706.0,145.0,12.0,-83.0
-2.0,40.0,125.0,150.0,10.0,-68.0,1923.0,55.0,26.0,-91.0
-28.0,165.0,125.0,53.0,77.0,-214.0,1788.0,-219.0,28.0,-106.0
-53.0,271.0,124.0,-14.0,1.0,-130.0,1292.0,-375.0,56.0,-110.0
-61.0,305.0,121.0,31.0,-100.0,-196.0,847.0,-626.0,66.0,-115.0
-53.0,303.0,105.0,10.0,50.0,-196.0,741.0,-652.0,64.0,-127.0
-78.0,354.0,146.0,14.0,21.0,-113.0,660.0,-441.0,81.0,-115.0
-56.0,49.0,168.0,-3.0,-58.0,-90.0,281.0,-417.0,76.0,-103.0
-37.0,-111.0,83.0,20.0,1.0,-139.0,-116.0,-291.0,77.0,-99.0
-37.0,-114.0,87.0,75.0,103.0,-341.0,-442.0,-303.0,97.0,-98.0
-41.0,-9.0,121.0,87.0,67.0,-264.0,-649.0,-149.0,101.0,-96.0
-58.0,-1.0,86.0,51.0,-123.0,-143.0,-696.0,68.0,108.0,-82.0
-18.0,-61.0,118.0,23.0,84.0,-177.0,-843.0,290.0,113.0,-74.0
-23.0,102.0,150.0,27.0,92.0,-137.0,-1006.0,578.0,102.0,-72.0
-36.0,13.0,156.0,-14.0,-24.0,-223.0,-983.0,548.0,106.0,-53.0
-37.0,39.0,156.0,15.0,79.0,-163.0,-880.0,515.0,101.0,-38.0
-6.0,39.0,179.0,-9.0,-87.0,29.0,-740.0,338.0,85.0,-21.0
-5.0,-58.0,193.0,-106.0,-51.0,-3.0,-520.0,125.0,75.0,22.0
-6.0,49.0,172.0,-225.0,58.0,-181.0,-345.0,-75.0,74.0,50.0
13.0,80.0,131.0,-228.0,-86.0,-230.0,-244.0,-236.0,93.0,71.0
25.0,26.0,124.0,-184.0,-50.0,-139.0,-46.0,-214.0,121.0,86.0
25.0,-95.0,164.0,-219.0,-21.0,-141.0,140.0,-327.0,131.0,88.0
24.0,-100.0,131.0,-179.0,-126.0,-188.0,128.0,-343.0,116.0,96.0
64.0,-55.0,117.0,-166.0,-57.0,-183.0,120.0,-434.0,123.0,98.0
84.0,-122.0,61.0,-160.0,-98.0,-108.0,333.0,-358.0,118.0,101.0
116.0,-166.0,51.0,-121.0,-134.0,-141.0,626.0,-83.0,100.0,97.0
96.0,-52.0,89.0,-61.0,60.0,-108.0,698.0,11.0,101.0,82.0
114.0,108.0,59.0,6.0,-35.0,-31.0,593.0,245.0,90.0,73.0
151.0,203.0,66.0,44.0,-63.0,-105.0,628.0,286.0,75.0,58.0
163.0,133.0,72.0,22.0,122.0,-141.0,709.0,262.0,62.0,20.0
154.0,42.0,109.0,-17.0,50.0,-97.0,629.0,195.0,51.0,-15.0
123.0,91.0,106.0,-15.0,24.0,50.0,442.0,-31.0,21.0,-33.0
125.0,31.0,96.0,28.0,30.0,9.0,263.0,-286.0,-21.0,-44.0
95.0,204.0,96.0,19.0,-27.0,-214.0,222.0,-565.0,-65.0,-65.0
100.0,238.0,71.0,-13.0,-62.0,-143.0,185.0,-548.0,-81.0,-77.0
91.0,157.0,54.0,25.0,-20.0,108.0,102.0,-582.0,-81.0,-63.0
107.0,233.0,30.0,-5.0,103.0,104.0,5.0,-474.0,-94.0,-64.0
96.0,85.0,56.0,5.0,24.0,-27.0,-210.0,-358.0,-98.0,-65.0
53.0,45.0,58.0,44.0,-36.0,47.0,-509.0,-386.0,-104.0,-54.0
-5.0,-174.0,39.0,26.0,15.0,178.0,-870.0,-216.0,-105.0,-62.0
-67.0,-241.0,29.0,-27.0,-54.0,14.0,-1143.0,-203.0,-116.0,-82.0
-78.0,-322.0,22.0,-52.0,-104.0,-79.0,-1331.0,-12.0,-107.0,-112.0
-120.0,-401.0,51.0,8.0,-48.0,0.0,-1413.0,179.0,-91.0,-133.0
-144.0,-177.0,86.0,-26.0,-62.0,-93.0,-1237.0,301.0,-86.0,-149.0
-144.0,-183.0,54.0,-65.0,39.0,-192.0,-1083.0,391.0,-72.0,-176.0
-77.0,36.0,31.0,-51.0,46.0,-110.0,-996.0,279.0,-78.0,-198.0
-82.0,42.0,77.0,-44.0,-81.0,81.0,-754.0,323.0,-58.0,-211.0
-95.0,30.0,64.0,-51.0,124.0,-84.0,-406.0,197.0,-24.0,-222.0
-71.0,80.0,93.0,-48.0,48.0,-404.0,74.0,131.0,0.0,-236.0
-46.0,181.0,101.0,5.0,-78.0,-344.0,786.0,116.0,27.0,-229.0
-31.0,525.0,67.0,-6.0,104.0,-199.0,1308.0,12.0,44.0,-229.0
-48.0,395.0,151.0,-22.0,65.0,-339.0,1388.0,53.0,49.0,-245.0
-14.0,265.0,148.0,-25.0,3.0,-361.0,1421.0,49.0,76.0,-237.0
-21.0,259.0,145.0,-59.0,109.0,-106.0,1464.0,188.0,109.0,-225.0
20.0,400.0,162.0,-85.0,74.0,-270.0,1375.0,171.0,97.0,-218.0
38.0,287.0,116.0,-125.0,-71.0,-533.0,1276.0,101.0,103.0,-213.0
80.0,9.0,144.0,-115.0,123.0,-296.0,1162.0,144.0,113.0,-197.0
109.0,109.0,83.0,-74.0,146.0,-144.0,814.0,55.0,113.0,-168.0
112.0,33.0,82.0,-60.0,-90.0,-447.0,387.0,112.0,132.0,-149.0
144.0,96.0,129.0,-44.0,-9.0,-650.0,96.0,66.0,124.0,-116.0
129.0,123.0,141.0,-41.0,42.0,-377.0,-227.0,-27.0,126.0,-70.0
132.0,-177.0,174.0,-16.0,-43.0,-133.0,-543.0,-134.0,130.0,-40.0
106.0,-229.0,142.0,11.0,75.0,-383.0,-698.0,-286.0,104.0,-6.0
138.0,-159.0,192.0,29.0,69.0,-444.0,-750.0,-352.0,80.0,34.0
139.0,-239.0,165.0,103.0,-43.0,-135.0,-831.0,-521.0,40.0,69.0
170.0,-172.0,163.0,169.0,106.0,-60.0,-866.0,-454.0,6.0,95.0
159.0,-96.0,192.0,186.0,-46.0,-66.0,-876.0,-363.0,-12.0,98.0
131.0,-45.0,147.0,186.0,-159.0,52.0,-941.0,-301.0,-20.0,103.0
139.0,126.0,215.0,180.0,37.0,269.0,-800.0,-186.0,-27.0,109.0
100.0,48.0,212.0,161.0,-69.0,273.0,-355.0,-166.0,-39.0,112.0
112.0,18.0,220.0,128.0,-80.0,145.0,-55.0,-55.0,-34.0,113.0
82.0,211.0,233.0,107.0,22.0,228.0,-66.0,-112.0,-46.0,113.0
87.0,286.0,175.0,64.0,-98.0,290.0,62.0,-7.0,-73.0,115.0
39.0,62.0,177.0,-4.0,-59.0,252.0,347.0,236.0,-78.0,116.0
27.0,75.0,164.0,-126.0,13.0,212.0,504.0,369.0,-80.0,125.0
-11.0,277.0,147.0,-236.0,-104.0,155.0,520.0,404.0,-92.0,127.0
-51.0,188.0,138.0,-282.0,-65.0,164.0,437.0,140.0,-91.0,131.0
-43.0,230.0,131.0,-337.0,45.0,288.0,324.0,-14.0,-94.0,133.0
-82.0,163.0,137.0,-300.0,12.0,195.0,346.0,-160.0,-78.0,118.0
-67.0,101.0,115.0,-176.0,-22.0,16.0,348.0,-267.0,-63.0,97.0
-97.0,88.0,92.0,-121.0,-1.0,33.0,126.0,-328.0,-79.0,73.0
-73.0,125.0,57.0,-138.0,26.0,-50.0,-2.0,-404.0,-78.0,43.0
-116.0,99.0,38.0,-161.0,31.0,-126.0,34.0,-230.0,-78.0,-5.0
-171.0,-116.0,30.0,-130.0,60.0,-2.0,-46.0,-96.0,-70.0,-63.0
-178.0,-64.0,3.0,-121.0,113.0,-2.0,-266.0,109.0,-77.0,-107.0
-178.0,-192.0,2.0,-99.0,60.0,-146.0,-325.0,173.0,-85.0,-148.0
-192.0,-236.0,-42.0,-42.0,43.0,-84.0,-213.0,171.0,-84.0,-183.0
-220.0,-268.0,-46.0,-21.0,35.0,-34.0,-154.0,303.0,-91.0,-209.0
-188.0,-224.0,-43.0,27.0,0.0,-237.0,-44.0,304.0,-79.0,-221.0
-171.0,-10.0,-71.0,11.0,66.0,-306.0,129.0,349.0,-81.0,-213.0
-137.0,23.0,-41.0,-52.0,-14.0,-86.0,177.0,210.0,-96.0,-213.0
-138.0,163.0,-75.0,-73.0,-45.0,-14.0,139.0,60.0,-96.0,-200.0
-107.0,88.0,-56.0,-109.0,47.0,-185.0,318.0,-70.0,-86.0,-151.0
-91.0,185.0,-34.0,-197.0,-71.0,-156.0,707.0,-162.0,-67.0,-109.0
-75.0,277.0,-55.0,-238.0,-51.0,-27.0,895.0,-92.0,-53.0,-75.0
-96.0,154.0,-5.0,-163.0,86.0,-127.0,676.0,-219.0,-46.0,-38.0
-97.0,126.0,1.0,-134.0,-32.0,-204.0,333.0,-188.0,-20.0,-29.0
-56.0,-104.0,-7.0,-101.0,-48.0,-81.0,135.0,-279.0,5.0,-31.0
-38.0,-205.0,17.0,-59.0,24.0,-55.0,-10.0,-463.0,20.0,-27.0
1.0,-120.0,32.0,-86.0,-36.0,-158.0,-188.0,-441.0,62.0,-36.0
-31.0,-161.0,3.0,-141.0,-12.0,-79.0,-246.0,-515.0,90.0,-51.0
-6.0,-196.0,41.0,-171.0,13.0,102.0,-224.0,-345.0,121.0,-68.0
-15.0,-121.0,79.0,-101.0,3.0,-4.0,-367.0,-147.0,161.0,-93.0
-28.0,-183.0,89.0,-17.0,-30.0,-310.0,-376.0,79.0,175.0,-117.0
-11.0,-179.0,93.0,9.0,-116.0,-185.0,-73.0,188.0,190.0,-123.0
6.0,-4.0,68.0,-14.0,-48.0,41.0,141.0,88.0,195.0,-121.0
22.0,309.0,79.0,1.0,-30.0,-210.0,107.0,72.0,194.0,-127.0
4.0,501.0,51.0,-1.0,-83.0,-191.0,137.0,-118.0,176.0,-136.0
24.0,405.0,67.0,-22.0,-32.0,168.0,344.0,-25.0,151.0,-125.0
9.0,410.0,77.0,-25.0,-20.0,154.0,476.0,14.0,130.0,-102.0
1.0,267.0,58.0,-65.0,-19.0,-96.0,469.0,-72.0,117.0,-102.0
-25.0,369.0,62.0,-132.0,-91.0,-176.0,294.0,-5.0,113.0,-104.0
-10.0,375.0,57.0,-160.0,-48.0,-95.0,45.0,-79.0,97.0,-93.0
-20.0,218.0,48.0,-118.0,2.0,-242.0,-66.0,-12.0,81.0,-67.0
-3.0,233.0,32.0,-143.0,-130.0,-267.0,15.0,-88.0,50.0,-39.0
50.0,-62.0,48.0,-124.0,-45.0,-26.0,97.0,-107.0,27.0,-14.0
77.0,19.0,13.0,-54.0,97.0,-70.0,3.0,-77.0,-1.0,6.0
87.0,-21.0,15.0,-51.0,45.0,-348.0,-124.0,-123.0,-44.0,28.0
26.0,-128.0,3.0,-43.0,-7.0,-520.0,-281.0,-14.0,-65.0,66.0
26.0,-216.0,-19.0,-30.0,37.0,-393.0,-425.0,-46.0,-93.0,100.0
0.0,-550.0,29.0,-35.0,23.0,-492.0,-386.0,18.0,-102.0,131.0
-10.0,-421.0,3.0,-36.0,-37.0,-582.0,-288.0,64.0,-98.0,149.0
-18.0,-383.0,-13.0,-18.0,-40.0,-287.0,-300.0,129.0,-100.0,168.0
-12.0,-332.0,-26.0,-28.0,-36.0,-171.0,-250.0,175.0,-88.0,201.0
6.0,-223.0,-41.0,-86.0,35.0,-135.0,-60.0,121.0,-72.0,214.0
-23.0,-166.0,-36.0,-124.0,66.0,-280.0,96.0,319.0,-73.0,206.0
-12.0,-203.0,3.0,-102.0,34.0,-238.0,258.0,432.0,-78.0,202.0
-21.0,-298.0,1.0,-49.0,4.0,-121.0,500.0,509.0,-64.0,201.0
-32.0,-94.0,-51.0,-28.0,0.0,-399.0,693.0,299.0,-43.0,189.0
-37.0,-48.0,-33.0,-3.0,47.0,-317.0,725.0,-131.0,-40.0,172.0
-31.0,-72.0,-78.0,10.0,3.0,-95.0,835.0,-280.0,-59.0,139.0
22.0,55.0,-69.0,-49.0,22.0,-43.0,901.0,-473.0,-88.0,99.0
56.0,119.0,-56.0,-67.0,-4.0,-103.0,689.0,-583.0,-103.0,82.0
48.0,147.0,-58.0,-100.0,-3.0,1.0,447.0,-674.0,-109.0,80.0
42.0,413.0,-67.0,-126.0,131.0,237.0,260.0,-648.0,-117.0,74.0
4.0,424.0,-91.0,-78.0,-4.0,85.0,155.0,-460.0,-113.0,70.0
-2.0,188.0,-23.0,-48.0,34.0,47.0,14.0,-275.0,-114.0,64.0
-6.0,187.0,-67.0,-37.0,143.0,151.0,-224.0,101.0,-106.0,62.0
13.0,202.0,-39.0,-19.0,-23.0,154.0,-487.0,393.0,-78.0,64.0
47.0,340.0,-1.0,24.0,-8.0,111.0,-677.0,674.0,-47.0,52.0
42.0,267.0,-27.0,80.0,58.0,60.0,-704.0,646.0,-28.0,39.0
43.0,248.0,10.0,83.0,1.0,139.0,-650.0,402.0,-38.0,31.0
19.0,362.0,-15.0,72.0,48.0,44.0,-490.0,206.0,-40.0,18.0
25.0,237.0,-1.0,75.0,97.0,-229.0,-302.0,-175.0,-27.0,-4.0
0.0,151.0,24.0,75.0,-31.0,-246.0,-90.0,-369.0,-18.0,-25.0
12.0,86.0,34.0,214.0,-40.0,-260.0,141.0,-572.0,-9.0,-45.0
36.0,231.0,33.0,274.0,-39.0,-388.0,277.0,-570.0,0.0,-62.0
36.0,18.0,-13.0,227.0,-107.0,-349.0,282.0,-484.0,0.0,-71.0
41.0,-203.0,-14.0,175.0,-54.0,-164.0,261.0,-474.0,-2.0,-80.0
27.0,-150.0,7.0,105.0,-58.0,2.0,302.0,-218.0,3.0,-74.0
47.0,-202.0,-26.0,78.0,-19.0,-160.0,279.0,-94.0,8.0,-59.0
45.0,-20.0,-11.0,51.0,5.0,-216.0,281.0,38.0,25.0,-37.0
58.0,-191.0,0.0,74.0,-39.0,-162.0,307.0,86.0,12.0,0.0
86.0,-170.0,-27.0,34.0,28.0,-172.0,132.0,88.0,-6.0,29.0
106.0,-5.0,3.0,41.0,116.0,-6.0,-172.0,123.0,-10.0,42.0
103.0,-44.0,19.0,3.0,38.0,56.0,-280.0,103.0,-32.0,56.0
112.0,167.0,30.0,-130.0,-100.0,32.0,-219.0,151.0,-32.0,67.0
99.0,242.0,28.0,-210.0,-34.0,-97.0,-224.0,-57.0,-37.0,68.0
83.0,222.0,57.0,-254.0,87.0,-2.0,-160.0,-164.0,-44.0,57.0
68.0,141.0,58.0,-200.0,51.0,436.0,-27.0,-171.0,-44.0,51.0
52.0,1.0,76.0,-174.0,7.0,472.0,-68.0,-182.0,-40.0,39.0
68.0,-129.0,102.0,-138.0,46.0,250.0,-220.0,-7.0,-40.0,29.0
36.0,10.0,51.0,-83.0,23.0,137.0,-246.0,25.0,-55.0,32.0
37.0,113.0,111.0,-68.0,18.0,213.0,-151.0,201.0,-60.0,20.0
11.0,-8.0,79.0,-18.0,78.0,289.0,23.0,365.0,-71.0,5.0
-7.0,-45.0,55.0,-39.0,-17.0,-18.0,125.0,347.0,-75.0,-3.0
-35.0,-50.0,101.0,-76.0,-51.0,61.0,-10.0,284.0,-81.0,-10.0
-82.0,-119.0,30.0,42.0,96.0,338.0,-112.0,197.0,-76.0,-38.0
-73.0,-107.0,45.0,127.0,8.0,169.0,20.0,275.0,-58.0,-62.0
-75.0,4.0,25.0,130.0,-65.0,37.0,0.0,162.0,-51.0,-66.0
-51.0,-83.0,-47.0,145.0,70.0,166.0,-263.0,109.0,-31.0,-82.0
-51.0,131.0,-48.0,63.0,2.0,448.0,-294.0,14.0,-36.0,-120.0
-51.0,263.0,-54.0,-34.0,-59.0,284.0,-123.0,-205.0,-41.0,-160.0
-38.0,273.0,-77.0,-125.0,-126.0,-95.0,-118.0,-253.0,-17.0,-175.0
-29.0,447.0,-116.0,-173.0,-194.0,38.0,-262.0,-395.0,7.0,-194.0
-6.0,376.0,-141.0,-127.0,-25.0,288.0,-306.0,-332.0,16.0,-202.0
8.0,240.0,-115.0,-115.0,-54.0,1.0,-254.0,-288.0,22.0,-190.0
22.0,28.0,-116.0,-112.0,-134.0,-300.0,-69.0,-258.0,39.0,-179.0
33.0,126.0,-145.0,-127.0,-58.0,-66.0,70.0,-138.0,42.0,-138.0
26.0,52.0,-119.0,-116.0,-66.0,184.0,-20.0,-120.0,45.0,-63.0
44.0,-111.0,-99.0,-54.0,5.0,178.0,-12.0,-5.0,52.0,-3.0
74.0,-93.0,-104.0,-96.0,3.0,19.0,152.0,7.0,60.0,43.0
73.0,-427.0,-53.0,-166.0,-132.0,29.0,366.0,86.0,56.0,89.0
81.0,-453.0,-6.0,-127.0,-23.0,57.0,492.0,5.0,37.0,150.0
78.0,-342.0,-20.0,-77.0,24.0,-33.0,584.0,-190.0,19.0,194.0
110.0,-359.0,58.0,-7.0,-93.0,188.0,606.0,-232.0,-3.0,216.0
144.0,-314.0,77.0,53.0,21.0,310.0,479.0,-369.0,-25.0,273.0
166.0,-166.0,51.0,6.0,100.0,135.0,364.0,-314.0,-60.0,304.0
165.0,-280.0,71.0,-73.0,134.0,91.0,133.0,-264.0,-94.0,325.0
129.0,-394.0,61.0,-89.0,111.0,336.0,-236.0,-142.0,-130.0,350.0
126.0,-51.0,56.0,-20.0,-18.0,581.0,-588.0,36.0,-158.0,335.0
110.0,-92.0,56.0,31.0,64.0,390.0,-802.0,60.0,-166.0,317.0
92.0,-138.0,47.0,58.0,47.0,253.0,-903.0,151.0,-190.0,262.0
69.0,-76.0,-5.0,18.0,-15.0,312.0,-984.0,27.0,-204.0,225.0
83.0,-147.0,16.0,-73.0,13.0,304.0,-1019.0,-62.0,-221.0,201.0
119.0,-146.0,-2.0,-98.0,-38.0,236.0,-872.0,-103.0,-231.0,150.0
122.0,-146.0,-14.0,-64.0,101.0,96.0,-585.0,-123.0,-242.0,130.0
116.0,-249.0,-33.0,-60.0,149.0,325.0,-307.0,22.0,-258.0,139.0
130.0,-337.0,-54.0,-73.0,-101.0,632.0,11.0,134.0,-238.0,153.0
126.0,-125.0,-29.0,-79.0,-122.0,435.0,363.0,301.0,-217.0,175.0
106.0,-221.0,-120.0,-127.0,4.0,83.0,658.0,169.0,-175.0,218.0
68.0,-132.0,-87.0,-66.0,-1.0,75.0,805.0,0.0,-153.0,262.0
32.0,111.0,-79.0,0.0,5.0,267.0,864.0,-83.0,-136.0,306.0
49.0,111.0,-113.0,-12.0,-65.0,413.0,710.0,-184.0,-98.0,345.0
51.0,133.0,-105.0,-9.0,-27.0,302.0,408.0,0.0,-76.0,373.0
74.0,16.0,-127.0,-75.0,118.0,116.0,218.0,112.0,-39.0,383.0
76.0,178.0,-101.0,-38.0,-38.0,282.0,-15.0,317.0,-5.0,366.0
86.0,399.0,-103.0,87.0,-95.0,333.0,-240.0,441.0,32.0,333.0
87.0,453.0,-77.0,106.0,-4.0,391.0,-292.0,362.0,50.0,288.0
68.0,304.0,-53.0,112.0,-127.0,511.0,-335.0,197.0,53.0,238.0
92.0,253.0,-79.0,47.0,-150.0,379.0,-596.0,-107.0,72.0,182.0
99.0,240.0,-85.0,-3.0,-138.0,359.0,-760.0,-208.0,78.0,141.0
105.0,177.0,-79.0,12.0,-151.0,298.0,-635.0,-408.0,79.0,111.0
68.0,61.0,-36.0,-3.0,-25.0,232.0,-536.0,-478.0,64.0,81.0
31.0,-180.0,-18.0,18.0,-49.0,74.0,-432.0,-441.0,39.0,67.0
-8.0,-63.0,-32.0,12.0,-27.0,-163.0,-211.0,-428.0,15.0,71.0
-26.0,-171.0,-17.0,-24.0,111.0,-29.0,-87.0,-218.0,-6.0,87.0
-16.0,-239.0,-60.0,-45.0,59.0,143.0,-139.0,-214.0,-20.0,104.0
5.0,-222.0,-43.0,-47.0,75.0,275.0,-162.0,-164.0,-32.0,110.0
12.0,-222.0,-22.0,-20.0,76.0,225.0,-205.0,-116.0,-64.0,103.0
-10.0,-188.0,-58.0,43.0,0.0,60.0,-274.0,-48.0,-92.0,88.0
10.0,-309.0,-66.0,31.0,111.0,110.0,-216.0,49.0,-100.0,65.0
-15.0,-318.0,-45.0,-7.0,88.0,134.0,-111.0,1.0,-122.0,30.0
-60.0,-323.0,-1.0,2.0,-11.0,319.0,-37.0,59.0,-123.0,-23.0
-80.0,74.0,-13.0,-6.0,52.0,485.0,0.0,-44.0,-114.0,-62.0
-44.0,44.0,-21.0,19.0,67.0,442.0,-24.0,-107.0,-111.0,-90.0
-2.0,-130.0,-37.0,51.0,11.0,456.0,-141.0,-232.0,-97.0,-131.0
10.0,89.0,-31.0,73.0,-37.0,384.0,-186.0,-351.0,-103.0,-160.0
30.0,-35.0,-54.0,50.0,-33.0,386.0,-91.0,-243.0,-95.0,-190.0
34.0,-170.0,-57.0,11.0,5.0,315.0,-119.0,-312.0,-77.0,-216.0
39.0,-341.0,-5.0,-29.0,-38.0,53.0,-257.0,-221.0,-47.0,-229.0
16.0,-391.0,-30.0,-57.0,-166.0,-33.0,-216.0,-129.0,0.0,-240.0
19.0,-386.0,-62.0,-124.0,-49.0,-55.0,-185.0,44.0,29.0,-250.0
41.0,-418.0,-84.0,-196.0,9.0,191.0,-341.0,291.0,45.0,-248.0
43.0,-203.0,-67.0,-191.0,-36.0,225.0,-341.0,297.0,41.0,-233.0
13.0,28.0,-90.0,-221.0,41.0,-116.0,-144.0,341.0,48.0,-212.0
-9.0,85.0,-130.0,-149.0,-120.0,-95.0,-31.0,203.0,46.0,-187.0
-13.0,147.0,-96.0,-81.0,-43.0,-30.0,-35.0,5.0,42.0,-165.0
-1.0,54.0,-96.0,-73.0,78.0,-2.0,8.0,-240.0,49.0,-124.0
-19.0,-26.0,-136.0,-19.0,-82.0,-176.0,93.0,-295.0,34.0,-88.0
-48.0,21.0,-161.0,-12.0,-83.0,-212.0,12.0,-147.0,12.0,-68.0
-40.0,-107.0,-160.0,-29.0,17.0,-32.0,-256.0,-195.0,1.0,-48.0
-30.0,28.0,-157.0,-76.0,103.0,20.0,-439.0,-86.0,-13.0,-33.0
-28.0,52.0,-136.0,-87.0,70.0,302.0,-417.0,-123.0,-34.0,-23.0
-31.0,-86.0,-160.0,-43.0,-10.0,277.0,-413.0,-184.0,-20.0,-36.0
0.0,-136.0,-180.0,-54.0,-47.0,167.0,-380.0,-205.0,-42.0,-40.0
-2.0,-104.0,-129.0,-16.0,54.0,187.0,-318.0,-295.0,-73.0,-46.0
9.0,101.0,-142.0,19.0,33.0,248.0,-436.0,-109.0,-91.0,-83.0
2.0,150.0,-163.0,-60.0,-86.0,326.0,-519.0,5.0,-102.0,-111.0
-7.0,336.0,-209.0,-79.0,10.0,68.0,-347.0,33.0,-82.0,-135.0
3.0,375.0,-209.0,-65.0,5.0,66.0,-197.0,-81.0,-79.0,-175.0
-17.0,339.0,-148.0,-87.0,-5.0,300.0,-207.0,-225.0,-57.0,-200.0
-12.0,376.0,-204.0,-75.0,42.0,356.0,-126.0,-225.0,-24.0,-220.0
25.0,141.0,-226.0,-54.0,1.0,214.0,22.0,-230.0,0.0,-222.0
80.0,35.0,-202.0,-44.0,7.0,271.0,50.0,-136.0,15.0,-205.0
98.0,-18.0,-214.0,-13.0,4.0,453.0,-61.0,-125.0,40.0,-203.0
136.0,-74.0,-240.0,-13.0,-1.0,329.0,-93.0,-48.0,73.0,-170.0
133.0,-202.0,-243.0,-62.0,-70.0,177.0,68.0,20.0,80.0,-133.0
117.0,-162.0,-236.0,-48.0,-80.0,96.0,194.0,-18.0,95.0,-98.0
103.0,58.0,-231.0,-12.0,91.0,240.0,129.0,-24.0,112.0,-52.0
105.0,-30.0,-220.0,-18.0,132.0,169.0,-16.0,-142.0,132.0,-17.0
140.0,-92.0,-211.0,-76.0,71.0,118.0,-91.0,-79.0,140.0,17.0
132.0,-33.0,-158.0,-91.0,61.0,310.0,-138.0,-90.0,160.0,40.0
133.0,165.0,-152.0,-12.0,77.0,291.0,-170.0,-88.0,169.0,57.0
126.0,119.0,-110.0,38.0,-15.0,363.0,-211.0,123.0,157.0,78.0
120.0,91.0,-93.0,76.0,-114.0,377.0,-294.0,136.0,145.0,97.0
76.0,206.0,-127.0,97.0,7.0,506.0,-375.0,105.0,116.0,101.0
76.0,6.0,-80.0,58.0,131.0,631.0,-478.0,-157.0,95.0,101.0
72.0,-45.0,-79.0,11.0,41.0,679.0,-584.0,-362.0,69.0,107.0
49.0,-153.0,-91.0,19.0,-51.0,666.0,-609.0,-373.0,49.0,110.0
59.0,-96.0,-67.0,-9.0,51.0,494.0,-512.0,-288.0,24.0,121.0
32.0,-104.0,-43.0,-10.0,31.0,475.0,-367.0,-114.0,-7.0,120.0
17.0,-178.0,-55.0,29.0,-35.0,420.0,-239.0,-169.0,-20.0,118.0
-9.0,-132.0,-42.0,11.0,-72.0,358.0,-139.0,-62.0,-49.0,116.0
-24.0,-262.0,-43.0,27.0,-71.0,186.0,-127.0,-99.0,-76.0,98.0
-48.0,-153.0,-94.0,74.0,66.0,129.0,-123.0,-105.0,-93.0,70.0
-66.0,-70.0,-85.0,108.0,-9.0,154.0,16.0,125.0,-97.0,33.0
-90.0,-65.0,-116.0,47.0,17.0,12.0,124.0,201.0,-83.0,7.0
-89.0,-138.0,-93.0,-24.0,80.0,15.0,90.0,354.0,-74.0,-28.0
-67.0,-118.0,-47.0,-43.0,57.0,88.0,40.0,286.0,-65.0,-66.0
-52.0,-57.0,-70.0,-59.0,133.0,110.0,10.0,190.0,-55.0,-97.0
4.0,12.0,-48.0,-36.0,-33.0,-144.0,-30.0,44.0,-25.0,-139.0
7.0,-69.0,-64.0,-7.0,-29.0,-281.0,-102.0,-212.0,3.0,-170.0
-18.0,-215.0,-62.0,-8.0,75.0,-3.0,-222.0,-347.0,10.0,-195.0
-46.0,-146.0,-28.0,24.0,-38.0,123.0,-426.0,-452.0,9.0,-204.0
-46.0,-342.0,-15.0,44.0,14.0,38.0,-537.0,-279.0,20.0,-200.0
-39.0,-316.0,6.0,-7.0,86.0,8.0,-453.0,-225.0,37.0,-194.0
-30.0,-191.0,20.0,-1.0,54.0,66.0,-425.0,-249.0,50.0,-172.0
-5.0,-64.0,44.0,-1.0,71.0,20.0,-400.0,-173.0,71.0,-157.0
4.0,-79.0,31.0,-79.0,17.0,-35.0,-271.0,-171.0,78.0,-154.0
37.0,-82.0,62.0,-189.0,-120.0,90.0,-223.0,-20.0,86.0,-151.0
41.0,74.0,82.0,-242.0,-5.0,217.0,-250.0,33.0,95.0,-156.0
3.0,-14.0,61.0,-191.0,71.0,254.0,-193.0,107.0,98.0,-171.0
-17.0,132.0,72.0,-130.0,-56.0,223.0,-17.0,247.0,113.0,-175.0
-5.0,67.0,118.0,-144.0,-8.0,268.0,130.0,230.0,122.0,-161.0
7.0,50.0,136.0,-190.0,-25.0,257.0,162.0,116.0,130.0,-147.0
33.0,220.0,93.0,-177.0,-85.0,242.0,114.0,-40.0,128.0,-144.0
31.0,247.0,129.0,-138.0,-49.0,244.0,39.0,0.0,121.0,-121.0
55.0,260.0,98.0,-110.0,-16.0,130.0,-17.0,81.0,121.0,-93.0
72.0,280.0,92.0,-80.0,4.0,381.0,-4.0,221.0,124.0,-80.0
70.0,360.0,47.0,3.0,53.0,651.0,33.0,232.0,128.0,-55.0
70.0,123.0,29.0,30.0,135.0,680.0,74.0,79.0,117.0,-39.0
41.0,-64.0,124.0,47.0,-44.0,517.0,211.0,49.0,102.0,-26.0
59.0,-162.0,56.0,160.0,-99.0,346.0,266.0,-157.0,84.0,-26.0
31.0,-165.0,92.0,197.0,176.0,497.0,144.0,-251.0,58.0,-30.0
11.0,-96.0,70.0,132.0,-3.0,415.0,-4.0,-240.0,33.0,-34.0
-32.0,-256.0,20.0,55.0,-109.0,254.0,-109.0,-94.0,19.0,-44.0
-78.0,-275.0,64.0,12.0,164.0,241.0,45.0,232.0,6.0,-43.0
-88.0,-115.0,64.0,-14.0,-5.0,313.0,162.0,323.0,-1.0,-54.0
-111.0,100.0,74.0,-10.0,12.0,339.0,-119.0,362.0,-8.0,-52.0
-114.0,34.0,0.0,80.0,81.0,168.0,-275.0,293.0,-6.0,-59.0
-126.0,-111.0,-32.0,121.0,-157.0,85.0,-188.0,288.0,-12.0,-66.0
-118.0,-109.0,-37.0,51.0,11.0,46.0,-204.0,238.0,-24.0,-63.0
-152.0,-170.0,36.0,46.0,15.0,108.0,-236.0,97.0,-17.0,-69.0
-121.0,-3.0,13.0,73.0,-158.0,114.0,-161.0,33.0,-22.0,-68.0
-102.0,40.0,-24.0,79.0,-17.0,-27.0,-138.0,-169.0,-8.0,-73.0
-112.0,-110.0,60.0,110.0,-19.0,-231.0,-214.0,-169.0,20.0,-84.0
-116.0,-27.0,18.0,115.0,-19.0,-308.0,-176.0,-155.0,40.0,-91.0
-113.0,53.0,41.0,75.0,65.0,-141.0,-109.0,-51.0,67.0,-85.0
-100.0,-128.0,27.0,-6.0,-47.0,-126.0,-201.0,145.0,83.0,-76.0
-138.0,-118.0,-17.0,34.0,-15.0,-61.0,-302.0,92.0,113.0,-62.0
-106.0,-5.0,-37.0,96.0,63.0,93.0,-152.0,168.0,130.0,-52.0
-75.0,-203.0,-59.0,54.0,-91.0,77.0,-7.0,269.0,135.0,-28.0
-12.0,-235.0,-57.0,100.0,-20.0,160.0,-107.0,493.0,142.0,-10.0
-25.0,-269.0,-82.0,184.0,28.0,288.0,-131.0,654.0,138.0,-20.0
-40.0,-185.0,-54.0,154.0,-102.0,269.0,-37.0,497.0,136.0,-12.0
-19.0,-110.0,-50.0,70.0,81.0,167.0,55.0,334.0,136.0,-20.0
-34.0,-215.0,-39.0,79.0,-4.0,-60.0,27.0,75.0,120.0,-45.0
-15.0,-107.0,-60.0,69.0,-83.0,-111.0,-29.0,18.0,103.0,-66.0
-29.0,-94.0,-88.0,15.0,49.0,39.0,80.0,11.0,95.0,-82.0
0.0,-28.0,-96.0,-51.0,-122.0,-21.0,69.0,-1.0,82.0,-120.0
2.0,98.0,-136.0,-139.0,-15.0,-90.0,-119.0,97.0,92.0,-176.0
-24.0,287.0,-158.0,-197.0,17.0,-18.0,-172.0,90.0,95.0,-206.0
-70.0,158.0,-146.0,-275.0,-28.0,186.0,-61.0,232.0,97.0,-237.0
-72.0,-31.0,-89.0,-293.0,62.0,290.0,-10.0,243.0,107.0,-266.0
-40.0,92.0,-61.0,-273.0,-22.0,95.0,-48.0,280.0,100.0,-275.0
-40.0,-54.0,-47.0,-149.0,1.0,-35.0,36.0,332.0,95.0,-258.0
-40.0,101.0,-8.0,-4.0,86.0,-25.0,169.0,219.0,83.0,-249.0
-29.0,254.0,20.0,3.0,29.0,135.0,23.0,184.0,80.0,-231.0
-24.0,5.0,36.0,48.0,-48.0,27.0,-161.0,-22.0,77.0,-189.0
-60.0,-72.0,90.0,79.0,47.0,-333.0,-113.0,-29.0,64.0,-153.0
-65.0,131.0,116.0,22.0,-3.0,-309.0,-139.0,38.0,64.0,-123.0
-61.0,235.0,90.0,-20.0,-16.0,-54.0,-233.0,153.0,60.0,-98.0
-21.0,81.0,56.0,9.0,-54.0,116.0,-154.0,351.0,45.0,-57.0
-10.0,69.0,55.0,41.0,-199.0,-41.0,40.0,380.0,32.0,-11.0
16.0,48.0,48.0,27.0,-54.0,71.0,55.0,563.0,23.0,20.0
38.0,-85.0,51.0,9.0,-97.0,256.0,-28.0,526.0,20.0,47.0
62.0,-259.0,49.0,36.0,-112.0,-4.0,111.0,461.0,21.0,75.0
91.0,-218.0,-8.0,53.0,-78.0,-17.0,239.0,389.0,10.0,86.0
55.0,-86.0,43.0,-11.0,-220.0,-8.0,128.0,264.0,5.0,89.0
44.0,-181.0,1.0,-40.0,-51.0,40.0,138.0,334.0,15.0,109.0
-7.0,-244.0,-34.0,-32.0,11.0,66.0,376.0,256.0,12.0,130.0
-22.0,-230.0,7.0,-94.0,-98.0,152.0,503.0,317.0,15.0,138.0
-40.0,-109.0,-61.0,-124.0,25.0,430.0,486.0,432.0,21.0,145.0
-31.0,26.0,-48.0,-86.0,28.0,369.0,463.0,452.0,26.0,162.0
12.0,61.0,-30.0,-3.0,-38.0,204.0,439.0,304.0,27.0,160.0
20.0,-91.0,-38.0,131.0,24.0,28.0,378.0,149.0,28.0,160.0
-7.0,-105.0,21.0,202.0,28.0,73.0,272.0,160.0,31.0,152.0
-65.0,79.0,33.0,264.0,96.0,160.0,182.0,16.0,11.0,147.0
-87.0,57.0,61.0,262.0,116.0,100.0,133.0,73.0,-21.0,143.0
-118.0,21.0,105.0,248.0,-18.0,-14.0,69.0,90.0,-41.0,117.0
-126.0,1.0,116.0,316.0,26.0,-140.0,50.0,92.0,-50.0,99.0
-144.0,5.0,130.0,203.0,26.0,-35.0,15.0,199.0,-60.0,72.0
-140.0,-115.0,103.0,124.0,-16.0,-175.0,-213.0,72.0,-71.0,48.0
-169.0,-141.0,121.0,211.0,54.0,-246.0,-423.0,36.0,-80.0,13.0
-199.0,48.0,105.0,274.0,-42.0,-158.0,-347.0,16.0,-78.0,-26.0
-226.0,132.0,104.0,336.0,-45.0,-172.0,-150.0,118.0,-78.0,-67.0
-240.0,184.0,115.0,302.0,22.0,-56.0,-149.0,227.0,-72.0,-94.0
-248.0,92.0,57.0,217.0,-95.0,-7.0,-167.0,223.0,-62.0,-105.0
-307.0,126.0,99.0,155.0,-77.0,135.0,23.0,303.0,-77.0,-128.0
-265.0,199.0,119.0,76.0,-30.0,108.0,241.0,293.0,-66.0,-138.0
-242.0,318.0,111.0,-19.0,-108.0,-68.0,336.0,376.0,-59.0,-146.0
-195.0,273.0,99.0,-56.0,-24.0,68.0,320.0,371.0,-67.0,-137.0
-204.0,8.0,105.0,-7.0,-27.0,108.0,403.0,386.0,-73.0,-137.0
-220.0,54.0,95.0,20.0,-30.0,-31.0,555.0,428.0,-81.0,-127.0
-182.0,-45.0,49.0,77.0,38.0,112.0,604.0,354.0,-74.0,-107.0
-193.0,-46.0,71.0,134.0,-47.0,498.0,466.0,384.0,-82.0,-105.0
-162.0,-69.0,69.0,137.0,30.0,414.0,121.0,254.0,-84.0,-85.0
-171.0,-119.0,50.0,135.0,19.0,-52.0,-87.0,251.0,-75.0,-89.0
-113.0,58.0,28.0,124.0,0.0,2.0,-35.0,258.0,-71.0,-89.0
-58.0,-19.0,5.0,124.0,128.0,413.0,50.0,153.0,-66.0,-77.0
-18.0,-40.0,0.0,133.0,20.0,365.0,-123.0,136.0,-67.0,-95.0
18.0,81.0,3.0,115.0,17.0,-101.0,-568.0,57.0,-52.0,-105.0
15.0,308.0,13.0,48.0,171.0,-91.0,-781.0,232.0,-50.0,-90.0
37.0,240.0,12.0,8.0,112.0,208.0,-541.0,356.0,-60.0,-63.0
32.0,-20.0,44.0,16.0,27.0,0.0,-148.0,319.0,-45.0,-59.0
64.0,48.0,58.0,31.0,58.0,-215.0,82.0,310.0,-28.0,-52.0
76.0,112.0,14.0,100.0,26.0,18.0,151.0,323.0,5.0,-10.0
70.0,88.0,32.0,137.0,72.0,398.0,218.0,412.0,31.0,8.0
79.0,-35.0,19.0,66.0,66.0,322.0,376.0,247.0,48.0,14.0
86.0,-208.0,-15.0,-21.0,-83.0,77.0,495.0,267.0,74.0,33.0
67.0,-313.0,4.0,-98.0,43.0,202.0,499.0,419.0,85.0,59.0
9.0,-254.0,-22.0,-21.0,86.0,139.0,594.0,386.0,90.0,71.0
-24.0,-197.0,2.0,172.0,-5.0,-245.0,746.0,395.0,83.0,58.0
-23.0,-214.0,2.0,229.0,-29.0,-430.0,709.0,242.0,74.0,80.0
-31.0,-380.0,3.0,302.0,-73.0,-123.0,464.0,188.0,61.0,104.0
-63.0,-465.0,58.0,392.0,64.0,48.0,225.0,144.0,41.0,94.0
-74.0,-248.0,-2.0,417.0,20.0,-97.0,143.0,114.0,20.0,109.0
-97.0,-279.0,31.0,428.0,-62.0,-50.0,201.0,201.0,0.0,137.0
-107.0,-304.0,49.0,292.0,0.0,104.0,196.0,315.0,-28.0,149.0
-105.0,-171.0,11.0,133.0,-42.0,148.0,56.0,561.0,-51.0,160.0
-70.0,31.0,59.0,110.0,33.0,70.0,8.0,498.0,-75.0,184.0
-51.0,62.0,30.0,110.0,11.0,273.0,64.0,450.0,-107.0,213.0
-103.0,118.0,37.0,79.0,-117.0,418.0,-51.0,400.0,-129.0,226.0
-142.0,252.0,31.0,3.0,2.0,193.0,-279.0,262.0,-167.0,232.0
-173.0,25.0,25.0,-59.0,-55.0,-87.0,-202.0,293.0,-190.0,249.0
-148.0,209.0,40.0,-4.0,-178.0,-93.0,155.0,147.0,-201.0,272.0
-121.0,219.0,46.0,58.0,21.0,154.0,436.0,101.0,-217.0,267.0
-98.0,91.0,69.0,100.0,9.0,142.0,431.0,1.0,-211.0,255.0
-59.0,279.0,2.0,114.0,-89.0,53.0,183.0,-64.0,-205.0,261.0
-41.0,211.0,31.0,55.0,-34.0,-139.0,-29.0,-112.0,-199.0,233.0
-20.0,318.0,17.0,0.0,-21.0,-258.0,85.0,-223.0,-184.0,187.0
-37.0,367.0,-42.0,0.0,-22.0,-192.0,335.0,11.0,-153.0,139.0
-33.0,339.0,21.0,76.0,-7.0,-146.0,317.0,175.0,-135.0,100.0
-13.0,377.0,1.0,190.0,-26.0,-81.0,198.0,328.0,-107.0,71.0
0.0,421.0,28.0,206.0,-32.0,-161.0,123.0,351.0,-57.0,26.0
32.0,419.0,76.0,138.0,87.0,-133.0,-5.0,295.0,-30.0,3.0
60.0,334.0,72.0,135.0,76.0,-162.0,-192.0,229.0,14.0,-12.0
63.0,356.0,66.0,103.0,-4.0,-242.0,-249.0,24.0,70.0,-42.0
53.0,295.0,63.0,31.0,11.0,-164.0,-117.0,75.0,115.0,-45.0
48.0,178.0,102.0,-16.0,78.0,22.0,16.0,83.0,168.0,-54.0
38.0,15.0,60.0,-10.0,80.0,32.0,48.0,155.0,215.0,-83.0
59.0,49.0,37.0,10.0,-42.0,-201.0,0.0,171.0,248.0,-115.0
80.0,26.0,6.0,-12.0,18.0,-164.0,112.0,129.0,287.0,-126.0
137.0,-209.0,-11.0,-11.0,36.0,-127.0,403.0,280.0,317.0,-128.0
183.0,-287.0,-2.0,-31.0,15.0,-91.0,575.0,282.0,322.0,-161.0
171.0,-327.0,-37.0,-110.0,100.0,-172.0,427.0,338.0,330.0,-182.0
162.0,-360.0,-21.0,-111.0,-81.0,-117.0,221.0,360.0,318.0,-179.0
142.0,-272.0,-43.0,-13.0,-76.0,311.0,260.0,354.0,292.0,-173.0
170.0,-36.0,-51.0,118.0,144.0,258.0,488.0,260.0,298.0,-173.0
179.0,-127.0,-56.0,269.0,20.0,-8.0,760.0,72.0,296.0,-164.0
183.0,-98.0,-61.0,311.0,11.0,-160.0,847.0,35.0,295.0,-133.0
185.0,269.0,-64.0,254.0,102.0,-62.0,801.0,-110.0,302.0,-104.0
160.0,172.0,-77.0,203.0,37.0,112.0,779.0,-79.0,278.0,-75.0
148.0,66.0,-88.0,119.0,171.0,-144.0,593.0,-84.0,258.0,-27.0
96.0,183.0,-124.0,24.0,68.0,-277.0,129.0,-169.0,242.0,12.0
74.0,103.0,-143.0,-9.0,-96.0,71.0,-190.0,-7.0,204.0,31.0
45.0,-8.0,-81.0,-9.0,142.0,483.0,-64.0,92.0,176.0,37.0
24.0,89.0,-49.0,48.0,91.0,539.0,234.0,251.0,156.0,23.0
12.0,-4.0,-99.0,63.0,6.0,242.0,281.0,282.0,129.0,-6.0
-9.0,-176.0,-41.0,14.0,45.0,63.0,-16.0,362.0,101.0,-54.0
-14.0,-182.0,-40.0,43.0,-111.0,168.0,-247.0,500.0,71.0,-84.0
-26.0,-308.0,-40.0,83.0,2.0,221.0,-162.0,441.0,29.0,-108.0
1.0,-292.0,17.0,58.0,80.0,208.0,0.0,495.0,-7.0,-149.0
0.0,-201.0,-7.0,-37.0,-79.0,10.0,-95.0,495.0,-27.0,-180.0
-10.0,-97.0,-11.0,-86.0,46.0,-6.0,-268.0,561.0,-63.0,-191.0
-8.0,-97.0,2.0,-126.0,44.0,258.0,-171.0,497.0,-82.0,-191.0
-8.0,-101.0,9.0,-134.0,-110.0,75.0,2.0,271.0,-82.0,-183.0
-1.0,-99.0,0.0,-66.0,89.0,-135.0,-31.0,177.0,-86.0,-182.0
-17.0,-40.0,1.0,12.0,-13.0,-131.0,-65.0,7.0,-72.0,-169.0
0.0,190.0,-8.0,134.0,-105.0,-91.0,23.0,-9.0,-55.0,-138.0
16.0,69.0,11.0,278.0,91.0,-211.0,62.0,-36.0,-48.0,-139.0
41.0,215.0,6.0,253.0,-104.0,-435.0,117.0,-11.0,-12.0,-136.0
52.0,430.0,-43.0,41.0,-57.0,-139.0,46.0,73.0,33.0,-126.0
29.0,460.0,-53.0,-45.0,94.0,169.0,-136.0,-20.0,47.0,-120.0
28.0,364.0,-70.0,-77.0,-18.0,-206.0,-96.0,-46.0,80.0,-101.0
17.0,127.0,-24.0,-93.0,13.0,-642.0,163.0,-182.0,97.0,-90.0
15.0,327.0,-41.0,-77.0,-18.0,-420.0,361.0,-179.0,91.0,-66.0
9.0,137.0,-61.0,-105.0,17.0,-290.0,428.0,-97.0,99.0,-53.0
2.0,-21.0,-47.0,-76.0,57.0,-553.0,461.0,-151.0,93.0,-29.0
29.0,126.0,-76.0,14.0,-94.0,-578.0,383.0,-188.0,88.0,-8.0
18.0,-83.0,-13.0,110.0,-14.0,-486.0,324.0,-314.0,75.0,0.0
23.0,-45.0,-28.0,117.0,43.0,-442.0,442.0,-236.0,60.0,11.0
27.0,53.0,10.0,47.0,-59.0,-488.0,753.0,-238.0,57.0,0.0
40.0,-103.0,28.0,-24.0,-25.0,-354.0,1012.0,-229.0,55.0,-6.0
64.0,-64.0,5.0,-38.0,-130.0,-51.0,985.0,-84.0,31.0,-33.0
25.0,22.0,67.0,-64.0,0.0,-167.0,712.0,-18.0,13.0,-52.0
36.0,-113.0,1.0,-19.0,177.0,-277.0,322.0,121.0,0.0,-65.0
45.0,15.0,49.0,90.0,-117.0,-202.0,263.0,35.0,-22.0,-83.0
28.0,91.0,38.0,214.0,-39.0,-302.0,477.0,36.0,-13.0,-86.0
-5.0,-1.0,-19.0,398.0,92.0,-220.0,531.0,20.0,-8.0,-97.0
-13.0,101.0,78.0,363.0,-96.0,-64.0,345.0,-86.0,-14.0,-89.0
10.0,78.0,74.0,300.0,48.0,72.0,76.0,-46.0,-20.0,-86.0
6.0,-45.0,105.0,279.0,11.0,200.0,-102.0,-79.0,-21.0,-78.0
24.0,-89.0,128.0,170.0,-130.0,204.0,-250.0,25.0,-6.0,-53.0
27.0,17.0,77.0,129.0,136.0,164.0,-403.0,-33.0,9.0,-39.0
58.0,-94.0,81.0,117.0,71.0,-24.0,-507.0,-103.0,24.0,-28.0
52.0,-79.0,111.0,134.0,-92.0,-177.0,-448.0,-120.0,36.0,-21.0
37.0,76.0,105.0,123.0,119.0,-142.0,-284.0,-116.0,47.0,1.0
38.0,-34.0,84.0,75.0,45.0,-69.0,-216.0,73.0,66.0,32.0
44.0,14.0,125.0,68.0,-78.0,-104.0,-260.0,118.0,96.0,54.0
69.0,25.0,104.0,147.0,-6.0,-32.0,-201.0,319.0,120.0,82.0
61.0,22.0,100.0,301.0,-126.0,-45.0,49.0,332.0,129.0,97.0
95.0,8.0,105.0,360.0,-55.0,-391.0,270.0,153.0,139.0,92.0
120.0,94.0,78.0,300.0,35.0,-586.0,244.0,22.0,148.0,86.0
133.0,61.0,118.0,256.0,-79.0,-446.0,115.0,-236.0,157.0,57.0
120.0,-123.0,77.0,195.0,114.0,-223.0,169.0,-271.0,163.0,13.0
98.0,79.0,62.0,160.0,139.0,-317.0,99.0,-290.0,154.0,-38.0
78.0,188.0,45.0,237.0,-44.0,-590.0,-215.0,-190.0,132.0,-96.0
69.0,72.0,15.0,227.0,7.0,-629.0,-373.0,-123.0,97.0,-147.0
87.0,-71.0,1.0,93.0,-53.0,-565.0,-280.0,-101.0,49.0,-194.0
98.0,63.0,4.0,47.0,-46.0,-527.0,-4.0,11.0,20.0,-218.0
101.0,44.0,0.0,105.0,83.0,-630.0,342.0,-110.0,-3.0,-236.0
89.0,-187.0,-40.0,103.0,5.0,-688.0,361.0,-31.0,-40.0,-245.0
87.0,-44.0,-15.0,15.0,-79.0,-431.0,47.0,-55.0,-72.0,-249.0
65.0,33.0,-58.0,-50.0,57.0,-436.0,-22.0,-103.0,-94.0,-255.0
74.0,4.0,8.0,-95.0,38.0,-496.0,162.0,-7.0,-122.0,-250.0
66.0,84.0,38.0,-142.0,-80.0,-369.0,366.0,-103.0,-142.0,-241.0
58.0,160.0,15.0,-131.0,5.0,-299.0,486.0,-88.0,-139.0,-221.0
54.0,39.0,62.0,-79.0,19.0,-98.0,409.0,-212.0,-129.0,-204.0
53.0,105.0,32.0,-83.0,100.0,-192.0,264.0,-275.0,-115.0,-189.0
37.0,159.0,32.0,-76.0,58.0,-137.0,170.0,-299.0,-95.0,-166.0
-9.0,62.0,16.0,-45.0,15.0,69.0,120.0,-321.0,-78.0,-152.0
9.0,1.0,32.0,-80.0,160.0,61.0,14.0,-227.0,-61.0,-145.0
19.0,-61.0,17.0,-64.0,102.0,46.0,4.0,-262.0,-30.0,-130.0
4.0,105.0,8.0,5.0,85.0,-118.0,146.0,-134.0,8.0,-103.0
-26.0,-5.0,36.0,50.0,18.0,-51.0,99.0,-205.0,47.0,-79.0
-11.0,38.0,-9.0,79.0,-53.0,-138.0,-98.0,-199.0,71.0,-48.0
-7.0,240.0,-3.0,135.0,84.0,-310.0,-91.0,22.0,91.0,-11.0
-23.0,49.0,0.0,150.0,124.0,-225.0,148.0,105.0,122.0,26.0
-44.0,-51.0,-31.0,66.0,6.0,-225.0,395.0,282.0,139.0,69.0
-51.0,85.0,-2.0,19.0,-42.0,-241.0,501.0,256.0,156.0,107.0
-4.0,-22.0,26.0,-58.0,-22.0,-215.0,401.0,234.0,173.0,137.0
11.0,-264.0,37.0,-60.0,91.0,-171.0,214.0,110.0,169.0,155.0
16.0,-7.0,51.0,24.0,44.0,-265.0,104.0,-127.0,159.0,171.0
-9.0,170.0,52.0,106.0,-156.0,-266.0,13.0,-173.0,135.0,189.0
-9.0,195.0,44.0,209.0,60.0,-234.0,-34.0,-223.0,99.0,205.0
-17.0,186.0,90.0,170.0,100.0,-298.0,130.0,-57.0,68.0,222.0
-1.0,233.0,121.0,90.0,-56.0,-258.0,349.0,-12.0,16.0,235.0
0.0,308.0,94.0,18.0,15.0,-363.0,281.0,-110.0,-52.0,241.0
13.0,92.0,131.0,-94.0,-7.0,-544.0,-17.0,-162.0,-118.0,246.0
59.0,-8.0,109.0,-159.0,18.0,-498.0,-174.0,-240.0,-179.0,246.0
74.0,-208.0,61.0,-99.0,14.0,-417.0,-79.0,-136.0,-222.0,234.0
98.0,-199.0,55.0,-7.0,-47.0,-323.0,133.0,-114.0,-258.0,222.0
86.0,-145.0,52.0,27.0,-9.0,-119.0,333.0,7.0,-280.0,188.0
113.0,-213.0,38.0,138.0,20.0,-47.0,247.0,94.0,-297.0,160.0
104.0,-153.0,48.0,243.0,-55.0,-47.0,-79.0,38.0,-307.0,134.0
119.0,-168.0,24.0,190.0,-33.0,-130.0,-273.0,9.0,-303.0,88.0
111.0,61.0,-18.0,89.0,-30.0,-204.0,-297.0,-182.0,-282.0,49.0
110.0,31.0,86.0,65.0,-87.0,-90.0,-415.0,-216.0,-261.0,17.0
141.0,-116.0,1.0,81.0,44.0,79.0,-662.0,-251.0,-241.0,-3.0
156.0,-92.0,-58.0,152.0,6.0,129.0,-827.0,-282.0,-221.0,-30.0
194.0,-88.0,45.0,241.0,0.0,-42.0,-808.0,-249.0,-198.0,-65.0
182.0,-93.0,-5.0,169.0,73.0,-77.0,-622.0,-218.0,-167.0,-82.0
192.0,-373.0,-6.0,96.0,63.0,127.0,-358.0,-46.0,-151.0,-90.0
166.0,-462.0,37.0,93.0,75.0,212.0,-76.0,-60.0,-120.0,-104.0
172.0,-312.0,-20.0,20.0,-40.0,91.0,121.0,-75.0,-92.0,-108.0
169.0,-206.0,-15.0,-24.0,15.0,-135.0,166.0,-123.0,-64.0,-109.0
179.0,-144.0,43.0,-48.0,59.0,-335.0,106.0,-83.0,-14.0,-115.0
180.0,-118.0,10.0,-83.0,-102.0,-182.0,99.0,31.0,33.0,-116.0
169.0,66.0,22.0,-65.0,-43.0,77.0,345.0,-94.0,62.0,-114.0
186.0,228.0,-18.0,-80.0,47.0,50.0,660.0,-90.0,91.0,-96.0
155.0,364.0,-58.0,-140.0,-24.0,-60.0,754.0,-164.0,127.0,-89.0
170.0,359.0,-30.0,-123.0,3.0,-152.0,662.0,-266.0,135.0,-73.0
135.0,177.0,-67.0,-138.0,-41.0,-187.0,618.0,-397.0,141.0,-54.0
122.0,251.0,-84.0,-163.0,-104.0,-304.0,657.0,-546.0,137.0,-49.0
97.0,205.0,-79.0,-110.0,16.0,-409.0,670.0,-469.0,135.0,-34.0
84.0,-106.0,-55.0,-104.0,8.0,-404.0,539.0,-452.0,147.0,-21.0
109.0,-91.0,-43.0,-96.0,1.0,-395.0,157.0,-352.0,129.0,8.0
119.0,66.0,-18.0,-165.0,95.0,-450.0,-198.0,-306.0,120.0,44.0
134.0,-42.0,-27.0,-183.0,59.0,-546.0,-265.0,-182.0,102.0,82.0
114.0,5.0,-25.0,-61.0,23.0,-376.0,-351.0,60.0,88.0,139.0
126.0,60.0,7.0,41.0,51.0,-369.0,-638.0,169.0,72.0,201.0
85.0,-25.0,35.0,120.0,-38.0,-480.0,-825.0,384.0,30.0,240.0
64.0,161.0,63.0,96.0,0.0,-354.0,-788.0,376.0,0.0,274.0
55.0,143.0,10.0,95.0,71.0,-181.0,-609.0,323.0,-44.0,317.0
65.0,1.0,27.0,72.0,-147.0,-157.0,-416.0,208.0,-74.0,336.0
60.0,141.0,60.0,32.0,-47.0,-306.0,-284.0,-94.0,-94.0,350.0
39.0,233.0,10.0,1.0,200.0,-171.0,-103.0,-260.0,-114.0,373.0
68.0,26.0,23.0,-63.0,37.0,91.0,126.0,-465.0,-119.0,402.0
61.0,-15.0,45.0,-102.0,-57.0,220.0,257.0,-515.0,-125.0,403.0
41.0,14.0,6.0,-167.0,-14.0,-3.0,243.0,-572.0,-114.0,390.0
-11.0,-177.0,44.0,-143.0,-130.0,-268.0,302.0,-489.0,-104.0,382.0
-32.0,-96.0,21.0,-163.0,-101.0,-79.0,462.0,-249.0,-101.0,350.0
-54.0,-62.0,-14.0,-177.0,74.0,82.0,539.0,-116.0,-120.0,301.0
-45.0,-37.0,34.0,-181.0,-71.0,83.0,475.0,59.0,-137.0,256.0
-42.0,-17.0,1.0,-256.0,-71.0,85.0,338.0,-105.0,-137.0,236.0
-43.0,-119.0,-6.0,-242.0,170.0,113.0,275.0,-145.0,-141.0,192.0
-33.0,4.0,-2.0,-210.0,-28.0,-1.0,215.0,-62.0,-145.0,141.0
-64.0,100.0,-13.0,-59.0,-72.0,-44.0,42.0,-31.0,-148.0,116.0
-91.0,87.0,1.0,7.0,70.0,-22.0,-193.0,94.0,-134.0,59.0
-125.0,59.0,-25.0,-36.0,-85.0,-200.0,-383.0,-57.0,-120.0,5.0
-95.0,113.0,-49.0,-65.0,0.0,-307.0,-435.0,-256.0,-93.0,-23.0
-85.0,109.0,13.0,-167.0,-8.0,-171.0,-361.0,-585.0,-79.0,-44.0
-65.0,64.0,32.0,-211.0,-92.0,38.0,-264.0,-787.0,-63.0,-70.0
-81.0,1.0,20.0,-183.0,175.0,-47.0,-264.0,-812.0,-44.0,-100.0
-105.0,-50.0,2.0,-103.0,34.0,-191.0,-269.0,-776.0,-40.0,-112.0
-95.0,-30.0,33.0,-96.0,-201.0,-229.0,-191.0,-593.0,-14.0,-122.0
-95.0,-312.0,62.0,-98.0,-25.0,-79.0,-179.0,-552.0,-11.0,-138.0
-47.0,-440.0,40.0,-113.0,-37.0,219.0,-170.0,-386.0,17.0,-163.0
-53.0,-436.0,73.0,-190.0,-88.0,249.0,-37.0,-315.0,55.0,-181.0
-31.0,-511.0,31.0,-178.0,2.0,-42.0,90.0,-284.0,72.0,-198.0
-36.0,-354.0,96.0,-94.0,-18.0,-209.0,110.0,-190.0,95.0,-226.0
-64.0,-313.0,109.0,-34.0,6.0,-20.0,-23.0,-190.0,106.0,-246.0
-92.0,-363.0,54.0,-32.0,67.0,55.0,-235.0,-36.0,124.0,-245.0
-108.0,-91.0,82.0,41.0,1.0,-60.0,-338.0,-42.0,132.0,-246.0
-53.0,186.0,47.0,86.0,-63.0,-147.0,-310.0,-90.0,145.0,-255.0
-40.0,27.0,51.0,105.0,59.0,-66.0,-270.0,-151.0,146.0,-258.0
-20.0,59.0,20.0,127.0,175.0,34.0,-227.0,-293.0,144.0,-269.0
-10.0,162.0,-15.0,53.0,-45.0,79.0,-93.0,-332.0,149.0,-282.0
31.0,122.0,-43.0,-22.0,-124.0,81.0,65.0,-410.0,117.0,-306.0
77.0,62.0,-4.0,-36.0,110.0,85.0,193.0,-369.0,87.0,-324.0
86.0,-74.0,31.0,-31.0,37.0,142.0,305.0,-338.0,66.0,-314.0
102.0,144.0,-40.0,-36.0,-79.0,96.0,428.0,-192.0,56.0,-305.0
102.0,373.0,-52.0,-47.0,-7.0,4.0,610.0,1.0,31.0,-273.0
113.0,237.0,-55.0,-114.0,32.0,-106.0,694.0,-81.0,-4.0,-231.0
94.0,-67.0,-58.0,-176.0,119.0,-18.0,447.0,-101.0,-26.0,-181.0
96.0,48.0,-17.0,-194.0,40.0,31.0,-14.0,-223.0,-71.0,-122.0
126.0,57.0,-5.0,-130.0,-146.0,23.0,-338.0,-243.0,-111.0,-89.0
130.0,-100.0,-28.0,-26.0,-21.0,67.0,-429.0,-195.0,-157.0,-35.0
126.0,-25.0,-9.0,12.0,89.0,-28.0,-404.0,-273.0,-209.0,20.0
112.0,-184.0,-29.0,17.0,-90.0,-30.0,-450.0,-280.0,-232.0,52.0
104.0,-162.0,25.0,-23.0,-62.0,-62.0,-603.0,-508.0,-228.0,95.0
79.0,-213.0,90.0,-131.0,33.0,-131.0,-657.0,-624.0,-201.0,141.0
54.0,-150.0,-26.0,-173.0,-14.0,-296.0,-534.0,-631.0,-192.0,191.0
29.0,-215.0,22.0,-199.0,19.0,-365.0,-332.0,-439.0,-176.0,227.0
-5.0,-369.0,86.0,-258.0,-19.0,-195.0,-221.0,-116.0,-137.0,258.0
-15.0,-106.0,0.0,-224.0,-59.0,-239.0,-232.0,-55.0,-99.0,283.0
-14.0,-233.0,-8.0,-224.0,7.0,-304.0,-321.0,12.0,-80.0,287.0
1.0,-229.0,17.0,-164.0,-19.0,-300.0,-424.0,-105.0,-59.0,292.0
12.0,-29.0,23.0,-95.0,-192.0,-276.0,-428.0,-101.0,-17.0,280.0
11.0,143.0,-23.0,-85.0,-99.0,-228.0,-323.0,-84.0,5.0,258.0
12.0,-12.0,-73.0,-3.0,62.0,-198.0,-136.0,-214.0,23.0,220.0
12.0,-157.0,-38.0,53.0,-19.0,-192.0,58.0,-140.0,48.0,189.0
14.0,357.0,-80.0,99.0,-14.0,-205.0,97.0,-120.0,51.0,168.0
7.0,277.0,-117.0,93.0,-118.0,-77.0,-81.0,-29.0,68.0,122.0
14.0,168.0,-36.0,80.0,-128.0,-96.0,-218.0,-181.0,112.0,79.0
18.0,399.0,-69.0,113.0,-15.0,-122.0,-142.0,-417.0,140.0,49.0
32.0,206.0,-42.0,129.0,-122.0,-116.0,-71.0,-430.0,148.0,23.0
34.0,120.0,9.0,126.0,-48.0,29.0,-237.0,-509.0,128.0,-10.0
35.0,92.0,-63.0,89.0,108.0,296.0,-515.0,-487.0,95.0,-49.0
40.0,-12.0,-19.0,-34.0,81.0,201.0,-660.0,-533.0,74.0,-71.0
15.0,61.0,30.0,-159.0,-1.0,156.0,-644.0,-493.0,46.0,-91.0
15.0,19.0,8.0,-151.0,-12.0,224.0,-534.0,-434.0,9.0,-129.0
28.0,-131.0,49.0,-159.0,41.0,304.0,-472.0,-345.0,-45.0,-157.0
47.0,-89.0,27.0,-168.0,18.0,190.0,-359.0,-173.0,-113.0,-174.0
32.0,-41.0,33.0,-107.0,-10.0,150.0,-61.0,-266.0,-165.0,-191.0
27.0,158.0,105.0,-74.0,-14.0,331.0,257.0,-168.0,-202.0,-184.0
25.0,249.0,51.0,-71.0,-24.0,188.0,469.0,-127.0,-225.0,-158.0
4.0,114.0,31.0,-111.0,103.0,60.0,526.0,-151.0,-245.0,-115.0
3.0,79.0,45.0,-153.0,142.0,83.0,469.0,-145.0,-270.0,-77.0
-6.0,145.0,29.0,-152.0,-56.0,241.0,332.0,-308.0,-282.0,-44.0
1.0,232.0,42.0,-169.0,-37.0,383.0,130.0,-291.0,-285.0,24.0
33.0,55.0,66.0,-119.0,12.0,234.0,-49.0,-299.0,-286.0,73.0
65.0,126.0,29.0,-59.0,-60.0,38.0,-50.0,-260.0,-275.0,86.0
51.0,150.0,61.0,-86.0,69.0,142.0,-2.0,-271.0,-271.0,118.0
21.0,5.0,66.0,-83.0,38.0,175.0,-305.0,-188.0,-252.0,150.0
-4.0,75.0,21.0,-80.0,-26.0,44.0,-913.0,-77.0,-220.0,165.0
7.0,-5.0,63.0,-81.0,127.0,-4.0,-1425.0,-267.0,-195.0,160.0
15.0,-55.0,0.0,-108.0,40.0,-54.0,-1463.0,-297.0,-168.0,159.0
-4.0,-285.0,58.0,-115.0,-61.0,-32.0,-1008.0,-371.0,-138.0,166.0
-34.0,-310.0,87.0,-72.0,53.0,-180.0,-526.0,-393.0,-92.0,137.0
-47.0,-259.0,5.0,-49.0,43.0,-153.0,-380.0,-404.0,-53.0,121.0
-13.0,-288.0,41.0,-12.0,19.0,-52.0,-411.0,-478.0,-37.0,131.0
-29.0,-27.0,19.0,0.0,78.0,34.0,-341.0,-426.0,-15.0,119.0
-67.0,27.0,-85.0,-10.0,35.0,151.0,-154.0,-445.0,13.0,104.0
-89.0,188.0,-134.0,-3.0,47.0,151.0,74.0,-301.0,37.0,97.0
-64.0,173.0,-89.0,3.0,53.0,280.0,297.0,-275.0,75.0,82.0
-91.0,28.0,-136.0,-29.0,-83.0,245.0,414.0,-243.0,113.0,62.0
-150.0,8.0,-95.0,-43.0,-13.0,252.0,323.0,-127.0,137.0,39.0
-149.0,-145.0,-21.0,-21.0,50.0,147.0,130.0,-158.0,142.0,27.0
-139.0,-66.0,-58.0,-24.0,-118.0,188.0,64.0,1.0,153.0,4.0
-135.0,25.0,-21.0,-41.0,-120.0,380.0,202.0,51.0,174.0,-22.0
-185.0,-114.0,-20.0,-73.0,12.0,391.0,402.0,49.0,159.0,-37.0
-220.0,-205.0,-24.0,-143.0,43.0,511.0,409.0,18.0,140.0,-51.0
-231.0,52.0,0.0,-190.0,11.0,444.0,130.0,-109.0,129.0,-56.0
-239.0,175.0,-12.0,-151.0,-29.0,430.0,-246.0,-157.0,131.0,-71.0
-235.0,141.0,0.0,-163.0,-76.0,417.0,-487.0,-286.0,130.0,-79.0
-221.0,312.0,-31.0,-185.0,53.0,407.0,-499.0,-317.0,105.0,-70.0
-218.0,403.0,-44.0,-169.0,85.0,402.0,-398.0,-445.0,71.0,-71.0
-225.0,408.0,28.0,-262.0,-70.0,317.0,-325.0,-458.0,33.0,-64.0
-218.0,433.0,-53.0,-336.0,13.0,296.0,-353.0,-243.0,9.0,-35.0
-198.0,291.0,-44.0,-307.0,76.0,259.0,-527.0,-173.0,-10.0,-15.0
-182.0,82.0,17.0,-303.0,-6.0,234.0,-699.0,-11.0,-26.0,-7.0
-176.0,231.0,-78.0,-315.0,-71.0,4.0,-772.0,-12.0,-74.0,36.0
-175.0,-59.0,2.0,-311.0,6.0,-91.0,-729.0,0.0,-113.0,108.0
-150.0,-346.0,0.0,-262.0,96.0,-4.0,-607.0,-12.0,-131.0,144.0
-84.0,-65.0,-19.0,-218.0,61.0,-60.0,-413.0,-203.0,-149.0,172.0
-58.0,-219.0,2.0,-218.0,31.0,-52.0,-172.0,-338.0,-141.0,234.0
-52.0,-356.0,-68.0,-173.0,-71.0,-80.0,-96.0,-539.0,-147.0,296.0
-90.0,-297.0,-52.0,-179.0,22.0,-215.0,-169.0,-506.0,-147.0,340.0
-107.0,-240.0,-76.0,-212.0,50.0,-109.0,-187.0,-598.0,-140.0,371.0
-82.0,-269.0,-69.0,-159.0,-137.0,107.0,51.0,-657.0,-117.0,392.0
-51.0,-278.0,-58.0,-74.0,-44.0,93.0,451.0,-509.0,-96.0,404.0
0.0,-141.0,-71.0,-27.0,83.0,7.0,718.0,-497.0,-101.0,378.0
37.0,-184.0,-70.0,-6.0,103.0,60.0,805.0,-338.0,-100.0,351.0
74.0,-19.0,-64.0,-47.0,63.0,299.0,768.0,-275.0,-109.0,340.0
59.0,169.0,-54.0,-123.0,-6.0,275.0,612.0,-134.0,-90.0,309.0
49.0,206.0,-94.0,-178.0,-2.0,-79.0,306.0,1.0,-54.0,277.0
31.0,429.0,-88.0,-278.0,-3.0,-80.0,28.0,64.0,-40.0,250.0
21.0,544.0,-122.0,-307.0,-83.0,100.0,-77.0,112.0,-20.0,228.0
24.0,326.0,-147.0,-262.0,-135.0,85.0,-113.0,11.0,9.0,184.0
8.0,209.0,-112.0,-96.0,28.0,-12.0,-261.0,116.0,20.0,140.0
17.0,320.0,-153.0,122.0,63.0,0.0,-570.0,11.0,27.0,131.0
0.0,229.0,-163.0,221.0,-29.0,112.0,-785.0,-125.0,35.0,112.0
0.0,-11.0,-116.0,242.0,-36.0,6.0,-624.0,-81.0,17.0,77.0
-6.0,42.0,-123.0,152.0,13.0,-14.0,-180.0,-84.0,10.0,51.0
-20.0,242.0,-164.0,62.0,70.0,123.0,179.0,16.0,-1.0,36.0
0.0,10.0,-165.0,51.0,-62.0,74.0,262.0,-81.0,-28.0,18.0
5.0,73.0,-150.0,65.0,-165.0,-61.0,64.0,-219.0,-42.0,-5.0
-1.0,275.0,-166.0,20.0,-48.0,-34.0,-199.0,-354.0,-57.0,-28.0
-15.0,-37.0,-126.0,-20.0,96.0,59.0,-288.0,-500.0,-54.0,-37.0
-25.0,19.0,-102.0,-24.0,29.0,-28.0,-213.0,-580.0,-52.0,-44.0
-8.0,32.0,-106.0,-66.0,-27.0,8.0,-61.0,-583.0,-50.0,-62.0
19.0,-11.0,-80.0,-124.0,-22.0,116.0,17.0,-349.0,-58.0,-57.0
35.0,134.0,-36.0,-158.0,0.0,210.0,-89.0,-267.0,-66.0,-49.0
37.0,-82.0,-23.0,-143.0,33.0,246.0,-371.0,-192.0,-76.0,-41.0
25.0,-199.0,-117.0,-146.0,-31.0,175.0,-599.0,-118.0,-69.0,-13.0
33.0,-142.0,-91.0,-152.0,18.0,151.0,-557.0,-103.0,-29.0,30.0
34.0,-217.0,-41.0,-143.0,113.0,91.0,-309.0,27.0,-18.0,72.0
39.0,-338.0,-43.0,-111.0,149.0,179.0,-70.0,-11.0,-1.0,94.0
59.0,-298.0,-18.0,-89.0,15.0,87.0,19.0,12.0,40.0,136.0
52.0,-322.0,-95.0,-96.0,-37.0,-91.0,-30.0,-49.0,70.0,183.0
61.0,-395.0,-68.0,-85.0,42.0,-45.0,-183.0,-155.0,103.0,192.0
49.0,-396.0,-74.0,-83.0,93.0,-4.0,-347.0,-210.0,122.0,212.0
14.0,-575.0,-124.0,-89.0,8.0,9.0,-403.0,-334.0,141.0,238.0
-19.0,-616.0,-51.0,-128.0,-102.0,-190.0,-302.0,-304.0,179.0,239.0
-28.0,-477.0,-75.0,-119.0,72.0,-347.0,-90.0,-339.0,195.0,219.0
0.0,-254.0,-63.0,-66.0,60.0,-297.0,156.0,-256.0,181.0,207.0
7.0,-188.0,-26.0,-76.0,4.0,-127.0,316.0,-96.0,182.0,195.0
9.0,-160.0,-87.0,-66.0,-88.0,13.0,412.0,94.0,179.0,153.0
19.0,285.0,-84.0,-63.0,-132.0,54.0,614.0,247.0,163.0,122.0
28.0,468.0,-62.0,-117.0,55.0,152.0,875.0,153.0,172.0,89.0
17.0,332.0,-21.0,-157.0,-2.0,61.0,1040.0,92.0,175.0,50.0
31.0,374.0,0.0,-216.0,-101.0,-24.0,1027.0,-103.0,135.0,13.0
49.0,457.0,-37.0,-290.0,11.0,2.0,880.0,-162.0,102.0,2.0
39.0,498.0,-12.0,-301.0,84.0,-54.0,635.0,-157.0,103.0,0.0
17.0,645.0,-5.0,-245.0,-13.0,-71.0,387.0,-290.0,105.0,-12.0
-17.0,535.0,0.0,-201.0,-15.0,-27.0,197.0,-264.0,104.0,-2.0
-21.0,192.0,24.0,-114.0,-61.0,152.0,22.0,-321.0,97.0,-11.0
-39.0,345.0,-13.0,42.0,57.0,200.0,-102.0,-315.0,72.0,-6.0
-39.0,295.0,-35.0,93.0,156.0,35.0,-188.0,-369.0,55.0,9.0
-33.0,29.0,-44.0,10.0,-56.0,53.0,-335.0,-373.0,51.0,16.0
-21.0,75.0,-94.0,-50.0,-55.0,189.0,-534.0,-195.0,23.0,41.0
-4.0,-25.0,-76.0,-46.0,11.0,253.0,-602.0,-205.0,3.0,73.0
-46.0,-178.0,-24.0,-84.0,139.0,197.0,-473.0,-51.0,18.0,101.0
-69.0,-172.0,-62.0,-96.0,83.0,241.0,-236.0,86.0,18.0,121.0
-75.0,-43.0,-53.0,-28.0,-147.0,367.0,-129.0,214.0,12.0,135.0
-90.0,-143.0,-61.0,65.0,-51.0,450.0,-311.0,266.0,-6.0,137.0
-136.0,-363.0,-80.0,122.0,22.0,546.0,-638.0,96.0,-27.0,133.0
-151.0,-404.0,-26.0,124.0,-67.0,368.0,-895.0,83.0,-29.0,122.0
-135.0,-394.0,-95.0,131.0,-70.0,242.0,-955.0,-20.0,-34.0,106.0
-114.0,-476.0,-93.0,67.0,-16.0,246.0,-875.0,9.0,-29.0,88.0
-94.0,-487.0,-19.0,-30.0,88.0,76.0,-715.0,-35.0,-20.0,65.0
-85.0,-533.0,-79.0,-78.0,76.0,29.0,-511.0,-149.0,-26.0,45.0
-60.0,-547.0,-55.0,-150.0,-91.0,81.0,-356.0,-96.0,-28.0,24.0
-69.0,-329.0,-17.0,-176.0,-57.0,127.0,-358.0,-123.0,-17.0,-6.0
-74.0,-344.0,-46.0,-118.0,94.0,222.0,-381.0,40.0,0.0,-26.0
-101.0,-95.0,-3.0,-93.0,139.0,277.0,-102.0,81.0,21.0,-23.0
-104.0,255.0,-5.0,-83.0,106.0,184.0,441.0,197.0,32.0,-24.0
-80.0,416.0,-26.0,-92.0,77.0,3.0,868.0,321.0,37.0,-27.0
-62.0,517.0,-40.0,-117.0,119.0,-55.0,905.0,262.0,41.0,-19.0
-69.0,427.0,-21.0,-87.0,200.0,-49.0,732.0,290.0,59.0,9.0
-104.0,516.0,-29.0,-45.0,119.0,-88.0,612.0,129.0,74.0,37.0
-116.0,561.0,-37.0,-17.0,18.0,-177.0,553.0,68.0,52.0,56.0
-127.0,688.0,9.0,-30.0,54.0,-179.0,459.0,-68.0,38.0,73.0
-129.0,551.0,-55.0,-39.0,44.0,24.0,248.0,-205.0,32.0,84.0
-152.0,231.0,-54.0,-3.0,57.0,24.0,2.0,-164.0,20.0,100.0
-158.0,421.0,-48.0,8.0,-28.0,-96.0,-185.0,-125.0,6.0,85.0
-155.0,394.0,-72.0,-3.0,-43.0,-36.0,-312.0,90.0,-7.0,59.0
-140.0,-15.0,-49.0,-18.0,80.0,-20.0,-336.0,138.0,-32.0,54.0
-150.0,-148.0,-41.0,-40.0,-53.0,-95.0,-305.0,97.0,-59.0,45.0
-165.0,-102.0,-44.0,-102.0,-112.0,-123.0,-160.0,51.0,-61.0,52.0
-144.0,-443.0,-52.0,-109.0,-12.0,-58.0,82.0,25.0,-74.0,62.0
-136.0,-580.0,-23.0,-82.0,-46.0,-128.0,146.0,64.0,-83.0,63.0
-126.0,-204.0,-86.0,-34.0,-13.0,-320.0,42.0,-59.0,-91.0,62.0
-139.0,-201.0,-95.0,96.0,-26.0,-318.0,-49.0,-1.0,-94.0,78.0
-134.0,-404.0,-83.0,98.0,-75.0,-54.0,-33.0,158.0,-73.0,93.0
-120.0,-239.0,-161.0,65.0,65.0,67.0,-22.0,362.0,-66.0,83.0
-94.0,-285.0,-170.0,34.0,72.0,36.0,-129.0,480.0,-61.0,82.0
-81.0,-524.0,-146.0,-41.0,-65.0,175.0,-215.0,402.0,-64.0,70.0
-72.0,-401.0,-164.0,-55.0,-27.0,302.0,-237.0,436.0,-51.0,56.0
-81.0,-487.0,-206.0,-83.0,59.0,339.0,-244.0,356.0,-34.0,43.0
-73.0,-415.0,-201.0,-68.0,0.0,363.0,-354.0,279.0,-38.0,35.0
-29.0,-53.0,-193.0,-65.0,-35.0,354.0,-469.0,94.0,-33.0,41.0
-13.0,46.0,-245.0,-56.0,-32.0,287.0,-406.0,-166.0,-32.0,55.0
-1.0,270.0,-244.0,24.0,-38.0,357.0,-252.0,-266.0,-13.0,72.0
-21.0,280.0,-214.0,63.0,-59.0,468.0,-183.0,-284.0,7.0,84.0
0.0,128.0,-240.0,83.0,-145.0,438.0,-308.0,-64.0,20.0,108.0
30.0,-49.0,-251.0,75.0,-78.0,344.0,-443.0,55.0,33.0,122.0
24.0,-144.0,-261.0,70.0,-35.0,134.0,-482.0,249.0,27.0,137.0
28.0,-116.0,-239.0,56.0,-57.0,20.0,-598.0,339.0,47.0,157.0
45.0,-350.0,-218.0,72.0,-2.0,161.0,-809.0,210.0,86.0,168.0
46.0,-341.0,-206.0,127.0,-34.0,419.0,-903.0,264.0,126.0,166.0
27.0,-413.0,-195.0,148.0,-23.0,425.0,-724.0,208.0,162.0,166.0
24.0,-399.0,-130.0,99.0,14.0,279.0,-406.0,291.0,182.0,174.0
49.0,-179.0,-130.0,-27.0,-18.0,231.0,-255.0,234.0,183.0,170.0
62.0,-225.0,-151.0,-117.0,-61.0,195.0,-299.0,88.0,171.0,171.0
35.0,-55.0,-44.0,-180.0,-9.0,239.0,-257.0,136.0,176.0,168.0
30.0,161.0,-116.0,-187.0,101.0,173.0,35.0,140.0,183.0,180.0
10.0,292.0,-57.0,-148.0,39.0,92.0,390.0,206.0,191.0,168.0
-13.0,430.0,-32.0,-113.0,-50.0,89.0,393.0,-9.0,167.0,144.0
-26.0,575.0,-145.0,-100.0,-14.0,186.0,116.0,-68.0,129.0,121.0
-11.0,590.0,-24.0,-78.0,-24.0,274.0,-14.0,24.0,112.0,49.0
13.0,549.0,-30.0,-48.0,-57.0,8.0,51.0,42.0,78.0,-20.0
31.0,436.0,-50.0,-87.0,-21.0,-137.0,165.0,195.0,41.0,-88.0
35.0,112.0,12.0,-72.0,64.0,-110.0,239.0,245.0,14.0,-137.0
21.0,20.0,-1.0,-38.0,132.0,7.0,289.0,439.0,-17.0,-170.0
24.0,-12.0,33.0,-66.0,163.0,89.0,354.0,412.0,-56.0,-185.0
13.0,-131.0,52.0,-107.0,100.0,-36.0,409.0,275.0,-90.0,-166.0
20.0,-265.0,40.0,-72.0,11.0,-7.0,364.0,352.0,-122.0,-148.0
45.0,-457.0,93.0,-62.0,31.0,3.0,227.0,432.0,-143.0,-123.0
91.0,-566.0,85.0,-55.0,25.0,-42.0,157.0,587.0,-155.0,-92.0
102.0,-671.0,43.0,6.0,-12.0,-179.0,112.0,434.0,-171.0,-67.0
82.0,-798.0,50.0,-39.0,-65.0,-243.0,-104.0,327.0,-197.0,-53.0
53.0,-711.0,19.0,-36.0,0.0,-183.0,-367.0,321.0,-235.0,-42.0
38.0,-386.0,15.0,40.0,109.0,-253.0,-398.0,171.0,-242.0,-18.0
44.0,-387.0,42.0,23.0,30.0,-171.0,-302.0,66.0,-241.0,5.0
58.0,-449.0,-13.0,-79.0,-32.0,-47.0,-369.0,-83.0,-247.0,23.0
86.0,-168.0,-32.0,-79.0,-46.0,-58.0,-633.0,36.0,-259.0,43.0
69.0,-286.0,-12.0,-6.0,21.0,-214.0,-825.0,112.0,-257.0,54.0
63.0,-129.0,-55.0,26.0,18.0,-222.0,-760.0,147.0,-229.0,60.0
40.0,456.0,-62.0,84.0,-147.0,-116.0,-564.0,171.0,-206.0,38.0
29.0,519.0,-54.0,103.0,-57.0,-294.0,-448.0,107.0,-191.0,17.0
38.0,632.0,-133.0,121.0,116.0,-482.0,-505.0,256.0,-187.0,4.0
38.0,1188.0,-158.0,97.0,54.0,-488.0,-565.0,188.0,-161.0,-32.0
29.0,1620.0,-140.0,34.0,-5.0,-360.0,-451.0,160.0,-105.0,-56.0
-1.0,1422.0,-154.0,-1.0,-26.0,-301.0,-221.0,203.0,-70.0,-70.0
-42.0,1190.0,-138.0,2.0,13.0,-289.0,-20.0,229.0,-41.0,-76.0
-87.0,997.0,-192.0,34.0,70.0,-150.0,34.0,301.0,-29.0,-97.0
-107.0,531.0,-164.0,68.0,-90.0,-169.0,-87.0,214.0,-28.0,-128.0
-130.0,101.0,-131.0,127.0,-122.0,-210.0,-164.0,234.0,-11.0,-146.0
-120.0,-48.0,-176.0,90.0,107.0,28.0,-11.0,158.0,7.0,-168.0
-134.0,-246.0,-145.0,47.0,180.0,233.0,341.0,145.0,8.0,-196.0
-142.0,-592.0,-128.0,74.0,-49.0,171.0,793.0,136.0,7.0,-215.0
-128.0,-709.0,-101.0,72.0,-101.0,58.0,997.0,79.0,12.0,-212.0
-111.0,-992.0,-57.0,100.0,40.0,285.0,779.0,253.0,-6.0,-214.0
-90.0,-1003.0,-48.0,134.0,-25.0,454.0,396.0,286.0,-42.0,-223.0
-116.0,-1104.0,-18.0,104.0,-16.0,230.0,188.0,247.0,-74.0,-215.0
-134.0,-1297.0,31.0,53.0,-41.0,177.0,268.0,221.0,-92.0,-186.0
-148.0,-1039.0,20.0,52.0,10.0,275.0,402.0,391.0,-108.0,-171.0
-117.0,-1053.0,-1.0,55.0,141.0,282.0,300.0,596.0,-119.0,-147.0
-67.0,-941.0,-19.0,86.0,94.0,166.0,-42.0,565.0,-121.0,-98.0
-18.0,-551.0,-28.0,127.0,-20.0,93.0,-388.0,561.0,-111.0,-64.0
8.0,-114.0,-26.0,62.0,-111.0,196.0,-650.0,391.0,-79.0,-32.0
27.0,-85.0,-8.0,14.0,55.0,181.0,-769.0,332.0,-54.0,3.0
34.0,66.0,1.0,-33.0,24.0,29.0,-751.0,188.0,-20.0,46.0
21.0,649.0,38.0,-114.0,-83.0,-223.0,-698.0,-97.0,2.0,87.0
23.0,727.0,48.0,-216.0,51.0,-340.0,-623.0,-88.0,10.0,113.0
17.0,1088.0,-20.0,-344.0,128.0,-287.0,-606.0,-133.0,37.0,149.0
0.0,1472.0,31.0,-370.0,51.0,-413.0,-577.0,-51.0,40.0,180.0
1.0,1339.0,22.0,-318.0,-63.0,-412.0,-450.0,-62.0,59.0,182.0
41.0,1277.0,38.0,-279.0,-19.0,-257.0,-280.0,-42.0,76.0,178.0
43.0,1278.0,130.0,-249.0,-44.0,-106.0,-71.0,206.0,58.0,161.0
50.0,1136.0,81.0,-143.0,31.0,-50.0,183.0,358.0,58.0,121.0
23.0,741.0,90.0,17.0,8.0,-271.0,426.0,572.0,50.0,74.0
8.0,360.0,123.0,32.0,-136.0,-277.0,585.0,491.0,33.0,31.0
-5.0,136.0,27.0,-28.0,29.0,-10.0,704.0,430.0,20.0,-7.0
-31.0,31.0,50.0,-17.0,38.0,164.0,857.0,382.0,1.0,-60.0
-45.0,-277.0,107.0,-72.0,-74.0,151.0,1057.0,155.0,-20.0,-113.0
-78.0,-476.0,20.0,-154.0,-57.0,25.0,1126.0,60.0,-29.0,-135.0
-41.0,-573.0,76.0,-116.0,-25.0,2.0,946.0,-27.0,-44.0,-149.0
-42.0,-819.0,103.0,14.0,-69.0,-23.0,631.0,123.0,-64.0,-178.0
-22.0,-1030.0,80.0,149.0,-79.0,44.0,398.0,121.0,-66.0,-200.0
-34.0,-1259.0,62.0,162.0,2.0,85.0,300.0,103.0,-60.0,-203.0
-47.0,-1202.0,9.0,121.0,26.0,2.0,205.0,214.0,-46.0,-202.0
-43.0,-1212.0,26.0,189.0,56.0,85.0,79.0,103.0,-25.0,-204.0
-47.0,-889.0,10.0,223.0,-10.0,-2.0,-141.0,7.0,2.0,-189.0
-8.0,-596.0,31.0,221.0,-58.0,-45.0,-474.0,-175.0,16.0,-160.0
-21.0,-684.0,5.0,312.0,-29.0,40.0,-786.0,-112.0,46.0,-144.0
-12.0,-266.0,-46.0,315.0,-17.0,33.0,-934.0,166.0,91.0,-122.0
-32.0,76.0,-77.0,176.0,44.0,54.0,-955.0,436.0,131.0,-72.0
-16.0,262.0,-107.0,51.0,21.0,-94.0,-922.0,659.0,168.0,-27.0
-43.0,505.0,-127.0,111.0,22.0,-186.0,-888.0,583.0,178.0,-11.0
-53.0,945.0,-182.0,222.0,70.0,-122.0,-836.0,484.0,196.0,16.0
-37.0,1149.0,-193.0,173.0,-30.0,81.0,-723.0,256.0,221.0,37.0
-44.0,959.0,-209.0,159.0,-50.0,121.0,-623.0,59.0,237.0,31.0
-14.0,1135.0,-174.0,223.0,-4.0,-41.0,-473.0,-3.0,242.0,14.0
-37.0,1275.0,-162.0,210.0,-40.0,-66.0,-253.0,-44.0,244.0,15.0
-34.0,952.0,-173.0,159.0,8.0,-31.0,90.0,109.0,225.0,11.0
-68.0,670.0,-145.0,101.0,8.0,78.0,545.0,118.0,219.0,-25.0
-64.0,579.0,-169.0,11.0,-61.0,-35.0,883.0,162.0,225.0,-43.0
-92.0,295.0,-152.0,-31.0,-16.0,-118.0,983.0,238.0,189.0,-57.0
-102.0,18.0,-141.0,-86.0,28.0,33.0,942.0,280.0,170.0,-88.0
-100.0,-273.0,-140.0,-136.0,-73.0,50.0,924.0,363.0,141.0,-121.0
-91.0,-409.0,-128.0,-162.0,9.0,-9.0,998.0,271.0,110.0,-133.0
-40.0,-564.0,-65.0,-150.0,104.0,-92.0,1171.0,262.0,84.0,-145.0
-43.0,-603.0,-50.0,-48.0,-47.0,-54.0,1284.0,201.0,50.0,-164.0
-29.0,-353.0,-71.0,5.0,-5.0,10.0,1279.0,136.0,40.0,-159.0
-72.0,-467.0,-44.0,100.0,47.0,-100.0,1255.0,-31.0,20.0,-142.0
-88.0,-413.0,-98.0,140.0,10.0,-55.0,1160.0,-157.0,22.0,-139.0
-114.0,-233.0,-25.0,170.0,21.0,57.0,863.0,11.0,24.0,-175.0
-73.0,23.0,28.0,258.0,21.0,15.0,565.0,57.0,3.0,-190.0
-26.0,-101.0,11.0,230.0,17.0,35.0,466.0,258.0,-15.0,-204.0
-13.0,-152.0,53.0,256.0,-5.0,12.0,414.0,325.0,-27.0,-245.0
8.0,215.0,43.0,256.0,-15.0,55.0,192.0,240.0,-20.0,-269.0
-22.0,-38.0,63.0,252.0,56.0,191.0,-248.0,138.0,-23.0,-299.0
-5.0,228.0,113.0,223.0,98.0,146.0,-606.0,-155.0,-58.0,-337.0
-14.0,534.0,120.0,117.0,55.0,34.0,-777.0,-238.0,-75.0,-379.0
-3.0,573.0,71.0,139.0,110.0,21.0,-815.0,-343.0,-76.0,-419.0
-11.0,808.0,76.0,91.0,87.0,16.0,-772.0,-317.0,-92.0,-425.0
0.0,684.0,58.0,-44.0,28.0,98.0,-721.0,-206.0,-99.0,-426.0
8.0,694.0,47.0,-50.0,59.0,196.0,-571.0,-60.0,-97.0,-418.0
22.0,542.0,33.0,-3.0,46.0,-13.0,-269.0,182.0,-101.0,-362.0
47.0,188.0,-74.0,-9.0,43.0,-162.0,78.0,218.0,-89.0,-311.0
56.0,-5.0,-71.0,-13.0,21.0,-213.0,362.0,352.0,-61.0,-260.0
69.0,-132.0,-68.0,29.0,-54.0,-131.0,665.0,238.0,-49.0,-213.0
52.0,-354.0,-62.0,124.0,69.0,60.0,852.0,81.0,-48.0,-174.0
60.0,-604.0,1.0,193.0,19.0,-68.0,765.0,155.0,-26.0,-105.0
38.0,-618.0,-7.0,269.0,-174.0,-151.0,489.0,121.0,-8.0,-66.0
43.0,-526.0,-8.0,363.0,-13.0,-165.0,293.0,271.0,10.0,-24.0
19.0,-426.0,6.0,343.0,-102.0,-77.0,310.0,321.0,6.0,7.0
29.0,-451.0,0.0,180.0,-177.0,-81.0,333.0,328.0,-3.0,4.0
39.0,-421.0,-3.0,-23.0,-51.0,-233.0,211.0,260.0,11.0,-2.0
-2.0,-303.0,-9.0,-134.0,-112.0,18.0,-42.0,36.0,4.0,-48.0
-31.0,-168.0,9.0,-115.0,-49.0,110.0,-151.0,-103.0,3.0,-89.0
-77.0,-152.0,65.0,-46.0,74.0,33.0,-54.0,-284.0,-3.0,-136.0
-89.0,-282.0,68.0,-115.0,5.0,68.0,151.0,-271.0,-8.0,-188.0
-101.0,-247.0,58.0,-178.0,-56.0,-35.0,443.0,-330.0,-2.0,-211.0
-102.0,-338.0,78.0,-127.0,5.0,32.0,642.0,-277.0,-11.0,-234.0
-142.0,-299.0,63.0,-57.0,64.0,58.0,730.0,3.0,-25.0,-250.0
-186.0,-267.0,22.0,11.0,180.0,-68.0,743.0,219.0,-44.0,-269.0
-212.0,-239.0,0.0,17.0,36.0,-101.0,623.0,456.0,-59.0,-289.0
-232.0,4.0,51.0,3.0,64.0,-164.0,435.0,417.0,-90.0,-299.0
-253.0,80.0,-1.0,0.0,246.0,-210.0,407.0,384.0,-95.0,-306.0
-254.0,157.0,-44.0,42.0,11.0,-266.0,637.0,210.0,-74.0,-288.0
-234.0,261.0,1.0,56.0,84.0,-336.0,919.0,-68.0,-53.0,-257.0
-215.0,491.0,-43.0,107.0,183.0,-247.0,932.0,-243.0,-47.0,-233.0
-193.0,523.0,-67.0,231.0,76.0,-103.0,688.0,-498.0,-69.0,-211.0
-189.0,503.0,-86.0,266.0,126.0,-75.0,507.0,-465.0,-60.0,-195.0
-156.0,587.0,-112.0,211.0,-7.0,-78.0,515.0,-362.0,-28.0,-181.0
-124.0,535.0,-90.0,176.0,-75.0,-212.0,598.0,-101.0,-4.0,-160.0
-96.0,247.0,-43.0,185.0,44.0,-288.0,594.0,199.0,19.0,-141.0
-90.0,35.0,-37.0,167.0,-103.0,-189.0,391.0,415.0,52.0,-128.0
-63.0,147.0,-4.0,181.0,-127.0,-265.0,96.0,594.0,79.0,-118.0
-46.0,-18.0,35.0,131.0,30.0,-252.0,-96.0,413.0,81.0,-121.0
-62.0,55.0,1.0,62.0,-107.0,-125.0,-216.0,282.0,71.0,-112.0
-68.0,163.0,7.0,43.0,-149.0,-12.0,-193.0,60.0,88.0,-97.0
-74.0,49.0,8.0,59.0,-111.0,-8.0,-53.0,-116.0,115.0,-95.0
-75.0,-103.0,5.0,162.0,-151.0,-206.0,15.0,-99.0,114.0,-77.0
-45.0,-204.0,21.0,245.0,-112.0,-208.0,-80.0,-181.0,112.0,-36.0
27.0,-303.0,51.0,204.0,-126.0,-243.0,-297.0,-77.0,108.0,1.0
47.0,-714.0,76.0,3.0,-97.0,-345.0,-328.0,-57.0,121.0,17.0
41.0,-515.0,58.0,-117.0,-78.0,-139.0,-163.0,-12.0,121.0,30.0
15.0,-442.0,65.0,-58.0,-70.0,-10.0,79.0,36.0,102.0,64.0
-10.0,-838.0,77.0,-38.0,1.0,-129.0,280.0,14.0,95.0,63.0
-54.0,-734.0,64.0,-46.0,-31.0,-279.0,296.0,121.0,80.0,44.0
-102.0,-509.0,24.0,24.0,-2.0,-180.0,239.0,107.0,80.0,40.0
-91.0,-547.0,58.0,79.0,87.0,18.0,311.0,179.0,74.0,11.0
-66.0,-436.0,92.0,16.0,27.0,-188.0,545.0,140.0,55.0,-16.0
-26.0,6.0,81.0,-91.0,44.0,-375.0,648.0,166.0,41.0,-50.0
-9.0,59.0,139.0,-118.0,123.0,-262.0,567.0,288.0,26.0,-71.0
-7.0,128.0,115.0,-103.0,36.0,-160.0,546.0,177.0,20.0,-88.0
-22.0,516.0,123.0,-135.0,52.0,-160.0,662.0,280.0,7.0,-126.0
-34.0,657.0,167.0,-68.0,104.0,-217.0,708.0,271.0,-11.0,-141.0
-48.0,556.0,146.0,100.0,26.0,-131.0,570.0,230.0,-30.0,-143.0
-40.0,567.0,189.0,216.0,77.0,-62.0,342.0,133.0,-38.0,-139.0
0.0,634.0,211.0,283.0,84.0,-136.0,125.0,-60.0,-21.0,-144.0
-1.0,434.0,189.0,303.0,18.0,-187.0,-51.0,-70.0,-12.0,-130.0
-12.0,290.0,182.0,286.0,64.0,-306.0,-238.0,-168.0,-12.0,-115.0
-11.0,62.0,173.0,211.0,-6.0,-375.0,-384.0,-22.0,-15.0,-123.0
-16.0,-61.0,140.0,122.0,-43.0,-263.0,-492.0,97.0,-16.0,-120.0
1.0,-210.0,116.0,79.0,39.0,-102.0,-509.0,232.0,1.0,-111.0
36.0,-337.0,112.0,91.0,-20.0,-64.0,-336.0,384.0,16.0,-101.0
80.0,-177.0,88.0,175.0,4.0,-200.0,-123.0,242.0,20.0,-113.0
104.0,-222.0,39.0,197.0,42.0,-345.0,-46.0,197.0,40.0,-107.0
75.0,-64.0,7.0,154.0,-13.0,-300.0,146.0,116.0,31.0,-66.0
70.0,-94.0,-15.0,118.0,9.0,-92.0,594.0,223.0,4.0,-14.0
77.0,-145.0,-28.0,103.0,-16.0,-189.0,938.0,260.0,-2.0,30.0
87.0,-196.0,-52.0,154.0,-3.0,-397.0,991.0,157.0,-15.0,55.0
110.0,-396.0,-96.0,169.0,0.0,-382.0,911.0,205.0,-8.0,84.0
128.0,-46.0,-119.0,148.0,-27.0,-361.0,1011.0,60.0,2.0,89.0
150.0,55.0,-118.0,152.0,17.0,-363.0,1187.0,9.0,2.0,93.0
143.0,42.0,-98.0,147.0,12.0,-279.0,1107.0,-40.0,0.0,113.0
124.0,230.0,-74.0,159.0,24.0,-10.0,776.0,36.0,-12.0,113.0
107.0,235.0,-32.0,166.0,107.0,-60.0,411.0,186.0,-4.0,100.0
110.0,362.0,-46.0,93.0,106.0,-157.0,183.0,99.0,5.0,92.0
109.0,655.0,-75.0,26.0,61.0,-12.0,101.0,81.0,-9.0,90.0
85.0,662.0,-78.0,27.0,120.0,-120.0,192.0,27.0,-22.0,62.0
86.0,508.0,-75.0,-11.0,74.0,-16.0,248.0,210.0,-13.0,30.0
91.0,531.0,-95.0,-12.0,-10.0,143.0,43.0,430.0,-17.0,18.0
94.0,473.0,-68.0,38.0,93.0,164.0,-346.0,415.0,-39.0,6.0
93.0,318.0,-18.0,46.0,172.0,375.0,-654.0,397.0,-45.0,-23.0
50.0,285.0,-37.0,10.0,119.0,431.0,-603.0,216.0,-33.0,-31.0
24.0,284.0,-14.0,-69.0,48.0,275.0,-235.0,77.0,-38.0,-16.0
0.0,-75.0,-36.0,-47.0,51.0,135.0,26.0,-164.0,-54.0,-18.0
14.0,-195.0,0.0,22.0,46.0,60.0,-155.0,-336.0,-67.0,-7.0
51.0,-177.0,17.0,47.0,-10.0,152.0,-550.0,-314.0,-78.0,1.0
58.0,-282.0,-23.0,52.0,-32.0,207.0,-836.0,-293.0,-43.0,27.0
58.0,-153.0,20.0,13.0,-30.0,63.0,-767.0,-218.0,-5.0,42.0
23.0,-339.0,15.0,30.0,-98.0,68.0,-382.0,-242.0,15.0,36.0
36.0,-436.0,64.0,33.0,-109.0,52.0,20.0,38.0,25.0,47.0
29.0,-395.0,103.0,13.0,-42.0,128.0,352.0,371.0,24.0,24.0
36.0,-172.0,124.0,48.0,-104.0,252.0,551.0,565.0,45.0,-14.0
71.0,-41.0,136.0,34.0,-128.0,66.0,558.0,630.0,52.0,-60.0
87.0,-175.0,99.0,48.0,-54.0,-31.0,384.0,419.0,60.0,-103.0
90.0,3.0,90.0,116.0,-43.0,-96.0,279.0,436.0,59.0,-160.0
63.0,-231.0,65.0,159.0,-77.0,64.0,405.0,393.0,56.0,-253.0
69.0,-275.0,60.0,120.0,-104.0,313.0,681.0,254.0,66.0,-288.0
76.0,22.0,44.0,27.0,-87.0,231.0,712.0,73.0,59.0,-300.0
95.0,-31.0,35.0,12.0,22.0,208.0,359.0,-97.0,69.0,-324.0
93.0,-68.0,-14.0,67.0,46.0,237.0,119.0,-138.0,65.0,-332.0
120.0,-151.0,-36.0,126.0,-39.0,352.0,148.0,-260.0,56.0,-321.0
160.0,-198.0,-14.0,180.0,36.0,444.0,180.0,-147.0,62.0,-306.0
175.0,-245.0,-32.0,217.0,61.0,270.0,-26.0,-14.0,47.0,-324.0
135.0,-132.0,47.0,222.0,36.0,276.0,-277.0,121.0,25.0,-323.0
72.0,152.0,42.0,249.0,-4.0,403.0,-341.0,164.0,27.0,-305.0
71.0,48.0,-10.0,210.0,-30.0,470.0,-279.0,75.0,45.0,-314.0
65.0,81.0,-3.0,112.0,127.0,298.0,-133.0,149.0,68.0,-317.0
62.0,506.0,-35.0,0.0,74.0,-18.0,-21.0,77.0,84.0,-291.0
68.0,588.0,-33.0,-25.0,-16.0,189.0,101.0,160.0,90.0,-262.0
136.0,446.0,-34.0,-1.0,-7.0,387.0,277.0,149.0,95.0,-231.0
169.0,189.0,4.0,-13.0,-36.0,358.0,292.0,-35.0,87.0,-175.0
163.0,-12.0,2.0,68.0,16.0,375.0,128.0,-120.0,80.0,-108.0
138.0,-35.0,-26.0,71.0,-43.0,236.0,33.0,-434.0,80.0,-59.0
108.0,-94.0,13.0,6.0,-95.0,43.0,108.0,-532.0,80.0,-26.0
92.0,121.0,-12.0,56.0,-31.0,21.0,339.0,-533.0,68.0,24.0
55.0,196.0,-11.0,107.0,-74.0,253.0,549.0,-463.0,60.0,76.0
36.0,187.0,6.0,33.0,-106.0,440.0,504.0,-301.0,51.0,115.0
12.0,374.0,28.0,36.0,-20.0,367.0,292.0,-269.0,23.0,155.0
55.0,174.0,-24.0,110.0,-84.0,222.0,104.0,-94.0,1.0,202.0
48.0,297.0,-91.0,141.0,-43.0,210.0,-37.0,12.0,4.0,260.0
19.0,605.0,-43.0,223.0,126.0,157.0,-206.0,242.0,34.0,292.0
-16.0,441.0,-93.0,183.0,-58.0,119.0,-275.0,314.0,37.0,300.0
-44.0,413.0,-53.0,62.0,-92.0,133.0,-6.0,264.0,24.0,313.0
-18.0,314.0,-38.0,-19.0,53.0,219.0,345.0,349.0,20.0,288.0
-19.0,405.0,-101.0,-65.0,-1.0,323.0,253.0,210.0,26.0,241.0
29.0,339.0,-50.0,-140.0,61.0,281.0,-140.0,218.0,40.0,208.0
52.0,49.0,-62.0,-210.0,-14.0,332.0,-331.0,79.0,26.0,175.0
100.0,-10.0,-88.0,-180.0,-70.0,353.0,-187.0,-1.0,27.0,143.0
113.0,-285.0,-87.0,-87.0,147.0,394.0,102.0,114.0,37.0,104.0
96.0,-419.0,-77.0,25.0,47.0,285.0,261.0,57.0,44.0,84.0
89.0,-602.0,-65.0,26.0,-55.0,160.0,213.0,94.0,40.0,75.0
46.0,-580.0,-30.0,0.0,108.0,300.0,-70.0,11.0,19.0,50.0
76.0,-561.0,-44.0,-116.0,29.0,206.0,-492.0,35.0,25.0,56.0
95.0,-764.0,-65.0,-177.0,-71.0,164.0,-811.0,-14.0,20.0,74.0
117.0,-613.0,-31.0,-102.0,40.0,366.0,-889.0,-181.0,5.0,87.0
124.0,-627.0,-43.0,-89.0,33.0,577.0,-754.0,-145.0,-6.0,105.0
119.0,-613.0,-30.0,-39.0,54.0,464.0,-552.0,-142.0,-9.0,131.0
124.0,-362.0,-12.0,-45.0,70.0,226.0,-359.0,-38.0,18.0,148.0
90.0,-390.0,-34.0,-67.0,-64.0,382.0,-239.0,-48.0,16.0,141.0
90.0,-437.0,-36.0,-46.0,0.0,408.0,-48.0,5.0,20.0,149.0
100.0,-275.0,-10.0,10.0,22.0,252.0,316.0,114.0,23.0,152.0
125.0,-105.0,-43.0,12.0,-10.0,59.0,643.0,72.0,18.0,135.0
117.0,83.0,-38.0,-28.0,44.0,1.0,689.0,44.0,32.0,102.0
82.0,188.0,-37.0,-54.0,24.0,221.0,434.0,-107.0,20.0,71.0
78.0,559.0,-80.0,-89.0,58.0,162.0,168.0,-168.0,34.0,49.0
50.0,794.0,-68.0,-63.0,-5.0,4.0,112.0,-258.0,47.0,19.0
46.0,668.0,-57.0,-8.0,4.0,9.0,262.0,-277.0,57.0,-7.0
25.0,816.0,-34.0,125.0,44.0,43.0,310.0,-258.0,75.0,-14.0
-5.0,822.0,-14.0,173.0,-64.0,187.0,169.0,-413.0,77.0,-6.0
-10.0,679.0,-30.0,138.0,25.0,229.0,20.0,-365.0,90.0,-18.0
-21.0,493.0,-32.0,108.0,31.0,28.0,-176.0,-328.0,85.0,-3.0
-40.0,302.0,13.0,3.0,-36.0,-4.0,-403.0,-219.0,82.0,16.0
-48.0,251.0,6.0,-58.0,45.0,143.0,-516.0,-149.0,60.0,16.0
-13.0,130.0,11.0,-15.0,44.0,250.0,-401.0,-179.0,34.0,36.0
-4.0,76.0,16.0,-13.0,-6.0,346.0,-263.0,-101.0,16.0,48.0
21.0,-12.0,6.0,-79.0,4.0,280.0,-271.0,-133.0,-13.0,74.0
42.0,-169.0,15.0,-76.0,-31.0,171.0,-246.0,-33.0,-8.0,103.0
39.0,-163.0,6.0,-79.0,-22.0,189.0,-21.0,68.0,-17.0,130.0
43.0,-204.0,-16.0,-104.0,102.0,166.0,392.0,269.0,-31.0,178.0
53.0,-262.0,-7.0,-100.0,67.0,139.0,775.0,356.0,-35.0,208.0
71.0,-209.0,36.0,-81.0,90.0,104.0,807.0,164.0,-26.0,247.0
72.0,-208.0,-4.0,-94.0,89.0,158.0,490.0,125.0,-9.0,291.0
97.0,-293.0,44.0,-145.0,-65.0,200.0,188.0,-68.0,7.0,331.0
89.0,-374.0,27.0,-93.0,13.0,-66.0,70.0,-214.0,46.0,387.0
72.0,-23.0,-37.0,25.0,93.0,-112.0,102.0,-413.0,70.0,420.0
71.0,222.0,-34.0,96.0,-7.0,-48.0,98.0,-539.0,89.0,441.0
59.0,98.0,-30.0,167.0,37.0,-203.0,-107.0,-378.0,113.0,439.0
34.0,179.0,24.0,211.0,56.0,-261.0,-361.0,-297.0,130.0,413.0
14.0,258.0,-1.0,179.0,5.0,-223.0,-523.0,-125.0,145.0,379.0
16.0,253.0,-1.0,126.0,49.0,-116.0,-540.0,-110.0,166.0,313.0
69.0,84.0,-7.0,78.0,-46.0,-161.0,-382.0,-20.0,183.0,240.0
135.0,140.0,27.0,48.0,-85.0,-294.0,-231.0,162.0,195.0,183.0
142.0,77.0,66.0,61.0,-88.0,-381.0,-353.0,184.0,179.0,130.0
150.0,-251.0,62.0,74.0,-48.0,-454.0,-716.0,286.0,154.0,89.0
139.0,-270.0,71.0,27.0,-25.0,-396.0,-1054.0,288.0,152.0,46.0
135.0,-137.0,42.0,-51.0,-89.0,-367.0,-1090.0,399.0,132.0,3.0
145.0,64.0,34.0,-115.0,37.0,-275.0,-839.0,336.0,118.0,-27.0
172.0,85.0,50.0,-162.0,82.0,-117.0,-543.0,86.0,107.0,-63.0
213.0,245.0,43.0,-173.0,62.0,-173.0,-353.0,-81.0,100.0,-80.0
238.0,383.0,4.0,-77.0,24.0,-352.0,-292.0,-271.0,93.0,-69.0
252.0,438.0,30.0,10.0,2.0,-459.0,-225.0,-260.0,68.0,-63.0
242.0,479.0,-22.0,12.0,43.0,-325.0,-42.0,-412.0,60.0,-48.0
259.0,619.0,-38.0,16.0,65.0,-231.0,257.0,-448.0,64.0,-21.0
264.0,745.0,-38.0,-9.0,35.0,-216.0,470.0,-338.0,76.0,-10.0
254.0,375.0,-66.0,-32.0,-9.0,-73.0,497.0,-391.0,73.0,3.0
263.0,328.0,-17.0,-10.0,94.0,-129.0,515.0,-325.0,60.0,32.0
275.0,346.0,-28.0,31.0,100.0,-198.0,526.0,-343.0,61.0,58.0
275.0,231.0,29.0,56.0,49.0,-150.0,422.0,-182.0,60.0,104.0
277.0,174.0,6.0,41.0,58.0,-51.0,279.0,-24.0,60.0,140.0
268.0,2.0,-74.0,-18.0,-5.0,-29.0,49.0,29.0,50.0,170.0
234.0,-379.0,-43.0,-114.0,-53.0,-223.0,-391.0,109.0,40.0,213.0
215.0,-620.0,-53.0,-161.0,-11.0,-68.0,-880.0,120.0,42.0,230.0
189.0,-401.0,-40.0,-146.0,-62.0,361.0,-1157.0,240.0,20.0,247.0
183.0,-467.0,19.0,-140.0,-111.0,363.0,-1039.0,57.0,1.0,275.0
180.0,-532.0,2.0,-176.0,-28.0,112.0,-673.0,-123.0,-7.0,294.0
175.0,-453.0,33.0,-155.0,-66.0,73.0,-310.0,-240.0,-15.0,321.0
186.0,-154.0,86.0,-57.0,-74.0,258.0,-76.0,-358.0,-20.0,355.0
197.0,91.0,45.0,-27.0,-69.0,384.0,22.0,-247.0,-39.0,394.0
195.0,87.0,62.0,-41.0,-66.0,214.0,125.0,-267.0,-23.0,430.0
162.0,310.0,3.0,37.0,2.0,143.0,301.0,-219.0,-8.0,454.0
119.0,282.0,-45.0,108.0,-20.0,91.0,511.0,-147.0,-28.0,475.0
106.0,102.0,23.0,90.0,17.0,-15.0,560.0,-36.0,-20.0,484.0
89.0,-60.0,16.0,103.0,45.0,27.0,461.0,22.0,-23.0,484.0
81.0,-61.0,50.0,163.0,20.0,-49.0,423.0,-25.0,-25.0,486.0
87.0,-92.0,65.0,184.0,-34.0,-212.0,455.0,20.0,6.0,471.0
88.0,-253.0,39.0,128.0,-35.0,-369.0,413.0,-125.0,23.0,437.0
88.0,-287.0,42.0,94.0,51.0,-339.0,302.0,-184.0,25.0,400.0
66.0,-451.0,60.0,69.0,-9.0,-354.0,158.0,-236.0,14.0,359.0
91.0,-489.0,47.0,25.0,-37.0,-466.0,-75.0,-293.0,0.0,314.0
76.0,-490.0,74.0,13.0,43.0,-422.0,-309.0,-314.0,-18.0,287.0
63.0,-555.0,150.0,24.0,53.0,-415.0,-421.0,-521.0,-30.0,264.0
63.0,-516.0,109.0,31.0,44.0,-429.0,-410.0,-498.0,-37.0,233.0
38.0,-398.0,177.0,31.0,78.0,-465.0,-415.0,-406.0,-47.0,235.0
71.0,-168.0,190.0,75.0,50.0,-477.0,-579.0,-280.0,-31.0,254.0
95.0,142.0,102.0,86.0,98.0,-548.0,-950.0,-197.0,-27.0,247.0
138.0,624.0,117.0,105.0,186.0,-657.0,-1308.0,-205.0,-33.0,237.0
109.0,1003.0,87.0,128.0,-30.0,-484.0,-1375.0,-59.0,-37.0,249.0
91.0,1126.0,64.0,58.0,-63.0,-107.0,-1100.0,-140.0,-35.0,248.0
137.0,994.0,63.0,-61.0,109.0,150.0,-631.0,-234.0,-39.0,213.0
172.0,701.0,63.0,-114.0,49.0,157.0,-259.0,-386.0,-45.0,176.0
198.0,738.0,17.0,-85.0,21.0,22.0,-1.0,-491.0,-24.0,145.0
197.0,637.0,16.0,-101.0,32.0,-110.0,241.0,-467.0,-15.0,103.0
191.0,181.0,19.0,-129.0,41.0,-62.0,386.0,-484.0,-3.0,60.0
163.0,72.0,-21.0,-162.0,86.0,-43.0,286.0,-223.0,14.0,34.0
161.0,75.0,13.0,-163.0,-11.0,-191.0,99.0,-162.0,34.0,29.0
169.0,-253.0,-7.0,-134.0,-40.0,-56.0,12.0,-112.0,52.0,31.0
173.0,-321.0,23.0,-166.0,95.0,63.0,-22.0,-140.0,47.0,50.0
141.0,-267.0,52.0,-117.0,54.0,-116.0,-18.0,-358.0,61.0,92.0
146.0,-617.0,28.0,3.0,-42.0,-206.0,-113.0,-297.0,91.0,128.0
163.0,-676.0,50.0,33.0,-61.0,-135.0,-256.0,-343.0,99.0,139.0
195.0,-633.0,43.0,-3.0,9.0,-48.0,-291.0,-234.0,97.0,154.0
211.0,-701.0,97.0,-12.0,92.0,-106.0,-246.0,-168.0,101.0,175.0
205.0,-520.0,101.0,-80.0,-21.0,-178.0,-185.0,-118.0,83.0,185.0
225.0,-148.0,96.0,-179.0,-22.0,-43.0,-65.0,120.0,60.0,205.0
199.0,2.0,148.0,-180.0,-13.0,128.0,157.0,173.0,54.0,218.0
185.0,-51.0,121.0,-229.0,-48.0,-154.0,372.0,240.0,53.0,230.0
124.0,275.0,128.0,-330.0,-36.0,-467.0,398.0,153.0,63.0,252.0
146.0,399.0,131.0,-372.0,-78.0,-356.0,204.0,127.0,60.0,261.0
177.0,406.0,113.0,-311.0,89.0,-202.0,0.0,7.0,70.0,271.0
179.0,397.0,119.0,-235.0,137.0,-90.0,-28.0,-291.0,85.0,261.0
166.0,345.0,86.0,-199.0,9.0,-211.0,74.0,-426.0,69.0,240.0
108.0,414.0,90.0,-119.0,-3.0,-209.0,-36.0,-596.0,58.0,228.0
75.0,105.0,74.0,-103.0,37.0,-15.0,-324.0,-506.0,23.0,201.0
27.0,48.0,51.0,-145.0,37.0,66.0,-400.0,-412.0,0.0,161.0
47.0,132.0,62.0,-161.0,-81.0,229.0,-162.0,-367.0,6.0,129.0
35.0,-86.0,34.0,-155.0,-108.0,328.0,155.0,-188.0,-3.0,104.0
53.0,-250.0,54.0,-136.0,-1.0,231.0,221.0,-72.0,2.0,80.0
32.0,-425.0,17.0,-114.0,143.0,206.0,141.0,109.0,3.0,67.0
24.0,-624.0,13.0,-132.0,113.0,390.0,116.0,86.0,-1.0,60.0
13.0,-547.0,58.0,-102.0,7.0,483.0,125.0,-9.0,3.0,52.0
-52.0,-392.0,67.0,-5.0,47.0,344.0,99.0,-121.0,-4.0,30.0
-48.0,-350.0,114.0,-10.0,51.0,64.0,35.0,-219.0,-1.0,16.0
-58.0,23.0,102.0,-20.0,-21.0,239.0,-141.0,-181.0,-1.0,21.0
-3.0,398.0,116.0,6.0,-73.0,522.0,-431.0,-205.0,-1.0,18.0
7.0,554.0,125.0,38.0,-44.0,172.0,-663.0,-96.0,-1.0,35.0
30.0,575.0,128.0,54.0,5.0,-139.0,-855.0,-105.0,-6.0,69.0
26.0,582.0,114.0,89.0,-36.0,-162.0,-942.0,-116.0,-22.0,114.0
12.0,446.0,124.0,118.0,-101.0,-62.0,-828.0,-79.0,-52.0,162.0
29.0,82.0,182.0,82.0,-16.0,-11.0,-569.0,-66.0,-66.0,190.0
35.0,188.0,143.0,103.0,0.0,52.0,-423.0,86.0,-76.0,234.0
65.0,281.0,128.0,65.0,-104.0,78.0,-534.0,5.0,-89.0,282.0
31.0,21.0,109.0,-56.0,-129.0,-168.0,-673.0,-101.0,-98.0,292.0
61.0,-119.0,80.0,-114.0,-83.0,-308.0,-670.0,-273.0,-110.0,317.0
95.0,-200.0,94.0,-144.0,-32.0,-206.0,-529.0,-330.0,-122.0,361.0
126.0,-574.0,68.0,-164.0,-27.0,58.0,-462.0,-219.0,-100.0,363.0
134.0,-822.0,46.0,-106.0,56.0,6.0,-479.0,-251.0,-78.0,362.0
153.0,-837.0,93.0,-39.0,100.0,-264.0,-394.0,-160.0,-76.0,355.0
168.0,-1117.0,113.0,-46.0,44.0,-52.0,-202.0,-271.0,-80.0,329.0
111.0,-977.0,126.0,-62.0,70.0,266.0,-8.0,-315.0,-87.0,298.0
74.0,-650.0,177.0,-24.0,86.0,419.0,94.0,-218.0,-68.0,261.0
53.0,-543.0,166.0,44.0,-1.0,329.0,133.0,-142.0,-61.0,244.0
108.0,-385.0,137.0,65.0,70.0,200.0,266.0,105.0,-57.0,224.0
132.0,89.0,131.0,69.0,131.0,310.0,509.0,173.0,-34.0,204.0
114.0,370.0,113.0,44.0,25.0,294.0,651.0,203.0,-32.0,192.0
93.0,102.0,103.0,20.0,36.0,274.0,674.0,77.0,-17.0,187.0
82.0,249.0,101.0,67.0,13.0,382.0,714.0,-72.0,-14.0,173.0
87.0,279.0,49.0,141.0,20.0,441.0,739.0,-129.0,-20.0,138.0
63.0,86.0,72.0,181.0,15.0,381.0,599.0,-219.0,-7.0,130.0
13.0,-2.0,47.0,172.0,-105.0,425.0,291.0,-59.0,8.0,116.0
-30.0,-22.0,6.0,117.0,-125.0,423.0,43.0,-16.0,14.0,87.0
-14.0,-53.0,24.0,62.0,-27.0,300.0,-20.0,-3.0,18.0,73.0
25.0,-138.0,-58.0,83.0,-28.0,427.0,96.0,-120.0,20.0,63.0
56.0,120.0,-34.0,79.0,-136.0,520.0,186.0,-345.0,7.0,51.0
51.0,172.0,-29.0,51.0,-10.0,515.0,129.0,-279.0,11.0,25.0
40.0,399.0,-58.0,2.0,15.0,467.0,120.0,-301.0,17.0,9.0
56.0,708.0,-36.0,-64.0,4.0,419.0,181.0,-158.0,26.0,0.0
81.0,677.0,-56.0,-118.0,1.0,394.0,162.0,5.0,43.0,-1.0
67.0,674.0,-35.0,-107.0,-112.0,434.0,-59.0,147.0,42.0,7.0
55.0,706.0,0.0,-42.0,56.0,516.0,-379.0,351.0,42.0,27.0
78.0,734.0,1.0,-104.0,28.0,450.0,-504.0,330.0,40.0,70.0
78.0,220.0,43.0,-74.0,-85.0,469.0,-481.0,334.0,29.0,108.0
52.0,-278.0,97.0,-56.0,-32.0,455.0,-520.0,199.0,7.0,138.0
14.0,-362.0,101.0,-110.0,-30.0,417.0,-620.0,136.0,-2.0,158.0
7.0,-551.0,124.0,-159.0,52.0,337.0,-643.0,11.0,-19.0,158.0
3.0,-747.0,110.0,-212.0,-19.0,98.0,-576.0,-164.0,-28.0,130.0
-8.0,-717.0,132.0,-166.0,-104.0,-126.0,-599.0,-158.0,-37.0,85.0
-33.0,-531.0,138.0,-175.0,24.0,-285.0,-744.0,-256.0,-67.0,50.0
-55.0,-461.0,156.0,-110.0,69.0,-184.0,-841.0,-232.0,-63.0,-4.0
-55.0,-404.0,203.0,-21.0,-17.0,75.0,-789.0,-358.0,-65.0,-74.0
-50.0,-197.0,145.0,46.0,-36.0,104.0,-665.0,-410.0,-66.0,-111.0
-55.0,174.0,104.0,93.0,86.0,-102.0,-543.0,-227.0,-51.0,-145.0
-93.0,273.0,78.0,121.0,194.0,-258.0,-395.0,-84.0,-60.0,-194.0
-103.0,129.0,33.0,72.0,117.0,-253.0,-199.0,103.0,-57.0,-213.0
-93.0,192.0,16.0,-35.0,-25.0,-123.0,21.0,97.0,-52.0,-216.0
-84.0,204.0,61.0,-35.0,-25.0,-139.0,148.0,138.0,-60.0,-213.0
-107.0,319.0,0.0,-24.0,24.0,-23.0,134.0,181.0,-71.0,-204.0
-134.0,219.0,-14.0,19.0,28.0,188.0,109.0,120.0,-82.0,-187.0
-122.0,-114.0,2.0,-60.0,0.0,135.0,151.0,35.0,-97.0,-145.0
-79.0,-301.0,-87.0,-134.0,-50.0,403.0,261.0,-66.0,-121.0,-109.0
-44.0,-493.0,-80.0,-169.0,122.0,705.0,431.0,44.0,-141.0,-90.0
-47.0,-561.0,-104.0,-201.0,126.0,628.0,670.0,72.0,-163.0,-69.0
-49.0,-647.0,-128.0,-130.0,-41.0,392.0,973.0,97.0,-184.0,-48.0
-67.0,-461.0,-85.0,-56.0,-9.0,340.0,1168.0,149.0,-189.0,-40.0
-28.0,-432.0,-64.0,19.0,-4.0,511.0,1100.0,153.0,-190.0,-59.0
-4.0,-715.0,-49.0,94.0,88.0,594.0,881.0,236.0,-187.0,-79.0
4.0,-511.0,5.0,162.0,-27.0,639.0,668.0,77.0,-185.0,-92.0
0.0,12.0,15.0,178.0,-154.0,542.0,514.0,-16.0,-194.0,-110.0
-27.0,396.0,0.0,169.0,20.0,580.0,399.0,-36.0,-171.0,-93.0
15.0,521.0,41.0,72.0,64.0,650.0,210.0,-81.0,-158.0,-77.0
36.0,923.0,43.0,62.0,-108.0,526.0,-78.0,-75.0,-162.0,-59.0
64.0,1199.0,59.0,60.0,-134.0,563.0,-363.0,-123.0,-128.0,-20.0
63.0,1103.0,93.0,-8.0,-13.0,460.0,-570.0,-44.0,-94.0,14.0
81.0,951.0,72.0,41.0,-99.0,272.0,-668.0,-49.0,-73.0,52.0
97.0,545.0,63.0,17.0,12.0,229.0,-617.0,75.0,-38.0,59.0
99.0,222.0,81.0,39.0,-56.0,221.0,-450.0,160.0,-19.0,65.0
83.0,11.0,55.0,81.0,-185.0,224.0,-271.0,171.0,-16.0,61.0
27.0,-302.0,59.0,124.0,91.0,104.0,-224.0,321.0,-3.0,41.0
21.0,-553.0,55.0,166.0,-1.0,233.0,-373.0,253.0,10.0,28.0
0.0,-320.0,33.0,144.0,-82.0,369.0,-490.0,304.0,56.0,0.0
2.0,-205.0,92.0,166.0,13.0,237.0,-431.0,358.0,82.0,0.0
-14.0,-585.0,71.0,110.0,-41.0,229.0,-294.0,400.0,92.0,-18.0
-37.0,-661.0,52.0,31.0,16.0,379.0,-253.0,393.0,121.0,-57.0
-59.0,-548.0,31.0,-12.0,19.0,671.0,-384.0,190.0,139.0,-68.0
-80.0,-523.0,9.0,-91.0,-9.0,526.0,-593.0,46.0,158.0,-91.0
-95.0,-499.0,26.0,-240.0,44.0,179.0,-785.0,-162.0,158.0,-119.0
-111.0,-425.0,-22.0,-307.0,39.0,212.0,-788.0,-145.0,146.0,-127.0
-118.0,-211.0,9.0,-294.0,-36.0,328.0,-652.0,-153.0,144.0,-127.0
-119.0,-17.0,16.0,-288.0,-102.0,418.0,-445.0,-164.0,128.0,-108.0
-100.0,47.0,-6.0,-231.0,9.0,381.0,-138.0,16.0,99.0,-77.0
-138.0,236.0,17.0,-211.0,16.0,372.0,88.0,70.0,87.0,-52.0
-150.0,444.0,0.0,-152.0,-79.0,481.0,45.0,271.0,78.0,-15.0
-167.0,477.0,-9.0,-84.0,10.0,590.0,-220.0,269.0,64.0,0.0
-161.0,579.0,-31.0,-38.0,105.0,650.0,-363.0,262.0,67.0,8.0
-189.0,583.0,-28.0,11.0,112.0,641.0,-195.0,358.0,59.0,34.0
-238.0,523.0,-52.0,21.0,28.0,490.0,150.0,134.0,53.0,56.0
-228.0,536.0,-17.0,23.0,31.0,304.0,381.0,-46.0,43.0,74.0
-239.0,441.0,16.0,-26.0,33.0,280.0,367.0,-290.0,23.0,81.0
-220.0,210.0,-55.0,-77.0,48.0,321.0,239.0,-365.0,30.0,93.0
-211.0,61.0,-13.0,-76.0,0.0,313.0,147.0,-308.0,33.0,97.0
-188.0,5.0,-13.0,-17.0,-101.0,273.0,199.0,-216.0,13.0,94.0
-200.0,-493.0,-30.0,31.0,41.0,324.0,341.0,35.0,4.0,69.0
-198.0,-726.0,-19.0,26.0,19.0,275.0,433.0,158.0,-9.0,28.0
-195.0,-586.0,-69.0,44.0,-28.0,211.0,425.0,380.0,-21.0,-17.0
-189.0,-889.0,-69.0,-18.0,39.0,212.0,339.0,339.0,-21.0,-75.0
-143.0,-928.0,-78.0,-136.0,-15.0,188.0,202.0,221.0,-30.0,-119.0
-121.0,-876.0,-91.0,-100.0,70.0,181.0,108.0,208.0,-49.0,-165.0
-65.0,-835.0,-106.0,-36.0,86.0,154.0,132.0,72.0,-75.0,-199.0
-66.0,-422.0,-131.0,-4.0,-149.0,417.0,158.0,24.0,-92.0,-221.0
-68.0,-209.0,-174.0,9.0,-91.0,411.0,-9.0,-171.0,-106.0,-224.0
-74.0,-72.0,-182.0,-20.0,89.0,154.0,-348.0,-123.0,-101.0,-222.0
-58.0,257.0,-181.0,-50.0,-121.0,213.0,-638.0,-9.0,-101.0,-231.0
-19.0,605.0,-195.0,-22.0,-182.0,247.0,-682.0,-75.0,-119.0,-219.0
-20.0,635.0,-104.0,75.0,0.0,304.0,-440.0,-83.0,-121.0,-207.0
1.0,558.0,-99.0,67.0,-76.0,145.0,-33.0,-133.0,-121.0,-200.0
-22.0,773.0,-118.0,27.0,-91.0,73.0,319.0,-90.0,-121.0,-197.0
-25.0,685.0,-82.0,18.0,-76.0,174.0,400.0,-195.0,-122.0,-190.0
-57.0,443.0,-87.0,1.0,-84.0,246.0,321.0,-145.0,-117.0,-183.0
-81.0,338.0,-43.0,11.0,132.0,411.0,211.0,62.0,-97.0,-189.0
-48.0,300.0,-30.0,28.0,92.0,428.0,176.0,238.0,-59.0,-208.0
-35.0,213.0,4.0,65.0,5.0,574.0,229.0,463.0,-11.0,-219.0
3.0,-279.0,33.0,86.0,64.0,544.0,207.0,454.0,7.0,-225.0
-12.0,-757.0,3.0,88.0,40.0,479.0,119.0,539.0,36.0,-259.0
-44.0,-961.0,27.0,56.0,128.0,428.0,-69.0,546.0,44.0,-270.0
-105.0,-1063.0,0.0,42.0,117.0,273.0,-232.0,445.0,37.0,-275.0
-154.0,-1161.0,13.0,52.0,-22.0,324.0,-280.0,291.0,61.0,-290.0
-158.0,-1110.0,27.0,56.0,-10.0,289.0,-274.0,-20.0,68.0,-313.0
-170.0,-858.0,0.0,28.0,-13.0,400.0,-219.0,-116.0,65.0,-327.0
-175.0,-319.0,11.0,-46.0,-123.0,361.0,-218.0,-192.0,69.0,-303.0
-191.0,-97.0,10.0,-105.0,-12.0,263.0,-326.0,-155.0,64.0,-314.0
-160.0,-39.0,45.0,-172.0,31.0,304.0,-500.0,-166.0,45.0,-321.0
-162.0,451.0,36.0,-206.0,-27.0,401.0,-582.0,-168.0,42.0,-298.0
-178.0,526.0,-27.0,-168.0,25.0,603.0,-591.0,48.0,33.0,-291.0
-220.0,501.0,-98.0,-146.0,-67.0,501.0,-593.0,68.0,26.0,-287.0
-257.0,447.0,-160.0,-167.0,20.0,514.0,-494.0,158.0,28.0,-268.0
-253.0,426.0,-132.0,-195.0,98.0,488.0,-293.0,153.0,1.0,-236.0
-235.0,470.0,-116.0,-219.0,-80.0,458.0,-177.0,184.0,-20.0,-210.0
-203.0,262.0,-122.0,-211.0,38.0,575.0,-166.0,112.0,-51.0,-179.0
-210.0,-44.0,-76.0,-181.0,129.0,494.0,-80.0,-216.0,-52.0,-147.0
-195.0,-294.0,-77.0,-100.0,-20.0,489.0,55.0,-151.0,-52.0,-113.0
-191.0,-5.0,-51.0,-75.0,69.0,417.0,168.0,-86.0,-57.0,-104.0
-164.0,-186.0,-62.0,-82.0,33.0,379.0,186.0,60.0,-60.0,-94.0
-165.0,-516.0,-68.0,17.0,-33.0,175.0,105.0,151.0,-77.0,-66.0
-158.0,-278.0,-49.0,2.0,79.0,-56.0,39.0,42.0,-67.0,-69.0
-134.0,-407.0,-115.0,-83.0,-97.0,121.0,60.0,48.0,-63.0,-72.0
-108.0,-644.0,-66.0,-24.0,-173.0,124.0,105.0,-11.0,-50.0,-71.0
-46.0,-497.0,-74.0,103.0,-38.0,219.0,137.0,136.0,-35.0,-66.0
-43.0,-161.0,-52.0,65.0,-10.0,210.0,211.0,229.0,-25.0,-90.0
-6.0,39.0,-4.0,0.0,65.0,-6.0,291.0,360.0,-10.0,-122.0
27.0,163.0,-77.0,10.0,32.0,71.0,375.0,454.0,9.0,-139.0
70.0,210.0,-84.0,38.0,-49.0,93.0,383.0,336.0,24.0,-177.0
80.0,331.0,-130.0,78.0,42.0,121.0,428.0,404.0,22.0,-220.0
66.0,751.0,-112.0,20.0,84.0,-10.0,661.0,236.0,31.0,-266.0
63.0,842.0,-92.0,0.0,-21.0,-62.0,840.0,101.0,28.0,-284.0
60.0,659.0,-93.0,-86.0,-160.0,-60.0,716.0,27.0,31.0,-305.0
87.0,943.0,-68.0,-134.0,-87.0,-278.0,331.0,-197.0,20.0,-328.0
74.0,1069.0,-108.0,-74.0,-54.0,-273.0,-91.0,-301.0,1.0,-313.0
76.0,547.0,-108.0,-83.0,-182.0,-328.0,-380.0,-334.0,-7.0,-299.0
46.0,197.0,-138.0,-20.0,-78.0,-346.0,-551.0,-131.0,-25.0,-288.0
48.0,-159.0,-162.0,57.0,93.0,-325.0,-754.0,-14.0,-31.0,-275.0
38.0,-702.0,-148.0,145.0,163.0,-175.0,-861.0,118.0,-35.0,-243.0
23.0,-968.0,-99.0,190.0,87.0,33.0,-743.0,258.0,-34.0,-202.0
48.0,-1049.0,-83.0,197.0,22.0,-85.0,-553.0,221.0,-47.0,-160.0
12.0,-704.0,-81.0,259.0,117.0,-107.0,-438.0,334.0,-60.0,-87.0
-1.0,-497.0,-41.0,298.0,196.0,-225.0,-352.0,210.0,-51.0,-10.0
-37.0,-359.0,-23.0,320.0,133.0,-327.0,-130.0,112.0,-44.0,58.0
-54.0,-161.0,1.0,327.0,-19.0,-306.0,294.0,134.0,-44.0,108.0
-93.0,-430.0,-21.0,238.0,25.0,-314.0,640.0,70.0,-35.0,136.0
-146.0,-304.0,21.0,186.0,128.0,-190.0,584.0,-1.0,-26.0,169.0
-112.0,-71.0,68.0,175.0,-65.0,-195.0,415.0,-136.0,-24.0,183.0
-98.0,-1.0,55.0,76.0,-274.0,-193.0,386.0,-166.0,-25.0,187.0
-79.0,142.0,58.0,16.0,-172.0,-130.0,394.0,-234.0,-53.0,190.0
-114.0,444.0,66.0,21.0,-70.0,-69.0,311.0,-99.0,-46.0,179.0
-152.0,495.0,68.0,29.0,-175.0,-16.0,174.0,-14.0,-34.0,149.0
-162.0,194.0,79.0,28.0,-272.0,-212.0,133.0,-38.0,-40.0,116.0
-190.0,394.0,111.0,56.0,-154.0,-344.0,172.0,149.0,-25.0,87.0
-180.0,286.0,123.0,78.0,29.0,-277.0,134.0,221.0,-28.0,30.0
-219.0,-132.0,163.0,95.0,-10.0,-374.0,-49.0,338.0,-16.0,-28.0
-209.0,-43.0,106.0,86.0,-207.0,-486.0,-135.0,308.0,-4.0,-68.0
-183.0,-59.0,71.0,34.0,-61.0,-495.0,2.0,192.0,-7.0,-111.0
-149.0,-302.0,63.0,-6.0,236.0,-391.0,257.0,64.0,3.0,-165.0
-111.0,-208.0,12.0,-64.0,16.0,-269.0,340.0,-118.0,-3.0,-207.0
-109.0,-301.0,10.0,-63.0,-3.0,-182.0,246.0,-116.0,-7.0,-233.0
-78.0,-269.0,-24.0,-93.0,158.0,-35.0,259.0,-181.0,-7.0,-258.0
-101.0,-182.0,-37.0,-157.0,76.0,-86.0,321.0,-155.0,-14.0,-286.0
-92.0,-446.0,-74.0,-171.0,251.0,-152.0,239.0,-147.0,-30.0,-293.0
-106.0,-212.0,-31.0,-211.0,138.0,-243.0,10.0,-123.0,-54.0,-288.0
-124.0,140.0,-3.0,-237.0,-27.0,-341.0,-51.0,51.0,-74.0,-316.0
-138.0,354.0,-32.0,-110.0,135.0,-344.0,35.0,90.0,-110.0,-319.0
-132.0,330.0,-56.0,-26.0,52.0,-396.0,173.0,182.0,-136.0,-302.0
-101.0,444.0,-87.0,-89.0,-38.0,-329.0,403.0,110.0,-145.0,-288.0
-108.0,456.0,-31.0,-89.0,-68.0,-374.0,640.0,79.0,-164.0,-277.0
-81.0,438.0,-37.0,-114.0,-59.0,-378.0,808.0,75.0,-180.0,-266.0
-88.0,558.0,-70.0,-148.0,19.0,-306.0,825.0,-97.0,-175.0,-226.0
-89.0,-5.0,-51.0,-141.0,-95.0,-321.0,713.0,-79.0,-165.0,-211.0
-115.0,-107.0,-54.0,-82.0,-118.0,-291.0,462.0,-169.0,-154.0,-202.0
-120.0,35.0,-108.0,-65.0,8.0,-523.0,242.0,-57.0,-132.0,-173.0
-125.0,-131.0,-70.0,-96.0,48.0,-679.0,171.0,48.0,-115.0,-146.0
-129.0,-213.0,-110.0,-89.0,94.0,-607.0,145.0,-55.0,-99.0,-124.0
-87.0,-183.0,-118.0,-109.0,75.0,-540.0,26.0,62.0,-77.0,-104.0
-87.0,-78.0,-29.0,-18.0,12.0,-362.0,-225.0,62.0,-48.0,-66.0
-59.0,-174.0,-139.0,115.0,55.0,-409.0,-473.0,90.0,-15.0,-47.0
-44.0,-178.0,-136.0,182.0,20.0,-281.0,-673.0,29.0,10.0,-26.0
-39.0,-60.0,-99.0,243.0,-60.0,76.0,-740.0,79.0,36.0,7.0
-60.0,229.0,-189.0,294.0,26.0,-33.0,-673.0,249.0,42.0,46.0
-80.0,333.0,-229.0,282.0,35.0,-189.0,-581.0,293.0,33.0,82.0
-60.0,217.0,-217.0,235.0,-48.0,-269.0,-429.0,399.0,17.0,94.0
-56.0,407.0,-229.0,193.0,6.0,-313.0,-132.0,197.0,-21.0,134.0
-63.0,469.0,-236.0,143.0,10.0,-223.0,210.0,107.0,-43.0,165.0
-66.0,309.0,-223.0,103.0,-7.0,-350.0,482.0,5.0,-55.0,156.0
-50.0,288.0,-176.0,61.0,-36.0,-477.0,679.0,-175.0,-62.0,158.0
-60.0,155.0,-116.0,66.0,-266.0,-459.0,776.0,-55.0,-54.0,161.0
-74.0,-190.0,-116.0,60.0,-259.0,-460.0,830.0,14.0,-59.0,148.0
-92.0,-344.0,-80.0,20.0,13.0,-497.0,760.0,84.0,-52.0,123.0
-100.0,-367.0,-46.0,-18.0,17.0,-644.0,595.0,-44.0,-42.0,109.0
-86.0,-510.0,-10.0,-71.0,-111.0,-780.0,498.0,-179.0,-52.0,93.0
-102.0,-631.0,33.0,-79.0,-53.0,-747.0,486.0,-184.0,-34.0,46.0
-141.0,-602.0,32.0,-104.0,51.0,-842.0,504.0,-221.0,0.0,-8.0
-200.0,-381.0,26.0,-118.0,-9.0,-1001.0,422.0,-121.0,3.0,-44.0
-207.0,-41.0,58.0,-125.0,-106.0,-908.0,216.0,18.0,0.0,-103.0
-179.0,347.0,112.0,-139.0,-155.0,-728.0,7.0,245.0,-2.0,-179.0
-159.0,510.0,77.0,-152.0,-53.0,-534.0,-103.0,280.0,-34.0,-211.0
-136.0,400.0,46.0,-183.0,75.0,-579.0,-166.0,258.0,-67.0,-229.0
-140.0,295.0,32.0,-138.0,-17.0,-738.0,-126.0,310.0,-82.0,-258.0
-134.0,141.0,-53.0,-139.0,-59.0,-627.0,-17.0,260.0,-100.0,-281.0
-137.0,170.0,-33.0,-197.0,30.0,-498.0,-21.0,315.0,-113.0,-269.0
-109.0,112.0,-23.0,-228.0,106.0,-553.0,-193.0,149.0,-128.0,-245.0
-92.0,149.0,-31.0,-216.0,72.0,-598.0,-445.0,-70.0,-132.0,-241.0
-65.0,311.0,-9.0,-82.0,17.0,-415.0,-549.0,-192.0,-116.0,-218.0
-23.0,76.0,-71.0,41.0,77.0,-306.0,-403.0,-343.0,-100.0,-164.0
-18.0,69.0,-53.0,110.0,180.0,-281.0,-106.0,-301.0,-74.0,-126.0
12.0,296.0,-62.0,75.0,182.0,-258.0,116.0,-201.0,-40.0,-114.0
26.0,510.0,-138.0,-17.0,86.0,-278.0,232.0,-40.0,-6.0,-82.0
43.0,450.0,-174.0,-7.0,19.0,-302.0,304.0,-64.0,40.0,-51.0
5.0,340.0,-161.0,1.0,-9.0,-488.0,352.0,-14.0,75.0,-57.0
-1.0,255.0,-180.0,79.0,35.0,-434.0,356.0,138.0,81.0,-65.0
13.0,14.0,-215.0,153.0,-18.0,-344.0,246.0,147.0,86.0,-52.0
18.0,-172.0,-236.0,106.0,-28.0,-434.0,81.0,315.0,96.0,-46.0
20.0,-666.0,-315.0,50.0,134.0,-479.0,-94.0,286.0,83.0,-71.0
-1.0,-776.0,-319.0,-42.0,145.0,-671.0,-214.0,269.0,65.0,-56.0
26.0,-598.0,-294.0,-44.0,58.0,-605.0,-289.0,212.0,62.0,-3.0
19.0,-614.0,-281.0,22.0,-64.0,-563.0,-285.0,14.0,48.0,11.0
20.0,-339.0,-234.0,67.0,-108.0,-724.0,-157.0,-83.0,13.0,33.0
21.0,-50.0,-221.0,138.0,-15.0,-696.0,-37.0,-236.0,0.0,70.0
46.0,4.0,-194.0,121.0,-35.0,-723.0,-42.0,-171.0,-12.0,103.0
31.0,2.0,-172.0,97.0,-111.0,-708.0,-141.0,-177.0,-33.0,130.0
-17.0,121.0,-225.0,96.0,-24.0,-876.0,-154.0,-125.0,-38.0,143.0
-20.0,323.0,-236.0,55.0,94.0,-1079.0,-65.0,-24.0,-61.0,195.0
-53.0,576.0,-194.0,80.0,40.0,-982.0,25.0,5.0,-80.0,222.0
-53.0,687.0,-117.0,100.0,4.0,-847.0,89.0,140.0,-94.0,193.0
-63.0,421.0,-117.0,79.0,87.0,-663.0,135.0,-38.0,-101.0,181.0
-78.0,326.0,-124.0,83.0,138.0,-625.0,139.0,-131.0,-90.0,178.0
-89.0,578.0,-69.0,47.0,143.0,-519.0,37.0,-162.0,-85.0,151.0
-104.0,514.0,-99.0,23.0,125.0,-306.0,-219.0,-149.0,-75.0,114.0
-113.0,543.0,-66.0,12.0,93.0,-258.0,-490.0,81.0,-85.0,112.0
-131.0,671.0,-43.0,-28.0,114.0,-156.0,-548.0,133.0,-105.0,113.0
-154.0,252.0,-30.0,15.0,222.0,-91.0,-415.0,288.0,-114.0,91.0
-156.0,-121.0,0.0,40.0,126.0,-64.0,-238.0,290.0,-121.0,85.0
-118.0,-151.0,-53.0,-13.0,18.0,-177.0,-114.0,164.0,-112.0,97.0
-82.0,-30.0,-63.0,-44.0,107.0,-327.0,-28.0,35.0,-107.0,89.0
-92.0,-92.0,-77.0,-27.0,17.0,-269.0,45.0,-184.0,-83.0,66.0
-123.0,-125.0,-85.0,34.0,18.0,-237.0,150.0,-133.0,-44.0,60.0
-119.0,16.0,-52.0,10.0,48.0,-229.0,285.0,-142.0,-26.0,69.0
-96.0,-115.0,-37.0,-72.0,44.0,-413.0,404.0,-49.0,18.0,40.0
-64.0,-28.0,9.0,-77.0,159.0,-582.0,514.0,33.0,45.0,-9.0
-53.0,44.0,15.0,-19.0,79.0,-561.0,546.0,-29.0,54.0,-18.0
-40.0,-99.0,17.0,31.0,28.0,-595.0,410.0,-36.0,97.0,-41.0
-22.0,-37.0,35.0,65.0,59.0,-667.0,130.0,-153.0,131.0,-97.0
-28.0,-235.0,-9.0,15.0,53.0,-924.0,-96.0,-5.0,141.0,-151.0
-36.0,-326.0,-30.0,-73.0,17.0,-993.0,-125.0,59.0,143.0,-189.0
-58.0,-223.0,13.0,-72.0,-3.0,-943.0,-62.0,112.0,140.0,-210.0
-88.0,-235.0,39.0,3.0,45.0,-797.0,-134.0,197.0,124.0,-239.0
-109.0,-286.0,59.0,78.0,19.0,-640.0,-333.0,79.0,111.0,-231.0
-114.0,-440.0,92.0,103.0,-42.0,-886.0,-434.0,77.0,95.0,-202.0
-119.0,-253.0,25.0,211.0,-91.0,-843.0,-404.0,-88.0,64.0,-188.0
-133.0,-43.0,10.0,257.0,-11.0,-751.0,-367.0,-36.0,57.0,-151.0
-152.0,127.0,-10.0,246.0,-15.0,-818.0,-358.0,55.0,47.0,-105.0
-171.0,285.0,-70.0,321.0,-109.0,-819.0,-336.0,60.0,28.0,-59.0
-181.0,219.0,-28.0,377.0,-92.0,-644.0,-330.0,138.0,25.0,-33.0
-197.0,114.0,-61.0,307.0,-126.0,-345.0,-394.0,9.0,0.0,-13.0
-224.0,-60.0,-75.0,117.0,-92.0,-482.0,-449.0,-35.0,-23.0,29.0
-248.0,-126.0,-13.0,20.0,-94.0,-616.0,-325.0,-254.0,-39.0,47.0
-238.0,-226.0,2.0,6.0,-159.0,-594.0,28.0,-382.0,-60.0,31.0
-200.0,-274.0,-35.0,12.0,-94.0,-525.0,371.0,-391.0,-66.0,30.0
-179.0,-298.0,-31.0,6.0,-27.0,-479.0,425.0,-388.0,-65.0,38.0
-185.0,-329.0,-51.0,57.0,-80.0,-367.0,241.0,-138.0,-80.0,10.0
-214.0,-289.0,-85.0,121.0,-27.0,-286.0,21.0,18.0,-112.0,-14.0
-213.0,-200.0,-22.0,114.0,125.0,-327.0,-82.0,206.0,-113.0,-33.0
-190.0,-79.0,-1.0,152.0,114.0,-335.0,16.0,260.0,-97.0,-60.0
-199.0,-37.0,20.0,153.0,43.0,-703.0,152.0,242.0,-89.0,-90.0
-200.0,111.0,22.0,93.0,-52.0,-701.0,174.0,175.0,-65.0,-115.0
-186.0,275.0,54.0,56.0,-16.0,-481.0,91.0,46.0,-33.0,-96.0
-170.0,531.0,82.0,107.0,68.0,-656.0,-59.0,40.0,-7.0,-86.0
-170.0,568.0,7.0,114.0,-3.0,-847.0,-210.0,-157.0,19.0,-88.0
-159.0,365.0,11.0,78.0,-89.0,-1030.0,-254.0,-181.0,41.0,-76.0
-119.0,191.0,26.0,92.0,-110.0,-930.0,-88.0,-195.0,38.0,-65.0
-85.0,-128.0,-14.0,89.0,20.0,-836.0,127.0,-301.0,45.0,-43.0
-72.0,-324.0,10.0,41.0,-36.0,-883.0,189.0,-227.0,54.0,-46.0
-55.0,-309.0,30.0,9.0,-261.0,-838.0,131.0,-282.0,64.0,-42.0
-3.0,-94.0,22.0,20.0,-150.0,-812.0,147.0,-242.0,90.0,-34.0
22.0,-48.0,24.0,-16.0,15.0,-776.0,281.0,-177.0,99.0,-52.0
34.0,-47.0,-38.0,0.0,-17.0,-804.0,383.0,-81.0,120.0,-66.0
63.0,158.0,-38.0,32.0,-44.0,-770.0,352.0,-25.0,143.0,-86.0
88.0,155.0,-8.0,20.0,-2.0,-542.0,93.0,-107.0,135.0,-119.0
113.0,332.0,-56.0,24.0,194.0,-294.0,-302.0,-97.0,120.0,-148.0
101.0,581.0,-36.0,34.0,223.0,-117.0,-598.0,-151.0,111.0,-161.0
80.0,507.0,-48.0,72.0,24.0,-28.0,-651.0,-51.0,90.0,-150.0
98.0,431.0,-139.0,40.0,42.0,-25.0,-525.0,-68.0,80.0,-128.0
99.0,397.0,-128.0,-55.0,41.0,-101.0,-376.0,-179.0,66.0,-116.0
79.0,214.0,-121.0,-126.0,23.0,-175.0,-250.0,-114.0,52.0,-79.0
57.0,74.0,-157.0,-201.0,53.0,-152.0,-183.0,-160.0,65.0,-33.0
23.0,12.0,-164.0,-190.0,-52.0,-166.0,-149.0,-64.0,71.0,-2.0
0.0,-113.0,-137.0,-105.0,76.0,-68.0,-110.0,-1.0,75.0,31.0
-5.0,-248.0,-52.0,-119.0,201.0,43.0,-17.0,64.0,69.0,68.0
14.0,-351.0,-24.0,-135.0,-22.0,-72.0,123.0,90.0,75.0,90.0
17.0,-190.0,-40.0,-96.0,-97.0,-62.0,248.0,-60.0,74.0,95.0
18.0,-204.0,-36.0,-107.0,-11.0,6.0,260.0,-112.0,53.0,108.0
10.0,-219.0,-54.0,-82.0,-30.0,14.0,154.0,-354.0,54.0,111.0
-25.0,39.0,-33.0,-46.0,-108.0,3.0,96.0,-554.0,36.0,83.0
-61.0,-7.0,53.0,-82.0,-143.0,-95.0,93.0,-694.0,15.0,42.0
-98.0,78.0,144.0,-114.0,-112.0,-54.0,65.0,-779.0,5.0,-10.0
-95.0,202.0,187.0,-156.0,-96.0,118.0,18.0,-587.0,-10.0,-72.0
-90.0,104.0,201.0,-96.0,-81.0,16.0,-10.0,-378.0,-29.0,-105.0
-69.0,-146.0,174.0,-48.0,-105.0,-85.0,-8.0,-138.0,-64.0,-105.0
-66.0,-171.0,119.0,-8.0,-43.0,-33.0,59.0,-66.0,-100.0,-88.0
-69.0,93.0,138.0,58.0,10.0,30.0,255.0,-18.0,-139.0,-37.0
-30.0,150.0,133.0,-12.0,-27.0,317.0,565.0,-22.0,-172.0,7.0
-9.0,420.0,80.0,-53.0,-5.0,208.0,825.0,-101.0,-177.0,59.0
2.0,319.0,46.0,-31.0,65.0,93.0,836.0,-48.0,-170.0,111.0
-4.0,-75.0,17.0,67.0,146.0,155.0,543.0,-158.0,-152.0,125.0
-26.0,-167.0,52.0,100.0,76.0,71.0,132.0,-157.0,-131.0,142.0
-50.0,-251.0,49.0,77.0,0.0,273.0,-113.0,-203.0,-103.0,161.0
-54.0,-130.0,34.0,53.0,-68.0,337.0,-151.0,-312.0,-59.0,171.0
-60.0,-10.0,5.0,-6.0,-12.0,381.0,-35.0,-243.0,-28.0,164.0
-62.0,-29.0,4.0,5.0,97.0,289.0,61.0,-203.0,-16.0,134.0
-88.0,-159.0,58.0,-15.0,-28.0,333.0,40.0,-109.0,0.0,104.0
-85.0,-82.0,2.0,65.0,6.0,560.0,-17.0,-229.0,25.0,53.0
-59.0,-61.0,-3.0,72.0,67.0,421.0,-95.0,-280.0,43.0,-12.0
-68.0,-151.0,-4.0,13.0,18.0,346.0,-137.0,-182.0,40.0,-71.0
-92.0,52.0,-49.0,-39.0,40.0,138.0,-200.0,-70.0,39.0,-121.0
-134.0,77.0,2.0,-149.0,54.0,45.0,-277.0,57.0,46.0,-154.0
-125.0,35.0,12.0,-75.0,54.0,91.0,-361.0,-99.0,61.0,-201.0
-137.0,106.0,1.0,23.0,82.0,180.0,-517.0,-223.0,71.0,-237.0
-119.0,115.0,1.0,108.0,118.0,394.0,-683.0,-371.0,59.0,-262.0
-129.0,8.0,25.0,113.0,17.0,424.0,-733.0,-356.0,35.0,-302.0
-139.0,21.0,67.0,104.0,63.0,534.0,-613.0,-197.0,14.0,-339.0
-134.0,-216.0,73.0,124.0,206.0,539.0,-400.0,-201.0,-26.0,-346.0
-149.0,-302.0,89.0,134.0,134.0,365.0,-163.0,-181.0,-80.0,-311.0
-131.0,151.0,34.0,180.0,102.0,145.0,7.0,-397.0,-104.0,-269.0
-133.0,132.0,24.0,138.0,71.0,107.0,168.0,-554.0,-120.0,-214.0
-129.0,60.0,-12.0,86.0,109.0,314.0,356.0,-576.0,-119.0,-135.0
-149.0,67.0,-40.0,38.0,182.0,480.0,523.0,-436.0,-110.0,-46.0
-104.0,49.0,22.0,41.0,-9.0,573.0,595.0,-158.0,-112.0,33.0
-98.0,131.0,29.0,-1.0,-113.0,491.0,571.0,-134.0,-104.0,94.0
-84.0,217.0,42.0,-93.0,-15.0,484.0,581.0,-83.0,-96.0,155.0
-64.0,337.0,-15.0,-96.0,-38.0,464.0,599.0,-127.0,-90.0,195.0
-30.0,248.0,-34.0,-121.0,-153.0,443.0,559.0,-81.0,-80.0,224.0
29.0,95.0,-23.0,-199.0,-161.0,486.0,450.0,-40.0,-70.0,247.0
16.0,-119.0,-11.0,-309.0,-141.0,395.0,439.0,-110.0,-77.0,237.0
34.0,28.0,18.0,-328.0,-112.0,422.0,643.0,57.0,-73.0,210.0
22.0,357.0,22.0,-227.0,-92.0,346.0,910.0,66.0,-40.0,172.0
59.0,365.0,58.0,-77.0,-86.0,379.0,1001.0,-9.0,5.0,126.0
78.0,350.0,92.0,56.0,-19.0,507.0,780.0,-131.0,63.0,86.0
119.0,283.0,104.0,38.0,-47.0,521.0,383.0,-195.0,106.0,45.0
158.0,-36.0,111.0,-31.0,-1.0,599.0,79.0,-242.0,144.0,6.0
194.0,-239.0,154.0,-59.0,55.0,381.0,-26.0,-465.0,162.0,-11.0
249.0,-253.0,142.0,-26.0,36.0,256.0,-131.0,-439.0,162.0,-21.0
256.0,-580.0,114.0,99.0,141.0,336.0,-333.0,-373.0,176.0,-41.0
294.0,-764.0,83.0,125.0,85.0,465.0,-551.0,-133.0,162.0,-51.0
274.0,-807.0,28.0,72.0,-10.0,684.0,-738.0,92.0,138.0,-67.0
263.0,-699.0,12.0,41.0,100.0,790.0,-908.0,44.0,93.0,-86.0
240.0,-396.0,68.0,76.0,47.0,731.0,-1002.0,86.0,53.0,-100.0
247.0,-143.0,78.0,141.0,4.0,604.0,-917.0,-60.0,38.0,-119.0
234.0,147.0,31.0,105.0,98.0,592.0,-692.0,-175.0,-2.0,-148.0
193.0,69.0,39.0,18.0,-13.0,439.0,-513.0,-319.0,-34.0,-190.0
178.0,329.0,38.0,-55.0,-25.0,369.0,-470.0,-480.0,-66.0,-221.0
179.0,640.0,-24.0,-53.0,-18.0,590.0,-330.0,-454.0,-93.0,-254.0
193.0,481.0,-102.0,-89.0,-162.0,802.0,-22.0,-439.0,-108.0,-277.0
152.0,416.0,-84.0,-95.0,-64.0,759.0,339.0,-321.0,-119.0,-289.0
131.0,393.0,-90.0,-10.0,0.0,574.0,594.0,-410.0,-115.0,-291.0
100.0,452.0,-109.0,26.0,-149.0,342.0,621.0,-373.0,-122.0,-264.0
95.0,311.0,-127.0,93.0,-67.0,196.0,615.0,-210.0,-100.0,-216.0
62.0,329.0,-135.0,132.0,33.0,371.0,649.0,-181.0,-84.0,-140.0
24.0,454.0,-92.0,193.0,-9.0,455.0,622.0,-60.0,-85.0,-56.0
-21.0,206.0,-72.0,182.0,45.0,535.0,478.0,-7.0,-63.0,24.0
-52.0,-55.0,-25.0,92.0,-17.0,377.0,289.0,192.0,-26.0,104.0
-64.0,-175.0,-41.0,71.0,-22.0,202.0,146.0,308.0,11.0,166.0
-103.0,-283.0,-38.0,34.0,75.0,287.0,9.0,412.0,21.0,207.0
-68.0,-260.0,-41.0,50.0,40.0,159.0,-199.0,489.0,25.0,256.0
-56.0,89.0,-47.0,84.0,55.0,287.0,-372.0,280.0,26.0,304.0
-42.0,-23.0,-14.0,85.0,118.0,348.0,-313.0,62.0,35.0,338.0
-24.0,-223.0,-41.0,40.0,103.0,279.0,-91.0,-315.0,44.0,370.0
-12.0,118.0,-18.0,83.0,39.0,342.0,37.0,-574.0,54.0,368.0
-31.0,34.0,-15.0,60.0,25.0,268.0,-95.0,-702.0,78.0,344.0
-73.0,-155.0,-42.0,-83.0,17.0,324.0,-235.0,-801.0,92.0,291.0
-101.0,-103.0,-21.0,-109.0,-16.0,494.0,-142.0,-737.0,107.0,219.0
-100.0,-268.0,-36.0,-185.0,-12.0,786.0,23.0,-694.0,128.0,142.0
-73.0,-198.0,-81.0,-200.0,22.0,853.0,-3.0,-576.0,132.0,66.0
-51.0,17.0,-38.0,-145.0,-17.0,659.0,-160.0,-569.0,126.0,22.0
-1.0,-152.0,15.0,-116.0,20.0,580.0,-113.0,-421.0,115.0,-3.0
25.0,-43.0,-26.0,-115.0,65.0,521.0,151.0,-149.0,108.0,-12.0
72.0,132.0,-53.0,-49.0,-86.0,650.0,383.0,-59.0,136.0,5.0
80.0,-138.0,-109.0,117.0,13.0,644.0,375.0,84.0,148.0,36.0
82.0,-191.0,-143.0,128.0,79.0,488.0,205.0,44.0,147.0,56.0
83.0,-7.0,-75.0,124.0,-121.0,486.0,57.0,70.0,151.0,58.0
84.0,250.0,-36.0,26.0,-37.0,537.0,-58.0,142.0,136.0,48.0
115.0,214.0,11.0,-111.0,-1.0,775.0,-208.0,144.0,121.0,25.0
118.0,98.0,52.0,-138.0,-93.0,907.0,-311.0,103.0,98.0,-4.0
148.0,48.0,22.0,-170.0,35.0,786.0,-230.0,-138.0,44.0,-40.0
128.0,-108.0,9.0,-134.0,-28.0,619.0,-183.0,-264.0,-6.0,-87.0
104.0,-74.0,-17.0,-65.0,-132.0,417.0,-378.0,-437.0,-26.0,-141.0
101.0,-87.0,-84.0,67.0,34.0,250.0,-609.0,-382.0,-34.0,-177.0
100.0,-48.0,-76.0,171.0,-39.0,132.0,-571.0,-299.0,-40.0,-208.0
109.0,-215.0,-116.0,264.0,-83.0,58.0,-292.0,-319.0,-35.0,-239.0
130.0,-214.0,-129.0,301.0,104.0,79.0,0.0,-120.0,-19.0,-254.0
175.0,-21.0,-77.0,206.0,62.0,29.0,162.0,-145.0,5.0,-237.0
165.0,-60.0,-132.0,122.0,100.0,-139.0,158.0,-5.0,14.0,-188.0
129.0,203.0,-122.0,48.0,132.0,93.0,130.0,105.0,20.0,-128.0
93.0,148.0,-120.0,-4.0,9.0,419.0,158.0,49.0,53.0,-69.0
76.0,-108.0,-188.0,-84.0,105.0,350.0,186.0,109.0,80.0,-25.0
90.0,-14.0,-134.0,-119.0,140.0,265.0,156.0,48.0,83.0,11.0
100.0,80.0,-84.0,-72.0,81.0,109.0,67.0,70.0,80.0,22.0
125.0,-8.0,-83.0,-81.0,81.0,43.0,-29.0,-14.0,81.0,18.0
172.0,-155.0,-65.0,-121.0,-8.0,44.0,-87.0,-46.0,71.0,15.0
149.0,-239.0,-177.0,-104.0,33.0,92.0,-117.0,-105.0,78.0,-11.0
97.0,-462.0,-193.0,-89.0,16.0,377.0,-80.0,-221.0,97.0,-21.0
66.0,-620.0,-133.0,-100.0,-129.0,507.0,36.0,-114.0,94.0,-35.0
82.0,-622.0,-176.0,-41.0,-73.0,691.0,199.0,-118.0,96.0,-60.0
128.0,-397.0,-112.0,0.0,-132.0,581.0,345.0,38.0,98.0,-78.0
108.0,-74.0,-116.0,-39.0,-199.0,381.0,336.0,97.0,103.0,-93.0
82.0,-227.0,-141.0,-112.0,-52.0,514.0,234.0,24.0,96.0,-101.0
55.0,-290.0,-72.0,-124.0,-101.0,465.0,235.0,57.0,100.0,-101.0
40.0,152.0,-54.0,-79.0,-169.0,495.0,363.0,-57.0,129.0,-94.0
47.0,369.0,-43.0,-99.0,-5.0,419.0,376.0,16.0,158.0,-99.0
49.0,319.0,-13.0,-34.0,-56.0,374.0,182.0,18.0,186.0,-91.0
77.0,277.0,-32.0,13.0,-87.0,198.0,-31.0,-1.0,190.0,-68.0
81.0,303.0,-36.0,9.0,0.0,37.0,-182.0,9.0,206.0,-46.0
70.0,531.0,-15.0,20.0,-94.0,342.0,-233.0,-103.0,219.0,-1.0
60.0,686.0,-39.0,-23.0,24.0,334.0,-241.0,-107.0,206.0,43.0
49.0,695.0,8.0,-19.0,50.0,289.0,-233.0,-133.0,200.0,89.0
62.0,543.0,-51.0,-43.0,-131.0,323.0,-213.0,62.0,198.0,143.0
61.0,379.0,-78.0,-20.0,-73.0,392.0,-289.0,133.0,198.0,201.0
68.0,97.0,-39.0,-90.0,-40.0,527.0,-492.0,0.0,182.0,238.0
66.0,-388.0,-129.0,-180.0,-18.0,486.0,-650.0,-184.0,174.0,246.0
44.0,-302.0,-95.0,-97.0,2.0,334.0,-667.0,-432.0,162.0,246.0
65.0,-243.0,-96.0,-134.0,-155.0,229.0,-549.0,-367.0,138.0,220.0
78.0,-333.0,-77.0,-117.0,-74.0,399.0,-258.0,-347.0,105.0,167.0
85.0,-374.0,0.0,11.0,86.0,615.0,60.0,-208.0,87.0,95.0
88.0,-618.0,-9.0,18.0,-11.0,651.0,244.0,31.0,95.0,25.0
83.0,-380.0,15.0,17.0,-77.0,473.0,277.0,136.0,91.0,-37.0
97.0,-353.0,39.0,83.0,-75.0,442.0,312.0,184.0,93.0,-101.0
78.0,-350.0,-5.0,118.0,17.0,247.0,469.0,24.0,85.0,-117.0
50.0,-202.0,-53.0,60.0,63.0,-14.0,678.0,-24.0,72.0,-100.0
46.0,-245.0,20.0,-14.0,-84.0,186.0,794.0,-33.0,52.0,-64.0
51.0,-92.0,-38.0,-31.0,-106.0,256.0,742.0,33.0,17.0,-1.0
69.0,-216.0,-12.0,-42.0,136.0,254.0,557.0,97.0,-12.0,66.0
80.0,-124.0,64.0,-8.0,174.0,150.0,255.0,136.0,-39.0,132.0
89.0,-55.0,-44.0,107.0,-3.0,-19.0,-15.0,380.0,-56.0,164.0
89.0,-187.0,56.0,148.0,16.0,56.0,-146.0,382.0,-55.0,202.0
72.0,-288.0,-15.0,102.0,61.0,146.0,-195.0,384.0,-39.0,231.0
47.0,-150.0,-134.0,86.0,32.0,169.0,-328.0,312.0,-58.0,197.0
17.0,381.0,-39.0,100.0,-52.0,34.0,-568.0,179.0,-89.0,167.0
24.0,327.0,-92.0,120.0,-56.0,-108.0,-667.0,201.0,-110.0,152.0
40.0,310.0,-117.0,128.0,-1.0,-85.0,-456.0,99.0,-135.0,134.0
65.0,395.0,-23.0,121.0,26.0,61.0,-80.0,116.0,-123.0,101.0
140.0,258.0,-25.0,1.0,15.0,0.0,163.0,55.0,-116.0,73.0
180.0,210.0,-44.0,-155.0,-173.0,-146.0,271.0,33.0,-121.0,64.0
176.0,133.0,19.0,-132.0,-93.0,-15.0,261.0,-81.0,-90.0,46.0
168.0,155.0,-68.0,-13.0,108.0,31.0,137.0,-169.0,-34.0,26.0
156.0,90.0,-46.0,79.0,40.0,62.0,-39.0,81.0,19.0,9.0
160.0,-200.0,12.0,80.0,21.0,91.0,-174.0,118.0,69.0,-6.0
156.0,-495.0,-64.0,-41.0,21.0,135.0,-169.0,336.0,112.0,-44.0
150.0,-374.0,5.0,-170.0,70.0,137.0,-127.0,458.0,139.0,-74.0
157.0,-283.0,24.0,-187.0,142.0,-141.0,-119.0,391.0,165.0,-97.0
161.0,-367.0,16.0,-169.0,-33.0,-160.0,-163.0,299.0,165.0,-161.0
176.0,-483.0,34.0,-206.0,-109.0,-12.0,-216.0,11.0,133.0,-214.0
153.0,-375.0,0.0,-201.0,84.0,98.0,-203.0,46.0,96.0,-229.0
133.0,38.0,7.0,-162.0,-5.0,205.0,-69.0,70.0,83.0,-227.0
132.0,282.0,17.0,-187.0,-221.0,66.0,45.0,125.0,88.0,-211.0
115.0,418.0,30.0,-107.0,-106.0,-31.0,33.0,153.0,75.0,-192.0
117.0,392.0,101.0,27.0,-11.0,39.0,4.0,145.0,69.0,-148.0
78.0,566.0,111.0,17.0,7.0,72.0,-17.0,290.0,60.0,-127.0
57.0,424.0,80.0,-14.0,-25.0,95.0,-38.0,262.0,37.0,-141.0
57.0,94.0,101.0,-59.0,-55.0,204.0,-18.0,354.0,-3.0,-134.0
28.0,155.0,56.0,-88.0,53.0,349.0,91.0,376.0,-20.0,-154.0
38.0,157.0,42.0,-155.0,48.0,399.0,171.0,473.0,-3.0,-179.0
22.0,189.0,35.0,-173.0,20.0,222.0,138.0,591.0,0.0,-184.0
5.0,-48.0,21.0,-85.0,7.0,141.0,-36.0,436.0,11.0,-167.0
11.0,-118.0,68.0,-37.0,61.0,389.0,-219.0,421.0,7.0,-122.0
13.0,41.0,93.0,-16.0,135.0,436.0,-203.0,297.0,-8.0,-82.0
25.0,-34.0,80.0,72.0,71.0,292.0,-81.0,173.0,-13.0,-29.0
21.0,-215.0,70.0,158.0,17.0,393.0,-15.0,72.0,-6.0,40.0
37.0,-363.0,89.0,39.0,52.0,495.0,-102.0,-97.0,-3.0,93.0
72.0,-248.0,43.0,-3.0,143.0,248.0,-191.0,-12.0,-7.0,113.0
80.0,-80.0,76.0,-8.0,131.0,-166.0,-181.0,129.0,26.0,139.0
66.0,-39.0,105.0,-96.0,1.0,-283.0,-135.0,319.0,46.0,157.0
43.0,-86.0,90.0,-41.0,30.0,-28.0,-88.0,371.0,48.0,143.0
45.0,58.0,161.0,68.0,172.0,214.0,-29.0,354.0,48.0,141.0
44.0,54.0,135.0,103.0,-8.0,152.0,1.0,384.0,52.0,134.0
20.0,-202.0,123.0,119.0,-134.0,-16.0,-60.0,306.0,64.0,123.0
26.0,-373.0,82.0,110.0,-41.0,-26.0,-126.0,371.0,47.0,102.0
35.0,-423.0,11.0,-12.0,-44.0,2.0,-160.0,351.0,51.0,89.0
25.0,-310.0,5.0,-39.0,-16.0,-70.0,-141.0,363.0,95.0,99.0
15.0,-533.0,1.0,-34.0,-55.0,-230.0,-61.0,341.0,131.0,103.0
17.0,-679.0,50.0,-159.0,-68.0,-232.0,17.0,208.0,160.0,108.0
31.0,-428.0,47.0,-172.0,102.0,-201.0,-61.0,262.0,174.0,127.0
24.0,-218.0,43.0,-96.0,158.0,-329.0,-245.0,336.0,167.0,142.0
27.0,-153.0,80.0,-62.0,-16.0,-344.0,-271.0,526.0,172.0,145.0
37.0,-133.0,65.0,22.0,0.0,-271.0,-83.0,567.0,181.0,142.0
31.0,40.0,87.0,125.0,116.0,-177.0,197.0,565.0,167.0,133.0
36.0,87.0,116.0,107.0,69.0,-75.0,299.0,508.0,165.0,91.0
22.0,169.0,63.0,-10.0,-8.0,-43.0,205.0,376.0,146.0,29.0
19.0,329.0,58.0,-76.0,-34.0,70.0,126.0,421.0,120.0,-17.0
47.0,257.0,103.0,-92.0,97.0,100.0,118.0,352.0,95.0,-66.0
83.0,188.0,61.0,-75.0,60.0,-57.0,46.0,437.0,49.0,-109.0
106.0,262.0,40.0,80.0,-118.0,19.0,-119.0,452.0,46.0,-132.0
85.0,243.0,17.0,210.0,-112.0,-15.0,-201.0,362.0,38.0,-124.0
80.0,110.0,-3.0,236.0,-60.0,-174.0,-211.0,297.0,13.0,-83.0
80.0,138.0,34.0,177.0,-46.0,-173.0,-328.0,133.0,-4.0,-26.0
73.0,-91.0,19.0,73.0,-177.0,-119.0,-536.0,162.0,-17.0,25.0
79.0,-285.0,93.0,41.0,-283.0,165.0,-608.0,116.0,-11.0,89.0
80.0,-50.0,158.0,-4.0,-197.0,226.0,-498.0,149.0,-36.0,177.0
87.0,59.0,207.0,-10.0,-137.0,406.0,-352.0,238.0,-60.0,263.0
72.0,248.0,238.0,-5.0,-103.0,550.0,-335.0,243.0,-99.0,357.0
59.0,470.0,165.0,-22.0,-153.0,333.0,-382.0,351.0,-148.0,452.0
80.0,596.0,181.0,5.0,-136.0,443.0,-346.0,471.0,-180.0,531.0
78.0,556.0,126.0,25.0,22.0,454.0,-234.0,748.0,-199.0,578.0
57.0,446.0,133.0,35.0,-32.0,521.0,-107.0,807.0,-212.0,593.0
48.0,370.0,154.0,6.0,-115.0,595.0,-77.0,752.0,-230.0,579.0
17.0,295.0,78.0,-35.0,40.0,473.0,-67.0,683.0,-198.0,523.0
21.0,257.0,92.0,-96.0,184.0,563.0,-9.0,413.0,-168.0,453.0
13.0,-219.0,78.0,-177.0,95.0,490.0,20.0,310.0,-141.0,375.0
7.0,-444.0,114.0,-152.0,42.0,388.0,-50.0,81.0,-82.0,294.0
49.0,-390.0,99.0,-77.0,24.0,385.0,-122.0,-5.0,-23.0,211.0
59.0,-303.0,76.0,-13.0,117.0,392.0,-110.0,64.0,53.0,130.0
83.0,-267.0,74.0,89.0,222.0,472.0,-149.0,127.0,101.0,52.0
100.0,-563.0,37.0,89.0,4.0,277.0,-216.0,436.0,137.0,-17.0
114.0,-466.0,33.0,69.0,-9.0,15.0,-238.0,580.0,172.0,-77.0
116.0,-357.0,-4.0,139.0,1.0,-79.0,-191.0,705.0,199.0,-135.0
117.0,-272.0,-8.0,130.0,10.0,-283.0,-90.0,727.0,225.0,-173.0
149.0,-135.0,-25.0,110.0,99.0,-538.0,21.0,724.0,225.0,-201.0
160.0,68.0,-31.0,129.0,-57.0,-556.0,74.0,696.0,226.0,-213.0
180.0,230.0,-59.0,129.0,56.0,-386.0,68.0,498.0,221.0,-186.0
223.0,66.0,-76.0,195.0,217.0,-277.0,48.0,513.0,197.0,-136.0
231.0,142.0,-47.0,258.0,18.0,-323.0,-9.0,367.0,181.0,-89.0
205.0,247.0,-47.0,187.0,-142.0,-385.0,-91.0,254.0,155.0,-37.0
175.0,373.0,-27.0,117.0,-23.0,-406.0,-242.0,254.0,100.0,14.0
152.0,366.0,-44.0,77.0,97.0,-500.0,-342.0,258.0,39.0,32.0
148.0,28.0,-45.0,-38.0,8.0,-490.0,-300.0,382.0,-3.0,28.0
123.0,-244.0,-31.0,-69.0,-159.0,-413.0,-220.0,362.0,-32.0,23.0
124.0,-234.0,0.0,-44.0,-122.0,-267.0,-191.0,397.0,-60.0,-3.0
135.0,-163.0,56.0,-42.0,85.0,-102.0,-274.0,325.0,-91.0,-23.0
135.0,-262.0,59.0,-10.0,6.0,-98.0,-403.0,290.0,-102.0,-20.0
124.0,-258.0,48.0,5.0,-179.0,21.0,-428.0,356.0,-107.0,-16.0
88.0,-187.0,46.0,-12.0,-181.0,70.0,-364.0,343.0,-95.0,12.0
80.0,-49.0,34.0,-15.0,-32.0,11.0,-358.0,428.0,-88.0,38.0
52.0,-31.0,9.0,85.0,-47.0,-8.0,-338.0,332.0,-84.0,59.0
49.0,13.0,-21.0,131.0,-216.0,73.0,-250.0,279.0,-73.0,78.0
67.0,232.0,-32.0,98.0,-49.0,240.0,-119.0,254.0,-86.0,63.0
52.0,267.0,-18.0,65.0,109.0,198.0,-51.0,192.0,-88.0,41.0
35.0,163.0,-17.0,-47.0,53.0,133.0,-33.0,303.0,-104.0,19.0
0.0,33.0,16.0,-134.0,10.0,152.0,49.0,365.0,-138.0,-5.0
-10.0,193.0,71.0,-98.0,1.0,290.0,185.0,489.0,-150.0,-45.0
-16.0,199.0,110.0,46.0,74.0,313.0,344.0,461.0,-163.0,-60.0
-69.0,-42.0,125.0,165.0,111.0,147.0,406.0,389.0,-148.0,-63.0
-84.0,36.0,134.0,190.0,-17.0,31.0,411.0,417.0,-116.0,-82.0
-53.0,-39.0,101.0,151.0,-121.0,33.0,401.0,426.0,-93.0,-73.0
-36.0,-150.0,99.0,103.0,31.0,202.0,427.0,443.0,-70.0,-61.0
-30.0,-60.0,130.0,62.0,150.0,114.0,397.0,321.0,-61.0,-33.0
-37.0,-86.0,70.0,83.0,85.0,60.0,244.0,339.0,-25.0,3.0
-51.0,-203.0,123.0,163.0,90.0,102.0,136.0,286.0,23.0,44.0
-39.0,-112.0,132.0,180.0,53.0,8.0,45.0,262.0,62.0,98.0
-21.0,22.0,115.0,235.0,-21.0,20.0,-82.0,325.0,110.0,115.0
-34.0,-100.0,125.0,217.0,40.0,-89.0,-299.0,260.0,141.0,123.0
-69.0,-13.0,60.0,192.0,-86.0,-97.0,-477.0,384.0,153.0,141.0
-87.0,-39.0,58.0,155.0,-133.0,-93.0,-550.0,362.0,166.0,144.0
-84.0,-299.0,15.0,50.0,73.0,-96.0,-592.0,351.0,186.0,145.0
-48.0,-396.0,79.0,15.0,-36.0,-81.0,-623.0,386.0,185.0,155.0
26.0,-401.0,67.0,12.0,-49.0,-225.0,-688.0,341.0,147.0,170.0
67.0,-424.0,54.0,89.0,147.0,-183.0,-703.0,341.0,118.0,190.0
50.0,-474.0,105.0,83.0,85.0,-249.0,-581.0,138.0,107.0,203.0
19.0,-367.0,60.0,52.0,7.0,-349.0,-320.0,-35.0,81.0,217.0
11.0,-244.0,99.0,-3.0,11.0,-246.0,-59.0,-173.0,56.0,230.0
22.0,-124.0,43.0,-75.0,-56.0,-147.0,158.0,-138.0,56.0,221.0
18.0,-159.0,51.0,-21.0,13.0,-214.0,373.0,11.0,51.0,201.0
44.0,189.0,78.0,5.0,63.0,-386.0,539.0,94.0,42.0,177.0
72.0,471.0,87.0,37.0,-28.0,-457.0,595.0,354.0,60.0,138.0
76.0,201.0,132.0,54.0,67.0,-421.0,552.0,428.0,77.0,106.0
75.0,259.0,102.0,15.0,40.0,-306.0,461.0,436.0,93.0,71.0
48.0,232.0,95.0,-57.0,-22.0,-327.0,395.0,371.0,113.0,32.0
67.0,230.0,49.0,-50.0,-92.0,-289.0,425.0,205.0,127.0,-23.0
84.0,196.0,50.0,58.0,-83.0,-237.0,384.0,240.0,131.0,-93.0
88.0,76.0,78.0,158.0,70.0,-111.0,191.0,112.0,126.0,-138.0
112.0,-145.0,45.0,216.0,-98.0,33.0,6.0,60.0,124.0,-198.0
107.0,-215.0,0.0,207.0,-124.0,-85.0,-40.0,83.0,107.0,-239.0
106.0,79.0,0.0,162.0,-49.0,14.0,-92.0,168.0,82.0,-258.0
85.0,-74.0,7.0,122.0,18.0,155.0,-191.0,382.0,48.0,-276.0
99.0,-119.0,-5.0,179.0,60.0,363.0,-194.0,478.0,3.0,-252.0
118.0,6.0,-47.0,262.0,-223.0,415.0,-123.0,607.0,-33.0,-228.0
118.0,150.0,-71.0,252.0,-251.0,236.0,-29.0,478.0,-59.0,-186.0
116.0,236.0,-61.0,224.0,-6.0,369.0,-2.0,386.0,-61.0,-130.0
105.0,241.0,-51.0,168.0,12.0,468.0,21.0,242.0,-78.0,-83.0
88.0,336.0,-18.0,82.0,-107.0,519.0,87.0,5.0,-116.0,-8.0
54.0,317.0,-28.0,46.0,-97.0,423.0,72.0,-27.0,-138.0,49.0
63.0,32.0,3.0,34.0,22.0,446.0,-127.0,-160.0,-134.0,72.0
84.0,-396.0,-3.0,0.0,106.0,465.0,-364.0,-70.0,-110.0,99.0
119.0,-351.0,32.0,-10.0,-38.0,206.0,-401.0,-60.0,-83.0,118.0
108.0,-384.0,79.0,22.0,-219.0,118.0,-293.0,-22.0,-59.0,105.0
99.0,-447.0,29.0,51.0,25.0,-65.0,-217.0,168.0,-47.0,71.0
60.0,-321.0,87.0,56.0,177.0,-164.0,-289.0,164.0,-40.0,44.0
0.0,-375.0,102.0,63.0,-46.0,-206.0,-347.0,181.0,-32.0,18.0
-17.0,-320.0,112.0,64.0,-92.0,-236.0,-318.0,57.0,-22.0,-9.0
-64.0,16.0,94.0,61.0,15.0,-148.0,-317.0,-1.0,-40.0,-19.0
-52.0,322.0,63.0,82.0,140.0,-123.0,-407.0,-123.0,-74.0,-25.0
-54.0,169.0,64.0,86.0,89.0,-152.0,-536.0,-155.0,-91.0,-29.0
-34.0,161.0,0.0,73.0,-56.0,-181.0,-491.0,86.0,-97.0,-28.0
-66.0,272.0,31.0,77.0,91.0,-153.0,-268.0,201.0,-92.0,-12.0
-117.0,290.0,60.0,121.0,225.0,-126.0,5.0,339.0,-89.0,10.0
-114.0,268.0,44.0,137.0,181.0,100.0,229.0,275.0,-89.0,23.0
-133.0,132.0,38.0,122.0,40.0,214.0,437.0,173.0,-87.0,65.0
-127.0,209.0,30.0,131.0,-51.0,198.0,668.0,155.0,-78.0,109.0
-139.0,2.0,55.0,131.0,64.0,133.0,888.0,46.0,-48.0,135.0
-102.0,-332.0,74.0,90.0,86.0,16.0,1012.0,29.0,-16.0,166.0
-71.0,-302.0,72.0,54.0,-33.0,191.0,949.0,-49.0,19.0,188.0
-48.0,-178.0,67.0,69.0,-17.0,277.0,776.0,-29.0,22.0,213.0
-45.0,-204.0,87.0,72.0,82.0,318.0,537.0,-70.0,16.0,234.0
-45.0,-306.0,122.0,76.0,96.0,482.0,253.0,-120.0,20.0,237.0
-25.0,-194.0,132.0,67.0,-22.0,498.0,-80.0,-60.0,0.0,237.0
22.0,-284.0,133.0,96.0,-191.0,489.0,-425.0,-219.0,-26.0,235.0
65.0,-336.0,139.0,183.0,-109.0,354.0,-736.0,-254.0,-61.0,225.0
79.0,54.0,174.0,223.0,38.0,232.0,-930.0,-310.0,-100.0,204.0
121.0,205.0,176.0,260.0,-124.0,337.0,-932.0,-310.0,-132.0,182.0
106.0,126.0,119.0,228.0,-190.0,229.0,-906.0,-205.0,-151.0,127.0
112.0,131.0,121.0,72.0,42.0,262.0,-869.0,-214.0,-137.0,54.0
81.0,293.0,122.0,-65.0,116.0,500.0,-715.0,-169.0,-142.0,-14.0
72.0,358.0,127.0,-89.0,-17.0,494.0,-462.0,-223.0,-146.0,-105.0
71.0,292.0,150.0,-132.0,-9.0,262.0,-194.0,-129.0,-120.0,-190.0
48.0,335.0,97.0,-165.0,114.0,-2.0,68.0,-55.0,-115.0,-255.0
47.0,297.0,84.0,-96.0,134.0,115.0,350.0,75.0,-103.0,-292.0
31.0,183.0,94.0,-39.0,74.0,365.0,584.0,229.0,-62.0,-314.0
63.0,69.0,25.0,32.0,-51.0,428.0,703.0,96.0,-18.0,-316.0
35.0,152.0,26.0,82.0,-98.0,259.0,732.0,5.0,16.0,-309.0
17.0,-10.0,61.0,146.0,44.0,214.0,712.0,-271.0,33.0,-300.0
0.0,-210.0,44.0,300.0,69.0,365.0,709.0,-432.0,43.0,-259.0
-26.0,-223.0,72.0,380.0,-11.0,321.0,634.0,-467.0,36.0,-221.0
-58.0,-455.0,66.0,358.0,15.0,226.0,338.0,-515.0,2.0,-184.0
-108.0,-329.0,57.0,311.0,118.0,160.0,24.0,-474.0,-34.0,-132.0
-134.0,-200.0,88.0,250.0,91.0,271.0,-86.0,-567.0,-64.0,-72.0
-154.0,-113.0,101.0,117.0,-120.0,415.0,-20.0,-402.0,-110.0,-8.0
-158.0,44.0,129.0,-31.0,-94.0,366.0,3.0,-286.0,-150.0,49.0
-167.0,35.0,204.0,-55.0,85.0,301.0,-129.0,-212.0,-179.0,93.0
-140.0,211.0,221.0,-48.0,68.0,310.0,-258.0,-27.0,-212.0,115.0
-129.0,214.0,195.0,-44.0,-50.0,375.0,-238.0,48.0,-216.0,132.0
-108.0,64.0,243.0,18.0,-152.0,479.0,-143.0,251.0,-187.0,136.0
-97.0,-35.0,162.0,45.0,-62.0,510.0,-91.0,277.0,-137.0,116.0
-77.0,-233.0,76.0,119.0,3.0,475.0,-35.0,304.0,-81.0,81.0
-56.0,-274.0,113.0,228.0,-135.0,549.0,-23.0,260.0,-35.0,54.0
-84.0,-190.0,79.0,202.0,-146.0,593.0,-76.0,109.0,19.0,26.0
-87.0,-185.0,84.0,128.0,-30.0,569.0,-213.0,-29.0,65.0,-7.0
-57.0,-168.0,145.0,92.0,-21.0,533.0,-366.0,-456.0,82.0,-29.0
-4.0,-206.0,96.0,35.0,-27.0,425.0,-367.0,-635.0,101.0,-45.0
5.0,-78.0,67.0,12.0,-35.0,329.0,-234.0,-687.0,128.0,-34.0
1.0,74.0,102.0,124.0,-8.0,303.0,-39.0,-589.0,138.0,0.0
-7.0,91.0,23.0,207.0,211.0,274.0,93.0,-312.0,140.0,26.0
-3.0,290.0,6.0,209.0,117.0,357.0,241.0,-208.0,130.0,39.0
-23.0,295.0,-7.0,165.0,-127.0,507.0,439.0,-35.0,106.0,47.0
-55.0,286.0,-18.0,112.0,96.0,519.0,576.0,-53.0,54.0,38.0
-57.0,284.0,58.0,109.0,146.0,363.0,576.0,-24.0,8.0,24.0
-62.0,125.0,55.0,44.0,-73.0,209.0,419.0,107.0,0.0,2.0
-42.0,179.0,60.0,46.0,-83.0,287.0,278.0,184.0,-19.0,-13.0
-35.0,194.0,24.0,9.0,-66.0,275.0,274.0,245.0,-38.0,-14.0
-35.0,123.0,0.0,-44.0,-31.0,166.0,355.0,-1.0,-54.0,-29.0
-41.0,2.0,-4.0,46.0,-90.0,72.0,392.0,-177.0,-84.0,-29.0
-58.0,28.0,23.0,37.0,-269.0,39.0,397.0,-327.0,-126.0,-15.0
-89.0,61.0,43.0,15.0,-142.0,150.0,431.0,-441.0,-162.0,6.0
-102.0,-35.0,-17.0,50.0,-9.0,93.0,434.0,-487.0,-172.0,34.0
-101.0,44.0,34.0,85.0,-166.0,-3.0,322.0,-596.0,-171.0,65.0
-104.0,-96.0,47.0,81.0,-174.0,155.0,133.0,-463.0,-180.0,115.0
-102.0,-120.0,89.0,50.0,-59.0,341.0,3.0,-354.0,-192.0,157.0
-96.0,114.0,47.0,91.0,75.0,258.0,-25.0,-190.0,-201.0,172.0
-95.0,93.0,-1.0,120.0,46.0,370.0,-5.0,-99.0,-194.0,159.0
-139.0,-38.0,102.0,106.0,-127.0,607.0,-82.0,-118.0,-173.0,136.0
-186.0,-22.0,48.0,105.0,-12.0,475.0,-259.0,-75.0,-139.0,97.0
-224.0,61.0,46.0,105.0,132.0,390.0,-371.0,-229.0,-87.0,22.0
-215.0,-87.0,75.0,48.0,124.0,618.0,-337.0,-254.0,-80.0,-30.0
-187.0,0.0,24.0,31.0,-4.0,703.0,-277.0,-284.0,-84.0,-43.0
-147.0,227.0,16.0,41.0,-30.0,429.0,-292.0,-258.0,-52.0,-56.0
-86.0,304.0,54.0,-39.0,208.0,277.0,-235.0,-290.0,-39.0,-54.0
-54.0,373.0,51.0,-126.0,211.0,372.0,-68.0,-480.0,-34.0,-20.0
-46.0,338.0,72.0,-137.0,-6.0,379.0,95.0,-378.0,-37.0,16.0
-52.0,229.0,106.0,-148.0,-42.0,189.0,205.0,-293.0,-44.0,21.0
-48.0,25.0,14.0,-179.0,89.0,226.0,257.0,-97.0,-55.0,0.0
-50.0,149.0,34.0,-133.0,158.0,509.0,301.0,-36.0,-77.0,-20.0
-41.0,136.0,52.0,-77.0,-47.0,549.0,391.0,-133.0,-80.0,-71.0
-12.0,-93.0,-2.0,-83.0,-171.0,338.0,432.0,-81.0,-81.0,-151.0
16.0,-109.0,1.0,-20.0,52.0,328.0,391.0,-181.0,-80.0,-224.0
17.0,-72.0,-50.0,36.0,106.0,546.0,355.0,-212.0,-97.0,-283.0
20.0,-117.0,-58.0,-3.0,-74.0,305.0,378.0,-280.0,-110.0,-356.0
45.0,-233.0,-18.0,31.0,-113.0,44.0,390.0,-236.0,-99.0,-456.0
24.0,-238.0,-16.0,145.0,-28.0,146.0,288.0,-251.0,-104.0,-497.0
-19.0,-479.0,88.0,212.0,87.0,112.0,293.0,-478.0,-93.0,-537.0
-27.0,-331.0,130.0,249.0,41.0,-119.0,438.0,-548.0,-55.0,-611.0
-6.0,1.0,62.0,301.0,-161.0,-284.0,548.0,-626.0,-23.0,-634.0
-6.0,-44.0,81.0,278.0,-16.0,12.0,560.0,-389.0,-5.0,-628.0
-25.0,37.0,-1.0,255.0,214.0,106.0,500.0,-210.0,9.0,-589.0
-36.0,278.0,-37.0,312.0,93.0,-150.0,505.0,-208.0,22.0,-542.0
-37.0,297.0,5.0,281.0,16.0,-52.0,519.0,-155.0,55.0,-463.0
-43.0,83.0,-18.0,166.0,53.0,225.0,433.0,-266.0,99.0,-353.0
-36.0,330.0,34.0,110.0,105.0,409.0,101.0,-256.0,103.0,-272.0
-27.0,443.0,53.0,107.0,102.0,223.0,-384.0,-338.0,94.0,-210.0
-25.0,311.0,45.0,30.0,-79.0,85.0,-726.0,-328.0,66.0,-150.0
-13.0,254.0,58.0,-65.0,-97.0,105.0,-819.0,-223.0,52.0,-88.0
-15.0,206.0,78.0,-163.0,183.0,-38.0,-818.0,-194.0,65.0,-62.0
-19.0,176.0,38.0,-242.0,182.0,-89.0,-902.0,-68.0,41.0,-34.0
-50.0,89.0,22.0,-216.0,-49.0,-121.0,-922.0,-99.0,22.0,17.0
-73.0,45.0,24.0,-220.0,-22.0,5.0,-730.0,-64.0,45.0,38.0
-61.0,-245.0,-64.0,-197.0,120.0,-24.0,-339.0,-55.0,66.0,24.0
-34.0,-263.0,-26.0,-106.0,188.0,-95.0,46.0,-90.0,82.0,15.0
-22.0,-320.0,-66.0,-58.0,44.0,153.0,278.0,-151.0,93.0,22.0
-34.0,-422.0,-98.0,-38.0,-78.0,202.0,421.0,-328.0,98.0,2.0
-28.0,-213.0,-37.0,3.0,59.0,173.0,623.0,-308.0,83.0,-16.0
-25.0,-203.0,-101.0,107.0,96.0,144.0,791.0,-334.0,46.0,13.0
-7.0,-51.0,-74.0,172.0,-71.0,264.0,780.0,-303.0,29.0,48.0
-15.0,-22.0,-30.0,170.0,-82.0,405.0,751.0,-260.0,17.0,71.0
-13.0,-86.0,-22.0,137.0,78.0,234.0,757.0,-317.0,0.0,112.0
0.0,-40.0,6.0,71.0,116.0,179.0,740.0,-277.0,-25.0,130.0
-3.0,96.0,-14.0,-41.0,10.0,277.0,586.0,-349.0,-56.0,116.0
4.0,185.0,-15.0,-160.0,-165.0,279.0,473.0,-352.0,-72.0,71.0
-19.0,71.0,-18.0,-159.0,-146.0,209.0,502.0,-400.0,-101.0,8.0
-57.0,327.0,-28.0,-75.0,40.0,55.0,542.0,-339.0,-132.0,-59.0
-98.0,386.0,-47.0,-6.0,2.0,53.0,514.0,-153.0,-161.0,-142.0
-104.0,306.0,-85.0,10.0,-128.0,297.0,395.0,-72.0,-198.0,-205.0
-97.0,451.0,-118.0,47.0,-60.0,303.0,397.0,70.0,-204.0,-232.0
-112.0,339.0,-167.0,15.0,120.0,195.0,531.0,-16.0,-181.0,-243.0
-116.0,151.0,-171.0,-48.0,106.0,143.0,630.0,14.0,-167.0,-260.0
-116.0,46.0,-215.0,0.0,-126.0,-49.0,509.0,-36.0,-161.0,-229.0
-124.0,35.0,-254.0,48.0,-141.0,-247.0,232.0,-190.0,-146.0,-165.0
-112.0,-106.0,-226.0,93.0,49.0,-327.0,31.0,-186.0,-98.0,-132.0
-92.0,-107.0,-252.0,120.0,20.0,-234.0,-44.0,-389.0,-35.0,-80.0
-86.0,-118.0,-268.0,156.0,-70.0,-93.0,-98.0,-410.0,-4.0,11.0
-53.0,-297.0,-259.0,80.0,-22.0,-239.0,-226.0,-402.0,34.0,102.0
-50.0,-231.0,-258.0,-44.0,103.0,-277.0,-406.0,-338.0,96.0,163.0
-37.0,-84.0,-244.0,-60.0,98.0,-107.0,-548.0,-301.0,131.0,243.0
-53.0,-108.0,-251.0,-67.0,-79.0,-189.0,-559.0,-371.0,141.0,318.0
-52.0,-282.0,-254.0,-43.0,-20.0,-42.0,-487.0,-323.0,147.0,332.0
-40.0,-121.0,-206.0,-28.0,119.0,39.0,-344.0,-389.0,147.0,323.0
-71.0,-98.0,-123.0,-83.0,27.0,-114.0,-235.0,-243.0,141.0,314.0
-58.0,-62.0,-74.0,-178.0,-48.0,-169.0,-192.0,-212.0,134.0,282.0
-80.0,182.0,-109.0,-177.0,-71.0,-130.0,-197.0,-188.0,116.0,217.0
-78.0,131.0,-81.0,-168.0,-77.0,2.0,-235.0,-149.0,77.0,160.0
-92.0,139.0,-70.0,-155.0,39.0,-104.0,-134.0,-321.0,47.0,126.0
-116.0,258.0,-34.0,-86.0,9.0,-40.0,83.0,-197.0,30.0,75.0
-122.0,222.0,27.0,-83.0,-105.0,65.0,268.0,-186.0,10.0,0.0
-132.0,-60.0,-45.0,-215.0,39.0,19.0,333.0,-169.0,1.0,-44.0
-103.0,129.0,-19.0,-401.0,162.0,-164.0,426.0,-188.0,-1.0,-51.0
-105.0,182.0,-57.0,-419.0,-6.0,-472.0,579.0,-408.0,1.0,-67.0
-104.0,-249.0,-111.0,-396.0,-131.0,-352.0,749.0,-522.0,6.0,-80.0
-105.0,-160.0,-98.0,-316.0,61.0,-106.0,785.0,-687.0,3.0,-56.0
-111.0,-55.0,-118.0,-176.0,192.0,-98.0,606.0,-609.0,-15.0,-30.0
-112.0,-171.0,-89.0,-136.0,5.0,-305.0,444.0,-493.0,-41.0,-43.0
-116.0,-190.0,-120.0,-113.0,-121.0,-410.0,391.0,-408.0,-47.0,-54.0
-95.0,-185.0,-181.0,-64.0,94.0,-378.0,458.0,-380.0,-31.0,-56.0
-91.0,-164.0,-189.0,0.0,212.0,-546.0,489.0,-474.0,-23.0,-87.0
-100.0,-48.0,-209.0,3.0,56.0,-612.0,395.0,-356.0,-21.0,-144.0
-85.0,43.0,-277.0,-17.0,-68.0,-567.0,246.0,-341.0,-18.0,-177.0
-90.0,43.0,-206.0,-22.0,-105.0,-688.0,123.0,-175.0,-20.0,-213.0
-111.0,111.0,-196.0,-45.0,79.0,-808.0,2.0,79.0,-2.0,-290.0
-133.0,154.0,-231.0,-31.0,61.0,-719.0,-208.0,284.0,17.0,-362.0
-141.0,77.0,-165.0,60.0,-164.0,-449.0,-378.0,424.0,11.0,-393.0
-144.0,124.0,-208.0,100.0,-22.0,-387.0,-397.0,258.0,14.0,-409.0
-182.0,168.0,-211.0,12.0,135.0,-477.0,-289.0,260.0,25.0,-436.0
-190.0,185.0,-196.0,-81.0,98.0,-479.0,-194.0,157.0,25.0,-431.0
-150.0,138.0,-196.0,-110.0,-79.0,-423.0,-141.0,-70.0,26.0,-373.0
-113.0,-155.0,-173.0,-54.0,-205.0,-258.0,-59.0,-351.0,25.0,-296.0
-89.0,-199.0,-135.0,8.0,25.0,-345.0,130.0,-685.0,14.0,-231.0
-77.0,-142.0,-108.0,30.0,119.0,-441.0,358.0,-737.0,-16.0,-149.0
-59.0,-205.0,-97.0,51.0,-127.0,-276.0,443.0,-740.0,-63.0,-50.0
-37.0,-94.0,-80.0,48.0,-173.0,-229.0,459.0,-528.0,-116.0,10.0
-56.0,147.0,-88.0,60.0,152.0,-400.0,511.0,-306.0,-163.0,57.0
-55.0,129.0,-51.0,107.0,319.0,-603.0,524.0,-62.0,-212.0,96.0
-42.0,-47.0,-55.0,148.0,0.0,-494.0,344.0,142.0,-244.0,105.0
-48.0,-43.0,-25.0,208.0,-210.0,-283.0,-52.0,94.0,-277.0,68.0
-34.0,-15.0,-10.0,174.0,-35.0,-284.0,-461.0,199.0,-323.0,29.0
-34.0,-133.0,-43.0,12.0,67.0,-217.0,-648.0,147.0,-332.0,5.0
-32.0,-250.0,-14.0,-131.0,-63.0,-124.0,-694.0,90.0,-331.0,-62.0
-73.0,-208.0,-24.0,-183.0,-115.0,-316.0,-670.0,22.0,-313.0,-127.0
-117.0,-175.0,-25.0,-134.0,27.0,-495.0,-579.0,-205.0,-270.0,-156.0
-145.0,111.0,-29.0,-93.0,154.0,-675.0,-505.0,-303.0,-226.0,-177.0
-184.0,266.0,-73.0,-94.0,133.0,-729.0,-393.0,-421.0,-168.0,-228.0
-184.0,160.0,-80.0,-110.0,-70.0,-598.0,-244.0,-388.0,-108.0,-280.0
-174.0,257.0,-76.0,-132.0,-69.0,-736.0,-62.0,-386.0,-14.0,-282.0
-138.0,374.0,-132.0,-207.0,158.0,-767.0,91.0,-303.0,59.0,-294.0
-124.0,226.0,-145.0,-212.0,50.0,-778.0,228.0,-158.0,95.0,-306.0
-142.0,-53.0,-151.0,-186.0,-107.0,-759.0,372.0,-195.0,120.0,-284.0
-167.0,67.0,-215.0,-242.0,4.0,-643.0,471.0,-88.0,115.0,-235.0
-201.0,1.0,-160.0,-242.0,162.0,-674.0,459.0,-151.0,121.0,-171.0
-201.0,-235.0,-137.0,-287.0,154.0,-505.0,377.0,-173.0,112.0,-106.0
-199.0,-248.0,-169.0,-305.0,-144.0,-347.0,370.0,-164.0,100.0,-26.0
-174.0,-82.0,-111.0,-244.0,-195.0,-171.0,315.0,-256.0,92.0,35.0
-167.0,21.0,-137.0,-137.0,110.0,-210.0,207.0,-103.0,75.0,79.0
-154.0,-4.0,-148.0,-28.0,64.0,-584.0,164.0,42.0,80.0,123.0
-115.0,86.0,-108.0,-35.0,-256.0,-651.0,306.0,184.0,85.0,162.0
-119.0,-169.0,-95.0,-55.0,-203.0,-557.0,500.0,155.0,82.0,197.0
-118.0,-158.0,-95.0,-15.0,130.0,-585.0,480.0,160.0,68.0,204.0
-149.0,-16.0,-100.0,66.0,113.0,-653.0,321.0,138.0,51.0,216.0
-161.0,-240.0,-51.0,131.0,-79.0,-546.0,150.0,-18.0,36.0,226.0
-166.0,-441.0,-51.0,163.0,-74.0,-419.0,69.0,70.0,11.0,203.0
-192.0,-353.0,-40.0,86.0,30.0,-311.0,-9.0,-25.0,-16.0,164.0
-178.0,-330.0,-67.0,-38.0,123.0,-210.0,-102.0,-66.0,-47.0,144.0
-178.0,-537.0,-88.0,-97.0,-21.0,-183.0,-165.0,-151.0,-87.0,122.0
-166.0,-143.0,-67.0,-139.0,-154.0,-220.0,-202.0,-304.0,-152.0,69.0
-122.0,51.0,-110.0,-171.0,29.0,-375.0,-170.0,-144.0,-201.0,35.0
-83.0,98.0,-86.0,-214.0,236.0,-306.0,-204.0,38.0,-226.0,26.0
-52.0,215.0,-119.0,-209.0,113.0,-255.0,-331.0,227.0,-218.0,16.0
-20.0,42.0,-92.0,-228.0,-107.0,-306.0,-434.0,155.0,-186.0,7.0
0.0,184.0,-74.0,-185.0,-4.0,-370.0,-448.0,131.0,-175.0,22.0
9.0,272.0,-97.0,-34.0,176.0,-420.0,-560.0,134.0,-127.0,53.0
-11.0,211.0,-23.0,29.0,77.0,-231.0,-861.0,68.0,-87.0,68.0
-14.0,136.0,-98.0,57.0,-135.0,-130.0,-1157.0,151.0,-71.0,91.0
4.0,155.0,-86.0,5.0,-76.0,-121.0,-1309.0,36.0,-49.0,129.0
-11.0,264.0,-67.0,-72.0,112.0,-233.0,-1249.0,25.0,-16.0,158.0
-23.0,338.0,-98.0,-120.0,-21.0,-349.0,-1042.0,-92.0,41.0,161.0
-85.0,461.0,-80.0,-152.0,-239.0,-357.0,-733.0,-291.0,80.0,165.0
-126.0,532.0,-105.0,-155.0,-108.0,-445.0,-300.0,-315.0,108.0,175.0
-129.0,592.0,-94.0,-166.0,72.0,-420.0,144.0,-336.0,128.0,168.0
-143.0,543.0,-159.0,-141.0,28.0,-488.0,466.0,-155.0,132.0,134.0
-154.0,335.0,-157.0,-96.0,-94.0,-651.0,670.0,-168.0,134.0,104.0
-187.0,200.0,-153.0,-20.0,-72.0,-659.0,792.0,-208.0,123.0,87.0
-221.0,275.0,-151.0,6.0,121.0,-669.0,915.0,-86.0,80.0,48.0
-253.0,138.0,-124.0,-1.0,154.0,-655.0,959.0,7.0,27.0,25.0
-273.0,-159.0,-127.0,-107.0,-20.0,-717.0,834.0,151.0,-28.0,22.0
-271.0,-146.0,-81.0,-273.0,-64.0,-816.0,679.0,125.0,-102.0,17.0
-245.0,-176.0,-112.0,-304.0,114.0,-792.0,543.0,164.0,-141.0,20.0
-230.0,-273.0,-127.0,-332.0,188.0,-843.0,495.0,92.0,-188.0,12.0
-206.0,-327.0,-131.0,-333.0,51.0,-874.0,439.0,-49.0,-245.0,2.0
-206.0,-259.0,-154.0,-310.0,-75.0,-843.0,249.0,-75.0,-268.0,-12.0
-239.0,-242.0,-169.0,-248.0,-4.0,-814.0,-12.0,-116.0,-286.0,-44.0
-227.0,-357.0,-162.0,-141.0,114.0,-761.0,-208.0,24.0,-286.0,-59.0
-213.0,-238.0,-158.0,-132.0,-59.0,-688.0,-287.0,-86.0,-273.0,-46.0
-181.0,-244.0,-138.0,-116.0,-159.0,-596.0,-379.0,-212.0,-268.0,-37.0
-170.0,-66.0,-78.0,-141.0,85.0,-566.0,-487.0,-212.0,-275.0,-32.0
-180.0,-54.0,-69.0,-235.0,203.0,-557.0,-557.0,-221.0,-263.0,-3.0
-165.0,-186.0,-30.0,-296.0,-12.0,-512.0,-464.0,-112.0,-245.0,18.0
-150.0,-9.0,-44.0,-375.0,-145.0,-375.0,-333.0,-140.0,-242.0,14.0
-118.0,4.0,-34.0,-351.0,9.0,-219.0,-345.0,-60.0,-223.0,25.0
-129.0,-18.0,8.0,-236.0,130.0,-277.0,-398.0,-31.0,-201.0,38.0
-131.0,-166.0,7.0,-155.0,27.0,-257.0,-338.0,24.0,-191.0,43.0
-118.0,106.0,10.0,-141.0,-58.0,-98.0,-176.0,35.0,-174.0,41.0
-126.0,206.0,-44.0,-143.0,102.0,-160.0,-124.0,-48.0,-148.0,36.0
-118.0,-11.0,-99.0,-119.0,223.0,-142.0,-146.0,107.0,-145.0,41.0
-123.0,57.0,-118.0,-120.0,133.0,-164.0,-148.0,64.0,-147.0,24.0
-98.0,10.0,-71.0,-120.0,-40.0,-219.0,-75.0,86.0,-152.0,-16.0
-66.0,89.0,-80.0,-131.0,-50.0,-256.0,-25.0,109.0,-157.0,-58.0
-52.0,138.0,-59.0,-145.0,119.0,-571.0,-110.0,40.0,-140.0,-81.0
-55.0,174.0,-30.0,-132.0,50.0,-633.0,-252.0,64.0,-117.0,-97.0
-66.0,276.0,-68.0,-107.0,-74.0,-601.0,-407.0,-36.0,-84.0,-112.0
-73.0,573.0,-66.0,-164.0,-58.0,-794.0,-538.0,64.0,-80.0,-88.0
-67.0,604.0,-71.0,-304.0,0.0,-884.0,-647.0,127.0,-108.0,-59.0
-53.0,342.0,-44.0,-392.0,116.0,-857.0,-677.0,194.0,-134.0,-29.0
-85.0,313.0,-54.0,-352.0,-44.0,-732.0,-546.0,247.0,-143.0,5.0
-99.0,252.0,-20.0,-249.0,-225.0,-758.0,-278.0,96.0,-143.0,35.0
-101.0,57.0,0.0,-170.0,39.0,-1002.0,-79.0,64.0,-161.0,63.0
-102.0,-191.0,20.0,-70.0,84.0,-1057.0,-34.0,-51.0,-160.0,62.0
-87.0,-162.0,60.0,25.0,-217.0,-1001.0,-32.0,-36.0,-145.0,67.0
-56.0,-275.0,2.0,78.0,-146.0,-893.0,46.0,-55.0,-142.0,77.0
-14.0,-308.0,32.0,96.0,117.0,-768.0,185.0,-127.0,-135.0,51.0
0.0,-383.0,15.0,114.0,140.0,-732.0,224.0,-68.0,-114.0,22.0
12.0,-473.0,1.0,122.0,37.0,-619.0,179.0,-179.0,-86.0,16.0
5.0,-103.0,48.0,62.0,-81.0,-488.0,176.0,-51.0,-60.0,-12.0
12.0,-88.0,16.0,-72.0,-38.0,-222.0,214.0,27.0,-37.0,-43.0
14.0,-192.0,23.0,-205.0,130.0,-146.0,134.0,60.0,-12.0,-32.0
1.0,-140.0,0.0,-242.0,38.0,-169.0,-14.0,186.0,16.0,-44.0
-3.0,216.0,0.0,-290.0,-73.0,5.0,-138.0,192.0,33.0,-53.0
-1.0,260.0,0.0,-332.0,38.0,33.0,-219.0,245.0,48.0,-34.0
-1.0,84.0,-22.0,-274.0,114.0,24.0,-209.0,110.0,68.0,6.0
-15.0,321.0,5.0,-221.0,69.0,-181.0,-224.0,0.0,88.0,63.0
-41.0,242.0,-4.0,-195.0,-83.0,-354.0,-235.0,-114.0,121.0,114.0
-69.0,179.0,17.0,-155.0,-106.0,-269.0,-186.0,-116.0,145.0,175.0
-70.0,182.0,63.0,-164.0,48.0,-327.0,-51.0,-70.0,147.0,223.0
-68.0,148.0,54.0,-204.0,56.0,-416.0,113.0,-140.0,144.0,269.0
-40.0,115.0,29.0,-179.0,-112.0,-325.0,204.0,-73.0,145.0,313.0
-20.0,24.0,45.0,-140.0,-147.0,-187.0,289.0,-284.0,141.0,344.0
-10.0,-129.0,61.0,-103.0,41.0,-56.0,381.0,-445.0,122.0,349.0
-13.0,-393.0,71.0,-75.0,115.0,-15.0,420.0,-400.0,72.0,325.0
-34.0,-263.0,90.0,10.0,-72.0,-64.0,384.0,-282.0,40.0,316.0
-26.0,-164.0,84.0,78.0,-181.0,41.0,246.0,-64.0,38.0,291.0
-6.0,-420.0,51.0,2.0,-58.0,14.0,49.0,36.0,27.0,267.0
19.0,-354.0,27.0,-72.0,-29.0,-82.0,-96.0,197.0,30.0,241.0
15.0,44.0,68.0,-186.0,-67.0,-198.0,-242.0,275.0,33.0,209.0
9.0,193.0,107.0,-260.0,-64.0,-179.0,-453.0,424.0,44.0,193.0
23.0,193.0,97.0,-245.0,12.0,73.0,-746.0,498.0,41.0,176.0
30.0,287.0,68.0,-179.0,161.0,2.0,-960.0,424.0,35.0,175.0
7.0,232.0,23.0,-79.0,46.0,-8.0,-948.0,511.0,40.0,175.0
-13.0,206.0,14.0,-63.0,-65.0,-66.0,-881.0,356.0,17.0,190.0
-24.0,84.0,39.0,-76.0,79.0,-176.0,-855.0,155.0,-15.0,217.0
-22.0,-111.0,0.0,-111.0,125.0,-59.0,-767.0,-7.0,-49.0,228.0
3.0,-70.0,-23.0,-126.0,13.0,-75.0,-503.0,-147.0,-64.0,228.0
21.0,-79.0,-21.0,-114.0,-108.0,-84.0,-184.0,-190.0,-83.0,199.0
57.0,-188.0,-42.0,-123.0,-105.0,-167.0,112.0,-319.0,-101.0,158.0
77.0,-300.0,5.0,-125.0,109.0,-233.0,358.0,-277.0,-92.0,118.0
82.0,-45.0,34.0,-135.0,86.0,-344.0,552.0,-218.0,-81.0,71.0
101.0,106.0,18.0,-108.0,-151.0,-438.0,738.0,-53.0,-79.0,34.0
104.0,21.0,37.0,-28.0,-86.0,-228.0,861.0,116.0,-105.0,-5.0
106.0,54.0,24.0,40.0,34.0,-134.0,925.0,125.0,-110.0,-48.0
90.0,33.0,68.0,81.0,12.0,15.0,939.0,253.0,-109.0,-57.0
84.0,206.0,110.0,95.0,-85.0,213.0,970.0,258.0,-115.0,-48.0
107.0,129.0,137.0,79.0,12.0,329.0,876.0,319.0,-104.0,-54.0
76.0,6.0,173.0,34.0,131.0,566.0,572.0,225.0,-82.0,-56.0
67.0,-68.0,89.0,-24.0,-23.0,566.0,243.0,66.0,-38.0,-21.0
67.0,-21.0,102.0,-72.0,-63.0,420.0,74.0,60.0,0.0,11.0
46.0,-5.0,30.0,-83.0,-62.0,220.0,17.0,-116.0,29.0,28.0
29.0,-316.0,-39.0,-79.0,-26.0,166.0,-170.0,-230.0,32.0,65.0
-24.0,-228.0,0.0,-76.0,155.0,427.0,-408.0,-410.0,13.0,89.0
4.0,-262.0,-70.0,-29.0,88.0,329.0,-621.0,-378.0,-8.0,88.0
8.0,-316.0,-83.0,-23.0,-72.0,122.0,-794.0,-188.0,-11.0,61.0
0.0,-126.0,-151.0,-93.0,123.0,143.0,-921.0,-103.0,-16.0,27.0
18.0,76.0,-155.0,-200.0,120.0,118.0,-1050.0,-12.0,-56.0,-9.0
9.0,231.0,-162.0,-258.0,-104.0,4.0,-1157.0,-64.0,-98.0,-72.0
46.0,240.0,-188.0,-167.0,-81.0,-259.0,-1188.0,46.0,-132.0,-123.0
44.0,230.0,-137.0,-14.0,-49.0,-374.0,-1042.0,-1.0,-147.0,-154.0
32.0,371.0,-149.0,134.0,63.0,-233.0,-800.0,-84.0,-143.0,-164.0
17.0,518.0,-143.0,159.0,25.0,-23.0,-614.0,-7.0,-132.0,-160.0
5.0,124.0,-115.0,55.0,-173.0,-10.0,-480.0,22.0,-115.0,-126.0
-6.0,23.0,-81.0,-20.0,-48.0,-70.0,-283.0,179.0,-78.0,-61.0
-41.0,76.0,-58.0,-57.0,51.0,135.0,-99.0,81.0,-31.0,-18.0
-44.0,-129.0,11.0,-54.0,-116.0,236.0,59.0,101.0,19.0,27.0
-36.0,-195.0,48.0,-31.0,-128.0,245.0,300.0,210.0,80.0,63.0
-53.0,-386.0,80.0,0.0,-78.0,259.0,537.0,158.0,103.0,72.0
-96.0,-467.0,112.0,40.0,-56.0,321.0,709.0,229.0,132.0,51.0
-135.0,-397.0,115.0,16.0,6.0,286.0,790.0,90.0,167.0,0.0
-165.0,-319.0,115.0,-23.0,-130.0,175.0,775.0,53.0,197.0,-17.0
-187.0,-439.0,154.0,-2.0,-96.0,381.0,736.0,44.0,225.0,-36.0
-191.0,-310.0,208.0,55.0,132.0,500.0,821.0,-11.0,234.0,-86.0
-139.0,17.0,175.0,58.0,55.0,500.0,912.0,11.0,251.0,-109.0
-101.0,-77.0,250.0,95.0,-154.0,471.0,850.0,-112.0,255.0,-100.0
-67.0,-57.0,199.0,131.0,-76.0,540.0,753.0,-129.0,259.0,-98.0
-22.0,71.0,188.0,112.0,174.0,679.0,721.0,-234.0,245.0,-97.0
-27.0,231.0,205.0,183.0,77.0,638.0,710.0,-238.0,221.0,-70.0
-17.0,266.0,88.0,223.0,-95.0,708.0,546.0,-212.0,209.0,-45.0
0.0,132.0,159.0,197.0,78.0,763.0,218.0,-223.0,199.0,-13.0
61.0,326.0,81.0,114.0,136.0,726.0,-125.0,-53.0,176.0,38.0
117.0,524.0,39.0,55.0,90.0,722.0,-352.0,-142.0,133.0,62.0
128.0,487.0,57.0,44.0,55.0,730.0,-501.0,-166.0,133.0,87.0
150.0,512.0,36.0,31.0,-95.0,789.0,-659.0,-157.0,152.0,106.0
171.0,496.0,111.0,48.0,53.0,859.0,-847.0,-162.0,157.0,113.0
172.0,215.0,136.0,0.0,256.0,739.0,-1030.0,-27.0,146.0,136.0
148.0,0.0,188.0,-77.0,26.0,511.0,-1084.0,38.0,132.0,124.0
135.0,-379.0,136.0,-128.0,-121.0,344.0,-1090.0,201.0,132.0,99.0
141.0,-682.0,110.0,-120.0,1.0,185.0,-1087.0,225.0,121.0,64.0
149.0,-497.0,117.0,-21.0,-31.0,23.0,-1066.0,194.0,118.0,29.0
142.0,-476.0,88.0,107.0,-55.0,-91.0,-1010.0,103.0,90.0,-5.0
146.0,-431.0,102.0,197.0,-109.0,-83.0,-911.0,16.0,45.0,-59.0
125.0,-112.0,119.0,200.0,-167.0,-156.0,-810.0,48.0,3.0,-90.0
90.0,330.0,112.0,175.0,2.0,-185.0,-595.0,-84.0,-32.0,-99.0
97.0,264.0,53.0,148.0,-41.0,16.0,-269.0,-40.0,-64.0,-77.0
94.0,-8.0,108.0,73.0,-153.0,171.0,62.0,3.0,-107.0,-29.0
78.0,329.0,168.0,18.0,-70.0,112.0,310.0,-1.0,-102.0,37.0
60.0,323.0,187.0,-30.0,-77.0,-81.0,490.0,-18.0,-77.0,102.0
65.0,129.0,193.0,-89.0,-110.0,-160.0,666.0,-158.0,-55.0,167.0
70.0,173.0,117.0,-64.0,-163.0,-133.0,900.0,-145.0,-23.0,238.0
50.0,182.0,111.0,0.0,-143.0,-106.0,1123.0,-236.0,15.0,289.0
43.0,256.0,86.0,-32.0,91.0,-69.0,1191.0,-243.0,67.0,328.0
42.0,199.0,29.0,-79.0,113.0,14.0,1135.0,-277.0,127.0,343.0
53.0,93.0,91.0,-83.0,-43.0,191.0,1006.0,-286.0,175.0,347.0
76.0,-8.0,98.0,-81.0,-99.0,344.0,814.0,-72.0,213.0,344.0
96.0,-17.0,62.0,-25.0,-40.0,431.0,508.0,42.0,253.0,322.0
136.0,-36.0,81.0,24.0,80.0,465.0,141.0,295.0,269.0,286.0
159.0,-227.0,67.0,87.0,24.0,378.0,-154.0,371.0,267.0,254.0
159.0,-268.0,45.0,51.0,31.0,369.0,-290.0,447.0,251.0,218.0
179.0,-57.0,51.0,-31.0,142.0,494.0,-311.0,480.0,225.0,176.0
198.0,-144.0,107.0,-13.0,147.0,546.0,-336.0,221.0,184.0,157.0
220.0,-479.0,91.0,78.0,78.0,502.0,-372.0,75.0,149.0,141.0
236.0,-347.0,109.0,200.0,-74.0,379.0,-378.0,-194.0,137.0,136.0
257.0,31.0,156.0,166.0,-16.0,557.0,-352.0,-303.0,113.0,123.0
267.0,133.0,124.0,66.0,78.0,772.0,-326.0,-351.0,103.0,102.0
288.0,-71.0,126.0,3.0,-132.0,638.0,-300.0,-269.0,106.0,93.0
305.0,123.0,111.0,-17.0,-166.0,484.0,-277.0,1.0,140.0,72.0
292.0,319.0,118.0,55.0,-58.0,304.0,-193.0,101.0,165.0,58.0
272.0,166.0,118.0,159.0,-8.0,381.0,-104.0,269.0,154.0,46.0
254.0,209.0,120.0,144.0,126.0,377.0,-73.0,232.0,148.0,41.0
265.0,78.0,103.0,56.0,3.0,298.0,-40.0,317.0,142.0,70.0
241.0,337.0,56.0,35.0,-92.0,462.0,69.0,439.0,143.0,101.0
222.0,549.0,65.0,9.0,102.0,301.0,221.0,360.0,145.0,115.0
215.0,267.0,58.0,-10.0,28.0,134.0,232.0,321.0,168.0,131.0
219.0,218.0,83.0,-28.0,-70.0,-13.0,152.0,73.0,176.0,149.0
234.0,159.0,139.0,-98.0,24.0,-88.0,101.0,-31.0,151.0,153.0
226.0,74.0,141.0,-125.0,-20.0,-66.0,112.0,-184.0,122.0,148.0
233.0,-307.0,193.0,-18.0,82.0,-152.0,63.0,-301.0,77.0,148.0
204.0,-513.0,257.0,84.0,38.0,7.0,-125.0,-266.0,56.0,140.0
197.0,-490.0,250.0,92.0,-145.0,143.0,-367.0,-371.0,46.0,130.0
204.0,-665.0,266.0,110.0,51.0,114.0,-517.0,-290.0,62.0,122.0
200.0,-635.0,248.0,145.0,28.0,26.0,-475.0,-341.0,85.0,112.0
198.0,-605.0,230.0,145.0,-68.0,99.0,-475.0,-280.0,73.0,104.0
205.0,-350.0,179.0,190.0,6.0,273.0,-565.0,-84.0,76.0,73.0
231.0,-174.0,170.0,304.0,-9.0,386.0,-582.0,-5.0,68.0,69.0
224.0,-241.0,216.0,359.0,136.0,493.0,-464.0,168.0,66.0,94.0
199.0,-107.0,198.0,326.0,84.0,505.0,-253.0,138.0,61.0,74.0
180.0,142.0,214.0,287.0,-43.0,600.0,-69.0,253.0,50.0,41.0
192.0,363.0,195.0,222.0,111.0,641.0,74.0,391.0,56.0,20.0
206.0,378.0,177.0,148.0,11.0,640.0,210.0,406.0,55.0,8.0
200.0,511.0,152.0,172.0,-12.0,623.0,396.0,391.0,58.0,10.0
212.0,633.0,130.0,183.0,76.0,456.0,550.0,216.0,38.0,19.0
238.0,487.0,129.0,109.0,-83.0,380.0,626.0,73.0,26.0,43.0
235.0,216.0,116.0,12.0,28.0,566.0,678.0,-236.0,17.0,58.0
220.0,17.0,182.0,-64.0,-17.0,799.0,740.0,-365.0,-10.0,58.0
224.0,-86.0,178.0,-118.0,-208.0,657.0,805.0,-288.0,-49.0,57.0
255.0,-252.0,164.0,-100.0,67.0,459.0,738.0,-118.0,-72.0,36.0
258.0,-528.0,214.0,-1.0,2.0,559.0,585.0,164.0,-81.0,0.0
206.0,-627.0,160.0,65.0,-160.0,646.0,429.0,314.0,-117.0,-23.0
149.0,-159.0,132.0,100.0,84.0,425.0,321.0,545.0,-116.0,-25.0
119.0,-106.0,151.0,153.0,-10.0,8.0,227.0,498.0,-120.0,-25.0
118.0,-133.0,166.0,214.0,13.0,10.0,101.0,404.0,-133.0,-30.0
109.0,115.0,149.0,290.0,152.0,170.0,-9.0,336.0,-145.0,-13.0
121.0,141.0,118.0,359.0,-128.0,23.0,-70.0,88.0,-162.0,20.0
107.0,386.0,123.0,368.0,-80.0,-98.0,-39.0,27.0,-152.0,41.0
90.0,291.0,53.0,341.0,70.0,-133.0,-29.0,11.0,-140.0,70.0
70.0,169.0,39.0,266.0,7.0,-83.0,-86.0,120.0,-135.0,108.0
33.0,128.0,66.0,189.0,136.0,-168.0,-157.0,166.0,-133.0,146.0
43.0,67.0,113.0,166.0,-1.0,-204.0,-252.0,145.0,-93.0,184.0
51.0,-3.0,116.0,225.0,-105.0,62.0,-412.0,81.0,-40.0,210.0
58.0,-54.0,122.0,297.0,106.0,202.0,-612.0,-157.0,20.0,241.0
58.0,178.0,143.0,298.0,-56.0,123.0,-791.0,-267.0,74.0,253.0
61.0,97.0,21.0,301.0,-101.0,-62.0,-885.0,-389.0,97.0,242.0
88.0,10.0,64.0,283.0,6.0,4.0,-902.0,-229.0,139.0,227.0
99.0,-62.0,68.0,175.0,-19.0,129.0,-960.0,59.0,182.0,215.0
124.0,-22.0,76.0,15.0,89.0,38.0,-1023.0,216.0,234.0,202.0
152.0,32.0,174.0,-85.0,-58.0,166.0,-970.0,458.0,275.0,194.0
146.0,-95.0,157.0,-110.0,-79.0,198.0,-797.0,461.0,290.0,202.0
159.0,-245.0,155.0,-107.0,87.0,200.0,-646.0,426.0,313.0,205.0
181.0,-385.0,85.0,-100.0,-41.0,509.0,-499.0,240.0,323.0,187.0
214.0,-388.0,105.0,-66.0,-19.0,604.0,-303.0,49.0,313.0,158.0
253.0,-472.0,45.0,0.0,-14.0,441.0,39.0,7.0,306.0,134.0
272.0,-600.0,-4.0,58.0,-125.0,192.0,499.0,-186.0,293.0,84.0
293.0,-554.0,32.0,163.0,93.0,250.0,855.0,-238.0,262.0,38.0
304.0,-45.0,-11.0,308.0,101.0,410.0,1114.0,-325.0,231.0,17.0
301.0,47.0,-9.0,394.0,0.0,192.0,1294.0,-236.0,193.0,6.0
301.0,65.0,-89.0,451.0,162.0,148.0,1457.0,-57.0,165.0,-6.0
329.0,528.0,-82.0,447.0,-34.0,210.0,1507.0,55.0,142.0,-16.0
311.0,655.0,-72.0,397.0,-46.0,329.0,1400.0,242.0,109.0,2.0
294.0,680.0,-27.0,346.0,67.0,452.0,1226.0,232.0,62.0,15.0
298.0,641.0,58.0,273.0,-214.0,276.0,997.0,406.0,0.0,29.0
300.0,679.0,-25.0,215.0,-12.0,143.0,727.0,530.0,-36.0,65.0
307.0,488.0,-17.0,141.0,69.0,115.0,402.0,572.0,-47.0,110.0
272.0,286.0,-26.0,108.0,-217.0,130.0,74.0,585.0,-38.0,162.0
258.0,215.0,-61.0,128.0,40.0,85.0,-280.0,325.0,-22.0,203.0
237.0,-207.0,10.0,186.0,36.0,-2.0,-579.0,60.0,-29.0,235.0
231.0,-337.0,0.0,230.0,-201.0,-27.0,-825.0,-360.0,-26.0,260.0
222.0,-326.0,-54.0,194.0,50.0,-177.0,-1098.0,-618.0,-30.0,235.0
212.0,-383.0,-7.0,158.0,27.0,-158.0,-1305.0,-633.0,-6.0,179.0
203.0,-305.0,-16.0,138.0,-140.0,17.0,-1309.0,-491.0,35.0,122.0
173.0,-461.0,-39.0,170.0,26.0,-114.0,-1114.0,-236.0,56.0,55.0
162.0,-661.0,37.0,184.0,2.0,-222.0,-882.0,-51.0,87.0,0.0
155.0,-642.0,20.0,171.0,-60.0,-239.0,-642.0,282.0,95.0,-63.0
167.0,-582.0,-1.0,198.0,77.0,-274.0,-374.0,386.0,67.0,-119.0
160.0,-546.0,1.0,266.0,35.0,-333.0,-18.0,277.0,22.0,-156.0
148.0,-539.0,-7.0,285.0,-89.0,-383.0,297.0,133.0,-16.0,-178.0
134.0,-467.0,38.0,170.0,-80.0,-177.0,428.0,51.0,-45.0,-178.0
89.0,-248.0,60.0,84.0,-36.0,-158.0,405.0,188.0,-55.0,-165.0
44.0,-57.0,82.0,44.0,-49.0,-226.0,340.0,86.0,-60.0,-132.0
9.0,-11.0,6.0,32.0,-116.0,-171.0,267.0,-27.0,-81.0,-95.0
-11.0,83.0,-49.0,31.0,-59.0,-81.0,52.0,-14.0,-87.0,-59.0
-1.0,295.0,-9.0,9.0,-19.0,91.0,-196.0,29.0,-78.0,-37.0
-13.0,477.0,-38.0,21.0,34.0,142.0,-289.0,97.0,-54.0,-42.0
-22.0,460.0,23.0,30.0,80.0,218.0,-166.0,25.0,-32.0,-67.0
-4.0,508.0,68.0,10.0,-139.0,282.0,-15.0,22.0,-3.0,-100.0
-26.0,608.0,4.0,-64.0,-135.0,299.0,56.0,25.0,18.0,-120.0
-28.0,548.0,-34.0,-112.0,9.0,277.0,177.0,127.0,26.0,-156.0
-16.0,530.0,-31.0,-79.0,-61.0,324.0,327.0,97.0,46.0,-196.0
23.0,206.0,18.0,2.0,-58.0,471.0,402.0,-16.0,61.0,-221.0
55.0,97.0,9.0,-1.0,66.0,383.0,289.0,88.0,67.0,-241.0
45.0,182.0,56.0,-62.0,127.0,105.0,64.0,18.0,76.0,-250.0
45.0,-47.0,56.0,-27.0,76.0,-48.0,-115.0,18.0,113.0,-241.0
26.0,-151.0,5.0,40.0,-28.0,53.0,-204.0,-86.0,144.0,-234.0
28.0,-236.0,56.0,124.0,-28.0,94.0,-198.0,-171.0,150.0,-228.0
24.0,-225.0,51.0,150.0,128.0,31.0,-117.0,-38.0,139.0,-208.0
17.0,-376.0,59.0,169.0,67.0,-5.0,-57.0,-49.0,142.0,-196.0
22.0,-403.0,69.0,155.0,1.0,-97.0,-37.0,49.0,160.0,-184.0
33.0,-335.0,76.0,107.0,145.0,-141.0,-4.0,149.0,159.0,-191.0
61.0,-280.0,-32.0,105.0,93.0,-136.0,-12.0,238.0,155.0,-208.0
57.0,80.0,-37.0,117.0,4.0,-185.0,-17.0,83.0,136.0,-226.0
32.0,147.0,23.0,189.0,26.0,-350.0,7.0,-86.0,110.0,-264.0
-9.0,287.0,-111.0,215.0,17.0,-503.0,49.0,3.0,68.0,-299.0
-35.0,318.0,-23.0,169.0,101.0,-503.0,58.0,-27.0,33.0,-345.0
-34.0,154.0,-25.0,83.0,115.0,-346.0,-31.0,12.0,-6.0,-377.0
-22.0,127.0,-85.0,74.0,-71.0,-217.0,-77.0,-96.0,-52.0,-410.0
-22.0,150.0,-27.0,141.0,-8.0,-160.0,40.0,-171.0,-63.0,-448.0
-30.0,210.0,-48.0,167.0,130.0,-64.0,198.0,-144.0,-93.0,-465.0
-26.0,141.0,43.0,215.0,70.0,-79.0,244.0,-243.0,-126.0,-486.0
-51.0,167.0,46.0,220.0,3.0,-64.0,206.0,-179.0,-144.0,-471.0
-77.0,91.0,-1.0,193.0,-76.0,-121.0,269.0,-145.0,-139.0,-460.0
-111.0,57.0,40.0,164.0,-54.0,-202.0,458.0,-36.0,-109.0,-421.0
-122.0,11.0,50.0,165.0,65.0,-160.0,578.0,42.0,-74.0,-344.0
-112.0,-46.0,57.0,155.0,-16.0,-123.0,527.0,57.0,-30.0,-288.0
-83.0,-42.0,117.0,120.0,-212.0,15.0,354.0,121.0,12.0,-194.0
-24.0,-115.0,134.0,72.0,-130.0,88.0,239.0,14.0,41.0,-112.0
-3.0,-53.0,102.0,14.0,-71.0,225.0,185.0,22.0,78.0,-34.0
-5.0,-15.0,162.0,20.0,-138.0,265.0,50.0,-62.0,122.0,48.0
-24.0,155.0,148.0,39.0,-119.0,197.0,-165.0,-127.0,158.0,110.0
-56.0,110.0,104.0,-20.0,-3.0,229.0,-403.0,-62.0,181.0,175.0
-69.0,52.0,144.0,-134.0,111.0,248.0,-550.0,-86.0,192.0,210.0
-44.0,146.0,73.0,-176.0,32.0,277.0,-625.0,38.0,199.0,236.0
-1.0,111.0,59.0,-124.0,56.0,85.0,-743.0,64.0,191.0,273.0
19.0,219.0,79.0,-56.0,114.0,-120.0,-905.0,190.0,186.0,301.0
24.0,122.0,58.0,-63.0,82.0,-190.0,-935.0,282.0,186.0,311.0
36.0,98.0,93.0,-89.0,101.0,-185.0,-807.0,190.0,166.0,318.0
55.0,93.0,57.0,-60.0,60.0,-222.0,-692.0,162.0,150.0,328.0
62.0,8.0,72.0,-2.0,29.0,-317.0,-559.0,99.0,145.0,320.0
46.0,-199.0,58.0,-13.0,103.0,-358.0,-395.0,149.0,128.0,289.0
36.0,-432.0,30.0,-65.0,118.0,-375.0,-163.0,5.0,121.0,254.0
41.0,-105.0,42.0,-50.0,31.0,-283.0,162.0,-66.0,128.0,206.0
37.0,41.0,6.0,-12.0,39.0,-248.0,427.0,46.0,118.0,131.0
47.0,-15.0,27.0,3.0,40.0,-207.0,608.0,120.0,104.0,72.0
49.0,-37.0,39.0,18.0,51.0,-142.0,799.0,251.0,76.0,14.0
31.0,-98.0,78.0,58.0,16.0,-204.0,977.0,157.0,66.0,-59.0
20.0,-20.0,58.0,69.0,-2.0,-275.0,1022.0,107.0,62.0,-112.0
11.0,-118.0,51.0,110.0,184.0,-348.0,879.0,3.0,40.0,-119.0
4.0,-94.0,98.0,117.0,154.0,-400.0,648.0,-83.0,20.0,-107.0
-1.0,143.0,68.0,46.0,60.0,-242.0,479.0,-48.0,-11.0,-93.0
-27.0,198.0,88.0,28.0,63.0,-81.0,361.0,-81.0,-19.0,-48.0
-54.0,196.0,101.0,43.0,47.0,-53.0,196.0,35.0,-21.0,1.0
-53.0,261.0,111.0,31.0,11.0,-22.0,-62.0,29.0,-46.0,57.0
-41.0,390.0,138.0,-51.0,-130.0,102.0,-321.0,-3.0,-84.0,104.0
-18.0,458.0,133.0,-119.0,-118.0,342.0,-425.0,-55.0,-114.0,119.0
20.0,446.0,135.0,-179.0,-32.0,310.0,-456.0,-105.0,-122.0,129.0
39.0,335.0,119.0,-214.0,29.0,167.0,-457.0,-24.0,-122.0,131.0
50.0,-27.0,103.0,-153.0,-26.0,121.0,-352.0,-1.0,-109.0,115.0
76.0,-176.0,99.0,-78.0,-141.0,28.0,-127.0,110.0,-86.0,101.0
73.0,-175.0,134.0,-12.0,-88.0,22.0,112.0,29.0,-55.0,92.0
28.0,-272.0,137.0,-27.0,-72.0,-43.0,236.0,-5.0,-34.0,71.0
0.0,-25.0,136.0,-91.0,-39.0,-102.0,263.0,94.0,-29.0,64.0
25.0,109.0,183.0,-109.0,-108.0,21.0,262.0,53.0,-38.0,69.0
45.0,24.0,130.0,-85.0,-102.0,-75.0,313.0,162.0,-54.0,52.0
36.0,149.0,118.0,-15.0,87.0,-239.0,314.0,197.0,-49.0,26.0
0.0,64.0,128.0,74.0,4.0,-104.0,180.0,310.0,-25.0,19.0
-16.0,-50.0,58.0,119.0,-100.0,-206.0,13.0,373.0,-15.0,18.0
-21.0,-216.0,95.0,131.0,-53.0,-373.0,-119.0,312.0,-19.0,13.0
-65.0,-243.0,104.0,114.0,29.0,-404.0,-234.0,408.0,-10.0,-6.0
-68.0,23.0,60.0,13.0,94.0,-346.0,-417.0,484.0,9.0,-19.0
-73.0,-2.0,88.0,-94.0,-16.0,-114.0,-595.0,535.0,23.0,-28.0
-50.0,188.0,85.0,-135.0,-64.0,-263.0,-587.0,290.0,9.0,-49.0
-68.0,252.0,79.0,-133.0,135.0,-447.0,-412.0,107.0,0.0,-59.0
-118.0,115.0,80.0,-135.0,131.0,-333.0,-252.0,42.0,10.0,-74.0
-130.0,-111.0,65.0,-131.0,-78.0,-204.0,-103.0,-36.0,32.0,-85.0
-157.0,-490.0,114.0,-83.0,-94.0,-204.0,71.0,68.0,66.0,-105.0
-137.0,-401.0,148.0,-6.0,-119.0,-379.0,287.0,-75.0,78.0,-114.0
-135.0,-337.0,165.0,61.0,-119.0,-340.0,502.0,-88.0,74.0,-108.0
-93.0,-210.0,203.0,86.0,-77.0,-121.0,563.0,-18.0,42.0,-127.0
-56.0,90.0,171.0,61.0,-173.0,-56.0,516.0,-16.0,19.0,-134.0
-49.0,326.0,219.0,31.0,16.0,-195.0,493.0,99.0,12.0,-125.0
-47.0,447.0,274.0,13.0,117.0,-184.0,494.0,129.0,-3.0,-131.0
-71.0,510.0,291.0,-3.0,-79.0,-34.0,395.0,245.0,-2.0,-145.0
-58.0,453.0,318.0,-45.0,21.0,-25.0,253.0,133.0,2.0,-134.0
-74.0,150.0,306.0,-89.0,-38.0,73.0,193.0,-46.0,-20.0,-122.0
-58.0,-62.0,303.0,-33.0,-31.0,-19.0,258.0,-103.0,-66.0,-116.0
-53.0,-368.0,246.0,44.0,73.0,-192.0,389.0,-133.0,-117.0,-134.0
-61.0,-707.0,259.0,62.0,-160.0,-139.0,436.0,-46.0,-172.0,-147.0
-51.0,-915.0,212.0,106.0,37.0,-99.0,388.0,-155.0,-189.0,-160.0
-74.0,-1003.0,213.0,116.0,220.0,102.0,280.0,-121.0,-173.0,-208.0
-73.0,-1000.0,241.0,105.0,50.0,128.0,194.0,-51.0,-168.0,-223.0
-96.0,-634.0,151.0,94.0,47.0,-56.0,88.0,-25.0,-159.0,-245.0
-91.0,-275.0,187.0,62.0,-28.0,25.0,-42.0,60.0,-138.0,-267.0
-37.0,62.0,130.0,44.0,57.0,19.0,-143.0,-25.0,-113.0,-262.0
-11.0,828.0,111.0,-13.0,133.0,-218.0,-152.0,118.0,-82.0,-251.0
-4.0,991.0,149.0,-44.0,-114.0,-310.0,-100.0,223.0,-60.0,-224.0
-36.0,944.0,136.0,-41.0,-79.0,-237.0,-103.0,230.0,-35.0,-212.0
-64.0,885.0,138.0,-67.0,37.0,-84.0,-196.0,275.0,14.0,-184.0
-93.0,280.0,101.0,-53.0,-19.0,22.0,-335.0,282.0,60.0,-153.0
-117.0,-317.0,88.0,-13.0,-24.0,-4.0,-356.0,380.0,96.0,-136.0
-117.0,-515.0,25.0,-46.0,-85.0,122.0,-326.0,280.0,105.0,-130.0
-144.0,-575.0,4.0,-45.0,-60.0,248.0,-325.0,264.0,89.0,-142.0
-177.0,-845.0,24.0,38.0,-32.0,203.0,-337.0,317.0,49.0,-145.0
-205.0,-743.0,18.0,53.0,-88.0,185.0,-292.0,386.0,0.0,-166.0
-220.0,-643.0,-2.0,79.0,-57.0,246.0,-212.0,367.0,-15.0,-192.0
-246.0,-661.0,10.0,123.0,-15.0,262.0,-189.0,134.0,-40.0,-208.0
-253.0,-343.0,46.0,89.0,-2.0,132.0,-174.0,116.0,-71.0,-231.0
-247.0,-232.0,-41.0,4.0,7.0,60.0,-141.0,49.0,-109.0,-248.0
-235.0,-62.0,-84.0,-95.0,-63.0,42.0,0.0,62.0,-152.0,-275.0
-229.0,233.0,-47.0,-81.0,-3.0,30.0,157.0,116.0,-177.0,-306.0
-255.0,324.0,-118.0,-45.0,160.0,40.0,254.0,216.0,-223.0,-329.0
-264.0,323.0,-70.0,-123.0,56.0,100.0,339.0,356.0,-242.0,-341.0
-299.0,224.0,30.0,-166.0,20.0,151.0,458.0,182.0,-236.0,-330.0
-285.0,168.0,-40.0,-155.0,39.0,45.0,596.0,88.0,-225.0,-306.0
-258.0,15.0,3.0,-127.0,-12.0,-16.0,664.0,-12.0,-204.0,-273.0
-224.0,-362.0,0.0,-119.0,93.0,-38.0,667.0,-20.0,-191.0,-233.0
-180.0,-568.0,-50.0,-164.0,50.0,-61.0,636.0,5.0,-159.0,-183.0
-141.0,-326.0,14.0,-176.0,-44.0,-75.0,643.0,-16.0,-121.0,-132.0
-73.0,-253.0,1.0,-174.0,77.0,-98.0,619.0,133.0,-107.0,-90.0
-59.0,-300.0,33.0,-125.0,113.0,-94.0,548.0,94.0,-120.0,-44.0
-61.0,-6.0,56.0,-107.0,44.0,-114.0,493.0,134.0,-125.0,-4.0
-77.0,276.0,50.0,-166.0,127.0,-47.0,483.0,173.0,-125.0,35.0
-55.0,632.0,75.0,-125.0,131.0,10.0,495.0,192.0,-125.0,56.0
-22.0,627.0,57.0,-42.0,46.0,65.0,448.0,304.0,-117.0,72.0
3.0,486.0,60.0,17.0,30.0,109.0,325.0,254.0,-101.0,82.0
23.0,600.0,86.0,72.0,50.0,62.0,110.0,279.0,-76.0,75.0
38.0,818.0,51.0,90.0,100.0,239.0,-107.0,145.0,-60.0,77.0
46.0,1059.0,-23.0,97.0,92.0,376.0,-321.0,77.0,-44.0,75.0
13.0,1011.0,-26.0,84.0,97.0,190.0,-564.0,109.0,-39.0,67.0
-20.0,932.0,-60.0,21.0,-11.0,106.0,-792.0,36.0,-35.0,50.0
-85.0,634.0,-57.0,-91.0,-34.0,246.0,-875.0,109.0,-22.0,52.0
-98.0,381.0,6.0,-165.0,4.0,423.0,-817.0,107.0,-20.0,67.0
-121.0,309.0,-54.0,-140.0,-182.0,657.0,-763.0,290.0,-36.0,57.0
-99.0,316.0,-66.0,-57.0,-139.0,679.0,-699.0,325.0,-61.0,46.0
-89.0,210.0,-48.0,6.0,-62.0,557.0,-592.0,197.0,-80.0,57.0
-120.0,-120.0,-111.0,23.0,-137.0,622.0,-414.0,120.0,-108.0,53.0
-104.0,-453.0,-96.0,32.0,-20.0,664.0,-253.0,-147.0,-136.0,37.0
-123.0,-824.0,-60.0,26.0,-36.0,788.0,-223.0,-136.0,-170.0,24.0
-106.0,-1059.0,-113.0,15.0,-53.0,709.0,-294.0,-129.0,-199.0,3.0
-108.0,-1354.0,-123.0,-18.0,111.0,453.0,-321.0,-9.0,-192.0,-2.0
-68.0,-1229.0,-96.0,-54.0,-13.0,515.0,-264.0,173.0,-191.0,-36.0
-45.0,-1003.0,-102.0,-47.0,-86.0,568.0,-218.0,232.0,-203.0,-61.0
-56.0,-902.0,-22.0,-75.0,21.0,501.0,-177.0,347.0,-194.0,-77.0
-24.0,-590.0,23.0,-149.0,27.0,452.0,-82.0,166.0,-166.0,-106.0
-29.0,-271.0,-39.0,-170.0,24.0,527.0,155.0,107.0,-133.0,-99.0
-45.0,55.0,-72.0,-143.0,-55.0,554.0,413.0,35.0,-110.0,-91.0
-78.0,-26.0,-143.0,-156.0,-17.0,491.0,593.0,29.0,-93.0,-83.0
-100.0,-44.0,-179.0,-183.0,45.0,448.0,719.0,112.0,-85.0,-101.0
-129.0,-68.0,-138.0,-178.0,-68.0,526.0,829.0,-18.0,-82.0,-126.0
-145.0,-133.0,-108.0,-165.0,-141.0,648.0,1005.0,57.0,-62.0,-138.0
-142.0,248.0,-90.0,-166.0,-87.0,487.0,1107.0,-27.0,-29.0,-183.0
-137.0,647.0,-128.0,-138.0,67.0,334.0,1075.0,-101.0,11.0,-246.0
-147.0,1083.0,-106.0,-142.0,137.0,225.0,946.0,-62.0,28.0,-296.0
-158.0,1414.0,-80.0,-217.0,44.0,167.0,753.0,-49.0,38.0,-317.0
-182.0,1443.0,-107.0,-259.0,68.0,202.0,517.0,7.0,53.0,-334.0
-210.0,1063.0,7.0,-249.0,246.0,207.0,202.0,-92.0,51.0,-321.0
-160.0,504.0,-9.0,-190.0,160.0,220.0,-96.0,-18.0,40.0,-279.0
-145.0,181.0,-104.0,-139.0,-25.0,283.0,-245.0,-35.0,28.0,-243.0
-146.0,-293.0,-51.0,-126.0,32.0,342.0,-281.0,-33.0,20.0,-191.0
-143.0,-644.0,-102.0,-107.0,-29.0,250.0,-324.0,99.0,16.0,-143.0
-109.0,-817.0,-88.0,-62.0,-63.0,329.0,-397.0,116.0,19.0,-112.0
-64.0,-1012.0,-4.0,-67.0,24.0,332.0,-450.0,288.0,16.0,-72.0
-68.0,-828.0,2.0,-100.0,-121.0,285.0,-425.0,280.0,7.0,-57.0
-65.0,-664.0,-55.0,-80.0,-57.0,402.0,-453.0,206.0,5.0,-33.0
-49.0,-617.0,-58.0,-64.0,156.0,356.0,-542.0,138.0,20.0,3.0
-17.0,-437.0,-52.0,-114.0,26.0,386.0,-580.0,11.0,53.0,16.0
-15.0,-325.0,-115.0,-204.0,-58.0,369.0,-498.0,-70.0,86.0,39.0
-44.0,-402.0,-23.0,-242.0,39.0,313.0,-338.0,-192.0,129.0,76.0
-96.0,-356.0,-55.0,-223.0,71.0,173.0,-239.0,-155.0,148.0,99.0
-119.0,-99.0,-61.0,-133.0,24.0,129.0,-140.0,-177.0,150.0,99.0
-134.0,60.0,-59.0,-103.0,17.0,294.0,-38.0,-66.0,121.0,109.0
-146.0,101.0,-174.0,-152.0,62.0,208.0,120.0,55.0,78.0,104.0
-170.0,268.0,-114.0,-104.0,56.0,143.0,279.0,-9.0,58.0,81.0
-197.0,542.0,-89.0,-38.0,51.0,131.0,319.0,-62.0,37.0,55.0
-208.0,610.0,-88.0,-48.0,19.0,358.0,297.0,-264.0,50.0,14.0
-221.0,475.0,-39.0,-79.0,10.0,625.0,232.0,-301.0,71.0,-27.0
-193.0,-78.0,-36.0,-68.0,105.0,611.0,126.0,-362.0,66.0,-97.0
-208.0,-277.0,-77.0,-53.0,60.0,559.0,-54.0,-334.0,57.0,-147.0
-191.0,-225.0,-15.0,-24.0,-14.0,615.0,-247.0,-160.0,31.0,-175.0
-169.0,-540.0,-11.0,35.0,59.0,694.0,-363.0,-147.0,-9.0,-206.0
-126.0,-463.0,-74.0,128.0,-8.0,431.0,-344.0,-94.0,-38.0,-242.0
-79.0,-318.0,-80.0,177.0,-109.0,417.0,-230.0,-214.0,-52.0,-257.0
-89.0,69.0,-134.0,159.0,-44.0,446.0,-141.0,-245.0,-75.0,-241.0
-44.0,696.0,-143.0,138.0,-136.0,269.0,-110.0,-201.0,-70.0,-248.0
-16.0,1262.0,-116.0,62.0,-128.0,229.0,-30.0,-205.0,-69.0,-243.0
36.0,1532.0,-127.0,8.0,111.0,287.0,144.0,-118.0,-90.0,-219.0
51.0,1462.0,-162.0,-66.0,-50.0,469.0,306.0,-84.0,-93.0,-194.0
38.0,1422.0,-133.0,-155.0,-155.0,504.0,413.0,1.0,-109.0,-170.0
25.0,846.0,-170.0,-166.0,108.0,469.0,408.0,-109.0,-118.0,-149.0
0.0,310.0,-177.0,-176.0,69.0,383.0,365.0,-125.0,-106.0,-108.0
-8.0,-16.0,-177.0,-171.0,-60.0,434.0,331.0,-92.0,-93.0,-65.0
-36.0,-504.0,-203.0,-112.0,-60.0,447.0,236.0,-238.0,-63.0,-18.0
-31.0,-734.0,-131.0,-53.0,-146.0,343.0,82.0,-181.0,-27.0,34.0
-18.0,-813.0,-108.0,-6.0,-174.0,237.0,42.0,-256.0,-6.0,85.0
2.0,-897.0,-33.0,13.0,-164.0,196.0,171.0,-269.0,4.0,123.0
14.0,-897.0,-31.0,-51.0,-241.0,283.0,330.0,-234.0,13.0,156.0
17.0,-751.0,-48.0,-91.0,-101.0,154.0,426.0,-321.0,10.0,198.0
-1.0,-316.0,-8.0,-85.0,72.0,232.0,363.0,-291.0,18.0,199.0
-5.0,89.0,-18.0,-72.0,-32.0,342.0,328.0,-314.0,34.0,173.0
-4.0,66.0,9.0,-64.0,0.0,185.0,330.0,-151.0,55.0,168.0
-1.0,144.0,26.0,-45.0,131.0,-66.0,253.0,-27.0,46.0,159.0
8.0,197.0,6.0,27.0,84.0,-201.0,118.0,1.0,25.0,129.0
0.0,156.0,-21.0,64.0,8.0,-210.0,-7.0,-51.0,16.0,89.0
17.0,139.0,26.0,7.0,54.0,-319.0,-17.0,-280.0,-8.0,58.0
7.0,149.0,36.0,-55.0,20.0,-359.0,-1.0,-362.0,-5.0,36.0
-34.0,415.0,13.0,-80.0,114.0,-367.0,20.0,-528.0,-7.0,9.0
-54.0,274.0,34.0,-116.0,230.0,-227.0,6.0,-461.0,3.0,-25.0
-47.0,79.0,-46.0,-125.0,-25.0,-301.0,55.0,-219.0,16.0,-33.0
-72.0,58.0,-67.0,-92.0,47.0,-431.0,158.0,-40.0,-10.0,-35.0
-90.0,28.0,-48.0,-57.0,165.0,-302.0,165.0,48.0,-32.0,-44.0
-98.0,210.0,-72.0,-34.0,-60.0,-239.0,80.0,-164.0,-79.0,-15.0
-89.0,38.0,-56.0,-13.0,-90.0,-108.0,-29.0,-243.0,-105.0,25.0
-81.0,-270.0,-83.0,-20.0,-18.0,-2.0,-79.0,-352.0,-101.0,50.0
-104.0,-312.0,-74.0,13.0,-29.0,187.0,-210.0,-347.0,-99.0,74.0
-109.0,-236.0,-51.0,138.0,-79.0,244.0,-402.0,-269.0,-87.0,110.0
-119.0,-238.0,-78.0,148.0,-93.0,134.0,-623.0,-240.0,-83.0,115.0
-88.0,-177.0,-55.0,120.0,-147.0,114.0,-776.0,-11.0,-97.0,80.0
-81.0,10.0,-41.0,83.0,-63.0,156.0,-812.0,25.0,-119.0,56.0
-71.0,31.0,-60.0,-103.0,38.0,209.0,-813.0,16.0,-129.0,42.0
-63.0,24.0,-58.0,-169.0,-113.0,161.0,-766.0,-136.0,-135.0,26.0
-71.0,-139.0,-72.0,-141.0,-110.0,317.0,-710.0,-299.0,-137.0,16.0
-63.0,-211.0,-68.0,-207.0,46.0,275.0,-543.0,-384.0,-122.0,22.0
-48.0,-84.0,-54.0,-266.0,4.0,105.0,-338.0,-539.0,-91.0,40.0
-3.0,-213.0,-97.0,-253.0,-83.0,103.0,-135.0,-515.0,-71.0,47.0
9.0,-373.0,-66.0,-181.0,-15.0,83.0,115.0,-583.0,-52.0,52.0
32.0,-359.0,-45.0,-164.0,-20.0,85.0,422.0,-471.0,-22.0,67.0
42.0,-451.0,-94.0,-148.0,83.0,-80.0,701.0,-323.0,-13.0,43.0
46.0,-562.0,-68.0,-118.0,91.0,-182.0,828.0,-293.0,-4.0,5.0
13.0,-288.0,-67.0,-69.0,-155.0,-220.0,866.0,-158.0,6.0,-10.0
-29.0,-23.0,-115.0,-27.0,27.0,-265.0,854.0,-133.0,1.0,-41.0
-25.0,451.0,-75.0,-13.0,146.0,-468.0,883.0,-22.0,10.0,-78.0
3.0,900.0,-74.0,6.0,-52.0,-600.0,863.0,-83.0,27.0,-114.0
15.0,901.0,-54.0,-5.0,-44.0,-391.0,747.0,-116.0,30.0,-142.0
-21.0,1088.0,1.0,0.0,42.0,-320.0,559.0,-92.0,51.0,-173.0
-46.0,898.0,-8.0,11.0,40.0,-318.0,367.0,-245.0,70.0,-212.0
-71.0,545.0,58.0,45.0,-10.0,-373.0,246.0,-304.0,86.0,-222.0
-48.0,266.0,66.0,51.0,-106.0,-239.0,105.0,-522.0,76.0,-229.0
-65.0,-40.0,65.0,65.0,-126.0,-114.0,-11.0,-482.0,39.0,-239.0
-69.0,-233.0,70.0,123.0,69.0,-351.0,-85.0,-358.0,16.0,-235.0
-54.0,-343.0,87.0,130.0,24.0,-350.0,-62.0,-402.0,-15.0,-218.0
-65.0,-172.0,153.0,61.0,-127.0,-325.0,-9.0,-362.0,-37.0,-177.0
-37.0,-360.0,148.0,14.0,5.0,-425.0,-3.0,-391.0,-52.0,-140.0
-68.0,-515.0,183.0,47.0,75.0,-546.0,-49.0,-254.0,-57.0,-97.0
-60.0,-704.0,180.0,29.0,15.0,-580.0,-53.0,-325.0,-53.0,-46.0
-58.0,-1130.0,219.0,-5.0,-59.0,-290.0,47.0,-443.0,-51.0,-22.0
-33.0,-1056.0,190.0,-95.0,-163.0,-45.0,105.0,-463.0,-42.0,4.0
26.0,-849.0,113.0,-239.0,-270.0,121.0,98.0,-474.0,-39.0,49.0
13.0,-749.0,115.0,-263.0,-283.0,78.0,91.0,-238.0,-31.0,93.0
10.0,-685.0,50.0,-179.0,-336.0,33.0,139.0,-173.0,-23.0,115.0
-17.0,-476.0,37.0,-163.0,-353.0,45.0,108.0,-25.0,-11.0,121.0
-35.0,-274.0,19.0,-172.0,-126.0,-91.0,-33.0,33.0,-4.0,138.0
-26.0,-272.0,-2.0,-95.0,-7.0,9.0,-190.0,-105.0,30.0,134.0
-30.0,-66.0,2.0,-72.0,-139.0,-131.0,-262.0,-229.0,63.0,93.0
13.0,291.0,0.0,-84.0,-154.0,-328.0,-249.0,-367.0,64.0,54.0
65.0,331.0,-44.0,-134.0,41.0,-270.0,-327.0,-171.0,74.0,8.0
73.0,190.0,-37.0,-125.0,128.0,-302.0,-467.0,-105.0,38.0,-34.0
48.0,211.0,-7.0,72.0,66.0,-359.0,-598.0,-107.0,-1.0,-71.0
-10.0,321.0,-32.0,179.0,41.0,-603.0,-637.0,-162.0,-20.0,-109.0
-20.0,520.0,-2.0,50.0,41.0,-585.0,-553.0,-349.0,-40.0,-116.0
-9.0,449.0,17.0,-72.0,71.0,-373.0,-428.0,-417.0,-33.0,-108.0
1.0,356.0,33.0,-1.0,81.0,-528.0,-342.0,-702.0,-24.0,-79.0
37.0,711.0,52.0,78.0,7.0,-707.0,-260.0,-755.0,-16.0,-25.0
33.0,831.0,45.0,-29.0,61.0,-735.0,-187.0,-633.0,-8.0,28.0
53.0,652.0,35.0,-114.0,93.0,-688.0,-76.0,-452.0,-12.0,99.0
44.0,505.0,14.0,-114.0,-2.0,-674.0,116.0,-223.0,-20.0,174.0
20.0,392.0,-30.0,-101.0,31.0,-705.0,344.0,-136.0,-43.0,234.0
29.0,248.0,24.0,16.0,22.0,-615.0,555.0,223.0,-65.0,276.0
19.0,4.0,7.0,72.0,55.0,-494.0,760.0,319.0,-73.0,285.0
71.0,-377.0,39.0,34.0,87.0,-593.0,1048.0,203.0,-91.0,295.0
107.0,-732.0,99.0,107.0,-140.0,-788.0,1043.0,60.0,-111.0,297.0
113.0,-620.0,-86.0,166.0,-8.0,-628.0,934.0,-149.0,-123.0,276.0
103.0,-460.0,-46.0,142.0,236.0,-329.0,944.0,-107.0,-145.0,263.0
65.0,-238.0,0.0,51.0,13.0,-340.0,737.0,-208.0,-166.0,246.0
61.0,86.0,-83.0,-51.0,20.0,-425.0,507.0,-236.0,-190.0,229.0
18.0,218.0,-62.0,-24.0,72.0,-317.0,289.0,-201.0,-216.0,202.0
4.0,301.0,-32.0,-12.0,14.0,-91.0,70.0,-166.0,-223.0,157.0
21.0,282.0,-11.0,-107.0,234.0,-140.0,-146.0,-168.0,-215.0,96.0
35.0,333.0,-42.0,-143.0,189.0,-318.0,-278.0,-410.0,-201.0,10.0
51.0,474.0,-16.0,-126.0,116.0,-315.0,-353.0,-426.0,-191.0,-73.0
20.0,779.0,-50.0,-151.0,274.0,-408.0,-472.0,-363.0,-191.0,-143.0
0.0,786.0,-72.0,-116.0,117.0,-378.0,-366.0,-203.0,-188.0,-208.0
-37.0,699.0,-15.0,28.0,56.0,-262.0,-193.0,-109.0,-187.0,-263.0
-52.0,756.0,-69.0,130.0,145.0,-366.0,-130.0,-206.0,-182.0,-284.0
-28.0,477.0,-40.0,48.0,-16.0,-557.0,-16.0,-105.0,-162.0,-280.0
-20.0,300.0,28.0,-149.0,11.0,-739.0,238.0,-35.0,-144.0,-269.0
5.0,115.0,-4.0,-366.0,-5.0,-636.0,360.0,-9.0,-107.0,-237.0
35.0,-33.0,56.0,-490.0,-146.0,-499.0,231.0,-55.0,-56.0,-171.0
31.0,-190.0,70.0,-418.0,43.0,-669.0,119.0,-33.0,-12.0,-93.0
19.0,-80.0,42.0,-278.0,79.0,-879.0,-43.0,20.0,27.0,-33.0
4.0,175.0,91.0,-119.0,-52.0,-972.0,-236.0,-109.0,64.0,15.0
-14.0,103.0,114.0,0.0,-122.0,-859.0,-398.0,-129.0,104.0,60.0
-18.0,334.0,118.0,12.0,-135.0,-763.0,-633.0,-194.0,156.0,96.0
-41.0,360.0,125.0,-35.0,0.0,-895.0,-764.0,-83.0,209.0,112.0
-9.0,229.0,127.0,-93.0,-142.0,-1057.0,-701.0,7.0,243.0,119.0
-1.0,171.0,110.0,-107.0,-239.0,-1058.0,-586.0,-153.0,265.0,131.0
-6.0,36.0,159.0,-83.0,-72.0,-971.0,-464.0,-192.0,264.0,127.0
9.0,180.0,122.0,-114.0,-55.0,-801.0,-254.0,-269.0,257.0,138.0
-17.0,291.0,74.0,-133.0,-30.0,-581.0,82.0,-234.0,255.0,146.0
-2.0,196.0,126.0,-7.0,-145.0,-582.0,458.0,-325.0,244.0,138.0
-2.0,219.0,64.0,84.0,-166.0,-522.0,815.0,-439.0,254.0,120.0
8.0,409.0,107.0,75.0,44.0,-310.0,1006.0,-460.0,269.0,71.0
20.0,457.0,141.0,41.0,-48.0,-104.0,1037.0,-497.0,274.0,20.0
10.0,399.0,61.0,-20.0,-168.0,24.0,1111.0,-360.0,254.0,-65.0
7.0,79.0,82.0,-72.0,-120.0,-127.0,1145.0,-384.0,213.0,-142.0
12.0,-78.0,66.0,-52.0,-68.0,-246.0,1067.0,-266.0,165.0,-185.0
12.0,-81.0,41.0,-15.0,136.0,-154.0,821.0,-140.0,122.0,-232.0
-17.0,-282.0,0.0,19.0,34.0,-152.0,525.0,-103.0,100.0,-252.0
-11.0,-348.0,-39.0,1.0,-188.0,-347.0,209.0,-49.0,71.0,-240.0
0.0,-443.0,-15.0,-74.0,71.0,-321.0,-180.0,-142.0,32.0,-207.0
-1.0,-268.0,-55.0,-72.0,82.0,-166.0,-508.0,-18.0,-11.0,-185.0
-14.0,-132.0,-30.0,-83.0,-57.0,-254.0,-836.0,36.0,-70.0,-166.0
3.0,-61.0,2.0,-42.0,114.0,-441.0,-1028.0,96.0,-119.0,-119.0
17.0,25.0,-47.0,70.0,155.0,-502.0,-1091.0,96.0,-141.0,-89.0
35.0,145.0,-16.0,57.0,158.0,-298.0,-1098.0,-75.0,-158.0,-64.0
39.0,531.0,48.0,-13.0,170.0,-265.0,-1088.0,-35.0,-186.0,-11.0
17.0,311.0,46.0,-3.0,105.0,-415.0,-1079.0,-84.0,-195.0,56.0
4.0,127.0,34.0,-22.0,262.0,-405.0,-914.0,-103.0,-192.0,122.0
-41.0,171.0,39.0,-43.0,371.0,-386.0,-673.0,-151.0,-175.0,175.0
-62.0,-66.0,58.0,83.0,250.0,-372.0,-420.0,-181.0,-136.0,223.0
-82.0,-227.0,75.0,141.0,193.0,-380.0,-149.0,-55.0,-119.0,250.0
-69.0,-570.0,42.0,128.0,145.0,-416.0,233.0,-107.0,-109.0,270.0
-56.0,-877.0,67.0,141.0,184.0,-327.0,628.0,-35.0,-106.0,261.0
-20.0,-843.0,119.0,23.0,113.0,-227.0,878.0,-12.0,-100.0,243.0
28.0,-812.0,94.0,-121.0,-111.0,-287.0,981.0,-14.0,-72.0,233.0
45.0,-1073.0,69.0,-114.0,22.0,-335.0,1050.0,-42.0,-31.0,216.0
28.0,-1063.0,59.0,-27.0,164.0,-382.0,1144.0,-166.0,10.0,228.0
-31.0,-948.0,84.0,-6.0,78.0,-351.0,1134.0,-24.0,40.0,231.0
-35.0,-1031.0,101.0,35.0,98.0,-127.0,1036.0,7.0,62.0,226.0
-27.0,-803.0,88.0,117.0,100.0,-45.0,850.0,20.0,75.0,228.0
0.0,-675.0,117.0,76.0,116.0,-179.0,705.0,22.0,90.0,227.0
7.0,-718.0,98.0,38.0,14.0,-322.0,594.0,0.0,117.0,217.0
14.0,-590.0,36.0,55.0,-212.0,-260.0,462.0,-62.0,130.0,205.0
10.0,-382.0,13.0,86.0,-124.0,-127.0,312.0,-280.0,119.0,199.0
-15.0,-430.0,11.0,106.0,-138.0,-239.0,121.0,-290.0,122.0,188.0
-40.0,-403.0,34.0,141.0,-262.0,-346.0,-10.0,-339.0,125.0,159.0
-68.0,-255.0,-2.0,300.0,-153.0,-168.0,-183.0,-271.0,120.0,128.0
-61.0,-187.0,-34.0,363.0,-175.0,-45.0,-424.0,-166.0,128.0,93.0
-66.0,108.0,-68.0,204.0,-151.0,-246.0,-685.0,-190.0,117.0,51.0
-51.0,272.0,-123.0,29.0,-95.0,-388.0,-825.0,-81.0,85.0,20.0
-80.0,431.0,-54.0,63.0,-201.0,-141.0,-868.0,-64.0,75.0,-5.0
-95.0,475.0,10.0,171.0,-126.0,129.0,-990.0,-36.0,78.0,-16.0
-102.0,513.0,-2.0,290.0,27.0,85.0,-1086.0,-168.0,58.0,-22.0
-90.0,591.0,-3.0,442.0,164.0,-104.0,-1050.0,-264.0,42.0,-16.0
-47.0,594.0,-27.0,359.0,133.0,-155.0,-868.0,-179.0,22.0,3.0
-43.0,765.0,-115.0,89.0,26.0,-23.0,-674.0,-151.0,4.0,29.0
-19.0,855.0,-78.0,-93.0,198.0,-16.0,-509.0,-51.0,-11.0,55.0
-10.0,995.0,-21.0,-101.0,95.0,-49.0,-359.0,-72.0,-27.0,54.0
26.0,757.0,-60.0,-164.0,-202.0,160.0,-217.0,-16.0,-39.0,59.0
56.0,537.0,-37.0,-187.0,-207.0,252.0,-121.0,-55.0,-60.0,49.0
74.0,554.0,-105.0,-100.0,-140.0,81.0,-124.0,-197.0,-37.0,26.0
84.0,192.0,-103.0,-192.0,-28.0,-43.0,-127.0,-179.0,-26.0,25.0
111.0,-306.0,6.0,-273.0,-18.0,-152.0,-53.0,-125.0,-48.0,36.0
130.0,-721.0,-45.0,-165.0,-200.0,-123.0,121.0,55.0,-64.0,38.0
125.0,-879.0,-50.0,-31.0,-66.0,6.0,296.0,-9.0,-97.0,38.0
138.0,-989.0,-23.0,-79.0,96.0,15.0,395.0,-27.0,-103.0,54.0
108.0,-955.0,-69.0,-226.0,-154.0,-20.0,463.0,153.0,-89.0,51.0
118.0,-814.0,-95.0,-176.0,-134.0,-218.0,617.0,203.0,-50.0,23.0
109.0,-480.0,-108.0,55.0,57.0,-198.0,721.0,251.0,-6.0,1.0
115.0,-230.0,-89.0,165.0,70.0,-88.0,622.0,107.0,15.0,-17.0
116.0,-338.0,-20.0,70.0,52.0,-58.0,434.0,97.0,40.0,-52.0
74.0,-284.0,38.0,67.0,1.0,-10.0,257.0,110.0,41.0,-102.0
52.0,-438.0,16.0,109.0,-10.0,-202.0,158.0,-20.0,21.0,-148.0
24.0,-585.0,2.0,-13.0,30.0,-88.0,14.0,-81.0,25.0,-164.0
16.0,-490.0,-60.0,-131.0,72.0,-73.0,-213.0,-188.0,63.0,-175.0
-16.0,-486.0,-88.0,-116.0,-101.0,-208.0,-464.0,-112.0,101.0,-158.0
-22.0,-396.0,-24.0,-9.0,-228.0,-41.0,-650.0,-232.0,128.0,-101.0
-8.0,-45.0,-39.0,22.0,30.0,1.0,-740.0,-417.0,152.0,-61.0
9.0,75.0,-23.0,31.0,74.0,4.0,-828.0,-450.0,163.0,-35.0
28.0,296.0,-44.0,97.0,-255.0,-202.0,-893.0,-434.0,161.0,-7.0
22.0,1065.0,-78.0,162.0,-114.0,-344.0,-884.0,-105.0,129.0,23.0
41.0,1412.0,-28.0,269.0,46.0,-298.0,-732.0,49.0,106.0,47.0
90.0,1347.0,36.0,170.0,-106.0,-391.0,-533.0,186.0,93.0,62.0
82.0,1126.0,41.0,15.0,-76.0,-377.0,-321.0,277.0,60.0,75.0
52.0,998.0,-15.0,-34.0,-248.0,-253.0,-128.0,218.0,30.0,93.0
71.0,947.0,-25.0,-71.0,-86.0,-87.0,17.0,153.0,7.0,93.0
68.0,632.0,-34.0,116.0,164.0,-146.0,149.0,-25.0,-16.0,94.0
89.0,380.0,10.0,228.0,-174.0,-466.0,240.0,0.0,-25.0,115.0
85.0,198.0,41.0,83.0,2.0,-646.0,285.0,-11.0,-27.0,130.0
116.0,316.0,-20.0,-9.0,194.0,-467.0,255.0,27.0,-52.0,164.0
145.0,276.0,-79.0,47.0,-7.0,-255.0,239.0,-16.0,-57.0,217.0
135.0,-77.0,-93.0,-10.0,183.0,-227.0,218.0,-140.0,-60.0,283.0
149.0,-233.0,-60.0,-236.0,42.0,-168.0,155.0,-107.0,-62.0,327.0
147.0,-527.0,-117.0,-285.0,16.0,-172.0,62.0,-254.0,-56.0,337.0
182.0,-614.0,-111.0,-204.0,329.0,-348.0,-44.0,-212.0,-61.0,351.0
177.0,-594.0,-44.0,-150.0,15.0,-457.0,-152.0,-92.0,-58.0,338.0
175.0,-407.0,-55.0,-42.0,-91.0,-325.0,-270.0,1.0,-74.0,294.0
180.0,18.0,-51.0,48.0,28.0,-174.0,-373.0,96.0,-78.0,263.0
173.0,49.0,-53.0,96.0,-109.0,3.0,-476.0,42.0,-66.0,241.0
181.0,153.0,-56.0,152.0,-21.0,146.0,-461.0,73.0,-44.0,205.0
187.0,204.0,-74.0,108.0,-34.0,222.0,-430.0,-1.0,-22.0,169.0
194.0,172.0,-56.0,-11.0,-99.0,274.0,-471.0,-57.0,-19.0,149.0
203.0,71.0,-6.0,-100.0,169.0,303.0,-509.0,-144.0,-6.0,136.0
212.0,19.0,8.0,-64.0,75.0,432.0,-490.0,-186.0,-15.0,118.0
221.0,186.0,-16.0,-64.0,-126.0,358.0,-422.0,-81.0,-21.0,115.0
219.0,49.0,-36.0,-98.0,30.0,208.0,-426.0,-123.0,-27.0,112.0
170.0,-65.0,15.0,-51.0,-58.0,191.0,-426.0,-66.0,-26.0,77.0
149.0,-127.0,60.0,-22.0,29.0,350.0,-362.0,-125.0,-26.0,40.0
117.0,-151.0,61.0,100.0,84.0,527.0,-244.0,-145.0,-40.0,3.0
121.0,-108.0,0.0,237.0,-75.0,373.0,-162.0,-38.0,-57.0,-45.0
123.0,-323.0,-33.0,286.0,115.0,247.0,-195.0,11.0,-83.0,-91.0
101.0,-576.0,48.0,287.0,28.0,383.0,-267.0,177.0,-80.0,-120.0
136.0,-361.0,34.0,324.0,-45.0,484.0,-229.0,168.0,-72.0,-117.0
142.0,-77.0,-52.0,325.0,15.0,294.0,-56.0,218.0,-51.0,-100.0
169.0,-8.0,-19.0,235.0,-202.0,102.0,98.0,142.0,-19.0,-75.0
172.0,165.0,54.0,168.0,-23.0,109.0,213.0,11.0,-22.0,-22.0
160.0,265.0,77.0,73.0,-12.0,77.0,328.0,94.0,-10.0,58.0
179.0,285.0,1.0,-9.0,-295.0,8.0,477.0,64.0,-9.0,130.0
197.0,143.0,0.0,-47.0,99.0,-36.0,555.0,88.0,-26.0,183.0
228.0,7.0,22.0,1.0,172.0,99.0,524.0,-9.0,-21.0,244.0
221.0,-157.0,-33.0,57.0,-104.0,232.0,472.0,101.0,-35.0,288.0
218.0,-192.0,-64.0,102.0,71.0,105.0,398.0,256.0,-32.0,293.0
216.0,-157.0,-116.0,107.0,-94.0,2.0,294.0,162.0,-3.0,281.0
196.0,-534.0,-47.0,19.0,-49.0,75.0,87.0,166.0,16.0,265.0
209.0,-563.0,21.0,76.0,208.0,119.0,-152.0,38.0,34.0,266.0
192.0,-353.0,-37.0,85.0,-166.0,76.0,-326.0,72.0,42.0,269.0
170.0,-218.0,-89.0,16.0,-28.0,125.0,-382.0,27.0,56.0,273.0
151.0,-216.0,-130.0,78.0,335.0,141.0,-376.0,-133.0,69.0,295.0
131.0,-290.0,-159.0,96.0,66.0,87.0,-394.0,-96.0,80.0,299.0
121.0,7.0,-205.0,89.0,10.0,152.0,-391.0,-86.0,83.0,294.0
85.0,-24.0,-173.0,114.0,-48.0,399.0,-308.0,16.0,83.0,305.0
75.0,-145.0,-122.0,45.0,-92.0,519.0,-149.0,-72.0,97.0,295.0
90.0,-27.0,-104.0,2.0,175.0,479.0,-73.0,-112.0,110.0,276.0
108.0,35.0,-54.0,104.0,-21.0,509.0,-116.0,-62.0,115.0,266.0
115.0,104.0,-106.0,228.0,-46.0,459.0,-171.0,-110.0,111.0,238.0
128.0,23.0,-83.0,346.0,321.0,331.0,-186.0,-51.0,111.0,194.0
103.0,120.0,13.0,304.0,266.0,185.0,-218.0,-192.0,90.0,143.0
76.0,417.0,23.0,111.0,273.0,223.0,-293.0,-210.0,60.0,84.0
73.0,735.0,10.0,6.0,179.0,235.0,-376.0,-160.0,47.0,19.0
103.0,589.0,7.0,-12.0,51.0,106.0,-384.0,-121.0,41.0,-27.0
115.0,282.0,105.0,-8.0,346.0,56.0,-237.0,-16.0,57.0,-67.0
107.0,271.0,117.0,-31.0,94.0,195.0,-112.0,-5.0,66.0,-86.0
140.0,-133.0,41.0,-65.0,-205.0,563.0,-92.0,219.0,64.0,-76.0
134.0,-629.0,34.0,-152.0,85.0,580.0,-66.0,236.0,52.0,-65.0
138.0,-864.0,42.0,-242.0,123.0,429.0,32.0,138.0,23.0,-42.0
84.0,-885.0,97.0,-159.0,186.0,515.0,193.0,114.0,17.0,-8.0
39.0,-983.0,127.0,27.0,168.0,503.0,297.0,138.0,27.0,10.0
32.0,-839.0,124.0,150.0,-122.0,369.0,328.0,236.0,28.0,14.0
7.0,-425.0,153.0,174.0,163.0,270.0,409.0,103.0,10.0,20.0
4.0,-210.0,169.0,169.0,137.0,308.0,518.0,160.0,-10.0,14.0
6.0,126.0,119.0,165.0,-358.0,486.0,490.0,234.0,-14.0,0.0
21.0,184.0,68.0,140.0,-37.0,676.0,339.0,277.0,17.0,-7.0
12.0,107.0,149.0,163.0,153.0,607.0,138.0,310.0,60.0,-4.0
-15.0,305.0,232.0,145.0,59.0,498.0,-60.0,145.0,106.0,12.0
-49.0,621.0,170.0,43.0,80.0,516.0,-260.0,70.0,137.0,36.0
-48.0,603.0,127.0,33.0,-275.0,464.0,-520.0,-166.0,149.0,67.0
-46.0,437.0,132.0,144.0,-46.0,543.0,-734.0,-345.0,180.0,93.0
-13.0,585.0,108.0,244.0,182.0,611.0,-800.0,-417.0,188.0,96.0
-4.0,627.0,116.0,199.0,-339.0,583.0,-785.0,-325.0,183.0,77.0
15.0,614.0,116.0,124.0,-236.0,568.0,-796.0,-64.0,177.0,54.0
35.0,737.0,105.0,51.0,71.0,629.0,-816.0,-14.0,175.0,38.0
37.0,923.0,121.0,-6.0,-36.0,608.0,-760.0,94.0,190.0,3.0
79.0,816.0,130.0,40.0,29.0,452.0,-551.0,90.0,183.0,-47.0
90.0,453.0,94.0,104.0,-131.0,462.0,-275.0,208.0,177.0,-97.0
98.0,10.0,97.0,155.0,-131.0,572.0,-110.0,402.0,178.0,-160.0
82.0,-351.0,178.0,164.0,175.0,776.0,33.0,371.0,186.0,-205.0
106.0,-387.0,118.0,159.0,-138.0,643.0,269.0,461.0,188.0,-230.0
110.0,-515.0,24.0,110.0,-290.0,423.0,566.0,356.0,155.0,-235.0
122.0,-526.0,48.0,55.0,-138.0,339.0,748.0,254.0,107.0,-210.0
130.0,-352.0,67.0,43.0,-244.0,239.0,804.0,94.0,81.0,-187.0
126.0,-289.0,59.0,41.0,-104.0,325.0,898.0,-103.0,71.0,-147.0
134.0,-355.0,-41.0,49.0,-135.0,189.0,1048.0,-7.0,71.0,-98.0
128.0,-460.0,-102.0,89.0,-79.0,133.0,1115.0,29.0,71.0,-53.0
137.0,-204.0,-62.0,139.0,310.0,128.0,907.0,136.0,52.0,-27.0
137.0,-206.0,-10.0,85.0,175.0,27.0,506.0,162.0,38.0,-7.0
168.0,-393.0,52.0,37.0,65.0,9.0,95.0,301.0,31.0,7.0
163.0,-176.0,23.0,73.0,84.0,-46.0,-201.0,430.0,39.0,-1.0
164.0,65.0,-18.0,76.0,88.0,25.0,-451.0,354.0,37.0,4.0
155.0,226.0,-31.0,-13.0,311.0,56.0,-716.0,476.0,25.0,22.0
148.0,-24.0,-37.0,14.0,77.0,-41.0,-862.0,484.0,26.0,28.0
139.0,-303.0,-88.0,115.0,8.0,-14.0,-827.0,539.0,41.0,48.0
166.0,-207.0,-62.0,119.0,397.0,73.0,-643.0,395.0,58.0,75.0
204.0,-206.0,72.0,141.0,155.0,160.0,-485.0,110.0,49.0,108.0
201.0,-443.0,3.0,145.0,10.0,310.0,-378.0,-36.0,36.0,113.0
209.0,-567.0,-75.0,115.0,200.0,205.0,-177.0,-232.0,34.0,101.0
190.0,-451.0,-124.0,96.0,-98.0,116.0,125.0,-125.0,42.0,106.0
192.0,-343.0,-173.0,142.0,-56.0,118.0,325.0,-31.0,43.0,90.0
153.0,-193.0,-101.0,173.0,-96.0,77.0,316.0,182.0,36.0,83.0
132.0,-236.0,-62.0,179.0,-454.0,125.0,255.0,484.0,1.0,84.0
101.0,-131.0,-32.0,132.0,-42.0,103.0,225.0,565.0,-45.0,83.0
99.0,36.0,-16.0,20.0,-59.0,266.0,154.0,511.0,-94.0,92.0
104.0,-346.0,16.0,-45.0,-320.0,553.0,-14.0,229.0,-141.0,110.0
71.0,-780.0,47.0,-112.0,-127.0,502.0,-210.0,218.0,-142.0,139.0
74.0,-903.0,97.0,-44.0,-359.0,251.0,-300.0,192.0,-101.0,169.0
50.0,-873.0,112.0,57.0,-287.0,375.0,-218.0,90.0,-49.0,199.0
56.0,-969.0,49.0,32.0,-202.0,411.0,-77.0,92.0,-21.0,220.0
69.0,-859.0,115.0,72.0,-414.0,285.0,15.0,-20.0,16.0,239.0
74.0,-624.0,147.0,128.0,-190.0,327.0,65.0,96.0,59.0,231.0
56.0,-305.0,109.0,55.0,-131.0,244.0,139.0,133.0,99.0,209.0
53.0,80.0,107.0,0.0,-282.0,306.0,224.0,195.0,146.0,182.0
67.0,285.0,120.0,24.0,-311.0,329.0,286.0,345.0,162.0,137.0
87.0,719.0,195.0,22.0,-303.0,327.0,387.0,413.0,156.0,108.0
128.0,953.0,203.0,-13.0,-241.0,367.0,483.0,539.0,133.0,99.0
156.0,970.0,111.0,-48.0,-347.0,279.0,576.0,424.0,140.0,94.0
173.0,1030.0,96.0,-83.0,-476.0,369.0,557.0,356.0,145.0,87.0
183.0,1070.0,137.0,-93.0,-144.0,502.0,358.0,312.0,136.0,86.0
214.0,1106.0,146.0,-125.0,98.0,479.0,107.0,328.0,108.0,82.0
212.0,970.0,80.0,-185.0,-63.0,455.0,-48.0,338.0,50.0,67.0
206.0,672.0,23.0,-166.0,-51.0,495.0,-107.0,169.0,20.0,50.0
211.0,389.0,105.0,-117.0,-6.0,454.0,-242.0,243.0,-18.0,2.0
212.0,298.0,85.0,-97.0,94.0,237.0,-357.0,293.0,-54.0,-54.0
215.0,105.0,-43.0,-79.0,110.0,-16.0,-364.0,375.0,-85.0,-89.0
215.0,-147.0,-96.0,-41.0,-336.0,12.0,-276.0,365.0,-143.0,-141.0
193.0,-196.0,-125.0,37.0,-378.0,262.0,-188.0,271.0,-190.0,-184.0
159.0,-89.0,-48.0,142.0,55.0,365.0,-176.0,315.0,-246.0,-197.0
134.0,-103.0,-27.0,221.0,-21.0,413.0,-169.0,175.0,-301.0,-210.0
121.0,67.0,-98.0,235.0,-167.0,546.0,-159.0,66.0,-325.0,-205.0
134.0,322.0,-82.0,164.0,-88.0,490.0,-129.0,1.0,-324.0,-189.0
136.0,193.0,-107.0,79.0,1.0,326.0,-168.0,145.0,-305.0,-157.0
136.0,72.0,-98.0,-15.0,202.0,157.0,-222.0,284.0,-302.0,-116.0
109.0,-216.0,-126.0,-108.0,-88.0,-129.0,-154.0,260.0,-307.0,-86.0
82.0,-403.0,-76.0,-126.0,-291.0,-185.0,62.0,362.0,-288.0,-47.0
79.0,-362.0,116.0,-101.0,126.0,-40.0,299.0,354.0,-250.0,-20.0
45.0,-409.0,139.0,-79.0,165.0,0.0,330.0,473.0,-203.0,-15.0
22.0,-402.0,123.0,-68.0,17.0,29.0,235.0,526.0,-156.0,-39.0
13.0,-275.0,126.0,-47.0,42.0,35.0,233.0,489.0,-115.0,-89.0
0.0,-6.0,134.0,4.0,43.0,-2.0,272.0,541.0,-66.0,-143.0
-2.0,9.0,127.0,114.0,207.0,37.0,163.0,375.0,-8.0,-228.0
-31.0,-53.0,110.0,137.0,123.0,20.0,-74.0,258.0,57.0,-310.0
-51.0,-12.0,135.0,134.0,-111.0,-44.0,-282.0,168.0,135.0,-377.0
-87.0,-188.0,162.0,177.0,29.0,39.0,-352.0,240.0,192.0,-449.0
-106.0,-352.0,187.0,181.0,146.0,78.0,-374.0,424.0,230.0,-497.0
-83.0,-276.0,116.0,232.0,73.0,-17.0,-397.0,473.0,251.0,-528.0
-72.0,93.0,104.0,238.0,-30.0,-16.0,-328.0,526.0,258.0,-547.0
-53.0,581.0,174.0,128.0,33.0,-16.0,-85.0,404.0,255.0,-536.0
-66.0,781.0,125.0,52.0,287.0,-163.0,223.0,478.0,234.0,-514.0
-67.0,913.0,72.0,89.0,249.0,-148.0,400.0,480.0,214.0,-481.0
-82.0,1049.0,106.0,76.0,8.0,-44.0,461.0,327.0,205.0,-433.0
-59.0,1195.0,108.0,80.0,122.0,-72.0,500.0,382.0,192.0,-383.0
-38.0,1264.0,34.0,65.0,270.0,-48.0,592.0,339.0,171.0,-324.0
-30.0,1026.0,0.0,45.0,294.0,148.0,561.0,437.0,151.0,-271.0
5.0,893.0,27.0,76.0,352.0,358.0,391.0,382.0,145.0,-215.0
26.0,683.0,59.0,36.0,127.0,290.0,293.0,280.0,150.0,-146.0
70.0,342.0,59.0,88.0,273.0,193.0,249.0,273.0,144.0,-88.0
61.0,27.0,-17.0,134.0,507.0,154.0,199.0,194.0,133.0,-29.0
80.0,-33.0,-25.0,166.0,176.0,75.0,124.0,171.0,129.0,33.0
84.0,162.0,27.0,200.0,203.0,73.0,57.0,27.0,122.0,76.0
78.0,170.0,4.0,191.0,218.0,47.0,0.0,123.0,111.0,116.0
45.0,61.0,5.0,162.0,1.0,158.0,0.0,238.0,99.0,154.0
32.0,-145.0,-3.0,110.0,90.0,235.0,35.0,351.0,84.0,165.0
31.0,-247.0,3.0,90.0,49.0,226.0,31.0,480.0,71.0,157.0
11.0,-380.0,-34.0,-40.0,81.0,250.0,-59.0,471.0,56.0,136.0
33.0,-609.0,-127.0,-145.0,379.0,140.0,-146.0,674.0,60.0,134.0
-6.0,-962.0,-61.0,-176.0,229.0,185.0,-132.0,691.0,67.0,126.0
-2.0,-1163.0,-59.0,-162.0,15.0,96.0,-197.0,617.0,46.0,107.0
-55.0,-982.0,-143.0,-140.0,146.0,-75.0,-283.0,497.0,34.0,107.0
-63.0,-963.0,-146.0,-174.0,-10.0,23.0,-241.0,325.0,34.0,112.0
-61.0,-1069.0,-109.0,-160.0,-128.0,41.0,-52.0,282.0,16.0,121.0
-72.0,-1093.0,-73.0,-148.0,-181.0,127.0,163.0,147.0,0.0,111.0
-47.0,-782.0,-71.0,-57.0,-168.0,179.0,286.0,186.0,-16.0,84.0
-50.0,-764.0,-49.0,53.0,110.0,114.0,386.0,277.0,-24.0,47.0
8.0,-867.0,20.0,112.0,80.0,74.0,546.0,347.0,-14.0,2.0
-20.0,-618.0,14.0,119.0,-12.0,-87.0,710.0,339.0,-15.0,-33.0
-14.0,-648.0,-62.0,44.0,1.0,-180.0,727.0,236.0,0.0,-85.0
-25.0,-484.0,-85.0,-2.0,107.0,-223.0,542.0,334.0,26.0,-154.0
-29.0,-37.0,-43.0,-20.0,222.0,-206.0,250.0,351.0,45.0,-219.0
-51.0,177.0,46.0,-6.0,41.0,-79.0,89.0,376.0,50.0,-281.0
-70.0,139.0,58.0,27.0,45.0,18.0,-42.0,363.0,36.0,-338.0
-46.0,492.0,-31.0,32.0,203.0,66.0,-240.0,330.0,27.0,-404.0
-53.0,908.0,-106.0,-11.0,69.0,-123.0,-323.0,378.0,32.0,-467.0
-8.0,939.0,-101.0,-14.0,-25.0,-358.0,-226.0,279.0,37.0,-484.0
-27.0,870.0,-69.0,-10.0,-8.0,-411.0,-65.0,395.0,36.0,-468.0
-18.0,779.0,-56.0,-82.0,-4.0,-417.0,-46.0,448.0,32.0,-429.0
-55.0,909.0,35.0,-93.0,34.0,-374.0,-76.0,399.0,31.0,-374.0
-80.0,781.0,57.0,-40.0,-161.0,-222.0,8.0,362.0,48.0,-303.0
-91.0,505.0,10.0,62.0,-237.0,-95.0,197.0,253.0,69.0,-209.0
-112.0,206.0,4.0,195.0,63.0,-185.0,292.0,301.0,71.0,-130.0
-92.0,221.0,-38.0,188.0,118.0,-315.0,194.0,266.0,61.0,-81.0
-83.0,409.0,70.0,106.0,-78.0,-355.0,6.0,330.0,26.0,-54.0
-46.0,195.0,81.0,49.0,-147.0,-230.0,-101.0,254.0,2.0,-54.0
-30.0,-2.0,29.0,7.0,-111.0,-154.0,-57.0,140.0,-2.0,-67.0
-29.0,-303.0,123.0,13.0,-67.0,-223.0,-73.0,218.0,-25.0,-77.0
-93.0,-69.0,133.0,87.0,-182.0,-254.0,-223.0,197.0,-26.0,-89.0
-111.0,62.0,175.0,178.0,-310.0,-300.0,-364.0,367.0,-6.0,-99.0
-144.0,-229.0,96.0,174.0,-36.0,-217.0,-331.0,386.0,-4.0,-85.0
-128.0,26.0,76.0,130.0,176.0,-368.0,-218.0,371.0,-8.0,-64.0
-109.0,206.0,147.0,110.0,52.0,-409.0,-104.0,399.0,-14.0,-62.0
-96.0,195.0,87.0,109.0,-45.0,-164.0,14.0,356.0,-26.0,-63.0
-65.0,36.0,67.0,95.0,-85.0,-36.0,168.0,439.0,-42.0,-45.0
-107.0,-89.0,47.0,44.0,101.0,187.0,419.0,371.0,-73.0,-20.0
-122.0,-244.0,82.0,-8.0,146.0,38.0,598.0,345.0,-115.0,-2.0
-181.0,-289.0,115.0,-19.0,-123.0,-164.0,664.0,177.0,-170.0,9.0
-183.0,-135.0,73.0,7.0,-79.0,-271.0,715.0,7.0,-221.0,25.0
-213.0,-322.0,49.0,-12.0,135.0,-381.0,844.0,77.0,-241.0,25.0
-217.0,-293.0,67.0,0.0,151.0,-140.0,942.0,134.0,-239.0,15.0
-217.0,80.0,116.0,8.0,-3.0,29.0,880.0,306.0,-213.0,16.0
-206.0,139.0,152.0,-37.0,-10.0,207.0,763.0,325.0,-172.0,14.0
-162.0,61.0,93.0,-63.0,292.0,276.0,682.0,419.0,-141.0,16.0
-167.0,344.0,64.0,-81.0,361.0,189.0,656.0,498.0,-83.0,17.0
-148.0,465.0,114.0,-91.0,132.0,190.0,529.0,347.0,-5.0,22.0
-154.0,587.0,116.0,-134.0,179.0,189.0,276.0,295.0,50.0,20.0
-124.0,549.0,61.0,-127.0,323.0,408.0,12.0,206.0,105.0,-2.0
-126.0,173.0,23.0,-47.0,195.0,460.0,-230.0,321.0,139.0,-28.0
-85.0,-28.0,102.0,-41.0,52.0,196.0,-428.0,406.0,159.0,-34.0
-48.0,-111.0,122.0,-58.0,-24.0,-5.0,-630.0,428.0,165.0,-46.0
-13.0,-188.0,106.0,-23.0,62.0,-16.0,-797.0,456.0,164.0,-79.0
-28.0,-728.0,86.0,-11.0,134.0,11.0,-793.0,312.0,173.0,-80.0
-66.0,-913.0,66.0,-27.0,-99.0,-112.0,-645.0,393.0,159.0,-75.0
-81.0,-979.0,42.0,0.0,-133.0,-103.0,-478.0,317.0,181.0,-82.0
-123.0,-999.0,-61.0,51.0,-4.0,39.0,-364.0,186.0,198.0,-103.0
-89.0,-649.0,-86.0,43.0,-42.0,129.0,-253.0,103.0,203.0,-118.0
-87.0,-395.0,-90.0,34.0,-59.0,-124.0,-68.0,46.0,225.0,-138.0
-56.0,204.0,6.0,47.0,-115.0,-344.0,150.0,199.0,227.0,-142.0
-97.0,525.0,105.0,6.0,-83.0,-332.0,308.0,123.0,242.0,-99.0
-115.0,980.0,43.0,-20.0,184.0,-375.0,358.0,129.0,242.0,-86.0
-129.0,1482.0,-11.0,-38.0,149.0,-315.0,363.0,101.0,217.0,-59.0
-146.0,1589.0,-49.0,-77.0,-63.0,-389.0,346.0,9.0,161.0,-43.0
-139.0,1676.0,10.0,-128.0,70.0,-239.0,270.0,-1.0,104.0,-32.0
-166.0,1431.0,20.0,-160.0,207.0,-75.0,200.0,-70.0,80.0,-21.0
-126.0,1273.0,-21.0,-124.0,118.0,-129.0,213.0,64.0,51.0,-51.0
-140.0,1009.0,-59.0,-136.0,-50.0,-125.0,364.0,164.0,36.0,-53.0
-129.0,864.0,-112.0,-187.0,-35.0,-241.0,551.0,282.0,13.0,-37.0
-155.0,1192.0,-37.0,-158.0,30.0,-367.0,617.0,225.0,-25.0,0.0
-164.0,853.0,12.0,-69.0,-127.0,-504.0,618.0,88.0,-29.0,43.0
-187.0,219.0,-1.0,-12.0,-238.0,-438.0,684.0,110.0,-54.0,97.0
-197.0,-57.0,-34.0,-25.0,-240.0,-315.0,811.0,5.0,-98.0,178.0
-194.0,-501.0,-19.0,-40.0,-207.0,-127.0,854.0,86.0,-139.0,246.0
-202.0,-763.0,-8.0,-62.0,-99.0,174.0,738.0,155.0,-183.0,307.0
-160.0,-963.0,-69.0,-60.0,-166.0,123.0,534.0,254.0,-217.0,351.0
-154.0,-1249.0,-78.0,-8.0,-310.0,76.0,361.0,426.0,-243.0,380.0
-94.0,-1109.0,-92.0,4.0,-96.0,54.0,207.0,467.0,-244.0,373.0
-114.0,-686.0,-35.0,-20.0,-71.0,-29.0,9.0,493.0,-242.0,359.0
-105.0,-625.0,-18.0,-14.0,-301.0,0.0,-224.0,299.0,-238.0,340.0
-128.0,-1014.0,-92.0,1.0,-221.0,-145.0,-424.0,169.0,-202.0,287.0
-151.0,-745.0,-59.0,-13.0,-197.0,-24.0,-517.0,25.0,-139.0,233.0
-134.0,-373.0,-17.0,30.0,-127.0,59.0,-622.0,-9.0,-41.0,159.0
-146.0,-712.0,0.0,87.0,-81.0,-175.0,-768.0,133.0,40.0,66.0
-104.0,-520.0,-30.0,84.0,-256.0,-181.0,-874.0,72.0,84.0,-52.0
-140.0,-199.0,-74.0,58.0,-50.0,-220.0,-858.0,112.0,106.0,-147.0
-124.0,-243.0,-19.0,26.0,148.0,-84.0,-773.0,0.0,111.0,-232.0
-147.0,-360.0,27.0,34.0,44.0,62.0,-752.0,-49.0,93.0,-312.0
-163.0,-748.0,-52.0,29.0,88.0,-146.0,-751.0,0.0,72.0,-348.0
-167.0,-762.0,-92.0,31.0,157.0,-561.0,-638.0,-35.0,67.0,-396.0
-202.0,-652.0,-27.0,69.0,224.0,-736.0,-357.0,166.0,45.0,-422.0
-191.0,-539.0,-18.0,106.0,217.0,-630.0,-82.0,249.0,25.0,-455.0
-175.0,-315.0,-58.0,110.0,123.0,-698.0,67.0,312.0,-17.0,-459.0
-122.0,-235.0,-8.0,63.0,202.0,-594.0,107.0,110.0,-53.0,-436.0
-112.0,-153.0,57.0,44.0,188.0,-421.0,152.0,-97.0,-48.0,-435.0
-105.0,-269.0,94.0,-6.0,96.0,-334.0,274.0,-16.0,-67.0,-403.0
-112.0,-206.0,142.0,-27.0,120.0,-318.0,378.0,-12.0,-73.0,-366.0
-119.0,-85.0,21.0,-1.0,15.0,-364.0,476.0,99.0,-79.0,-338.0
-169.0,-75.0,47.0,-6.0,87.0,-319.0,577.0,29.0,-92.0,-310.0
-207.0,11.0,137.0,-8.0,171.0,-240.0,716.0,77.0,-98.0,-278.0
-219.0,45.0,78.0,-86.0,-75.0,-212.0,828.0,133.0,-116.0,-250.0
-233.0,238.0,114.0,-132.0,-99.0,-348.0,768.0,-9.0,-125.0,-223.0
-216.0,310.0,87.0,-144.0,-56.0,-326.0,570.0,22.0,-143.0,-219.0
-219.0,365.0,93.0,-172.0,-135.0,-104.0,381.0,29.0,-162.0,-224.0
-168.0,441.0,74.0,-124.0,-137.0,9.0,275.0,205.0,-166.0,-226.0
-144.0,72.0,-31.0,-66.0,-267.0,22.0,143.0,251.0,-145.0,-252.0
-154.0,-223.0,-58.0,-62.0,-238.0,-24.0,-52.0,251.0,-126.0,-268.0
-177.0,-149.0,-11.0,-142.0,-55.0,-127.0,-218.0,391.0,-121.0,-280.0
-190.0,-141.0,43.0,-154.0,-299.0,-135.0,-292.0,380.0,-106.0,-267.0
-186.0,-301.0,28.0,-103.0,-304.0,-123.0,-304.0,413.0,-94.0,-223.0
-186.0,-538.0,-31.0,-130.0,-24.0,-231.0,-298.0,277.0,-74.0,-138.0
-170.0,-844.0,-57.0,-125.0,-55.0,-287.0,-246.0,142.0,-54.0,-15.0
-159.0,-1041.0,-68.0,-76.0,28.0,-154.0,-112.0,86.0,-38.0,87.0
-150.0,-1125.0,-139.0,-38.0,25.0,-41.0,-18.0,109.0,-24.0,173.0
-155.0,-1066.0,-110.0,-48.0,-22.0,-87.0,-74.0,249.0,-20.0,259.0
-161.0,-985.0,-56.0,-78.0,136.0,-43.0,-229.0,238.0,-12.0,318.0
-181.0,-1019.0,-94.0,-67.0,52.0,141.0,-389.0,332.0,-3.0,332.0
-181.0,-672.0,-74.0,-53.0,-106.0,269.0,-416.0,223.0,16.0,327.0
-177.0,-181.0,-55.0,-7.0,29.0,250.0,-384.0,-33.0,31.0,325.0
-153.0,11.0,-23.0,22.0,130.0,198.0,-420.0,-192.0,38.0,319.0
-146.0,195.0,11.0,19.0,91.0,104.0,-489.0,-332.0,60.0,316.0
-145.0,517.0,-52.0,8.0,-1.0,19.0,-453.0,-275.0,79.0,314.0
-126.0,606.0,-21.0,9.0,-76.0,-28.0,-260.0,-286.0,88.0,314.0
-150.0,296.0,-3.0,29.0,85.0,-21.0,-54.0,-149.0,102.0,292.0
-176.0,270.0,-53.0,-7.0,64.0,-14.0,109.0,29.0,112.0,261.0
-222.0,477.0,-17.0,-2.0,-63.0,-66.0,197.0,155.0,88.0,232.0
-240.0,369.0,8.0,28.0,-37.0,-41.0,238.0,277.0,63.0,206.0
-254.0,280.0,98.0,44.0,50.0,34.0,230.0,267.0,30.0,189.0
-267.0,343.0,113.0,62.0,200.0,200.0,160.0,417.0,-37.0,189.0
-254.0,367.0,68.0,72.0,25.0,379.0,50.0,339.0,-89.0,233.0
-278.0,481.0,134.0,103.0,-35.0,516.0,-65.0,277.0,-127.0,276.0
-290.0,669.0,190.0,52.0,208.0,486.0,-108.0,232.0,-162.0,284.0
-290.0,708.0,160.0,-24.0,193.0,371.0,-136.0,-5.0,-185.0,282.0
-303.0,626.0,85.0,-62.0,83.0,252.0,-165.0,-66.0,-191.0,276.0
-308.0,595.0,105.0,-94.0,21.0,-13.0,-149.0,-166.0,-206.0,251.0
-313.0,463.0,128.0,-135.0,78.0,-45.0,-12.0,-110.0,-213.0,212.0
-305.0,154.0,70.0,-128.0,255.0,161.0,121.0,-86.0,-183.0,199.0
-295.0,122.0,51.0,-76.0,111.0,174.0,123.0,-57.0,-148.0,199.0
-314.0,293.0,56.0,-76.0,-129.0,114.0,63.0,53.0,-98.0,190.0
-325.0,132.0,49.0,-61.0,61.0,173.0,34.0,-24.0,-60.0,172.0
-324.0,7.0,22.0,-63.0,118.0,246.0,115.0,-18.0,-48.0,176.0
-307.0,120.0,-67.0,-68.0,-153.0,253.0,166.0,-155.0,-38.0,156.0
-298.0,125.0,-78.0,-78.0,-176.0,113.0,18.0,-138.0,-12.0,97.0
-260.0,-22.0,-54.0,-111.0,-111.0,143.0,-245.0,7.0,35.0,48.0
-208.0,-21.0,-68.0,-169.0,-66.0,116.0,-418.0,70.0,74.0,-8.0
-205.0,47.0,-79.0,-292.0,-62.0,-120.0,-536.0,223.0,105.0,-71.0
-194.0,-302.0,-165.0,-299.0,-261.0,-106.0,-654.0,101.0,118.0,-141.0
-216.0,-385.0,-136.0,-238.0,-148.0,-42.0,-761.0,22.0,134.0,-191.0
-230.0,-130.0,-54.0,-207.0,65.0,58.0,-793.0,-84.0,176.0,-246.0
-213.0,-275.0,-111.0,-205.0,-104.0,141.0,-663.0,-214.0,204.0,-316.0
-190.0,-511.0,-142.0,-183.0,-119.0,267.0,-470.0,-238.0,221.0,-372.0
-162.0,-667.0,-98.0,-135.0,-63.0,569.0,-275.0,-347.0,226.0,-415.0
-150.0,-571.0,-70.0,-99.0,-42.0,568.0,-110.0,-238.0,221.0,-436.0
-115.0,-300.0,-58.0,-5.0,62.0,238.0,68.0,-155.0,235.0,-448.0
-111.0,-128.0,-59.0,75.0,-55.0,161.0,158.0,12.0,244.0,-414.0
-116.0,108.0,-109.0,176.0,-175.0,298.0,110.0,142.0,237.0,-351.0
-131.0,380.0,-124.0,249.0,-68.0,338.0,-7.0,133.0,234.0,-332.0
-147.0,625.0,-76.0,256.0,14.0,375.0,-149.0,190.0,229.0,-296.0
-134.0,726.0,-70.0,254.0,-118.0,475.0,-201.0,0.0,229.0,-250.0
-110.0,706.0,-98.0,198.0,-123.0,607.0,-232.0,-88.0,228.0,-216.0
-65.0,883.0,-89.0,162.0,0.0,548.0,-275.0,-240.0,226.0,-166.0
-53.0,956.0,-85.0,117.0,17.0,416.0,-279.0,-336.0,231.0,-115.0
-44.0,629.0,-71.0,-6.0,-22.0,366.0,-221.0,-219.0,226.0,-54.0
-54.0,467.0,-49.0,-83.0,-111.0,488.0,-111.0,-206.0,203.0,-36.0
-53.0,453.0,-63.0,-89.0,-86.0,603.0,35.0,-79.0,175.0,-53.0
-44.0,464.0,-66.0,-135.0,-35.0,538.0,155.0,-138.0,144.0,-98.0
-39.0,461.0,-30.0,-149.0,-114.0,501.0,221.0,-144.0,117.0,-164.0
-2.0,196.0,-22.0,-183.0,-285.0,531.0,262.0,-72.0,93.0,-220.0
32.0,-14.0,2.0,-217.0,-207.0,670.0,250.0,-81.0,60.0,-266.0
75.0,48.0,-4.0,-144.0,-13.0,621.0,174.0,-83.0,37.0,-263.0
93.0,170.0,-43.0,-73.0,-76.0,582.0,59.0,-242.0,20.0,-259.0
134.0,-93.0,-35.0,-79.0,-108.0,486.0,-37.0,-247.0,12.0,-231.0
133.0,-179.0,-61.0,-83.0,9.0,419.0,-116.0,-262.0,9.0,-188.0
133.0,-29.0,-36.0,-48.0,70.0,475.0,-211.0,-173.0,-3.0,-169.0
138.0,-55.0,-54.0,-63.0,114.0,260.0,-349.0,-116.0,-5.0,-155.0
101.0,-194.0,-29.0,-107.0,78.0,130.0,-461.0,-192.0,-13.0,-140.0
80.0,-473.0,54.0,-160.0,-92.0,-45.0,-503.0,-33.0,-36.0,-112.0
34.0,-595.0,-22.0,-183.0,117.0,24.0,-520.0,-97.0,-49.0,-108.0
20.0,-896.0,-66.0,-130.0,169.0,237.0,-538.0,-186.0,-75.0,-114.0
-15.0,-1265.0,-4.0,-55.0,-103.0,185.0,-557.0,-179.0,-110.0,-112.0
-55.0,-1334.0,44.0,12.0,-80.0,50.0,-501.0,-157.0,-132.0,-99.0
-97.0,-979.0,33.0,59.0,-13.0,27.0,-416.0,-164.0,-141.0,-95.0
-125.0,-741.0,49.0,84.0,-5.0,166.0,-434.0,-369.0,-145.0,-108.0
-115.0,-511.0,45.0,91.0,-148.0,-8.0,-596.0,-382.0,-135.0,-118.0
-116.0,-5.0,106.0,101.0,-157.0,-134.0,-691.0,-304.0,-130.0,-124.0
-98.0,-17.0,139.0,86.0,-9.0,-115.0,-636.0,-145.0,-133.0,-119.0
-83.0,6.0,37.0,63.0,0.0,41.0,-556.0,-145.0,-133.0,-82.0
-75.0,-108.0,78.0,61.0,-99.0,313.0,-490.0,-253.0,-133.0,0.0
-82.0,-383.0,113.0,3.0,-218.0,346.0,-420.0,-142.0,-120.0,76.0
-67.0,-418.0,101.0,-107.0,-38.0,329.0,-200.0,-218.0,-116.0,143.0
-29.0,-265.0,65.0,-140.0,101.0,308.0,121.0,-242.0,-119.0,238.0
9.0,-180.0,-17.0,-138.0,-44.0,236.0,391.0,-376.0,-141.0,294.0
17.0,-355.0,70.0,-134.0,-99.0,133.0,539.0,-465.0,-179.0,299.0
41.0,14.0,39.0,-140.0,16.0,-30.0,599.0,-358.0,-206.0,288.0
68.0,222.0,-51.0,-148.0,115.0,-292.0,660.0,-423.0,-232.0,244.0
74.0,234.0,1.0,-103.0,43.0,-232.0,655.0,-339.0,-233.0,178.0
91.0,365.0,-69.0,-80.0,-35.0,4.0,574.0,-347.0,-223.0,101.0
97.0,364.0,-40.0,-52.0,14.0,192.0,490.0,-317.0,-197.0,21.0
136.0,228.0,-65.0,0.0,63.0,320.0,502.0,-386.0,-146.0,-65.0
160.0,-246.0,-139.0,20.0,35.0,289.0,522.0,-593.0,-100.0,-163.0
168.0,-216.0,-54.0,35.0,-83.0,433.0,381.0,-615.0,-55.0,-246.0
158.0,-113.0,-14.0,14.0,-65.0,340.0,146.0,-606.0,-22.0,-314.0
148.0,-205.0,76.0,-27.0,187.0,181.0,-70.0,-254.0,-20.0,-378.0
121.0,-192.0,58.0,-89.0,177.0,164.0,-206.0,-62.0,-18.0,-434.0
83.0,-186.0,-29.0,-158.0,-45.0,112.0,-260.0,5.0,10.0,-466.0
71.0,-45.0,-67.0,-179.0,-52.0,254.0,-331.0,83.0,40.0,-473.0
62.0,79.0,-87.0,-141.0,108.0,263.0,-476.0,-84.0,75.0,-501.0
78.0,256.0,-44.0,-95.0,214.0,238.0,-551.0,-153.0,112.0,-527.0
67.0,209.0,-65.0,-95.0,85.0,250.0,-560.0,-391.0,136.0,-536.0
74.0,463.0,-92.0,-81.0,98.0,346.0,-587.0,-497.0,161.0,-556.0
74.0,823.0,-91.0,-55.0,251.0,446.0,-624.0,-528.0,181.0,-574.0
45.0,726.0,-104.0,0.0,124.0,296.0,-604.0,-607.0,202.0,-572.0
24.0,597.0,-71.0,66.0,-40.0,267.0,-437.0,-447.0,227.0,-549.0
28.0,467.0,-38.0,79.0,-15.0,252.0,-274.0,-410.0,252.0,-514.0
69.0,419.0,-66.0,99.0,93.0,110.0,-246.0,-301.0,252.0,-462.0
86.0,78.0,-26.0,99.0,141.0,37.0,-292.0,-362.0,234.0,-403.0
69.0,-240.0,37.0,44.0,138.0,95.0,-283.0,-424.0,208.0,-348.0
64.0,-167.0,-14.0,-31.0,43.0,58.0,-239.0,-295.0,181.0,-310.0
61.0,32.0,-53.0,-86.0,64.0,77.0,-249.0,-277.0,157.0,-286.0
16.0,28.0,-36.0,-105.0,232.0,243.0,-308.0,-169.0,112.0,-274.0
-19.0,-179.0,1.0,-131.0,48.0,289.0,-355.0,-264.0,68.0,-276.0
-17.0,-167.0,53.0,-169.0,-190.0,356.0,-317.0,-315.0,20.0,-265.0
2.0,-138.0,0.0,-106.0,-129.0,109.0,-194.0,-343.0,-18.0,-258.0
5.0,-223.0,-8.0,-47.0,-49.0,-45.0,-32.0,-400.0,-42.0,-242.0
2.0,-417.0,71.0,-74.0,-38.0,90.0,120.0,-347.0,-77.0,-229.0
-3.0,-420.0,21.0,-44.0,-117.0,25.0,339.0,-391.0,-122.0,-227.0
3.0,-219.0,-16.0,52.0,-72.0,38.0,549.0,-277.0,-160.0,-215.0
-11.0,58.0,-22.0,86.0,80.0,22.0,656.0,-308.0,-172.0,-211.0
-72.0,339.0,-38.0,-14.0,12.0,9.0,669.0,-352.0,-181.0,-199.0
-84.0,595.0,-23.0,-39.0,-163.0,-30.0,623.0,-376.0,-182.0,-198.0
-111.0,899.0,-121.0,-24.0,-194.0,-121.0,609.0,-412.0,-195.0,-184.0
-115.0,882.0,-152.0,-63.0,11.0,-31.0,501.0,-299.0,-231.0,-160.0
-114.0,895.0,-101.0,-91.0,-39.0,-93.0,241.0,-352.0,-263.0,-159.0
-109.0,818.0,-95.0,-100.0,-228.0,-298.0,-88.0,-310.0,-277.0,-168.0
-80.0,706.0,-58.0,-34.0,16.0,-344.0,-352.0,-236.0,-267.0,-187.0
-86.0,616.0,-126.0,-18.0,163.0,-351.0,-522.0,-107.0,-227.0,-198.0
-114.0,207.0,-111.0,-73.0,185.0,-423.0,-709.0,-114.0,-195.0,-200.0
-147.0,-49.0,-4.0,-122.0,219.0,-495.0,-886.0,-358.0,-183.0,-189.0
-160.0,-218.0,-59.0,-137.0,47.0,-338.0,-940.0,-428.0,-161.0,-156.0
-179.0,-134.0,-70.0,-122.0,76.0,-94.0,-828.0,-533.0,-157.0,-96.0
-147.0,-95.0,-39.0,-64.0,225.0,-78.0,-660.0,-554.0,-147.0,-26.0
-86.0,45.0,-39.0,36.0,52.0,-37.0,-515.0,-622.0,-130.0,39.0
-22.0,545.0,14.0,95.0,-62.0,-54.0,-409.0,-678.0,-109.0,106.0
9.0,670.0,65.0,203.0,240.0,-20.0,-225.0,-576.0,-65.0,158.0
16.0,871.0,56.0,260.0,236.0,115.0,46.0,-589.0,-16.0,209.0
47.0,1278.0,79.0,204.0,-64.0,23.0,249.0,-506.0,24.0,258.0
29.0,1440.0,106.0,161.0,-40.0,61.0,313.0,-463.0,48.0,290.0
12.0,1132.0,22.0,103.0,54.0,172.0,322.0,-334.0,79.0,310.0
10.0,704.0,-3.0,15.0,117.0,184.0,391.0,-197.0,85.0,312.0
58.0,434.0,-30.0,-41.0,101.0,200.0,462.0,-258.0,81.0,326.0
97.0,84.0,-97.0,-55.0,28.0,112.0,454.0,-273.0,70.0,320.0
99.0,-324.0,-39.0,-70.0,141.0,110.0,345.0,-450.0,34.0,290.0
87.0,-653.0,-10.0,-62.0,317.0,164.0,276.0,-498.0,8.0,268.0
52.0,-846.0,-25.0,-96.0,220.0,149.0,246.0,-556.0,-26.0,245.0
38.0,-1203.0,-9.0,-58.0,95.0,238.0,118.0,-722.0,-70.0,248.0
-9.0,-1379.0,-8.0,16.0,141.0,307.0,-93.0,-679.0,-128.0,251.0
-16.0,-1464.0,-6.0,-24.0,100.0,227.0,-291.0,-622.0,-203.0,288.0
15.0,-1509.0,-24.0,21.0,112.0,166.0,-360.0,-452.0,-291.0,339.0
31.0,-1106.0,2.0,109.0,50.0,45.0,-403.0,-424.0,-353.0,377.0
17.0,-964.0,47.0,166.0,-81.0,-137.0,-507.0,-325.0,-402.0,442.0
17.0,-1011.0,9.0,204.0,24.0,-162.0,-633.0,-223.0,-444.0,496.0
19.0,-808.0,-37.0,224.0,35.0,-9.0,-673.0,-393.0,-441.0,555.0
23.0,-554.0,-28.0,260.0,-171.0,66.0,-553.0,-456.0,-449.0,601.0
39.0,-339.0,11.0,262.0,-113.0,-72.0,-347.0,-626.0,-453.0,626.0
33.0,-80.0,0.0,245.0,94.0,-212.0,-165.0,-567.0,-452.0,650.0
70.0,298.0,-36.0,233.0,-52.0,-269.0,-47.0,-458.0,-458.0,646.0
61.0,677.0,5.0,159.0,-204.0,-291.0,92.0,-526.0,-455.0,615.0
58.0,962.0,77.0,52.0,-93.0,-350.0,228.0,-478.0,-454.0,553.0
36.0,888.0,20.0,-31.0,-126.0,-442.0,278.0,-545.0,-453.0,471.0
38.0,899.0,-83.0,-18.0,-130.0,-432.0,245.0,-528.0,-454.0,362.0
37.0,1059.0,-83.0,24.0,-71.0,-299.0,215.0,-528.0,-423.0,239.0
-10.0,791.0,-86.0,11.0,-186.0,-236.0,211.0,-428.0,-401.0,136.0
-6.0,395.0,-100.0,38.0,-123.0,-283.0,143.0,-325.0,-384.0,64.0
-36.0,31.0,-117.0,67.0,-65.0,-82.0,-3.0,-399.0,-339.0,23.0
-24.0,-126.0,-113.0,96.0,-125.0,0.0,-141.0,-417.0,-300.0,-14.0
-40.0,-79.0,-60.0,58.0,47.0,-270.0,-192.0,-596.0,-226.0,-29.0
-24.0,74.0,-49.0,53.0,133.0,-451.0,-197.0,-613.0,-144.0,-13.0
-5.0,87.0,-93.0,76.0,-10.0,-580.0,-246.0,-617.0,-91.0,-27.0
-7.0,138.0,-143.0,77.0,45.0,-519.0,-348.0,-631.0,-34.0,-22.0
14.0,219.0,-88.0,86.0,121.0,-464.0,-369.0,-513.0,22.0,-29.0
-37.0,112.0,-97.0,18.0,81.0,-514.0,-291.0,-620.0,64.0,-74.0
-59.0,347.0,-150.0,37.0,188.0,-381.0,-218.0,-583.0,74.0,-121.0
-103.0,473.0,-149.0,62.0,175.0,-237.0,-204.0,-450.0,76.0,-157.0
-113.0,592.0,-112.0,52.0,72.0,-83.0,-239.0,-253.0,63.0,-189.0
-103.0,608.0,0.0,58.0,121.0,-81.0,-184.0,-75.0,27.0,-239.0
-99.0,578.0,-65.0,91.0,163.0,-189.0,-99.0,-29.0,-7.0,-268.0
-77.0,491.0,-99.0,114.0,72.0,-202.0,-123.0,27.0,-37.0,-277.0
-60.0,116.0,42.0,97.0,65.0,-158.0,-185.0,-136.0,-35.0,-262.0
-49.0,-139.0,8.0,109.0,112.0,-77.0,-144.0,-190.0,-16.0,-243.0
-78.0,-617.0,-41.0,107.0,25.0,-75.0,-12.0,-219.0,-17.0,-194.0
-93.0,-672.0,-39.0,64.0,0.0,-191.0,62.0,-269.0,-30.0,-127.0
-107.0,-818.0,-65.0,-21.0,-34.0,-251.0,32.0,-304.0,-44.0,-71.0
-117.0,-1088.0,-10.0,-46.0,-146.0,-97.0,-17.0,-421.0,-70.0,13.0
-123.0,-886.0,-52.0,-103.0,-120.0,-111.0,33.0,-406.0,-61.0,74.0
-113.0,-815.0,-110.0,-140.0,-85.0,-290.0,130.0,-519.0,-39.0,101.0
-103.0,-801.0,-91.0,-131.0,-178.0,-267.0,166.0,-517.0,-34.0,118.0
-77.0,-880.0,-128.0,-190.0,-80.0,-75.0,119.0,-497.0,-1.0,115.0
-68.0,-694.0,-155.0,-181.0,63.0,75.0,98.0,-543.0,13.0,87.0
-68.0,-591.0,-207.0,-219.0,-26.0,26.0,153.0,-522.0,17.0,29.0
-66.0,-565.0,-221.0,-227.0,-86.0,-78.0,210.0,-606.0,31.0,-59.0
-76.0,-242.0,-222.0,-142.0,-92.0,-4.0,224.0,-471.0,39.0,-125.0
-37.0,-29.0,-262.0,-88.0,-191.0,56.0,161.0,-369.0,20.0,-175.0
-15.0,236.0,-259.0,-58.0,-158.0,-150.0,90.0,-356.0,-1.0,-224.0
11.0,316.0,-185.0,-68.0,-176.0,-178.0,-4.0,-412.0,10.0,-225.0
30.0,209.0,-163.0,-49.0,-303.0,-2.0,-144.0,-415.0,27.0,-205.0
49.0,82.0,-258.0,-4.0,-53.0,10.0,-282.0,-277.0,39.0,-153.0
80.0,-15.0,-251.0,28.0,-106.0,-216.0,-336.0,-334.0,51.0,-68.0
91.0,47.0,-194.0,-12.0,-284.0,-311.0,-261.0,-206.0,63.0,37.0
90.0,-118.0,-187.0,-63.0,-4.0,-119.0,-135.0,-177.0,65.0,134.0
54.0,-79.0,-200.0,-79.0,-124.0,-257.0,-42.0,-227.0,66.0,216.0
59.0,258.0,-211.0,-49.0,-108.0,-390.0,-4.0,-188.0,78.0,295.0
95.0,282.0,-180.0,12.0,149.0,-327.0,46.0,-358.0,100.0,356.0
127.0,218.0,-171.0,41.0,-69.0,-228.0,85.0,-373.0,133.0,406.0
149.0,213.0,-206.0,151.0,55.0,-23.0,33.0,-413.0,155.0,429.0
149.0,-17.0,-190.0,216.0,308.0,-129.0,-90.0,-400.0,173.0,451.0
113.0,-170.0,-184.0,211.0,29.0,-293.0,-160.0,-365.0,188.0,447.0
80.0,-161.0,-190.0,171.0,80.0,-304.0,-113.0,-386.0,188.0,414.0
58.0,-368.0,-132.0,102.0,214.0,-427.0,-2.0,-262.0,179.0,383.0
78.0,-508.0,-156.0,66.0,-36.0,-427.0,101.0,-234.0,165.0,340.0
123.0,-497.0,-162.0,12.0,55.0,-356.0,144.0,-40.0,143.0,292.0
140.0,-250.0,-119.0,11.0,-11.0,-403.0,187.0,-29.0,106.0,237.0
180.0,-196.0,-91.0,3.0,-190.0,-327.0,297.0,-123.0,83.0,197.0
186.0,-60.0,-48.0,17.0,47.0,-204.0,392.0,-62.0,79.0,175.0
177.0,133.0,-31.0,58.0,-52.0,-113.0,377.0,-194.0,76.0,144.0
159.0,190.0,3.0,63.0,-169.0,-228.0,358.0,-173.0,64.0,104.0
142.0,595.0,-6.0,41.0,37.0,-400.0,386.0,-230.0,51.0,71.0
127.0,411.0,-91.0,-24.0,89.0,-177.0,389.0,-291.0,52.0,26.0
101.0,443.0,-56.0,-42.0,7.0,-146.0,317.0,-343.0,72.0,-18.0
90.0,313.0,9.0,-16.0,-55.0,-282.0,174.0,-509.0,102.0,-37.0
73.0,-290.0,-37.0,10.0,-37.0,-201.0,57.0,-502.0,128.0,-63.0
90.0,-520.0,-18.0,24.0,4.0,-116.0,-45.0,-506.0,146.0,-76.0
99.0,-687.0,12.0,-3.0,15.0,-56.0,-155.0,-291.0,165.0,-39.0
88.0,-635.0,-19.0,-49.0,-44.0,-83.0,-260.0,-177.0,162.0,25.0
80.0,-681.0,-28.0,-99.0,-114.0,-32.0,-281.0,-169.0,136.0,84.0
95.0,-164.0,-29.0,-171.0,-53.0,49.0,-178.0,-136.0,106.0,142.0
114.0,160.0,-82.0,-184.0,48.0,18.0,-36.0,-236.0,76.0,191.0
114.0,69.0,-110.0,-132.0,-102.0,-100.0,66.0,-116.0,48.0,219.0
102.0,280.0,-80.0,-141.0,-211.0,-269.0,94.0,-147.0,38.0,226.0
92.0,202.0,-141.0,-200.0,3.0,-248.0,148.0,-251.0,3.0,205.0
77.0,-76.0,-176.0,-202.0,-42.0,-112.0,210.0,-253.0,-60.0,157.0
34.0,-311.0,-161.0,-166.0,-172.0,-225.0,179.0,-267.0,-104.0,78.0
18.0,-445.0,-160.0,-169.0,-90.0,-386.0,74.0,-275.0,-160.0,-6.0
11.0,-679.0,-171.0,-91.0,-157.0,-267.0,-17.0,-384.0,-211.0,-94.0
13.0,-576.0,-219.0,24.0,-58.0,-127.0,-46.0,-367.0,-229.0,-177.0
12.0,-690.0,-213.0,47.0,-7.0,-210.0,-64.0,-321.0,-236.0,-251.0
27.0,-864.0,-202.0,65.0,-236.0,-354.0,-106.0,-221.0,-219.0,-310.0
25.0,-453.0,-188.0,107.0,-60.0,-259.0,-149.0,-242.0,-186.0,-335.0
1.0,-272.0,-204.0,76.0,51.0,-195.0,-85.0,-376.0,-149.0,-367.0
0.0,-320.0,-263.0,20.0,-84.0,-227.0,24.0,-262.0,-101.0,-378.0
-10.0,-324.0,-310.0,20.0,-10.0,-191.0,124.0,-171.0,-60.0,-367.0
-6.0,-57.0,-314.0,10.0,13.0,-299.0,198.0,-16.0,-18.0,-366.0
-15.0,85.0,-270.0,43.0,50.0,-419.0,264.0,101.0,28.0,-346.0
-30.0,219.0,-239.0,89.0,165.0,-532.0,444.0,149.0,70.0,-329.0
-32.0,474.0,-222.0,65.0,73.0,-493.0,602.0,164.0,102.0,-321.0
0.0,416.0,-257.0,71.0,-99.0,-293.0,674.0,-38.0,114.0,-336.0
22.0,503.0,-245.0,92.0,99.0,-267.0,697.0,-238.0,121.0,-341.0
17.0,377.0,-234.0,124.0,218.0,-384.0,718.0,-556.0,121.0,-310.0
53.0,143.0,-273.0,221.0,16.0,-446.0,793.0,-596.0,118.0,-283.0
113.0,249.0,-241.0,217.0,-13.0,-329.0,811.0,-500.0,125.0,-253.0
163.0,454.0,-222.0,103.0,82.0,-279.0,732.0,-539.0,121.0,-200.0
175.0,587.0,-217.0,0.0,91.0,-336.0,642.0,-352.0,95.0,-143.0
208.0,344.0,-215.0,-89.0,16.0,-345.0,634.0,-327.0,68.0,-76.0
217.0,299.0,-239.0,-119.0,2.0,-281.0,601.0,-297.0,69.0,13.0
198.0,281.0,-251.0,-121.0,1.0,-225.0,429.0,-388.0,90.0,102.0
188.0,-74.0,-286.0,-107.0,-3.0,-235.0,196.0,-419.0,103.0,177.0
177.0,-263.0,-268.0,-97.0,39.0,-187.0,0.0,-247.0,91.0,208.0
205.0,-379.0,-143.0,-100.0,-6.0,-262.0,-123.0,-232.0,65.0,227.0
195.0,-676.0,-97.0,-89.0,-41.0,-352.0,-255.0,-94.0,50.0,236.0
178.0,-724.0,-121.0,-124.0,100.0,-292.0,-426.0,-121.0,69.0,208.0
160.0,-351.0,-126.0,-152.0,63.0,-223.0,-546.0,-27.0,104.0,186.0
139.0,-262.0,-106.0,-93.0,54.0,-95.0,-576.0,84.0,129.0,161.0
120.0,-220.0,-90.0,-33.0,162.0,-70.0,-539.0,12.0,163.0,154.0
84.0,150.0,-40.0,-35.0,76.0,-149.0,-489.0,77.0,172.0,151.0
71.0,374.0,41.0,-13.0,125.0,-2.0,-423.0,-36.0,184.0,151.0
42.0,193.0,42.0,1.0,-9.0,100.0,-272.0,-175.0,199.0,185.0
36.0,336.0,88.0,25.0,-37.0,31.0,-72.0,-413.0,181.0,204.0
14.0,359.0,132.0,38.0,124.0,8.0,130.0,-445.0,165.0,201.0
-12.0,34.0,95.0,7.0,-21.0,34.0,319.0,-214.0,137.0,194.0
-26.0,177.0,59.0,-15.0,30.0,-39.0,519.0,-81.0,122.0,177.0
-63.0,42.0,65.0,-91.0,108.0,-288.0,752.0,192.0,97.0,116.0
-56.0,-22.0,84.0,-129.0,11.0,-199.0,924.0,221.0,61.0,56.0
-18.0,-45.0,94.0,-141.0,-5.0,-87.0,990.0,212.0,45.0,21.0
29.0,-75.0,123.0,-165.0,-102.0,-350.0,926.0,236.0,11.0,-18.0
41.0,-34.0,105.0,-148.0,-128.0,-557.0,828.0,48.0,-5.0,-44.0
55.0,-65.0,113.0,-159.0,31.0,-448.0,738.0,36.0,-14.0,-54.0
60.0,271.0,105.0,-154.0,-68.0,-202.0,575.0,70.0,-45.0,-63.0
49.0,275.0,112.0,-111.0,-92.0,-359.0,331.0,171.0,-57.0,-74.0
58.0,319.0,155.0,-82.0,0.0,-394.0,78.0,225.0,-60.0,-107.0
34.0,154.0,137.0,17.0,-143.0,-313.0,-79.0,186.0,-75.0,-157.0
34.0,7.0,173.0,95.0,-20.0,-434.0,-235.0,140.0,-97.0,-207.0
61.0,111.0,190.0,139.0,-103.0,-402.0,-431.0,5.0,-121.0,-270.0
99.0,-163.0,156.0,209.0,-240.0,-582.0,-521.0,22.0,-117.0,-303.0
95.0,-174.0,167.0,205.0,70.0,-611.0,-444.0,16.0,-104.0,-305.0
65.0,-287.0,173.0,204.0,-24.0,-578.0,-282.0,225.0,-84.0,-300.0
54.0,-159.0,178.0,185.0,-55.0,-700.0,-116.0,460.0,-75.0,-268.0
29.0,-38.0,198.0,176.0,98.0,-600.0,46.0,375.0,-98.0,-218.0
45.0,-35.0,172.0,214.0,8.0,-559.0,226.0,247.0,-116.0,-162.0
61.0,246.0,147.0,290.0,240.0,-493.0,440.0,-3.0,-103.0,-131.0
79.0,-20.0,110.0,340.0,92.0,-564.0,607.0,-33.0,-73.0,-120.0
105.0,41.0,111.0,346.0,-205.0,-432.0,661.0,53.0,-57.0,-119.0
89.0,501.0,178.0,344.0,217.0,-195.0,607.0,97.0,-57.0,-143.0
64.0,479.0,189.0,308.0,197.0,-301.0,502.0,110.0,-60.0,-181.0
35.0,345.0,198.0,276.0,-11.0,-222.0,353.0,90.0,-47.0,-229.0
38.0,454.0,199.0,216.0,228.0,-56.0,92.0,205.0,-31.0,-289.0
53.0,301.0,163.0,193.0,32.0,20.0,-205.0,192.0,-5.0,-343.0
83.0,-10.0,136.0,187.0,84.0,-133.0,-418.0,229.0,38.0,-391.0
105.0,221.0,117.0,219.0,270.0,-62.0,-506.0,227.0,72.0,-431.0
111.0,95.0,114.0,197.0,-76.0,327.0,-512.0,238.0,106.0,-448.0
133.0,-458.0,110.0,119.0,107.0,379.0,-500.0,260.0,130.0,-426.0
131.0,-399.0,54.0,115.0,210.0,73.0,-476.0,55.0,128.0,-376.0
164.0,-243.0,14.0,79.0,83.0,-230.0,-314.0,12.0,93.0,-321.0
160.0,-370.0,-11.0,68.0,293.0,-178.0,-23.0,40.0,66.0,-234.0
156.0,-72.0,-76.0,80.0,117.0,-37.0,202.0,269.0,61.0,-149.0
157.0,-95.0,-90.0,69.0,76.0,-58.0,338.0,430.0,49.0,-73.0
173.0,-235.0,-83.0,3.0,192.0,-98.0,435.0,386.0,45.0,7.0
211.0,202.0,-126.0,-12.0,-92.0,-27.0,536.0,473.0,49.0,62.0
185.0,-50.0,-163.0,27.0,-119.0,68.0,587.0,410.0,63.0,100.0
193.0,-395.0,-158.0,35.0,20.0,199.0,540.0,417.0,85.0,132.0
160.0,-279.0,-213.0,37.0,-25.0,172.0,456.0,275.0,106.0,160.0
150.0,-225.0,-225.0,26.0,-46.0,179.0,394.0,49.0,134.0,152.0
136.0,-467.0,-212.0,72.0,-199.0,304.0,377.0,-75.0,165.0,157.0
115.0,-612.0,-263.0,101.0,-122.0,186.0,341.0,-171.0,185.0,159.0
103.0,-194.0,-230.0,106.0,-16.0,139.0,238.0,-18.0,200.0,132.0
64.0,-99.0,-198.0,89.0,-322.0,50.0,96.0,-68.0,210.0,113.0
69.0,97.0,-174.0,65.0,-160.0,30.0,6.0,-59.0,206.0,113.0
43.0,389.0,-194.0,79.0,-8.0,106.0,-57.0,-35.0,201.0,107.0
48.0,356.0,-276.0,41.0,-106.0,93.0,-166.0,-105.0,187.0,99.0
26.0,799.0,-284.0,-36.0,96.0,58.0,-291.0,-16.0,171.0,139.0
13.0,1185.0,-280.0,-97.0,-105.0,127.0,-357.0,12.0,173.0,167.0
12.0,894.0,-252.0,-129.0,-117.0,329.0,-330.0,260.0,178.0,221.0
17.0,749.0,-205.0,-180.0,212.0,338.0,-318.0,423.0,203.0,255.0
16.0,912.0,-212.0,-236.0,-16.0,292.0,-343.0,495.0,232.0,276.0
-13.0,355.0,-236.0,-291.0,-100.0,126.0,-361.0,508.0,250.0,351.0
0.0,-180.0,-228.0,-283.0,15.0,118.0,-319.0,325.0,264.0,385.0
-6.0,-122.0,-232.0,-225.0,-8.0,254.0,-250.0,251.0,277.0,433.0
-6.0,-333.0,-200.0,-248.0,82.0,161.0,-233.0,20.0,292.0,482.0
-34.0,-555.0,-143.0,-245.0,-109.0,31.0,-215.0,-38.0,271.0,538.0
-36.0,-627.0,-156.0,-195.0,-165.0,-36.0,-144.0,-1.0,247.0,577.0
-29.0,-749.0,-138.0,-162.0,104.0,141.0,-57.0,-88.0,233.0,579.0
-30.0,-609.0,-128.0,-136.0,39.0,219.0,-78.0,-84.0,211.0,598.0
-25.0,-266.0,-87.0,-103.0,-9.0,46.0,-186.0,-133.0,181.0,598.0
-39.0,-589.0,-63.0,-124.0,64.0,-43.0,-239.0,20.0,136.0,606.0
-23.0,-1010.0,-89.0,-219.0,161.0,41.0,-152.0,151.0,97.0,612.0
-31.0,-753.0,-41.0,-334.0,171.0,75.0,-35.0,277.0,40.0,640.0
-46.0,-523.0,0.0,-422.0,56.0,-75.0,32.0,413.0,-8.0,673.0
-81.0,-502.0,78.0,-433.0,156.0,-140.0,119.0,299.0,-40.0,673.0
-82.0,-495.0,152.0,-370.0,199.0,-154.0,234.0,182.0,-80.0,688.0
-78.0,-191.0,140.0,-281.0,152.0,-155.0,385.0,51.0,-100.0,694.0
-53.0,143.0,101.0,-265.0,170.0,-35.0,466.0,73.0,-122.0,687.0
-13.0,218.0,113.0,-242.0,34.0,167.0,438.0,142.0,-138.0,681.0
12.0,455.0,123.0,-214.0,-1.0,273.0,330.0,221.0,-135.0,660.0
60.0,862.0,146.0,-233.0,183.0,329.0,242.0,288.0,-144.0,633.0
87.0,1083.0,218.0,-209.0,-25.0,378.0,203.0,214.0,-134.0,611.0
135.0,1037.0,246.0,-159.0,-180.0,344.0,75.0,395.0,-116.0,578.0
134.0,1030.0,242.0,-122.0,-18.0,386.0,-57.0,461.0,-120.0,552.0
150.0,921.0,231.0,-130.0,-141.0,367.0,-98.0,480.0,-118.0,527.0
146.0,634.0,256.0,-157.0,-56.0,317.0,-67.0,519.0,-115.0,488.0
128.0,426.0,207.0,-171.0,-92.0,387.0,-94.0,345.0,-120.0,460.0
158.0,-13.0,241.0,-138.0,-341.0,402.0,-200.0,247.0,-110.0,404.0
169.0,-315.0,271.0,-97.0,-87.0,345.0,-256.0,14.0,-105.0,310.0
200.0,-407.0,220.0,-72.0,-91.0,336.0,-212.0,-157.0,-116.0,212.0
174.0,-693.0,265.0,-48.0,-281.0,344.0,-118.0,-295.0,-121.0,119.0
162.0,-602.0,164.0,-101.0,-20.0,346.0,-123.0,-334.0,-123.0,11.0
139.0,-406.0,119.0,-123.0,81.0,299.0,-168.0,-230.0,-100.0,-80.0
141.0,-419.0,136.0,-35.0,49.0,279.0,-146.0,-160.0,-73.0,-120.0
176.0,-323.0,100.0,76.0,170.0,214.0,-59.0,197.0,-54.0,-157.0
189.0,-205.0,108.0,179.0,124.0,-34.0,34.0,450.0,-45.0,-172.0
203.0,-262.0,68.0,252.0,103.0,-47.0,80.0,655.0,-56.0,-160.0
148.0,37.0,53.0,286.0,95.0,21.0,105.0,705.0,-43.0,-148.0
135.0,387.0,58.0,338.0,-99.0,-9.0,132.0,539.0,-21.0,-123.0
121.0,118.0,19.0,377.0,-113.0,-54.0,130.0,487.0,-9.0,-108.0
89.0,420.0,-54.0,321.0,-15.0,-39.0,54.0,315.0,10.0,-93.0
52.0,907.0,-30.0,287.0,52.0,43.0,-41.0,232.0,12.0,-72.0
32.0,626.0,-5.0,267.0,58.0,-52.0,-59.0,131.0,-1.0,-53.0
46.0,449.0,12.0,175.0,-123.0,-64.0,55.0,103.0,0.0,-67.0
73.0,571.0,71.0,194.0,-67.0,65.0,126.0,53.0,20.0,-97.0
97.0,270.0,31.0,236.0,82.0,165.0,40.0,-171.0,29.0,-115.0
80.0,-11.0,76.0,251.0,-9.0,108.0,-91.0,-238.0,31.0,-162.0
103.0,52.0,92.0,292.0,-79.0,104.0,-185.0,-399.0,27.0,-201.0
119.0,-126.0,0.0,238.0,-78.0,138.0,-223.0,-436.0,-4.0,-228.0
165.0,-59.0,-21.0,232.0,26.0,196.0,-270.0,-497.0,-38.0,-275.0
169.0,29.0,-26.0,242.0,109.0,375.0,-292.0,-582.0,-60.0,-314.0
177.0,-158.0,-9.0,274.0,51.0,304.0,-226.0,-362.0,-78.0,-332.0
217.0,-152.0,-18.0,315.0,48.0,256.0,-117.0,-38.0,-104.0,-323.0
195.0,-19.0,-12.0,273.0,128.0,258.0,4.0,552.0,-142.0,-297.0
200.0,-136.0,-27.0,245.0,39.0,193.0,118.0,848.0,-166.0,-265.0
200.0,-293.0,-20.0,178.0,-12.0,237.0,207.0,731.0,-174.0,-230.0
221.0,-118.0,-21.0,126.0,53.0,248.0,330.0,463.0,-173.0,-187.0
206.0,-307.0,-118.0,134.0,-26.0,256.0,406.0,84.0,-180.0,-156.0
184.0,-461.0,-96.0,169.0,40.0,302.0,383.0,-1.0,-183.0,-117.0
175.0,-306.0,-49.0,157.0,46.0,350.0,312.0,-25.0,-201.0,-83.0
170.0,-229.0,-63.0,123.0,26.0,443.0,191.0,77.0,-216.0,-62.0
156.0,-42.0,-52.0,131.0,99.0,374.0,107.0,55.0,-221.0,-29.0
133.0,16.0,-64.0,142.0,2.0,279.0,45.0,-48.0,-243.0,-4.0
156.0,-139.0,-85.0,137.0,7.0,435.0,-9.0,44.0,-245.0,51.0
157.0,-98.0,-82.0,70.0,9.0,526.0,-213.0,145.0,-221.0,86.0
169.0,225.0,-108.0,55.0,15.0,544.0,-450.0,565.0,-186.0,104.0
149.0,109.0,-94.0,37.0,96.0,519.0,-526.0,840.0,-161.0,149.0
125.0,-48.0,-97.0,-94.0,71.0,577.0,-640.0,851.0,-155.0,191.0
88.0,-46.0,-167.0,-145.0,61.0,667.0,-665.0,613.0,-153.0,235.0
68.0,-306.0,-183.0,-162.0,136.0,471.0,-629.0,118.0,-158.0,264.0
69.0,-335.0,-195.0,-230.0,12.0,316.0,-434.0,-64.0,-174.0,289.0
63.0,-49.0,-185.0,-206.0,-164.0,375.0,-184.0,-31.0,-195.0,295.0
76.0,308.0,-163.0,-228.0,-66.0,525.0,-162.0,249.0,-206.0,291.0
49.0,570.0,-136.0,-282.0,30.0,506.0,9.0,559.0,-215.0,280.0
49.0,811.0,-111.0,-236.0,2.0,431.0,289.0,670.0,-233.0,257.0
34.0,919.0,-88.0,-187.0,-75.0,510.0,465.0,515.0,-262.0,242.0
22.0,1255.0,-54.0,-154.0,-54.0,425.0,461.0,194.0,-289.0,229.0
17.0,1405.0,-19.0,-107.0,49.0,196.0,607.0,84.0,-299.0,236.0
27.0,915.0,17.0,-14.0,9.0,210.0,824.0,18.0,-284.0,222.0
35.0,657.0,2.0,45.0,-104.0,415.0,624.0,147.0,-234.0,203.0
-9.0,344.0,2.0,48.0,-142.0,563.0,642.0,277.0,-196.0,184.0
-46.0,115.0,-16.0,49.0,-150.0,607.0,740.0,216.0,-181.0,160.0
-75.0,-47.0,-69.0,31.0,-104.0,580.0,625.0,271.0,-171.0,169.0
-66.0,-326.0,-47.0,-63.0,-37.0,593.0,622.0,341.0,-172.0,172.0
-78.0,-517.0,-98.0,-109.0,-49.0,280.0,621.0,550.0,-133.0,179.0
-110.0,-607.0,-117.0,-100.0,9.0,81.0,452.0,622.0,-69.0,211.0
-119.0,-447.0,-96.0,-136.0,135.0,82.0,76.0,454.0,-27.0,229.0
-139.0,-628.0,-186.0,-97.0,166.0,37.0,-124.0,181.0,19.0,235.0
-148.0,-505.0,-210.0,-62.0,59.0,280.0,-410.0,-51.0,86.0,218.0
-159.0,-327.0,-207.0,-47.0,145.0,186.0,-797.0,73.0,157.0,193.0
-175.0,-527.0,-185.0,-73.0,304.0,178.0,-914.0,171.0,217.0,154.0
-174.0,-439.0,-137.0,-132.0,200.0,302.0,-1068.0,306.0,273.0,107.0
-173.0,-502.0,-146.0,-72.0,87.0,289.0,-1176.0,351.0,298.0,76.0
-151.0,-407.0,-145.0,-10.0,86.0,197.0,-1063.0,358.0,301.0,51.0
-144.0,-315.0,-109.0,-3.0,163.0,10.0,-835.0,456.0,308.0,48.0
-161.0,-411.0,-93.0,0.0,168.0,119.0,-705.0,303.0,329.0,42.0
-155.0,-505.0,-65.0,3.0,103.0,-22.0,-489.0,376.0,361.0,39.0
-159.0,-445.0,-36.0,21.0,16.0,-130.0,-95.0,454.0,365.0,43.0
-145.0,-251.0,-20.0,17.0,-26.0,-83.0,138.0,437.0,364.0,41.0
-155.0,-193.0,29.0,-31.0,3.0,34.0,400.0,373.0,345.0,64.0
-160.0,78.0,-45.0,-55.0,-29.0,154.0,696.0,249.0,321.0,81.0
-177.0,87.0,-41.0,-48.0,-66.0,29.0,872.0,321.0,302.0,91.0
-188.0,332.0,9.0,-54.0,-73.0,60.0,1065.0,339.0,272.0,114.0
-137.0,575.0,-54.0,-83.0,-34.0,-61.0,1193.0,491.0,265.0,149.0
-110.0,448.0,18.0,-138.0,-56.0,-116.0,1078.0,521.0,257.0,180.0
-84.0,484.0,42.0,-170.0,-81.0,49.0,857.0,511.0,254.0,188.0
-84.0,171.0,67.0,-186.0,-36.0,179.0,763.0,485.0,244.0,170.0
-89.0,3.0,83.0,-185.0,-29.0,248.0,610.0,206.0,225.0,118.0
-84.0,-102.0,4.0,-139.0,-52.0,54.0,373.0,103.0,221.0,69.0
-87.0,-75.0,-1.0,-100.0,-109.0,-19.0,264.0,-24.0,226.0,16.0
-77.0,-110.0,-32.0,-75.0,-40.0,127.0,241.0,22.0,232.0,-31.0
-86.0,-171.0,-44.0,-44.0,31.0,227.0,224.0,175.0,181.0,-55.0
-99.0,124.0,-73.0,-72.0,-33.0,232.0,68.0,153.0,138.0,-74.0
-99.0,36.0,-85.0,-69.0,-116.0,245.0,-185.0,234.0,118.0,-49.0
-101.0,124.0,-37.0,-114.0,-173.0,321.0,-365.0,253.0,87.0,-3.0
-100.0,243.0,-7.0,-150.0,-56.0,171.0,-439.0,332.0,80.0,31.0
-88.0,142.0,-6.0,-58.0,0.0,47.0,-536.0,323.0,37.0,58.0
-69.0,-18.0,5.0,-24.0,-80.0,45.0,-730.0,230.0,-16.0,95.0
-35.0,-179.0,57.0,0.0,-17.0,-6.0,-822.0,253.0,-32.0,118.0
-15.0,-64.0,10.0,-10.0,29.0,-29.0,-721.0,266.0,-31.0,108.0
-9.0,-227.0,-9.0,-20.0,58.0,43.0,-596.0,424.0,-21.0,86.0
-7.0,-450.0,-47.0,21.0,57.0,292.0,-511.0,400.0,-8.0,58.0
-12.0,-273.0,-88.0,71.0,-35.0,352.0,-326.0,354.0,15.0,47.0
-32.0,-407.0,-54.0,69.0,87.0,265.0,-102.0,227.0,14.0,33.0
-79.0,-685.0,-60.0,38.0,50.0,239.0,69.0,-155.0,13.0,36.0
-100.0,-302.0,-67.0,43.0,-233.0,158.0,94.0,-264.0,16.0,46.0
-91.0,-1.0,-108.0,20.0,-177.0,-28.0,19.0,-288.0,15.0,54.0
-89.0,76.0,-78.0,-1.0,-66.0,-137.0,38.0,-120.0,33.0,66.0
-83.0,161.0,-96.0,-17.0,-67.0,-61.0,108.0,144.0,41.0,69.0
-79.0,247.0,-126.0,-20.0,-80.0,-33.0,109.0,428.0,28.0,61.0
-78.0,403.0,-117.0,-53.0,-213.0,-16.0,-6.0,718.0,16.0,10.0
-84.0,251.0,-131.0,-83.0,-164.0,-19.0,-10.0,750.0,23.0,-55.0
-95.0,263.0,-146.0,-121.0,-32.0,18.0,88.0,727.0,22.0,-121.0
-67.0,196.0,-192.0,-181.0,-127.0,73.0,106.0,563.0,34.0,-187.0
-65.0,-21.0,-128.0,-142.0,-106.0,-133.0,109.0,528.0,56.0,-268.0
-95.0,62.0,-90.0,-99.0,6.0,-358.0,143.0,402.0,69.0,-338.0
-123.0,188.0,-76.0,-91.0,-2.0,-362.0,186.0,112.0,106.0,-381.0
-156.0,273.0,-100.0,-44.0,0.0,-285.0,244.0,-36.0,122.0,-437.0
-148.0,174.0,-58.0,-24.0,-82.0,-277.0,309.0,-164.0,117.0,-486.0
-116.0,332.0,-62.0,-56.0,-65.0,-300.0,280.0,1.0,119.0,-542.0
-71.0,191.0,-72.0,-49.0,74.0,-137.0,224.0,164.0,128.0,-576.0
-44.0,-350.0,-19.0,-9.0,39.0,-79.0,197.0,360.0,138.0,-589.0
-53.0,-133.0,-84.0,69.0,-36.0,-232.0,129.0,552.0,142.0,-599.0
-45.0,-44.0,13.0,162.0,-54.0,-254.0,-4.0,563.0,143.0,-578.0
-47.0,-280.0,-46.0,233.0,-38.0,-136.0,-146.0,509.0,117.0,-562.0
-63.0,-195.0,-87.0,298.0,-45.0,-213.0,-260.0,177.0,90.0,-535.0
-77.0,-179.0,-69.0,316.0,-95.0,-502.0,-332.0,-12.0,66.0,-503.0
-85.0,-245.0,-105.0,335.0,-137.0,-451.0,-292.0,-105.0,40.0,-493.0
-71.0,-558.0,-44.0,389.0,-86.0,-284.0,-238.0,-55.0,26.0,-482.0
-89.0,-731.0,-127.0,361.0,-23.0,-243.0,-252.0,142.0,2.0,-463.0
-110.0,-450.0,-62.0,299.0,-47.0,-321.0,-282.0,256.0,-37.0,-475.0
-143.0,-273.0,-73.0,311.0,-33.0,-348.0,-246.0,539.0,-75.0,-494.0
-193.0,-201.0,-128.0,319.0,1.0,-223.0,-163.0,611.0,-84.0,-487.0
-231.0,-255.0,-102.0,311.0,60.0,-378.0,-113.0,609.0,-82.0,-478.0
-275.0,-25.0,-90.0,326.0,-11.0,-495.0,-43.0,489.0,-84.0,-457.0
-290.0,-3.0,-2.0,325.0,-55.0,-534.0,41.0,171.0,-87.0,-446.0
-299.0,-387.0,-3.0,281.0,107.0,-489.0,99.0,-1.0,-104.0,-449.0
-289.0,-204.0,39.0,236.0,109.0,-282.0,153.0,-181.0,-110.0,-445.0
-284.0,-228.0,56.0,187.0,45.0,-271.0,160.0,-160.0,-96.0,-424.0
-293.0,-30.0,20.0,155.0,-23.0,-273.0,105.0,-253.0,-66.0,-407.0
-272.0,593.0,16.0,143.0,25.0,-283.0,95.0,-312.0,-22.0,-404.0
-265.0,759.0,55.0,74.0,195.0,-257.0,57.0,-96.0,20.0,-400.0
-250.0,1125.0,97.0,29.0,-6.0,-154.0,-78.0,164.0,57.0,-410.0
-205.0,1389.0,53.0,-37.0,-198.0,-143.0,-188.0,602.0,110.0,-429.0
-157.0,1198.0,48.0,-137.0,-7.0,-56.0,-235.0,814.0,188.0,-457.0
-112.0,947.0,75.0,-149.0,94.0,-37.0,-265.0,886.0,254.0,-497.0
-74.0,758.0,87.0,-207.0,5.0,-78.0,-303.0,716.0,301.0,-535.0
-42.0,565.0,105.0,-303.0,3.0,-126.0,-290.0,397.0,326.0,-567.0
0.0,219.0,129.0,-325.0,31.0,-244.0,-234.0,327.0,343.0,-587.0
27.0,86.0,174.0,-380.0,65.0,-285.0,-186.0,201.0,356.0,-617.0
40.0,113.0,205.0,-474.0,168.0,-369.0,-185.0,219.0,367.0,-637.0
60.0,95.0,178.0,-542.0,76.0,-342.0,-258.0,197.0,385.0,-641.0
71.0,-39.0,186.0,-542.0,-21.0,-305.0,-333.0,125.0,380.0,-618.0
90.0,-337.0,210.0,-441.0,177.0,-394.0,-352.0,48.0,366.0,-548.0
110.0,-138.0,220.0,-394.0,211.0,-295.0,-289.0,-107.0,346.0,-462.0
137.0,63.0,219.0,-358.0,47.0,-235.0,-246.0,-22.0,296.0,-353.0
161.0,-42.0,181.0,-375.0,61.0,-306.0,-297.0,-22.0,242.0,-250.0
157.0,-52.0,198.0,-483.0,138.0,-325.0,-297.0,38.0,200.0,-164.0
144.0,-91.0,165.0,-510.0,135.0,-265.0,-232.0,90.0,172.0,-90.0
91.0,-100.0,125.0,-494.0,49.0,-186.0,-233.0,1.0,172.0,-57.0
57.0,-440.0,166.0,-431.0,-46.0,-339.0,-260.0,123.0,178.0,-43.0
34.0,-670.0,192.0,-387.0,-47.0,-520.0,-274.0,192.0,155.0,-48.0
0.0,-839.0,228.0,-358.0,58.0,-379.0,-239.0,382.0,141.0,-64.0
3.0,-798.0,256.0,-281.0,38.0,-319.0,-129.0,552.0,120.0,-63.0
21.0,-503.0,263.0,-140.0,-105.0,-322.0,-28.0,565.0,80.0,-48.0
58.0,-673.0,235.0,27.0,-5.0,-265.0,98.0,533.0,61.0,-29.0
50.0,-675.0,240.0,129.0,96.0,-327.0,283.0,408.0,34.0,-2.0
15.0,-448.0,243.0,254.0,-39.0,-216.0,485.0,432.0,0.0,38.0
-10.0,-130.0,217.0,352.0,-106.0,-194.0,568.0,186.0,-11.0,101.0
-52.0,-219.0,282.0,364.0,-108.0,-313.0,484.0,-260.0,3.0,152.0
-97.0,-329.0,299.0,318.0,-92.0,-131.0,373.0,-572.0,28.0,195.0
-118.0,75.0,318.0,272.0,-24.0,28.0,310.0,-539.0,23.0,257.0
-119.0,303.0,390.0,273.0,-91.0,-163.0,275.0,-184.0,0.0,289.0
-112.0,328.0,367.0,256.0,-67.0,-358.0,165.0,171.0,-32.0,310.0
-91.0,347.0,334.0,225.0,70.0,-498.0,-25.0,650.0,-58.0,344.0
-85.0,585.0,313.0,199.0,48.0,-456.0,-229.0,770.0,-62.0,355.0
-85.0,617.0,331.0,181.0,-18.0,-212.0,-358.0,622.0,-82.0,340.0
-101.0,511.0,308.0,154.0,-59.0,-300.0,-472.0,277.0,-93.0,316.0
-109.0,436.0,275.0,163.0,15.0,-306.0,-667.0,-97.0,-82.0,297.0
-110.0,534.0,305.0,137.0,28.0,-115.0,-844.0,-79.0,-98.0,270.0
-115.0,823.0,275.0,44.0,-73.0,-125.0,-913.0,-59.0,-135.0,214.0
-99.0,709.0,260.0,9.0,-88.0,-218.0,-836.0,60.0,-163.0,157.0
-66.0,400.0,203.0,-6.0,-6.0,-356.0,-691.0,-46.0,-186.0,129.0
-49.0,437.0,187.0,-6.0,59.0,-467.0,-514.0,-177.0,-206.0,75.0
-55.0,625.0,243.0,-11.0,25.0,-492.0,-292.0,-123.0,-224.0,11.0
-51.0,363.0,228.0,3.0,5.0,-540.0,-3.0,-48.0,-246.0,-27.0
-45.0,236.0,229.0,81.0,18.0,-534.0,297.0,304.0,-266.0,-59.0
-28.0,238.0,190.0,143.0,171.0,-431.0,490.0,484.0,-264.0,-100.0
1.0,236.0,192.0,132.0,208.0,-273.0,631.0,646.0,-261.0,-123.0
10.0,113.0,198.0,146.0,74.0,-27.0,744.0,565.0,-280.0,-113.0
20.0,-96.0,123.0,161.0,88.0,-99.0,797.0,286.0,-300.0,-123.0
58.0,121.0,146.0,76.0,98.0,-316.0,715.0,225.0,-293.0,-112.0
65.0,-39.0,165.0,53.0,31.0,-368.0,512.0,64.0,-265.0,-74.0
68.0,-289.0,126.0,67.0,-6.0,-411.0,304.0,20.0,-244.0,-22.0
64.0,-443.0,112.0,51.0,59.0,-408.0,127.0,-25.0,-211.0,41.0
39.0,-275.0,77.0,5.0,71.0,-296.0,-24.0,75.0,-168.0,74.0
11.0,-66.0,29.0,-58.0,12.0,-126.0,-139.0,254.0,-143.0,122.0
-5.0,-417.0,0.0,-84.0,46.0,-9.0,-201.0,308.0,-125.0,146.0
-2.0,-458.0,-33.0,-142.0,121.0,89.0,-204.0,378.0,-111.0,153.0
8.0,-527.0,-34.0,-105.0,92.0,-94.0,-164.0,90.0,-95.0,149.0
42.0,-616.0,-32.0,-27.0,47.0,-204.0,-185.0,-145.0,-78.0,119.0
45.0,-351.0,-98.0,-55.0,88.0,-104.0,-268.0,-306.0,-55.0,104.0
49.0,-9.0,-124.0,18.0,32.0,-135.0,-320.0,-413.0,-40.0,87.0
44.0,183.0,-155.0,114.0,56.0,-150.0,-283.0,-284.0,-33.0,93.0
39.0,593.0,-148.0,131.0,76.0,-273.0,-193.0,-145.0,-31.0,123.0
13.0,967.0,-146.0,131.0,-33.0,-322.0,-144.0,242.0,-44.0,152.0
-37.0,863.0,-196.0,85.0,31.0,-179.0,-102.0,436.0,-63.0,187.0
-52.0,959.0,-160.0,89.0,46.0,55.0,22.0,421.0,-90.0,243.0
-49.0,854.0,-202.0,122.0,-17.0,62.0,179.0,293.0,-106.0,304.0
-30.0,487.0,-268.0,145.0,-50.0,-79.0,227.0,-46.0,-127.0,333.0
-58.0,149.0,-311.0,104.0,-72.0,-41.0,202.0,-223.0,-161.0,344.0
-58.0,-325.0,-321.0,-36.0,-14.0,35.0,210.0,-436.0,-166.0,344.0
-40.0,-510.0,-296.0,-79.0,-74.0,129.0,271.0,-417.0,-163.0,317.0
-33.0,-601.0,-289.0,-39.0,-155.0,187.0,272.0,-240.0,-145.0,259.0
-36.0,-972.0,-258.0,16.0,-86.0,323.0,157.0,-5.0,-119.0,205.0
-41.0,-1036.0,-243.0,90.0,36.0,228.0,52.0,382.0,-110.0,137.0
-26.0,-857.0,-232.0,125.0,-44.0,158.0,27.0,600.0,-99.0,48.0
-63.0,-896.0,-255.0,62.0,-116.0,200.0,79.0,683.0,-99.0,-22.0
-87.0,-565.0,-247.0,-27.0,35.0,-43.0,105.0,386.0,-92.0,-67.0
-120.0,-224.0,-206.0,-58.0,62.0,-7.0,47.0,70.0,-62.0,-72.0
-130.0,-353.0,-182.0,-68.0,84.0,123.0,12.0,-121.0,-46.0,-97.0
-141.0,-285.0,-188.0,-55.0,37.0,225.0,59.0,-293.0,-35.0,-114.0
-151.0,-342.0,-174.0,-92.0,-12.0,196.0,59.0,-205.0,-5.0,-112.0
-134.0,-607.0,-145.0,-126.0,55.0,12.0,-29.0,-94.0,34.0,-124.0
-152.0,-260.0,-91.0,-152.0,31.0,10.0,-121.0,136.0,72.0,-119.0
-134.0,79.0,-43.0,-129.0,39.0,-95.0,-130.0,216.0,115.0,-116.0
-130.0,-317.0,-49.0,-62.0,-58.0,-235.0,-84.0,168.0,153.0,-107.0
-119.0,-321.0,-23.0,-79.0,-127.0,-332.0,-121.0,173.0,178.0,-114.0
-116.0,38.0,-4.0,-69.0,4.0,-66.0,-194.0,92.0,209.0,-139.0
-136.0,-107.0,64.0,-83.0,-29.0,199.0,-227.0,120.0,231.0,-135.0
-144.0,-30.0,59.0,-72.0,-165.0,2.0,-194.0,42.0,229.0,-148.0
-169.0,103.0,29.0,-18.0,-75.0,-149.0,-163.0,49.0,222.0,-163.0
-167.0,241.0,88.0,19.0,12.0,-128.0,-164.0,11.0,198.0,-136.0
-155.0,605.0,76.0,89.0,-7.0,53.0,-109.0,-107.0,163.0,-87.0
-147.0,611.0,63.0,109.0,-68.0,-25.0,22.0,-77.0,116.0,-28.0
-144.0,605.0,98.0,131.0,-81.0,-314.0,204.0,-127.0,47.0,25.0
-148.0,561.0,165.0,138.0,106.0,-185.0,335.0,-70.0,-20.0,97.0
-143.0,443.0,167.0,136.0,75.0,189.0,395.0,-157.0,-88.0,153.0
-120.0,253.0,155.0,184.0,-57.0,297.0,415.0,-145.0,-136.0,170.0
-88.0,-77.0,165.0,200.0,-21.0,197.0,412.0,-22.0,-192.0,178.0
-62.0,-158.0,160.0,187.0,-7.0,100.0,332.0,-27.0,-254.0,168.0
-47.0,-225.0,177.0,234.0,60.0,108.0,111.0,140.0,-274.0,142.0
-38.0,-135.0,93.0,235.0,22.0,71.0,-116.0,210.0,-280.0,85.0
-20.0,156.0,69.0,202.0,-62.0,-141.0,-218.0,341.0,-297.0,59.0
-27.0,415.0,79.0,185.0,28.0,-182.0,-196.0,341.0,-318.0,57.0
-36.0,587.0,34.0,134.0,84.0,-124.0,-180.0,279.0,-315.0,22.0
-42.0,668.0,35.0,134.0,-59.0,79.0,-229.0,280.0,-283.0,-6.0
-32.0,849.0,-30.0,149.0,-67.0,267.0,-273.0,73.0,-259.0,-26.0
-19.0,704.0,-28.0,161.0,33.0,271.0,-281.0,9.0,-242.0,-37.0
-27.0,509.0,-47.0,125.0,30.0,375.0,-311.0,-186.0,-228.0,-57.0
2.0,419.0,-101.0,142.0,171.0,401.0,-412.0,-295.0,-217.0,-66.0
1.0,93.0,-89.0,159.0,159.0,159.0,-512.0,-291.0,-208.0,-64.0
-6.0,100.0,-111.0,102.0,68.0,-113.0,-540.0,-297.0,-201.0,-75.0
4.0,252.0,-79.0,139.0,227.0,-53.0,-497.0,-110.0,-204.0,-86.0
19.0,174.0,-114.0,170.0,184.0,93.0,-490.0,-103.0,-206.0,-114.0
50.0,59.0,-172.0,193.0,-11.0,60.0,-529.0,-53.0,-201.0,-137.0
31.0,114.0,-127.0,172.0,60.0,62.0,-485.0,-31.0,-189.0,-169.0
37.0,289.0,-155.0,146.0,101.0,201.0,-321.0,24.0,-162.0,-204.0
16.0,178.0,-186.0,162.0,-48.0,262.0,-106.0,62.0,-151.0,-217.0
-13.0,-35.0,-185.0,184.0,-29.0,244.0,74.0,-101.0,-162.0,-254.0
-10.0,90.0,-232.0,212.0,-10.0,247.0,215.0,-84.0,-174.0,-276.0
-17.0,-59.0,-250.0,165.0,-105.0,310.0,355.0,-203.0,-181.0,-274.0
-2.0,-326.0,-318.0,124.0,-66.0,424.0,450.0,-236.0,-146.0,-284.0
-1.0,-319.0,-356.0,107.0,-57.0,258.0,444.0,-84.0,-92.0,-288.0
11.0,-689.0,-331.0,79.0,-190.0,212.0,398.0,64.0,-52.0,-283.0
0.0,-937.0,-373.0,86.0,-151.0,322.0,355.0,419.0,-19.0,-277.0
0.0,-919.0,-352.0,139.0,8.0,260.0,353.0,606.0,0.0,-277.0
11.0,-592.0,-332.0,167.0,-45.0,214.0,325.0,650.0,32.0,-271.0
4.0,-135.0,-333.0,131.0,-26.0,43.0,180.0,463.0,81.0,-260.0
17.0,406.0,-323.0,70.0,113.0,65.0,9.0,142.0,134.0,-215.0
21.0,873.0,-359.0,54.0,35.0,73.0,-65.0,-83.0,165.0,-162.0
31.0,792.0,-399.0,25.0,46.0,131.0,1.0,-375.0,191.0,-132.0
3.0,798.0,-370.0,-19.0,86.0,457.0,2.0,-428.0,207.0,-81.0
-9.0,369.0,-310.0,-69.0,-36.0,396.0,-145.0,-341.0,221.0,-49.0
-22.0,82.0,-349.0,-140.0,22.0,329.0,-276.0,-73.0,247.0,-29.0
-33.0,35.0,-344.0,-114.0,55.0,295.0,-324.0,75.0,257.0,-18.0
-36.0,-403.0,-293.0,-67.0,31.0,253.0,-388.0,-3.0,265.0,-28.0
-56.0,-549.0,-266.0,-95.0,108.0,172.0,-582.0,48.0,282.0,-37.0
-35.0,-548.0,-243.0,-101.0,-26.0,-18.0,-783.0,-35.0,293.0,-52.0
-6.0,-710.0,-254.0,-13.0,-153.0,110.0,-877.0,11.0,294.0,-34.0
41.0,-831.0,-207.0,-10.0,34.0,223.0,-845.0,-22.0,288.0,-16.0
53.0,-549.0,-145.0,-24.0,49.0,367.0,-746.0,-35.0,272.0,-10.0
26.0,-448.0,-126.0,18.0,-171.0,394.0,-622.0,81.0,252.0,4.0
-3.0,-350.0,-128.0,-64.0,-76.0,242.0,-439.0,-38.0,229.0,26.0
-47.0,-120.0,-115.0,-128.0,42.0,310.0,-165.0,-129.0,196.0,44.0
-73.0,-195.0,-78.0,-141.0,-67.0,339.0,172.0,-321.0,171.0,39.0
-54.0,-302.0,-64.0,-200.0,-17.0,285.0,396.0,-295.0,142.0,31.0
-6.0,-370.0,-59.0,-273.0,32.0,164.0,449.0,-206.0,125.0,7.0
27.0,-360.0,-23.0,-301.0,8.0,125.0,465.0,-168.0,113.0,-17.0
65.0,-323.0,46.0,-297.0,86.0,317.0,502.0,-36.0,95.0,-41.0
55.0,-109.0,120.0,-339.0,-4.0,496.0,476.0,-68.0,77.0,-73.0
47.0,-26.0,158.0,-351.0,-136.0,407.0,415.0,57.0,58.0,-95.0
41.0,16.0,179.0,-309.0,-48.0,248.0,364.0,97.0,65.0,-108.0
26.0,146.0,197.0,-261.0,0.0,270.0,333.0,179.0,83.0,-124.0
13.0,-99.0,194.0,-224.0,10.0,221.0,310.0,195.0,98.0,-136.0
-8.0,-383.0,157.0,-202.0,112.0,206.0,233.0,110.0,111.0,-136.0
12.0,-538.0,76.0,-204.0,59.0,193.0,204.0,242.0,117.0,-171.0
8.0,-599.0,119.0,-208.0,-31.0,306.0,224.0,120.0,117.0,-203.0
2.0,-642.0,186.0,-232.0,89.0,540.0,269.0,18.0,122.0,-228.0
12.0,-659.0,187.0,-238.0,97.0,579.0,270.0,-79.0,143.0,-263.0
-3.0,-405.0,234.0,-231.0,139.0,555.0,144.0,-114.0,154.0,-263.0
-46.0,-98.0,173.0,-266.0,212.0,425.0,-24.0,-22.0,146.0,-260.0
-96.0,94.0,143.0,-269.0,45.0,632.0,-197.0,-101.0,142.0,-241.0
-93.0,187.0,114.0,-272.0,7.0,706.0,-356.0,-25.0,143.0,-213.0
-68.0,291.0,-1.0,-310.0,-24.0,450.0,-495.0,-51.0,145.0,-196.0
-47.0,318.0,42.0,-373.0,-82.0,358.0,-546.0,-35.0,129.0,-155.0
-26.0,265.0,36.0,-363.0,-67.0,170.0,-525.0,-38.0,106.0,-122.0
8.0,415.0,7.0,-296.0,-129.0,227.0,-523.0,-120.0,100.0,-105.0
26.0,426.0,12.0,-249.0,-82.0,250.0,-522.0,46.0,80.0,-78.0
28.0,354.0,-55.0,-218.0,-46.0,178.0,-512.0,5.0,64.0,-49.0
15.0,424.0,-27.0,-205.0,-3.0,215.0,-511.0,-9.0,45.0,-14.0
3.0,368.0,-38.0,-202.0,34.0,349.0,-469.0,-116.0,-7.0,0.0
29.0,55.0,-139.0,-204.0,-33.0,374.0,-360.0,-354.0,-50.0,-2.0
74.0,-91.0,-162.0,-122.0,-19.0,203.0,-219.0,-439.0,-81.0,31.0
128.0,-10.0,-132.0,-128.0,-76.0,141.0,-65.0,-474.0,-102.0,57.0
160.0,-292.0,-174.0,-151.0,-170.0,24.0,112.0,-315.0,-113.0,71.0
207.0,-225.0,-173.0,-91.0,-96.0,169.0,283.0,-275.0,-121.0,107.0
197.0,-8.0,-124.0,-41.0,-49.0,93.0,373.0,-155.0,-103.0,148.0
173.0,-106.0,-132.0,6.0,-124.0,-133.0,428.0,-73.0,-56.0,196.0
155.0,63.0,-109.0,10.0,-18.0,-57.0,493.0,-151.0,13.0,259.0
118.0,51.0,-149.0,65.0,70.0,77.0,595.0,-160.0,85.0,346.0
131.0,-106.0,-127.0,108.0,35.0,302.0,673.0,-336.0,154.0,420.0
104.0,-1.0,-76.0,161.0,198.0,226.0,663.0,-271.0,197.0,492.0
93.0,283.0,-128.0,192.0,185.0,225.0,595.0,-173.0,222.0,569.0
74.0,283.0,-106.0,223.0,101.0,348.0,501.0,-110.0,230.0,621.0
46.0,308.0,-96.0,256.0,128.0,413.0,461.0,83.0,230.0,646.0
54.0,520.0,-77.0,266.0,45.0,416.0,403.0,206.0,241.0,631.0
33.0,371.0,-92.0,277.0,27.0,251.0,306.0,280.0,232.0,576.0
0.0,429.0,-121.0,252.0,-4.0,274.0,199.0,57.0,235.0,502.0
-39.0,515.0,-52.0,302.0,-117.0,246.0,110.0,-131.0,229.0,423.0
-47.0,122.0,-86.0,313.0,-71.0,166.0,34.0,-273.0,209.0,344.0
-51.0,-171.0,-84.0,367.0,-22.0,71.0,-102.0,-430.0,189.0,274.0
-66.0,-29.0,11.0,381.0,-202.0,263.0,-209.0,-430.0,141.0,206.0
-59.0,-166.0,-22.0,307.0,-170.0,821.0,-249.0,-463.0,97.0,157.0
-60.0,-310.0,-34.0,288.0,-84.0,903.0,-252.0,-339.0,53.0,124.0
-58.0,-338.0,-19.0,273.0,-224.0,705.0,-305.0,-236.0,23.0,104.0
-73.0,-795.0,-111.0,317.0,-251.0,417.0,-392.0,-112.0,7.0,121.0
-104.0,-800.0,-118.0,312.0,-233.0,387.0,-373.0,-38.0,-29.0,146.0
-67.0,-829.0,-96.0,335.0,-165.0,645.0,-231.0,-190.0,-76.0,195.0
-29.0,-738.0,-142.0,401.0,-61.0,460.0,-60.0,-297.0,-107.0,273.0
4.0,-150.0,-130.0,439.0,-79.0,231.0,-11.0,-441.0,-137.0,351.0
21.0,4.0,-122.0,450.0,-85.0,293.0,-12.0,-351.0,-174.0,429.0
32.0,206.0,-123.0,417.0,14.0,467.0,84.0,-201.0,-189.0,467.0
59.0,527.0,-92.0,416.0,-14.0,303.0,267.0,-121.0,-195.0,475.0
40.0,299.0,-84.0,425.0,-77.0,-12.0,391.0,-73.0,-196.0,468.0
51.0,92.0,-76.0,460.0,-8.0,-87.0,417.0,-229.0,-193.0,420.0
39.0,277.0,-109.0,425.0,3.0,25.0,394.0,-242.0,-191.0,349.0
49.0,172.0,-126.0,348.0,54.0,182.0,344.0,-308.0,-181.0,261.0
76.0,204.0,-138.0,322.0,71.0,13.0,274.0,-267.0,-169.0,159.0
82.0,210.0,-200.0,309.0,107.0,-41.0,129.0,-194.0,-125.0,52.0
79.0,41.0,-118.0,318.0,103.0,48.0,-3.0,-245.0,-76.0,-44.0
51.0,174.0,-78.0,279.0,17.0,80.0,-77.0,-249.0,-41.0,-115.0
55.0,222.0,-58.0,260.0,130.0,-26.0,-96.0,-533.0,-13.0,-188.0
47.0,126.0,27.0,279.0,87.0,-201.0,-132.0,-705.0,-10.0,-243.0
83.0,116.0,-29.0,206.0,92.0,-2.0,-235.0,-726.0,12.0,-270.0
144.0,349.0,0.0,149.0,272.0,147.0,-266.0,-598.0,37.0,-300.0
193.0,496.0,8.0,154.0,231.0,57.0,-193.0,-436.0,51.0,-321.0
227.0,802.0,-54.0,152.0,169.0,81.0,-41.0,-465.0,63.0,-333.0
229.0,792.0,-24.0,179.0,175.0,308.0,101.0,-365.0,37.0,-347.0
231.0,607.0,-43.0,182.0,84.0,427.0,228.0,-391.0,1.0,-347.0
234.0,1057.0,-66.0,155.0,-11.0,340.0,405.0,-388.0,-20.0,-343.0
225.0,934.0,-59.0,144.0,-32.0,302.0,575.0,-471.0,-35.0,-351.0
195.0,696.0,-84.0,171.0,-154.0,210.0,600.0,-569.0,-52.0,-353.0
196.0,929.0,-126.0,167.0,-156.0,176.0,511.0,-413.0,-63.0,-338.0
230.0,755.0,-105.0,155.0,-54.0,306.0,461.0,-373.0,-73.0,-329.0
261.0,534.0,-88.0,130.0,-101.0,352.0,453.0,-218.0,-63.0,-318.0
259.0,507.0,-112.0,18.0,-43.0,444.0,407.0,-182.0,-30.0,-288.0
222.0,347.0,-120.0,-45.0,88.0,419.0,292.0,-147.0,0.0,-251.0
181.0,242.0,-126.0,-89.0,105.0,277.0,202.0,-22.0,46.0,-202.0
158.0,301.0,-134.0,-138.0,55.0,296.0,124.0,-192.0,50.0,-122.0
126.0,68.0,-129.0,-154.0,-31.0,219.0,48.0,-277.0,38.0,-22.0
82.0,-214.0,-106.0,-138.0,-35.0,84.0,25.0,-345.0,51.0,53.0
25.0,-146.0,-133.0,-92.0,-43.0,-4.0,-9.0,-199.0,33.0,145.0
-6.0,-355.0,-77.0,-39.0,-94.0,64.0,-54.0,-51.0,8.0,246.0
0.0,-634.0,-18.0,-22.0,-46.0,219.0,-35.0,-138.0,-20.0,323.0
3.0,-589.0,-66.0,0.0,-117.0,265.0,-15.0,-158.0,-35.0,386.0
33.0,-638.0,-24.0,76.0,-79.0,214.0,-76.0,-251.0,-48.0,406.0
42.0,-846.0,-5.0,90.0,-10.0,192.0,-162.0,-205.0,-53.0,426.0
42.0,-754.0,-33.0,134.0,-110.0,162.0,-224.0,-243.0,-44.0,434.0
27.0,-472.0,-45.0,234.0,-14.0,-53.0,-218.0,-236.0,-51.0,403.0
-27.0,-177.0,-77.0,283.0,28.0,-61.0,-234.0,-269.0,-43.0,354.0
-65.0,159.0,-15.0,314.0,30.0,-58.0,-336.0,-511.0,-24.0,278.0
-79.0,57.0,37.0,338.0,34.0,-39.0,-419.0,-448.0,-1.0,187.0
-79.0,124.0,5.0,272.0,-40.0,36.0,-375.0,-410.0,11.0,82.0
-117.0,347.0,7.0,176.0,81.0,-131.0,-213.0,-236.0,22.0,-14.0
-156.0,383.0,-15.0,143.0,155.0,53.0,-73.0,-40.0,24.0,-101.0
-175.0,298.0,-112.0,102.0,63.0,270.0,90.0,-44.0,12.0,-167.0
-203.0,-29.0,-126.0,50.0,52.0,119.0,319.0,-75.0,2.0,-197.0
-206.0,-101.0,-114.0,29.0,4.0,-8.0,537.0,-247.0,0.0,-189.0
-185.0,-309.0,-131.0,76.0,-37.0,-29.0,667.0,-310.0,17.0,-182.0
-130.0,-653.0,-109.0,84.0,-10.0,138.0,715.0,-351.0,51.0,-179.0
-94.0,-666.0,-133.0,51.0,-142.0,215.0,753.0,-206.0,88.0,-149.0
-103.0,-488.0,-121.0,62.0,-100.0,-1.0,816.0,-75.0,112.0,-126.0
-136.0,-406.0,-99.0,52.0,131.0,-140.0,858.0,-158.0,112.0,-101.0
-162.0,-339.0,-125.0,33.0,37.0,-29.0,753.0,-245.0,99.0,-77.0
-172.0,2.0,-132.0,57.0,-77.0,181.0,564.0,-504.0,90.0,-33.0
-175.0,184.0,-117.0,55.0,52.0,215.0,369.0,-515.0,81.0,22.0
-140.0,89.0,-105.0,2.0,65.0,-62.0,236.0,-463.0,71.0,63.0
-103.0,281.0,-113.0,-46.0,-117.0,-85.0,82.0,-434.0,48.0,102.0
-79.0,478.0,-89.0,-131.0,-139.0,222.0,-146.0,-315.0,16.0,131.0
-82.0,396.0,-109.0,-209.0,17.0,362.0,-268.0,-363.0,-1.0,159.0
-112.0,556.0,-42.0,-224.0,27.0,336.0,-282.0,-327.0,-15.0,177.0
-119.0,466.0,49.0,-185.0,50.0,125.0,-252.0,-428.0,-40.0,186.0
-118.0,203.0,55.0,-158.0,74.0,71.0,-285.0,-426.0,-80.0,187.0
-107.0,102.0,121.0,-161.0,-13.0,135.0,-332.0,-290.0,-107.0,191.0
-85.0,-168.0,122.0,-147.0,99.0,63.0,-253.0,-205.0,-121.0,223.0
-45.0,-384.0,148.0,-140.0,144.0,75.0,-88.0,-110.0,-138.0,248.0
16.0,-587.0,157.0,-98.0,-32.0,79.0,31.0,-262.0,-143.0,270.0
74.0,-433.0,141.0,-18.0,-22.0,275.0,87.0,-218.0,-141.0,295.0
140.0,-255.0,175.0,51.0,0.0,480.0,159.0,-190.0,-153.0,329.0
175.0,-266.0,176.0,55.0,8.0,540.0,274.0,-175.0,-182.0,374.0
192.0,-69.0,222.0,71.0,135.0,596.0,386.0,-90.0,-218.0,392.0
232.0,15.0,232.0,73.0,-28.0,579.0,418.0,-145.0,-221.0,420.0
273.0,-42.0,216.0,22.0,-39.0,519.0,449.0,-101.0,-210.0,452.0
323.0,-401.0,229.0,19.0,152.0,361.0,534.0,-363.0,-191.0,482.0
340.0,-361.0,225.0,-49.0,-113.0,257.0,614.0,-600.0,-146.0,517.0
372.0,-154.0,182.0,-112.0,-164.0,254.0,551.0,-668.0,-106.0,515.0
421.0,-469.0,186.0,-159.0,-59.0,427.0,402.0,-578.0,-71.0,502.0
449.0,-401.0,170.0,-197.0,-168.0,494.0,315.0,-105.0,-50.0,478.0
446.0,-228.0,103.0,-137.0,-98.0,268.0,271.0,288.0,-20.0,449.0
444.0,-216.0,94.0,-99.0,-136.0,166.0,191.0,604.0,14.0,416.0
464.0,-326.0,11.0,-35.0,-145.0,233.0,68.0,613.0,41.0,370.0
440.0,-461.0,-5.0,-3.0,-23.0,260.0,0.0,373.0,81.0,349.0
411.0,-457.0,-4.0,4.0,-81.0,48.0,-22.0,-49.0,94.0,342.0
380.0,-453.0,-59.0,58.0,-90.0,-118.0,-9.0,-515.0,97.0,337.0
384.0,-262.0,-40.0,106.0,-24.0,-1.0,-87.0,-480.0,109.0,310.0
374.0,-174.0,-66.0,128.0,-75.0,129.0,-192.0,-365.0,121.0,272.0
355.0,31.0,-76.0,159.0,23.0,210.0,-185.0,-171.0,125.0,239.0
355.0,370.0,-60.0,177.0,142.0,143.0,-99.0,12.0,111.0,195.0
334.0,592.0,-23.0,149.0,101.0,22.0,3.0,81.0,74.0,157.0
302.0,637.0,25.0,199.0,220.0,31.0,-7.0,166.0,43.0,128.0
242.0,552.0,23.0,272.0,175.0,-112.0,-9.0,-118.0,24.0,105.0
207.0,712.0,56.0,282.0,114.0,-218.0,49.0,-473.0,-2.0,93.0
159.0,675.0,81.0,297.0,175.0,-269.0,134.0,-739.0,-29.0,94.0
131.0,367.0,100.0,327.0,7.0,-331.0,174.0,-646.0,-80.0,112.0
100.0,290.0,125.0,280.0,64.0,-154.0,139.0,-290.0,-131.0,137.0
72.0,346.0,149.0,241.0,96.0,-17.0,100.0,40.0,-173.0,153.0
68.0,170.0,205.0,159.0,-120.0,68.0,31.0,437.0,-224.0,197.0
43.0,194.0,222.0,69.0,59.0,25.0,-24.0,406.0,-241.0,265.0
30.0,219.0,241.0,92.0,151.0,-85.0,-73.0,262.0,-234.0,328.0
0.0,39.0,280.0,109.0,-22.0,-86.0,-47.0,-7.0,-235.0,382.0
-12.0,275.0,229.0,66.0,157.0,-100.0,115.0,-343.0,-225.0,415.0
-23.0,155.0,231.0,-41.0,143.0,-133.0,370.0,-325.0,-186.0,442.0
-45.0,-8.0,188.0,-79.0,-56.0,-109.0,563.0,-210.0,-131.0,463.0
-62.0,158.0,112.0,-142.0,40.0,12.0,624.0,-9.0,-90.0,482.0
-58.0,-1.0,139.0,-173.0,-105.0,26.0,629.0,-35.0,-54.0,481.0
-66.0,-209.0,84.0,-112.0,-145.0,-52.0,617.0,-88.0,-20.0,468.0
-99.0,-249.0,131.0,-96.0,136.0,-49.0,601.0,-155.0,13.0,468.0
-118.0,-198.0,138.0,-62.0,-4.0,19.0,492.0,-197.0,44.0,454.0
-99.0,-441.0,85.0,32.0,-9.0,-50.0,348.0,-7.0,64.0,428.0
-98.0,-409.0,115.0,151.0,166.0,-207.0,212.0,31.0,96.0,396.0
-142.0,-237.0,10.0,150.0,0.0,-273.0,109.0,79.0,141.0,344.0
-168.0,-316.0,-29.0,202.0,46.0,-62.0,67.0,-97.0,190.0,277.0
-197.0,-372.0,-50.0,217.0,2.0,102.0,51.0,-279.0,223.0,199.0
-221.0,-457.0,-115.0,178.0,-161.0,-35.0,101.0,-181.0,257.0,125.0
-250.0,-139.0,-129.0,233.0,77.0,-189.0,155.0,-11.0,290.0,55.0
-235.0,-120.0,-146.0,262.0,95.0,-242.0,168.0,258.0,298.0,-25.0
-228.0,-193.0,-156.0,290.0,-61.0,-83.0,81.0,240.0,305.0,-87.0
-214.0,-153.0,-164.0,275.0,67.0,-108.0,-15.0,134.0,288.0,-142.0
-209.0,-156.0,-168.0,276.0,18.0,-229.0,-42.0,-53.0,252.0,-182.0
-230.0,-25.0,-181.0,242.0,-63.0,-383.0,-61.0,-288.0,215.0,-204.0
-213.0,-245.0,-163.0,165.0,-56.0,-326.0,-118.0,-284.0,161.0,-218.0
-228.0,-215.0,-181.0,194.0,-137.0,-139.0,-248.0,-179.0,117.0,-246.0
-192.0,-197.0,-215.0,252.0,-17.0,-214.0,-339.0,99.0,69.0,-294.0
-177.0,-210.0,-239.0,225.0,43.0,-228.0,-331.0,164.0,36.0,-327.0
-155.0,-33.0,-291.0,188.0,11.0,-495.0,-240.0,216.0,10.0,-357.0
-150.0,58.0,-296.0,161.0,68.0,-369.0,-190.0,251.0,-29.0,-365.0
-136.0,213.0,-272.0,76.0,32.0,-66.0,-171.0,72.0,-53.0,-362.0
-81.0,447.0,-217.0,17.0,102.0,-160.0,-65.0,103.0,-88.0,-356.0
-77.0,577.0,-165.0,-19.0,171.0,-166.0,74.0,-16.0,-114.0,-327.0
-52.0,501.0,-127.0,-114.0,-33.0,-150.0,133.0,-18.0,-120.0,-314.0
-49.0,529.0,-116.0,-213.0,-143.0,-83.0,109.0,81.0,-148.0,-321.0
-5.0,468.0,-116.0,-256.0,-54.0,-279.0,152.0,14.0,-177.0,-322.0
24.0,546.0,-119.0,-251.0,-46.0,-432.0,288.0,-12.0,-220.0,-331.0
69.0,344.0,-134.0,-207.0,-55.0,-403.0,384.0,-223.0,-260.0,-340.0
118.0,82.0,-82.0,-253.0,-64.0,-343.0,335.0,-362.0,-275.0,-321.0
158.0,231.0,-51.0,-341.0,-96.0,-383.0,241.0,-463.0,-311.0,-291.0
202.0,195.0,-40.0,-351.0,-68.0,-567.0,186.0,-267.0,-353.0,-272.0
186.0,383.0,0.0,-335.0,-74.0,-355.0,76.0,40.0,-363.0,-239.0
183.0,290.0,9.0,-271.0,-73.0,-217.0,-139.0,151.0,-354.0,-177.0
163.0,67.0,19.0,-222.0,14.0,-392.0,-383.0,375.0,-329.0,-123.0
168.0,64.0,20.0,-262.0,-29.0,-674.0,-499.0,308.0,-316.0,-75.0
182.0,-163.0,-25.0,-305.0,-80.0,-662.0,-465.0,182.0,-322.0,-10.0
228.0,-343.0,-51.0,-303.0,-77.0,-292.0,-408.0,25.0,-282.0,73.0
244.0,-547.0,-68.0,-252.0,-140.0,-204.0,-392.0,-70.0,-255.0,156.0
256.0,-626.0,-139.0,-183.0,-29.0,-225.0,-291.0,31.0,-224.0,224.0
245.0,-737.0,-189.0,-114.0,19.0,-239.0,-54.0,-14.0,-160.0,290.0
195.0,-870.0,-144.0,-78.0,-60.0,-183.0,201.0,-46.0,-114.0,340.0
188.0,-758.0,-109.0,-65.0,-12.0,-58.0,328.0,-197.0,-45.0,366.0
160.0,-678.0,-97.0,-61.0,5.0,-127.0,306.0,-262.0,0.0,362.0
185.0,-578.0,-45.0,-54.0,36.0,-269.0,224.0,-212.0,58.0,350.0
180.0,-285.0,-25.0,-38.0,64.0,-254.0,132.0,-109.0,129.0,325.0
205.0,-148.0,-57.0,-44.0,24.0,-139.0,59.0,99.0,171.0,282.0
215.0,-98.0,-86.0,-19.0,84.0,7.0,-31.0,142.0,221.0,255.0
197.0,281.0,-84.0,25.0,165.0,0.0,-90.0,169.0,242.0,235.0
167.0,256.0,-98.0,31.0,114.0,-225.0,-86.0,51.0,252.0,193.0
100.0,111.0,-69.0,14.0,90.0,-120.0,-95.0,-1.0,228.0,141.0
110.0,280.0,-57.0,83.0,78.0,25.0,-205.0,81.0,193.0,81.0
81.0,92.0,-58.0,100.0,-88.0,-18.0,-348.0,90.0,191.0,22.0
74.0,-119.0,-14.0,67.0,-200.0,-181.0,-428.0,149.0,160.0,-17.0
49.0,-60.0,-43.0,79.0,-176.0,-219.0,-485.0,-35.0,115.0,-61.0
53.0,-76.0,-19.0,53.0,-137.0,80.0,-489.0,-64.0,62.0,-82.0
68.0,-184.0,0.0,62.0,-45.0,22.0,-462.0,144.0,14.0,-85.0
65.0,183.0,-36.0,57.0,11.0,-223.0,-408.0,234.0,-10.0,-70.0
83.0,351.0,-28.0,20.0,1.0,-314.0,-297.0,214.0,-30.0,-36.0
69.0,162.0,-76.0,-41.0,31.0,-135.0,-101.0,118.0,-34.0,-2.0
96.0,383.0,-116.0,-6.0,53.0,-173.0,69.0,218.0,-22.0,43.0
80.0,277.0,-140.0,18.0,44.0,-571.0,152.0,144.0,0.0,56.0
88.0,59.0,-120.0,20.0,-41.0,-602.0,247.0,140.0,23.0,39.0
80.0,0.0,-70.0,81.0,-108.0,-451.0,319.0,229.0,26.0,19.0
64.0,-116.0,-69.0,-20.0,-76.0,-261.0,306.0,97.0,0.0,-13.0
76.0,-152.0,-33.0,-62.0,-76.0,-345.0,135.0,9.0,-33.0,-80.0
53.0,-138.0,-60.0,-85.0,-18.0,-505.0,-76.0,-284.0,-49.0,-171.0
66.0,-71.0,-64.0,-153.0,11.0,-392.0,-204.0,-384.0,-64.0,-258.0
58.0,-228.0,-61.0,-147.0,-72.0,-431.0,-318.0,-253.0,-78.0,-325.0
70.0,-283.0,-100.0,-155.0,-55.0,-654.0,-442.0,-64.0,-89.0,-382.0
52.0,-300.0,-119.0,-224.0,-47.0,-863.0,-560.0,92.0,-87.0,-420.0
43.0,-194.0,-166.0,-323.0,-23.0,-892.0,-565.0,81.0,-43.0,-418.0
52.0,-18.0,-151.0,-278.0,108.0,-671.0,-358.0,181.0,18.0,-419.0
58.0,-53.0,-137.0,-254.0,52.0,-463.0,-124.0,68.0,72.0,-400.0
81.0,197.0,-98.0,-293.0,-91.0,-413.0,-15.0,84.0,104.0,-359.0
61.0,279.0,-81.0,-259.0,-50.0,-423.0,133.0,121.0,115.0,-325.0
66.0,336.0,-67.0,-287.0,97.0,-492.0,352.0,-25.0,152.0,-302.0
57.0,553.0,-35.0,-285.0,84.0,-181.0,508.0,57.0,176.0,-286.0
92.0,526.0,-69.0,-218.0,20.0,-108.0,469.0,-55.0,157.0,-273.0
135.0,282.0,-36.0,-163.0,47.0,-463.0,282.0,-186.0,122.0,-285.0
163.0,109.0,-4.0,-96.0,17.0,-528.0,96.0,-162.0,79.0,-320.0
174.0,146.0,13.0,-88.0,-19.0,-407.0,-67.0,-40.0,30.0,-370.0
132.0,64.0,6.0,-67.0,5.0,-76.0,-216.0,92.0,-24.0,-415.0
113.0,22.0,28.0,-77.0,127.0,-155.0,-388.0,-25.0,-80.0,-470.0
80.0,42.0,33.0,-121.0,130.0,-219.0,-502.0,-49.0,-125.0,-509.0
62.0,128.0,-14.0,-97.0,33.0,-139.0,-469.0,-64.0,-134.0,-490.0
34.0,-130.0,49.0,-94.0,-28.0,-207.0,-340.0,-14.0,-123.0,-437.0
29.0,-249.0,3.0,-41.0,0.0,-154.0,-266.0,35.0,-127.0,-392.0
42.0,122.0,-2.0,3.0,13.0,-376.0,-261.0,-3.0,-137.0,-336.0
41.0,38.0,45.0,0.0,-50.0,-313.0,-170.0,86.0,-129.0,-260.0
46.0,-21.0,-40.0,-17.0,-28.0,-186.0,-1.0,-25.0,-104.0,-199.0
32.0,97.0,-81.0,-82.0,-129.0,-240.0,107.0,-55.0,-98.0,-134.0
32.0,202.0,-85.0,-114.0,-172.0,-260.0,63.0,-157.0,-68.0,-73.0
26.0,175.0,-44.0,-134.0,27.0,-327.0,-40.0,-291.0,-36.0,0.0
47.0,298.0,-8.0,-140.0,19.0,-285.0,-68.0,-192.0,4.0,67.0
58.0,258.0,21.0,-91.0,-178.0,-298.0,-15.0,-110.0,59.0,126.0
51.0,-280.0,81.0,-97.0,-5.0,-404.0,-14.0,134.0,112.0,194.0
37.0,-184.0,131.0,-99.0,-19.0,-600.0,-54.0,184.0,201.0,245.0
18.0,-226.0,130.0,-58.0,-267.0,-540.0,14.0,219.0,252.0,273.0
5.0,-426.0,174.0,-57.0,-149.0,-429.0,168.0,208.0,268.0,278.0
-24.0,-172.0,197.0,-61.0,-133.0,-377.0,342.0,-25.0,271.0,277.0
-56.0,-78.0,141.0,-133.0,-116.0,-512.0,371.0,-260.0,265.0,227.0
-60.0,-376.0,159.0,-180.0,-145.0,-749.0,234.0,-517.0,251.0,175.0
-40.0,-451.0,139.0,-163.0,-172.0,-618.0,119.0,-448.0,231.0,145.0
-54.0,-235.0,169.0,-176.0,-40.0,-580.0,-6.0,-386.0,254.0,111.0
-85.0,-559.0,175.0,-151.0,-15.0,-563.0,-174.0,-195.0,263.0,65.0
-121.0,-386.0,205.0,-146.0,-73.0,-722.0,-359.0,24.0,245.0,22.0
-132.0,-314.0,243.0,-189.0,-65.0,-607.0,-500.0,12.0,197.0,14.0
-164.0,-705.0,190.0,-181.0,70.0,-269.0,-520.0,62.0,138.0,8.0
-205.0,-399.0,221.0,-155.0,83.0,-470.0,-508.0,-49.0,100.0,37.0
-194.0,-215.0,212.0,-127.0,84.0,-755.0,-489.0,1.0,66.0,77.0
-189.0,-379.0,178.0,-41.0,131.0,-976.0,-403.0,68.0,45.0,113.0
-162.0,-464.0,181.0,-9.0,116.0,-843.0,-250.0,64.0,25.0,150.0
-162.0,-216.0,216.0,-20.0,103.0,-777.0,-79.0,114.0,11.0,170.0
-166.0,-439.0,187.0,-35.0,151.0,-844.0,-13.0,0.0,-12.0,188.0
-140.0,-686.0,193.0,-68.0,120.0,-707.0,-26.0,-38.0,-40.0,171.0
-142.0,-256.0,192.0,-93.0,86.0,-519.0,4.0,-158.0,-59.0,123.0
-137.0,-357.0,180.0,-158.0,184.0,-405.0,67.0,-166.0,-76.0,82.0
-130.0,-342.0,206.0,-144.0,76.0,-699.0,123.0,-60.0,-77.0,55.0
-85.0,-28.0,130.0,-110.0,-15.0,-776.0,120.0,-42.0,-107.0,38.0
-13.0,218.0,162.0,-166.0,134.0,-559.0,99.0,9.0,-150.0,39.0
21.0,553.0,105.0,-263.0,119.0,-516.0,106.0,-51.0,-169.0,59.0
53.0,686.0,88.0,-347.0,11.0,-591.0,107.0,97.0,-169.0,73.0
63.0,882.0,119.0,-328.0,52.0,-578.0,64.0,352.0,-158.0,77.0
68.0,761.0,-5.0,-292.0,-8.0,-279.0,-59.0,626.0,-146.0,97.0
63.0,564.0,2.0,-228.0,50.0,-67.0,-190.0,809.0,-141.0,116.0
51.0,702.0,-48.0,-123.0,91.0,-81.0,-272.0,641.0,-129.0,96.0
51.0,638.0,-74.0,-55.0,2.0,-181.0,-363.0,506.0,-105.0,62.0
64.0,499.0,-37.0,-2.0,52.0,-331.0,-522.0,223.0,-116.0,22.0
89.0,436.0,-64.0,15.0,-48.0,-308.0,-642.0,-60.0,-144.0,-37.0
91.0,171.0,-16.0,32.0,31.0,-284.0,-638.0,-243.0,-165.0,-89.0
98.0,42.0,-35.0,60.0,152.0,-279.0,-546.0,-376.0,-176.0,-123.0
109.0,30.0,-80.0,114.0,1.0,-47.0,-440.0,-334.0,-182.0,-143.0
113.0,-70.0,-130.0,174.0,-34.0,31.0,-372.0,-450.0,-185.0,-159.0
101.0,101.0,-178.0,234.0,19.0,0.0,-233.0,-569.0,-164.0,-183.0
78.0,-94.0,-142.0,276.0,32.0,-12.0,-22.0,-692.0,-128.0,-196.0
54.0,-254.0,-162.0,264.0,-14.0,-265.0,115.0,-541.0,-82.0,-215.0
41.0,19.0,-157.0,304.0,-82.0,-402.0,88.0,-188.0,-38.0,-256.0
12.0,146.0,-128.0,310.0,-25.0,-384.0,-26.0,-84.0,16.0,-282.0
-8.0,60.0,-143.0,282.0,19.0,-231.0,-101.0,72.0,62.0,-269.0
-32.0,-153.0,-165.0,252.0,-80.0,-62.0,-141.0,114.0,85.0,-256.0
-76.0,-11.0,-234.0,190.0,-162.0,-133.0,-212.0,162.0,122.0,-261.0
-78.0,-202.0,-241.0,160.0,-126.0,20.0,-310.0,147.0,148.0,-242.0
-93.0,-242.0,-178.0,117.0,-23.0,233.0,-341.0,20.0,176.0,-241.0
-65.0,160.0,-204.0,119.0,-156.0,217.0,-289.0,-31.0,213.0,-259.0
-48.0,120.0,-199.0,131.0,-214.0,-116.0,-215.0,-175.0,231.0,-259.0
-40.0,278.0,-152.0,131.0,-6.0,-325.0,-202.0,-84.0,266.0,-275.0
-24.0,234.0,-211.0,164.0,35.0,-96.0,-176.0,-40.0,280.0,-293.0
-42.0,-88.0,-251.0,138.0,-8.0,0.0,-17.0,83.0,266.0,-311.0
-65.0,168.0,-242.0,107.0,103.0,6.0,180.0,371.0,282.0,-342.0
-97.0,331.0,-294.0,80.0,146.0,-51.0,297.0,408.0,302.0,-374.0
-104.0,97.0,-272.0,18.0,59.0,24.0,274.0,417.0,323.0,-409.0
-104.0,118.0,-213.0,-88.0,258.0,-12.0,174.0,282.0,322.0,-437.0
-63.0,210.0,-232.0,-190.0,193.0,-183.0,54.0,319.0,286.0,-452.0
-26.0,235.0,-180.0,-222.0,47.0,-200.0,-90.0,351.0,246.0,-468.0
8.0,152.0,-220.0,-223.0,288.0,-338.0,-306.0,214.0,207.0,-483.0
1.0,79.0,-220.0,-206.0,129.0,-300.0,-554.0,94.0,186.0,-483.0
-24.0,-94.0,-157.0,-140.0,0.0,-175.0,-709.0,-206.0,168.0,-482.0
-75.0,-451.0,-206.0,-98.0,114.0,8.0,-760.0,-291.0,114.0,-498.0
-130.0,-605.0,-158.0,-100.0,50.0,98.0,-809.0,-397.0,66.0,-513.0
-147.0,-804.0,-181.0,-93.0,96.0,-43.0,-885.0,-406.0,31.0,-514.0
-171.0,-666.0,-177.0,-151.0,51.0,-101.0,-849.0,-230.0,-16.0,-496.0
-159.0,-303.0,-144.0,-281.0,-93.0,-100.0,-687.0,-101.0,-31.0,-474.0
-181.0,-331.0,-168.0,-376.0,78.0,-118.0,-515.0,77.0,-56.0,-436.0
-159.0,-382.0,-167.0,-372.0,43.0,-237.0,-412.0,51.0,-96.0,-362.0
-145.0,-213.0,-184.0,-283.0,-214.0,-121.0,-373.0,147.0,-121.0,-277.0
-124.0,38.0,-123.0,-186.0,-65.0,66.0,-308.0,218.0,-158.0,-183.0
-78.0,269.0,-134.0,-115.0,35.0,-11.0,-254.0,341.0,-156.0,-83.0
-86.0,341.0,-135.0,-9.0,-77.0,-88.0,-285.0,500.0,-140.0,42.0
-95.0,463.0,-99.0,81.0,-58.0,-35.0,-328.0,363.0,-103.0,154.0
-106.0,656.0,-90.0,94.0,-93.0,25.0,-315.0,363.0,-38.0,223.0
-81.0,712.0,-48.0,17.0,-124.0,-162.0,-278.0,232.0,7.0,289.0
-72.0,711.0,-59.0,38.0,-41.0,-427.0,-306.0,49.0,37.0,321.0
-54.0,578.0,-60.0,186.0,-145.0,-411.0,-383.0,-129.0,55.0,321.0
-57.0,411.0,-49.0,209.0,-196.0,-178.0,-375.0,-243.0,89.0,306.0
-71.0,260.0,-46.0,163.0,-6.0,-51.0,-238.0,-190.0,130.0,296.0
-94.0,71.0,-38.0,194.0,88.0,106.0,-12.0,-254.0,172.0,295.0
-117.0,-140.0,-52.0,282.0,-4.0,166.0,185.0,-59.0,199.0,276.0
-130.0,58.0,-60.0,233.0,-124.0,33.0,285.0,109.0,185.0,284.0
-130.0,162.0,-48.0,37.0,-92.0,-85.0,316.0,169.0,147.0,318.0
-99.0,-168.0,-76.0,-140.0,-36.0,-235.0,306.0,210.0,93.0,348.0
-82.0,-148.0,-56.0,-196.0,-63.0,-186.0,257.0,31.0,34.0,372.0
-43.0,246.0,-63.0,-139.0,-136.0,-76.0,77.0,-125.0,-34.0,380.0
-51.0,422.0,-147.0,-69.0,-65.0,9.0,-191.0,-312.0,-111.0,382.0
-50.0,186.0,-107.0,-48.0,99.0,114.0,-431.0,-408.0,-187.0,356.0
-65.0,520.0,-131.0,-34.0,42.0,200.0,-624.0,-532.0,-246.0,308.0
-66.0,791.0,-143.0,11.0,-57.0,228.0,-790.0,-487.0,-299.0,256.0
-47.0,618.0,-96.0,20.0,54.0,12.0,-875.0,-293.0,-369.0,180.0
-37.0,540.0,-106.0,-40.0,124.0,-118.0,-787.0,-243.0,-437.0,100.0
3.0,285.0,-91.0,-152.0,-81.0,26.0,-573.0,101.0,-478.0,42.0
11.0,111.0,-67.0,-179.0,2.0,-27.0,-367.0,245.0,-499.0,-8.0
47.0,-282.0,-15.0,-178.0,91.0,-5.0,-241.0,297.0,-504.0,-65.0
35.0,-667.0,2.0,-199.0,-111.0,315.0,-113.0,404.0,-498.0,-109.0
52.0,-707.0,9.0,-284.0,62.0,395.0,15.0,301.0,-476.0,-146.0
68.0,-573.0,4.0,-428.0,-26.0,292.0,98.0,378.0,-428.0,-170.0
45.0,-508.0,22.0,-424.0,-167.0,142.0,65.0,375.0,-369.0,-188.0
60.0,-549.0,57.0,-325.0,165.0,204.0,-91.0,402.0,-295.0,-203.0
76.0,-569.0,52.0,-177.0,41.0,144.0,-242.0,254.0,-227.0,-193.0
111.0,-350.0,40.0,-39.0,-88.0,-53.0,-311.0,72.0,-166.0,-200.0
102.0,20.0,18.0,27.0,82.0,-68.0,-301.0,134.0,-110.0,-206.0
124.0,22.0,34.0,-41.0,25.0,-36.0,-342.0,72.0,-75.0,-202.0
122.0,117.0,14.0,-160.0,82.0,176.0,-411.0,203.0,-35.0,-199.0
110.0,270.0,55.0,-211.0,75.0,-10.0,-452.0,253.0,-4.0,-189.0
104.0,259.0,122.0,-200.0,-12.0,-148.0,-427.0,273.0,20.0,-172.0
63.0,103.0,44.0,-129.0,216.0,-78.0,-356.0,264.0,14.0,-133.0
63.0,41.0,9.0,-134.0,205.0,-223.0,-335.0,230.0,2.0,-89.0
68.0,21.0,-8.0,-155.0,-22.0,-206.0,-262.0,363.0,16.0,-34.0
95.0,-320.0,-26.0,-173.0,-8.0,-210.0,-95.0,341.0,32.0,27.0
118.0,-588.0,20.0,-160.0,-1.0,-73.0,95.0,495.0,54.0,81.0
103.0,-782.0,7.0,-38.0,84.0,64.0,200.0,515.0,54.0,137.0
83.0,-681.0,1.0,72.0,63.0,102.0,246.0,448.0,69.0,184.0
63.0,-630.0,-2.0,122.0,-140.0,179.0,285.0,476.0,80.0,241.0
51.0,-667.0,-38.0,132.0,-64.0,22.0,359.0,271.0,81.0,303.0
33.0,-501.0,-79.0,147.0,-85.0,-150.0,446.0,77.0,87.0,346.0
-3.0,-344.0,-95.0,195.0,-199.0,-149.0,411.0,-218.0,82.0,404.0
-5.0,70.0,-78.0,263.0,-206.0,-88.0,301.0,-358.0,104.0,454.0
-6.0,135.0,-89.0,262.0,-240.0,-67.0,197.0,-260.0,133.0,475.0
-15.0,236.0,-88.0,162.0,-30.0,22.0,88.0,-44.0,159.0,498.0
-39.0,508.0,-93.0,60.0,9.0,278.0,-64.0,282.0,176.0,510.0
-105.0,461.0,-112.0,49.0,-179.0,515.0,-192.0,460.0,191.0,478.0
-150.0,413.0,-120.0,127.0,0.0,494.0,-236.0,583.0,170.0,412.0
-215.0,388.0,-115.0,191.0,145.0,187.0,-229.0,410.0,155.0,344.0
-278.0,547.0,-135.0,145.0,39.0,-5.0,-263.0,188.0,161.0,283.0
-328.0,402.0,-174.0,-17.0,62.0,68.0,-322.0,144.0,139.0,216.0
-335.0,228.0,-144.0,-117.0,60.0,8.0,-325.0,88.0,131.0,146.0
-330.0,55.0,-121.0,-138.0,76.0,-43.0,-269.0,206.0,120.0,103.0
-322.0,-127.0,-173.0,-128.0,194.0,-22.0,-176.0,147.0,120.0,70.0
-320.0,-55.0,-191.0,-55.0,102.0,31.0,-158.0,136.0,118.0,43.0
-335.0,-165.0,-174.0,2.0,110.0,154.0,-163.0,212.0,116.0,18.0
-337.0,-116.0,-198.0,-1.0,173.0,87.0,-162.0,155.0,121.0,-22.0
-375.0,-159.0,-234.0,-114.0,40.0,139.0,-136.0,203.0,118.0,-62.0
-378.0,-146.0,-250.0,-200.0,59.0,66.0,-159.0,249.0,148.0,-127.0
-372.0,-177.0,-222.0,-149.0,34.0,-21.0,-261.0,465.0,172.0,-199.0
-344.0,-359.0,-215.0,-115.0,-46.0,105.0,-300.0,548.0,181.0,-257.0
-314.0,-161.0,-200.0,-89.0,69.0,149.0,-282.0,559.0,187.0,-324.0
-275.0,-105.0,-146.0,3.0,15.0,312.0,-196.0,569.0,217.0,-384.0
-236.0,-284.0,-98.0,69.0,-103.0,346.0,-130.0,402.0,245.0,-426.0
-241.0,-279.0,-59.0,28.0,118.0,487.0,-21.0,338.0,253.0,-458.0
-244.0,-79.0,-34.0,-9.0,138.0,613.0,152.0,33.0,268.0,-491.0
-237.0,-143.0,-78.0,7.0,-114.0,437.0,295.0,-216.0,268.0,-499.0
-197.0,-254.0,-97.0,57.0,-31.0,205.0,359.0,-480.0,275.0,-475.0
-198.0,-252.0,-75.0,157.0,40.0,112.0,326.0,-700.0,270.0,-456.0
-186.0,-344.0,-122.0,179.0,15.0,217.0,261.0,-524.0,260.0,-441.0
-139.0,-316.0,-61.0,213.0,0.0,150.0,183.0,-299.0,255.0,-415.0
-62.0,-269.0,-75.0,248.0,-121.0,189.0,160.0,155.0,236.0,-373.0
-17.0,-38.0,-102.0,191.0,-92.0,333.0,129.0,389.0,212.0,-334.0
-16.0,168.0,-62.0,181.0,-17.0,378.0,117.0,474.0,170.0,-324.0
1.0,265.0,-134.0,138.0,-76.0,116.0,171.0,535.0,123.0,-310.0
21.0,197.0,-153.0,12.0,-76.0,-298.0,208.0,393.0,66.0,-277.0
48.0,82.0,-203.0,-117.0,55.0,-427.0,160.0,356.0,20.0,-260.0
56.0,208.0,-252.0,-181.0,26.0,-258.0,64.0,175.0,-9.0,-231.0
96.0,92.0,-242.0,-127.0,32.0,77.0,26.0,142.0,-49.0,-177.0
111.0,91.0,-280.0,-57.0,97.0,81.0,87.0,116.0,-72.0,-135.0
115.0,150.0,-281.0,-121.0,-11.0,64.0,216.0,36.0,-87.0,-110.0
99.0,267.0,-274.0,-180.0,79.0,92.0,238.0,133.0,-111.0,-79.0
86.0,426.0,-230.0,-169.0,137.0,-64.0,174.0,12.0,-145.0,-30.0
87.0,368.0,-166.0,-171.0,-19.0,-185.0,179.0,59.0,-176.0,14.0
63.0,357.0,-203.0,-42.0,-10.0,-128.0,235.0,127.0,-212.0,33.0
62.0,462.0,-152.0,145.0,147.0,62.0,184.0,201.0,-252.0,68.0
62.0,753.0,-135.0,240.0,128.0,41.0,-15.0,345.0,-263.0,138.0
71.0,338.0,-205.0,211.0,-34.0,-54.0,-242.0,325.0,-282.0,192.0
30.0,-75.0,-194.0,141.0,-27.0,49.0,-329.0,412.0,-299.0,250.0
7.0,39.0,-198.0,145.0,35.0,72.0,-277.0,273.0,-313.0,342.0
1.0,-101.0,-217.0,144.0,-13.0,-27.0,-230.0,184.0,-328.0,432.0
-21.0,-406.0,-204.0,174.0,-120.0,-3.0,-207.0,254.0,-321.0,487.0
-46.0,-662.0,-168.0,203.0,-138.0,-4.0,-224.0,434.0,-313.0,522.0
-76.0,-395.0,-175.0,198.0,-23.0,111.0,-212.0,654.0,-296.0,559.0
-81.0,-363.0,-163.0,197.0,-7.0,159.0,-229.0,413.0,-254.0,551.0
-80.0,-414.0,-151.0,157.0,-183.0,18.0,-272.0,81.0,-194.0,516.0
-82.0,-436.0,-134.0,89.0,-220.0,-1.0,-219.0,-273.0,-132.0,476.0
-103.0,-458.0,-159.0,65.0,-89.0,64.0,-92.0,-269.0,-60.0,433.0
-105.0,-133.0,-177.0,126.0,-111.0,196.0,81.0,-51.0,20.0,382.0
-122.0,-279.0,-168.0,162.0,-153.0,311.0,216.0,81.0,93.0,321.0
-142.0,-264.0,-193.0,229.0,-143.0,361.0,308.0,384.0,151.0,272.0
-144.0,-60.0,-146.0,249.0,-164.0,314.0,313.0,380.0,182.0,216.0
-141.0,-9.0,-188.0,111.0,-35.0,266.0,218.0,347.0,205.0,158.0
-156.0,-43.0,-195.0,-21.0,87.0,210.0,10.0,347.0,208.0,112.0
-181.0,19.0,-145.0,-131.0,-31.0,227.0,-215.0,325.0,202.0,97.0
-169.0,176.0,-168.0,-245.0,-15.0,350.0,-315.0,234.0,202.0,79.0
-157.0,209.0,-171.0,-301.0,209.0,497.0,-329.0,57.0,180.0,54.0
-153.0,345.0,-148.0,-252.0,113.0,492.0,-307.0,-55.0,158.0,66.0
-164.0,280.0,-120.0,-231.0,-17.0,138.0,-291.0,-404.0,121.0,79.0
-135.0,340.0,-82.0,-286.0,118.0,-58.0,-168.0,-417.0,74.0,87.0
-146.0,380.0,-57.0,-313.0,110.0,63.0,41.0,-116.0,68.0,88.0
-167.0,402.0,-52.0,-290.0,36.0,126.0,245.0,227.0,39.0,92.0
-168.0,391.0,1.0,-284.0,-14.0,152.0,391.0,519.0,13.0,74.0
-196.0,363.0,9.0,-261.0,-43.0,180.0,453.0,504.0,4.0,30.0
-200.0,365.0,26.0,-209.0,30.0,118.0,530.0,657.0,-24.0,-12.0
-214.0,72.0,30.0,-299.0,0.0,95.0,604.0,663.0,-28.0,-59.0
-203.0,88.0,79.0,-404.0,-49.0,60.0,548.0,460.0,-38.0,-106.0
-192.0,216.0,88.0,-422.0,6.0,-59.0,319.0,181.0,-58.0,-179.0
-174.0,432.0,77.0,-360.0,8.0,-53.0,96.0,-153.0,-56.0,-223.0
-169.0,423.0,119.0,-282.0,-27.0,-5.0,-63.0,-110.0,-41.0,-258.0
-149.0,315.0,111.0,-200.0,59.0,95.0,-194.0,-36.0,-23.0,-333.0
-143.0,540.0,124.0,-128.0,58.0,181.0,-287.0,68.0,1.0,-391.0
-128.0,511.0,67.0,-132.0,-2.0,152.0,-342.0,53.0,17.0,-427.0
-110.0,317.0,101.0,-101.0,64.0,158.0,-269.0,-107.0,2.0,-463.0
-136.0,120.0,53.0,-18.0,-26.0,43.0,-105.0,-162.0,-18.0,-488.0
-84.0,139.0,23.0,96.0,4.0,47.0,21.0,-362.0,-29.0,-488.0
-65.0,55.0,68.0,119.0,85.0,219.0,10.0,-343.0,-42.0,-482.0
-36.0,-160.0,15.0,136.0,-78.0,295.0,-50.0,-258.0,-63.0,-488.0
-31.0,-344.0,14.0,190.0,-56.0,278.0,-12.0,-105.0,-93.0,-481.0
-32.0,-478.0,-38.0,207.0,46.0,121.0,106.0,24.0,-116.0,-444.0
-8.0,-579.0,8.0,224.0,-24.0,115.0,165.0,-11.0,-141.0,-399.0
-15.0,-812.0,-11.0,232.0,-120.0,101.0,84.0,208.0,-188.0,-362.0
-9.0,-892.0,3.0,255.0,-96.0,-30.0,-13.0,321.0,-205.0,-309.0
-38.0,-884.0,105.0,202.0,-38.0,123.0,-27.0,351.0,-215.0,-228.0
-32.0,-634.0,58.0,138.0,57.0,361.0,84.0,131.0,-216.0,-155.0
-56.0,-622.0,51.0,127.0,118.0,363.0,264.0,-68.0,-175.0,-98.0
-62.0,-707.0,85.0,127.0,0.0,97.0,410.0,-11.0,-147.0,-36.0
-39.0,-482.0,131.0,76.0,54.0,-189.0,498.0,-97.0,-117.0,25.0
-32.0,-157.0,136.0,41.0,151.0,-144.0,520.0,59.0,-94.0,58.0
-29.0,242.0,174.0,25.0,38.0,-20.0,369.0,144.0,-112.0,59.0
-56.0,86.0,221.0,-13.0,11.0,28.0,93.0,225.0,-113.0,62.0
-59.0,252.0,194.0,3.0,6.0,123.0,-132.0,254.0,-97.0,64.0
-57.0,792.0,164.0,-43.0,-19.0,131.0,-263.0,-44.0,-78.0,72.0
-49.0,639.0,154.0,-89.0,132.0,-162.0,-333.0,-81.0,-55.0,82.0
-35.0,360.0,137.0,-146.0,90.0,-438.0,-433.0,35.0,-19.0,114.0
0.0,474.0,145.0,-226.0,-95.0,-340.0,-505.0,173.0,26.0,159.0
23.0,574.0,210.0,-216.0,96.0,-73.0,-534.0,121.0,49.0,174.0
48.0,138.0,166.0,-162.0,129.0,60.0,-477.0,103.0,76.0,194.0
100.0,85.0,107.0,-90.0,-81.0,79.0,-315.0,232.0,92.0,211.0
138.0,347.0,137.0,-121.0,-56.0,317.0,-123.0,312.0,89.0,212.0
126.0,228.0,76.0,-202.0,-57.0,333.0,109.0,508.0,80.0,209.0
105.0,412.0,57.0,-173.0,5.0,162.0,315.0,321.0,53.0,239.0
85.0,397.0,139.0,-86.0,35.0,53.0,442.0,147.0,27.0,269.0
35.0,86.0,74.0,-42.0,-147.0,142.0,459.0,133.0,14.0,258.0
21.0,296.0,12.0,44.0,-123.0,328.0,456.0,11.0,-8.0,262.0
6.0,516.0,51.0,117.0,-23.0,207.0,503.0,-18.0,-43.0,269.0
20.0,263.0,8.0,127.0,-96.0,299.0,548.0,-118.0,-76.0,245.0
27.0,64.0,-12.0,152.0,-176.0,420.0,509.0,-49.0,-99.0,204.0
22.0,135.0,62.0,100.0,-60.0,477.0,408.0,-140.0,-104.0,188.0
19.0,21.0,17.0,45.0,67.0,506.0,355.0,-299.0,-113.0,186.0
0.0,-262.0,-81.0,6.0,16.0,397.0,331.0,-223.0,-131.0,167.0
17.0,-389.0,-90.0,-25.0,13.0,255.0,289.0,-14.0,-152.0,150.0
20.0,-364.0,-141.0,-90.0,48.0,143.0,168.0,304.0,-178.0,140.0
20.0,-449.0,-111.0,-185.0,82.0,-16.0,43.0,288.0,-193.0,104.0
1.0,-555.0,-37.0,-179.0,130.0,-142.0,3.0,166.0,-207.0,44.0
-41.0,-321.0,4.0,-132.0,74.0,11.0,6.0,-31.0,-223.0,-13.0
-80.0,39.0,-12.0,-110.0,-15.0,148.0,-10.0,-110.0,-224.0,-77.0
-79.0,151.0,-56.0,-84.0,114.0,347.0,-14.0,-3.0,-239.0,-157.0
-45.0,60.0,-37.0,-83.0,207.0,322.0,26.0,22.0,-245.0,-233.0
-20.0,153.0,-108.0,-114.0,97.0,-60.0,88.0,232.0,-235.0,-287.0
2.0,116.0,-38.0,-101.0,82.0,-291.0,119.0,214.0,-215.0,-322.0
7.0,94.0,0.0,-99.0,98.0,-146.0,54.0,145.0,-168.0,-361.0
-4.0,-37.0,-87.0,-82.0,117.0,8.0,29.0,92.0,-145.0,-412.0
-21.0,-358.0,-51.0,-48.0,64.0,-10.0,58.0,-70.0,-118.0,-425.0
-40.0,-96.0,-88.0,-136.0,-19.0,-141.0,140.0,-25.0,-82.0,-419.0
-58.0,-105.0,-109.0,-179.0,33.0,-179.0,199.0,16.0,-45.0,-435.0
-54.0,-253.0,-61.0,-74.0,105.0,26.0,155.0,166.0,-5.0,-443.0
-74.0,-263.0,-20.0,1.0,-5.0,-31.0,102.0,181.0,-2.0,-425.0
-76.0,48.0,-58.0,3.0,-60.0,-261.0,85.0,182.0,0.0,-399.0
-80.0,316.0,-63.0,-70.0,16.0,-424.0,104.0,295.0,-10.0,-387.0
-75.0,-111.0,-6.0,-146.0,-77.0,-313.0,18.0,266.0,-9.0,-364.0
-63.0,-59.0,-51.0,-178.0,-68.0,-169.0,-81.0,400.0,-3.0,-323.0
-91.0,60.0,36.0,-164.0,-115.0,-127.0,-53.0,341.0,-13.0,-276.0
-89.0,-81.0,91.0,-69.0,-146.0,77.0,23.0,197.0,-22.0,-223.0
-94.0,-225.0,13.0,0.0,3.0,318.0,134.0,131.0,-39.0,-159.0
-41.0,-192.0,40.0,3.0,-38.0,349.0,273.0,64.0,-43.0,-101.0
-13.0,-179.0,29.0,-57.0,-38.0,123.0,409.0,205.0,-40.0,-62.0
1.0,-287.0,-8.0,-100.0,27.0,112.0,507.0,186.0,-39.0,-17.0
27.0,-259.0,40.0,-75.0,66.0,154.0,449.0,131.0,-40.0,27.0
23.0,-333.0,80.0,-32.0,50.0,161.0,243.0,-12.0,-30.0,34.0
66.0,-117.0,34.0,8.0,32.0,252.0,12.0,-94.0,-34.0,32.0
81.0,118.0,24.0,110.0,94.0,438.0,-213.0,-83.0,-57.0,63.0
130.0,146.0,51.0,186.0,99.0,590.0,-377.0,-282.0,-68.0,104.0
125.0,124.0,-13.0,163.0,81.0,362.0,-528.0,-330.0,-53.0,123.0
112.0,358.0,5.0,193.0,19.0,125.0,-650.0,-522.0,-43.0,127.0
138.0,471.0,44.0,271.0,15.0,210.0,-673.0,-602.0,-27.0,142.0
139.0,261.0,-13.0,288.0,72.0,285.0,-629.0,-515.0,-14.0,141.0
170.0,173.0,-15.0,263.0,61.0,204.0,-553.0,-478.0,-12.0,107.0
183.0,208.0,-16.0,240.0,-29.0,156.0,-520.0,-182.0,36.0,83.0
241.0,209.0,-16.0,201.0,-57.0,243.0,-491.0,81.0,79.0,73.0
251.0,-92.0,0.0,213.0,10.0,433.0,-409.0,290.0,124.0,53.0
233.0,-64.0,15.0,198.0,-2.0,566.0,-302.0,229.0,156.0,40.0
205.0,-55.0,-25.0,170.0,4.0,594.0,-192.0,205.0,157.0,51.0
155.0,-127.0,-71.0,184.0,11.0,498.0,-71.0,338.0,199.0,74.0
144.0,-206.0,-38.0,235.0,-7.0,280.0,60.0,358.0,229.0,81.0
95.0,-314.0,-101.0,276.0,47.0,64.0,233.0,487.0,236.0,88.0
84.0,-71.0,-81.0,238.0,32.0,228.0,349.0,245.0,251.0,154.0
61.0,-189.0,-29.0,287.0,-16.0,523.0,369.0,-125.0,270.0,216.0
49.0,-333.0,-74.0,242.0,71.0,631.0,436.0,-400.0,249.0,247.0
49.0,-555.0,-85.0,137.0,66.0,591.0,546.0,-639.0,198.0,303.0
8.0,-586.0,-116.0,128.0,-77.0,475.0,629.0,-678.0,153.0,327.0
-23.0,-286.0,-95.0,128.0,-106.0,494.0,544.0,-587.0,101.0,322.0
-81.0,-290.0,-107.0,129.0,-126.0,331.0,342.0,-177.0,60.0,297.0
-128.0,-141.0,-65.0,86.0,-103.0,150.0,195.0,110.0,41.0,257.0
-173.0,215.0,-53.0,12.0,-94.0,129.0,53.0,266.0,45.0,213.0
-196.0,372.0,-123.0,-33.0,-227.0,285.0,-110.0,254.0,54.0,138.0
-210.0,77.0,-79.0,-36.0,-158.0,399.0,-286.0,70.0,32.0,89.0
-209.0,-4.0,-106.0,-72.0,-76.0,363.0,-404.0,142.0,-8.0,57.0
-188.0,191.0,-119.0,-44.0,-209.0,452.0,-380.0,70.0,-47.0,11.0
-154.0,117.0,-78.0,-83.0,-171.0,415.0,-278.0,35.0,-65.0,-17.0
-118.0,57.0,-90.0,-179.0,-36.0,243.0,-208.0,75.0,-80.0,-12.0
-119.0,201.0,-105.0,-226.0,-1.0,209.0,-183.0,31.0,-119.0,-9.0
-99.0,304.0,-125.0,-280.0,-18.0,311.0,-170.0,-134.0,-143.0,-47.0
-90.0,277.0,-94.0,-245.0,-84.0,266.0,-166.0,-436.0,-148.0,-57.0
-68.0,320.0,-92.0,-217.0,25.0,289.0,-194.0,-506.0,-157.0,-48.0
-36.0,117.0,-37.0,-206.0,229.0,272.0,-299.0,-602.0,-158.0,-58.0
-29.0,-124.0,30.0,-183.0,156.0,227.0,-441.0,-491.0,-165.0,-66.0
-23.0,-79.0,-62.0,-128.0,58.0,342.0,-540.0,-297.0,-166.0,-54.0
-42.0,-257.0,31.0,-48.0,101.0,364.0,-560.0,-219.0,-167.0,-39.0
-45.0,-521.0,75.0,12.0,50.0,418.0,-517.0,1.0,-211.0,-41.0
-29.0,-530.0,16.0,48.0,71.0,296.0,-381.0,99.0,-244.0,-21.0
-21.0,-460.0,163.0,111.0,118.0,58.0,-119.0,334.0,-262.0,18.0
-1.0,-425.0,195.0,133.0,-1.0,-22.0,246.0,513.0,-270.0,74.0
1.0,-264.0,148.0,92.0,-45.0,166.0,613.0,550.0,-269.0,109.0
15.0,-27.0,142.0,99.0,121.0,341.0,781.0,460.0,-288.0,147.0
14.0,273.0,148.0,61.0,68.0,338.0,774.0,125.0,-287.0,200.0
7.0,520.0,154.0,63.0,-199.0,281.0,680.0,-24.0,-275.0,205.0
37.0,455.0,153.0,66.0,-66.0,265.0,559.0,-219.0,-263.0,185.0
16.0,621.0,149.0,33.0,11.0,219.0,397.0,-328.0,-263.0,160.0
25.0,689.0,175.0,-23.0,-122.0,21.0,171.0,-378.0,-266.0,125.0
12.0,405.0,141.0,-148.0,-90.0,73.0,15.0,-388.0,-249.0,65.0
5.0,307.0,103.0,-176.0,-94.0,196.0,-24.0,-164.0,-235.0,24.0
39.0,267.0,172.0,-123.0,-5.0,434.0,15.0,-110.0,-201.0,14.0
45.0,79.0,191.0,-91.0,90.0,451.0,60.0,59.0,-154.0,-9.0
63.0,-10.0,191.0,-98.0,-108.0,305.0,121.0,31.0,-131.0,-49.0
55.0,145.0,104.0,-86.0,-135.0,348.0,179.0,-140.0,-103.0,-93.0
66.0,51.0,65.0,-80.0,43.0,207.0,166.0,-129.0,-74.0,-127.0
55.0,-21.0,75.0,-86.0,-39.0,36.0,15.0,-323.0,-55.0,-157.0
49.0,-298.0,8.0,-115.0,66.0,-91.0,-233.0,-328.0,-19.0,-197.0
41.0,-473.0,0.0,-170.0,69.0,8.0,-455.0,-177.0,11.0,-249.0
18.0,-277.0,-96.0,-162.0,-86.0,147.0,-598.0,72.0,20.0,-300.0
9.0,-324.0,-116.0,-105.0,224.0,302.0,-669.0,258.0,62.0,-370.0
-15.0,-80.0,-96.0,-52.0,214.0,355.0,-724.0,267.0,111.0,-445.0
-8.0,2.0,-139.0,-54.0,-79.0,328.0,-649.0,229.0,152.0,-500.0
0.0,155.0,-89.0,-51.0,24.0,187.0,-457.0,-94.0,190.0,-575.0
6.0,288.0,-116.0,-65.0,-30.0,-83.0,-239.0,-134.0,199.0,-637.0
-1.0,41.0,-95.0,-77.0,-80.0,-93.0,-87.0,-162.0,205.0,-659.0
21.0,101.0,-64.0,-89.0,-13.0,-58.0,-18.0,-205.0,226.0,-648.0
16.0,71.0,-98.0,-83.0,-180.0,150.0,95.0,-38.0,262.0,-614.0
-24.0,-57.0,-54.0,-69.0,66.0,244.0,253.0,-123.0,289.0,-573.0
-45.0,-235.0,-76.0,-103.0,118.0,298.0,394.0,-55.0,307.0,-512.0
-29.0,-336.0,-77.0,-141.0,-139.0,262.0,395.0,151.0,347.0,-439.0
30.0,-316.0,-48.0,-166.0,88.0,-38.0,335.0,450.0,365.0,-358.0
46.0,-381.0,-51.0,-111.0,1.0,-176.0,296.0,574.0,330.0,-282.0
91.0,-383.0,-1.0,-97.0,-185.0,-225.0,286.0,412.0,286.0,-230.0
135.0,-483.0,20.0,-69.0,75.0,-223.0,243.0,266.0,256.0,-201.0
145.0,-424.0,8.0,-22.0,-46.0,-124.0,130.0,25.0,209.0,-190.0
129.0,-71.0,-18.0,-13.0,-106.0,145.0,60.0,-77.0,163.0,-201.0
121.0,-98.0,-34.0,24.0,72.0,241.0,4.0,-288.0,132.0,-257.0
141.0,-51.0,-42.0,-3.0,-188.0,219.0,-42.0,-415.0,110.0,-334.0
169.0,434.0,-61.0,-18.0,33.0,220.0,-138.0,-339.0,132.0,-402.0
203.0,397.0,-74.0,-24.0,129.0,202.0,-273.0,-410.0,152.0,-473.0
207.0,257.0,-100.0,-31.0,-108.0,254.0,-378.0,-400.0,152.0,-531.0
263.0,194.0,-153.0,-30.0,141.0,119.0,-451.0,-339.0,139.0,-554.0
289.0,101.0,-183.0,17.0,-9.0,119.0,-566.0,-116.0,125.0,-560.0
275.0,76.0,-146.0,86.0,-24.0,241.0,-740.0,101.0,135.0,-535.0
277.0,-311.0,-155.0,95.0,225.0,191.0,-715.0,116.0,128.0,-479.0
266.0,-399.0,-132.0,110.0,-45.0,158.0,-484.0,-72.0,110.0,-417.0
244.0,-383.0,-111.0,142.0,-4.0,107.0,-226.0,-284.0,74.0,-340.0
204.0,-329.0,-116.0,222.0,224.0,111.0,-24.0,-201.0,26.0,-240.0
164.0,-93.0,-106.0,256.0,-46.0,37.0,163.0,-288.0,10.0,-144.0
114.0,-257.0,-106.0,273.0,18.0,-150.0,406.0,-341.0,14.0,-66.0
65.0,-174.0,-63.0,271.0,22.0,-98.0,616.0,-205.0,13.0,-1.0
47.0,97.0,-109.0,139.0,-93.0,-37.0,738.0,-84.0,9.0,42.0
79.0,75.0,-115.0,33.0,204.0,6.0,763.0,127.0,7.0,56.0
65.0,47.0,-87.0,23.0,-53.0,140.0,730.0,121.0,-7.0,52.0
40.0,176.0,-122.0,28.0,-41.0,145.0,698.0,151.0,-29.0,46.0
26.0,379.0,-127.0,0.0,181.0,192.0,656.0,162.0,-51.0,29.0
21.0,349.0,-141.0,6.0,-46.0,107.0,537.0,173.0,-68.0,40.0
43.0,232.0,-112.0,-14.0,80.0,-98.0,392.0,221.0,-82.0,66.0
36.0,357.0,-109.0,-78.0,-83.0,-93.0,319.0,53.0,-113.0,90.0
52.0,458.0,-149.0,-101.0,-262.0,-136.0,327.0,184.0,-135.0,147.0
54.0,193.0,-108.0,-134.0,12.0,-77.0,342.0,221.0,-129.0,184.0
39.0,75.0,-142.0,-101.0,-117.0,19.0,316.0,88.0,-104.0,223.0
14.0,143.0,-191.0,-17.0,-190.0,60.0,272.0,-9.0,-67.0,265.0
-1.0,-168.0,-150.0,57.0,23.0,50.0,192.0,-96.0,-31.0,279.0
17.0,-387.0,-176.0,97.0,-96.0,-18.0,61.0,-7.0,2.0,269.0
28.0,-105.0,-154.0,101.0,-39.0,37.0,-138.0,-79.0,45.0,239.0
41.0,-125.0,-121.0,112.0,56.0,-5.0,-278.0,-103.0,96.0,214.0
44.0,-446.0,-150.0,79.0,-116.0,92.0,-299.0,-279.0,129.0,172.0
52.0,-163.0,-148.0,77.0,87.0,180.0,-210.0,-424.0,158.0,104.0
76.0,-131.0,-135.0,78.0,35.0,172.0,-128.0,-515.0,188.0,58.0
59.0,-180.0,-122.0,31.0,-168.0,367.0,-153.0,-859.0,212.0,41.0
39.0,248.0,-98.0,45.0,111.0,406.0,-119.0,-870.0,245.0,35.0
57.0,138.0,-69.0,65.0,24.0,251.0,-49.0,-715.0,264.0,60.0
70.0,-10.0,-83.0,62.0,-70.0,231.0,-26.0,-458.0,268.0,85.0
112.0,161.0,-69.0,59.0,78.0,142.0,-82.0,-286.0,274.0,124.0
135.0,249.0,-63.0,82.0,-48.0,7.0,-138.0,-105.0,287.0,202.0
168.0,122.0,-59.0,138.0,-5.0,21.0,-135.0,181.0,309.0,258.0
195.0,-3.0,-57.0,139.0,-40.0,59.0,-104.0,96.0,337.0,313.0
179.0,-23.0,-45.0,123.0,-141.0,306.0,-36.0,7.0,344.0,365.0
178.0,-115.0,-40.0,118.0,-18.0,381.0,28.0,-216.0,337.0,402.0
174.0,-186.0,-64.0,105.0,22.0,278.0,168.0,-450.0,346.0,458.0
179.0,-245.0,0.0,150.0,127.0,162.0,371.0,-522.0,344.0,497.0
169.0,-126.0,-64.0,227.0,135.0,56.0,551.0,-530.0,350.0,497.0
161.0,-31.0,-80.0,269.0,-48.0,25.0,700.0,-194.0,350.0,478.0
142.0,-59.0,10.0,279.0,5.0,-51.0,807.0,40.0,327.0,435.0
150.0,-79.0,-77.0,210.0,74.0,-10.0,874.0,131.0,304.0,374.0
154.0,136.0,-49.0,100.0,-128.0,-12.0,922.0,-5.0,285.0,286.0
133.0,404.0,-52.0,53.0,-119.0,194.0,917.0,-142.0,275.0,174.0
111.0,369.0,-79.0,35.0,-48.0,402.0,841.0,72.0,254.0,54.0
79.0,252.0,13.0,55.0,-2.0,302.0,743.0,66.0,219.0,-59.0
53.0,145.0,-32.0,79.0,81.0,76.0,635.0,-79.0,163.0,-128.0
27.0,299.0,-18.0,33.0,-40.0,-38.0,487.0,-328.0,106.0,-193.0
23.0,181.0,3.0,-26.0,80.0,61.0,250.0,-524.0,64.0,-239.0
-6.0,-54.0,-11.0,3.0,104.0,33.0,-39.0,-591.0,40.0,-246.0
-22.0,62.0,38.0,62.0,-72.0,5.0,-321.0,-593.0,17.0,-242.0
-23.0,-45.0,42.0,72.0,-49.0,11.0,-590.0,-319.0,-29.0,-209.0
-11.0,-151.0,28.0,106.0,-98.0,47.0,-906.0,-133.0,-68.0,-173.0
-34.0,-124.0,39.0,150.0,-95.0,132.0,-1211.0,110.0,-68.0,-147.0
-72.0,44.0,71.0,135.0,-51.0,100.0,-1329.0,219.0,-61.0,-123.0
-64.0,44.0,69.0,104.0,-44.0,-8.0,-1234.0,83.0,-49.0,-113.0
-86.0,5.0,79.0,68.0,49.0,-26.0,-960.0,64.0,-31.0,-129.0
-94.0,68.0,82.0,59.0,15.0,8.0,-624.0,88.0,-27.0,-135.0
-109.0,-193.0,83.0,103.0,-54.0,76.0,-264.0,218.0,-9.0,-153.0
-90.0,-49.0,84.0,113.0,32.0,189.0,93.0,1.0,0.0,-193.0
-73.0,38.0,80.0,127.0,-36.0,214.0,419.0,-365.0,27.0,-204.0
-97.0,-252.0,143.0,183.0,-83.0,249.0,688.0,-441.0,44.0,-214.0
-153.0,-235.0,117.0,253.0,52.0,237.0,905.0,-341.0,13.0,-223.0
-178.0,-224.0,140.0,237.0,47.0,89.0,1164.0,-131.0,-14.0,-220.0
-139.0,-241.0,182.0,200.0,30.0,-17.0,1425.0,3.0,-56.0,-205.0
-116.0,-124.0,128.0,199.0,77.0,6.0,1584.0,205.0,-82.0,-193.0
-71.0,-56.0,197.0,186.0,86.0,-25.0,1585.0,3.0,-92.0,-194.0
-39.0,118.0,164.0,218.0,-2.0,4.0,1564.0,-214.0,-117.0,-183.0
-8.0,252.0,154.0,168.0,46.0,116.0,1566.0,57.0,-134.0,-170.0
12.0,96.0,192.0,151.0,137.0,134.0,1528.0,153.0,-141.0,-145.0
-12.0,359.0,157.0,165.0,60.0,158.0,1389.0,230.0,-128.0,-117.0
-38.0,389.0,151.0,152.0,86.0,-37.0,1160.0,199.0,-100.0,-97.0
-21.0,96.0,92.0,120.0,41.0,-223.0,894.0,110.0,-71.0,-64.0
9.0,137.0,70.0,99.0,129.0,-109.0,595.0,-51.0,-40.0,-23.0
28.0,-86.0,0.0,156.0,199.0,-52.0,308.0,-158.0,6.0,19.0
57.0,-355.0,14.0,146.0,-12.0,-47.0,-35.0,81.0,43.0,72.0
80.0,-442.0,39.0,152.0,-20.0,3.0,-313.0,83.0,80.0,152.0
99.0,-296.0,51.0,159.0,32.0,68.0,-459.0,-48.0,129.0,229.0
84.0,-420.0,137.0,87.0,34.0,210.0,-534.0,-363.0,170.0,318.0
70.0,-260.0,101.0,15.0,-44.0,252.0,-604.0,-620.0,207.0,409.0
68.0,156.0,93.0,10.0,-74.0,172.0,-693.0,-683.0,229.0,447.0
74.0,-75.0,144.0,-22.0,-17.0,183.0,-674.0,-702.0,227.0,468.0
105.0,195.0,183.0,-58.0,-20.0,165.0,-622.0,-430.0,220.0,484.0
124.0,467.0,249.0,-62.0,10.0,106.0,-589.0,-303.0,225.0,460.0
144.0,329.0,341.0,-76.0,-39.0,36.0,-616.0,-27.0,228.0,393.0
160.0,327.0,346.0,-64.0,-65.0,-62.0,-649.0,245.0,237.0,323.0
148.0,339.0,349.0,-46.0,12.0,-12.0,-624.0,197.0,256.0,256.0
120.0,479.0,322.0,20.0,49.0,175.0,-562.0,166.0,270.0,188.0
82.0,445.0,302.0,21.0,-23.0,262.0,-493.0,35.0,281.0,135.0
94.0,267.0,364.0,40.0,27.0,172.0,-408.0,38.0,286.0,89.0
110.0,116.0,336.0,114.0,88.0,90.0,-225.0,11.0,294.0,56.0
81.0,45.0,299.0,126.0,25.0,19.0,3.0,31.0,296.0,32.0
63.0,49.0,260.0,155.0,31.0,-63.0,260.0,162.0,273.0,24.0
34.0,-86.0,199.0,172.0,-60.0,-278.0,459.0,110.0,270.0,28.0
3.0,-240.0,141.0,162.0,-39.0,-398.0,604.0,127.0,269.0,16.0
-31.0,-44.0,116.0,155.0,40.0,-226.0,757.0,123.0,231.0,-7.0
-38.0,101.0,108.0,155.0,-121.0,-158.0,922.0,86.0,206.0,-5.0
-27.0,-109.0,93.0,98.0,-180.0,-145.0,1041.0,-101.0,175.0,15.0
-42.0,-11.0,59.0,34.0,4.0,-284.0,1052.0,-227.0,161.0,-9.0
-47.0,225.0,-14.0,49.0,22.0,-371.0,1053.0,-33.0,153.0,-66.0
-52.0,217.0,-13.0,51.0,-49.0,-314.0,1039.0,70.0,126.0,-102.0
-58.0,222.0,21.0,24.0,21.0,-325.0,956.0,253.0,107.0,-151.0
-77.0,374.0,54.0,-24.0,40.0,-239.0,797.0,356.0,74.0,-229.0
-77.0,415.0,111.0,-36.0,76.0,-112.0,696.0,208.0,51.0,-293.0
-95.0,428.0,97.0,-24.0,-27.0,146.0,648.0,103.0,19.0,-341.0
-110.0,577.0,73.0,6.0,-73.0,164.0,534.0,-5.0,-32.0,-387.0
-128.0,275.0,45.0,66.0,60.0,118.0,361.0,-229.0,-99.0,-419.0
-159.0,8.0,22.0,69.0,68.0,124.0,144.0,-400.0,-193.0,-422.0
-146.0,-90.0,21.0,123.0,29.0,-66.0,-12.0,-254.0,-281.0,-400.0
-122.0,-312.0,0.0,191.0,-25.0,-93.0,-68.0,-304.0,-344.0,-385.0
-109.0,-357.0,41.0,208.0,57.0,-156.0,-49.0,-400.0,-383.0,-366.0
-115.0,-359.0,-10.0,260.0,140.0,-85.0,-29.0,-149.0,-423.0,-321.0
-99.0,-311.0,-40.0,276.0,30.0,145.0,-15.0,33.0,-443.0,-295.0
-81.0,-350.0,-4.0,233.0,-93.0,323.0,48.0,201.0,-447.0,-269.0
-81.0,-128.0,0.0,182.0,-48.0,427.0,124.0,127.0,-442.0,-223.0
-77.0,33.0,-14.0,139.0,94.0,179.0,126.0,-60.0,-442.0,-193.0
-41.0,-10.0,41.0,153.0,147.0,32.0,100.0,-140.0,-443.0,-164.0
-31.0,178.0,32.0,183.0,30.0,12.0,109.0,-116.0,-390.0,-142.0
-27.0,159.0,-57.0,228.0,52.0,-60.0,91.0,27.0,-328.0,-100.0
4.0,35.0,-11.0,306.0,155.0,68.0,-12.0,-38.0,-242.0,-39.0
0.0,70.0,-33.0,320.0,-5.0,61.0,-208.0,-14.0,-149.0,-2.0
5.0,101.0,27.0,309.0,51.0,35.0,-370.0,-64.0,-68.0,57.0
21.0,-127.0,46.0,292.0,96.0,-2.0,-497.0,-96.0,10.0,137.0
56.0,-123.0,67.0,216.0,18.0,-35.0,-603.0,14.0,58.0,220.0
78.0,-235.0,72.0,132.0,66.0,-34.0,-721.0,-81.0,96.0,304.0
80.0,-484.0,43.0,103.0,-68.0,-276.0,-826.0,42.0,130.0,384.0
75.0,-328.0,128.0,104.0,-46.0,-358.0,-794.0,123.0,171.0,469.0
97.0,-284.0,116.0,100.0,36.0,-344.0,-629.0,103.0,206.0,526.0
149.0,-60.0,154.0,118.0,-87.0,-261.0,-387.0,120.0,226.0,572.0
178.0,91.0,151.0,121.0,-55.0,-256.0,-178.0,158.0,240.0,636.0
188.0,99.0,125.0,96.0,4.0,-309.0,0.0,247.0,250.0,684.0
166.0,213.0,64.0,76.0,-101.0,-312.0,115.0,96.0,262.0,721.0
173.0,441.0,24.0,38.0,-6.0,-421.0,181.0,103.0,259.0,767.0
167.0,609.0,36.0,-17.0,52.0,-483.0,245.0,84.0,242.0,813.0
172.0,529.0,-3.0,-55.0,-144.0,-514.0,347.0,24.0,213.0,848.0
200.0,570.0,14.0,-13.0,-42.0,-369.0,492.0,7.0,184.0,838.0
216.0,462.0,50.0,24.0,42.0,-254.0,594.0,-199.0,140.0,814.0
231.0,313.0,-4.0,44.0,-69.0,-127.0,689.0,-214.0,86.0,788.0
226.0,208.0,-99.0,35.0,-62.0,-125.0,745.0,-112.0,57.0,704.0
236.0,83.0,-116.0,-13.0,-41.0,-138.0,813.0,73.0,42.0,599.0
207.0,-162.0,-152.0,13.0,88.0,-57.0,911.0,79.0,24.0,501.0
191.0,-343.0,-154.0,58.0,11.0,-94.0,987.0,116.0,11.0,391.0
229.0,-297.0,-147.0,54.0,-74.0,-120.0,999.0,406.0,14.0,276.0
261.0,-307.0,-144.0,55.0,107.0,-362.0,947.0,432.0,17.0,161.0
274.0,-8.0,-172.0,93.0,115.0,-352.0,891.0,539.0,10.0,64.0
266.0,200.0,-248.0,120.0,77.0,-187.0,776.0,515.0,-7.0,-14.0
251.0,236.0,-212.0,127.0,-19.0,-175.0,568.0,341.0,-11.0,-73.0
233.0,276.0,-193.0,89.0,-28.0,-257.0,258.0,312.0,0.0,-97.0
212.0,92.0,-211.0,27.0,153.0,-352.0,-49.0,160.0,22.0,-88.0
217.0,142.0,-152.0,-24.0,104.0,-497.0,-326.0,123.0,50.0,-74.0
248.0,176.0,-123.0,-107.0,-141.0,-704.0,-592.0,86.0,75.0,-54.0
262.0,-23.0,-182.0,-164.0,-134.0,-761.0,-830.0,99.0,117.0,-2.0
264.0,-154.0,-204.0,-185.0,47.0,-974.0,-989.0,133.0,148.0,24.0
263.0,-127.0,-149.0,-141.0,39.0,-955.0,-1034.0,171.0,171.0,29.0
258.0,-202.0,-113.0,-57.0,-9.0,-743.0,-1058.0,290.0,183.0,46.0
248.0,-282.0,-131.0,-8.0,-57.0,-534.0,-1100.0,288.0,155.0,54.0
242.0,-314.0,-135.0,43.0,36.0,-500.0,-1123.0,314.0,102.0,45.0
240.0,-620.0,-78.0,76.0,82.0,-561.0,-1010.0,157.0,40.0,40.0
230.0,-593.0,-83.0,62.0,-72.0,-386.0,-796.0,203.0,-31.0,60.0
195.0,-591.0,-137.0,56.0,-53.0,-441.0,-587.0,452.0,-95.0,52.0
162.0,-634.0,-88.0,89.0,21.0,-524.0,-430.0,432.0,-151.0,21.0
150.0,-239.0,-28.0,117.0,195.0,-515.0,-297.0,426.0,-199.0,11.0
135.0,2.0,-61.0,142.0,152.0,-271.0,-127.0,290.0,-246.0,14.0
92.0,56.0,-26.0,213.0,-100.0,43.0,36.0,195.0,-302.0,14.0
41.0,45.0,48.0,270.0,135.0,11.0,146.0,168.0,-335.0,16.0
2.0,99.0,45.0,235.0,259.0,-226.0,202.0,101.0,-374.0,40.0
-45.0,131.0,79.0,192.0,51.0,-302.0,283.0,57.0,-403.0,67.0
-87.0,126.0,30.0,141.0,0.0,-265.0,333.0,-31.0,-416.0,95.0
-119.0,120.0,62.0,86.0,-23.0,-445.0,355.0,73.0,-437.0,120.0
-114.0,27.0,130.0,121.0,61.0,-368.0,342.0,68.0,-414.0,143.0
-133.0,5.0,84.0,109.0,109.0,-262.0,306.0,145.0,-376.0,150.0
-163.0,33.0,139.0,72.0,-71.0,-182.0,331.0,280.0,-332.0,155.0
-157.0,0.0,94.0,76.0,-77.0,-35.0,290.0,201.0,-281.0,183.0
-144.0,-122.0,113.0,65.0,73.0,16.0,182.0,299.0,-235.0,190.0
-134.0,-211.0,144.0,98.0,-31.0,-47.0,74.0,400.0,-173.0,164.0
-136.0,-206.0,120.0,152.0,-144.0,-408.0,32.0,652.0,-117.0,129.0
-96.0,-234.0,170.0,199.0,-127.0,-458.0,88.0,744.0,-71.0,104.0
-59.0,-275.0,170.0,253.0,-45.0,-471.0,139.0,497.0,-24.0,88.0
-33.0,-226.0,197.0,279.0,87.0,-492.0,179.0,234.0,-3.0,66.0
-21.0,-250.0,172.0,235.0,-27.0,-327.0,219.0,-40.0,0.0,67.0
6.0,-329.0,188.0,193.0,-103.0,-187.0,276.0,-92.0,0.0,97.0
37.0,-351.0,178.0,197.0,46.0,117.0,330.0,-179.0,-28.0,125.0
43.0,-396.0,206.0,193.0,74.0,124.0,300.0,-96.0,-26.0,158.0
51.0,-404.0,199.0,200.0,-93.0,-76.0,239.0,-3.0,18.0,187.0
70.0,-273.0,110.0,203.0,-155.0,-301.0,199.0,36.0,60.0,196.0
112.0,-210.0,154.0,164.0,-31.0,-413.0,123.0,253.0,91.0,195.0
88.0,-227.0,82.0,131.0,39.0,-280.0,-25.0,229.0,103.0,184.0
75.0,-195.0,71.0,83.0,34.0,-152.0,-272.0,395.0,127.0,165.0
60.0,-83.0,73.0,31.0,-38.0,-73.0,-515.0,511.0,151.0,146.0
45.0,59.0,-6.0,20.0,-5.0,39.0,-645.0,498.0,170.0,117.0
33.0,18.0,-9.0,-43.0,126.0,191.0,-761.0,521.0,176.0,93.0
20.0,65.0,-52.0,-85.0,119.0,70.0,-872.0,437.0,181.0,86.0
31.0,59.0,-100.0,-38.0,-1.0,-102.0,-878.0,585.0,191.0,67.0
22.0,92.0,-110.0,-31.0,5.0,-225.0,-741.0,598.0,177.0,70.0
29.0,225.0,-137.0,-20.0,145.0,-231.0,-479.0,522.0,154.0,87.0
-15.0,135.0,-227.0,34.0,111.0,-271.0,-218.0,195.0,119.0,119.0
-47.0,325.0,-216.0,51.0,3.0,-417.0,-56.0,-269.0,65.0,162.0
-65.0,467.0,-236.0,40.0,9.0,-267.0,96.0,-360.0,12.0,187.0
-71.0,259.0,-306.0,22.0,100.0,-267.0,289.0,-502.0,-40.0,222.0
-85.0,309.0,-281.0,-28.0,121.0,-271.0,439.0,-437.0,-82.0,228.0
-103.0,416.0,-320.0,-123.0,-25.0,-231.0,447.0,-192.0,-106.0,214.0
-91.0,218.0,-303.0,-197.0,-106.0,-265.0,287.0,55.0,-123.0,200.0
-107.0,234.0,-268.0,-255.0,11.0,-263.0,55.0,382.0,-133.0,167.0
-86.0,283.0,-319.0,-307.0,-13.0,-457.0,-154.0,548.0,-152.0,143.0
-101.0,122.0,-294.0,-314.0,-197.0,-612.0,-329.0,613.0,-163.0,112.0
-95.0,187.0,-263.0,-314.0,-73.0,-721.0,-532.0,456.0,-160.0,93.0
-87.0,337.0,-249.0,-301.0,29.0,-656.0,-652.0,299.0,-155.0,84.0
-50.0,312.0,-214.0,-254.0,-63.0,-430.0,-657.0,195.0,-124.0,63.0
5.0,229.0,-163.0,-224.0,-49.0,-132.0,-600.0,258.0,-98.0,50.0
7.0,311.0,-105.0,-222.0,-123.0,111.0,-523.0,421.0,-67.0,30.0
34.0,262.0,-73.0,-180.0,-145.0,-83.0,-442.0,258.0,-30.0,21.0
15.0,195.0,0.0,-138.0,-19.0,-457.0,-183.0,210.0,-1.0,19.0
21.0,133.0,48.0,-105.0,-105.0,-636.0,121.0,125.0,31.0,26.0
-5.0,-22.0,57.0,-65.0,-159.0,-442.0,335.0,347.0,30.0,48.0
-42.0,-74.0,29.0,10.0,46.0,-208.0,476.0,644.0,17.0,51.0
-39.0,-275.0,19.0,107.0,55.0,69.0,574.0,295.0,13.0,55.0
-45.0,-387.0,42.0,114.0,6.0,424.0,704.0,42.0,18.0,59.0
-43.0,-387.0,40.0,90.0,32.0,256.0,836.0,-175.0,39.0,35.0
-74.0,-246.0,100.0,39.0,-39.0,-181.0,910.0,-123.0,45.0,-4.0
-58.0,-28.0,58.0,29.0,92.0,-590.0,910.0,55.0,42.0,-64.0
-48.0,-91.0,72.0,34.0,69.0,-779.0,882.0,42.0,40.0,-132.0
-42.0,-72.0,154.0,-55.0,-178.0,-670.0,824.0,103.0,24.0,-206.0
-55.0,64.0,117.0,-148.0,1.0,-519.0,719.0,59.0,-7.0,-277.0
-74.0,202.0,164.0,-218.0,215.0,-246.0,450.0,73.0,-47.0,-336.0
-70.0,168.0,137.0,-259.0,43.0,-75.0,94.0,-72.0,-72.0,-385.0
-98.0,76.0,38.0,-314.0,-21.0,-66.0,-214.0,-97.0,-80.0,-411.0
-106.0,58.0,62.0,-342.0,105.0,-66.0,-486.0,73.0,-94.0,-424.0
-70.0,5.0,31.0,-314.0,147.0,-252.0,-688.0,251.0,-92.0,-399.0
-1.0,160.0,-9.0,-328.0,85.0,-438.0,-836.0,441.0,-67.0,-347.0
9.0,-74.0,6.0,-363.0,-8.0,-215.0,-817.0,260.0,-43.0,-292.0
2.0,-377.0,-36.0,-308.0,35.0,169.0,-613.0,147.0,-37.0,-236.0
-17.0,-168.0,-40.0,-235.0,97.0,402.0,-375.0,-79.0,-30.0,-179.0
-35.0,39.0,-61.0,-251.0,134.0,408.0,-246.0,-339.0,-4.0,-103.0
-51.0,159.0,-112.0,-176.0,118.0,58.0,-181.0,-212.0,17.0,-48.0
-67.0,332.0,-135.0,-29.0,-15.0,-148.0,-152.0,-145.0,32.0,0.0
-38.0,561.0,-156.0,30.0,49.0,-204.0,-235.0,14.0,32.0,31.0
-29.0,424.0,-169.0,28.0,52.0,-429.0,-448.0,35.0,41.0,64.0
5.0,303.0,-169.0,-34.0,-93.0,-507.0,-744.0,25.0,68.0,111.0
6.0,297.0,-161.0,-100.0,-65.0,-342.0,-911.0,179.0,83.0,153.0
9.0,200.0,-187.0,-131.0,-43.0,10.0,-952.0,197.0,100.0,195.0
0.0,384.0,-139.0,-107.0,30.0,160.0,-900.0,160.0,120.0,210.0
-20.0,515.0,-172.0,-58.0,40.0,-51.0,-773.0,-64.0,133.0,239.0
-28.0,509.0,-206.0,-41.0,-123.0,-177.0,-594.0,-79.0,135.0,268.0
-65.0,309.0,-187.0,-54.0,1.0,-2.0,-316.0,3.0,121.0,288.0
-60.0,116.0,-265.0,-104.0,186.0,110.0,-84.0,120.0,86.0,311.0
-41.0,71.0,-205.0,-143.0,5.0,-50.0,47.0,280.0,60.0,314.0
21.0,-59.0,-231.0,-173.0,-62.0,-118.0,174.0,284.0,40.0,333.0
63.0,-194.0,-255.0,-189.0,71.0,-18.0,390.0,347.0,6.0,367.0
90.0,-251.0,-174.0,-135.0,27.0,227.0,651.0,168.0,-20.0,390.0
107.0,-95.0,-221.0,-43.0,7.0,319.0,855.0,123.0,-44.0,405.0
127.0,-128.0,-216.0,-13.0,-45.0,313.0,1009.0,218.0,-54.0,413.0
136.0,-129.0,-221.0,24.0,-2.0,550.0,1162.0,332.0,-61.0,407.0
126.0,29.0,-211.0,31.0,114.0,646.0,1360.0,363.0,-72.0,396.0
138.0,-48.0,-200.0,-10.0,-35.0,589.0,1556.0,46.0,-80.0,365.0
122.0,-117.0,-193.0,38.0,-40.0,335.0,1581.0,-179.0,-67.0,304.0
118.0,-20.0,-149.0,64.0,-11.0,161.0,1375.0,-367.0,-31.0,244.0
83.0,37.0,-189.0,29.0,28.0,252.0,1050.0,-142.0,-10.0,188.0
58.0,-69.0,-142.0,-25.0,7.0,337.0,687.0,75.0,6.0,138.0
3.0,146.0,-75.0,-39.0,-87.0,403.0,328.0,-145.0,14.0,99.0
-34.0,120.0,-71.0,-41.0,58.0,260.0,-22.0,-230.0,12.0,66.0
-64.0,-229.0,-17.0,-64.0,37.0,258.0,-322.0,-476.0,5.0,59.0
-90.0,-334.0,17.0,-68.0,32.0,169.0,-492.0,-552.0,-8.0,77.0
-89.0,-490.0,2.0,-76.0,58.0,-80.0,-581.0,-389.0,-13.0,104.0
-123.0,-443.0,56.0,-78.0,-51.0,-242.0,-643.0,-144.0,-14.0,136.0
-95.0,-463.0,85.0,-67.0,61.0,-342.0,-656.0,186.0,-11.0,174.0
-112.0,-566.0,63.0,-30.0,120.0,-79.0,-579.0,94.0,2.0,217.0
-75.0,-422.0,105.0,4.0,-19.0,-11.0,-463.0,1.0,22.0,254.0
-50.0,-125.0,78.0,64.0,27.0,-68.0,-413.0,-66.0,41.0,265.0
-48.0,61.0,78.0,39.0,102.0,-56.0,-464.0,-136.0,49.0,255.0
-24.0,118.0,99.0,15.0,61.0,-183.0,-492.0,-179.0,37.0,225.0
-45.0,125.0,92.0,-16.0,79.0,-413.0,-429.0,-299.0,10.0,190.0
-24.0,1.0,74.0,-69.0,4.0,-731.0,-330.0,-94.0,-23.0,164.0
-9.0,104.0,42.0,-44.0,-10.0,-712.0,-305.0,31.0,-21.0,126.0
38.0,216.0,56.0,-78.0,117.0,-542.0,-370.0,-31.0,0.0,80.0
55.0,370.0,51.0,-86.0,-25.0,-284.0,-279.0,-312.0,12.0,45.0
66.0,510.0,35.0,-129.0,-182.0,-53.0,-88.0,-522.0,21.0,22.0
65.0,639.0,-14.0,-176.0,29.0,-22.0,59.0,-303.0,16.0,-20.0
45.0,733.0,18.0,-183.0,116.0,-77.0,137.0,38.0,19.0,-56.0
19.0,466.0,21.0,-206.0,0.0,-500.0,207.0,279.0,17.0,-65.0
5.0,452.0,-5.0,-164.0,-13.0,-755.0,344.0,190.0,19.0,-85.0
43.0,292.0,9.0,-72.0,44.0,-753.0,443.0,230.0,21.0,-111.0
77.0,142.0,-40.0,31.0,39.0,-613.0,537.0,264.0,17.0,-137.0
108.0,-5.0,-14.0,96.0,9.0,-210.0,557.0,175.0,-1.0,-151.0
73.0,-317.0,-34.0,148.0,-15.0,-62.0,587.0,267.0,-42.0,-149.0
53.0,-9.0,-67.0,114.0,-58.0,126.0,632.0,388.0,-70.0,-134.0
41.0,99.0,-47.0,27.0,95.0,194.0,563.0,613.0,-68.0,-115.0
18.0,129.0,-40.0,16.0,74.0,-70.0,481.0,615.0,-59.0,-74.0
-1.0,111.0,-37.0,-13.0,-140.0,-235.0,448.0,508.0,-73.0,-28.0
0.0,-142.0,-91.0,-85.0,-68.0,-338.0,461.0,321.0,-99.0,25.0
9.0,-152.0,-101.0,-117.0,92.0,-215.0,397.0,9.0,-137.0,111.0
-23.0,-277.0,-113.0,-106.0,-44.0,-10.0,282.0,-84.0,-156.0,160.0
-45.0,-309.0,-141.0,-107.0,-133.0,31.0,204.0,-277.0,-160.0,202.0
-76.0,-252.0,-153.0,-111.0,-59.0,-65.0,162.0,-380.0,-180.0,277.0
-96.0,-141.0,-215.0,-130.0,-62.0,-158.0,32.0,-382.0,-199.0,331.0
-113.0,-29.0,-199.0,-117.0,100.0,-100.0,-218.0,-308.0,-231.0,363.0
-97.0,-77.0,-157.0,-58.0,-36.0,4.0,-489.0,-92.0,-238.0,370.0
-77.0,32.0,-181.0,13.0,-117.0,180.0,-760.0,-38.0,-229.0,363.0
-54.0,148.0,-197.0,47.0,144.0,283.0,-961.0,79.0,-205.0,360.0
-74.0,94.0,-183.0,34.0,119.0,198.0,-1051.0,57.0,-166.0,331.0
-108.0,132.0,-195.0,93.0,72.0,79.0,-1068.0,116.0,-125.0,293.0
-100.0,149.0,-213.0,120.0,48.0,92.0,-984.0,55.0,-80.0,254.0
-103.0,126.0,-187.0,109.0,32.0,207.0,-735.0,-208.0,-45.0,220.0
-108.0,323.0,-211.0,64.0,33.0,195.0,-483.0,-73.0,14.0,194.0
-139.0,410.0,-217.0,21.0,46.0,230.0,-310.0,-136.0,75.0,164.0
-135.0,305.0,-187.0,-17.0,-20.0,245.0,-139.0,-24.0,136.0,141.0
-149.0,200.0,-176.0,-122.0,-54.0,98.0,28.0,184.0,195.0,93.0
-134.0,215.0,-165.0,-160.0,147.0,-56.0,180.0,112.0,237.0,76.0
-112.0,272.0,-159.0,-145.0,52.0,-239.0,238.0,49.0,262.0,90.0
-91.0,292.0,-165.0,-112.0,-169.0,-187.0,213.0,-249.0,258.0,82.0
-65.0,294.0,-175.0,-82.0,-79.0,64.0,182.0,-400.0,254.0,94.0
-83.0,90.0,-157.0,-2.0,0.0,269.0,174.0,-572.0,251.0,110.0
-65.0,-100.0,-145.0,20.0,-84.0,312.0,137.0,-535.0,265.0,139.0
-83.0,-233.0,-134.0,3.0,-114.0,217.0,17.0,-218.0,274.0,170.0
-67.0,-440.0,-112.0,38.0,-71.0,58.0,-198.0,-25.0,262.0,172.0
-85.0,-613.0,-123.0,31.0,-10.0,-175.0,-459.0,218.0,254.0,178.0
-85.0,-739.0,-174.0,67.0,-15.0,-352.0,-656.0,105.0,236.0,189.0
-57.0,-593.0,-143.0,43.0,-78.0,-354.0,-731.0,-127.0,206.0,183.0
-58.0,-494.0,-126.0,17.0,-24.0,-121.0,-712.0,-290.0,163.0,180.0
-22.0,-578.0,-156.0,28.0,42.0,80.0,-630.0,-356.0,122.0,180.0
-22.0,-314.0,-139.0,-34.0,37.0,151.0,-414.0,-297.0,80.0,168.0
0.0,-202.0,-154.0,-76.0,-53.0,39.0,-76.0,-391.0,33.0,165.0
0.0,-317.0,-138.0,-112.0,8.0,-78.0,314.0,-360.0,-3.0,153.0
24.0,-440.0,-154.0,-133.0,123.0,-249.0,634.0,-218.0,-47.0,157.0
29.0,-479.0,-128.0,-186.0,80.0,-634.0,808.0,29.0,-84.0,160.0
11.0,-223.0,-129.0,-243.0,63.0,-623.0,884.0,149.0,-118.0,150.0
27.0,-75.0,-163.0,-273.0,44.0,-170.0,858.0,59.0,-164.0,179.0
31.0,104.0,-142.0,-343.0,58.0,334.0,740.0,-12.0,-199.0,195.0
71.0,224.0,-174.0,-366.0,124.0,312.0,529.0,-133.0,-216.0,214.0
74.0,294.0,-128.0,-339.0,90.0,81.0,337.0,-46.0,-221.0,242.0
64.0,288.0,-133.0,-309.0,-84.0,68.0,126.0,5.0,-218.0,242.0
51.0,136.0,-187.0,-312.0,68.0,-17.0,-135.0,12.0,-203.0,247.0
32.0,214.0,-202.0,-266.0,198.0,-85.0,-336.0,46.0,-195.0,235.0
-4.0,288.0,-238.0,-196.0,-59.0,-223.0,-464.0,-103.0,-186.0,210.0
-45.0,210.0,-276.0,-159.0,-24.0,-43.0,-485.0,-206.0,-165.0,159.0
-94.0,-2.0,-261.0,-76.0,22.0,207.0,-481.0,-352.0,-123.0,93.0
-153.0,-80.0,-231.0,-64.0,6.0,185.0,-519.0,-423.0,-60.0,33.0
-164.0,-18.0,-259.0,-54.0,29.0,164.0,-563.0,-519.0,-3.0,-40.0
-199.0,-47.0,-231.0,-1.0,-211.0,189.0,-615.0,-598.0,50.0,-101.0
-235.0,-235.0,-187.0,1.0,-159.0,308.0,-710.0,-461.0,78.0,-172.0
-237.0,-450.0,-157.0,2.0,52.0,158.0,-807.0,-389.0,84.0,-223.0
-253.0,-390.0,-102.0,71.0,-138.0,-104.0,-889.0,-210.0,113.0,-249.0
-288.0,-323.0,-60.0,172.0,-155.0,-87.0,-964.0,-279.0,145.0,-263.0
-315.0,-338.0,-55.0,202.0,-54.0,198.0,-994.0,-545.0,171.0,-254.0
-331.0,-451.0,-39.0,181.0,-96.0,292.0,-923.0,-678.0,181.0,-241.0
-358.0,-361.0,-6.0,132.0,50.0,141.0,-745.0,-519.0,173.0,-190.0
-357.0,-13.0,-45.0,103.0,-24.0,202.0,-534.0,31.0,152.0,-142.0
-339.0,101.0,-31.0,80.0,-108.0,319.0,-238.0,205.0,119.0,-97.0
-311.0,207.0,10.0,31.0,142.0,218.0,65.0,182.0,108.0,-45.0
-277.0,350.0,-26.0,-17.0,108.0,-37.0,269.0,25.0,114.0,-22.0
-276.0,364.0,-12.0,-18.0,-37.0,-152.0,418.0,-133.0,104.0,-2.0
-268.0,365.0,-18.0,-1.0,29.0,-204.0,571.0,-112.0,83.0,-2.0
-281.0,439.0,-44.0,-48.0,73.0,-252.0,687.0,-245.0,75.0,-20.0
-268.0,345.0,-50.0,-93.0,112.0,-260.0,683.0,-121.0,60.0,-41.0
-226.0,229.0,-86.0,-172.0,33.0,-194.0,593.0,-129.0,23.0,-44.0
-197.0,257.0,-98.0,-230.0,-41.0,-63.0,478.0,-238.0,-2.0,-35.0
-137.0,233.0,-116.0,-174.0,38.0,-107.0,361.0,-362.0,-20.0,-23.0
-99.0,185.0,-86.0,-127.0,-18.0,-166.0,216.0,-495.0,-24.0,4.0
-70.0,114.0,-53.0,-110.0,-61.0,-200.0,79.0,-336.0,-28.0,28.0
-51.0,156.0,-56.0,-96.0,-50.0,-218.0,-5.0,-323.0,-32.0,74.0
-23.0,34.0,-48.0,-56.0,-73.0,-259.0,-32.0,-199.0,-32.0,117.0
-2.0,18.0,-48.0,0.0,86.0,-249.0,-132.0,-181.0,-54.0,142.0
22.0,60.0,-40.0,4.0,85.0,-68.0,-326.0,-214.0,-79.0,167.0
55.0,-102.0,-31.0,75.0,-148.0,116.0,-518.0,46.0,-93.0,187.0
84.0,-193.0,-1.0,202.0,-88.0,162.0,-752.0,160.0,-99.0,220.0
107.0,-367.0,-1.0,223.0,43.0,49.0,-1019.0,169.0,-92.0,225.0
122.0,-338.0,19.0,224.0,26.0,-70.0,-1253.0,-11.0,-93.0,222.0
152.0,-462.0,47.0,290.0,-50.0,-252.0,-1343.0,-216.0,-98.0,205.0
169.0,-632.0,43.0,332.0,-77.0,-210.0,-1338.0,-314.0,-92.0,173.0
215.0,-581.0,58.0,266.0,166.0,-160.0,-1251.0,-275.0,-66.0,147.0
246.0,-543.0,47.0,187.0,199.0,-110.0,-1050.0,-206.0,-40.0,83.0
277.0,-350.0,37.0,223.0,-79.0,73.0,-751.0,-423.0,-16.0,32.0
273.0,-214.0,32.0,266.0,-24.0,11.0,-403.0,-471.0,15.0,-10.0
262.0,-93.0,27.0,268.0,39.0,161.0,-112.0,-404.0,58.0,-62.0
249.0,92.0,32.0,259.0,-57.0,33.0,201.0,-334.0,126.0,-103.0
224.0,239.0,12.0,254.0,-12.0,-192.0,565.0,-363.0,219.0,-154.0
212.0,293.0,9.0,250.0,-100.0,-4.0,780.0,-585.0,298.0,-200.0
172.0,416.0,-22.0,213.0,-77.0,8.0,741.0,-607.0,343.0,-233.0
175.0,355.0,-51.0,162.0,37.0,35.0,683.0,-626.0,379.0,-250.0
144.0,199.0,-24.0,105.0,12.0,182.0,623.0,-580.0,395.0,-265.0
124.0,305.0,-47.0,6.0,-41.0,346.0,447.0,-508.0,400.0,-294.0
107.0,317.0,-62.0,-135.0,-111.0,358.0,191.0,-254.0,419.0,-333.0
92.0,312.0,-72.0,-192.0,14.0,297.0,-11.0,155.0,423.0,-356.0
60.0,142.0,-76.0,-160.0,57.0,199.0,-93.0,227.0,405.0,-364.0
10.0,-61.0,-13.0,-240.0,-52.0,10.0,-197.0,245.0,368.0,-404.0
12.0,-182.0,-1.0,-377.0,29.0,-224.0,-332.0,151.0,314.0,-463.0
-18.0,-347.0,-40.0,-403.0,91.0,-347.0,-486.0,166.0,260.0,-489.0
-24.0,-275.0,-8.0,-406.0,-6.0,-131.0,-561.0,199.0,210.0,-504.0
-28.0,-338.0,29.0,-347.0,-24.0,58.0,-609.0,105.0,152.0,-532.0
-36.0,-411.0,40.0,-257.0,-7.0,212.0,-706.0,27.0,84.0,-545.0
-31.0,-488.0,115.0,-242.0,92.0,219.0,-792.0,-312.0,20.0,-526.0
-54.0,-548.0,123.0,-183.0,62.0,127.0,-807.0,-508.0,-24.0,-480.0
-79.0,-374.0,88.0,-128.0,-107.0,25.0,-721.0,-752.0,-51.0,-421.0
-91.0,-377.0,106.0,-98.0,82.0,-267.0,-617.0,-953.0,-63.0,-342.0
-99.0,-223.0,118.0,-146.0,96.0,-425.0,-503.0,-857.0,-78.0,-260.0
-96.0,-47.0,131.0,-221.0,-78.0,-223.0,-405.0,-618.0,-100.0,-205.0
-112.0,104.0,145.0,-264.0,-45.0,83.0,-302.0,-134.0,-113.0,-149.0
-147.0,281.0,157.0,-294.0,-30.0,12.0,-213.0,-64.0,-117.0,-77.0
-166.0,461.0,125.0,-224.0,35.0,-53.0,-146.0,-210.0,-112.0,-29.0
-193.0,538.0,130.0,-194.0,59.0,-36.0,-170.0,-194.0,-120.0,-12.0
-186.0,356.0,119.0,-152.0,-126.0,-236.0,-250.0,11.0,-121.0,12.0
-162.0,439.0,88.0,3.0,-107.0,-457.0,-269.0,266.0,-123.0,41.0
-172.0,319.0,96.0,-16.0,111.0,-530.0,-290.0,42.0,-134.0,54.0
-199.0,353.0,61.0,-108.0,17.0,-136.0,-331.0,-92.0,-115.0,57.0
-208.0,555.0,40.0,-64.0,-64.0,231.0,-389.0,-129.0,-100.0,69.0
-230.0,454.0,45.0,24.0,-71.0,164.0,-338.0,-171.0,-94.0,74.0
-242.0,399.0,62.0,109.0,-8.0,-74.0,-193.0,-121.0,-85.0,52.0
-228.0,255.0,66.0,107.0,125.0,-246.0,-82.0,-205.0,-92.0,32.0
-210.0,147.0,97.0,158.0,-103.0,-191.0,-71.0,-114.0,-117.0,34.0
-204.0,-130.0,81.0,209.0,-250.0,-290.0,-111.0,-194.0,-136.0,34.0
-215.0,-313.0,30.0,192.0,-49.0,-347.0,-107.0,-450.0,-158.0,0.0
-255.0,-206.0,81.0,224.0,20.0,-267.0,-110.0,-565.0,-174.0,-14.0
-297.0,-116.0,71.0,250.0,-169.0,-210.0,-152.0,-413.0,-201.0,-7.0
-303.0,-24.0,56.0,254.0,-200.0,-102.0,-207.0,-68.0,-240.0,-15.0
-305.0,9.0,136.0,295.0,-34.0,-228.0,-142.0,123.0,-267.0,-17.0
-256.0,-33.0,151.0,384.0,82.0,-27.0,14.0,339.0,-318.0,1.0
-217.0,-106.0,131.0,373.0,-20.0,258.0,194.0,238.0,-347.0,36.0
-171.0,-153.0,154.0,361.0,-177.0,191.0,330.0,5.0,-368.0,32.0
-140.0,-293.0,132.0,357.0,-32.0,53.0,441.0,-155.0,-388.0,43.0
-120.0,-341.0,169.0,275.0,45.0,-235.0,593.0,-301.0,-387.0,72.0
-73.0,-275.0,166.0,166.0,-9.0,-170.0,638.0,-38.0,-376.0,34.0
-63.0,-247.0,165.0,8.0,-61.0,43.0,522.0,103.0,-347.0,-26.0
-11.0,-84.0,220.0,-114.0,-28.0,122.0,273.0,229.0,-318.0,-78.0
26.0,81.0,184.0,-153.0,171.0,254.0,61.0,262.0,-260.0,-131.0
61.0,185.0,201.0,-112.0,183.0,292.0,-96.0,64.0,-206.0,-223.0
92.0,243.0,182.0,-45.0,10.0,383.0,-295.0,40.0,-163.0,-306.0
112.0,198.0,184.0,-39.0,-30.0,252.0,-500.0,-25.0,-119.0,-337.0
148.0,267.0,191.0,-17.0,18.0,-123.0,-637.0,-57.0,-77.0,-371.0
155.0,255.0,189.0,59.0,25.0,-120.0,-617.0,-162.0,-25.0,-390.0
151.0,229.0,178.0,114.0,-46.0,60.0,-512.0,-164.0,22.0,-370.0
131.0,281.0,161.0,163.0,-185.0,238.0,-424.0,-127.0,70.0,-336.0
123.0,245.0,165.0,138.0,-2.0,400.0,-375.0,-223.0,112.0,-329.0
135.0,269.0,66.0,47.0,119.0,324.0,-305.0,-194.0,157.0,-329.0
139.0,237.0,108.0,-65.0,-130.0,172.0,-206.0,-242.0,196.0,-303.0
140.0,306.0,118.0,-190.0,-60.0,72.0,-174.0,-186.0,245.0,-275.0
154.0,116.0,100.0,-252.0,50.0,33.0,-257.0,-147.0,288.0,-262.0
133.0,-209.0,143.0,-282.0,-18.0,26.0,-291.0,-121.0,305.0,-247.0
102.0,-417.0,129.0,-273.0,66.0,70.0,-186.0,3.0,313.0,-212.0
61.0,-769.0,134.0,-233.0,-27.0,146.0,-35.0,73.0,304.0,-179.0
36.0,-738.0,47.0,-186.0,-128.0,255.0,83.0,325.0,304.0,-150.0
42.0,-686.0,-4.0,-126.0,108.0,316.0,152.0,556.0,298.0,-111.0
22.0,-676.0,18.0,-71.0,77.0,386.0,303.0,750.0,285.0,-59.0
34.0,-470.0,46.0,-38.0,-99.0,188.0,447.0,655.0,255.0,-32.0
37.0,-352.0,58.0,-98.0,60.0,-245.0,474.0,352.0,215.0,-8.0
20.0,-326.0,47.0,-129.0,-26.0,-171.0,450.0,236.0,203.0,45.0
4.0,-234.0,83.0,-82.0,-186.0,72.0,459.0,88.0,169.0,57.0
-15.0,-129.0,47.0,-33.0,-61.0,223.0,461.0,97.0,142.0,40.0
-28.0,-131.0,-13.0,41.0,-111.0,177.0,375.0,44.0,138.0,62.0
-60.0,55.0,18.0,51.0,-70.0,111.0,211.0,88.0,137.0,106.0
-61.0,199.0,-23.0,34.0,136.0,192.0,36.0,206.0,134.0,109.0
-48.0,250.0,-21.0,0.0,-1.0,68.0,-15.0,105.0,104.0,74.0
-36.0,334.0,-3.0,-15.0,-69.0,-35.0,-69.0,73.0,80.0,56.0
-33.0,483.0,0.0,15.0,106.0,-27.0,-153.0,31.0,61.0,18.0
-49.0,440.0,45.0,53.0,-25.0,219.0,-235.0,304.0,31.0,-55.0
-35.0,308.0,-12.0,62.0,-85.0,459.0,-231.0,461.0,-16.0,-125.0
-55.0,241.0,54.0,25.0,86.0,489.0,-131.0,389.0,-48.0,-194.0
-74.0,87.0,24.0,-6.0,-37.0,459.0,-91.0,306.0,-56.0,-279.0
-73.0,53.0,-58.0,-55.0,-70.0,494.0,-36.0,22.0,-90.0,-362.0
-76.0,-178.0,-19.0,-29.0,57.0,473.0,5.0,22.0,-133.0,-426.0
-60.0,-100.0,-93.0,-45.0,-79.0,289.0,63.0,24.0,-188.0,-489.0
-61.0,-109.0,-136.0,-75.0,-38.0,291.0,113.0,120.0,-249.0,-575.0
-53.0,-130.0,-174.0,-74.0,52.0,166.0,91.0,271.0,-291.0,-658.0
-49.0,47.0,-145.0,-168.0,-122.0,118.0,86.0,219.0,-311.0,-704.0
-56.0,-243.0,-136.0,-149.0,-139.0,296.0,127.0,186.0,-307.0,-740.0
-55.0,-200.0,-184.0,-103.0,-42.0,365.0,209.0,1.0,-302.0,-784.0
-47.0,-294.0,-110.0,-103.0,-27.0,390.0,241.0,84.0,-296.0,-806.0
-29.0,-265.0,-110.0,-26.0,-70.0,332.0,196.0,227.0,-276.0,-789.0
-11.0,-85.0,-131.0,-10.0,8.0,407.0,199.0,262.0,-242.0,-763.0
23.0,-142.0,-112.0,-3.0,16.0,365.0,289.0,349.0,-207.0,-750.0
32.0,85.0,-61.0,24.0,-62.0,68.0,343.0,225.0,-190.0,-704.0
4.0,-15.0,0.0,1.0,-16.0,-43.0,313.0,260.0,-174.0,-662.0
-19.0,-74.0,15.0,48.0,-120.0,87.0,182.0,256.0,-131.0,-628.0
-28.0,103.0,86.0,117.0,-13.0,192.0,1.0,249.0,-67.0,-562.0
-22.0,90.0,143.0,148.0,193.0,259.0,-106.0,267.0,-18.0,-500.0
-35.0,25.0,161.0,168.0,124.0,454.0,-162.0,144.0,16.0,-418.0
-58.0,-54.0,123.0,159.0,71.0,494.0,-240.0,138.0,42.0,-351.0
-59.0,81.0,167.0,177.0,72.0,392.0,-268.0,20.0,52.0,-295.0
-78.0,106.0,224.0,242.0,39.0,266.0,-217.0,33.0,48.0,-217.0
-100.0,-13.0,151.0,251.0,75.0,133.0,-153.0,16.0,61.0,-178.0
-104.0,281.0,220.0,215.0,109.0,146.0,-97.0,46.0,89.0,-141.0
-102.0,298.0,262.0,195.0,-65.0,55.0,-124.0,208.0,113.0,-108.0
-91.0,268.0,243.0,145.0,75.0,104.0,-132.0,234.0,134.0,-92.0
-108.0,285.0,253.0,112.0,201.0,225.0,-88.0,404.0,134.0,-83.0
-94.0,-12.0,198.0,132.0,-97.0,258.0,-84.0,327.0,126.0,-73.0
-62.0,78.0,224.0,112.0,-59.0,427.0,-104.0,273.0,128.0,-41.0
-37.0,38.0,221.0,0.0,81.0,247.0,-164.0,240.0,100.0,-41.0
-9.0,31.0,138.0,-70.0,44.0,137.0,-224.0,134.0,52.0,-41.0
-11.0,196.0,161.0,-60.0,0.0,269.0,-269.0,243.0,4.0,-36.0
-12.0,218.0,211.0,-63.0,-25.0,114.0,-266.0,293.0,-58.0,-33.0
-17.0,258.0,176.0,-56.0,81.0,-11.0,-210.0,375.0,-102.0,-31.0
10.0,106.0,127.0,-14.0,109.0,178.0,-126.0,177.0,-121.0,-12.0
47.0,162.0,108.0,12.0,119.0,422.0,14.0,-42.0,-140.0,35.0
75.0,118.0,97.0,11.0,158.0,308.0,158.0,-138.0,-145.0,62.0
122.0,-111.0,114.0,-44.0,99.0,248.0,238.0,-238.0,-139.0,109.0
149.0,-93.0,71.0,-121.0,167.0,378.0,255.0,-114.0,-152.0,172.0
167.0,-245.0,36.0,-125.0,118.0,402.0,316.0,-116.0,-161.0,220.0
157.0,-397.0,83.0,-111.0,-18.0,342.0,394.0,25.0,-141.0,250.0
136.0,-154.0,7.0,-89.0,138.0,239.0,408.0,127.0,-130.0,275.0
122.0,27.0,-39.0,-104.0,165.0,279.0,354.0,-46.0,-118.0,285.0
100.0,-148.0,-30.0,-132.0,28.0,521.0,285.0,-177.0,-87.0,259.0
74.0,-19.0,-72.0,-155.0,-17.0,728.0,238.0,-194.0,-52.0,235.0
90.0,334.0,-47.0,-224.0,-121.0,617.0,93.0,188.0,-25.0,175.0
75.0,76.0,-58.0,-266.0,-35.0,398.0,-129.0,528.0,-9.0,107.0
18.0,-176.0,-59.0,-263.0,23.0,423.0,-333.0,637.0,6.0,65.0
-10.0,-118.0,0.0,-211.0,-176.0,473.0,-475.0,482.0,27.0,7.0
-47.0,-356.0,-3.0,-154.0,-141.0,287.0,-548.0,243.0,44.0,-45.0
-62.0,-494.0,-17.0,-74.0,-61.0,247.0,-600.0,134.0,31.0,-85.0
-105.0,-476.0,-1.0,29.0,-149.0,314.0,-577.0,-245.0,32.0,-119.0
-105.0,-337.0,-1.0,65.0,-222.0,420.0,-464.0,-312.0,65.0,-135.0
-76.0,-126.0,-8.0,34.0,-164.0,732.0,-286.0,-153.0,81.0,-140.0
-53.0,-14.0,14.0,-11.0,-37.0,734.0,-134.0,22.0,73.0,-169.0
-35.0,254.0,57.0,-35.0,-56.0,421.0,-81.0,116.0,65.0,-193.0
-68.0,267.0,57.0,-20.0,-92.0,198.0,-21.0,-177.0,51.0,-180.0
-80.0,521.0,58.0,0.0,-78.0,145.0,138.0,-369.0,32.0,-174.0
-79.0,582.0,45.0,5.0,-19.0,81.0,332.0,-565.0,35.0,-189.0
-51.0,253.0,53.0,9.0,-26.0,66.0,488.0,-526.0,41.0,-199.0
-39.0,514.0,53.0,31.0,-86.0,217.0,550.0,-389.0,33.0,-196.0
-7.0,356.0,35.0,91.0,-28.0,246.0,525.0,-262.0,18.0,-210.0
41.0,166.0,82.0,85.0,39.0,-8.0,458.0,-22.0,-9.0,-224.0
63.0,181.0,68.0,71.0,95.0,-202.0,285.0,-96.0,-34.0,-217.0
75.0,94.0,122.0,80.0,54.0,-99.0,45.0,31.0,-41.0,-220.0
82.0,-56.0,136.0,17.0,61.0,-43.0,-284.0,166.0,-52.0,-250.0
91.0,-336.0,119.0,-31.0,115.0,66.0,-578.0,238.0,-87.0,-266.0
89.0,-10.0,195.0,-103.0,104.0,191.0,-661.0,310.0,-114.0,-274.0
114.0,-20.0,178.0,-171.0,150.0,185.0,-777.0,57.0,-123.0,-306.0
148.0,-151.0,207.0,-140.0,7.0,308.0,-946.0,-151.0,-130.0,-329.0
185.0,-31.0,245.0,-132.0,12.0,325.0,-898.0,-378.0,-127.0,-324.0
190.0,-184.0,192.0,-171.0,205.0,244.0,-558.0,-397.0,-104.0,-286.0
205.0,-2.0,192.0,-185.0,158.0,267.0,-281.0,-365.0,-55.0,-241.0
249.0,93.0,215.0,-148.0,106.0,247.0,-70.0,-347.0,-24.0,-182.0
274.0,-155.0,149.0,-85.0,86.0,165.0,258.0,-73.0,-13.0,-87.0
277.0,-297.0,120.0,-6.0,97.0,2.0,449.0,134.0,27.0,-12.0
259.0,-233.0,122.0,89.0,127.0,-64.0,530.0,328.0,70.0,48.0
258.0,-76.0,61.0,157.0,91.0,181.0,621.0,362.0,76.0,113.0
251.0,-26.0,50.0,235.0,90.0,400.0,685.0,482.0,87.0,175.0
260.0,15.0,67.0,311.0,165.0,473.0,613.0,511.0,109.0,205.0
258.0,274.0,3.0,321.0,82.0,430.0,509.0,280.0,135.0,190.0
252.0,246.0,-1.0,294.0,-19.0,181.0,451.0,199.0,174.0,184.0
232.0,96.0,35.0,301.0,81.0,79.0,226.0,92.0,231.0,152.0
189.0,127.0,-34.0,303.0,-11.0,190.0,-80.0,186.0,300.0,104.0
174.0,64.0,-20.0,212.0,-122.0,313.0,-336.0,195.0,316.0,72.0
131.0,133.0,2.0,112.0,-39.0,363.0,-561.0,72.0,300.0,19.0
96.0,-149.0,3.0,32.0,-93.0,459.0,-866.0,96.0,298.0,-20.0
81.0,-263.0,32.0,-69.0,-120.0,582.0,-1181.0,55.0,294.0,-39.0
85.0,-140.0,28.0,-149.0,-53.0,423.0,-1226.0,31.0,265.0,-43.0
99.0,-218.0,18.0,-144.0,-88.0,122.0,-1045.0,-55.0,221.0,-49.0
58.0,-129.0,-8.0,-137.0,-116.0,45.0,-778.0,92.0,176.0,-54.0
13.0,-233.0,16.0,-83.0,-87.0,166.0,-486.0,277.0,115.0,-47.0
-30.0,-78.0,-16.0,3.0,-50.0,172.0,-177.0,258.0,63.0,-26.0
-81.0,92.0,14.0,-13.0,-138.0,265.0,134.0,194.0,15.0,11.0
-106.0,220.0,52.0,-18.0,-121.0,299.0,392.0,-42.0,-38.0,34.0
-119.0,329.0,4.0,-50.0,53.0,324.0,594.0,-27.0,-79.0,59.0
-101.0,128.0,42.0,-61.0,-36.0,521.0,594.0,-90.0,-105.0,101.0
-94.0,226.0,0.0,-75.0,-26.0,386.0,486.0,-264.0,-120.0,153.0
-85.0,108.0,-15.0,-124.0,100.0,248.0,484.0,-367.0,-133.0,185.0
-77.0,-129.0,-16.0,-93.0,-17.0,229.0,406.0,-574.0,-127.0,194.0
-62.0,-99.0,-58.0,-42.0,-44.0,281.0,171.0,-532.0,-130.0,213.0
-32.0,17.0,-18.0,76.0,5.0,342.0,-48.0,-480.0,-149.0,239.0
-36.0,260.0,-28.0,123.0,-65.0,314.0,-134.0,-280.0,-172.0,251.0
3.0,175.0,-50.0,103.0,15.0,356.0,-138.0,-142.0,-196.0,260.0
40.0,243.0,-29.0,84.0,46.0,293.0,-176.0,-145.0,-200.0,288.0
60.0,386.0,-34.0,-16.0,-55.0,212.0,-263.0,-99.0,-182.0,300.0
62.0,141.0,-75.0,-30.0,-6.0,182.0,-299.0,-169.0,-171.0,324.0
64.0,227.0,-73.0,-12.0,-103.0,129.0,-217.0,18.0,-183.0,362.0
84.0,156.0,-84.0,15.0,-77.0,25.0,-104.0,33.0,-194.0,372.0
115.0,131.0,-152.0,75.0,38.0,119.0,-31.0,7.0,-193.0,379.0
150.0,-17.0,-138.0,48.0,-127.0,302.0,63.0,1.0,-167.0,382.0
160.0,-483.0,-161.0,-11.0,-72.0,311.0,216.0,-133.0,-123.0,383.0
188.0,-216.0,-196.0,-84.0,-37.0,319.0,321.0,-60.0,-101.0,369.0
162.0,-464.0,-223.0,-136.0,-138.0,320.0,294.0,-97.0,-96.0,317.0
152.0,-850.0,-304.0,-161.0,-93.0,305.0,225.0,-27.0,-108.0,271.0
161.0,-579.0,-293.0,-173.0,-111.0,242.0,199.0,-25.0,-121.0,218.0
164.0,-720.0,-311.0,-188.0,-92.0,146.0,158.0,24.0,-124.0,139.0
174.0,-720.0,-337.0,-187.0,-66.0,31.0,64.0,203.0,-100.0,60.0
177.0,-410.0,-325.0,-171.0,-61.0,-30.0,-82.0,94.0,-81.0,-9.0
195.0,-218.0,-330.0,-206.0,-30.0,125.0,-189.0,142.0,-77.0,-79.0
193.0,81.0,-314.0,-251.0,-18.0,291.0,-174.0,125.0,-55.0,-159.0
207.0,248.0,-300.0,-335.0,-7.0,338.0,-92.0,133.0,-47.0,-233.0
173.0,109.0,-259.0,-359.0,-19.0,401.0,-89.0,160.0,-40.0,-298.0
153.0,-142.0,-245.0,-288.0,4.0,248.0,-165.0,-31.0,-11.0,-372.0
130.0,-102.0,-224.0,-237.0,-12.0,24.0,-186.0,-133.0,34.0,-441.0
91.0,66.0,-196.0,-177.0,-41.0,30.0,-140.0,-380.0,63.0,-479.0
88.0,-135.0,-145.0,-171.0,-38.0,94.0,-19.0,-533.0,63.0,-517.0
79.0,-186.0,-99.0,-177.0,44.0,179.0,151.0,-615.0,75.0,-553.0
92.0,-7.0,-81.0,-155.0,63.0,254.0,384.0,-545.0,82.0,-541.0
93.0,394.0,-36.0,-186.0,-96.0,593.0,657.0,-295.0,82.0,-510.0
98.0,539.0,-49.0,-165.0,-29.0,803.0,897.0,-181.0,81.0,-486.0
63.0,264.0,-38.0,-65.0,-8.0,484.0,1039.0,151.0,95.0,-480.0
32.0,404.0,6.0,-13.0,-74.0,300.0,1059.0,334.0,139.0,-449.0
20.0,282.0,10.0,-1.0,138.0,229.0,1041.0,393.0,178.0,-381.0
0.0,52.0,33.0,27.0,107.0,198.0,930.0,280.0,187.0,-344.0
-20.0,-17.0,19.0,19.0,-16.0,283.0,699.0,-29.0,178.0,-314.0
-57.0,-224.0,7.0,-35.0,108.0,384.0,350.0,-112.0,181.0,-263.0
-67.0,-131.0,80.0,-24.0,84.0,516.0,-35.0,-203.0,182.0,-210.0
-79.0,-81.0,30.0,-4.0,62.0,431.0,-319.0,-160.0,168.0,-165.0
-92.0,-263.0,24.0,-44.0,78.0,269.0,-477.0,-164.0,173.0,-131.0
-116.0,-392.0,84.0,-62.0,-37.0,54.0,-533.0,-158.0,195.0,-120.0
-119.0,-19.0,76.0,-52.0,41.0,-158.0,-549.0,-169.0,194.0,-138.0
-113.0,259.0,152.0,-57.0,64.0,-138.0,-473.0,-282.0,147.0,-161.0
-118.0,-39.0,160.0,-68.0,-115.0,-249.0,-331.0,-166.0,95.0,-171.0
-132.0,54.0,164.0,-30.0,-48.0,-376.0,-216.0,-291.0,72.0,-183.0
-157.0,264.0,155.0,-31.0,100.0,-306.0,-103.0,-323.0,47.0,-219.0
-137.0,250.0,163.0,-52.0,110.0,-75.0,50.0,-212.0,6.0,-236.0
-114.0,283.0,174.0,0.0,-13.0,54.0,182.0,-216.0,-28.0,-210.0
-97.0,185.0,146.0,27.0,-114.0,-12.0,210.0,-110.0,-50.0,-175.0
-88.0,-43.0,155.0,67.0,20.0,4.0,130.0,-42.0,-83.0,-150.0
-97.0,-152.0,116.0,128.0,74.0,-95.0,2.0,55.0,-127.0,-103.0
-104.0,-372.0,152.0,162.0,-16.0,-142.0,-25.0,-182.0,-153.0,-25.0
-114.0,-642.0,110.0,199.0,-1.0,-255.0,53.0,-430.0,-161.0,44.0
-111.0,-434.0,80.0,222.0,103.0,-352.0,151.0,-497.0,-172.0,113.0
-104.0,-260.0,90.0,272.0,127.0,-184.0,158.0,-526.0,-200.0,191.0
-109.0,-116.0,27.0,321.0,17.0,0.0,105.0,-236.0,-222.0,275.0
-101.0,-34.0,58.0,304.0,-79.0,110.0,157.0,-229.0,-256.0,329.0
-78.0,91.0,35.0,263.0,-12.0,-18.0,288.0,-277.0,-293.0,389.0
-32.0,335.0,12.0,195.0,86.0,-32.0,375.0,-347.0,-297.0,441.0
-21.0,117.0,1.0,177.0,17.0,-78.0,347.0,-526.0,-310.0,440.0
-42.0,177.0,-39.0,156.0,6.0,-65.0,337.0,-485.0,-310.0,432.0
-46.0,404.0,-28.0,42.0,-15.0,212.0,369.0,-413.0,-291.0,415.0
-61.0,314.0,-37.0,-53.0,25.0,304.0,340.0,-201.0,-277.0,389.0
-65.0,261.0,-47.0,-115.0,118.0,225.0,288.0,-315.0,-257.0,319.0
-84.0,383.0,-55.0,-88.0,-180.0,158.0,301.0,-402.0,-251.0,233.0
-62.0,426.0,-46.0,-55.0,-199.0,137.0,394.0,-441.0,-235.0,156.0
-42.0,133.0,-52.0,-48.0,26.0,-1.0,410.0,-578.0,-188.0,77.0
-31.0,11.0,-41.0,-51.0,-84.0,-131.0,296.0,-339.0,-116.0,8.0
-31.0,112.0,-12.0,-142.0,-78.0,-215.0,101.0,-330.0,-54.0,-63.0
-72.0,106.0,-48.0,-148.0,-67.0,-196.0,-55.0,-195.0,-34.0,-110.0
-60.0,131.0,1.0,-117.0,-84.0,-163.0,-173.0,-90.0,-15.0,-155.0
-78.0,109.0,5.0,-149.0,12.0,-236.0,-314.0,-90.0,29.0,-192.0
-53.0,101.0,-15.0,-172.0,-78.0,-239.0,-483.0,92.0,87.0,-217.0
0.0,263.0,49.0,-190.0,-126.0,-160.0,-593.0,62.0,140.0,-250.0
34.0,47.0,0.0,-188.0,25.0,-152.0,-507.0,142.0,164.0,-283.0
73.0,-147.0,26.0,-132.0,67.0,-312.0,-335.0,72.0,190.0,-318.0
93.0,-32.0,62.0,-80.0,14.0,-335.0,-121.0,92.0,220.0,-346.0
106.0,-49.0,17.0,-84.0,20.0,-388.0,153.0,145.0,215.0,-371.0
84.0,56.0,63.0,-100.0,113.0,-475.0,452.0,-73.0,196.0,-392.0
65.0,-141.0,47.0,-153.0,206.0,-393.0,709.0,-127.0,191.0,-422.0
60.0,-292.0,-7.0,-217.0,132.0,-252.0,858.0,-144.0,195.0,-433.0
91.0,-71.0,58.0,-240.0,33.0,-155.0,905.0,57.0,200.0,-431.0
97.0,-4.0,109.0,-240.0,85.0,-263.0,921.0,120.0,195.0,-435.0
80.0,-66.0,116.0,-182.0,177.0,-259.0,996.0,79.0,161.0,-423.0
68.0,-249.0,159.0,-117.0,157.0,-113.0,1028.0,155.0,133.0,-396.0
38.0,-46.0,167.0,-117.0,53.0,-227.0,911.0,-114.0,133.0,-347.0
0.0,43.0,217.0,-75.0,75.0,-465.0,656.0,-327.0,123.0,-290.0
-59.0,-183.0,208.0,-21.0,108.0,-423.0,378.0,-465.0,92.0,-222.0
-100.0,-270.0,170.0,-40.0,-12.0,-73.0,162.0,-384.0,77.0,-140.0
-147.0,-300.0,160.0,-42.0,-81.0,56.0,-5.0,-166.0,78.0,-59.0
-187.0,24.0,140.0,-31.0,-40.0,-58.0,-82.0,-171.0,76.0,10.0
-221.0,-188.0,163.0,27.0,-6.0,94.0,-77.0,-149.0,80.0,68.0
-231.0,-451.0,133.0,121.0,34.0,4.0,-46.0,-221.0,86.0,117.0
-252.0,-18.0,121.0,173.0,21.0,-348.0,-56.0,-11.0,96.0,145.0
-284.0,129.0,116.0,248.0,-15.0,-288.0,-129.0,221.0,82.0,166.0
-288.0,33.0,103.0,308.0,121.0,-112.0,-155.0,290.0,48.0,205.0
-302.0,-169.0,86.0,267.0,65.0,-159.0,-71.0,371.0,41.0,220.0
-301.0,23.0,80.0,182.0,-130.0,-356.0,74.0,184.0,51.0,216.0
-303.0,127.0,26.0,148.0,-25.0,-215.0,218.0,144.0,59.0,236.0
-284.0,-48.0,-19.0,99.0,22.0,-22.0,339.0,29.0,74.0,252.0
-256.0,252.0,33.0,79.0,5.0,-235.0,501.0,-112.0,70.0,259.0
-223.0,178.0,-23.0,190.0,-13.0,-505.0,728.0,-112.0,43.0,246.0
-225.0,-12.0,-13.0,256.0,-114.0,-701.0,958.0,-114.0,6.0,239.0
-247.0,15.0,-25.0,274.0,-6.0,-619.0,1055.0,-25.0,-32.0,245.0
-220.0,132.0,-85.0,282.0,-2.0,-648.0,1016.0,-31.0,-42.0,234.0
-186.0,215.0,-44.0,235.0,-176.0,-804.0,955.0,84.0,-43.0,226.0
-137.0,108.0,-91.0,193.0,-112.0,-587.0,876.0,-35.0,-31.0,202.0
-70.0,252.0,-80.0,114.0,78.0,-223.0,768.0,-218.0,-23.0,170.0
-6.0,175.0,-65.0,115.0,35.0,-107.0,609.0,-77.0,-56.0,154.0
24.0,251.0,-121.0,136.0,-26.0,-485.0,450.0,20.0,-109.0,144.0
49.0,303.0,-75.0,64.0,67.0,-583.0,378.0,155.0,-141.0,111.0
60.0,-175.0,-113.0,86.0,-2.0,-314.0,356.0,96.0,-142.0,71.0
81.0,-268.0,-125.0,96.0,53.0,-327.0,303.0,57.0,-152.0,28.0
93.0,-169.0,-100.0,83.0,13.0,-403.0,219.0,66.0,-172.0,-19.0
83.0,-113.0,-184.0,57.0,-104.0,-358.0,164.0,36.0,-211.0,-60.0
117.0,-70.0,-130.0,-26.0,86.0,-91.0,146.0,110.0,-239.0,-146.0
151.0,-18.0,-174.0,-79.0,68.0,118.0,115.0,96.0,-250.0,-209.0
184.0,265.0,-219.0,-155.0,117.0,111.0,11.0,169.0,-277.0,-228.0
195.0,303.0,-203.0,-208.0,112.0,-56.0,-57.0,70.0,-287.0,-254.0
206.0,25.0,-262.0,-166.0,-103.0,-375.0,-37.0,-46.0,-266.0,-268.0
220.0,11.0,-215.0,-101.0,33.0,-550.0,46.0,-169.0,-231.0,-276.0
236.0,198.0,-243.0,-127.0,3.0,-444.0,195.0,-317.0,-221.0,-266.0
243.0,131.0,-225.0,-152.0,-176.0,-238.0,369.0,-134.0,-242.0,-270.0
239.0,-92.0,-215.0,-152.0,38.0,-238.0,564.0,57.0,-228.0,-276.0
248.0,-73.0,-186.0,-87.0,120.0,-252.0,762.0,295.0,-181.0,-253.0
241.0,148.0,-145.0,-40.0,-10.0,-295.0,889.0,421.0,-157.0,-268.0
239.0,27.0,-180.0,-86.0,43.0,-323.0,867.0,563.0,-119.0,-274.0
237.0,-124.0,-124.0,-86.0,14.0,-225.0,818.0,659.0,-59.0,-228.0
245.0,-93.0,-115.0,-151.0,54.0,-294.0,793.0,478.0,0.0,-199.0
224.0,-287.0,-92.0,-159.0,114.0,-392.0,760.0,460.0,31.0,-164.0
225.0,-238.0,-97.0,-44.0,-107.0,-434.0,687.0,343.0,33.0,-111.0
214.0,-248.0,-88.0,-43.0,-14.0,-291.0,571.0,245.0,44.0,-53.0
176.0,-355.0,-52.0,-96.0,108.0,-173.0,500.0,225.0,73.0,11.0
162.0,-153.0,-56.0,-69.0,31.0,-296.0,478.0,134.0,91.0,59.0
128.0,-49.0,-75.0,-100.0,129.0,-364.0,489.0,133.0,85.0,115.0
142.0,-124.0,-100.0,-136.0,48.0,-364.0,440.0,24.0,69.0,172.0
148.0,-255.0,-79.0,-98.0,-21.0,-321.0,370.0,-9.0,61.0,218.0
170.0,-105.0,-69.0,-120.0,-30.0,-282.0,303.0,-92.0,63.0,295.0
170.0,-69.0,-50.0,-127.0,-170.0,-368.0,182.0,-125.0,51.0,342.0
140.0,-212.0,-66.0,-112.0,-71.0,-417.0,36.0,12.0,44.0,352.0
123.0,-150.0,-55.0,-115.0,-2.0,-88.0,-73.0,53.0,42.0,367.0
85.0,-174.0,-60.0,-100.0,-94.0,124.0,-67.0,234.0,58.0,362.0
80.0,-168.0,-76.0,-44.0,30.0,16.0,-48.0,315.0,62.0,325.0
50.0,-99.0,-41.0,22.0,-56.0,24.0,-85.0,308.0,10.0,253.0
48.0,-278.0,-58.0,68.0,-184.0,-95.0,-185.0,269.0,-39.0,173.0
20.0,-340.0,-58.0,128.0,-30.0,-292.0,-183.0,96.0,-64.0,113.0
-7.0,-45.0,-32.0,114.0,-143.0,-354.0,-14.0,-81.0,-55.0,53.0
-17.0,-137.0,-22.0,76.0,-151.0,-290.0,198.0,-351.0,-53.0,-26.0
-57.0,-286.0,-16.0,51.0,50.0,-217.0,412.0,-412.0,-83.0,-96.0
-65.0,-112.0,-1.0,21.0,-24.0,-218.0,609.0,-500.0,-113.0,-129.0
-99.0,9.0,-31.0,51.0,-50.0,-179.0,802.0,-498.0,-139.0,-160.0
-112.0,86.0,22.0,69.0,61.0,-206.0,911.0,-212.0,-146.0,-195.0
-129.0,186.0,83.0,87.0,-7.0,-355.0,886.0,-60.0,-162.0,-202.0
-132.0,417.0,7.0,89.0,-48.0,-281.0,738.0,120.0,-160.0,-187.0
-142.0,313.0,8.0,63.0,7.0,-62.0,543.0,175.0,-143.0,-164.0
-160.0,294.0,30.0,87.0,-8.0,-131.0,364.0,341.0,-133.0,-117.0
-160.0,591.0,-13.0,84.0,-4.0,-126.0,143.0,419.0,-141.0,-63.0
-150.0,585.0,-17.0,93.0,83.0,-67.0,-178.0,96.0,-190.0,-41.0
-122.0,574.0,17.0,187.0,129.0,-72.0,-444.0,-29.0,-219.0,-15.0
-121.0,521.0,-6.0,198.0,26.0,24.0,-481.0,49.0,-237.0,22.0
-90.0,404.0,23.0,153.0,5.0,-25.0,-386.0,221.0,-228.0,48.0
-98.0,310.0,92.0,193.0,20.0,-214.0,-253.0,160.0,-208.0,62.0
-85.0,220.0,77.0,215.0,-53.0,-304.0,-185.0,103.0,-208.0,48.0
-102.0,149.0,58.0,206.0,-51.0,-112.0,-143.0,103.0,-173.0,57.0
-123.0,-37.0,88.0,192.0,-61.0,-53.0,-93.0,129.0,-141.0,83.0
-106.0,-33.0,101.0,119.0,-51.0,-119.0,-57.0,358.0,-131.0,101.0
-113.0,-25.0,54.0,73.0,67.0,4.0,-35.0,121.0,-122.0,127.0
-77.0,-233.0,117.0,50.0,-3.0,78.0,-30.0,-42.0,-100.0,145.0
-69.0,-289.0,95.0,-47.0,-98.0,-22.0,43.0,-84.0,-59.0,183.0
-37.0,-104.0,73.0,-100.0,118.0,-291.0,183.0,-131.0,-35.0,228.0
-29.0,-6.0,143.0,-115.0,133.0,-329.0,312.0,123.0,6.0,228.0
-26.0,-191.0,88.0,-125.0,-20.0,-268.0,327.0,57.0,45.0,230.0
-28.0,-216.0,100.0,-92.0,86.0,-235.0,339.0,131.0,55.0,235.0
-7.0,-215.0,76.0,-66.0,87.0,-55.0,406.0,430.0,56.0,213.0
43.0,-244.0,16.0,-48.0,35.0,-143.0,441.0,415.0,28.0,210.0
58.0,-180.0,-10.0,-25.0,133.0,-146.0,379.0,253.0,0.0,208.0
107.0,-306.0,4.0,10.0,31.0,49.0,233.0,134.0,16.0,160.0
138.0,-313.0,-17.0,5.0,-64.0,52.0,94.0,33.0,68.0,120.0
195.0,-208.0,-56.0,29.0,-55.0,-96.0,-25.0,-44.0,100.0,110.0
227.0,-234.0,-21.0,137.0,-132.0,-324.0,-101.0,72.0,106.0,80.0
241.0,-313.0,-101.0,173.0,-92.0,-439.0,-189.0,138.0,88.0,47.0
267.0,-166.0,-80.0,135.0,-72.0,-527.0,-236.0,310.0,57.0,26.0
294.0,-136.0,-46.0,136.0,-45.0,-399.0,-265.0,432.0,51.0,35.0
304.0,-219.0,-94.0,121.0,116.0,-225.0,-296.0,151.0,60.0,60.0
302.0,-61.0,-69.0,109.0,125.0,-215.0,-285.0,-162.0,76.0,50.0
294.0,66.0,-48.0,130.0,-29.0,-206.0,-260.0,-454.0,89.0,58.0
254.0,340.0,-58.0,115.0,-30.0,-367.0,-174.0,-286.0,89.0,93.0
240.0,463.0,-37.0,145.0,114.0,-504.0,-116.0,-118.0,68.0,100.0
211.0,440.0,12.0,130.0,9.0,-577.0,-179.0,-378.0,57.0,99.0
180.0,450.0,-26.0,93.0,-58.0,-523.0,-348.0,-363.0,70.0,129.0
159.0,525.0,-26.0,55.0,63.0,-453.0,-464.0,-382.0,80.0,167.0
169.0,512.0,-10.0,-41.0,48.0,-476.0,-489.0,-238.0,77.0,193.0
129.0,256.0,-51.0,-98.0,114.0,-396.0,-487.0,46.0,74.0,231.0
91.0,138.0,-26.0,-141.0,83.0,-362.0,-529.0,323.0,86.0,286.0
62.0,-132.0,3.0,-138.0,-63.0,-489.0,-598.0,626.0,95.0,296.0
0.0,-214.0,2.0,-119.0,85.0,-598.0,-533.0,620.0,106.0,266.0
-22.0,-374.0,0.0,-58.0,62.0,-510.0,-395.0,539.0,103.0,292.0
-79.0,-603.0,-35.0,17.0,-212.0,-367.0,-243.0,-44.0,99.0,309.0
-86.0,-471.0,-16.0,38.0,13.0,-156.0,-137.0,-304.0,112.0,277.0
-91.0,-443.0,-2.0,58.0,126.0,-46.0,-70.0,81.0,106.0,254.0
-107.0,-259.0,-81.0,59.0,-108.0,-47.0,-8.0,44.0,93.0,253.0
-122.0,-184.0,-40.0,63.0,98.0,-35.0,1.0,35.0,72.0,256.0
-154.0,-93.0,21.0,86.0,66.0,-63.0,-49.0,133.0,66.0,230.0
-183.0,-192.0,-65.0,103.0,-81.0,-229.0,-96.0,142.0,68.0,207.0
-189.0,-374.0,-59.0,102.0,95.0,-530.0,-39.0,42.0,79.0,217.0
-172.0,-258.0,7.0,65.0,2.0,-422.0,82.0,60.0,106.0,218.0
-169.0,-411.0,-26.0,10.0,-99.0,-323.0,132.0,145.0,108.0,192.0
-132.0,-340.0,5.0,44.0,26.0,-546.0,57.0,11.0,92.0,188.0
-112.0,-213.0,29.0,63.0,96.0,-568.0,-5.0,-25.0,57.0,196.0
-86.0,-111.0,17.0,47.0,47.0,-410.0,-31.0,-38.0,26.0,193.0
-82.0,65.0,55.0,-33.0,26.0,-375.0,-92.0,3.0,13.0,175.0
-72.0,131.0,74.0,-101.0,-30.0,-590.0,-311.0,-75.0,6.0,175.0
-50.0,189.0,138.0,2.0,-42.0,-578.0,-567.0,-195.0,0.0,183.0
-15.0,106.0,157.0,35.0,49.0,-527.0,-630.0,-140.0,-32.0,130.0
19.0,265.0,172.0,23.0,-40.0,-815.0,-560.0,46.0,-67.0,85.0
35.0,438.0,236.0,28.0,-77.0,-880.0,-400.0,417.0,-102.0,70.0
48.0,455.0,257.0,27.0,42.0,-769.0,-240.0,461.0,-121.0,35.0
20.0,643.0,226.0,37.0,-30.0,-707.0,-45.0,336.0,-118.0,-18.0
37.0,773.0,238.0,25.0,-101.0,-582.0,182.0,188.0,-127.0,-44.0
26.0,604.0,251.0,42.0,15.0,-379.0,313.0,7.0,-117.0,-54.0
22.0,450.0,206.0,68.0,32.0,-285.0,276.0,1.0,-85.0,-91.0
9.0,381.0,239.0,80.0,-32.0,-507.0,154.0,-136.0,-65.0,-119.0
2.0,233.0,229.0,83.0,-46.0,-621.0,43.0,-103.0,-61.0,-153.0
7.0,146.0,224.0,121.0,-33.0,-733.0,-67.0,49.0,-77.0,-198.0
-24.0,81.0,233.0,149.0,21.0,-773.0,-221.0,-7.0,-99.0,-238.0
-38.0,133.0,206.0,166.0,-71.0,-455.0,-485.0,-203.0,-87.0,-265.0
-71.0,64.0,185.0,187.0,-85.0,-395.0,-684.0,-458.0,-62.0,-265.0
-92.0,52.0,141.0,130.0,27.0,-404.0,-753.0,-351.0,-57.0,-278.0
-139.0,62.0,141.0,38.0,0.0,-292.0,-780.0,1.0,-26.0,-284.0
-162.0,-136.0,136.0,7.0,13.0,-256.0,-805.0,362.0,4.0,-239.0
-197.0,-101.0,150.0,-10.0,-27.0,-351.0,-715.0,600.0,6.0,-202.0
-216.0,-239.0,118.0,-21.0,67.0,-516.0,-465.0,583.0,-1.0,-184.0
-222.0,-409.0,84.0,-19.0,80.0,-210.0,-189.0,369.0,0.0,-160.0
-231.0,-380.0,121.0,-115.0,-78.0,-73.0,37.0,55.0,16.0,-127.0
-204.0,-212.0,81.0,-259.0,-36.0,-185.0,137.0,-20.0,40.0,-78.0
-190.0,-59.0,53.0,-291.0,-19.0,-20.0,248.0,-51.0,64.0,-52.0
-183.0,-249.0,60.0,-285.0,82.0,-60.0,380.0,3.0,61.0,-13.0
-193.0,-165.0,7.0,-294.0,147.0,-150.0,459.0,114.0,71.0,35.0
-164.0,-74.0,-10.0,-266.0,38.0,-283.0,472.0,129.0,91.0,56.0
-181.0,-106.0,-19.0,-233.0,3.0,-203.0,462.0,256.0,110.0,74.0
-181.0,78.0,-61.0,-169.0,166.0,-160.0,469.0,62.0,141.0,96.0
-163.0,87.0,-55.0,-124.0,63.0,-359.0,418.0,-144.0,186.0,143.0
-135.0,47.0,-42.0,-62.0,-101.0,-262.0,322.0,-262.0,237.0,183.0
-84.0,54.0,-47.0,-44.0,58.0,-308.0,105.0,-286.0,267.0,199.0
-75.0,196.0,-29.0,-72.0,18.0,-286.0,-114.0,84.0,279.0,246.0
-46.0,342.0,-21.0,-64.0,49.0,-292.0,-274.0,243.0,272.0,287.0
-22.0,343.0,-58.0,-121.0,18.0,-317.0,-422.0,214.0,265.0,306.0
5.0,389.0,-39.0,-139.0,-27.0,-67.0,-621.0,62.0,258.0,342.0
-4.0,282.0,-7.0,-89.0,95.0,39.0,-832.0,-49.0,274.0,371.0
10.0,255.0,-27.0,-24.0,14.0,-99.0,-852.0,48.0,295.0,385.0
16.0,330.0,5.0,33.0,-12.0,-224.0,-813.0,169.0,302.0,367.0
11.0,461.0,40.0,121.0,-38.0,18.0,-805.0,402.0,293.0,355.0
43.0,601.0,28.0,175.0,14.0,116.0,-793.0,413.0,244.0,361.0
70.0,427.0,47.0,190.0,116.0,-3.0,-655.0,354.0,218.0,344.0
114.0,322.0,59.0,204.0,129.0,-64.0,-376.0,182.0,215.0,345.0
114.0,288.0,36.0,157.0,191.0,2.0,-122.0,-14.0,232.0,360.0
117.0,-15.0,39.0,134.0,146.0,61.0,42.0,73.0,270.0,374.0
124.0,-125.0,27.0,143.0,66.0,-57.0,140.0,96.0,302.0,389.0
130.0,-17.0,6.0,169.0,66.0,129.0,268.0,290.0,318.0,395.0
147.0,-339.0,8.0,170.0,-20.0,218.0,380.0,325.0,316.0,411.0
183.0,-666.0,-5.0,159.0,-92.0,150.0,362.0,155.0,318.0,419.0
193.0,-583.0,-6.0,137.0,67.0,342.0,253.0,-42.0,319.0,407.0
198.0,-526.0,-23.0,123.0,73.0,306.0,128.0,-428.0,326.0,411.0
213.0,-515.0,-60.0,115.0,-97.0,214.0,-47.0,-415.0,322.0,418.0
202.0,-428.0,-4.0,117.0,17.0,275.0,-274.0,-205.0,312.0,402.0
215.0,-416.0,11.0,123.0,11.0,158.0,-534.0,70.0,297.0,388.0
200.0,-439.0,-5.0,90.0,-165.0,8.0,-777.0,345.0,245.0,393.0
209.0,-216.0,1.0,104.0,-35.0,-10.0,-892.0,473.0,189.0,381.0
233.0,-53.0,0.0,63.0,-84.0,169.0,-900.0,454.0,146.0,340.0
237.0,-81.0,58.0,31.0,-105.0,260.0,-902.0,273.0,113.0,294.0
233.0,122.0,12.0,41.0,9.0,132.0,-941.0,284.0,73.0,225.0
220.0,132.0,50.0,52.0,-122.0,100.0,-889.0,197.0,35.0,129.0
218.0,26.0,50.0,140.0,40.0,-81.0,-702.0,240.0,-8.0,28.0
196.0,169.0,-24.0,168.0,88.0,-312.0,-487.0,356.0,-60.0,-61.0
178.0,329.0,88.0,159.0,-80.0,-259.0,-370.0,236.0,-120.0,-144.0
158.0,344.0,69.0,114.0,70.0,-71.0,-303.0,238.0,-160.0,-223.0
151.0,137.0,2.0,65.0,37.0,51.0,-143.0,127.0,-161.0,-282.0
155.0,218.0,8.0,79.0,-77.0,87.0,75.0,-12.0,-168.0,-313.0
124.0,347.0,-11.0,51.0,51.0,173.0,292.0,-230.0,-169.0,-329.0
107.0,327.0,-24.0,24.0,-29.0,121.0,426.0,-328.0,-184.0,-339.0
87.0,298.0,-46.0,49.0,-84.0,5.0,481.0,-129.0,-192.0,-312.0
50.0,224.0,-60.0,68.0,75.0,158.0,462.0,-1.0,-156.0,-269.0
48.0,198.0,-45.0,24.0,55.0,120.0,325.0,-1.0,-103.0,-222.0
25.0,49.0,-105.0,-20.0,24.0,-71.0,63.0,-280.0,-26.0,-166.0
-11.0,50.0,-112.0,-66.0,42.0,-75.0,-246.0,-321.0,28.0,-115.0
-36.0,104.0,-56.0,-151.0,7.0,31.0,-507.0,-75.0,62.0,-42.0
-55.0,224.0,-56.0,-183.0,-34.0,355.0,-747.0,166.0,116.0,23.0
-57.0,268.0,-56.0,-208.0,-54.0,444.0,-1001.0,471.0,153.0,82.0
-82.0,250.0,-73.0,-199.0,-77.0,491.0,-1198.0,591.0,189.0,152.0
-98.0,298.0,-7.0,-168.0,-38.0,460.0,-1215.0,626.0,232.0,224.0
-99.0,249.0,-46.0,-211.0,9.0,184.0,-1106.0,395.0,271.0,290.0
-86.0,346.0,-64.0,-136.0,6.0,158.0,-938.0,125.0,311.0,338.0
-72.0,199.0,-25.0,-91.0,49.0,93.0,-747.0,22.0,302.0,377.0
-67.0,141.0,-25.0,-110.0,36.0,154.0,-531.0,27.0,269.0,393.0
-36.0,226.0,42.0,-76.0,36.0,298.0,-277.0,280.0,234.0,391.0
-24.0,230.0,0.0,-96.0,-68.0,306.0,-67.0,243.0,182.0,373.0
-19.0,304.0,-26.0,-81.0,-137.0,87.0,74.0,133.0,140.0,338.0
-18.0,191.0,42.0,-2.0,-35.0,-67.0,148.0,-35.0,92.0,305.0
0.0,100.0,76.0,119.0,-100.0,82.0,223.0,-125.0,63.0,270.0
45.0,-186.0,36.0,166.0,-46.0,176.0,282.0,144.0,50.0,232.0
60.0,-334.0,76.0,178.0,56.0,384.0,255.0,223.0,22.0,180.0
78.0,-248.0,172.0,223.0,0.0,343.0,110.0,430.0,-18.0,125.0
79.0,-319.0,169.0,243.0,151.0,226.0,-15.0,400.0,-60.0,93.0
63.0,-411.0,161.0,235.0,116.0,317.0,-16.0,112.0,-86.0,57.0
19.0,-382.0,235.0,244.0,-107.0,437.0,-26.0,-3.0,-103.0,21.0
-22.0,-153.0,274.0,197.0,25.0,415.0,-106.0,-109.0,-98.0,-10.0
-41.0,-230.0,212.0,42.0,62.0,314.0,-247.0,164.0,-87.0,-36.0
-57.0,-214.0,234.0,-35.0,-21.0,446.0,-368.0,395.0,-74.0,-39.0
-36.0,-153.0,203.0,-87.0,23.0,300.0,-445.0,376.0,-38.0,-44.0
-15.0,-362.0,156.0,-63.0,95.0,291.0,-498.0,118.0,-21.0,-51.0
4.0,-399.0,212.0,-24.0,199.0,461.0,-587.0,-328.0,-29.0,-55.0
-12.0,-426.0,182.0,-55.0,152.0,561.0,-673.0,-526.0,-20.0,-56.0
-39.0,-369.0,106.0,-87.0,40.0,621.0,-670.0,-628.0,3.0,-57.0
-67.0,-185.0,131.0,-146.0,6.0,342.0,-598.0,-441.0,36.0,-49.0
-103.0,25.0,104.0,-129.0,56.0,461.0,-515.0,-90.0,89.0,-37.0
-109.0,29.0,10.0,-75.0,24.0,427.0,-493.0,155.0,155.0,-29.0
-99.0,36.0,57.0,-42.0,48.0,312.0,-434.0,345.0,205.0,7.0
-71.0,267.0,47.0,27.0,169.0,521.0,-328.0,397.0,229.0,45.0
-50.0,298.0,13.0,72.0,85.0,371.0,-221.0,430.0,267.0,92.0
-12.0,309.0,58.0,27.0,120.0,386.0,-191.0,376.0,326.0,152.0
-9.0,285.0,40.0,16.0,137.0,359.0,-239.0,471.0,369.0,205.0
-3.0,113.0,41.0,13.0,15.0,352.0,-206.0,609.0,390.0,249.0
0.0,141.0,113.0,-3.0,38.0,372.0,-129.0,615.0,393.0,298.0
0.0,178.0,55.0,-53.0,53.0,239.0,-91.0,526.0,384.0,350.0
39.0,112.0,16.0,-83.0,-29.0,233.0,-77.0,140.0,369.0,357.0
47.0,138.0,70.0,-10.0,-107.0,4.0,21.0,-181.0,355.0,369.0
67.0,106.0,-9.0,17.0,13.0,138.0,216.0,-345.0,355.0,388.0
98.0,50.0,-33.0,140.0,118.0,331.0,366.0,-225.0,359.0,377.0
111.0,-21.0,4.0,216.0,65.0,172.0,384.0,-46.0,349.0,372.0
106.0,-12.0,-46.0,168.0,-35.0,294.0,308.0,7.0,317.0,363.0
108.0,121.0,-70.0,172.0,-102.0,470.0,207.0,99.0,262.0,353.0
115.0,37.0,-39.0,155.0,-20.0,500.0,118.0,11.0,194.0,320.0
129.0,1.0,-106.0,152.0,-16.0,263.0,-10.0,162.0,152.0,298.0
146.0,55.0,-77.0,100.0,-76.0,275.0,-177.0,262.0,128.0,295.0
144.0,117.0,0.0,121.0,-7.0,443.0,-257.0,389.0,81.0,268.0
162.0,236.0,-60.0,166.0,55.0,384.0,-242.0,752.0,37.0,245.0
162.0,23.0,-60.0,147.0,39.0,509.0,-179.0,800.0,-29.0,236.0
143.0,-149.0,-40.0,141.0,37.0,382.0,-118.0,711.0,-121.0,240.0
114.0,-180.0,-46.0,96.0,9.0,339.0,-34.0,437.0,-181.0,214.0
70.0,-262.0,-63.0,44.0,-5.0,346.0,69.0,195.0,-191.0,178.0
37.0,-313.0,5.0,-59.0,29.0,363.0,104.0,-70.0,-187.0,153.0
-2.0,-279.0,-26.0,-138.0,-79.0,360.0,45.0,-236.0,-209.0,121.0
-43.0,30.0,-44.0,-224.0,-171.0,176.0,-77.0,-229.0,-224.0,71.0
-60.0,118.0,12.0,-211.0,-99.0,498.0,-145.0,-349.0,-241.0,18.0
-67.0,92.0,-73.0,-89.0,-9.0,426.0,-106.0,-264.0,-262.0,-19.0
-82.0,273.0,-44.0,-44.0,-27.0,248.0,20.0,-424.0,-266.0,-84.0
-86.0,379.0,23.0,3.0,-64.0,181.0,179.0,-580.0,-233.0,-140.0
-95.0,397.0,38.0,-16.0,-10.0,92.0,330.0,-354.0,-178.0,-204.0
-119.0,379.0,29.0,-44.0,23.0,211.0,488.0,-88.0,-136.0,-275.0
-146.0,371.0,79.0,-42.0,-3.0,-50.0,612.0,345.0,-101.0,-351.0
-181.0,262.0,71.0,0.0,-136.0,-66.0,637.0,548.0,-73.0,-424.0
-208.0,252.0,63.0,62.0,-79.0,-67.0,631.0,504.0,-23.0,-441.0
-212.0,321.0,138.0,64.0,53.0,-92.0,634.0,373.0,38.0,-469.0
-206.0,128.0,118.0,114.0,-66.0,-130.0,564.0,347.0,70.0,-472.0
-221.0,-25.0,92.0,162.0,-81.0,-290.0,434.0,384.0,113.0,-434.0
-219.0,-14.0,105.0,227.0,21.0,-109.0,244.0,134.0,167.0,-382.0
-223.0,-116.0,80.0,290.0,78.0,35.0,96.0,96.0,206.0,-313.0
-242.0,-256.0,55.0,273.0,-8.0,-31.0,70.0,-46.0,240.0,-241.0
-276.0,-213.0,80.0,306.0,-38.0,-138.0,101.0,-369.0,237.0,-164.0
-304.0,-178.0,105.0,339.0,-12.0,-136.0,138.0,-543.0,221.0,-111.0
-272.0,-144.0,84.0,262.0,-46.0,-181.0,143.0,-630.0,211.0,-73.0
-247.0,35.0,27.0,199.0,-29.0,-114.0,157.0,-375.0,186.0,-48.0
-206.0,120.0,83.0,128.0,-75.0,4.0,157.0,-133.0,163.0,-37.0
-175.0,187.0,-19.0,43.0,-52.0,100.0,127.0,83.0,144.0,-31.0
-149.0,127.0,9.0,84.0,40.0,175.0,86.0,182.0,131.0,-31.0
-126.0,-62.0,69.0,186.0,124.0,165.0,109.0,260.0,115.0,-25.0
-101.0,-155.0,-5.0,264.0,-18.0,206.0,205.0,504.0,97.0,-5.0
-44.0,-178.0,5.0,253.0,-82.0,183.0,307.0,559.0,64.0,11.0
16.0,-139.0,-68.0,124.0,50.0,328.0,323.0,685.0,20.0,33.0
93.0,-166.0,50.0,-38.0,44.0,482.0,224.0,613.0,0.0,78.0
153.0,55.0,-60.0,-131.0,109.0,431.0,174.0,400.0,-17.0,108.0
206.0,308.0,-13.0,-214.0,53.0,313.0,135.0,314.0,-67.0,123.0
212.0,312.0,96.0,-263.0,0.0,380.0,71.0,230.0,-122.0,169.0
210.0,464.0,-51.0,-152.0,145.0,349.0,-26.0,269.0,-155.0,222.0
223.0,581.0,32.0,-20.0,114.0,-8.0,-116.0,258.0,-167.0,269.0
240.0,506.0,12.0,14.0,-31.0,-56.0,-93.0,290.0,-165.0,316.0
264.0,380.0,7.0,-60.0,72.0,81.0,-33.0,192.0,-156.0,341.0
281.0,286.0,1.0,-202.0,101.0,175.0,-28.0,94.0,-167.0,370.0
303.0,113.0,2.0,-301.0,-33.0,116.0,-52.0,64.0,-187.0,380.0
311.0,40.0,43.0,-323.0,-12.0,10.0,-14.0,-127.0,-196.0,363.0
314.0,21.0,57.0,-245.0,-20.0,26.0,66.0,-112.0,-221.0,329.0
267.0,-173.0,19.0,-111.0,-35.0,-10.0,114.0,-73.0,-255.0,280.0
245.0,-104.0,-12.0,-2.0,18.0,93.0,10.0,92.0,-285.0,246.0
222.0,-6.0,28.0,82.0,45.0,-26.0,-148.0,291.0,-285.0,221.0
204.0,-200.0,-22.0,135.0,-53.0,-296.0,-170.0,306.0,-266.0,199.0
184.0,-326.0,-11.0,135.0,-54.0,-243.0,-29.0,402.0,-262.0,176.0
152.0,-257.0,-40.0,90.0,3.0,-136.0,127.0,441.0,-238.0,158.0
160.0,-266.0,-67.0,89.0,-92.0,-114.0,208.0,506.0,-208.0,147.0
117.0,-319.0,-75.0,126.0,-71.0,-21.0,327.0,376.0,-184.0,146.0
78.0,-227.0,-118.0,141.0,-34.0,52.0,394.0,192.0,-151.0,135.0
31.0,-304.0,-65.0,103.0,-45.0,-58.0,387.0,68.0,-124.0,93.0
21.0,-324.0,-58.0,3.0,83.0,-142.0,322.0,-169.0,-79.0,44.0
12.0,-262.0,-40.0,-23.0,61.0,-179.0,218.0,-147.0,-27.0,-19.0
-8.0,-399.0,-68.0,-20.0,-46.0,-98.0,146.0,-112.0,14.0,-79.0
1.0,-380.0,-86.0,-15.0,115.0,29.0,43.0,36.0,43.0,-152.0
3.0,-122.0,-42.0,83.0,92.0,102.0,-103.0,205.0,34.0,-254.0
35.0,52.0,-92.0,147.0,-92.0,133.0,-237.0,203.0,8.0,-334.0
33.0,-20.0,-82.0,79.0,-30.0,31.0,-235.0,230.0,-3.0,-415.0
21.0,43.0,-86.0,-26.0,-4.0,-15.0,-119.0,155.0,-2.0,-488.0
14.0,325.0,-95.0,-75.0,17.0,-43.0,-6.0,188.0,9.0,-539.0
28.0,320.0,-61.0,-65.0,28.0,-106.0,34.0,48.0,21.0,-566.0
50.0,179.0,-66.0,-68.0,-88.0,-165.0,45.0,-51.0,24.0,-548.0
60.0,79.0,-59.0,-30.0,-32.0,-270.0,85.0,-31.0,-3.0,-516.0
81.0,-19.0,-30.0,24.0,-14.0,-292.0,108.0,-60.0,-34.0,-470.0
83.0,93.0,-6.0,-40.0,-87.0,-112.0,99.0,59.0,-36.0,-405.0
76.0,103.0,6.0,-130.0,-38.0,-33.0,75.0,-136.0,-34.0,-344.0
61.0,-32.0,38.0,-152.0,-78.0,-117.0,137.0,-221.0,-24.0,-282.0
76.0,-26.0,44.0,-74.0,22.0,-50.0,226.0,-175.0,-21.0,-220.0
102.0,-85.0,80.0,-8.0,65.0,154.0,241.0,-94.0,-30.0,-164.0
101.0,-284.0,86.0,-49.0,-135.0,26.0,184.0,188.0,-35.0,-130.0
87.0,-344.0,64.0,-61.0,-42.0,-307.0,92.0,201.0,-46.0,-93.0
72.0,-148.0,96.0,-6.0,99.0,-133.0,26.0,192.0,-42.0,-41.0
46.0,-33.0,85.0,13.0,-65.0,64.0,-88.0,66.0,-30.0,6.0
31.0,-54.0,62.0,-21.0,-67.0,-10.0,-271.0,-64.0,-37.0,43.0
9.0,-30.0,85.0,-71.0,81.0,-3.0,-321.0,-44.0,-40.0,83.0
-11.0,8.0,50.0,-63.0,-11.0,-3.0,-203.0,57.0,-56.0,129.0
3.0,98.0,35.0,27.0,13.0,-38.0,-167.0,352.0,-56.0,177.0
2.0,148.0,56.0,93.0,23.0,-116.0,-250.0,430.0,-35.0,218.0
4.0,-6.0,-22.0,137.0,-89.0,-56.0,-288.0,524.0,-31.0,224.0
-26.0,-46.0,-22.0,114.0,35.0,-29.0,-314.0,376.0,-25.0,240.0
-48.0,127.0,-29.0,31.0,56.0,-154.0,-324.0,0.0,-14.0,246.0
-47.0,151.0,-70.0,-14.0,-35.0,39.0,-232.0,-57.0,-4.0,218.0
-68.0,108.0,-34.0,20.0,14.0,198.0,-210.0,-171.0,-7.0,203.0
-83.0,88.0,-46.0,169.0,40.0,99.0,-269.0,-121.0,-6.0,173.0
-95.0,142.0,-48.0,282.0,-28.0,23.0,-250.0,-44.0,-10.0,130.0
-101.0,24.0,-55.0,330.0,-31.0,-22.0,-183.0,-81.0,-12.0,76.0
-111.0,-148.0,-79.0,281.0,70.0,34.0,-193.0,-140.0,-10.0,15.0
-67.0,-22.0,-65.0,86.0,97.0,60.0,-311.0,-229.0,-13.0,-35.0
-60.0,27.0,-89.0,-98.0,43.0,26.0,-406.0,-218.0,7.0,-69.0
-73.0,-1.0,-122.0,-157.0,93.0,-92.0,-377.0,-371.0,21.0,-81.0
-49.0,0.0,-144.0,-167.0,52.0,-169.0,-182.0,-236.0,40.0,-85.0
-38.0,93.0,-205.0,-186.0,-40.0,-181.0,-68.0,-112.0,66.0,-94.0
-6.0,164.0,-210.0,-131.0,77.0,-37.0,7.0,-171.0,66.0,-116.0
-4.0,177.0,-201.0,-79.0,-61.0,211.0,247.0,-40.0,77.0,-117.0
27.0,81.0,-195.0,-48.0,-151.0,145.0,455.0,-12.0,95.0,-121.0
62.0,-65.0,-141.0,24.0,106.0,-54.0,531.0,121.0,110.0,-142.0
79.0,-32.0,-119.0,39.0,-62.0,-191.0,519.0,190.0,115.0,-171.0
85.0,-80.0,-87.0,-14.0,-201.0,52.0,522.0,75.0,80.0,-202.0
66.0,-44.0,-32.0,8.0,5.0,131.0,531.0,-110.0,20.0,-217.0
68.0,61.0,-2.0,74.0,-78.0,-108.0,578.0,-133.0,-21.0,-243.0
73.0,145.0,-6.0,113.0,-107.0,84.0,565.0,-18.0,-31.0,-289.0
110.0,97.0,36.0,143.0,-88.0,128.0,475.0,-105.0,-31.0,-332.0
123.0,25.0,41.0,152.0,-256.0,-111.0,448.0,-162.0,-34.0,-368.0
133.0,-41.0,28.0,114.0,-23.0,-113.0,406.0,-299.0,-67.0,-396.0
157.0,-108.0,113.0,-74.0,101.0,273.0,317.0,-236.0,-129.0,-396.0
142.0,-5.0,91.0,-236.0,-81.0,571.0,64.0,-1.0,-192.0,-375.0
127.0,-181.0,86.0,-353.0,120.0,538.0,-234.0,138.0,-247.0,-359.0
119.0,-124.0,112.0,-359.0,50.0,644.0,-423.0,339.0,-276.0,-339.0
134.0,41.0,68.0,-262.0,-50.0,828.0,-543.0,341.0,-285.0,-289.0
144.0,-7.0,74.0,-201.0,99.0,834.0,-615.0,310.0,-282.0,-236.0
124.0,33.0,57.0,-121.0,-159.0,639.0,-716.0,123.0,-292.0,-200.0
110.0,15.0,32.0,-189.0,-86.0,587.0,-743.0,-48.0,-301.0,-167.0
130.0,138.0,2.0,-164.0,125.0,639.0,-670.0,-46.0,-285.0,-118.0
149.0,102.0,-11.0,-51.0,-6.0,706.0,-561.0,-254.0,-254.0,-62.0
116.0,69.0,-13.0,19.0,76.0,873.0,-478.0,-271.0,-220.0,-35.0
86.0,21.0,-15.0,79.0,65.0,694.0,-400.0,-234.0,-203.0,-11.0
70.0,-83.0,32.0,60.0,30.0,533.0,-249.0,-109.0,-168.0,-12.0
63.0,42.0,66.0,55.0,75.0,604.0,-127.0,103.0,-107.0,-39.0
26.0,35.0,61.0,-36.0,-142.0,635.0,-32.0,120.0,-30.0,-67.0
-28.0,115.0,70.0,-114.0,-62.0,680.0,62.0,260.0,53.0,-93.0
-34.0,153.0,88.0,-103.0,109.0,470.0,246.0,256.0,93.0,-105.0
-49.0,115.0,52.0,-53.0,1.0,439.0,694.0,275.0,104.0,-151.0
-81.0,0.0,55.0,-34.0,107.0,607.0,1065.0,177.0,115.0,-170.0
-112.0,-214.0,61.0,0.0,55.0,420.0,966.0,-31.0,133.0,-168.0
-93.0,-158.0,67.0,110.0,-7.0,427.0,662.0,62.0,147.0,-180.0
-90.0,-149.0,75.0,240.0,200.0,456.0,658.0,-18.0,146.0,-183.0
-134.0,-148.0,84.0,361.0,13.0,390.0,786.0,-120.0,138.0,-179.0
-164.0,-130.0,115.0,325.0,-48.0,399.0,483.0,-262.0,104.0,-156.0
-173.0,-73.0,74.0,282.0,162.0,241.0,41.0,-295.0,65.0,-168.0
-166.0,38.0,89.0,276.0,4.0,296.0,-50.0,-184.0,37.0,-177.0
-200.0,57.0,68.0,250.0,110.0,339.0,38.0,-136.0,14.0,-164.0
-206.0,-7.0,100.0,221.0,156.0,338.0,-67.0,29.0,0.0,-173.0
-188.0,-116.0,127.0,76.0,-90.0,465.0,-262.0,-1.0,-15.0,-178.0
-178.0,-58.0,112.0,-24.0,120.0,567.0,-168.0,16.0,-44.0,-186.0
-195.0,-133.0,105.0,-13.0,-40.0,440.0,-37.0,-20.0,-65.0,-188.0
-225.0,-233.0,52.0,-29.0,-170.0,102.0,-110.0,-77.0,-64.0,-176.0
-208.0,-107.0,120.0,-85.0,86.0,58.0,-193.0,-72.0,-50.0,-167.0
-186.0,129.0,100.0,-86.0,-176.0,106.0,-42.0,-197.0,-25.0,-143.0
-206.0,249.0,143.0,-24.0,-92.0,191.0,130.0,-110.0,-14.0,-119.0
-239.0,234.0,147.0,-6.0,108.0,172.0,-34.0,-157.0,-14.0,-130.0
-225.0,241.0,131.0,-55.0,-170.0,196.0,-211.0,-83.0,-21.0,-117.0
-238.0,114.0,227.0,-59.0,2.0,334.0,-169.0,59.0,-31.0,-84.0
-237.0,148.0,156.0,-65.0,180.0,186.0,-63.0,44.0,-7.0,-76.0
-211.0,131.0,193.0,-131.0,-73.0,196.0,31.0,179.0,20.0,-66.0
-152.0,58.0,216.0,-141.0,19.0,83.0,84.0,129.0,53.0,-44.0
-68.0,122.0,147.0,-78.0,54.0,-114.0,43.0,75.0,96.0,-14.0
-23.0,99.0,204.0,22.0,-62.0,18.0,70.0,-60.0,113.0,2.0
5.0,130.0,219.0,43.0,128.0,310.0,278.0,-127.0,132.0,21.0
13.0,76.0,174.0,58.0,18.0,549.0,481.0,-129.0,144.0,39.0
43.0,72.0,211.0,66.0,-110.0,513.0,469.0,-352.0,149.0,33.0
60.0,-37.0,199.0,-10.0,-27.0,533.0,267.0,-360.0,169.0,39.0
92.0,-243.0,151.0,-19.0,6.0,427.0,50.0,-443.0,181.0,49.0
123.0,-280.0,118.0,41.0,94.0,266.0,-96.0,-360.0,168.0,40.0
147.0,-297.0,131.0,85.0,-4.0,333.0,-55.0,-112.0,161.0,32.0
160.0,-220.0,116.0,79.0,-57.0,388.0,-14.0,-48.0,128.0,33.0
143.0,-262.0,49.0,34.0,-40.0,563.0,-130.0,103.0,77.0,21.0
150.0,-259.0,73.0,-90.0,-81.0,532.0,-191.0,144.0,47.0,-19.0
156.0,-159.0,17.0,-185.0,16.0,386.0,-35.0,70.0,0.0,-73.0
175.0,-135.0,-10.0,-175.0,-13.0,340.0,282.0,-79.0,-42.0,-112.0
157.0,-50.0,-80.0,-133.0,-75.0,418.0,434.0,-121.0,-80.0,-143.0
142.0,43.0,-135.0,-38.0,103.0,499.0,400.0,-271.0,-118.0,-164.0
119.0,68.0,-112.0,85.0,4.0,217.0,396.0,-354.0,-132.0,-175.0
91.0,-21.0,-174.0,97.0,-101.0,240.0,409.0,-173.0,-150.0,-158.0
60.0,98.0,-187.0,50.0,57.0,434.0,359.0,-264.0,-166.0,-130.0
16.0,238.0,-207.0,86.0,-60.0,436.0,289.0,-171.0,-186.0,-106.0
14.0,279.0,-239.0,93.0,-66.0,507.0,299.0,-262.0,-194.0,-64.0
-3.0,386.0,-263.0,66.0,-4.0,613.0,357.0,-530.0,-169.0,-52.0
-44.0,436.0,-182.0,20.0,-12.0,594.0,345.0,-393.0,-150.0,-46.0
-102.0,442.0,-200.0,-24.0,50.0,374.0,313.0,-216.0,-116.0,-29.0
-157.0,369.0,-221.0,-50.0,-70.0,234.0,400.0,24.0,-64.0,-26.0
-209.0,412.0,-113.0,-48.0,-49.0,250.0,507.0,49.0,-38.0,-35.0
-239.0,191.0,-104.0,39.0,67.0,229.0,449.0,62.0,-10.0,-64.0
-269.0,-53.0,-62.0,112.0,-119.0,110.0,196.0,96.0,22.0,-89.0
-269.0,-48.0,-70.0,158.0,-181.0,137.0,-23.0,70.0,86.0,-114.0
-285.0,-200.0,-44.0,193.0,5.0,140.0,-84.0,133.0,142.0,-136.0
-315.0,-274.0,43.0,188.0,-41.0,212.0,-119.0,46.0,170.0,-138.0
-314.0,-335.0,45.0,166.0,4.0,279.0,-246.0,160.0,178.0,-130.0
-323.0,-315.0,60.0,159.0,36.0,290.0,-455.0,129.0,132.0,-112.0
-299.0,-295.0,79.0,134.0,-20.0,419.0,-495.0,-44.0,106.0,-75.0
-314.0,-265.0,138.0,83.0,99.0,298.0,-395.0,-199.0,100.0,-41.0
-289.0,-230.0,182.0,72.0,36.0,117.0,-333.0,-421.0,93.0,-17.0
-271.0,-288.0,116.0,105.0,-11.0,52.0,-338.0,-351.0,95.0,-13.0
-243.0,-243.0,108.0,103.0,-71.0,248.0,-378.0,-365.0,100.0,-19.0
-221.0,-185.0,125.0,44.0,-16.0,344.0,-352.0,-277.0,104.0,-29.0
-236.0,-90.0,122.0,69.0,145.0,196.0,-244.0,-182.0,95.0,-77.0
-220.0,-30.0,169.0,125.0,10.0,208.0,-49.0,-83.0,74.0,-120.0
-252.0,113.0,162.0,114.0,13.0,299.0,86.0,145.0,44.0,-148.0
-211.0,134.0,121.0,-1.0,58.0,310.0,138.0,-27.0,26.0,-175.0
-172.0,69.0,134.0,-143.0,-50.0,148.0,215.0,-125.0,0.0,-184.0
-106.0,111.0,103.0,-177.0,-21.0,185.0,316.0,-153.0,-10.0,-197.0
-70.0,61.0,59.0,-175.0,2.0,273.0,444.0,-136.0,-27.0,-187.0
-68.0,62.0,67.0,-189.0,-30.0,252.0,537.0,-59.0,-69.0,-160.0
6.0,11.0,50.0,-228.0,5.0,334.0,585.0,-70.0,-109.0,-130.0
38.0,80.0,11.0,-196.0,-21.0,361.0,677.0,75.0,-157.0,-97.0
70.0,111.0,-12.0,-178.0,-119.0,159.0,812.0,-5.0,-201.0,-62.0
113.0,13.0,35.0,-224.0,-92.0,-67.0,895.0,-197.0,-222.0,-26.0
172.0,-56.0,62.0,-193.0,-32.0,-64.0,875.0,-271.0,-212.0,0.0
202.0,-210.0,17.0,-214.0,-66.0,-8.0,765.0,-145.0,-202.0,30.0
237.0,-159.0,32.0,-227.0,-106.0,51.0,619.0,5.0,-191.0,53.0
291.0,-125.0,40.0,-70.0,-144.0,60.0,358.0,-123.0,-182.0,53.0
328.0,-172.0,16.0,3.0,-43.0,204.0,0.0,-116.0,-174.0,58.0
308.0,-101.0,58.0,85.0,87.0,378.0,-327.0,-66.0,-135.0,83.0
273.0,39.0,73.0,240.0,6.0,232.0,-556.0,9.0,-105.0,92.0
289.0,92.0,51.0,120.0,-48.0,45.0,-685.0,-25.0,-83.0,97.0
309.0,34.0,87.0,-34.0,-31.0,67.0,-845.0,-164.0,-94.0,108.0
327.0,98.0,101.0,-40.0,48.0,268.0,-944.0,3.0,-118.0,125.0
339.0,5.0,92.0,-24.0,123.0,279.0,-892.0,44.0,-139.0,130.0
376.0,-60.0,95.0,-43.0,-11.0,176.0,-727.0,49.0,-163.0,105.0
355.0,-23.0,81.0,-39.0,-31.0,258.0,-589.0,55.0,-162.0,74.0
327.0,-98.0,55.0,0.0,85.0,316.0,-574.0,-24.0,-148.0,9.0
290.0,-44.0,93.0,-10.0,-11.0,4.0,-540.0,-86.0,-111.0,-40.0
257.0,-91.0,83.0,29.0,-35.0,-270.0,-473.0,-315.0,-85.0,-74.0
256.0,-283.0,20.0,154.0,43.0,-43.0,-395.0,-461.0,-77.0,-138.0
225.0,-359.0,33.0,191.0,-22.0,93.0,-322.0,-508.0,-71.0,-200.0
214.0,-327.0,0.0,54.0,39.0,-131.0,-194.0,-286.0,-66.0,-265.0
202.0,-341.0,-3.0,32.0,69.0,-216.0,20.0,-75.0,-31.0,-294.0
218.0,-285.0,-15.0,45.0,16.0,177.0,255.0,-149.0,24.0,-305.0
204.0,-265.0,-36.0,-58.0,142.0,229.0,417.0,-155.0,78.0,-321.0
172.0,-280.0,-26.0,-162.0,123.0,24.0,481.0,-140.0,119.0,-306.0
159.0,-32.0,-67.0,-259.0,-18.0,103.0,539.0,38.0,141.0,-288.0
164.0,95.0,-56.0,-190.0,-84.0,87.0,572.0,22.0,142.0,-265.0
146.0,138.0,-42.0,-186.0,2.0,83.0,537.0,-7.0,147.0,-226.0
112.0,162.0,-72.0,-311.0,132.0,-47.0,458.0,79.0,158.0,-200.0
123.0,126.0,-53.0,-176.0,-92.0,0.0,373.0,-107.0,170.0,-172.0
103.0,101.0,-51.0,-128.0,-121.0,20.0,255.0,-328.0,183.0,-146.0
76.0,81.0,-93.0,-297.0,120.0,-64.0,124.0,-508.0,173.0,-110.0
35.0,105.0,-36.0,-295.0,-55.0,-85.0,21.0,-234.0,149.0,-67.0
13.0,39.0,-41.0,-285.0,-126.0,-91.0,-24.0,42.0,122.0,-50.0
-10.0,67.0,-60.0,-296.0,18.0,173.0,-31.0,68.0,102.0,-13.0
-38.0,37.0,-26.0,-218.0,-49.0,0.0,-102.0,31.0,87.0,38.0
-74.0,59.0,-81.0,-130.0,-2.0,-43.0,-172.0,-218.0,66.0,86.0
-111.0,117.0,-74.0,-134.0,5.0,196.0,-207.0,-210.0,47.0,121.0
-96.0,59.0,-95.0,-219.0,-100.0,214.0,-166.0,-227.0,13.0,159.0
-120.0,26.0,-119.0,-291.0,45.0,53.0,-60.0,-218.0,-14.0,200.0
-111.0,-106.0,-145.0,-322.0,76.0,-149.0,35.0,-166.0,-20.0,233.0
-104.0,-200.0,-194.0,-210.0,-56.0,92.0,45.0,-168.0,-34.0,273.0
-106.0,-251.0,-152.0,-287.0,-51.0,49.0,-19.0,12.0,-48.0,298.0
-100.0,-236.0,-181.0,-509.0,-82.0,-114.0,-29.0,96.0,-86.0,333.0
-125.0,-299.0,-198.0,-257.0,-44.0,31.0,-23.0,266.0,-125.0,349.0
-108.0,-287.0,-142.0,30.0,53.0,18.0,-57.0,212.0,-133.0,368.0
-95.0,-304.0,-131.0,-103.0,-41.0,-49.0,-135.0,75.0,-146.0,394.0
-113.0,-272.0,-124.0,-160.0,14.0,129.0,-207.0,84.0,-158.0,392.0
-150.0,28.0,-83.0,-110.0,114.0,376.0,-260.0,-129.0,-165.0,398.0
-149.0,188.0,-58.0,-31.0,6.0,277.0,-282.0,-173.0,-172.0,377.0
-135.0,346.0,-34.0,-89.0,47.0,-27.0,-284.0,-290.0,-181.0,354.0
-126.0,349.0,-3.0,-397.0,-32.0,-269.0,-244.0,-400.0,-201.0,305.0
-131.0,293.0,6.0,-319.0,-8.0,-220.0,-115.0,-330.0,-210.0,226.0
-117.0,268.0,37.0,-124.0,120.0,-268.0,17.0,-351.0,-207.0,156.0
-86.0,235.0,27.0,-183.0,-12.0,-367.0,93.0,-221.0,-207.0,71.0
-89.0,47.0,24.0,-246.0,94.0,-298.0,95.0,-5.0,-201.0,-35.0
-94.0,-82.0,64.0,-176.0,133.0,-319.0,172.0,297.0,-177.0,-136.0
-117.0,31.0,58.0,143.0,24.0,-150.0,337.0,280.0,-140.0,-202.0
-100.0,-43.0,114.0,260.0,63.0,-129.0,493.0,-57.0,-91.0,-290.0
-89.0,63.0,110.0,222.0,-12.0,-194.0,602.0,-378.0,-55.0,-370.0
-69.0,196.0,65.0,279.0,-67.0,-237.0,592.0,-626.0,-54.0,-421.0
-81.0,249.0,102.0,231.0,39.0,-335.0,589.0,-336.0,-43.0,-455.0
-102.0,198.0,43.0,301.0,54.0,-162.0,643.0,-44.0,-31.0,-464.0
-81.0,96.0,56.0,301.0,45.0,-108.0,606.0,70.0,-48.0,-474.0
-121.0,73.0,68.0,96.0,61.0,-90.0,445.0,190.0,-74.0,-451.0
-125.0,-11.0,41.0,78.0,-48.0,-177.0,276.0,186.0,-100.0,-436.0
-122.0,-45.0,37.0,71.0,-71.0,-369.0,165.0,251.0,-124.0,-434.0
-89.0,-139.0,-7.0,-31.0,-55.0,-175.0,84.0,225.0,-137.0,-409.0
-79.0,-49.0,-41.0,-72.0,-103.0,32.0,-75.0,144.0,-142.0,-377.0
-77.0,38.0,-93.0,6.0,-35.0,29.0,-255.0,-240.0,-149.0,-340.0
-27.0,146.0,-118.0,194.0,-6.0,-11.0,-377.0,-604.0,-167.0,-312.0
-19.0,227.0,-166.0,190.0,-18.0,103.0,-455.0,-593.0,-195.0,-267.0
-17.0,92.0,-161.0,70.0,78.0,224.0,-503.0,-543.0,-201.0,-183.0
-32.0,72.0,-188.0,137.0,3.0,129.0,-583.0,-343.0,-188.0,-95.0
-4.0,39.0,-172.0,192.0,-26.0,68.0,-614.0,-251.0,-181.0,-14.0
13.0,70.0,-151.0,76.0,83.0,158.0,-531.0,-101.0,-183.0,71.0
17.0,-65.0,-180.0,-168.0,-2.0,155.0,-338.0,153.0,-203.0,142.0
20.0,-156.0,-125.0,-165.0,27.0,-131.0,-170.0,238.0,-207.0,208.0
40.0,9.0,-162.0,45.0,58.0,-253.0,-30.0,182.0,-203.0,268.0
49.0,-67.0,-129.0,-108.0,-40.0,-158.0,159.0,-27.0,-199.0,331.0
8.0,-91.0,-120.0,-215.0,9.0,-47.0,344.0,-103.0,-202.0,385.0
-5.0,17.0,-141.0,-64.0,64.0,17.0,483.0,-247.0,-214.0,408.0
-5.0,54.0,-146.0,81.0,36.0,-112.0,516.0,-312.0,-197.0,443.0
6.0,-29.0,-147.0,79.0,28.0,-25.0,489.0,-334.0,-165.0,463.0
-39.0,-56.0,-161.0,-33.0,-13.0,-24.0,422.0,-452.0,-129.0,462.0
-47.0,-28.0,-185.0,-69.0,-85.0,-330.0,367.0,-273.0,-98.0,444.0
-14.0,-154.0,-111.0,-74.0,39.0,-404.0,333.0,-249.0,-60.0,409.0
9.0,-70.0,-147.0,41.0,47.0,-393.0,289.0,-157.0,-4.0,366.0
23.0,120.0,-154.0,0.0,1.0,-386.0,294.0,33.0,47.0,314.0
4.0,111.0,-113.0,-91.0,66.0,-356.0,294.0,29.0,100.0,265.0
21.0,44.0,-115.0,-53.0,-53.0,-394.0,226.0,-44.0,141.0,217.0
0.0,100.0,-114.0,83.0,-22.0,-381.0,33.0,-301.0,169.0,183.0
-47.0,107.0,-119.0,286.0,-41.0,-520.0,-205.0,-404.0,202.0,130.0
-84.0,75.0,-84.0,297.0,-117.0,-509.0,-401.0,-521.0,222.0,85.0
-86.0,44.0,-39.0,215.0,25.0,-377.0,-522.0,-511.0,234.0,61.0
-95.0,-51.0,-50.0,46.0,27.0,-598.0,-597.0,-413.0,246.0,23.0
-123.0,-25.0,-27.0,-189.0,-39.0,-658.0,-688.0,-410.0,254.0,3.0
-145.0,-104.0,16.0,-340.0,6.0,-649.0,-667.0,-208.0,277.0,-10.0
-136.0,-106.0,9.0,-280.0,-13.0,-429.0,-507.0,-199.0,298.0,-33.0
-114.0,-94.0,16.0,-235.0,53.0,-146.0,-351.0,-79.0,322.0,-51.0
-126.0,-158.0,10.0,-287.0,131.0,-189.0,-253.0,66.0,351.0,-57.0
-142.0,-182.0,34.0,-285.0,-144.0,-222.0,-119.0,75.0,359.0,-77.0
-166.0,-248.0,2.0,-273.0,-98.0,-481.0,85.0,0.0,351.0,-109.0
-188.0,-240.0,59.0,-191.0,144.0,-473.0,240.0,-343.0,324.0,-130.0
-237.0,-345.0,129.0,-64.0,104.0,-404.0,243.0,-413.0,272.0,-149.0
-235.0,-261.0,130.0,5.0,96.0,-394.0,163.0,-362.0,206.0,-171.0
-205.0,-203.0,162.0,-6.0,-34.0,-141.0,88.0,-86.0,159.0,-204.0
-170.0,-266.0,136.0,5.0,-49.0,-132.0,44.0,197.0,131.0,-241.0
-156.0,-202.0,166.0,31.0,15.0,-183.0,18.0,79.0,112.0,-266.0
-179.0,-125.0,142.0,10.0,-58.0,-183.0,-65.0,-9.0,81.0,-282.0
-157.0,-8.0,132.0,0.0,-22.0,-110.0,-110.0,-277.0,44.0,-299.0
-153.0,-53.0,116.0,-34.0,-9.0,-201.0,-51.0,-493.0,9.0,-313.0
-135.0,-39.0,84.0,-112.0,-12.0,-272.0,26.0,-591.0,-30.0,-326.0
-103.0,-25.0,77.0,-60.0,16.0,-154.0,20.0,-613.0,-59.0,-327.0
-39.0,2.0,26.0,-15.0,-75.0,-192.0,-59.0,-465.0,-106.0,-325.0
26.0,25.0,16.0,-45.0,-70.0,-101.0,-100.0,-393.0,-160.0,-334.0
47.0,-40.0,-29.0,-36.0,39.0,140.0,-99.0,-225.0,-191.0,-329.0
42.0,63.0,-21.0,-180.0,-25.0,228.0,-127.0,-203.0,-210.0,-335.0
47.0,74.0,-42.0,-300.0,-87.0,23.0,-235.0,-273.0,-210.0,-336.0
76.0,87.0,-92.0,-241.0,-63.0,-87.0,-331.0,-389.0,-204.0,-320.0
72.0,126.0,-76.0,-278.0,-3.0,121.0,-334.0,-558.0,-204.0,-323.0
78.0,-4.0,-98.0,-327.0,150.0,104.0,-227.0,-473.0,-225.0,-326.0
92.0,-44.0,-89.0,-219.0,10.0,-177.0,-107.0,-428.0,-240.0,-310.0
126.0,17.0,-117.0,-53.0,-115.0,-223.0,-45.0,-358.0,-240.0,-276.0
164.0,79.0,-111.0,116.0,70.0,-34.0,31.0,-334.0,-239.0,-264.0
146.0,60.0,-65.0,280.0,28.0,50.0,163.0,-251.0,-207.0,-252.0
141.0,-22.0,-76.0,322.0,11.0,78.0,309.0,-55.0,-163.0,-204.0
165.0,-30.0,-48.0,287.0,-21.0,103.0,277.0,70.0,-136.0,-151.0
171.0,-32.0,-18.0,332.0,-20.0,-9.0,154.0,199.0,-112.0,-105.0
164.0,18.0,-36.0,344.0,161.0,-27.0,139.0,-25.0,-90.0,-45.0
149.0,126.0,-43.0,329.0,49.0,15.0,205.0,-234.0,-73.0,10.0
161.0,268.0,-4.0,381.0,-19.0,18.0,232.0,-460.0,-40.0,56.0
162.0,306.0,-11.0,395.0,-6.0,20.0,197.0,-726.0,-20.0,108.0
131.0,180.0,-24.0,318.0,-11.0,-45.0,220.0,-681.0,5.0,144.0
115.0,151.0,-21.0,272.0,-2.0,-189.0,280.0,-604.0,60.0,198.0
117.0,141.0,-35.0,249.0,-102.0,-256.0,349.0,-236.0,98.0,239.0
118.0,64.0,-33.0,193.0,40.0,-219.0,352.0,138.0,123.0,249.0
68.0,-56.0,-44.0,162.0,204.0,-390.0,255.0,391.0,140.0,272.0
54.0,-145.0,-72.0,111.0,38.0,-463.0,119.0,434.0,156.0,283.0
50.0,-238.0,-92.0,35.0,-128.0,-442.0,-72.0,171.0,174.0,293.0
49.0,-247.0,-74.0,-3.0,-13.0,-377.0,-293.0,-11.0,180.0,286.0
25.0,-159.0,-121.0,-31.0,67.0,-132.0,-487.0,-290.0,174.0,280.0
0.0,-272.0,-99.0,-53.0,34.0,19.0,-557.0,-376.0,167.0,292.0
25.0,-272.0,-45.0,-6.0,77.0,4.0,-481.0,-460.0,157.0,256.0
13.0,-84.0,-62.0,-13.0,0.0,-123.0,-400.0,-482.0,152.0,213.0
10.0,41.0,-58.0,-125.0,55.0,-85.0,-373.0,-267.0,148.0,188.0
-8.0,88.0,-113.0,-212.0,117.0,-157.0,-268.0,-295.0,118.0,150.0
-2.0,193.0,-123.0,-207.0,-27.0,-372.0,-56.0,-234.0,71.0,115.0
-36.0,230.0,-148.0,-166.0,-12.0,-375.0,179.0,-291.0,24.0,68.0
-61.0,30.0,-148.0,-250.0,56.0,-138.0,349.0,-373.0,-9.0,29.0
-46.0,-25.0,-119.0,-284.0,71.0,-128.0,444.0,-325.0,-32.0,29.0
-68.0,-54.0,-118.0,-222.0,-25.0,-365.0,545.0,-375.0,-39.0,24.0
-72.0,-55.0,-107.0,-249.0,-119.0,-145.0,629.0,-382.0,-36.0,8.0
-113.0,69.0,-151.0,-256.0,58.0,-4.0,640.0,-491.0,-31.0,-11.0
-98.0,168.0,-149.0,-193.0,215.0,-198.0,603.0,-256.0,-21.0,-47.0
-58.0,146.0,-154.0,-145.0,-1.0,-288.0,558.0,40.0,-26.0,-63.0
-22.0,136.0,-186.0,-163.0,-156.0,-177.0,510.0,147.0,-34.0,-82.0
-17.0,183.0,-163.0,-140.0,-6.0,-51.0,438.0,297.0,-38.0,-109.0
-20.0,152.0,-169.0,-22.0,31.0,-118.0,319.0,238.0,-16.0,-139.0
-24.0,238.0,-221.0,78.0,-45.0,-141.0,182.0,205.0,20.0,-167.0
-58.0,155.0,-186.0,138.0,-44.0,-116.0,79.0,-90.0,31.0,-149.0
-67.0,172.0,-155.0,164.0,-20.0,-293.0,0.0,-436.0,19.0,-126.0
-47.0,187.0,-134.0,145.0,23.0,-431.0,-121.0,-617.0,9.0,-125.0
-7.0,105.0,-70.0,159.0,76.0,-361.0,-319.0,-766.0,14.0,-101.0
-10.0,215.0,-69.0,186.0,-64.0,-601.0,-483.0,-631.0,27.0,-54.0
-11.0,95.0,-54.0,159.0,-73.0,-613.0,-575.0,-642.0,51.0,-24.0
0.0,20.0,-13.0,72.0,72.0,-228.0,-585.0,-465.0,58.0,-1.0
12.0,-38.0,-42.0,-51.0,0.0,-229.0,-516.0,-164.0,59.0,9.0
-23.0,-47.0,-69.0,-66.0,-58.0,-486.0,-419.0,7.0,52.0,7.0
-42.0,-73.0,-33.0,18.0,-38.0,-715.0,-261.0,210.0,61.0,-7.0
-36.0,-114.0,-58.0,78.0,55.0,-617.0,-9.0,290.0,91.0,-28.0
-46.0,-19.0,-13.0,97.0,109.0,-634.0,304.0,502.0,99.0,-32.0
-36.0,-75.0,38.0,113.0,-30.0,-740.0,574.0,500.0,119.0,-44.0
-49.0,-175.0,29.0,121.0,-76.0,-646.0,779.0,399.0,97.0,-48.0
-39.0,-241.0,108.0,131.0,37.0,-469.0,952.0,328.0,51.0,-37.0
-67.0,-96.0,91.0,161.0,59.0,-185.0,1034.0,173.0,34.0,-13.0
-94.0,21.0,135.0,176.0,-24.0,-351.0,903.0,149.0,18.0,3.0
-99.0,124.0,183.0,184.0,-17.0,-532.0,610.0,-53.0,16.0,19.0
-96.0,169.0,157.0,138.0,101.0,-479.0,355.0,-262.0,4.0,76.0
-65.0,245.0,187.0,60.0,73.0,-551.0,193.0,-417.0,-36.0,134.0
-52.0,419.0,138.0,60.0,15.0,-726.0,57.0,-473.0,-56.0,146.0
-35.0,291.0,142.0,116.0,100.0,-680.0,-60.0,-423.0,-49.0,156.0
-25.0,192.0,125.0,160.0,66.0,-311.0,-71.0,-365.0,-46.0,215.0
-25.0,138.0,66.0,166.0,-8.0,-206.0,29.0,-11.0,-40.0,234.0
-30.0,131.0,92.0,122.0,52.0,-309.0,160.0,266.0,-44.0,204.0
-40.0,-3.0,67.0,96.0,23.0,-260.0,243.0,389.0,-64.0,179.0
-59.0,-66.0,34.0,106.0,-27.0,-128.0,263.0,421.0,-79.0,149.0
-42.0,4.0,40.0,55.0,58.0,-236.0,247.0,424.0,-94.0,134.0
-2.0,-71.0,29.0,29.0,-40.0,-246.0,185.0,474.0,-105.0,98.0
47.0,-15.0,0.0,44.0,-51.0,-35.0,93.0,291.0,-111.0,74.0
78.0,-132.0,-12.0,44.0,101.0,-13.0,1.0,133.0,-117.0,73.0
91.0,-139.0,-36.0,72.0,4.0,-19.0,3.0,-96.0,-112.0,47.0
105.0,-2.0,-65.0,66.0,-43.0,33.0,136.0,-136.0,-103.0,43.0
99.0,49.0,-62.0,42.0,-50.0,52.0,275.0,-18.0,-86.0,38.0
89.0,22.0,-62.0,48.0,-148.0,-60.0,303.0,-60.0,-77.0,28.0
39.0,-176.0,-75.0,134.0,-65.0,-240.0,324.0,60.0,-69.0,-4.0
13.0,-136.0,-73.0,197.0,11.0,-313.0,392.0,16.0,-62.0,-29.0
13.0,-101.0,-74.0,164.0,-104.0,-314.0,419.0,-22.0,-84.0,-22.0
16.0,-196.0,-55.0,153.0,37.0,-300.0,313.0,-16.0,-98.0,-40.0
33.0,-241.0,-23.0,137.0,65.0,-303.0,58.0,29.0,-99.0,-59.0
47.0,-201.0,-58.0,116.0,-157.0,-348.0,-186.0,205.0,-90.0,-60.0
47.0,-131.0,-20.0,31.0,-14.0,-269.0,-366.0,203.0,-81.0,-29.0
15.0,-89.0,8.0,-48.0,-28.0,-341.0,-442.0,197.0,-67.0,-38.0
-27.0,32.0,-66.0,-62.0,26.0,-457.0,-462.0,53.0,-47.0,-54.0
-75.0,6.0,-10.0,-41.0,165.0,-381.0,-414.0,114.0,-46.0,-31.0
-98.0,144.0,12.0,2.0,-68.0,-473.0,-176.0,214.0,-18.0,-24.0
-122.0,267.0,-34.0,23.0,19.0,-636.0,152.0,59.0,13.0,-8.0
-129.0,179.0,22.0,33.0,100.0,-648.0,451.0,35.0,19.0,-2.0
-107.0,169.0,20.0,36.0,-72.0,-378.0,583.0,-40.0,5.0,22.0
-101.0,104.0,23.0,97.0,1.0,-354.0,590.0,16.0,-21.0,25.0
-102.0,121.0,54.0,174.0,-65.0,-505.0,558.0,40.0,-33.0,15.0
-133.0,29.0,83.0,193.0,-152.0,-479.0,414.0,62.0,-33.0,47.0
-157.0,-90.0,99.0,177.0,53.0,-588.0,163.0,253.0,-12.0,57.0
-175.0,-173.0,96.0,221.0,-16.0,-694.0,-110.0,347.0,-10.0,45.0
-195.0,-182.0,129.0,250.0,-4.0,-732.0,-303.0,550.0,-41.0,42.0
-183.0,-165.0,84.0,273.0,212.0,-563.0,-381.0,624.0,-47.0,78.0
-153.0,-145.0,77.0,271.0,78.0,-406.0,-411.0,659.0,-37.0,104.0
-99.0,-79.0,84.0,197.0,21.0,-306.0,-413.0,558.0,-33.0,100.0
-71.0,-136.0,37.0,148.0,7.0,-214.0,-323.0,120.0,-29.0,111.0
-59.0,51.0,22.0,83.0,-71.0,-139.0,-137.0,-66.0,-17.0,141.0
-54.0,124.0,28.0,15.0,85.0,-56.0,77.0,-118.0,-3.0,143.0
-57.0,178.0,0.0,-100.0,67.0,-268.0,155.0,-33.0,-6.0,127.0
-66.0,220.0,-46.0,-134.0,-97.0,-525.0,97.0,127.0,-10.0,124.0
-75.0,157.0,-35.0,-124.0,-13.0,-532.0,63.0,234.0,2.0,113.0
-55.0,159.0,-59.0,-167.0,49.0,-185.0,109.0,277.0,14.0,78.0
-76.0,-46.0,-62.0,-187.0,0.0,-89.0,128.0,158.0,22.0,40.0
-94.0,-58.0,-83.0,-177.0,-114.0,-320.0,54.0,256.0,16.0,28.0
-91.0,-89.0,-133.0,-156.0,-159.0,-272.0,-29.0,155.0,-23.0,-2.0
-65.0,-81.0,-148.0,-238.0,-27.0,-148.0,-37.0,44.0,-62.0,-47.0
-40.0,-22.0,-176.0,-292.0,-29.0,-171.0,11.0,114.0,-60.0,-60.0
-67.0,-27.0,-150.0,-272.0,-74.0,-383.0,-48.0,70.0,-49.0,-60.0
-74.0,51.0,-120.0,-185.0,-26.0,-528.0,-172.0,182.0,-48.0,-63.0
-65.0,102.0,-109.0,-106.0,8.0,-507.0,-261.0,120.0,-51.0,-59.0
-40.0,154.0,-60.0,-148.0,29.0,-474.0,-306.0,129.0,-64.0,-27.0
-34.0,28.0,-56.0,-180.0,-26.0,-369.0,-297.0,279.0,-94.0,22.0
-48.0,48.0,-46.0,-188.0,-113.0,-258.0,-296.0,373.0,-126.0,54.0
-49.0,60.0,-5.0,-204.0,29.0,-200.0,-282.0,299.0,-157.0,101.0
-21.0,55.0,-46.0,-205.0,107.0,-262.0,-218.0,12.0,-188.0,182.0
0.0,75.0,-51.0,-155.0,-53.0,-568.0,-174.0,-105.0,-185.0,239.0
1.0,93.0,-36.0,-122.0,-3.0,-727.0,-243.0,-279.0,-167.0,274.0
23.0,202.0,-93.0,-148.0,131.0,-525.0,-314.0,-230.0,-141.0,309.0
46.0,203.0,-42.0,-192.0,147.0,-237.0,-328.0,-140.0,-109.0,357.0
66.0,323.0,-6.0,-197.0,71.0,-147.0,-288.0,-75.0,-67.0,380.0
74.0,166.0,-40.0,-83.0,-55.0,-146.0,-215.0,277.0,-5.0,365.0
102.0,30.0,-6.0,-3.0,-26.0,-90.0,-194.0,559.0,47.0,377.0
95.0,3.0,22.0,-36.0,118.0,-283.0,-109.0,851.0,101.0,379.0
112.0,-74.0,66.0,-120.0,78.0,-383.0,42.0,857.0,129.0,348.0
142.0,-44.0,62.0,-141.0,-26.0,-449.0,140.0,809.0,130.0,331.0
133.0,-62.0,121.0,-47.0,22.0,-607.0,166.0,720.0,145.0,314.0
153.0,11.0,208.0,-1.0,78.0,-477.0,174.0,406.0,166.0,279.0
198.0,-201.0,173.0,-20.0,58.0,-386.0,229.0,291.0,176.0,228.0
253.0,-270.0,172.0,-55.0,-37.0,-294.0,266.0,184.0,189.0,193.0
232.0,-239.0,178.0,-98.0,-28.0,-152.0,224.0,352.0,181.0,170.0
178.0,-284.0,213.0,-150.0,48.0,-241.0,152.0,399.0,150.0,108.0
144.0,-196.0,216.0,-116.0,14.0,-341.0,129.0,105.0,135.0,46.0
152.0,-165.0,247.0,-77.0,-128.0,-387.0,163.0,-68.0,99.0,-2.0
145.0,-95.0,254.0,-90.0,-126.0,-469.0,183.0,-129.0,81.0,-49.0
114.0,-155.0,188.0,-8.0,73.0,-571.0,95.0,151.0,67.0,-96.0
101.0,-69.0,217.0,67.0,33.0,-610.0,-92.0,303.0,37.0,-149.0
94.0,68.0,136.0,179.0,-35.0,-444.0,-236.0,395.0,32.0,-177.0
104.0,182.0,111.0,299.0,-63.0,-353.0,-338.0,384.0,24.0,-209.0
51.0,182.0,128.0,370.0,-76.0,-377.0,-487.0,68.0,3.0,-240.0
12.0,131.0,55.0,320.0,96.0,-444.0,-624.0,-59.0,-42.0,-269.0
-2.0,179.0,72.0,128.0,47.0,-481.0,-647.0,-116.0,-86.0,-277.0
-17.0,81.0,19.0,51.0,-97.0,-273.0,-578.0,194.0,-100.0,-274.0
-51.0,105.0,-53.0,65.0,24.0,-356.0,-470.0,493.0,-98.0,-261.0
-57.0,81.0,-35.0,110.0,100.0,-471.0,-356.0,480.0,-72.0,-201.0
-25.0,128.0,-90.0,65.0,-30.0,-264.0,-214.0,406.0,-23.0,-152.0
-11.0,145.0,-122.0,-42.0,-51.0,-173.0,-40.0,97.0,33.0,-119.0
-21.0,9.0,-109.0,-45.0,28.0,-128.0,61.0,27.0,77.0,-83.0
-72.0,38.0,-153.0,-5.0,83.0,-137.0,35.0,57.0,95.0,-28.0
-64.0,170.0,-160.0,10.0,51.0,-114.0,-90.0,125.0,112.0,13.0
-63.0,191.0,-196.0,-2.0,-102.0,-204.0,-156.0,238.0,147.0,27.0
-56.0,0.0,-197.0,-23.0,-127.0,-215.0,-105.0,258.0,164.0,63.0
-63.0,34.0,-168.0,-83.0,-28.0,-33.0,-49.0,365.0,172.0,98.0
-81.0,14.0,-204.0,-135.0,36.0,-16.0,-100.0,343.0,177.0,127.0
-78.0,22.0,-175.0,-136.0,-113.0,34.0,-216.0,437.0,161.0,164.0
-69.0,195.0,-142.0,-128.0,-111.0,39.0,-274.0,347.0,144.0,197.0
-41.0,87.0,-130.0,-90.0,136.0,38.0,-309.0,16.0,134.0,201.0
-34.0,105.0,-136.0,-37.0,59.0,-64.0,-355.0,-103.0,132.0,193.0
0.0,102.0,-121.0,-29.0,-131.0,-114.0,-442.0,-177.0,126.0,201.0
-2.0,-41.0,-92.0,-38.0,-79.0,0.0,-523.0,-5.0,89.0,226.0
-8.0,-159.0,-117.0,-15.0,31.0,-11.0,-469.0,175.0,47.0,224.0
-16.0,-130.0,-67.0,6.0,-48.0,-38.0,-314.0,256.0,21.0,181.0
-4.0,-20.0,-20.0,-36.0,-52.0,-89.0,-144.0,332.0,6.0,181.0
6.0,-38.0,-51.0,-159.0,-23.0,-24.0,41.0,334.0,20.0,187.0
-20.0,15.0,8.0,-245.0,-31.0,-22.0,212.0,382.0,40.0,167.0
-13.0,6.0,50.0,-306.0,55.0,-37.0,363.0,275.0,44.0,182.0
-10.0,66.0,79.0,-324.0,-73.0,-40.0,431.0,256.0,45.0,222.0
-5.0,55.0,107.0,-195.0,-56.0,-236.0,369.0,199.0,50.0,254.0
0.0,-76.0,122.0,-71.0,83.0,-349.0,289.0,105.0,56.0,282.0
22.0,-185.0,140.0,20.0,-22.0,-298.0,244.0,145.0,53.0,321.0
18.0,-299.0,93.0,100.0,-6.0,-185.0,205.0,70.0,27.0,365.0
2.0,-334.0,149.0,119.0,2.0,-127.0,68.0,223.0,-15.0,379.0
-9.0,-332.0,157.0,109.0,-45.0,57.0,-94.0,343.0,-47.0,362.0
-19.0,-235.0,120.0,62.0,144.0,185.0,-185.0,424.0,-58.0,356.0
-11.0,-305.0,136.0,86.0,193.0,66.0,-271.0,497.0,-45.0,344.0
-26.0,-275.0,168.0,118.0,-4.0,25.0,-383.0,432.0,-22.0,313.0
-42.0,-242.0,181.0,37.0,21.0,-66.0,-529.0,478.0,2.0,276.0
-62.0,-155.0,159.0,-38.0,129.0,-265.0,-576.0,380.0,6.0,239.0
-65.0,0.0,213.0,-103.0,43.0,-343.0,-529.0,338.0,-3.0,195.0
-81.0,-8.0,154.0,-136.0,-42.0,-215.0,-504.0,286.0,-14.0,133.0
-70.0,220.0,147.0,-116.0,5.0,-104.0,-568.0,223.0,-20.0,85.0
-56.0,125.0,189.0,-103.0,101.0,-87.0,-673.0,151.0,-11.0,28.0
-70.0,95.0,147.0,-81.0,38.0,-29.0,-728.0,-16.0,-16.0,-50.0
-96.0,141.0,164.0,-37.0,-40.0,-72.0,-750.0,49.0,-11.0,-127.0
-139.0,-17.0,111.0,3.0,6.0,-68.0,-789.0,62.0,-2.0,-189.0
-155.0,7.0,122.0,41.0,-5.0,-32.0,-883.0,94.0,2.0,-223.0
-193.0,-88.0,101.0,79.0,-36.0,136.0,-956.0,-40.0,4.0,-275.0
-193.0,-41.0,59.0,110.0,-89.0,398.0,-969.0,-214.0,-5.0,-312.0
-190.0,7.0,163.0,125.0,-110.0,273.0,-962.0,-49.0,-22.0,-305.0
-180.0,212.0,83.0,136.0,-71.0,292.0,-933.0,36.0,-40.0,-299.0
-153.0,411.0,-24.0,120.0,-161.0,471.0,-820.0,321.0,-30.0,-300.0
-154.0,381.0,21.0,61.0,-160.0,380.0,-596.0,471.0,-8.0,-270.0
-153.0,385.0,-18.0,47.0,-86.0,154.0,-319.0,375.0,20.0,-233.0
-170.0,283.0,-47.0,47.0,-82.0,169.0,-104.0,264.0,23.0,-211.0
-157.0,289.0,-21.0,55.0,-5.0,409.0,39.0,-7.0,1.0,-172.0
-141.0,183.0,-22.0,77.0,-94.0,263.0,190.0,18.0,-19.0,-119.0
-107.0,95.0,11.0,79.0,-178.0,144.0,355.0,175.0,-35.0,-63.0
-53.0,-5.0,-3.0,100.0,17.0,334.0,479.0,419.0,-30.0,-29.0
-9.0,-140.0,8.0,101.0,94.0,521.0,487.0,508.0,-20.0,10.0
16.0,-182.0,12.0,100.0,-3.0,381.0,409.0,436.0,-7.0,59.0
34.0,-299.0,24.0,116.0,31.0,178.0,314.0,469.0,-5.0,79.0
55.0,-251.0,67.0,138.0,32.0,333.0,249.0,303.0,10.0,74.0
54.0,-137.0,44.0,150.0,73.0,277.0,114.0,258.0,42.0,63.0
81.0,-59.0,135.0,120.0,129.0,202.0,-135.0,175.0,70.0,60.0
117.0,-66.0,121.0,102.0,-59.0,277.0,-447.0,129.0,91.0,31.0
134.0,11.0,111.0,70.0,82.0,300.0,-773.0,151.0,99.0,2.0
136.0,14.0,189.0,68.0,162.0,283.0,-1065.0,92.0,127.0,-23.0
139.0,-110.0,167.0,119.0,-16.0,214.0,-1347.0,190.0,147.0,-61.0
150.0,-64.0,214.0,108.0,40.0,279.0,-1471.0,129.0,145.0,-111.0
130.0,-147.0,189.0,89.0,-44.0,217.0,-1429.0,179.0,138.0,-153.0
114.0,-166.0,195.0,55.0,66.0,190.0,-1278.0,158.0,124.0,-159.0
118.0,-27.0,215.0,0.0,253.0,321.0,-1089.0,36.0,113.0,-194.0
115.0,0.0,154.0,-34.0,-1.0,386.0,-931.0,51.0,102.0,-242.0
120.0,76.0,139.0,-66.0,-53.0,427.0,-712.0,-83.0,96.0,-239.0
107.0,214.0,72.0,-59.0,82.0,388.0,-447.0,-84.0,79.0,-209.0
100.0,267.0,66.0,-31.0,-18.0,392.0,-155.0,-134.0,56.0,-186.0
98.0,200.0,84.0,6.0,-55.0,371.0,75.0,-162.0,35.0,-147.0
66.0,91.0,18.0,-17.0,-73.0,354.0,313.0,-83.0,15.0,-78.0
50.0,42.0,15.0,-103.0,-20.0,371.0,595.0,-107.0,24.0,-21.0
58.0,16.0,81.0,-166.0,117.0,312.0,868.0,-81.0,38.0,32.0
60.0,7.0,108.0,-199.0,-43.0,434.0,1098.0,-127.0,21.0,109.0
39.0,-29.0,48.0,-193.0,-116.0,636.0,1163.0,-120.0,12.0,175.0
37.0,-189.0,0.0,-197.0,26.0,644.0,1138.0,-153.0,9.0,198.0
31.0,-224.0,-9.0,-197.0,-42.0,665.0,1017.0,-230.0,6.0,207.0
30.0,-97.0,-11.0,-171.0,-109.0,597.0,802.0,-238.0,0.0,247.0
34.0,-92.0,-43.0,-137.0,-93.0,195.0,462.0,-190.0,0.0,273.0
18.0,-67.0,-59.0,-58.0,-116.0,15.0,21.0,75.0,-1.0,257.0
16.0,-53.0,-8.0,-41.0,-8.0,184.0,-372.0,173.0,-6.0,239.0
-13.0,-36.0,-40.0,-58.0,-4.0,290.0,-686.0,236.0,3.0,235.0
-43.0,38.0,-50.0,-118.0,1.0,386.0,-952.0,234.0,20.0,219.0
-48.0,71.0,-50.0,-222.0,60.0,523.0,-1229.0,81.0,44.0,194.0
-57.0,172.0,-64.0,-193.0,-44.0,542.0,-1416.0,142.0,73.0,197.0
-42.0,136.0,11.0,-181.0,14.0,388.0,-1448.0,149.0,104.0,193.0
-31.0,126.0,-15.0,-152.0,22.0,310.0,-1372.0,229.0,124.0,159.0
-33.0,51.0,-57.0,-105.0,-70.0,317.0,-1298.0,184.0,143.0,144.0
-36.0,-101.0,-29.0,-86.0,52.0,350.0,-1241.0,59.0,154.0,169.0
-50.0,-115.0,-19.0,-7.0,149.0,354.0,-1131.0,70.0,150.0,174.0
-28.0,-251.0,0.0,8.0,50.0,278.0,-977.0,48.0,139.0,160.0
-23.0,-246.0,2.0,-2.0,-46.0,288.0,-832.0,205.0,110.0,185.0
-36.0,-223.0,25.0,-79.0,-21.0,217.0,-710.0,234.0,81.0,208.0
-36.0,-190.0,67.0,-181.0,-4.0,325.0,-520.0,293.0,46.0,224.0
-23.0,-128.0,86.0,-181.0,-115.0,488.0,-226.0,266.0,24.0,232.0
8.0,-32.0,162.0,-116.0,-139.0,258.0,107.0,123.0,6.0,239.0
24.0,115.0,168.0,-36.0,0.0,246.0,413.0,133.0,-11.0,251.0
61.0,32.0,112.0,20.0,-4.0,302.0,684.0,31.0,-23.0,257.0
81.0,213.0,178.0,30.0,-4.0,224.0,956.0,121.0,-48.0,263.0
114.0,236.0,193.0,32.0,13.0,244.0,1191.0,121.0,-65.0,250.0
147.0,12.0,152.0,57.0,30.0,329.0,1258.0,88.0,-86.0,229.0
160.0,-30.0,113.0,49.0,74.0,544.0,1206.0,97.0,-117.0,193.0
191.0,-133.0,152.0,71.0,-24.0,459.0,1087.0,-29.0,-133.0,157.0
199.0,-153.0,178.0,102.0,-47.0,287.0,887.0,3.0,-128.0,114.0
186.0,-118.0,110.0,98.0,57.0,433.0,611.0,-107.0,-113.0,41.0
183.0,1.0,150.0,42.0,130.0,401.0,255.0,-245.0,-80.0,-28.0
225.0,-69.0,160.0,24.0,86.0,127.0,20.0,-476.0,-33.0,-97.0
254.0,-146.0,98.0,161.0,90.0,121.0,-53.0,-663.0,1.0,-182.0
259.0,-58.0,112.0,322.0,156.0,254.0,-48.0,-452.0,27.0,-268.0
256.0,-140.0,152.0,422.0,64.0,310.0,-91.0,-173.0,43.0,-340.0
275.0,-159.0,109.0,481.0,-89.0,323.0,-202.0,155.0,51.0,-408.0
275.0,-29.0,112.0,511.0,-70.0,222.0,-266.0,144.0,60.0,-462.0
239.0,82.0,105.0,460.0,48.0,196.0,-319.0,79.0,71.0,-504.0
215.0,133.0,29.0,349.0,13.0,137.0,-363.0,206.0,87.0,-525.0
195.0,268.0,70.0,211.0,1.0,223.0,-564.0,218.0,101.0,-530.0
185.0,274.0,56.0,61.0,-14.0,289.0,-807.0,389.0,82.0,-538.0
172.0,222.0,11.0,-124.0,-67.0,152.0,-925.0,412.0,58.0,-528.0
153.0,298.0,77.0,-289.0,41.0,217.0,-988.0,345.0,41.0,-497.0
140.0,316.0,79.0,-335.0,62.0,371.0,-968.0,194.0,22.0,-441.0
159.0,228.0,30.0,-284.0,-127.0,625.0,-861.0,3.0,15.0,-380.0
131.0,43.0,22.0,-176.0,-205.0,551.0,-604.0,73.0,7.0,-330.0
108.0,26.0,38.0,-104.0,-19.0,290.0,-268.0,114.0,-4.0,-269.0
106.0,-7.0,70.0,6.0,-13.0,239.0,59.0,188.0,0.0,-216.0
85.0,-91.0,2.0,65.0,-135.0,239.0,311.0,-12.0,-1.0,-148.0
58.0,-137.0,-74.0,-8.0,28.0,358.0,500.0,-221.0,0.0,-78.0
24.0,-174.0,-67.0,-83.0,74.0,413.0,652.0,-227.0,25.0,-40.0
13.0,-92.0,-76.0,-195.0,-1.0,536.0,726.0,-186.0,20.0,7.0
-3.0,-169.0,-33.0,-269.0,28.0,577.0,735.0,123.0,7.0,47.0
14.0,-208.0,0.0,-228.0,-4.0,463.0,595.0,308.0,14.0,114.0
14.0,-207.0,12.0,-121.0,67.0,445.0,394.0,413.0,6.0,158.0
14.0,-189.0,10.0,-24.0,42.0,490.0,219.0,373.0,-1.0,179.0
15.0,-94.0,-9.0,78.0,-63.0,293.0,118.0,243.0,-19.0,231.0
12.0,-68.0,-13.0,186.0,77.0,-6.0,92.0,155.0,-39.0,256.0
37.0,167.0,-37.0,239.0,89.0,109.0,68.0,103.0,-36.0,302.0
28.0,323.0,3.0,262.0,47.0,226.0,93.0,249.0,-7.0,332.0
51.0,342.0,14.0,274.0,45.0,194.0,147.0,68.0,36.0,334.0
85.0,357.0,16.0,262.0,-31.0,282.0,130.0,-308.0,75.0,354.0
108.0,283.0,22.0,189.0,88.0,344.0,6.0,-672.0,134.0,351.0
114.0,218.0,37.0,160.0,114.0,293.0,-99.0,-737.0,185.0,339.0
128.0,146.0,74.0,176.0,-20.0,255.0,-141.0,-417.0,219.0,305.0
143.0,72.0,79.0,81.0,4.0,385.0,-203.0,-212.0,244.0,265.0
139.0,7.0,143.0,-22.0,-44.0,392.0,-334.0,99.0,247.0,230.0
155.0,71.0,121.0,-89.0,-57.0,198.0,-442.0,240.0,255.0,189.0
149.0,198.0,86.0,-119.0,57.0,187.0,-408.0,230.0,278.0,162.0
115.0,272.0,98.0,-70.0,-23.0,84.0,-279.0,199.0,299.0,127.0
102.0,276.0,50.0,48.0,53.0,79.0,-176.0,86.0,292.0,87.0
97.0,368.0,23.0,228.0,80.0,405.0,-105.0,181.0,274.0,49.0
100.0,352.0,14.0,331.0,-138.0,418.0,7.0,234.0,259.0,13.0
98.0,96.0,-6.0,292.0,-41.0,80.0,108.0,249.0,261.0,-13.0
74.0,-21.0,-21.0,146.0,27.0,-6.0,142.0,92.0,262.0,-44.0
83.0,-141.0,-17.0,0.0,24.0,328.0,77.0,-22.0,243.0,-90.0
76.0,-123.0,-60.0,-43.0,11.0,506.0,-12.0,94.0,230.0,-129.0
75.0,-92.0,-72.0,-27.0,-128.0,463.0,-1.0,216.0,216.0,-149.0
91.0,-171.0,-31.0,-1.0,45.0,349.0,82.0,445.0,222.0,-183.0
84.0,-95.0,-27.0,-3.0,164.0,273.0,145.0,384.0,229.0,-220.0
77.0,16.0,-22.0,37.0,-12.0,351.0,130.0,277.0,229.0,-278.0
67.0,193.0,-40.0,139.0,96.0,420.0,101.0,66.0,218.0,-330.0
97.0,227.0,-53.0,256.0,43.0,450.0,82.0,-356.0,196.0,-367.0
138.0,232.0,-32.0,353.0,-129.0,304.0,40.0,-450.0,165.0,-422.0
168.0,241.0,-74.0,339.0,171.0,280.0,-31.0,-395.0,98.0,-443.0
153.0,131.0,-65.0,254.0,11.0,396.0,-118.0,-168.0,40.0,-458.0
97.0,50.0,-13.0,148.0,-50.0,320.0,-200.0,-97.0,8.0,-466.0
44.0,-77.0,-54.0,54.0,350.0,305.0,-350.0,-79.0,-17.0,-438.0
33.0,-100.0,-44.0,31.0,34.0,246.0,-565.0,134.0,-34.0,-414.0
55.0,-104.0,-63.0,46.0,-100.0,-54.0,-712.0,210.0,-27.0,-382.0
62.0,-213.0,-79.0,54.0,93.0,-7.0,-716.0,341.0,-31.0,-359.0
101.0,-286.0,-74.0,58.0,-60.0,248.0,-565.0,376.0,-60.0,-334.0
125.0,-253.0,-138.0,116.0,-7.0,242.0,-391.0,439.0,-87.0,-289.0
106.0,-230.0,-112.0,204.0,-10.0,114.0,-261.0,408.0,-116.0,-250.0
67.0,-268.0,-134.0,286.0,-161.0,44.0,-75.0,184.0,-112.0,-219.0
43.0,-171.0,-171.0,315.0,37.0,202.0,205.0,116.0,-88.0,-194.0
38.0,-115.0,-112.0,204.0,23.0,176.0,494.0,40.0,-84.0,-165.0
35.0,-242.0,-116.0,5.0,-135.0,104.0,621.0,134.0,-82.0,-145.0
36.0,-400.0,-148.0,-84.0,-27.0,150.0,627.0,105.0,-87.0,-156.0
48.0,-450.0,-116.0,-49.0,-146.0,127.0,574.0,-66.0,-97.0,-160.0
60.0,-520.0,-90.0,57.0,-39.0,273.0,493.0,-96.0,-91.0,-165.0
51.0,-565.0,-115.0,173.0,7.0,400.0,426.0,-173.0,-75.0,-209.0
58.0,-544.0,-69.0,249.0,-214.0,350.0,286.0,-11.0,-74.0,-248.0
69.0,-647.0,-52.0,366.0,93.0,252.0,138.0,134.0,-68.0,-267.0
48.0,-524.0,-52.0,397.0,109.0,177.0,58.0,308.0,-63.0,-300.0
36.0,-499.0,-3.0,316.0,-41.0,106.0,79.0,541.0,-75.0,-334.0
20.0,-591.0,-38.0,245.0,13.0,10.0,139.0,506.0,-70.0,-362.0
-27.0,-417.0,0.0,143.0,-97.0,-4.0,175.0,264.0,-66.0,-374.0
-18.0,-387.0,32.0,-31.0,111.0,305.0,260.0,-190.0,-62.0,-358.0
1.0,-260.0,16.0,-168.0,98.0,469.0,355.0,-271.0,-69.0,-341.0
5.0,5.0,55.0,-245.0,-165.0,324.0,392.0,-212.0,-83.0,-321.0
-6.0,205.0,52.0,-242.0,101.0,364.0,284.0,-219.0,-84.0,-289.0
-15.0,427.0,67.0,-129.0,171.0,475.0,136.0,-147.0,-84.0,-235.0
4.0,566.0,63.0,-67.0,-37.0,392.0,60.0,-147.0,-69.0,-167.0
17.0,457.0,25.0,-14.0,79.0,128.0,48.0,9.0,-32.0,-109.0
44.0,276.0,-1.0,96.0,-51.0,99.0,64.0,-94.0,10.0,-58.0
48.0,175.0,-31.0,160.0,-65.0,286.0,40.0,-155.0,32.0,-9.0
69.0,-81.0,-52.0,117.0,170.0,508.0,77.0,-48.0,47.0,58.0
32.0,-201.0,-77.0,-37.0,-105.0,502.0,126.0,103.0,51.0,113.0
-21.0,-129.0,-83.0,-158.0,-107.0,429.0,88.0,249.0,51.0,141.0
-67.0,-89.0,-72.0,-127.0,96.0,482.0,-20.0,86.0,46.0,152.0
-88.0,-119.0,-70.0,-48.0,-88.0,421.0,-158.0,16.0,39.0,140.0
-71.0,-123.0,-62.0,-8.0,-98.0,397.0,-292.0,-203.0,60.0,128.0
-100.0,-38.0,-6.0,10.0,-67.0,348.0,-439.0,-151.0,83.0,128.0
-113.0,-99.0,5.0,-28.0,-131.0,370.0,-593.0,99.0,110.0,115.0
-131.0,-165.0,-20.0,-106.0,9.0,270.0,-679.0,83.0,124.0,76.0
-105.0,-132.0,40.0,-104.0,-47.0,108.0,-591.0,70.0,115.0,45.0
-128.0,6.0,41.0,-18.0,-198.0,41.0,-360.0,-258.0,84.0,26.0
-114.0,59.0,8.0,51.0,12.0,43.0,-112.0,-497.0,64.0,2.0
-95.0,32.0,91.0,65.0,72.0,52.0,40.0,-508.0,54.0,-39.0
-104.0,27.0,24.0,114.0,-63.0,-41.0,159.0,-234.0,17.0,-89.0
-94.0,-55.0,-55.0,173.0,-88.0,76.0,327.0,214.0,-4.0,-135.0
-127.0,-110.0,7.0,197.0,-99.0,42.0,513.0,386.0,-30.0,-176.0
-96.0,-354.0,-32.0,211.0,-4.0,-152.0,605.0,423.0,-52.0,-207.0
-99.0,-446.0,-37.0,175.0,60.0,-204.0,578.0,162.0,-51.0,-227.0
-44.0,-397.0,-105.0,176.0,-116.0,-113.0,607.0,-44.0,-49.0,-235.0
3.0,-401.0,-116.0,226.0,-93.0,84.0,682.0,-225.0,-54.0,-276.0
15.0,-323.0,-109.0,250.0,103.0,121.0,682.0,-528.0,-60.0,-310.0
40.0,-381.0,-202.0,238.0,-17.0,208.0,584.0,-580.0,-60.0,-312.0
63.0,-246.0,-154.0,164.0,-124.0,290.0,489.0,-524.0,-82.0,-336.0
103.0,-315.0,-218.0,46.0,-100.0,142.0,485.0,-264.0,-107.0,-365.0
102.0,-427.0,-161.0,-23.0,54.0,200.0,476.0,-94.0,-110.0,-372.0
107.0,-320.0,-165.0,-17.0,73.0,216.0,328.0,-25.0,-91.0,-371.0
98.0,-225.0,-162.0,-20.0,-123.0,70.0,102.0,81.0,-47.0,-375.0
106.0,115.0,-26.0,-83.0,-26.0,131.0,-79.0,11.0,-34.0,-360.0
84.0,185.0,-78.0,-148.0,-36.0,132.0,-193.0,123.0,-51.0,-345.0
65.0,279.0,-22.0,-102.0,-9.0,107.0,-283.0,206.0,-35.0,-333.0
51.0,453.0,-85.0,-47.0,-3.0,160.0,-414.0,277.0,-9.0,-317.0
46.0,484.0,-49.0,-17.0,-289.0,171.0,-449.0,262.0,0.0,-288.0
47.0,493.0,-38.0,-34.0,-81.0,111.0,-369.0,33.0,-20.0,-246.0
36.0,396.0,-47.0,-90.0,139.0,18.0,-245.0,-94.0,-62.0,-235.0
31.0,353.0,31.0,-86.0,-150.0,13.0,-120.0,-308.0,-85.0,-221.0
7.0,228.0,-47.0,-38.0,-94.0,220.0,-22.0,-315.0,-94.0,-199.0
0.0,356.0,-2.0,62.0,93.0,350.0,155.0,-315.0,-97.0,-191.0
-57.0,508.0,-44.0,97.0,-50.0,196.0,405.0,-347.0,-106.0,-182.0
-59.0,503.0,41.0,82.0,45.0,18.0,613.0,-216.0,-127.0,-167.0
-48.0,453.0,8.0,66.0,-59.0,-69.0,708.0,-195.0,-160.0,-145.0
-49.0,311.0,-58.0,41.0,-196.0,20.0,796.0,-107.0,-192.0,-126.0
-42.0,269.0,38.0,15.0,197.0,7.0,875.0,-254.0,-203.0,-89.0
-63.0,81.0,-21.0,-48.0,89.0,-87.0,850.0,-430.0,-197.0,-47.0
-77.0,19.0,-65.0,-103.0,-137.0,68.0,697.0,-476.0,-176.0,-13.0
-120.0,42.0,-19.0,-130.0,91.0,285.0,461.0,-419.0,-152.0,10.0
-106.0,-18.0,90.0,-157.0,71.0,266.0,262.0,-29.0,-144.0,33.0
-97.0,-99.0,28.0,-186.0,-12.0,243.0,95.0,129.0,-143.0,66.0
-98.0,-182.0,90.0,-99.0,18.0,274.0,-52.0,210.0,-142.0,77.0
-90.0,-128.0,133.0,8.0,-31.0,202.0,-195.0,249.0,-142.0,78.0
-89.0,-109.0,108.0,76.0,143.0,138.0,-252.0,201.0,-141.0,76.0
-109.0,-25.0,73.0,81.0,178.0,114.0,-194.0,84.0,-147.0,95.0
-150.0,14.0,90.0,-23.0,-120.0,350.0,-121.0,-249.0,-151.0,115.0
-124.0,95.0,205.0,-93.0,16.0,198.0,-88.0,-354.0,-152.0,111.0
-111.0,325.0,110.0,-151.0,150.0,-32.0,-35.0,-432.0,-138.0,108.0
-90.0,389.0,187.0,-178.0,25.0,79.0,104.0,-351.0,-105.0,91.0
-86.0,342.0,210.0,-212.0,-99.0,160.0,266.0,-227.0,-68.0,82.0
-59.0,297.0,112.0,-269.0,-178.0,258.0,372.0,-188.0,-40.0,76.0
-45.0,283.0,72.0,-318.0,99.0,133.0,394.0,-20.0,-34.0,89.0
-72.0,263.0,133.0,-363.0,107.0,232.0,470.0,11.0,-41.0,93.0
-63.0,280.0,84.0,-309.0,-48.0,175.0,566.0,147.0,-50.0,74.0
-72.0,225.0,52.0,-206.0,27.0,130.0,648.0,120.0,-46.0,81.0
-56.0,257.0,181.0,-42.0,-44.0,309.0,665.0,57.0,-40.0,93.0
-86.0,398.0,113.0,75.0,69.0,356.0,507.0,-55.0,-45.0,87.0
-89.0,329.0,99.0,114.0,44.0,417.0,330.0,-378.0,-59.0,55.0
-85.0,141.0,75.0,105.0,-250.0,254.0,136.0,-602.0,-78.0,46.0
-84.0,-115.0,120.0,73.0,41.0,250.0,-69.0,-824.0,-92.0,65.0
-76.0,-88.0,58.0,55.0,219.0,203.0,-261.0,-607.0,-104.0,83.0
-100.0,-78.0,10.0,-19.0,-102.0,118.0,-337.0,-271.0,-109.0,97.0
-82.0,-159.0,88.0,-21.0,-18.0,158.0,-270.0,70.0,-118.0,96.0
-91.0,-145.0,33.0,8.0,107.0,190.0,-160.0,476.0,-138.0,90.0
-97.0,-253.0,-50.0,12.0,52.0,249.0,-6.0,500.0,-137.0,69.0
-115.0,-60.0,11.0,2.0,160.0,262.0,140.0,354.0,-122.0,49.0
-87.0,36.0,112.0,-4.0,-55.0,240.0,328.0,36.0,-110.0,8.0
-78.0,-5.0,-5.0,-15.0,-69.0,86.0,548.0,-136.0,-93.0,-73.0
-82.0,57.0,60.0,-11.0,264.0,-93.0,705.0,-221.0,-80.0,-156.0
-77.0,104.0,10.0,67.0,11.0,-135.0,707.0,-415.0,-51.0,-224.0
-102.0,165.0,-11.0,137.0,-58.0,-34.0,629.0,-524.0,-19.0,-287.0
-116.0,171.0,-19.0,204.0,111.0,-58.0,619.0,-522.0,-3.0,-362.0
-153.0,255.0,-21.0,246.0,8.0,64.0,580.0,-171.0,22.0,-406.0
-150.0,190.0,57.0,288.0,36.0,84.0,445.0,55.0,38.0,-419.0
-154.0,71.0,-111.0,298.0,-61.0,-19.0,252.0,208.0,33.0,-432.0
-152.0,-50.0,47.0,247.0,-136.0,-18.0,34.0,469.0,32.0,-430.0
-197.0,-126.0,10.0,126.0,79.0,-83.0,-201.0,480.0,29.0,-413.0
-217.0,-100.0,-173.0,-20.0,134.0,179.0,-432.0,535.0,28.0,-384.0
-213.0,-16.0,-158.0,-83.0,-110.0,139.0,-579.0,487.0,40.0,-375.0
-228.0,52.0,-134.0,-80.0,-136.0,-26.0,-555.0,391.0,41.0,-343.0
-234.0,26.0,-164.0,-29.0,63.0,58.0,-375.0,70.0,30.0,-288.0
-253.0,116.0,-214.0,-78.0,63.0,114.0,-109.0,-583.0,28.0,-260.0
-226.0,45.0,-59.0,-127.0,-118.0,54.0,104.0,-934.0,25.0,-236.0
-240.0,91.0,-58.0,-97.0,-143.0,-183.0,185.0,-946.0,19.0,-224.0
-223.0,70.0,-118.0,-100.0,79.0,-133.0,228.0,-561.0,15.0,-211.0
-217.0,-228.0,-135.0,-83.0,57.0,22.0,264.0,-325.0,20.0,-198.0
-223.0,-243.0,-44.0,-47.0,-54.0,-16.0,306.0,-218.0,11.0,-185.0
-231.0,-242.0,-87.0,-8.0,-64.0,-165.0,357.0,127.0,-20.0,-160.0
-227.0,-263.0,-110.0,55.0,-84.0,-25.0,365.0,397.0,-43.0,-133.0
-195.0,-377.0,83.0,107.0,87.0,10.0,333.0,648.0,-53.0,-115.0
-177.0,-462.0,61.0,58.0,-21.0,-18.0,312.0,400.0,-38.0,-82.0
-129.0,-294.0,34.0,-8.0,-178.0,164.0,269.0,-55.0,-39.0,-33.0
-107.0,-128.0,25.0,-62.0,122.0,-17.0,211.0,-315.0,-56.0,-23.0
-75.0,5.0,76.0,-97.0,119.0,-45.0,199.0,-554.0,-73.0,-8.0
-72.0,160.0,117.0,-95.0,35.0,-26.0,150.0,-726.0,-87.0,32.0
-63.0,359.0,94.0,-59.0,89.0,-31.0,57.0,-835.0,-66.0,72.0
-83.0,492.0,86.0,-23.0,-68.0,46.0,-59.0,-563.0,-47.0,107.0
-82.0,534.0,114.0,-91.0,66.0,-55.0,-163.0,-264.0,-26.0,124.0
-66.0,440.0,174.0,-190.0,140.0,-18.0,-182.0,9.0,-27.0,131.0
-73.0,323.0,78.0,-221.0,-107.0,12.0,-160.0,291.0,-36.0,146.0
-38.0,202.0,22.0,-193.0,-52.0,-17.0,-73.0,349.0,-27.0,165.0
-41.0,-3.0,47.0,-138.0,137.0,-78.0,104.0,338.0,-15.0,148.0
-19.0,-249.0,-1.0,-100.0,45.0,-87.0,378.0,68.0,13.0,108.0
-32.0,-609.0,-54.0,-113.0,-64.0,21.0,709.0,-107.0,25.0,71.0
-26.0,-665.0,-37.0,-162.0,-44.0,-37.0,964.0,-136.0,39.0,45.0
-10.0,-496.0,-24.0,-262.0,6.0,-143.0,1065.0,-177.0,42.0,17.0
-12.0,-450.0,2.0,-296.0,21.0,-49.0,1033.0,-203.0,56.0,-32.0
-26.0,-422.0,35.0,-211.0,-181.0,61.0,964.0,-415.0,84.0,-78.0
-98.0,-427.0,36.0,-131.0,-100.0,111.0,868.0,-432.0,94.0,-116.0
-141.0,-304.0,65.0,-26.0,73.0,112.0,668.0,-351.0,102.0,-143.0
-173.0,-298.0,96.0,66.0,-8.0,112.0,452.0,-223.0,80.0,-148.0
-177.0,-308.0,98.0,96.0,-18.0,77.0,302.0,-83.0,62.0,-156.0
-165.0,-179.0,65.0,128.0,-157.0,-66.0,180.0,-75.0,51.0,-173.0
-130.0,-168.0,92.0,156.0,-88.0,12.0,44.0,-64.0,40.0,-170.0
-119.0,-39.0,93.0,141.0,15.0,20.0,-120.0,-214.0,50.0,-157.0
-147.0,59.0,83.0,103.0,-165.0,-65.0,-257.0,-201.0,36.0,-142.0
-143.0,164.0,153.0,76.0,-110.0,-78.0,-365.0,-121.0,11.0,-142.0
-153.0,283.0,161.0,121.0,-4.0,-74.0,-431.0,79.0,-28.0,-162.0
-156.0,270.0,112.0,145.0,42.0,85.0,-518.0,317.0,-61.0,-169.0
-134.0,204.0,104.0,58.0,75.0,-97.0,-596.0,153.0,-53.0,-158.0
-132.0,104.0,128.0,-66.0,-173.0,-187.0,-489.0,129.0,-60.0,-145.0
-145.0,24.0,150.0,-152.0,-60.0,-88.0,-233.0,88.0,-86.0,-134.0
-175.0,-130.0,143.0,-207.0,222.0,-108.0,18.0,73.0,-87.0,-110.0
-184.0,-346.0,125.0,-268.0,-68.0,-51.0,172.0,90.0,-85.0,-84.0
-167.0,-579.0,86.0,-318.0,-110.0,-5.0,332.0,-92.0,-90.0,-52.0
-158.0,-666.0,36.0,-350.0,104.0,27.0,546.0,-219.0,-85.0,-24.0
-136.0,-816.0,33.0,-409.0,120.0,-222.0,788.0,-413.0,-81.0,-17.0
-124.0,-714.0,-28.0,-473.0,122.0,-182.0,936.0,-413.0,-71.0,-6.0
-114.0,-317.0,-59.0,-432.0,52.0,-31.0,969.0,-349.0,-54.0,-14.0
-140.0,4.0,-35.0,-386.0,26.0,-200.0,944.0,-70.0,-40.0,-33.0
-169.0,533.0,-75.0,-305.0,109.0,-304.0,800.0,273.0,-18.0,-27.0
-196.0,867.0,-77.0,-190.0,57.0,-191.0,610.0,208.0,14.0,-18.0
-194.0,1159.0,-68.0,-110.0,-60.0,29.0,345.0,249.0,50.0,-16.0
-161.0,1412.0,-94.0,-29.0,-54.0,-141.0,104.0,194.0,74.0,-26.0
-146.0,1448.0,-121.0,40.0,70.0,-178.0,2.0,99.0,99.0,-27.0
-110.0,1408.0,-136.0,102.0,187.0,-125.0,31.0,-114.0,119.0,-20.0
-108.0,1197.0,-166.0,90.0,-52.0,-261.0,112.0,-402.0,128.0,-37.0
-110.0,986.0,-195.0,35.0,-146.0,-364.0,154.0,-306.0,143.0,-40.0
-131.0,721.0,-160.0,-53.0,54.0,-285.0,265.0,-223.0,139.0,-56.0
-146.0,465.0,-104.0,-133.0,-14.0,43.0,408.0,-86.0,125.0,-94.0
-129.0,195.0,-131.0,-207.0,-69.0,75.0,480.0,-147.0,102.0,-106.0
-106.0,-134.0,-119.0,-252.0,-102.0,9.0,433.0,-249.0,70.0,-111.0
-81.0,-634.0,-54.0,-196.0,-33.0,23.0,340.0,-145.0,50.0,-106.0
-55.0,-982.0,-104.0,-107.0,245.0,-93.0,259.0,-99.0,19.0,-85.0
-27.0,-1203.0,-15.0,27.0,123.0,-183.0,189.0,112.0,-30.0,-60.0
-45.0,-1563.0,51.0,133.0,-88.0,-153.0,108.0,173.0,-83.0,-24.0
-68.0,-1747.0,18.0,203.0,3.0,-166.0,-29.0,203.0,-117.0,18.0
-100.0,-1728.0,79.0,272.0,28.0,-86.0,-138.0,123.0,-121.0,51.0
-118.0,-1334.0,45.0,231.0,-33.0,-221.0,-191.0,-129.0,-137.0,74.0
-98.0,-997.0,89.0,145.0,-152.0,-292.0,-271.0,-133.0,-173.0,99.0
-70.0,-785.0,145.0,93.0,-19.0,-221.0,-442.0,-147.0,-202.0,138.0
-60.0,-475.0,118.0,25.0,139.0,-464.0,-643.0,-96.0,-224.0,184.0
-58.0,-139.0,154.0,-3.0,-52.0,-280.0,-791.0,-107.0,-227.0,214.0
-66.0,272.0,162.0,-44.0,-115.0,-348.0,-809.0,-86.0,-215.0,231.0
-68.0,486.0,166.0,-69.0,-47.0,-467.0,-739.0,20.0,-176.0,234.0
-88.0,725.0,183.0,-51.0,-3.0,-426.0,-559.0,5.0,-129.0,258.0
-118.0,974.0,176.0,-101.0,-6.0,-386.0,-224.0,147.0,-106.0,294.0
-107.0,1248.0,204.0,-148.0,-59.0,-180.0,142.0,169.0,-91.0,303.0
-114.0,1403.0,232.0,-179.0,-16.0,-347.0,452.0,138.0,-80.0,306.0
-109.0,1405.0,201.0,-234.0,122.0,-279.0,635.0,-116.0,-60.0,331.0
-129.0,1519.0,199.0,-306.0,105.0,-274.0,774.0,-487.0,-45.0,359.0
-136.0,1246.0,235.0,-323.0,-76.0,-206.0,860.0,-622.0,-31.0,364.0
-145.0,870.0,199.0,-348.0,-34.0,-275.0,839.0,-709.0,-10.0,355.0
-151.0,448.0,185.0,-363.0,59.0,-321.0,657.0,-315.0,0.0,338.0
-145.0,18.0,201.0,-251.0,18.0,-51.0,386.0,110.0,0.0,326.0
-181.0,-282.0,140.0,-114.0,-76.0,-85.0,189.0,339.0,7.0,303.0
-165.0,-775.0,168.0,24.0,-190.0,-142.0,23.0,402.0,25.0,269.0
-170.0,-1077.0,148.0,111.0,-67.0,-293.0,-132.0,279.0,27.0,226.0
-163.0,-1340.0,98.0,100.0,92.0,-137.0,-303.0,345.0,18.0,157.0
-170.0,-1282.0,120.0,6.0,-40.0,-177.0,-384.0,280.0,25.0,116.0
-202.0,-948.0,62.0,-108.0,-193.0,-207.0,-363.0,179.0,30.0,92.0
-217.0,-705.0,36.0,-161.0,-89.0,-27.0,-315.0,-121.0,36.0,49.0
-239.0,-435.0,41.0,-154.0,113.0,-31.0,-298.0,-497.0,39.0,4.0
-209.0,-359.0,32.0,-72.0,-37.0,54.0,-292.0,-631.0,21.0,-30.0
-168.0,-92.0,22.0,21.0,-271.0,-54.0,-190.0,-668.0,-16.0,-37.0
-118.0,22.0,7.0,100.0,-37.0,50.0,-91.0,-314.0,-58.0,-29.0
-74.0,-76.0,-31.0,173.0,143.0,9.0,-56.0,86.0,-84.0,-14.0
-28.0,72.0,-17.0,185.0,29.0,-127.0,-148.0,323.0,-92.0,3.0
10.0,335.0,0.0,134.0,-41.0,-196.0,-238.0,328.0,-84.0,33.0
5.0,457.0,0.0,85.0,-51.0,-340.0,-194.0,168.0,-79.0,67.0
4.0,491.0,31.0,100.0,79.0,-203.0,-118.0,206.0,-89.0,106.0
46.0,694.0,-41.0,96.0,152.0,-86.0,-112.0,284.0,-108.0,138.0
110.0,638.0,-27.0,128.0,-67.0,-56.0,-198.0,393.0,-111.0,153.0
162.0,531.0,-9.0,204.0,-43.0,-191.0,-272.0,175.0,-111.0,176.0
199.0,330.0,-80.0,217.0,161.0,-338.0,-309.0,-182.0,-117.0,182.0
231.0,64.0,-59.0,211.0,17.0,-400.0,-317.0,-295.0,-126.0,183.0
245.0,-34.0,-67.0,157.0,-70.0,-423.0,-335.0,-484.0,-133.0,182.0
250.0,-235.0,-128.0,82.0,-111.0,-363.0,-307.0,-399.0,-115.0,168.0
265.0,-257.0,-128.0,2.0,-73.0,-398.0,-168.0,0.0,-101.0,143.0
278.0,-290.0,-98.0,-76.0,181.0,-363.0,-8.0,441.0,-77.0,115.0
274.0,-292.0,-114.0,-110.0,-4.0,-183.0,76.0,395.0,-64.0,92.0
256.0,-246.0,-93.0,-94.0,-189.0,-137.0,124.0,-84.0,-78.0,84.0
243.0,-32.0,-73.0,-63.0,81.0,-269.0,174.0,-447.0,-85.0,82.0
217.0,206.0,-48.0,-69.0,18.0,-361.0,222.0,-720.0,-76.0,68.0
206.0,-26.0,-7.0,-82.0,-115.0,-331.0,225.0,-524.0,-31.0,74.0
183.0,-217.0,0.0,-137.0,18.0,-286.0,96.0,-264.0,2.0,79.0
161.0,-125.0,38.0,-220.0,-36.0,-328.0,-40.0,-79.0,24.0,78.0
164.0,49.0,45.0,-272.0,107.0,-330.0,-95.0,151.0,22.0,78.0
134.0,-20.0,127.0,-320.0,129.0,-289.0,-64.0,171.0,12.0,79.0
92.0,-117.0,180.0,-360.0,-141.0,-255.0,-4.0,321.0,24.0,84.0
28.0,-49.0,173.0,-334.0,82.0,-239.0,24.0,460.0,40.0,70.0
28.0,92.0,243.0,-221.0,200.0,-331.0,90.0,593.0,71.0,82.0
61.0,156.0,237.0,-96.0,-31.0,-247.0,180.0,473.0,83.0,109.0
62.0,-116.0,231.0,-14.0,-18.0,-185.0,181.0,121.0,91.0,115.0
56.0,-413.0,218.0,-7.0,7.0,-445.0,73.0,-121.0,99.0,101.0
26.0,-569.0,171.0,-47.0,25.0,-488.0,-17.0,-303.0,95.0,93.0
14.0,-606.0,147.0,-101.0,69.0,-310.0,-132.0,-138.0,103.0,110.0
-19.0,-625.0,130.0,-165.0,-38.0,-369.0,-234.0,-73.0,119.0,116.0
-39.0,-484.0,96.0,-169.0,48.0,-574.0,-336.0,-136.0,123.0,93.0
-28.0,-260.0,83.0,-177.0,142.0,-605.0,-455.0,-27.0,99.0,72.0
-3.0,-137.0,76.0,-165.0,52.0,-402.0,-420.0,27.0,89.0,69.0
20.0,-30.0,4.0,-143.0,-27.0,-356.0,-299.0,90.0,108.0,68.0
-4.0,-90.0,-35.0,-129.0,-62.0,-555.0,-185.0,116.0,111.0,59.0
-10.0,-90.0,-63.0,-62.0,154.0,-684.0,-151.0,286.0,101.0,37.0
-32.0,99.0,-87.0,-33.0,96.0,-692.0,-152.0,317.0,80.0,29.0
-37.0,419.0,-81.0,-11.0,-192.0,-711.0,-166.0,120.0,51.0,35.0
-17.0,698.0,-66.0,-6.0,-6.0,-857.0,-228.0,-96.0,24.0,48.0
-2.0,879.0,-71.0,19.0,40.0,-832.0,-361.0,-264.0,-2.0,78.0
19.0,988.0,-61.0,60.0,-99.0,-634.0,-515.0,99.0,-27.0,96.0
22.0,805.0,-68.0,71.0,0.0,-564.0,-575.0,463.0,-60.0,123.0
38.0,599.0,-66.0,28.0,-144.0,-501.0,-587.0,526.0,-87.0,177.0
58.0,474.0,2.0,-100.0,-17.0,-466.0,-544.0,328.0,-119.0,230.0
89.0,429.0,0.0,-159.0,267.0,-422.0,-506.0,0.0,-151.0,264.0
79.0,416.0,12.0,-122.0,-158.0,-548.0,-411.0,-142.0,-169.0,280.0
87.0,386.0,10.0,-20.0,-185.0,-633.0,-188.0,-282.0,-171.0,298.0
103.0,474.0,-18.0,33.0,48.0,-566.0,1.0,44.0,-163.0,311.0
107.0,366.0,-9.0,32.0,-129.0,-580.0,59.0,461.0,-161.0,317.0
176.0,85.0,-20.0,37.0,13.0,-447.0,51.0,692.0,-152.0,295.0
230.0,-333.0,18.0,-30.0,-91.0,-511.0,98.0,698.0,-157.0,261.0
265.0,-661.0,34.0,-72.0,-122.0,-615.0,181.0,290.0,-153.0,239.0
248.0,-708.0,1.0,-38.0,294.0,-582.0,253.0,208.0,-129.0,236.0
223.0,-712.0,55.0,38.0,14.0,-528.0,263.0,273.0,-96.0,231.0
214.0,-581.0,124.0,116.0,-166.0,-496.0,253.0,441.0,-53.0,205.0
209.0,-521.0,66.0,135.0,129.0,-518.0,266.0,386.0,-42.0,197.0
212.0,-397.0,19.0,140.0,21.0,-435.0,231.0,55.0,-25.0,205.0
204.0,-320.0,3.0,134.0,5.0,-467.0,77.0,-14.0,19.0,217.0
228.0,-368.0,-54.0,120.0,-13.0,-571.0,-112.0,-242.0,47.0,221.0
242.0,-148.0,7.0,110.0,-158.0,-726.0,-180.0,-312.0,67.0,230.0
263.0,87.0,19.0,86.0,127.0,-799.0,-193.0,-308.0,92.0,244.0
259.0,223.0,-18.0,78.0,138.0,-780.0,-253.0,-160.0,101.0,250.0
254.0,337.0,52.0,52.0,-78.0,-594.0,-404.0,212.0,120.0,245.0
253.0,465.0,46.0,45.0,24.0,-406.0,-578.0,188.0,149.0,235.0
201.0,290.0,71.0,47.0,-7.0,-438.0,-676.0,134.0,154.0,228.0
172.0,-39.0,64.0,34.0,-46.0,-410.0,-688.0,81.0,161.0,201.0
155.0,-177.0,8.0,62.0,-156.0,-386.0,-688.0,151.0,156.0,183.0
165.0,-151.0,19.0,68.0,-238.0,-445.0,-751.0,227.0,130.0,186.0
175.0,-59.0,-46.0,53.0,75.0,-757.0,-782.0,131.0,115.0,186.0
176.0,-28.0,-90.0,-3.0,62.0,-778.0,-716.0,253.0,117.0,189.0
193.0,78.0,-96.0,-58.0,-138.0,-525.0,-581.0,251.0,130.0,209.0
179.0,27.0,-162.0,-109.0,-94.0,-543.0,-446.0,258.0,110.0,226.0
157.0,45.0,-144.0,-171.0,-108.0,-591.0,-328.0,49.0,91.0,236.0
110.0,-127.0,-137.0,-186.0,26.0,-547.0,-187.0,-306.0,80.0,270.0
61.0,-544.0,-252.0,-208.0,58.0,-414.0,-93.0,-400.0,57.0,295.0
43.0,-661.0,-204.0,-186.0,-136.0,-420.0,-132.0,-386.0,49.0,324.0
46.0,-762.0,-182.0,-146.0,58.0,-566.0,-197.0,-16.0,28.0,332.0
55.0,-737.0,-204.0,-109.0,198.0,-523.0,-150.0,297.0,29.0,328.0
36.0,-624.0,-118.0,-45.0,-55.0,-300.0,-27.0,489.0,49.0,338.0
24.0,-312.0,-144.0,2.0,-3.0,-322.0,116.0,412.0,48.0,324.0
14.0,-14.0,-116.0,34.0,79.0,-457.0,221.0,136.0,65.0,300.0
8.0,221.0,-102.0,60.0,87.0,-501.0,316.0,243.0,75.0,257.0
-4.0,485.0,-115.0,81.0,215.0,-565.0,457.0,358.0,68.0,224.0
-18.0,365.0,-68.0,100.0,-43.0,-626.0,531.0,460.0,62.0,209.0
-33.0,367.0,-75.0,111.0,8.0,-695.0,476.0,428.0,60.0,193.0
-40.0,483.0,-50.0,92.0,312.0,-501.0,394.0,323.0,73.0,179.0
-44.0,549.0,-57.0,107.0,103.0,-396.0,317.0,164.0,96.0,158.0
-56.0,493.0,-38.0,183.0,-2.0,-588.0,201.0,-227.0,115.0,147.0
-12.0,389.0,-19.0,233.0,37.0,-597.0,17.0,-419.0,96.0,163.0
30.0,341.0,-14.0,250.0,40.0,-391.0,-230.0,-474.0,40.0,159.0
61.0,147.0,15.0,241.0,36.0,-305.0,-423.0,-321.0,-1.0,134.0
84.0,57.0,-9.0,212.0,-137.0,-561.0,-530.0,-62.0,-26.0,131.0
121.0,-139.0,36.0,205.0,-102.0,-609.0,-595.0,77.0,-44.0,133.0
160.0,-378.0,58.0,230.0,118.0,-379.0,-663.0,182.0,-41.0,141.0
146.0,-489.0,68.0,229.0,41.0,-285.0,-729.0,179.0,-40.0,132.0
161.0,-336.0,119.0,193.0,-69.0,-315.0,-707.0,195.0,-50.0,111.0
169.0,-242.0,125.0,198.0,-61.0,-336.0,-570.0,60.0,-49.0,97.0
209.0,-362.0,133.0,159.0,-6.0,-208.0,-401.0,-103.0,-62.0,79.0
232.0,-97.0,146.0,121.0,113.0,-258.0,-249.0,22.0,-80.0,58.0
227.0,186.0,164.0,137.0,8.0,-377.0,-37.0,421.0,-78.0,22.0
257.0,434.0,167.0,111.0,-77.0,-360.0,218.0,716.0,-50.0,1.0
242.0,486.0,173.0,69.0,96.0,-290.0,432.0,535.0,-14.0,-14.0
254.0,323.0,149.0,33.0,137.0,-310.0,476.0,550.0,2.0,-10.0
216.0,222.0,166.0,44.0,23.0,-392.0,389.0,578.0,21.0,7.0
183.0,71.0,185.0,56.0,-44.0,-340.0,310.0,184.0,31.0,11.0
183.0,22.0,168.0,128.0,-26.0,-353.0,230.0,-242.0,36.0,14.0
144.0,-20.0,206.0,176.0,139.0,-278.0,79.0,-587.0,44.0,21.0
157.0,169.0,170.0,155.0,35.0,-320.0,-125.0,-338.0,61.0,36.0
145.0,359.0,137.0,173.0,-135.0,-319.0,-258.0,256.0,77.0,32.0
130.0,418.0,124.0,128.0,92.0,-199.0,-259.0,720.0,58.0,24.0
91.0,628.0,108.0,58.0,202.0,-244.0,-158.0,676.0,34.0,15.0
65.0,621.0,114.0,6.0,230.0,-183.0,-38.0,3.0,7.0,2.0
58.0,414.0,73.0,-11.0,46.0,-148.0,85.0,-663.0,14.0,0.0
31.0,222.0,59.0,4.0,-73.0,-64.0,202.0,-1101.0,51.0,-7.0
32.0,26.0,29.0,65.0,166.0,-257.0,290.0,-718.0,70.0,-11.0
1.0,-42.0,4.0,116.0,25.0,-353.0,293.0,169.0,63.0,-11.0
14.0,91.0,0.0,105.0,-137.0,-159.0,167.0,964.0,42.0,-20.0
36.0,49.0,-38.0,109.0,-54.0,-288.0,40.0,1269.0,30.0,6.0
69.0,-51.0,-27.0,117.0,4.0,-351.0,20.0,642.0,0.0,39.0
116.0,-23.0,-69.0,157.0,9.0,-355.0,93.0,-221.0,-15.0,41.0
127.0,-150.0,-70.0,200.0,-135.0,-285.0,135.0,-990.0,-11.0,49.0
131.0,-295.0,9.0,232.0,-205.0,-354.0,156.0,-1158.0,-20.0,67.0
120.0,-527.0,5.0,235.0,7.0,-442.0,163.0,-718.0,-20.0,98.0
128.0,-618.0,1.0,179.0,74.0,-283.0,141.0,-323.0,-16.0,97.0
147.0,-480.0,-26.0,148.0,-152.0,-368.0,63.0,-27.0,6.0,95.0
156.0,-341.0,-17.0,129.0,-98.0,-538.0,-162.0,339.0,42.0,106.0
169.0,-121.0,-46.0,135.0,149.0,-501.0,-409.0,960.0,59.0,98.0
180.0,-9.0,-31.0,132.0,171.0,-363.0,-587.0,1080.0,77.0,111.0
187.0,252.0,36.0,125.0,-24.0,-285.0,-673.0,591.0,113.0,128.0
162.0,358.0,-3.0,117.0,-140.0,-325.0,-705.0,96.0,132.0,167.0
124.0,232.0,60.0,45.0,32.0,-359.0,-654.0,-236.0,150.0,202.0
125.0,353.0,14.0,-27.0,153.0,-200.0,-458.0,-160.0,177.0,245.0
110.0,364.0,-15.0,-94.0,29.0,-167.0,-207.0,25.0,191.0,313.0
111.0,284.0,-2.0,-73.0,29.0,-219.0,14.0,341.0,217.0,363.0
115.0,255.0,-84.0,-27.0,121.0,-302.0,160.0,620.0,217.0,405.0
127.0,479.0,-50.0,3.0,186.0,-373.0,272.0,473.0,195.0,413.0
140.0,622.0,-125.0,7.0,164.0,-185.0,372.0,42.0,184.0,430.0
106.0,453.0,-107.0,-5.0,-98.0,-213.0,431.0,-713.0,173.0,405.0
99.0,417.0,-15.0,27.0,-32.0,-289.0,352.0,-1176.0,181.0,357.0
68.0,364.0,-45.0,62.0,181.0,-265.0,213.0,-1234.0,154.0,353.0
59.0,289.0,-13.0,151.0,38.0,-270.0,101.0,-1221.0,102.0,322.0
52.0,216.0,8.0,124.0,-74.0,-204.0,-15.0,-757.0,70.0,273.0
48.0,82.0,56.0,27.0,5.0,-65.0,-90.0,158.0,16.0,230.0
45.0,93.0,49.0,6.0,141.0,150.0,-155.0,1010.0,-25.0,237.0
27.0,347.0,60.0,6.0,46.0,245.0,-157.0,1359.0,-40.0,245.0
24.0,506.0,82.0,58.0,-190.0,216.0,-88.0,1516.0,-41.0,215.0
-25.0,486.0,32.0,154.0,-83.0,221.0,17.0,1241.0,-45.0,212.0
-39.0,369.0,58.0,262.0,114.0,166.0,107.0,306.0,-72.0,209.0
-57.0,161.0,24.0,314.0,38.0,0.0,176.0,-661.0,-92.0,192.0
-74.0,-18.0,94.0,309.0,-20.0,-95.0,292.0,-1114.0,-94.0,180.0
-72.0,-212.0,120.0,299.0,-44.0,-204.0,416.0,-630.0,-94.0,171.0
-85.0,-204.0,2.0,273.0,5.0,-138.0,483.0,343.0,-87.0,146.0
-78.0,-230.0,38.0,213.0,126.0,41.0,409.0,1245.0,-93.0,104.0
-89.0,-254.0,62.0,132.0,-18.0,83.0,272.0,1335.0,-119.0,77.0
-104.0,-192.0,106.0,79.0,-86.0,240.0,170.0,541.0,-132.0,55.0
-119.0,-211.0,91.0,43.0,87.0,257.0,29.0,-380.0,-107.0,4.0
-125.0,-81.0,74.0,9.0,37.0,237.0,-236.0,-962.0,-65.0,-50.0
-122.0,-96.0,75.0,3.0,-100.0,328.0,-556.0,-615.0,-40.0,-71.0
-117.0,-231.0,48.0,11.0,-76.0,317.0,-785.0,48.0,-21.0,-75.0
-108.0,-410.0,75.0,56.0,19.0,426.0,-879.0,378.0,-19.0,-95.0
-109.0,-545.0,32.0,66.0,120.0,382.0,-906.0,229.0,2.0,-114.0
-100.0,-461.0,61.0,51.0,9.0,224.0,-927.0,-110.0,34.0,-102.0
-85.0,-267.0,25.0,65.0,-80.0,247.0,-858.0,192.0,52.0,-95.0
-57.0,31.0,-23.0,72.0,0.0,312.0,-640.0,655.0,75.0,-73.0
6.0,151.0,11.0,84.0,25.0,279.0,-269.0,896.0,84.0,-48.0
44.0,274.0,-6.0,62.0,126.0,255.0,117.0,711.0,103.0,-48.0
52.0,377.0,16.0,57.0,175.0,375.0,425.0,116.0,127.0,-40.0
67.0,337.0,-5.0,77.0,131.0,244.0,673.0,-380.0,168.0,-28.0
75.0,348.0,0.0,78.0,153.0,143.0,830.0,-875.0,195.0,8.0
78.0,329.0,-1.0,96.0,132.0,218.0,867.0,-899.0,185.0,33.0
69.0,275.0,-60.0,100.0,64.0,237.0,765.0,-522.0,167.0,34.0
65.0,99.0,-28.0,62.0,91.0,89.0,651.0,-195.0,137.0,56.0
52.0,113.0,-50.0,13.0,150.0,-59.0,597.0,66.0,97.0,84.0
40.0,58.0,-90.0,-8.0,91.0,70.0,523.0,327.0,58.0,76.0
47.0,-150.0,-69.0,24.0,15.0,60.0,398.0,829.0,39.0,38.0
58.0,-221.0,-116.0,56.0,-3.0,33.0,265.0,873.0,-3.0,32.0
46.0,-423.0,-94.0,43.0,69.0,-23.0,191.0,317.0,-47.0,44.0
24.0,-522.0,-89.0,32.0,86.0,102.0,182.0,-552.0,-57.0,43.0
29.0,-557.0,-103.0,4.0,-87.0,200.0,148.0,-1082.0,-50.0,59.0
40.0,-327.0,-67.0,-34.0,-120.0,173.0,10.0,-569.0,-31.0,86.0
44.0,-68.0,-137.0,2.0,9.0,283.0,-201.0,306.0,-46.0,101.0
53.0,23.0,-123.0,27.0,-16.0,150.0,-375.0,1293.0,-75.0,91.0
70.0,337.0,-56.0,32.0,-82.0,292.0,-412.0,1607.0,-86.0,80.0
96.0,611.0,-94.0,69.0,-22.0,301.0,-416.0,694.0,-79.0,86.0
122.0,807.0,-79.0,24.0,61.0,256.0,-431.0,-768.0,-49.0,87.0
118.0,738.0,-49.0,-40.0,37.0,352.0,-429.0,-1701.0,-31.0,81.0
114.0,659.0,-116.0,-29.0,0.0,325.0,-424.0,-1212.0,-12.0,96.0
112.0,473.0,-41.0,21.0,9.0,438.0,-415.0,-140.0,1.0,132.0
110.0,36.0,-9.0,75.0,18.0,346.0,-439.0,720.0,3.0,162.0
104.0,-351.0,-62.0,98.0,98.0,340.0,-443.0,801.0,10.0,194.0
95.0,-714.0,-5.0,85.0,112.0,302.0,-353.0,319.0,19.0,222.0
111.0,-881.0,-70.0,65.0,-17.0,204.0,-183.0,68.0,36.0,238.0
106.0,-1089.0,-81.0,96.0,-2.0,272.0,35.0,92.0,40.0,242.0
83.0,-1076.0,-37.0,120.0,90.0,419.0,283.0,452.0,16.0,239.0
79.0,-881.0,-59.0,108.0,-16.0,568.0,494.0,461.0,1.0,253.0
85.0,-583.0,-50.0,91.0,-101.0,561.0,697.0,203.0,-1.0,222.0
76.0,-293.0,-52.0,107.0,-107.0,720.0,880.0,-27.0,7.0,158.0
76.0,-312.0,-62.0,133.0,-24.0,803.0,926.0,-317.0,42.0,114.0
83.0,-212.0,-44.0,140.0,104.0,588.0,829.0,-267.0,56.0,64.0
74.0,-146.0,-44.0,133.0,-19.0,590.0,664.0,-279.0,62.0,7.0
70.0,-53.0,-84.0,69.0,-38.0,773.0,494.0,-229.0,78.0,-44.0
62.0,-46.0,-88.0,-9.0,180.0,853.0,282.0,-60.0,112.0,-95.0
26.0,-193.0,-98.0,-70.0,95.0,814.0,107.0,81.0,171.0,-142.0
12.0,-207.0,-97.0,-99.0,-107.0,734.0,28.0,330.0,195.0,-171.0
-10.0,-105.0,-60.0,-110.0,-52.0,850.0,-7.0,293.0,184.0,-175.0
-37.0,41.0,-27.0,-121.0,-40.0,823.0,-89.0,-55.0,181.0,-168.0
-23.0,136.0,1.0,-120.0,-5.0,621.0,-262.0,-805.0,182.0,-177.0
-39.0,495.0,8.0,-101.0,14.0,489.0,-429.0,-1324.0,178.0,-176.0
-55.0,677.0,-2.0,-91.0,-91.0,404.0,-566.0,-1221.0,163.0,-148.0
-90.0,447.0,21.0,-117.0,22.0,466.0,-651.0,-724.0,141.0,-110.0
-106.0,150.0,-21.0,-132.0,85.0,398.0,-714.0,521.0,125.0,-92.0
-116.0,-53.0,-48.0,-131.0,-50.0,218.0,-754.0,1827.0,120.0,-82.0
-146.0,38.0,5.0,-80.0,-122.0,193.0,-735.0,2276.0,120.0,-72.0
-127.0,146.0,-45.0,-34.0,-105.0,348.0,-644.0,1372.0,106.0,-95.0
-113.0,280.0,-26.0,20.0,-2.0,391.0,-540.0,-282.0,104.0,-130.0
-112.0,280.0,-2.0,94.0,68.0,427.0,-446.0,-1662.0,137.0,-173.0
-122.0,65.0,-22.0,138.0,25.0,578.0,-263.0,-2296.0,158.0,-212.0
-90.0,-32.0,0.0,190.0,-32.0,538.0,-11.0,-1637.0,170.0,-237.0
-77.0,53.0,-15.0,133.0,-31.0,405.0,258.0,-245.0,151.0,-250.0
-109.0,78.0,-42.0,31.0,56.0,317.0,445.0,1110.0,114.0,-259.0
-126.0,-128.0,-103.0,3.0,37.0,397.0,592.0,1583.0,80.0,-277.0
-126.0,-128.0,-99.0,6.0,-70.0,333.0,750.0,873.0,41.0,-296.0
-105.0,-41.0,-132.0,20.0,54.0,259.0,877.0,-299.0,23.0,-305.0
-94.0,134.0,-147.0,61.0,143.0,479.0,934.0,-1315.0,3.0,-296.0
-93.0,230.0,-86.0,144.0,1.0,515.0,827.0,-1424.0,-5.0,-306.0
-95.0,-111.0,-89.0,164.0,-34.0,434.0,621.0,-829.0,-19.0,-323.0
-86.0,-434.0,-71.0,166.0,65.0,496.0,386.0,20.0,-52.0,-321.0
-86.0,-481.0,-94.0,160.0,61.0,564.0,158.0,593.0,-88.0,-315.0
-65.0,-291.0,-42.0,125.0,-19.0,616.0,-62.0,428.0,-124.0,-297.0
-59.0,-160.0,-9.0,58.0,-137.0,691.0,-227.0,3.0,-144.0,-282.0
-57.0,67.0,-50.0,-60.0,-64.0,699.0,-255.0,-460.0,-167.0,-255.0
-56.0,236.0,-15.0,-165.0,115.0,718.0,-221.0,-617.0,-181.0,-216.0
-66.0,396.0,-16.0,-251.0,-62.0,700.0,-182.0,-515.0,-161.0,-183.0
-49.0,537.0,-36.0,-263.0,-117.0,762.0,-206.0,-96.0,-139.0,-133.0
-57.0,351.0,-31.0,-265.0,51.0,822.0,-279.0,524.0,-150.0,-75.0
-25.0,393.0,-12.0,-234.0,-4.0,665.0,-296.0,583.0,-172.0,-30.0
-2.0,293.0,-63.0,-161.0,-119.0,701.0,-301.0,402.0,-176.0,18.0
-20.0,-12.0,-61.0,-121.0,-129.0,771.0,-418.0,18.0,-164.0,82.0
-44.0,-318.0,-36.0,-58.0,-61.0,809.0,-576.0,-352.0,-152.0,132.0
-77.0,-551.0,-43.0,-13.0,38.0,820.0,-617.0,-461.0,-159.0,144.0
-92.0,-484.0,-44.0,28.0,-3.0,716.0,-496.0,-493.0,-153.0,133.0
-89.0,-279.0,-82.0,73.0,-167.0,841.0,-317.0,-166.0,-144.0,108.0
-66.0,-104.0,-105.0,96.0,-50.0,904.0,-155.0,243.0,-153.0,78.0
-55.0,-37.0,-140.0,109.0,96.0,760.0,1.0,593.0,-170.0,36.0
-45.0,482.0,-178.0,87.0,14.0,581.0,160.0,537.0,-182.0,-11.0
-46.0,1070.0,-205.0,35.0,-24.0,510.0,294.0,242.0,-178.0,-56.0
-62.0,1285.0,-110.0,-22.0,57.0,560.0,297.0,-168.0,-183.0,-101.0
-74.0,1334.0,-116.0,-55.0,141.0,558.0,224.0,-918.0,-201.0,-134.0
-84.0,1207.0,-148.0,-73.0,88.0,535.0,172.0,-1114.0,-206.0,-156.0
-71.0,1023.0,-8.0,-73.0,25.0,484.0,132.0,-796.0,-201.0,-150.0
-41.0,562.0,-64.0,-15.0,-28.0,642.0,77.0,-221.0,-187.0,-139.0
-27.0,45.0,-55.0,26.0,84.0,713.0,12.0,229.0,-167.0,-138.0
-8.0,-301.0,60.0,52.0,215.0,528.0,12.0,160.0,-153.0,-127.0
1.0,-405.0,-8.0,86.0,17.0,424.0,89.0,-64.0,-121.0,-114.0
-25.0,-382.0,-20.0,62.0,-14.0,427.0,186.0,-336.0,-79.0,-110.0
-40.0,-330.0,-20.0,10.0,137.0,663.0,231.0,-212.0,-50.0,-103.0
-46.0,-139.0,-64.0,-23.0,33.0,657.0,235.0,83.0,-34.0,-100.0
-44.0,-170.0,-64.0,-29.0,-14.0,487.0,257.0,190.0,-16.0,-103.0
-37.0,-168.0,-27.0,-25.0,-37.0,507.0,291.0,-103.0,8.0,-90.0
-32.0,-168.0,14.0,-55.0,-186.0,521.0,252.0,-563.0,23.0,-68.0
-15.0,-374.0,8.0,-117.0,-3.0,648.0,149.0,-367.0,52.0,-65.0
-12.0,-501.0,49.0,-155.0,27.0,569.0,49.0,-72.0,82.0,-81.0
-33.0,-576.0,6.0,-94.0,-218.0,460.0,-12.0,145.0,114.0,-99.0
-52.0,-737.0,-6.0,-48.0,25.0,547.0,-23.0,408.0,125.0,-137.0
-51.0,-912.0,39.0,-92.0,159.0,490.0,-57.0,461.0,123.0,-164.0
-48.0,-808.0,-40.0,-79.0,-102.0,647.0,-85.0,330.0,148.0,-179.0
-66.0,-574.0,11.0,-64.0,-72.0,855.0,-79.0,-86.0,177.0,-213.0
-69.0,-247.0,15.0,-34.0,-5.0,811.0,-26.0,-375.0,223.0,-238.0
-63.0,-122.0,1.0,10.0,16.0,844.0,4.0,-406.0,245.0,-272.0
-75.0,-94.0,71.0,12.0,90.0,876.0,-43.0,-173.0,237.0,-291.0
-104.0,210.0,56.0,7.0,-32.0,934.0,-61.0,232.0,221.0,-298.0
-135.0,336.0,41.0,-66.0,11.0,956.0,-30.0,583.0,193.0,-304.0
-131.0,393.0,39.0,-159.0,169.0,944.0,38.0,740.0,183.0,-294.0
-142.0,337.0,63.0,-215.0,76.0,952.0,27.0,354.0,174.0,-258.0
-138.0,40.0,9.0,-180.0,-83.0,875.0,-55.0,-242.0,159.0,-193.0
-132.0,-345.0,14.0,-124.0,-118.0,946.0,-56.0,-925.0,146.0,-142.0
-137.0,-525.0,-28.0,-99.0,17.0,820.0,2.0,-1114.0,137.0,-95.0
-150.0,-653.0,-75.0,-41.0,7.0,612.0,43.0,-521.0,121.0,-66.0
-179.0,-938.0,5.0,-6.0,-137.0,690.0,23.0,-29.0,82.0,-54.0
-167.0,-839.0,-99.0,16.0,-49.0,758.0,12.0,234.0,40.0,-42.0
-137.0,-587.0,-122.0,-13.0,-31.0,753.0,59.0,260.0,13.0,-54.0
-83.0,-289.0,-87.0,-64.0,-117.0,632.0,106.0,399.0,-21.0,-76.0
-71.0,-226.0,-88.0,-56.0,-239.0,634.0,54.0,554.0,-53.0,-108.0
-63.0,-321.0,-76.0,-38.0,-365.0,590.0,-60.0,545.0,-57.0,-131.0
-56.0,-76.0,-68.0,-29.0,-100.0,393.0,-138.0,692.0,-53.0,-155.0
-51.0,59.0,-83.0,-36.0,-37.0,378.0,-146.0,639.0,-57.0,-179.0
-24.0,199.0,-134.0,-89.0,-251.0,310.0,-151.0,365.0,-83.0,-194.0
-55.0,445.0,-43.0,-149.0,-84.0,367.0,-178.0,-419.0,-121.0,-197.0
-11.0,657.0,-66.0,-184.0,58.0,444.0,-141.0,-1237.0,-133.0,-181.0
27.0,595.0,-92.0,-190.0,-7.0,269.0,-45.0,-1339.0,-150.0,-175.0
66.0,466.0,-112.0,-190.0,-40.0,245.0,31.0,-809.0,-167.0,-162.0
125.0,464.0,-120.0,-174.0,-182.0,265.0,38.0,129.0,-152.0,-141.0
143.0,266.0,-63.0,-134.0,-182.0,371.0,7.0,480.0,-156.0,-114.0
170.0,93.0,-102.0,-96.0,141.0,442.0,-39.0,293.0,-164.0,-58.0
143.0,-185.0,-65.0,-43.0,-28.0,141.0,-74.0,-286.0,-167.0,-25.0
155.0,-459.0,-111.0,-5.0,-269.0,53.0,-166.0,-1001.0,-181.0,-19.0
149.0,-538.0,-51.0,26.0,93.0,118.0,-313.0,-986.0,-184.0,-37.0
146.0,-375.0,25.0,30.0,88.0,200.0,-359.0,-506.0,-187.0,-57.0
144.0,-210.0,-63.0,-13.0,-124.0,406.0,-294.0,251.0,-180.0,-68.0
107.0,-308.0,-65.0,-74.0,-163.0,333.0,-162.0,624.0,-161.0,-123.0
128.0,-262.0,-4.0,-105.0,-219.0,369.0,-73.0,454.0,-126.0,-179.0
109.0,-126.0,-10.0,-87.0,52.0,463.0,22.0,131.0,-73.0,-213.0
129.0,169.0,-13.0,-72.0,72.0,375.0,156.0,-356.0,-24.0,-243.0
114.0,501.0,50.0,-59.0,-216.0,469.0,264.0,-559.0,5.0,-257.0
78.0,459.0,-22.0,-75.0,-38.0,527.0,343.0,-502.0,28.0,-272.0
72.0,-71.0,32.0,-41.0,241.0,546.0,349.0,9.0,54.0,-281.0
65.0,-537.0,90.0,39.0,179.0,471.0,336.0,637.0,62.0,-280.0
85.0,-561.0,12.0,96.0,-52.0,383.0,336.0,838.0,63.0,-290.0
65.0,-505.0,96.0,138.0,-48.0,412.0,308.0,598.0,81.0,-277.0
66.0,-349.0,86.0,135.0,104.0,372.0,183.0,-229.0,102.0,-268.0
25.0,-265.0,-7.0,75.0,78.0,511.0,62.0,-818.0,118.0,-278.0
21.0,-123.0,8.0,-13.0,-19.0,557.0,1.0,-995.0,126.0,-259.0
34.0,78.0,-16.0,-79.0,-25.0,258.0,-46.0,-942.0,105.0,-237.0
25.0,252.0,-31.0,-182.0,183.0,84.0,-62.0,-550.0,73.0,-203.0
36.0,350.0,-9.0,-256.0,247.0,98.0,-76.0,-68.0,44.0,-177.0
33.0,235.0,-43.0,-218.0,-25.0,22.0,-76.0,485.0,41.0,-150.0
81.0,313.0,-97.0,-158.0,-147.0,-64.0,-45.0,624.0,61.0,-121.0
78.0,257.0,-123.0,-107.0,40.0,-156.0,2.0,380.0,59.0,-122.0
89.0,93.0,-105.0,-56.0,114.0,-8.0,-36.0,-64.0,45.0,-122.0
110.0,-8.0,-136.0,65.0,-76.0,156.0,-81.0,-421.0,15.0,-113.0
125.0,67.0,-108.0,212.0,-130.0,-52.0,-91.0,-325.0,-18.0,-115.0
141.0,371.0,-120.0,255.0,5.0,-18.0,-84.0,-155.0,-47.0,-160.0
143.0,128.0,-112.0,200.0,158.0,-11.0,-70.0,112.0,-75.0,-190.0
168.0,-184.0,-46.0,126.0,131.0,-220.0,-163.0,155.0,-106.0,-203.0
150.0,-118.0,-130.0,85.0,-104.0,-352.0,-219.0,-46.0,-137.0,-225.0
160.0,-38.0,-106.0,66.0,-30.0,-198.0,-229.0,-297.0,-147.0,-228.0
148.0,-66.0,-76.0,53.0,194.0,31.0,-212.0,-386.0,-157.0,-224.0
155.0,-293.0,-65.0,39.0,86.0,-75.0,-171.0,-118.0,-162.0,-221.0
170.0,-768.0,-40.0,-3.0,-27.0,-167.0,-157.0,9.0,-174.0,-231.0
142.0,-1108.0,-78.0,0.0,1.0,-268.0,-130.0,151.0,-190.0,-238.0
122.0,-887.0,-41.0,103.0,143.0,-317.0,-133.0,64.0,-208.0,-250.0
98.0,-661.0,-50.0,183.0,208.0,-499.0,-200.0,-149.0,-221.0,-284.0
99.0,-512.0,-71.0,191.0,-56.0,-538.0,-353.0,-238.0,-226.0,-319.0
93.0,-253.0,-26.0,190.0,-61.0,-463.0,-470.0,-312.0,-231.0,-343.0
106.0,100.0,-17.0,218.0,201.0,-495.0,-457.0,-22.0,-232.0,-362.0
87.0,449.0,15.0,204.0,91.0,-255.0,-375.0,105.0,-229.0,-377.0
25.0,641.0,17.0,156.0,-169.0,-242.0,-313.0,42.0,-198.0,-374.0
-27.0,862.0,8.0,90.0,-155.0,-398.0,-246.0,-399.0,-161.0,-357.0
-73.0,899.0,91.0,67.0,2.0,-644.0,-96.0,-1019.0,-140.0,-306.0
-76.0,750.0,84.0,86.0,74.0,-701.0,102.0,-971.0,-136.0,-249.0
-76.0,529.0,104.0,12.0,-36.0,-571.0,227.0,-642.0,-124.0,-194.0
-78.0,501.0,125.0,-46.0,-79.0,-509.0,204.0,-188.0,-100.0,-111.0
-60.0,601.0,67.0,-30.0,90.0,-327.0,108.0,84.0,-72.0,-52.0
-65.0,523.0,108.0,-8.0,76.0,-284.0,18.0,149.0,-27.0,0.0
-90.0,303.0,114.0,-11.0,-55.0,-267.0,-32.0,77.0,16.0,72.0
-100.0,-46.0,81.0,-6.0,-164.0,-267.0,-93.0,-112.0,68.0,112.0
-116.0,-315.0,44.0,21.0,-107.0,-173.0,-135.0,-186.0,103.0,115.0
-117.0,-556.0,41.0,23.0,95.0,-82.0,-88.0,-471.0,135.0,123.0
-119.0,-422.0,56.0,-37.0,-28.0,-177.0,27.0,-378.0,186.0,129.0
-108.0,-239.0,4.0,-158.0,-141.0,-242.0,94.0,25.0,196.0,119.0
-86.0,-423.0,13.0,-228.0,-8.0,-180.0,74.0,437.0,185.0,119.0
-65.0,-525.0,16.0,-175.0,39.0,-110.0,81.0,879.0,182.0,125.0
-54.0,-559.0,-30.0,-36.0,-66.0,-69.0,95.0,776.0,182.0,138.0
-55.0,-413.0,-27.0,47.0,-203.0,-82.0,109.0,628.0,161.0,157.0
-47.0,-298.0,11.0,0.0,-139.0,-398.0,58.0,546.0,115.0,168.0
-64.0,-226.0,-19.0,-118.0,85.0,-527.0,-38.0,354.0,73.0,160.0
-33.0,-108.0,-44.0,-206.0,2.0,-467.0,-88.0,-133.0,22.0,124.0
-3.0,119.0,-43.0,-182.0,-250.0,-406.0,-115.0,-800.0,-15.0,93.0
57.0,323.0,-44.0,-72.0,14.0,-378.0,-141.0,-905.0,-49.0,78.0
94.0,101.0,-25.0,78.0,245.0,-507.0,-218.0,-733.0,-78.0,59.0
78.0,-95.0,-52.0,191.0,34.0,-344.0,-254.0,-463.0,-110.0,35.0
91.0,-95.0,-4.0,175.0,-65.0,-302.0,-229.0,-495.0,-173.0,7.0
87.0,145.0,-2.0,103.0,-72.0,-389.0,-261.0,-535.0,-217.0,-17.0
101.0,273.0,-23.0,-3.0,106.0,-355.0,-388.0,11.0,-248.0,-26.0
73.0,112.0,2.0,-159.0,208.0,-392.0,-531.0,561.0,-261.0,-38.0
81.0,170.0,-23.0,-250.0,-20.0,-434.0,-577.0,907.0,-252.0,-46.0
88.0,380.0,-21.0,-291.0,33.0,-618.0,-531.0,735.0,-260.0,-21.0
91.0,566.0,-51.0,-252.0,267.0,-579.0,-483.0,295.0,-255.0,0.0
85.0,732.0,-20.0,-195.0,207.0,-334.0,-456.0,-166.0,-246.0,18.0
82.0,809.0,-38.0,-166.0,-65.0,-342.0,-392.0,-600.0,-230.0,49.0
96.0,568.0,-109.0,-79.0,-252.0,-408.0,-230.0,-567.0,-201.0,58.0
64.0,431.0,-67.0,20.0,-79.0,-513.0,-1.0,-238.0,-188.0,39.0
80.0,507.0,-78.0,142.0,65.0,-672.0,149.0,286.0,-196.0,24.0
68.0,353.0,-76.0,233.0,-246.0,-539.0,210.0,395.0,-198.0,7.0
70.0,283.0,-83.0,252.0,-337.0,-598.0,270.0,9.0,-181.0,-13.0
27.0,290.0,-109.0,241.0,-19.0,-722.0,311.0,-506.0,-151.0,-31.0
21.0,99.0,-80.0,279.0,128.0,-732.0,247.0,-997.0,-97.0,-32.0
26.0,-158.0,-112.0,284.0,30.0,-799.0,119.0,-981.0,-51.0,-43.0
36.0,-441.0,-86.0,188.0,-105.0,-560.0,53.0,-803.0,-31.0,-69.0
32.0,-599.0,-45.0,124.0,72.0,-573.0,70.0,-347.0,-34.0,-67.0
-27.0,-513.0,-26.0,54.0,251.0,-543.0,91.0,181.0,-54.0,-73.0
-5.0,-591.0,28.0,41.0,86.0,-394.0,-16.0,443.0,-65.0,-110.0
-45.0,-758.0,-1.0,94.0,21.0,-278.0,-174.0,539.0,-77.0,-147.0
-53.0,-567.0,-22.0,138.0,103.0,-160.0,-270.0,306.0,-81.0,-166.0
-81.0,-254.0,19.0,129.0,222.0,-317.0,-292.0,290.0,-79.0,-186.0
-62.0,98.0,33.0,96.0,280.0,-260.0,-305.0,304.0,-87.0,-206.0
-57.0,342.0,-8.0,80.0,1.0,-310.0,-363.0,225.0,-95.0,-231.0
-83.0,348.0,-6.0,-42.0,-77.0,-346.0,-389.0,38.0,-106.0,-265.0
-71.0,373.0,-10.0,-131.0,269.0,-197.0,-355.0,-275.0,-110.0,-308.0
-96.0,351.0,-19.0,-107.0,149.0,-127.0,-325.0,-280.0,-112.0,-363.0
-100.0,436.0,4.0,-107.0,-186.0,14.0,-371.0,-247.0,-121.0,-405.0
-155.0,345.0,-30.0,-146.0,-158.0,-27.0,-411.0,-46.0,-111.0,-445.0
-135.0,17.0,-9.0,-197.0,-13.0,81.0,-381.0,46.0,-104.0,-495.0
-165.0,-283.0,-7.0,-210.0,147.0,338.0,-292.0,94.0,-69.0,-544.0
-173.0,-520.0,-56.0,-164.0,-90.0,185.0,-219.0,362.0,-19.0,-563.0
-172.0,-367.0,-17.0,-96.0,-223.0,100.0,-151.0,254.0,-12.0,-558.0
-154.0,-82.0,-7.0,-40.0,199.0,-31.0,-25.0,35.0,-24.0,-544.0
-116.0,134.0,-62.0,0.0,157.0,-30.0,148.0,-365.0,-44.0,-496.0
-153.0,0.0,-56.0,-10.0,-67.0,194.0,339.0,-665.0,-40.0,-441.0
-160.0,12.0,-70.0,-39.0,77.0,29.0,403.0,-463.0,-12.0,-396.0
-204.0,171.0,-86.0,-40.0,121.0,-8.0,413.0,-136.0,-4.0,-325.0
-192.0,-63.0,-76.0,-45.0,177.0,-135.0,383.0,181.0,0.0,-224.0
-199.0,-182.0,-99.0,-90.0,102.0,-145.0,314.0,57.0,-18.0,-138.0
-168.0,-523.0,-83.0,-145.0,-143.0,-10.0,235.0,-142.0,-22.0,-78.0
-136.0,-653.0,-94.0,-93.0,21.0,-133.0,61.0,-388.0,-12.0,-18.0
-132.0,-423.0,-90.0,14.0,137.0,-172.0,-88.0,-770.0,-11.0,25.0
-125.0,-178.0,-116.0,58.0,-142.0,-235.0,-204.0,-790.0,7.0,31.0
-139.0,78.0,-131.0,62.0,-258.0,-331.0,-287.0,-535.0,17.0,16.0
-146.0,41.0,-116.0,25.0,-201.0,-436.0,-345.0,-35.0,15.0,23.0
-174.0,-23.0,-110.0,-24.0,3.0,-368.0,-342.0,90.0,36.0,17.0
-170.0,5.0,-72.0,-37.0,41.0,-336.0,-233.0,-101.0,82.0,-9.0
-157.0,423.0,-67.0,-9.0,-281.0,-351.0,-68.0,-282.0,112.0,-29.0
-99.0,649.0,7.0,41.0,-141.0,-411.0,76.0,-328.0,116.0,-47.0
-69.0,390.0,1.0,95.0,155.0,-391.0,78.0,35.0,83.0,-50.0
-37.0,367.0,-24.0,114.0,-16.0,-321.0,53.0,219.0,33.0,-81.0
-33.0,424.0,35.0,131.0,-95.0,-327.0,48.0,238.0,12.0,-110.0
-3.0,285.0,-1.0,152.0,-54.0,-304.0,60.0,-35.0,22.0,-124.0
39.0,147.0,-65.0,110.0,24.0,-342.0,68.0,-399.0,47.0,-153.0
39.0,17.0,0.0,89.0,108.0,50.0,40.0,-406.0,51.0,-167.0
67.0,-294.0,72.0,111.0,-115.0,162.0,56.0,-199.0,64.0,-161.0
55.0,-347.0,35.0,86.0,-128.0,-6.0,41.0,234.0,82.0,-151.0
78.0,-175.0,95.0,19.0,110.0,60.0,-26.0,317.0,86.0,-155.0
76.0,60.0,76.0,-23.0,116.0,116.0,-98.0,149.0,92.0,-136.0
83.0,264.0,59.0,23.0,-5.0,101.0,-134.0,11.0,109.0,-83.0
91.0,383.0,115.0,73.0,-142.0,-151.0,-121.0,-68.0,132.0,-43.0
79.0,380.0,30.0,80.0,-100.0,-58.0,-138.0,88.0,141.0,-20.0
79.0,175.0,51.0,53.0,39.0,109.0,-194.0,288.0,145.0,22.0
72.0,383.0,23.0,31.0,-92.0,64.0,-192.0,491.0,141.0,70.0
68.0,448.0,18.0,72.0,-237.0,77.0,-56.0,266.0,141.0,105.0
48.0,189.0,108.0,46.0,-29.0,-54.0,176.0,-391.0,130.0,142.0
36.0,101.0,37.0,-24.0,131.0,-74.0,369.0,-975.0,127.0,172.0
37.0,183.0,-12.0,-86.0,60.0,-115.0,478.0,-1023.0,123.0,193.0
44.0,-101.0,-44.0,-123.0,-35.0,-319.0,566.0,-402.0,97.0,193.0
35.0,-812.0,-49.0,-77.0,-58.0,-217.0,639.0,66.0,82.0,202.0
36.0,-1074.0,-51.0,-72.0,115.0,-158.0,651.0,293.0,63.0,222.0
14.0,-1300.0,-71.0,-86.0,-9.0,-25.0,576.0,404.0,44.0,237.0
10.0,-1062.0,-12.0,-54.0,-236.0,185.0,473.0,288.0,11.0,239.0
-17.0,-642.0,-8.0,-46.0,-69.0,-4.0,382.0,-49.0,-43.0,241.0
-36.0,-640.0,-27.0,-32.0,-9.0,-202.0,273.0,-700.0,-86.0,263.0
-32.0,-215.0,1.0,-9.0,-69.0,-216.0,72.0,-787.0,-113.0,281.0
-32.0,234.0,27.0,-27.0,-105.0,-30.0,-194.0,-256.0,-155.0,306.0
0.0,300.0,3.0,-40.0,-131.0,-206.0,-388.0,162.0,-199.0,316.0
-16.0,140.0,-56.0,-17.0,-4.0,-427.0,-504.0,118.0,-226.0,318.0
-11.0,242.0,-42.0,9.0,45.0,-165.0,-578.0,-243.0,-238.0,300.0
-16.0,230.0,-25.0,-10.0,-163.0,27.0,-661.0,-203.0,-227.0,260.0
-46.0,-11.0,-81.0,-46.0,-229.0,-16.0,-715.0,16.0,-217.0,237.0
-90.0,195.0,-58.0,-63.0,-8.0,-79.0,-662.0,147.0,-193.0,204.0
-81.0,297.0,-82.0,-154.0,72.0,139.0,-506.0,96.0,-161.0,159.0
-56.0,49.0,-110.0,-207.0,-39.0,155.0,-349.0,20.0,-141.0,125.0
-38.0,-257.0,-30.0,-144.0,-45.0,-10.0,-240.0,44.0,-108.0,76.0
-7.0,-545.0,-89.0,-48.0,87.0,-86.0,-101.0,-142.0,-68.0,6.0
-59.0,-751.0,-114.0,22.0,173.0,-79.0,71.0,-253.0,-31.0,-62.0
-97.0,-752.0,-109.0,61.0,-8.0,-38.0,257.0,-254.0,2.0,-124.0
-128.0,-644.0,-142.0,85.0,-118.0,-103.0,369.0,62.0,31.0,-176.0
-149.0,-467.0,-142.0,46.0,139.0,105.0,499.0,317.0,60.0,-224.0
-184.0,-344.0,-164.0,0.0,150.0,112.0,652.0,83.0,83.0,-241.0
-179.0,-138.0,-161.0,-39.0,47.0,-63.0,749.0,-192.0,82.0,-215.0
-159.0,131.0,-169.0,-52.0,48.0,-94.0,765.0,-450.0,71.0,-199.0
-173.0,-64.0,-186.0,-43.0,15.0,-189.0,629.0,-408.0,74.0,-196.0
-171.0,-59.0,-232.0,-37.0,115.0,-60.0,487.0,-352.0,79.0,-184.0
-191.0,123.0,-174.0,29.0,23.0,-68.0,329.0,-314.0,83.0,-179.0
-204.0,325.0,-167.0,125.0,-183.0,-150.0,126.0,-66.0,96.0,-173.0
-236.0,533.0,-204.0,198.0,-22.0,-156.0,-119.0,79.0,115.0,-173.0
-225.0,547.0,-158.0,199.0,139.0,-111.0,-358.0,434.0,125.0,-190.0
-213.0,715.0,-171.0,137.0,-55.0,70.0,-495.0,770.0,100.0,-209.0
-240.0,350.0,-117.0,46.0,-18.0,-73.0,-517.0,1005.0,73.0,-232.0
-256.0,53.0,-75.0,-6.0,68.0,-69.0,-469.0,912.0,54.0,-251.0
-292.0,98.0,-16.0,-43.0,64.0,-54.0,-456.0,310.0,24.0,-243.0
-327.0,-15.0,-19.0,-56.0,160.0,-150.0,-409.0,-44.0,-3.0,-233.0
-335.0,-52.0,-56.0,-45.0,-39.0,-9.0,-350.0,-208.0,-29.0,-239.0
-293.0,-46.0,38.0,-131.0,-71.0,13.0,-290.0,-229.0,-37.0,-214.0
-255.0,300.0,58.0,-130.0,183.0,4.0,-235.0,-312.0,-20.0,-177.0
-249.0,316.0,80.0,-59.0,166.0,-58.0,-160.0,-421.0,3.0,-143.0
-225.0,126.0,92.0,-34.0,-9.0,-60.0,-31.0,-195.0,4.0,-104.0
-222.0,100.0,106.0,40.0,94.0,-70.0,64.0,60.0,-9.0,-54.0
-234.0,-309.0,130.0,67.0,198.0,-89.0,87.0,404.0,-17.0,-5.0
-234.0,-661.0,161.0,42.0,10.0,-79.0,43.0,578.0,-21.0,8.0
-231.0,-836.0,216.0,-55.0,-123.0,-80.0,73.0,705.0,0.0,33.0
-215.0,-927.0,128.0,-173.0,-118.0,-15.0,161.0,752.0,20.0,59.0
-216.0,-812.0,139.0,-206.0,-42.0,-77.0,224.0,487.0,9.0,78.0
-179.0,-570.0,170.0,-186.0,-28.0,-38.0,227.0,205.0,4.0,92.0
-146.0,-227.0,39.0,-69.0,-122.0,-10.0,222.0,-16.0,-6.0,100.0
-132.0,44.0,64.0,20.0,-197.0,-51.0,261.0,179.0,-10.0,114.0
-114.0,266.0,62.0,7.0,-124.0,-141.0,238.0,242.0,13.0,101.0
-130.0,370.0,34.0,19.0,-1.0,-338.0,151.0,-14.0,24.0,88.0
-156.0,371.0,86.0,-1.0,-96.0,-316.0,21.0,-291.0,19.0,69.0
-171.0,466.0,24.0,-21.0,-229.0,-221.0,-2.0,-541.0,25.0,25.0
-150.0,509.0,23.0,33.0,-60.0,-81.0,101.0,-345.0,48.0,-23.0
-130.0,617.0,2.0,21.0,77.0,51.0,165.0,-22.0,79.0,-61.0
-105.0,732.0,5.0,-7.0,-47.0,37.0,155.0,315.0,110.0,-93.0
-100.0,599.0,36.0,-39.0,-86.0,112.0,150.0,389.0,111.0,-119.0
-74.0,498.0,-33.0,-60.0,-40.0,75.0,219.0,328.0,106.0,-135.0
-48.0,455.0,-8.0,6.0,79.0,-143.0,286.0,413.0,116.0,-151.0
-64.0,177.0,-26.0,5.0,86.0,-408.0,269.0,352.0,137.0,-157.0
-72.0,-32.0,-49.0,-16.0,-77.0,-431.0,134.0,410.0,171.0,-147.0
-71.0,-49.0,43.0,-24.0,88.0,-175.0,-21.0,391.0,183.0,-114.0
-52.0,-53.0,57.0,-86.0,253.0,-208.0,-144.0,423.0,182.0,-90.0
-45.0,-77.0,6.0,-121.0,91.0,-104.0,-270.0,317.0,195.0,-91.0
-53.0,-79.0,59.0,-165.0,25.0,89.0,-404.0,-221.0,221.0,-83.0
-86.0,-71.0,101.0,-204.0,56.0,-195.0,-484.0,-683.0,242.0,-74.0
-89.0,-191.0,132.0,-192.0,71.0,-323.0,-445.0,-942.0,258.0,-83.0
-90.0,-210.0,94.0,-256.0,104.0,-301.0,-332.0,-593.0,259.0,-93.0
-98.0,-268.0,15.0,-294.0,-32.0,-256.0,-232.0,86.0,233.0,-92.0
-101.0,-198.0,70.0,-203.0,-104.0,-73.0,-182.0,709.0,224.0,-89.0
-101.0,-74.0,127.0,-95.0,111.0,-258.0,-51.0,1084.0,207.0,-83.0
-68.0,-124.0,162.0,-31.0,63.0,-250.0,84.0,875.0,181.0,-69.0
-70.0,-7.0,77.0,-11.0,-154.0,31.0,152.0,539.0,169.0,-44.0
-79.0,-134.0,98.0,-13.0,-205.0,102.0,172.0,66.0,147.0,-25.0
-71.0,-119.0,105.0,-39.0,-132.0,83.0,107.0,-190.0,123.0,3.0
-42.0,90.0,66.0,-24.0,18.0,-108.0,53.0,-20.0,114.0,48.0
-31.0,98.0,74.0,-21.0,-142.0,-56.0,41.0,151.0,123.0,79.0
-37.0,22.0,-28.0,-55.0,-209.0,117.0,68.0,345.0,136.0,101.0
-49.0,-158.0,-12.0,-109.0,25.0,79.0,62.0,382.0,144.0,121.0
-57.0,-123.0,-79.0,-75.0,68.0,-151.0,48.0,465.0,144.0,147.0
-56.0,-151.0,-3.0,38.0,16.0,-305.0,15.0,454.0,147.0,169.0
-51.0,-96.0,20.0,72.0,25.0,-4.0,-67.0,236.0,148.0,172.0
-3.0,-165.0,-69.0,93.0,100.0,273.0,-162.0,-86.0,136.0,185.0
9.0,-349.0,-18.0,38.0,138.0,40.0,-223.0,-570.0,151.0,200.0
10.0,-99.0,-116.0,19.0,10.0,-294.0,-225.0,-596.0,142.0,197.0
-14.0,-47.0,-70.0,75.0,-131.0,-153.0,-195.0,-245.0,122.0,190.0
-43.0,24.0,-105.0,41.0,14.0,-4.0,-95.0,354.0,125.0,175.0
-60.0,168.0,-116.0,-3.0,80.0,-139.0,9.0,792.0,134.0,168.0
-72.0,312.0,-18.0,-38.0,-15.0,-253.0,192.0,737.0,144.0,170.0
-60.0,456.0,-37.0,-69.0,-76.0,-196.0,395.0,532.0,111.0,182.0
-84.0,377.0,10.0,-88.0,-209.0,186.0,538.0,64.0,71.0,190.0
-83.0,352.0,-45.0,-148.0,43.0,231.0,631.0,-114.0,35.0,186.0
-70.0,195.0,-38.0,-124.0,38.0,-156.0,628.0,25.0,-19.0,190.0
-57.0,166.0,14.0,-57.0,-256.0,-185.0,651.0,315.0,-75.0,210.0
-49.0,107.0,-21.0,-93.0,-11.0,-182.0,598.0,556.0,-129.0,232.0
-58.0,-63.0,-31.0,-127.0,136.0,-54.0,442.0,378.0,-175.0,229.0
-49.0,-146.0,-22.0,-151.0,91.0,-150.0,284.0,177.0,-201.0,241.0
-54.0,-279.0,6.0,-140.0,105.0,-582.0,161.0,-227.0,-216.0,254.0
-46.0,-132.0,-6.0,-52.0,7.0,-222.0,42.0,-485.0,-228.0,272.0
-18.0,-96.0,41.0,17.0,42.0,31.0,-163.0,-336.0,-207.0,306.0
6.0,-177.0,53.0,42.0,204.0,-229.0,-455.0,160.0,-186.0,339.0
18.0,-171.0,31.0,59.0,-111.0,-500.0,-707.0,812.0,-175.0,376.0
19.0,-326.0,66.0,94.0,-143.0,-427.0,-787.0,946.0,-141.0,376.0
19.0,-500.0,-33.0,124.0,232.0,-100.0,-757.0,853.0,-102.0,365.0
8.0,-668.0,0.0,178.0,34.0,-237.0,-694.0,676.0,-44.0,314.0
7.0,-847.0,75.0,266.0,-28.0,-298.0,-578.0,578.0,14.0,222.0
15.0,-736.0,42.0,265.0,35.0,-355.0,-377.0,541.0,76.0,131.0
22.0,-367.0,95.0,204.0,-7.0,-299.0,-106.0,363.0,129.0,42.0
30.0,-200.0,76.0,134.0,133.0,-77.0,121.0,380.0,141.0,-15.0
34.0,155.0,10.0,75.0,0.0,-135.0,219.0,254.0,160.0,-53.0
19.0,635.0,12.0,31.0,-159.0,-43.0,279.0,40.0,188.0,-67.0
0.0,858.0,80.0,-96.0,76.0,31.0,356.0,-79.0,201.0,-64.0
-4.0,967.0,114.0,-173.0,142.0,74.0,432.0,-20.0,205.0,-59.0
-4.0,948.0,160.0,-75.0,29.0,156.0,466.0,216.0,199.0,-38.0
1.0,905.0,121.0,55.0,-45.0,77.0,453.0,338.0,161.0,-1.0
11.0,736.0,57.0,86.0,-68.0,-141.0,514.0,484.0,115.0,35.0
35.0,637.0,53.0,8.0,121.0,-294.0,604.0,352.0,81.0,62.0
32.0,304.0,-26.0,-69.0,-17.0,-137.0,617.0,194.0,44.0,98.0
22.0,-272.0,0.0,-53.0,-253.0,-76.0,497.0,94.0,20.0,119.0
45.0,-491.0,-4.0,3.0,-112.0,-133.0,304.0,-120.0,23.0,105.0
70.0,-628.0,40.0,23.0,-43.0,-9.0,126.0,-90.0,31.0,79.0
85.0,-693.0,20.0,-18.0,-171.0,168.0,-49.0,-105.0,20.0,48.0
112.0,-639.0,-47.0,-20.0,-232.0,242.0,-269.0,-22.0,4.0,15.0
129.0,-481.0,-2.0,37.0,-205.0,-59.0,-512.0,112.0,-23.0,-12.0
120.0,-263.0,-65.0,38.0,-102.0,-199.0,-646.0,293.0,-60.0,-12.0
101.0,-33.0,-34.0,42.0,-122.0,-47.0,-616.0,594.0,-91.0,-7.0
62.0,256.0,-40.0,99.0,-243.0,-225.0,-509.0,737.0,-121.0,-7.0
79.0,440.0,-38.0,138.0,-63.0,-202.0,-458.0,772.0,-145.0,-1.0
86.0,695.0,-20.0,98.0,-12.0,-131.0,-382.0,408.0,-161.0,-4.0
80.0,651.0,18.0,32.0,35.0,-28.0,-243.0,1.0,-142.0,-5.0
83.0,416.0,30.0,2.0,119.0,57.0,-122.0,-338.0,-108.0,-18.0
69.0,480.0,-45.0,-49.0,-42.0,-151.0,-67.0,-530.0,-97.0,-11.0
50.0,323.0,-57.0,-121.0,165.0,-12.0,-53.0,-125.0,-88.0,12.0
18.0,-4.0,-77.0,-155.0,227.0,-67.0,-6.0,240.0,-73.0,12.0
42.0,-286.0,11.0,-166.0,-56.0,-107.0,14.0,513.0,-60.0,38.0
65.0,-391.0,-13.0,-226.0,50.0,-135.0,15.0,607.0,-24.0,68.0
116.0,-321.0,-36.0,-259.0,174.0,-296.0,35.0,515.0,27.0,82.0
141.0,-277.0,-24.0,-179.0,62.0,-215.0,96.0,598.0,70.0,97.0
157.0,-47.0,-25.0,-82.0,58.0,-219.0,186.0,596.0,93.0,81.0
155.0,68.0,-7.0,15.0,28.0,53.0,263.0,576.0,99.0,52.0
135.0,46.0,-50.0,93.0,0.0,66.0,286.0,460.0,95.0,18.0
184.0,317.0,-6.0,84.0,189.0,22.0,226.0,543.0,78.0,-14.0
180.0,504.0,-2.0,63.0,172.0,170.0,152.0,742.0,66.0,-36.0
182.0,450.0,11.0,34.0,-13.0,59.0,106.0,750.0,68.0,-71.0
170.0,620.0,-1.0,-9.0,102.0,202.0,88.0,805.0,55.0,-101.0
179.0,749.0,50.0,-21.0,212.0,291.0,50.0,485.0,37.0,-118.0
171.0,702.0,20.0,-67.0,3.0,244.0,54.0,9.0,9.0,-139.0
155.0,831.0,-29.0,-108.0,-100.0,232.0,158.0,-345.0,-22.0,-153.0
148.0,775.0,7.0,-111.0,25.0,198.0,273.0,-391.0,-37.0,-147.0
128.0,405.0,-37.0,-66.0,62.0,212.0,301.0,-24.0,-71.0,-132.0
146.0,150.0,10.0,-25.0,30.0,62.0,240.0,408.0,-108.0,-106.0
118.0,-95.0,-2.0,-29.0,-10.0,0.0,185.0,846.0,-121.0,-78.0
122.0,-677.0,59.0,-70.0,-25.0,33.0,123.0,727.0,-114.0,-41.0
127.0,-923.0,64.0,-124.0,35.0,-41.0,28.0,153.0,-92.0,1.0
164.0,-728.0,16.0,-134.0,-14.0,2.0,-151.0,-484.0,-78.0,21.0
167.0,-806.0,21.0,-151.0,-179.0,177.0,-324.0,-844.0,-77.0,64.0
150.0,-842.0,-13.0,-159.0,-142.0,187.0,-396.0,-559.0,-73.0,101.0
157.0,-828.0,38.0,-214.0,68.0,-28.0,-469.0,-57.0,-42.0,121.0
151.0,-705.0,13.0,-227.0,73.0,-33.0,-547.0,321.0,-19.0,159.0
163.0,-462.0,15.0,-153.0,-25.0,-98.0,-593.0,308.0,-12.0,198.0
141.0,-131.0,0.0,-84.0,-4.0,-269.0,-533.0,88.0,-17.0,255.0
163.0,1.0,-60.0,-2.0,6.0,-202.0,-379.0,-190.0,-24.0,288.0
150.0,-219.0,-128.0,77.0,144.0,-90.0,-245.0,-367.0,-17.0,341.0
137.0,264.0,-139.0,137.0,16.0,18.0,-172.0,-149.0,1.0,430.0
143.0,614.0,-178.0,89.0,-245.0,59.0,-88.0,177.0,38.0,482.0
136.0,608.0,-203.0,-15.0,33.0,57.0,61.0,572.0,48.0,530.0
145.0,767.0,-110.0,-102.0,60.0,-86.0,210.0,561.0,50.0,568.0
144.0,633.0,-168.0,-121.0,-154.0,29.0,230.0,181.0,47.0,576.0
143.0,703.0,-109.0,-62.0,-111.0,100.0,178.0,1.0,23.0,558.0
169.0,625.0,-57.0,39.0,-13.0,-181.0,165.0,-219.0,7.0,533.0
199.0,380.0,-109.0,99.0,35.0,-410.0,166.0,-160.0,-13.0,512.0
201.0,87.0,-53.0,93.0,1.0,-352.0,195.0,201.0,-37.0,454.0
184.0,-265.0,-77.0,47.0,-105.0,-8.0,163.0,511.0,-58.0,369.0
146.0,-331.0,-118.0,-70.0,-87.0,-223.0,131.0,495.0,-67.0,314.0
160.0,-677.0,-114.0,-124.0,206.0,-235.0,144.0,158.0,-73.0,256.0
165.0,-755.0,-128.0,-89.0,132.0,-28.0,158.0,-96.0,-80.0,184.0
173.0,-490.0,-100.0,-30.0,-22.0,-68.0,102.0,-291.0,-80.0,149.0
189.0,-422.0,-56.0,-1.0,86.0,-152.0,-26.0,36.0,-60.0,136.0
212.0,-346.0,-62.0,-4.0,154.0,-319.0,-34.0,485.0,-39.0,131.0
218.0,-462.0,-36.0,17.0,169.0,-158.0,16.0,469.0,-26.0,131.0
212.0,-302.0,-4.0,70.0,-26.0,-240.0,82.0,84.0,-13.0,151.0
189.0,-29.0,-10.0,83.0,82.0,-196.0,138.0,-539.0,3.0,170.0
132.0,1.0,39.0,62.0,281.0,-31.0,246.0,-606.0,27.0,173.0
133.0,306.0,66.0,109.0,144.0,50.0,403.0,-306.0,57.0,183.0
120.0,721.0,57.0,138.0,146.0,29.0,450.0,-18.0,95.0,179.0
127.0,749.0,72.0,107.0,65.0,-40.0,373.0,27.0,117.0,155.0
119.0,547.0,80.0,86.0,77.0,154.0,168.0,-83.0,139.0,124.0
120.0,260.0,89.0,54.0,234.0,19.0,-32.0,96.0,157.0,112.0
105.0,72.0,79.0,-13.0,-99.0,2.0,-205.0,140.0,170.0,77.0
76.0,-89.0,83.0,-47.0,-242.0,-111.0,-352.0,184.0,183.0,38.0
71.0,-266.0,36.0,-19.0,17.0,-246.0,-495.0,118.0,168.0,29.0
40.0,-174.0,-14.0,-37.0,-17.0,-269.0,-599.0,-51.0,148.0,22.0
45.0,-450.0,-30.0,-108.0,-45.0,-280.0,-601.0,-157.0,101.0,41.0
43.0,-423.0,-10.0,-128.0,-16.0,-123.0,-556.0,-448.0,58.0,50.0
77.0,-134.0,16.0,-128.0,-78.0,-341.0,-536.0,-502.0,42.0,59.0
67.0,-154.0,10.0,-112.0,14.0,-258.0,-530.0,-332.0,19.0,97.0
61.0,-108.0,12.0,-24.0,33.0,-139.0,-444.0,147.0,-7.0,110.0
111.0,-116.0,-56.0,56.0,-81.0,-45.0,-285.0,607.0,-36.0,114.0
126.0,146.0,-32.0,88.0,13.0,93.0,-119.0,522.0,-63.0,117.0
135.0,125.0,-1.0,79.0,180.0,-96.0,1.0,210.0,-74.0,107.0
132.0,206.0,39.0,64.0,26.0,-35.0,180.0,-205.0,-75.0,86.0
150.0,510.0,56.0,46.0,-99.0,30.0,377.0,-447.0,-79.0,79.0
147.0,303.0,0.0,-10.0,0.0,16.0,520.0,-698.0,-77.0,82.0
158.0,153.0,5.0,-11.0,-29.0,-98.0,568.0,-594.0,-68.0,68.0
161.0,-11.0,2.0,3.0,1.0,-286.0,497.0,-20.0,-69.0,72.0
157.0,-304.0,99.0,-11.0,-47.0,-415.0,433.0,243.0,-92.0,87.0
181.0,-571.0,57.0,12.0,-145.0,-379.0,386.0,430.0,-91.0,81.0
171.0,-681.0,-9.0,0.0,59.0,-344.0,351.0,345.0,-56.0,40.0
168.0,-458.0,23.0,-22.0,-8.0,-414.0,254.0,168.0,-33.0,11.0
154.0,-438.0,24.0,11.0,-204.0,-241.0,180.0,-72.0,-31.0,8.0
153.0,-403.0,116.0,38.0,-40.0,10.0,190.0,-434.0,-25.0,19.0
160.0,-173.0,94.0,22.0,33.0,112.0,154.0,-461.0,-6.0,37.0
166.0,-214.0,66.0,17.0,-39.0,-71.0,-10.0,-665.0,-6.0,54.0
182.0,-162.0,138.0,48.0,-85.0,-67.0,-170.0,-722.0,7.0,80.0
164.0,-202.0,112.0,22.0,-114.0,13.0,-216.0,-497.0,24.0,91.0
144.0,-393.0,115.0,-66.0,81.0,-28.0,-225.0,-14.0,0.0,104.0
113.0,-391.0,75.0,-113.0,157.0,-127.0,-233.0,600.0,-37.0,116.0
74.0,-291.0,13.0,-102.0,1.0,-135.0,-303.0,705.0,-63.0,121.0
27.0,-334.0,-1.0,-108.0,184.0,-75.0,-292.0,474.0,-67.0,133.0
-25.0,-367.0,-26.0,-110.0,266.0,-239.0,-158.0,-166.0,-52.0,153.0
-60.0,-170.0,54.0,-115.0,89.0,-28.0,3.0,-700.0,-20.0,172.0
-55.0,-97.0,47.0,-215.0,129.0,189.0,74.0,-803.0,-11.0,175.0
-22.0,41.0,55.0,-280.0,65.0,170.0,62.0,-637.0,-10.0,188.0
-14.0,205.0,65.0,-262.0,131.0,-56.0,125.0,-236.0,3.0,210.0
-1.0,440.0,1.0,-233.0,278.0,-109.0,192.0,36.0,4.0,231.0
0.0,852.0,26.0,-174.0,33.0,51.0,155.0,360.0,7.0,215.0
-3.0,1158.0,38.0,-133.0,-3.0,-221.0,-61.0,323.0,4.0,194.0
9.0,1288.0,83.0,-103.0,19.0,-298.0,-243.0,-31.0,9.0,188.0
24.0,1326.0,106.0,-87.0,-36.0,-15.0,-286.0,-376.0,7.0,163.0
37.0,1341.0,56.0,-53.0,90.0,186.0,-280.0,-962.0,13.0,116.0
35.0,882.0,30.0,-37.0,-79.0,20.0,-268.0,-1278.0,48.0,63.0
39.0,188.0,86.0,-65.0,-81.0,-25.0,-199.0,-1055.0,67.0,48.0
54.0,-280.0,111.0,-46.0,162.0,27.0,-18.0,-404.0,60.0,15.0
87.0,-492.0,64.0,-39.0,-8.0,18.0,186.0,136.0,32.0,-18.0
119.0,-672.0,45.0,-42.0,-86.0,-27.0,341.0,460.0,26.0,-13.0
137.0,-796.0,16.0,-43.0,34.0,-141.0,347.0,580.0,16.0,-12.0
143.0,-561.0,6.0,-27.0,57.0,-52.0,333.0,142.0,8.0,-19.0
142.0,-308.0,12.0,-17.0,145.0,-67.0,336.0,-485.0,15.0,-7.0
134.0,-167.0,-10.0,-20.0,-36.0,-41.0,334.0,-1223.0,13.0,22.0
138.0,-195.0,-44.0,52.0,-89.0,-181.0,263.0,-1367.0,25.0,18.0
146.0,-386.0,-88.0,139.0,207.0,-277.0,104.0,-849.0,31.0,8.0
148.0,-807.0,-147.0,192.0,18.0,-212.0,38.0,-473.0,49.0,20.0
155.0,-1153.0,-162.0,214.0,-76.0,-346.0,4.0,-68.0,56.0,29.0
160.0,-1259.0,-153.0,174.0,-9.0,-390.0,-44.0,208.0,55.0,6.0
188.0,-1354.0,-127.0,140.0,-187.0,-296.0,-154.0,319.0,58.0,-44.0
165.0,-1224.0,-122.0,170.0,-38.0,-193.0,-243.0,127.0,44.0,-75.0
156.0,-1059.0,-99.0,185.0,-117.0,-160.0,-213.0,-188.0,42.0,-97.0
178.0,-758.0,-27.0,170.0,-311.0,-218.0,-132.0,-448.0,41.0,-142.0
181.0,-410.0,-100.0,127.0,0.0,-314.0,-89.0,-539.0,25.0,-194.0
191.0,-19.0,-107.0,69.0,47.0,-299.0,-102.0,-197.0,-15.0,-231.0
154.0,211.0,-28.0,58.0,-167.0,-311.0,-87.0,-254.0,-22.0,-260.0
134.0,307.0,-17.0,83.0,-72.0,-223.0,-96.0,-339.0,-21.0,-300.0
94.0,493.0,44.0,81.0,-64.0,-223.0,-135.0,-160.0,-30.0,-324.0
65.0,373.0,36.0,91.0,-57.0,-321.0,-223.0,-92.0,-15.0,-313.0
41.0,414.0,46.0,138.0,18.0,-308.0,-253.0,29.0,-19.0,-315.0
27.0,291.0,65.0,144.0,-209.0,-322.0,-127.0,-179.0,-17.0,-316.0
44.0,193.0,34.0,154.0,-81.0,-294.0,63.0,-474.0,-3.0,-284.0
11.0,380.0,67.0,173.0,138.0,-367.0,244.0,-674.0,19.0,-265.0
-8.0,468.0,106.0,184.0,-55.0,-386.0,361.0,-463.0,38.0,-267.0
-27.0,708.0,109.0,205.0,-103.0,-317.0,437.0,46.0,41.0,-243.0
-28.0,828.0,118.0,239.0,-96.0,-223.0,457.0,83.0,51.0,-195.0
-38.0,1025.0,154.0,183.0,-20.0,-170.0,378.0,-125.0,68.0,-179.0
-48.0,999.0,195.0,86.0,23.0,-45.0,213.0,-487.0,78.0,-177.0
-56.0,784.0,222.0,36.0,-134.0,41.0,84.0,-546.0,70.0,-155.0
-53.0,714.0,196.0,0.0,-40.0,-28.0,21.0,-206.0,80.0,-148.0
-77.0,453.0,162.0,-3.0,98.0,25.0,-45.0,48.0,100.0,-155.0
-121.0,405.0,140.0,-33.0,98.0,-109.0,-161.0,49.0,108.0,-162.0
-124.0,486.0,163.0,-34.0,155.0,-200.0,-273.0,-415.0,101.0,-154.0
-155.0,545.0,128.0,11.0,-16.0,-160.0,-303.0,-774.0,85.0,-148.0
-144.0,598.0,114.0,24.0,19.0,-319.0,-271.0,-868.0,71.0,-155.0
-156.0,513.0,132.0,34.0,208.0,-215.0,-249.0,-641.0,60.0,-153.0
-154.0,405.0,93.0,57.0,-63.0,-62.0,-295.0,-144.0,31.0,-145.0
-136.0,315.0,89.0,59.0,8.0,-206.0,-264.0,96.0,1.0,-152.0
-128.0,192.0,41.0,113.0,182.0,-258.0,-124.0,97.0,-30.0,-153.0
-119.0,-74.0,24.0,177.0,-40.0,-221.0,45.0,-192.0,-74.0,-122.0
-117.0,2.0,-26.0,266.0,-12.0,-1.0,141.0,-230.0,-107.0,-76.0
-80.0,323.0,-60.0,315.0,-39.0,21.0,185.0,-59.0,-143.0,-49.0
-74.0,448.0,-7.0,275.0,-162.0,-37.0,282.0,-142.0,-151.0,-18.0
-46.0,587.0,-5.0,285.0,63.0,49.0,359.0,-328.0,-138.0,29.0
-44.0,551.0,-32.0,275.0,62.0,-317.0,400.0,-535.0,-133.0,27.0
-19.0,379.0,-33.0,245.0,-184.0,-452.0,345.0,-349.0,-126.0,-2.0
20.0,374.0,-43.0,234.0,-59.0,-330.0,267.0,7.0,-120.0,-7.0
44.0,389.0,-72.0,210.0,-29.0,-254.0,258.0,284.0,-107.0,-16.0
60.0,306.0,-52.0,174.0,-18.0,-59.0,283.0,345.0,-88.0,-44.0
57.0,235.0,-53.0,191.0,61.0,8.0,228.0,238.0,-74.0,-78.0
90.0,54.0,-125.0,155.0,-37.0,148.0,63.0,169.0,-40.0,-64.0
99.0,-135.0,-174.0,54.0,159.0,173.0,-72.0,-184.0,0.0,-60.0
105.0,-164.0,-116.0,19.0,71.0,57.0,-168.0,-242.0,26.0,-74.0
119.0,-43.0,-86.0,0.0,-125.0,-41.0,-282.0,92.0,52.0,-41.0
150.0,182.0,-79.0,-2.0,163.0,-233.0,-430.0,461.0,94.0,6.0
137.0,238.0,-60.0,8.0,152.0,-248.0,-469.0,624.0,130.0,55.0
123.0,322.0,-65.0,-11.0,56.0,-212.0,-401.0,179.0,138.0,93.0
120.0,514.0,-52.0,-12.0,128.0,-359.0,-283.0,-369.0,148.0,164.0
93.0,614.0,-71.0,31.0,-59.0,-450.0,-156.0,-726.0,186.0,251.0
78.0,706.0,-92.0,-15.0,79.0,-397.0,-61.0,-587.0,236.0,305.0
40.0,709.0,-95.0,-119.0,209.0,-320.0,82.0,-303.0,269.0,351.0
50.0,530.0,-125.0,-184.0,-138.0,-208.0,204.0,-286.0,284.0,387.0
55.0,68.0,-137.0,-155.0,13.0,-125.0,222.0,-306.0,274.0,419.0
55.0,-498.0,-112.0,-114.0,80.0,-248.0,144.0,-607.0,267.0,422.0
49.0,-912.0,-104.0,-116.0,-135.0,-523.0,72.0,-790.0,264.0,419.0
18.0,-1227.0,-96.0,-95.0,-30.0,-653.0,45.0,-807.0,251.0,422.0
35.0,-1451.0,-73.0,-92.0,-66.0,-508.0,112.0,-615.0,242.0,409.0
35.0,-1844.0,-62.0,-51.0,-12.0,-541.0,226.0,-186.0,219.0,385.0
6.0,-2129.0,-61.0,-40.0,104.0,-745.0,318.0,134.0,184.0,357.0
-21.0,-1977.0,-64.0,-67.0,50.0,-642.0,451.0,626.0,132.0,328.0
-53.0,-1838.0,-38.0,-62.0,40.0,-445.0,546.0,995.0,86.0,267.0
-76.0,-1787.0,19.0,-22.0,90.0,-469.0,571.0,1145.0,52.0,203.0
-63.0,-1699.0,-4.0,6.0,130.0,-483.0,464.0,838.0,21.0,163.0
-21.0,-1449.0,-4.0,-9.0,100.0,-330.0,302.0,184.0,-15.0,108.0
-3.0,-1069.0,0.0,16.0,-28.0,-201.0,156.0,-269.0,-77.0,34.0
-3.0,-616.0,-26.0,72.0,81.0,-123.0,5.0,-720.0,-102.0,-30.0
-3.0,39.0,22.0,100.0,254.0,15.0,-113.0,-727.0,-101.0,-80.0
-13.0,975.0,0.0,126.0,144.0,110.0,-217.0,-328.0,-79.0,-133.0
-40.0,1928.0,12.0,147.0,191.0,-122.0,-222.0,55.0,-60.0,-164.0
-48.0,2547.0,4.0,111.0,137.0,-333.0,-144.0,192.0,-78.0,-170.0
-62.0,3030.0,-16.0,73.0,119.0,-271.0,-49.0,9.0,-68.0,-171.0
-46.0,3165.0,23.0,76.0,145.0,-223.0,27.0,-84.0,-44.0,-151.0
-29.0,2920.0,22.0,99.0,-88.0,-91.0,125.0,-153.0,-20.0,-127.0
-39.0,2629.0,63.0,123.0,-111.0,185.0,279.0,-175.0,12.0,-104.0
-17.0,2034.0,53.0,176.0,-113.0,351.0,349.0,-303.0,34.0,-75.0
-35.0,1389.0,72.0,208.0,-119.0,274.0,297.0,-424.0,33.0,-74.0
-35.0,873.0,106.0,163.0,-86.0,-90.0,224.0,-245.0,17.0,-75.0
-53.0,213.0,117.0,119.0,-163.0,-400.0,165.0,-68.0,0.0,-67.0
-59.0,-310.0,131.0,74.0,-140.0,-116.0,111.0,173.0,-24.0,-88.0
-61.0,-604.0,126.0,-10.0,-42.0,41.0,17.0,212.0,-42.0,-120.0
-75.0,-931.0,153.0,-20.0,-178.0,-51.0,-174.0,99.0,-42.0,-125.0
-58.0,-1488.0,76.0,63.0,-223.0,43.0,-361.0,-42.0,-47.0,-128.0
-81.0,-2056.0,79.0,131.0,-91.0,78.0,-451.0,-343.0,-52.0,-153.0
-61.0,-2361.0,103.0,161.0,-142.0,165.0,-438.0,-393.0,-45.0,-175.0
-77.0,-2498.0,77.0,172.0,38.0,-50.0,-412.0,-338.0,-47.0,-204.0
-66.0,-2411.0,134.0,164.0,-14.0,-47.0,-333.0,-11.0,-66.0,-231.0
-60.0,-2141.0,61.0,107.0,-161.0,321.0,-170.0,515.0,-81.0,-269.0
-70.0,-1705.0,58.0,55.0,89.0,389.0,-26.0,960.0,-99.0,-293.0
-39.0,-1014.0,101.0,46.0,-63.0,438.0,55.0,1149.0,-94.0,-279.0
-7.0,-401.0,75.0,41.0,-57.0,387.0,39.0,692.0,-55.0,-262.0
11.0,88.0,130.0,26.0,103.0,377.0,40.0,221.0,-18.0,-243.0
-9.0,822.0,85.0,19.0,-102.0,383.0,129.0,-164.0,4.0,-214.0
3.0,1471.0,0.0,27.0,85.0,347.0,301.0,-286.0,16.0,-171.0
-25.0,1932.0,28.0,20.0,67.0,474.0,480.0,-118.0,31.0,-148.0
-8.0,2134.0,58.0,-17.0,-149.0,550.0,670.0,-229.0,32.0,-137.0
-28.0,2070.0,52.0,-37.0,200.0,501.0,870.0,-314.0,36.0,-114.0
-33.0,2065.0,74.0,-44.0,46.0,448.0,997.0,-345.0,67.0,-95.0
-27.0,1569.0,18.0,-41.0,-165.0,265.0,1031.0,-77.0,97.0,-94.0
-50.0,985.0,-33.0,-21.0,210.0,162.0,865.0,216.0,121.0,-117.0
-27.0,619.0,-16.0,10.0,45.0,412.0,623.0,260.0,136.0,-128.0
-38.0,251.0,-21.0,46.0,38.0,508.0,399.0,308.0,157.0,-163.0
15.0,-23.0,0.0,35.0,211.0,555.0,169.0,9.0,171.0,-211.0
0.0,-544.0,25.0,3.0,-80.0,477.0,-48.0,-295.0,161.0,-234.0
4.0,-954.0,-45.0,-20.0,111.0,298.0,-268.0,-574.0,142.0,-252.0
-23.0,-1325.0,-37.0,2.0,107.0,246.0,-431.0,-678.0,138.0,-243.0
-55.0,-1606.0,85.0,24.0,-95.0,196.0,-453.0,-417.0,141.0,-211.0
-26.0,-1719.0,94.0,58.0,135.0,402.0,-365.0,79.0,151.0,-160.0
-34.0,-1751.0,50.0,93.0,-95.0,459.0,-335.0,720.0,159.0,-103.0
-15.0,-1249.0,41.0,98.0,-31.0,485.0,-316.0,914.0,148.0,-33.0
14.0,-788.0,128.0,132.0,184.0,646.0,-241.0,822.0,157.0,31.0
95.0,-370.0,123.0,164.0,-220.0,621.0,-82.0,360.0,142.0,64.0
142.0,195.0,133.0,179.0,51.0,482.0,54.0,-291.0,128.0,109.0
159.0,537.0,153.0,150.0,326.0,510.0,113.0,-807.0,127.0,151.0
125.0,602.0,75.0,152.0,-111.0,636.0,202.0,-1079.0,105.0,176.0
107.0,448.0,111.0,145.0,16.0,545.0,275.0,-537.0,88.0,175.0
67.0,503.0,74.0,145.0,196.0,492.0,292.0,251.0,55.0,147.0
58.0,546.0,105.0,189.0,24.0,463.0,206.0,757.0,36.0,124.0
82.0,544.0,89.0,137.0,156.0,479.0,135.0,761.0,-6.0,89.0
89.0,584.0,0.0,44.0,94.0,525.0,122.0,408.0,-70.0,51.0
112.0,465.0,62.0,-17.0,10.0,584.0,118.0,33.0,-112.0,32.0
73.0,582.0,58.0,1.0,208.0,668.0,116.0,-458.0,-144.0,10.0
52.0,733.0,59.0,49.0,58.0,528.0,124.0,-631.0,-149.0,-12.0
-2.0,657.0,98.0,125.0,15.0,509.0,197.0,-663.0,-163.0,-22.0
17.0,481.0,121.0,180.0,126.0,590.0,341.0,-219.0,-166.0,-34.0
33.0,212.0,172.0,155.0,-74.0,404.0,452.0,737.0,-156.0,-42.0
46.0,-25.0,169.0,162.0,-9.0,310.0,392.0,984.0,-146.0,-47.0
51.0,-307.0,160.0,165.0,-82.0,302.0,286.0,491.0,-128.0,-51.0
35.0,-511.0,179.0,150.0,-240.0,230.0,169.0,-169.0,-104.0,-47.0
41.0,-360.0,226.0,98.0,-81.0,365.0,21.0,-164.0,-74.0,-33.0
9.0,-364.0,256.0,58.0,-180.0,493.0,-190.0,55.0,-57.0,-21.0
48.0,-540.0,292.0,45.0,-181.0,344.0,-398.0,-140.0,-43.0,-8.0
39.0,-403.0,302.0,-5.0,-181.0,69.0,-497.0,-404.0,-34.0,9.0
63.0,-199.0,234.0,-29.0,-172.0,-43.0,-542.0,-720.0,-35.0,13.0
63.0,51.0,230.0,-57.0,-29.0,-54.0,-578.0,-436.0,-18.0,26.0
32.0,175.0,183.0,-90.0,-156.0,-46.0,-651.0,14.0,16.0,44.0
11.0,164.0,143.0,-100.0,-157.0,107.0,-607.0,356.0,35.0,66.0
-4.0,9.0,99.0,-72.0,35.0,424.0,-422.0,454.0,35.0,70.0
17.0,-246.0,66.0,-30.0,83.0,569.0,-140.0,36.0,42.0,64.0
12.0,-400.0,89.0,-39.0,26.0,434.0,150.0,-205.0,65.0,71.0
-1.0,-728.0,59.0,-24.0,90.0,454.0,381.0,-365.0,81.0,44.0
-19.0,-641.0,48.0,-15.0,53.0,567.0,582.0,-190.0,77.0,20.0
-30.0,-449.0,-6.0,-55.0,75.0,515.0,697.0,134.0,69.0,1.0
-69.0,-465.0,-9.0,-58.0,126.0,448.0,702.0,317.0,68.0,-19.0
-76.0,-255.0,-8.0,-17.0,36.0,558.0,577.0,312.0,56.0,-29.0
-113.0,-202.0,-41.0,-10.0,166.0,624.0,453.0,-109.0,34.0,-6.0
-119.0,-150.0,11.0,-25.0,152.0,622.0,403.0,-419.0,8.0,52.0
-137.0,-120.0,-20.0,19.0,126.0,707.0,389.0,-539.0,-9.0,90.0
-148.0,-29.0,0.0,50.0,35.0,849.0,319.0,-282.0,-11.0,138.0
-153.0,70.0,77.0,47.0,-193.0,824.0,225.0,75.0,3.0,182.0
-176.0,49.0,26.0,42.0,-86.0,617.0,157.0,192.0,0.0,219.0
-147.0,105.0,95.0,-7.0,-107.0,544.0,40.0,310.0,-24.0,250.0
-161.0,-131.0,91.0,-30.0,-318.0,567.0,-118.0,199.0,-36.0,245.0
-109.0,-215.0,60.0,17.0,-182.0,670.0,-393.0,-11.0,-74.0,240.0
-92.0,-67.0,130.0,64.0,-37.0,599.0,-657.0,-347.0,-121.0,231.0
-83.0,-145.0,83.0,101.0,-160.0,508.0,-860.0,-391.0,-129.0,209.0
-109.0,-74.0,117.0,165.0,-100.0,499.0,-1040.0,327.0,-129.0,185.0
-147.0,297.0,62.0,190.0,-61.0,495.0,-1137.0,1116.0,-163.0,160.0
-167.0,641.0,15.0,154.0,-67.0,493.0,-1115.0,1088.0,-194.0,119.0
-179.0,673.0,58.0,132.0,-42.0,357.0,-879.0,14.0,-185.0,79.0
-139.0,761.0,31.0,135.0,-204.0,534.0,-573.0,-739.0,-183.0,51.0
-120.0,750.0,17.0,180.0,-66.0,719.0,-329.0,-535.0,-185.0,16.0
-65.0,444.0,9.0,236.0,61.0,604.0,-158.0,-157.0,-179.0,-27.0
-38.0,190.0,84.0,268.0,9.0,491.0,-32.0,134.0,-161.0,-58.0
-2.0,-78.0,74.0,259.0,115.0,511.0,120.0,360.0,-112.0,-81.0
-15.0,-118.0,73.0,242.0,73.0,433.0,313.0,681.0,-84.0,-107.0
-3.0,-35.0,151.0,194.0,128.0,214.0,501.0,548.0,-86.0,-120.0
2.0,46.0,115.0,134.0,102.0,141.0,680.0,70.0,-59.0,-121.0
8.0,11.0,119.0,93.0,-103.0,171.0,847.0,-197.0,-35.0,-107.0
38.0,7.0,135.0,80.0,139.0,113.0,906.0,-243.0,-14.0,-93.0
65.0,158.0,110.0,121.0,257.0,8.0,777.0,53.0,0.0,-82.0
129.0,-84.0,122.0,100.0,167.0,154.0,538.0,133.0,-14.0,-81.0
133.0,-215.0,125.0,86.0,274.0,323.0,331.0,166.0,1.0,-100.0
167.0,-118.0,123.0,90.0,106.0,427.0,113.0,358.0,18.0,-123.0
142.0,70.0,122.0,80.0,208.0,452.0,-151.0,424.0,18.0,-150.0
150.0,251.0,116.0,130.0,407.0,482.0,-446.0,149.0,29.0,-175.0
129.0,306.0,106.0,191.0,18.0,509.0,-657.0,-330.0,30.0,-196.0
104.0,446.0,64.0,233.0,-13.0,283.0,-740.0,-299.0,-7.0,-213.0
107.0,446.0,35.0,246.0,219.0,196.0,-725.0,-97.0,-54.0,-224.0
71.0,282.0,58.0,193.0,68.0,345.0,-635.0,116.0,-73.0,-211.0
65.0,-163.0,84.0,105.0,50.0,450.0,-534.0,201.0,-103.0,-192.0
46.0,-400.0,82.0,61.0,18.0,361.0,-344.0,151.0,-127.0,-166.0
86.0,-538.0,128.0,13.0,-235.0,332.0,-107.0,147.0,-136.0,-104.0
60.0,-846.0,162.0,-27.0,-5.0,426.0,99.0,-262.0,-136.0,-66.0
58.0,-986.0,145.0,-48.0,-87.0,339.0,196.0,-524.0,-126.0,-22.0
19.0,-1044.0,145.0,-64.0,-435.0,254.0,223.0,-448.0,-115.0,44.0
-21.0,-919.0,32.0,-51.0,-103.0,313.0,273.0,-182.0,-88.0,91.0
-30.0,-815.0,21.0,-62.0,-174.0,195.0,302.0,275.0,-67.0,119.0
-62.0,-643.0,41.0,-67.0,-256.0,-4.0,272.0,569.0,-58.0,125.0
-65.0,-531.0,-28.0,-58.0,-91.0,73.0,177.0,722.0,-70.0,125.0
-111.0,-276.0,16.0,-75.0,-260.0,189.0,148.0,497.0,-91.0,107.0
-87.0,36.0,-6.0,-40.0,-35.0,109.0,131.0,-12.0,-95.0,82.0
-116.0,-40.0,-21.0,-17.0,73.0,36.0,68.0,-447.0,-72.0,58.0
-142.0,-40.0,-18.0,-48.0,-124.0,8.0,-75.0,-332.0,-25.0,16.0
-164.0,23.0,-46.0,-19.0,-93.0,111.0,-255.0,441.0,-11.0,-13.0
-159.0,124.0,-82.0,35.0,25.0,231.0,-436.0,864.0,4.0,-41.0
-139.0,117.0,-107.0,72.0,219.0,67.0,-634.0,755.0,50.0,-63.0
-139.0,274.0,-25.0,58.0,107.0,56.0,-799.0,221.0,66.0,-59.0
-77.0,424.0,-21.0,27.0,-18.0,60.0,-981.0,-382.0,83.0,-61.0
-67.0,203.0,-10.0,24.0,134.0,124.0,-1058.0,-447.0,110.0,-55.0
-49.0,56.0,31.0,10.0,-5.0,279.0,-1023.0,-131.0,125.0,-12.0
-68.0,-244.0,0.0,63.0,-66.0,139.0,-930.0,402.0,133.0,33.0
-77.0,-345.0,50.0,113.0,-3.0,139.0,-822.0,607.0,155.0,85.0
-74.0,-386.0,89.0,71.0,-215.0,179.0,-699.0,445.0,205.0,130.0
-94.0,-584.0,56.0,45.0,-82.0,127.0,-497.0,105.0,254.0,158.0
-86.0,-491.0,23.0,38.0,-46.0,-40.0,-304.0,-133.0,279.0,182.0
-58.0,-328.0,-5.0,7.0,-418.0,30.0,-166.0,-46.0,303.0,176.0
-39.0,-61.0,0.0,-36.0,-185.0,156.0,-74.0,-53.0,320.0,157.0
-42.0,35.0,-36.0,-68.0,-64.0,-45.0,93.0,36.0,301.0,144.0
-43.0,81.0,-50.0,-90.0,-274.0,26.0,276.0,3.0,296.0,129.0
-54.0,135.0,-70.0,-127.0,-52.0,132.0,436.0,-36.0,286.0,125.0
-57.0,118.0,-146.0,-129.0,-143.0,110.0,610.0,96.0,248.0,131.0
-68.0,227.0,-155.0,-112.0,-171.0,20.0,761.0,-16.0,221.0,144.0
-55.0,75.0,-152.0,-97.0,70.0,-55.0,873.0,-75.0,188.0,163.0
-38.0,69.0,-145.0,-36.0,-191.0,-59.0,877.0,-59.0,162.0,176.0
-48.0,135.0,-178.0,-10.0,-57.0,-156.0,789.0,147.0,155.0,179.0
-87.0,121.0,-172.0,-48.0,189.0,-44.0,642.0,306.0,133.0,183.0
-93.0,176.0,-134.0,-67.0,-66.0,123.0,505.0,140.0,74.0,185.0
-111.0,484.0,-174.0,-57.0,82.0,75.0,344.0,-120.0,16.0,177.0
-104.0,1167.0,-128.0,-48.0,103.0,174.0,129.0,-369.0,-12.0,169.0
-70.0,1365.0,-119.0,-52.0,39.0,295.0,-144.0,-59.0,-31.0,147.0
-58.0,1525.0,-135.0,-16.0,253.0,256.0,-444.0,301.0,-50.0,112.0
-31.0,1752.0,-110.0,0.0,87.0,296.0,-627.0,251.0,-70.0,76.0
-58.0,1496.0,-139.0,-24.0,111.0,319.0,-737.0,-109.0,-61.0,48.0
-61.0,1117.0,-119.0,-27.0,200.0,179.0,-878.0,-543.0,-38.0,22.0
-104.0,775.0,-98.0,-55.0,60.0,91.0,-1039.0,-327.0,-24.0,6.0
-105.0,397.0,-102.0,-89.0,124.0,294.0,-1124.0,-18.0,-27.0,33.0
-109.0,43.0,-115.0,-104.0,-7.0,273.0,-1086.0,230.0,-27.0,24.0
-74.0,-112.0,-124.0,-132.0,0.0,83.0,-971.0,358.0,-11.0,1.0
-1.0,-310.0,-111.0,-144.0,100.0,90.0,-843.0,212.0,1.0,14.0
16.0,-350.0,-116.0,-114.0,-131.0,196.0,-647.0,57.0,17.0,7.0
86.0,-277.0,-103.0,-86.0,-83.0,303.0,-389.0,-310.0,36.0,6.0
58.0,-347.0,-110.0,-100.0,-78.0,248.0,-149.0,-72.0,65.0,4.0
67.0,-558.0,-111.0,-91.0,-201.0,276.0,21.0,517.0,85.0,-10.0
42.0,-843.0,-79.0,-55.0,-8.0,174.0,122.0,787.0,86.0,-10.0
33.0,-967.0,-53.0,-3.0,-130.0,-64.0,239.0,798.0,100.0,0.0
41.0,-988.0,-21.0,32.0,-123.0,-158.0,327.0,578.0,125.0,1.0
44.0,-1012.0,-16.0,61.0,197.0,-154.0,334.0,400.0,157.0,-10.0
98.0,-1087.0,9.0,117.0,-32.0,-230.0,257.0,-105.0,175.0,-24.0
70.0,-815.0,14.0,86.0,-32.0,-302.0,193.0,-443.0,183.0,-50.0
62.0,-740.0,44.0,79.0,153.0,-297.0,206.0,-637.0,195.0,-79.0
24.0,-742.0,74.0,120.0,-87.0,-450.0,246.0,-692.0,192.0,-113.0
19.0,-435.0,48.0,96.0,-7.0,-381.0,229.0,-186.0,170.0,-154.0
-35.0,-232.0,15.0,27.0,4.0,-346.0,162.0,160.0,140.0,-185.0
-96.0,79.0,-14.0,-29.0,-151.0,-283.0,185.0,375.0,104.0,-212.0
-120.0,161.0,-11.0,-14.0,128.0,-243.0,236.0,286.0,69.0,-222.0
-151.0,295.0,-42.0,-12.0,77.0,-425.0,229.0,-20.0,51.0,-225.0
-157.0,394.0,-36.0,-6.0,-195.0,-354.0,103.0,-66.0,26.0,-218.0
-197.0,432.0,-82.0,0.0,-43.0,-310.0,-43.0,-11.0,-19.0,-182.0
-205.0,513.0,-91.0,-13.0,-55.0,-189.0,-102.0,60.0,-68.0,-155.0
-256.0,327.0,-84.0,-17.0,-92.0,-225.0,-184.0,105.0,-100.0,-122.0
-262.0,218.0,-131.0,11.0,73.0,-301.0,-306.0,341.0,-94.0,-88.0
-262.0,56.0,-86.0,82.0,-22.0,-227.0,-439.0,594.0,-93.0,-62.0
-266.0,-30.0,-113.0,115.0,103.0,-342.0,-501.0,574.0,-114.0,-42.0
-251.0,-179.0,-109.0,131.0,300.0,-355.0,-473.0,164.0,-146.0,-47.0
-238.0,-397.0,-60.0,153.0,95.0,-450.0,-405.0,-338.0,-163.0,-59.0
-198.0,-508.0,-55.0,186.0,47.0,-486.0,-361.0,-341.0,-160.0,-82.0
-198.0,-687.0,-18.0,224.0,111.0,-422.0,-315.0,-339.0,-179.0,-92.0
-185.0,-785.0,7.0,187.0,150.0,-473.0,-236.0,-493.0,-190.0,-103.0
-177.0,-729.0,7.0,101.0,60.0,-446.0,-166.0,-476.0,-164.0,-104.0
-173.0,-647.0,-6.0,53.0,-96.0,-367.0,-124.0,-205.0,-141.0,-72.0
-163.0,-509.0,-17.0,44.0,58.0,-333.0,-134.0,201.0,-123.0,-37.0
-137.0,-284.0,-48.0,6.0,138.0,-268.0,-81.0,232.0,-100.0,0.0
-98.0,-253.0,-90.0,-24.0,-13.0,-202.0,52.0,83.0,-86.0,43.0
-79.0,-78.0,-73.0,-41.0,-69.0,-179.0,183.0,-153.0,-62.0,85.0
-80.0,-20.0,-103.0,-105.0,-65.0,-100.0,269.0,-234.0,-9.0,112.0
-66.0,-354.0,-106.0,-160.0,-17.0,-44.0,332.0,-260.0,13.0,127.0
-52.0,-402.0,-24.0,-147.0,-31.0,22.0,392.0,-389.0,-8.0,136.0
-55.0,-280.0,-68.0,-76.0,-261.0,-118.0,365.0,-123.0,-20.0,133.0
-60.0,-177.0,-89.0,19.0,-258.0,-214.0,238.0,249.0,0.0,99.0
-62.0,102.0,-64.0,76.0,-61.0,-225.0,37.0,877.0,22.0,63.0
-37.0,722.0,-97.0,104.0,-36.0,-250.0,-139.0,1154.0,53.0,38.0
-5.0,1117.0,-62.0,139.0,-115.0,-5.0,-249.0,644.0,83.0,-2.0
10.0,1227.0,8.0,150.0,-179.0,-9.0,-368.0,12.0,92.0,-25.0
8.0,1687.0,33.0,159.0,-13.0,-33.0,-498.0,-613.0,120.0,-34.0
40.0,1896.0,34.0,137.0,90.0,89.0,-574.0,-844.0,155.0,-37.0
44.0,1861.0,68.0,89.0,-65.0,196.0,-530.0,-803.0,178.0,-43.0
18.0,1808.0,94.0,62.0,-122.0,171.0,-448.0,-515.0,181.0,-46.0
-5.0,1436.0,80.0,24.0,19.0,-91.0,-442.0,46.0,158.0,-33.0
-8.0,1006.0,43.0,5.0,27.0,-44.0,-486.0,742.0,147.0,-41.0
-3.0,585.0,58.0,-12.0,-62.0,119.0,-509.0,1180.0,132.0,-29.0
-42.0,159.0,97.0,-20.0,-55.0,74.0,-479.0,831.0,136.0,0.0
-59.0,-253.0,111.0,18.0,-49.0,-8.0,-420.0,424.0,192.0,25.0
-86.0,-686.0,185.0,34.0,107.0,101.0,-363.0,9.0,211.0,59.0
-80.0,-1249.0,135.0,18.0,54.0,133.0,-258.0,-467.0,185.0,77.0
-122.0,-1667.0,70.0,41.0,-98.0,-89.0,-111.0,-637.0,141.0,86.0
-153.0,-1880.0,40.0,79.0,31.0,-117.0,-6.0,-779.0,120.0,70.0
-169.0,-2083.0,-90.0,90.0,101.0,-49.0,37.0,-567.0,146.0,33.0
-217.0,-2254.0,-78.0,72.0,73.0,-118.0,104.0,-60.0,159.0,1.0
-229.0,-2395.0,-103.0,49.0,-86.0,-180.0,305.0,347.0,157.0,-29.0
-264.0,-2058.0,-188.0,64.0,-133.0,-126.0,528.0,327.0,138.0,-68.0
-253.0,-1598.0,-129.0,65.0,-12.0,-210.0,596.0,-64.0,126.0,-118.0
-262.0,-1077.0,-124.0,68.0,-55.0,-319.0,534.0,-147.0,139.0,-154.0
-222.0,-302.0,-167.0,84.0,-134.0,-156.0,472.0,-310.0,123.0,-190.0
-198.0,258.0,-161.0,65.0,-23.0,-67.0,439.0,-626.0,98.0,-228.0
-176.0,838.0,-177.0,2.0,73.0,-86.0,342.0,-805.0,71.0,-237.0
-133.0,1435.0,-199.0,-51.0,88.0,-33.0,194.0,-685.0,41.0,-203.0
-112.0,1782.0,-169.0,-41.0,81.0,-104.0,64.0,-62.0,14.0,-160.0
-27.0,1877.0,-111.0,-19.0,48.0,-181.0,-5.0,594.0,-19.0,-134.0
-24.0,1919.0,-125.0,25.0,268.0,-10.0,0.0,925.0,-32.0,-75.0
9.0,1831.0,-111.0,43.0,236.0,8.0,-31.0,580.0,-46.0,-13.0
32.0,1461.0,-31.0,20.0,79.0,-125.0,-147.0,86.0,-83.0,32.0
57.0,1157.0,-38.0,-39.0,324.0,-33.0,-251.0,-221.0,-140.0,77.0
80.0,774.0,-88.0,-145.0,291.0,106.0,-372.0,-356.0,-201.0,102.0
65.0,189.0,-72.0,-200.0,212.0,63.0,-490.0,-133.0,-216.0,122.0
88.0,-167.0,-82.0,-191.0,344.0,-121.0,-640.0,-79.0,-205.0,129.0
122.0,-360.0,-99.0,-144.0,127.0,14.0,-813.0,84.0,-207.0,139.0
171.0,-595.0,-58.0,-162.0,128.0,114.0,-857.0,321.0,-217.0,150.0
132.0,-666.0,-134.0,-223.0,309.0,-15.0,-783.0,413.0,-201.0,146.0
131.0,-598.0,-125.0,-260.0,-40.0,-4.0,-626.0,343.0,-186.0,148.0
126.0,-624.0,-97.0,-249.0,-96.0,-86.0,-464.0,120.0,-174.0,151.0
121.0,-625.0,-130.0,-171.0,107.0,-235.0,-246.0,103.0,-156.0,157.0
111.0,-613.0,-87.0,-135.0,18.0,-392.0,20.0,-70.0,-158.0,151.0
60.0,-657.0,-124.0,-101.0,6.0,-210.0,254.0,-188.0,-129.0,138.0
65.0,-502.0,-151.0,-65.0,-167.0,-6.0,424.0,-229.0,-102.0,114.0
66.0,-259.0,-111.0,-63.0,-245.0,-147.0,495.0,-249.0,-91.0,73.0
68.0,-135.0,-105.0,-69.0,-24.0,-117.0,571.0,14.0,-46.0,29.0
52.0,-96.0,-121.0,-92.0,-81.0,45.0,624.0,-3.0,10.0,-26.0
45.0,-43.0,-85.0,-65.0,-130.0,-85.0,613.0,-282.0,49.0,-78.0
3.0,12.0,-95.0,-53.0,-20.0,-302.0,468.0,-443.0,65.0,-145.0
-29.0,25.0,-105.0,-36.0,-10.0,-4.0,274.0,-308.0,74.0,-187.0
-49.0,-175.0,-81.0,41.0,-74.0,110.0,129.0,-173.0,72.0,-195.0
-50.0,-384.0,-88.0,136.0,-246.0,-121.0,-3.0,-164.0,91.0,-227.0
-48.0,-245.0,-66.0,228.0,-203.0,-160.0,-89.0,48.0,106.0,-243.0
-75.0,-156.0,-78.0,286.0,-35.0,20.0,-174.0,227.0,102.0,-235.0
-91.0,-30.0,-66.0,339.0,-107.0,50.0,-218.0,437.0,105.0,-208.0
-115.0,137.0,-58.0,295.0,-142.0,-223.0,-198.0,303.0,95.0,-181.0
-122.0,344.0,-67.0,162.0,-62.0,-60.0,-143.0,27.0,81.0,-132.0
-131.0,563.0,-58.0,63.0,-22.0,90.0,-127.0,155.0,68.0,-74.0
-129.0,472.0,-26.0,11.0,58.0,85.0,-147.0,92.0,56.0,-33.0
-129.0,467.0,-25.0,6.0,-7.0,28.0,-144.0,-90.0,26.0,13.0
-80.0,399.0,-55.0,20.0,-154.0,-139.0,-110.0,-436.0,-19.0,34.0
-37.0,207.0,-9.0,38.0,32.0,-61.0,-84.0,-663.0,-44.0,39.0
0.0,76.0,-37.0,41.0,0.0,0.0,-96.0,-596.0,-53.0,40.0
45.0,21.0,-20.0,13.0,-107.0,198.0,-43.0,-437.0,-62.0,41.0
68.0,77.0,21.0,2.0,63.0,254.0,45.0,-109.0,-91.0,37.0
90.0,106.0,-14.0,-26.0,-55.0,229.0,172.0,35.0,-110.0,38.0
81.0,122.0,30.0,-96.0,-26.0,286.0,275.0,219.0,-132.0,47.0
93.0,89.0,-15.0,-69.0,65.0,168.0,330.0,22.0,-154.0,57.0
68.0,297.0,18.0,-21.0,-148.0,123.0,406.0,-404.0,-171.0,94.0
82.0,317.0,30.0,-11.0,-76.0,66.0,497.0,-386.0,-170.0,127.0
78.0,-27.0,-1.0,-10.0,97.0,56.0,532.0,-158.0,-130.0,150.0
65.0,17.0,97.0,-29.0,-22.0,18.0,460.0,206.0,-98.0,175.0
54.0,-43.0,44.0,-13.0,15.0,0.0,430.0,149.0,-90.0,173.0
15.0,-441.0,29.0,27.0,124.0,6.0,417.0,110.0,-125.0,154.0
21.0,-721.0,33.0,97.0,103.0,-86.0,296.0,463.0,-146.0,136.0
3.0,-921.0,-4.0,83.0,80.0,-188.0,91.0,661.0,-134.0,106.0
6.0,-1233.0,-22.0,106.0,-80.0,-276.0,-111.0,500.0,-121.0,85.0
17.0,-1388.0,-26.0,171.0,27.0,-269.0,-275.0,-144.0,-105.0,83.0
47.0,-1077.0,-48.0,218.0,166.0,-298.0,-384.0,-504.0,-100.0,101.0
17.0,-964.0,-78.0,252.0,29.0,-271.0,-457.0,-317.0,-66.0,117.0
-1.0,-826.0,-70.0,176.0,-17.0,-177.0,-504.0,101.0,-33.0,125.0
-5.0,-292.0,-90.0,185.0,-12.0,-58.0,-451.0,325.0,-16.0,153.0
0.0,-126.0,-62.0,190.0,74.0,-17.0,-341.0,97.0,-6.0,186.0
27.0,-68.0,-76.0,140.0,17.0,-38.0,-208.0,12.0,-16.0,212.0
19.0,275.0,-22.0,110.0,-106.0,-24.0,-115.0,-35.0,-17.0,217.0
50.0,632.0,-11.0,70.0,-37.0,-2.0,-10.0,-27.0,-20.0,220.0
22.0,905.0,-63.0,64.0,-50.0,79.0,139.0,81.0,-7.0,220.0
5.0,1205.0,0.0,41.0,-71.0,3.0,279.0,105.0,12.0,189.0
-27.0,1410.0,-10.0,9.0,-59.0,78.0,391.0,49.0,-4.0,138.0
-66.0,1286.0,-31.0,-20.0,-160.0,194.0,476.0,-402.0,-58.0,105.0
-95.0,1357.0,-34.0,-26.0,-2.0,148.0,600.0,-785.0,-121.0,82.0
-114.0,1355.0,-19.0,-80.0,107.0,51.0,744.0,-862.0,-167.0,48.0
-106.0,904.0,-12.0,-157.0,-127.0,8.0,833.0,-546.0,-195.0,27.0
-125.0,738.0,-33.0,-172.0,-21.0,41.0,784.0,227.0,-213.0,27.0
-113.0,650.0,-41.0,-152.0,96.0,-131.0,724.0,870.0,-228.0,47.0
-118.0,406.0,-71.0,-105.0,40.0,-108.0,691.0,1042.0,-229.0,70.0
-111.0,121.0,-92.0,-94.0,183.0,-63.0,598.0,489.0,-224.0,98.0
-132.0,-319.0,-101.0,-48.0,69.0,22.0,412.0,-225.0,-227.0,119.0
-147.0,-711.0,-91.0,27.0,30.0,54.0,205.0,-888.0,-215.0,112.0
-138.0,-1001.0,-85.0,67.0,256.0,-10.0,87.0,-1243.0,-182.0,107.0
-135.0,-1179.0,-37.0,79.0,106.0,75.0,-13.0,-881.0,-142.0,108.0
-134.0,-1234.0,25.0,107.0,18.0,-133.0,-88.0,-230.0,-98.0,115.0
-131.0,-1207.0,58.0,117.0,208.0,-133.0,-171.0,642.0,-39.0,105.0
-99.0,-994.0,106.0,79.0,179.0,-34.0,-232.0,992.0,11.0,123.0
-76.0,-688.0,108.0,75.0,112.0,10.0,-247.0,582.0,22.0,168.0
-34.0,-412.0,127.0,40.0,87.0,2.0,-236.0,-27.0,23.0,196.0
-40.0,-161.0,96.0,-17.0,50.0,-208.0,-208.0,-341.0,19.0,235.0
-52.0,45.0,76.0,-14.0,79.0,-122.0,-232.0,-243.0,17.0,255.0
-35.0,386.0,93.0,-4.0,-60.0,-45.0,-226.0,-301.0,40.0,260.0
-50.0,514.0,56.0,-6.0,-157.0,-147.0,-188.0,-301.0,57.0,258.0
-51.0,245.0,100.0,1.0,-79.0,-238.0,-131.0,-131.0,65.0,251.0
-62.0,120.0,140.0,-5.0,-155.0,-206.0,-56.0,317.0,68.0,236.0
-69.0,105.0,116.0,0.0,-229.0,-202.0,87.0,661.0,54.0,209.0
-60.0,1.0,43.0,15.0,-261.0,-354.0,263.0,343.0,32.0,179.0
-75.0,-104.0,40.0,32.0,-294.0,-292.0,392.0,29.0,2.0,143.0
-61.0,-18.0,18.0,40.0,-204.0,-116.0,486.0,-214.0,-13.0,107.0
-72.0,-19.0,-59.0,-11.0,-129.0,-102.0,525.0,-186.0,-15.0,51.0
-60.0,-158.0,-32.0,-66.0,-164.0,-38.0,557.0,-62.0,-1.0,-8.0
-67.0,36.0,-46.0,-153.0,-108.0,31.0,562.0,-249.0,12.0,-78.0
-86.0,48.0,-89.0,-241.0,74.0,15.0,479.0,-179.0,6.0,-138.0
-54.0,-14.0,-91.0,-302.0,85.0,-43.0,321.0,-195.0,-1.0,-203.0
-64.0,134.0,-90.0,-314.0,61.0,-164.0,167.0,-413.0,0.0,-284.0
-55.0,-11.0,-72.0,-260.0,86.0,-2.0,34.0,-687.0,15.0,-338.0
-83.0,-83.0,-98.0,-194.0,88.0,93.0,-84.0,-683.0,26.0,-424.0
-37.0,-16.0,-94.0,-121.0,101.0,-29.0,-221.0,-188.0,0.0,-512.0
-4.0,11.0,-59.0,-50.0,-68.0,-25.0,-298.0,230.0,-57.0,-583.0
-6.0,45.0,-139.0,11.0,-114.0,-137.0,-269.0,521.0,-84.0,-639.0
25.0,2.0,-118.0,70.0,95.0,-191.0,-258.0,391.0,-72.0,-675.0
25.0,45.0,-118.0,125.0,124.0,-107.0,-282.0,280.0,-46.0,-685.0
35.0,278.0,-155.0,186.0,-29.0,-28.0,-368.0,275.0,-27.0,-655.0
-5.0,420.0,-102.0,264.0,-135.0,-20.0,-397.0,-131.0,-45.0,-621.0
2.0,408.0,-113.0,235.0,-112.0,-87.0,-320.0,-533.0,-66.0,-555.0
1.0,684.0,-107.0,159.0,-22.0,-24.0,-182.0,-635.0,-73.0,-479.0
-13.0,727.0,-154.0,96.0,-81.0,-30.0,-32.0,-133.0,-53.0,-387.0
-37.0,499.0,-167.0,0.0,-261.0,-162.0,112.0,254.0,-11.0,-277.0
-62.0,467.0,-194.0,-84.0,-136.0,-214.0,310.0,171.0,-5.0,-175.0
-71.0,192.0,-205.0,-134.0,3.0,-204.0,484.0,5.0,0.0,-75.0
-93.0,-80.0,-178.0,-119.0,-97.0,31.0,549.0,-212.0,11.0,11.0
-98.0,-307.0,-218.0,-92.0,-93.0,308.0,445.0,-168.0,0.0,80.0
-97.0,-403.0,-142.0,-62.0,-160.0,260.0,289.0,-44.0,-20.0,111.0
-71.0,-393.0,-154.0,-40.0,-77.0,212.0,183.0,131.0,-50.0,134.0
-70.0,-421.0,-192.0,-7.0,-2.0,315.0,74.0,238.0,-67.0,153.0
-97.0,-202.0,-188.0,-3.0,-176.0,429.0,-91.0,317.0,-74.0,140.0
-123.0,-172.0,-250.0,-28.0,-61.0,386.0,-221.0,476.0,-65.0,104.0
-95.0,-186.0,-289.0,-63.0,22.0,171.0,-241.0,365.0,-57.0,67.0
-109.0,-350.0,-294.0,-113.0,44.0,169.0,-241.0,251.0,-62.0,22.0
-113.0,-561.0,-287.0,-174.0,168.0,241.0,-289.0,99.0,-51.0,-21.0
-118.0,-421.0,-268.0,-216.0,47.0,183.0,-403.0,-42.0,-50.0,-70.0
-117.0,-362.0,-186.0,-203.0,109.0,80.0,-456.0,-57.0,-65.0,-132.0
-93.0,-217.0,-169.0,-224.0,251.0,-33.0,-464.0,-133.0,-64.0,-170.0
-117.0,-30.0,-144.0,-211.0,39.0,-95.0,-451.0,-177.0,-24.0,-189.0
-145.0,236.0,-98.0,-184.0,76.0,-77.0,-481.0,-327.0,23.0,-190.0
-179.0,550.0,-103.0,-155.0,180.0,56.0,-557.0,-332.0,75.0,-221.0
-146.0,651.0,-31.0,-126.0,62.0,190.0,-519.0,-221.0,123.0,-239.0
-168.0,816.0,12.0,-105.0,193.0,162.0,-391.0,-164.0,148.0,-214.0
-162.0,820.0,4.0,-102.0,210.0,-33.0,-215.0,-181.0,201.0,-195.0
-172.0,692.0,29.0,-199.0,132.0,-84.0,-53.0,-271.0,231.0,-177.0
-163.0,593.0,25.0,-222.0,253.0,101.0,108.0,9.0,221.0,-171.0
-149.0,183.0,39.0,-227.0,77.0,203.0,261.0,168.0,199.0,-166.0
-176.0,16.0,74.0,-213.0,-33.0,66.0,400.0,112.0,184.0,-165.0
-149.0,23.0,52.0,-183.0,71.0,-95.0,477.0,51.0,188.0,-179.0
-171.0,-427.0,70.0,-207.0,-74.0,60.0,450.0,-40.0,186.0,-177.0
-151.0,-659.0,58.0,-215.0,-61.0,249.0,389.0,103.0,197.0,-189.0
-172.0,-622.0,39.0,-228.0,-35.0,129.0,293.0,62.0,187.0,-224.0
-151.0,-571.0,83.0,-226.0,-56.0,31.0,161.0,18.0,160.0,-222.0
-151.0,-421.0,117.0,-223.0,22.0,93.0,-43.0,-140.0,113.0,-217.0
-118.0,-343.0,113.0,-178.0,-183.0,75.0,-214.0,-450.0,75.0,-205.0
-79.0,-215.0,76.0,-134.0,-185.0,41.0,-380.0,-456.0,72.0,-193.0
-73.0,-214.0,88.0,-86.0,32.0,152.0,-556.0,-221.0,79.0,-181.0
-21.0,-271.0,66.0,-53.0,-39.0,158.0,-685.0,210.0,109.0,-125.0
-19.0,-306.0,86.0,-38.0,-12.0,6.0,-783.0,203.0,144.0,-76.0
50.0,-445.0,86.0,-15.0,-42.0,-5.0,-769.0,-94.0,174.0,-34.0
76.0,-502.0,94.0,-83.0,-180.0,198.0,-686.0,-251.0,165.0,3.0
98.0,-688.0,154.0,-141.0,48.0,217.0,-562.0,-238.0,144.0,39.0
61.0,-798.0,134.0,-158.0,-23.0,28.0,-424.0,-84.0,145.0,56.0
65.0,-664.0,141.0,-180.0,-199.0,91.0,-205.0,0.0,142.0,64.0
84.0,-494.0,116.0,-231.0,68.0,215.0,73.0,303.0,145.0,86.0
87.0,-276.0,64.0,-257.0,31.0,253.0,270.0,509.0,126.0,76.0
123.0,45.0,74.0,-287.0,-8.0,214.0,322.0,378.0,96.0,62.0
121.0,359.0,91.0,-326.0,102.0,161.0,308.0,-86.0,66.0,31.0
187.0,397.0,77.0,-300.0,-110.0,21.0,338.0,-452.0,30.0,8.0
161.0,672.0,93.0,-278.0,18.0,-159.0,353.0,-27.0,21.0,-21.0
176.0,806.0,63.0,-259.0,83.0,-43.0,346.0,604.0,-4.0,-85.0
192.0,582.0,4.0,-238.0,-210.0,-32.0,282.0,801.0,-60.0,-103.0
206.0,528.0,-43.0,-205.0,-21.0,-24.0,213.0,230.0,-101.0,-114.0
195.0,323.0,-84.0,-171.0,85.0,5.0,176.0,-615.0,-116.0,-135.0
157.0,77.0,-94.0,-119.0,57.0,-98.0,80.0,-1018.0,-80.0,-144.0
165.0,-148.0,-126.0,-64.0,183.0,-9.0,-137.0,-907.0,-74.0,-125.0
156.0,-11.0,-126.0,-69.0,58.0,115.0,-371.0,-184.0,-116.0,-98.0
161.0,50.0,-178.0,-53.0,64.0,-12.0,-477.0,452.0,-162.0,-89.0
128.0,-19.0,-145.0,-20.0,122.0,-175.0,-465.0,862.0,-202.0,-56.0
159.0,305.0,-137.0,-17.0,-85.0,12.0,-381.0,997.0,-198.0,-12.0
145.0,281.0,-225.0,-61.0,-25.0,160.0,-339.0,530.0,-179.0,30.0
113.0,46.0,-148.0,-114.0,51.0,160.0,-286.0,-145.0,-175.0,71.0
62.0,-148.0,-175.0,-108.0,-80.0,121.0,-230.0,-929.0,-189.0,117.0
8.0,-157.0,-196.0,-79.0,0.0,150.0,-195.0,-1199.0,-217.0,131.0
0.0,-368.0,-144.0,-51.0,-106.0,239.0,-179.0,-820.0,-238.0,110.0
-26.0,-497.0,-155.0,-64.0,-215.0,62.0,-224.0,-114.0,-231.0,75.0
-20.0,-243.0,-119.0,-79.0,-24.0,-85.0,-226.0,546.0,-209.0,5.0
3.0,-355.0,-73.0,-57.0,-111.0,-149.0,-169.0,691.0,-200.0,-83.0
48.0,-345.0,-65.0,-29.0,-220.0,-39.0,-76.0,532.0,-203.0,-195.0
32.0,-330.0,-54.0,5.0,-80.0,133.0,16.0,33.0,-209.0,-319.0
-3.0,-306.0,16.0,25.0,-150.0,29.0,116.0,-367.0,-187.0,-462.0
-33.0,6.0,-9.0,61.0,-112.0,-89.0,244.0,-532.0,-168.0,-610.0
-34.0,291.0,-8.0,76.0,1.0,-100.0,403.0,-376.0,-158.0,-754.0
-37.0,422.0,-10.0,93.0,-135.0,-58.0,481.0,94.0,-129.0,-873.0
-41.0,585.0,-82.0,145.0,-12.0,-130.0,423.0,264.0,-103.0,-959.0
-26.0,758.0,-11.0,197.0,-20.0,-219.0,339.0,454.0,-93.0,-1042.0
-3.0,751.0,-18.0,229.0,-42.0,-165.0,236.0,458.0,-98.0,-1077.0
-13.0,711.0,-55.0,204.0,104.0,-234.0,98.0,199.0,-87.0,-1070.0
-52.0,530.0,-65.0,175.0,5.0,-386.0,-38.0,-24.0,-49.0,-1023.0
-63.0,431.0,-98.0,176.0,113.0,-277.0,-60.0,-118.0,6.0,-954.0
-93.0,366.0,-41.0,162.0,42.0,-104.0,-71.0,236.0,56.0,-865.0
-73.0,389.0,2.0,146.0,18.0,-244.0,-158.0,659.0,91.0,-735.0
-86.0,362.0,-21.0,139.0,258.0,-328.0,-222.0,861.0,130.0,-617.0
-72.0,135.0,-76.0,107.0,-10.0,-179.0,-255.0,504.0,201.0,-485.0
-50.0,210.0,-40.0,69.0,-83.0,-199.0,-321.0,-164.0,277.0,-328.0
-37.0,127.0,-48.0,59.0,123.0,-171.0,-340.0,-532.0,328.0,-183.0
-43.0,-297.0,-47.0,82.0,7.0,26.0,-263.0,-705.0,365.0,-74.0
-80.0,-524.0,14.0,98.0,27.0,60.0,-172.0,-286.0,346.0,32.0
-55.0,-516.0,-23.0,126.0,78.0,-95.0,-114.0,432.0,315.0,152.0
-82.0,-743.0,-14.0,147.0,-12.0,-244.0,-187.0,809.0,308.0,234.0
-78.0,-805.0,4.0,135.0,126.0,-131.0,-218.0,700.0,288.0,287.0
-94.0,-410.0,-1.0,118.0,63.0,-68.0,-109.0,190.0,240.0,305.0
-71.0,-230.0,-22.0,107.0,-91.0,-267.0,0.0,-125.0,161.0,305.0
-45.0,-63.0,20.0,105.0,143.0,-314.0,20.0,-349.0,83.0,280.0
-42.0,110.0,57.0,68.0,98.0,-267.0,-104.0,-436.0,17.0,213.0
-14.0,266.0,59.0,37.0,39.0,-235.0,-236.0,-508.0,-22.0,153.0
-27.0,337.0,94.0,15.0,156.0,-171.0,-261.0,-578.0,-36.0,77.0
7.0,-25.0,50.0,-24.0,33.0,-296.0,-192.0,-169.0,-30.0,-31.0
11.0,-428.0,83.0,-61.0,109.0,-348.0,-93.0,192.0,-51.0,-99.0
52.0,-614.0,66.0,-55.0,105.0,-174.0,3.0,310.0,-82.0,-138.0
68.0,-623.0,26.0,-16.0,41.0,-89.0,42.0,72.0,-89.0,-191.0
77.0,-825.0,57.0,-10.0,92.0,-149.0,74.0,-186.0,-109.0,-226.0
105.0,-836.0,0.0,-13.0,65.0,-83.0,186.0,-188.0,-115.0,-219.0
109.0,-605.0,-3.0,36.0,155.0,-16.0,305.0,-230.0,-105.0,-197.0
112.0,-633.0,-55.0,113.0,129.0,-175.0,297.0,-153.0,-87.0,-179.0
66.0,-395.0,-96.0,151.0,39.0,-172.0,115.0,-330.0,-63.0,-129.0
98.0,-265.0,-74.0,138.0,-50.0,-46.0,-48.0,-382.0,-56.0,-92.0
110.0,-149.0,-83.0,97.0,-14.0,0.0,-94.0,-72.0,-55.0,-70.0
101.0,212.0,-81.0,88.0,-52.0,-137.0,-113.0,225.0,-39.0,-21.0
112.0,363.0,-55.0,77.0,-253.0,-200.0,-172.0,469.0,-24.0,8.0
123.0,477.0,25.0,75.0,-124.0,-54.0,-274.0,430.0,-37.0,41.0
129.0,566.0,52.0,40.0,-117.0,-257.0,-345.0,330.0,-60.0,56.0
115.0,692.0,128.0,-36.0,-165.0,-402.0,-331.0,109.0,-80.0,69.0
107.0,618.0,162.0,-93.0,-154.0,-167.0,-313.0,68.0,-68.0,119.0
88.0,597.0,176.0,-129.0,-271.0,11.0,-285.0,258.0,-43.0,143.0
110.0,775.0,228.0,-159.0,-173.0,-12.0,-236.0,212.0,-45.0,152.0
109.0,910.0,199.0,-197.0,-139.0,-6.0,-160.0,110.0,-80.0,161.0
115.0,1018.0,221.0,-210.0,-236.0,114.0,-42.0,-212.0,-100.0,162.0
114.0,833.0,208.0,-318.0,-136.0,89.0,0.0,-310.0,-81.0,149.0
82.0,688.0,214.0,-418.0,-28.0,4.0,40.0,-24.0,-51.0,116.0
36.0,501.0,193.0,-409.0,-44.0,47.0,85.0,197.0,-8.0,79.0
-5.0,194.0,154.0,-332.0,-29.0,119.0,73.0,181.0,12.0,36.0
-4.0,-93.0,147.0,-234.0,-49.0,90.0,-27.0,-205.0,8.0,-27.0
-3.0,-339.0,134.0,-214.0,-54.0,31.0,-153.0,-465.0,18.0,-66.0
15.0,-401.0,96.0,-186.0,15.0,16.0,-119.0,-532.0,29.0,-82.0
7.0,-494.0,35.0,-178.0,29.0,12.0,-56.0,-432.0,17.0,-111.0
4.0,-695.0,64.0,-150.0,64.0,-31.0,-59.0,-195.0,-20.0,-103.0
-18.0,-691.0,35.0,-88.0,69.0,-99.0,-75.0,227.0,-80.0,-59.0
-47.0,-286.0,30.0,-69.0,83.0,-171.0,-58.0,663.0,-120.0,-9.0
-65.0,-193.0,32.0,-28.0,110.0,-97.0,-2.0,410.0,-103.0,33.0
-95.0,-298.0,15.0,3.0,68.0,-8.0,22.0,-112.0,-77.0,96.0
-95.0,-53.0,35.0,-17.0,99.0,-137.0,13.0,-635.0,-50.0,170.0
-77.0,198.0,21.0,-45.0,63.0,-102.0,3.0,-798.0,-61.0,220.0
-26.0,339.0,56.0,-98.0,2.0,113.0,7.0,-310.0,-96.0,276.0
-1.0,468.0,33.0,-123.0,-54.0,195.0,10.0,338.0,-98.0,320.0
1.0,532.0,-3.0,-105.0,5.0,87.0,72.0,877.0,-100.0,343.0
-5.0,365.0,-24.0,-85.0,188.0,60.0,80.0,894.0,-85.0,350.0
-13.0,381.0,-36.0,-43.0,70.0,22.0,6.0,550.0,-79.0,324.0
-26.0,240.0,-68.0,-19.0,32.0,-27.0,-21.0,31.0,-93.0,291.0
-22.0,-166.0,-87.0,13.0,171.0,77.0,-93.0,-212.0,-96.0,265.0
5.0,-34.0,-96.0,-8.0,64.0,98.0,-213.0,46.0,-96.0,226.0
39.0,-64.0,-142.0,-80.0,-86.0,297.0,-282.0,125.0,-103.0,176.0
56.0,-322.0,-116.0,-131.0,-28.0,298.0,-280.0,223.0,-130.0,116.0
42.0,-336.0,-151.0,-205.0,-9.0,185.0,-299.0,290.0,-150.0,42.0
71.0,-184.0,-173.0,-206.0,-14.0,171.0,-275.0,242.0,-154.0,-37.0
98.0,7.0,-173.0,-110.0,8.0,-4.0,-212.0,40.0,-141.0,-139.0
102.0,-41.0,-200.0,-62.0,-128.0,42.0,-144.0,-461.0,-117.0,-245.0
77.0,-82.0,-227.0,-61.0,-10.0,-56.0,-10.0,-735.0,-90.0,-361.0
108.0,-65.0,-233.0,-79.0,70.0,-148.0,105.0,-707.0,-73.0,-463.0
144.0,237.0,-198.0,-89.0,-56.0,-62.0,172.0,-194.0,-40.0,-510.0
154.0,316.0,-190.0,-77.0,42.0,60.0,122.0,430.0,7.0,-538.0
181.0,128.0,-160.0,-93.0,102.0,233.0,99.0,835.0,51.0,-525.0
181.0,275.0,-140.0,-107.0,131.0,164.0,141.0,1006.0,120.0,-472.0
209.0,213.0,-117.0,-100.0,179.0,129.0,134.0,576.0,180.0,-369.0
161.0,122.0,-144.0,-57.0,54.0,35.0,116.0,-1.0,236.0,-245.0
155.0,4.0,-116.0,5.0,10.0,17.0,110.0,-630.0,291.0,-123.0
164.0,-135.0,-45.0,70.0,164.0,210.0,233.0,-862.0,339.0,-7.0
177.0,-155.0,1.0,96.0,62.0,139.0,368.0,-535.0,380.0,71.0
223.0,-241.0,81.0,69.0,-29.0,-46.0,390.0,-103.0,393.0,153.0
239.0,-371.0,73.0,44.0,56.0,-138.0,354.0,238.0,409.0,194.0
276.0,-406.0,144.0,41.0,22.0,-133.0,337.0,147.0,422.0,200.0
247.0,-193.0,171.0,51.0,-24.0,-216.0,247.0,153.0,438.0,187.0
243.0,-122.0,119.0,90.0,-143.0,-386.0,64.0,-77.0,440.0,160.0
227.0,-96.0,132.0,138.0,-98.0,-363.0,-139.0,-574.0,410.0,163.0
242.0,-99.0,117.0,122.0,-34.0,-290.0,-359.0,-628.0,372.0,177.0
236.0,-76.0,153.0,127.0,-79.0,-222.0,-389.0,-338.0,349.0,210.0
202.0,17.0,153.0,114.0,-29.0,-191.0,-347.0,437.0,327.0,236.0
228.0,-35.0,118.0,44.0,-46.0,-330.0,-325.0,1049.0,291.0,267.0
240.0,53.0,120.0,-24.0,27.0,-466.0,-233.0,1158.0,253.0,325.0
255.0,201.0,137.0,-122.0,139.0,-435.0,-129.0,844.0,197.0,355.0
213.0,267.0,155.0,-183.0,37.0,-385.0,-9.0,151.0,159.0,363.0
239.0,298.0,131.0,-185.0,-44.0,-462.0,107.0,-408.0,135.0,369.0
242.0,405.0,101.0,-132.0,61.0,-485.0,185.0,-659.0,111.0,357.0
250.0,482.0,76.0,-106.0,84.0,-388.0,272.0,-242.0,99.0,336.0
252.0,379.0,86.0,-44.0,-2.0,-206.0,384.0,380.0,80.0,295.0
219.0,185.0,131.0,62.0,-40.0,-12.0,448.0,631.0,57.0,231.0
227.0,147.0,158.0,53.0,111.0,-104.0,415.0,561.0,20.0,171.0
166.0,286.0,209.0,82.0,223.0,-311.0,294.0,48.0,-13.0,93.0
142.0,72.0,244.0,155.0,50.0,-242.0,250.0,-339.0,-17.0,36.0
121.0,-154.0,203.0,135.0,-31.0,-169.0,272.0,-498.0,-18.0,-9.0
133.0,-134.0,216.0,75.0,-19.0,-181.0,247.0,-478.0,-29.0,-72.0
133.0,-239.0,264.0,8.0,30.0,-265.0,166.0,-229.0,-33.0,-105.0
112.0,-275.0,234.0,1.0,38.0,-383.0,129.0,73.0,-38.0,-147.0
118.0,-242.0,194.0,-24.0,-64.0,-315.0,132.0,622.0,-48.0,-177.0
137.0,-172.0,224.0,-63.0,-22.0,-294.0,140.0,707.0,-67.0,-193.0
160.0,172.0,229.0,-53.0,27.0,-187.0,194.0,306.0,-68.0,-224.0
124.0,428.0,219.0,-85.0,14.0,-35.0,143.0,-83.0,-40.0,-219.0
125.0,253.0,231.0,-69.0,-72.0,12.0,90.0,-251.0,-7.0,-198.0
131.0,226.0,197.0,-16.0,-261.0,80.0,71.0,101.0,20.0,-180.0
140.0,465.0,208.0,23.0,-132.0,56.0,-31.0,378.0,29.0,-152.0
128.0,448.0,198.0,46.0,52.0,56.0,-159.0,450.0,41.0,-144.0
116.0,129.0,168.0,34.0,-202.0,19.0,-195.0,295.0,65.0,-127.0
127.0,-120.0,150.0,6.0,-171.0,-31.0,-132.0,12.0,99.0,-97.0
132.0,-87.0,66.0,6.0,36.0,-172.0,0.0,-380.0,121.0,-97.0
148.0,-114.0,69.0,87.0,-38.0,-313.0,187.0,-931.0,125.0,-95.0
124.0,-234.0,73.0,123.0,31.0,-91.0,313.0,-992.0,137.0,-103.0
111.0,-178.0,1.0,107.0,-81.0,94.0,515.0,-574.0,141.0,-111.0
110.0,-153.0,22.0,63.0,-101.0,132.0,705.0,182.0,147.0,-118.0
115.0,-135.0,11.0,51.0,145.0,93.0,755.0,692.0,158.0,-138.0
135.0,-157.0,-24.0,120.0,-20.0,16.0,757.0,787.0,157.0,-141.0
136.0,-242.0,-32.0,136.0,-43.0,-62.0,659.0,637.0,134.0,-155.0
142.0,-100.0,-48.0,135.0,175.0,-245.0,518.0,53.0,132.0,-145.0
153.0,2.0,-43.0,155.0,107.0,-254.0,429.0,-367.0,134.0,-132.0
152.0,-128.0,-89.0,173.0,125.0,-248.0,303.0,-618.0,119.0,-117.0
117.0,-354.0,-108.0,198.0,76.0,-138.0,105.0,-624.0,112.0,-78.0
76.0,-206.0,-94.0,249.0,-51.0,154.0,-18.0,-362.0,91.0,-63.0
73.0,120.0,-139.0,269.0,80.0,223.0,-75.0,-105.0,83.0,-33.0
81.0,79.0,-142.0,173.0,37.0,65.0,-145.0,144.0,43.0,-11.0
91.0,33.0,-89.0,36.0,-41.0,-31.0,-250.0,147.0,-12.0,-11.0
66.0,84.0,-74.0,-36.0,80.0,46.0,-302.0,105.0,-31.0,-17.0
65.0,59.0,-62.0,-93.0,155.0,54.0,-248.0,-90.0,-41.0,-42.0
61.0,-73.0,-8.0,-160.0,103.0,92.0,-121.0,-131.0,-19.0,-48.0
42.0,52.0,9.0,-180.0,-23.0,66.0,-49.0,97.0,13.0,-63.0
50.0,174.0,43.0,-186.0,-7.0,95.0,-91.0,286.0,42.0,-70.0
28.0,16.0,112.0,-133.0,64.0,223.0,-76.0,691.0,60.0,-31.0
44.0,190.0,143.0,0.0,-13.0,105.0,2.0,896.0,75.0,28.0
16.0,275.0,175.0,105.0,-15.0,14.0,59.0,881.0,101.0,109.0
0.0,360.0,199.0,152.0,18.0,10.0,70.0,569.0,124.0,187.0
-8.0,595.0,262.0,187.0,-22.0,150.0,135.0,35.0,151.0,264.0
-35.0,412.0,285.0,235.0,80.0,211.0,252.0,-210.0,150.0,358.0
-16.0,242.0,263.0,247.0,-5.0,61.0,344.0,-362.0,131.0,386.0
-23.0,62.0,282.0,246.0,-91.0,51.0,377.0,-94.0,136.0,351.0
-23.0,-234.0,216.0,289.0,92.0,148.0,308.0,303.0,140.0,321.0
-48.0,-474.0,215.0,303.0,39.0,227.0,295.0,465.0,127.0,252.0
-64.0,-620.0,220.0,256.0,-26.0,168.0,351.0,393.0,108.0,156.0
-96.0,-756.0,153.0,190.0,10.0,87.0,358.0,9.0,70.0,51.0
-106.0,-944.0,173.0,111.0,11.0,28.0,294.0,-110.0,34.0,-47.0
-80.0,-1017.0,162.0,55.0,78.0,29.0,227.0,7.0,19.0,-118.0
-66.0,-988.0,163.0,55.0,-18.0,310.0,191.0,360.0,-19.0,-172.0
-29.0,-577.0,184.0,49.0,-156.0,514.0,192.0,713.0,-52.0,-187.0
-1.0,-108.0,165.0,2.0,-9.0,270.0,155.0,855.0,-73.0,-184.0
18.0,42.0,232.0,-5.0,57.0,-60.0,69.0,713.0,-116.0,-165.0
-4.0,186.0,254.0,38.0,-92.0,-115.0,9.0,-36.0,-148.0,-153.0
-24.0,466.0,243.0,45.0,-109.0,-80.0,-25.0,-582.0,-161.0,-129.0
-17.0,503.0,294.0,61.0,-71.0,-89.0,-21.0,-650.0,-168.0,-91.0
4.0,345.0,296.0,96.0,-12.0,-73.0,-121.0,-336.0,-172.0,-111.0
3.0,301.0,329.0,93.0,-22.0,35.0,-219.0,144.0,-146.0,-115.0
-7.0,183.0,339.0,68.0,-106.0,175.0,-235.0,153.0,-115.0,-102.0
-20.0,225.0,352.0,100.0,-11.0,140.0,-253.0,-129.0,-100.0,-118.0
-25.0,145.0,342.0,193.0,77.0,206.0,-253.0,-458.0,-93.0,-142.0
-7.0,-30.0,304.0,200.0,65.0,229.0,-263.0,-613.0,-93.0,-173.0
-25.0,85.0,341.0,137.0,-20.0,-22.0,-185.0,-406.0,-79.0,-180.0
-27.0,337.0,283.0,114.0,-74.0,-120.0,-73.0,194.0,-78.0,-188.0
-32.0,309.0,273.0,114.0,79.0,25.0,2.0,689.0,-69.0,-177.0
-36.0,-8.0,227.0,31.0,99.0,260.0,35.0,722.0,-48.0,-116.0
-30.0,246.0,166.0,-32.0,-68.0,238.0,43.0,646.0,-29.0,-50.0
-29.0,527.0,161.0,3.0,-56.0,178.0,65.0,245.0,-10.0,18.0
-6.0,140.0,65.0,-33.0,106.0,149.0,47.0,-131.0,-14.0,101.0
3.0,-22.0,37.0,-100.0,177.0,35.0,-18.0,-90.0,0.0,226.0
-18.0,24.0,4.0,-89.0,107.0,82.0,-85.0,66.0,0.0,332.0
-33.0,-223.0,-22.0,-18.0,15.0,48.0,-57.0,245.0,2.0,394.0
-34.0,-165.0,-29.0,20.0,67.0,48.0,-12.0,280.0,30.0,458.0
-19.0,-206.0,-18.0,33.0,204.0,60.0,-10.0,297.0,45.0,488.0
9.0,-446.0,-52.0,70.0,35.0,57.0,57.0,280.0,57.0,467.0
52.0,-231.0,-66.0,103.0,-103.0,56.0,233.0,423.0,57.0,401.0
95.0,-109.0,40.0,126.0,78.0,50.0,467.0,659.0,55.0,309.0
118.0,-142.0,42.0,155.0,191.0,100.0,645.0,506.0,58.0,184.0
136.0,-207.0,52.0,225.0,210.0,-68.0,660.0,162.0,78.0,60.0
95.0,-273.0,72.0,251.0,117.0,-174.0,555.0,-378.0,102.0,-44.0
62.0,-495.0,12.0,132.0,80.0,-36.0,476.0,-609.0,119.0,-164.0
49.0,-772.0,0.0,98.0,190.0,44.0,421.0,-465.0,126.0,-267.0
52.0,-720.0,27.0,224.0,64.0,-106.0,314.0,-291.0,137.0,-341.0
70.0,-583.0,45.0,183.0,-141.0,-181.0,109.0,-49.0,153.0,-376.0
102.0,-333.0,69.0,57.0,-56.0,7.0,-45.0,-40.0,161.0,-385.0
147.0,-156.0,127.0,65.0,72.0,160.0,-120.0,286.0,160.0,-388.0
151.0,16.0,148.0,109.0,-7.0,181.0,-210.0,742.0,150.0,-343.0
187.0,316.0,129.0,25.0,-183.0,76.0,-283.0,855.0,135.0,-291.0
185.0,317.0,148.0,-77.0,-199.0,-40.0,-325.0,748.0,106.0,-258.0
194.0,435.0,110.0,-23.0,-92.0,-21.0,-311.0,271.0,75.0,-225.0
214.0,657.0,95.0,71.0,-147.0,-110.0,-248.0,-223.0,30.0,-200.0
226.0,490.0,91.0,138.0,-305.0,-118.0,-177.0,-469.0,-8.0,-192.0
256.0,458.0,32.0,118.0,-241.0,6.0,-223.0,-279.0,-43.0,-226.0
255.0,449.0,75.0,144.0,2.0,-60.0,-255.0,-3.0,-100.0,-264.0
299.0,380.0,45.0,287.0,-23.0,2.0,-177.0,234.0,-141.0,-265.0
299.0,397.0,26.0,429.0,-128.0,-52.0,-146.0,498.0,-172.0,-286.0
261.0,153.0,93.0,470.0,-34.0,-14.0,-145.0,389.0,-201.0,-313.0
222.0,-132.0,54.0,394.0,54.0,-2.0,-116.0,168.0,-239.0,-293.0
173.0,-137.0,45.0,363.0,48.0,-316.0,-38.0,-114.0,-252.0,-255.0
111.0,-184.0,70.0,304.0,-52.0,-122.0,76.0,-216.0,-246.0,-229.0
58.0,-533.0,44.0,181.0,-36.0,52.0,141.0,-157.0,-262.0,-175.0
39.0,-456.0,34.0,48.0,61.0,-60.0,131.0,-327.0,-260.0,-92.0
10.0,-258.0,36.0,-42.0,118.0,-139.0,135.0,-266.0,-274.0,-24.0
26.0,-419.0,21.0,-69.0,113.0,-8.0,99.0,53.0,-279.0,51.0
5.0,-432.0,70.0,-129.0,28.0,171.0,78.0,506.0,-251.0,134.0
-36.0,-274.0,110.0,-197.0,120.0,-70.0,52.0,812.0,-237.0,222.0
-47.0,-196.0,117.0,-190.0,224.0,-160.0,31.0,593.0,-225.0,310.0
-52.0,-120.0,134.0,-66.0,108.0,-68.0,98.0,20.0,-210.0,368.0
-53.0,-100.0,127.0,76.0,-22.0,-125.0,121.0,-550.0,-181.0,448.0
-58.0,-281.0,136.0,100.0,71.0,-361.0,157.0,-343.0,-160.0,536.0
-38.0,-206.0,131.0,103.0,199.0,-580.0,165.0,254.0,-148.0,615.0
-26.0,-78.0,94.0,179.0,54.0,-615.0,194.0,515.0,-164.0,697.0
-35.0,22.0,77.0,268.0,-58.0,-456.0,244.0,284.0,-195.0,786.0
-48.0,130.0,89.0,280.0,41.0,-117.0,271.0,-242.0,-206.0,888.0
-61.0,329.0,38.0,149.0,191.0,2.0,259.0,-262.0,-218.0,979.0
-83.0,610.0,64.0,80.0,51.0,52.0,168.0,14.0,-233.0,1065.0
-85.0,585.0,70.0,110.0,-238.0,62.0,102.0,363.0,-265.0,1131.0
-70.0,497.0,-12.0,79.0,-63.0,-129.0,18.0,565.0,-288.0,1158.0
-41.0,443.0,31.0,141.0,183.0,-227.0,-28.0,556.0,-299.0,1113.0
-19.0,438.0,9.0,204.0,19.0,-133.0,-40.0,380.0,-287.0,1021.0
-1.0,314.0,22.0,177.0,-68.0,45.0,-61.0,-114.0,-238.0,894.0
23.0,230.0,65.0,110.0,61.0,44.0,-46.0,-249.0,-204.0,694.0
21.0,87.0,16.0,-27.0,102.0,10.0,-24.0,-31.0,-189.0,477.0
14.0,65.0,23.0,-87.0,146.0,340.0,-80.0,219.0,-156.0,257.0
-15.0,213.0,-6.0,-76.0,47.0,297.0,-54.0,18.0,-99.0,45.0
-10.0,-5.0,-2.0,-58.0,-49.0,122.0,60.0,-306.0,-24.0,-130.0
-4.0,-106.0,34.0,-92.0,160.0,198.0,131.0,-44.0,46.0,-267.0
0.0,-156.0,-28.0,-96.0,147.0,-291.0,155.0,18.0,98.0,-368.0
25.0,-160.0,-52.0,31.0,-96.0,-317.0,73.0,-280.0,139.0,-440.0
27.0,-161.0,-13.0,126.0,-97.0,-65.0,76.0,-508.0,163.0,-447.0
49.0,-229.0,-77.0,110.0,42.0,-66.0,74.0,-247.0,170.0,-435.0
53.0,-297.0,-137.0,4.0,119.0,-78.0,34.0,321.0,159.0,-398.0
32.0,-497.0,-107.0,-57.0,-25.0,-168.0,-15.0,465.0,149.0,-325.0
11.0,-187.0,-120.0,-69.0,-172.0,252.0,-86.0,29.0,134.0,-250.0
-1.0,-21.0,-72.0,-152.0,47.0,256.0,-64.0,-580.0,90.0,-152.0
-4.0,-202.0,-4.0,-214.0,179.0,157.0,-56.0,-474.0,52.0,-69.0
10.0,-65.0,-54.0,-257.0,60.0,321.0,-95.0,138.0,27.0,0.0
18.0,61.0,-50.0,-320.0,-80.0,332.0,-211.0,430.0,12.0,49.0
51.0,106.0,-53.0,-325.0,25.0,484.0,-227.0,140.0,10.0,84.0
73.0,-29.0,-51.0,-235.0,257.0,522.0,-172.0,-358.0,0.0,131.0
43.0,76.0,-29.0,-58.0,66.0,546.0,-168.0,-327.0,-11.0,165.0
32.0,189.0,-17.0,142.0,-26.0,448.0,-190.0,-223.0,0.0,188.0
45.0,39.0,40.0,261.0,9.0,471.0,-185.0,-205.0,19.0,231.0
100.0,224.0,37.0,186.0,57.0,667.0,-62.0,46.0,55.0,304.0
108.0,381.0,57.0,102.0,118.0,567.0,69.0,116.0,94.0,387.0
127.0,400.0,67.0,147.0,-140.0,298.0,214.0,60.0,109.0,488.0
164.0,528.0,68.0,116.0,-165.0,319.0,331.0,1.0,126.0,593.0
180.0,642.0,40.0,47.0,85.0,398.0,438.0,-38.0,141.0,688.0
167.0,561.0,31.0,55.0,31.0,185.0,489.0,-140.0,151.0,778.0
135.0,386.0,72.0,117.0,-314.0,65.0,402.0,-40.0,163.0,843.0
139.0,375.0,20.0,199.0,-229.0,169.0,255.0,147.0,167.0,856.0
107.0,407.0,-3.0,205.0,89.0,256.0,85.0,-60.0,169.0,827.0
110.0,59.0,-66.0,145.0,41.0,180.0,-47.0,-253.0,163.0,783.0
95.0,-167.0,-97.0,83.0,-168.0,287.0,-180.0,-508.0,146.0,703.0
87.0,-164.0,-67.0,77.0,-250.0,428.0,-337.0,-533.0,149.0,602.0
58.0,-352.0,-50.0,115.0,7.0,272.0,-468.0,-347.0,159.0,501.0
37.0,-118.0,-24.0,143.0,80.0,208.0,-472.0,-352.0,120.0,388.0
37.0,-43.0,-4.0,117.0,-62.0,235.0,-378.0,-210.0,60.0,273.0
-9.0,-64.0,51.0,96.0,-36.0,162.0,-282.0,-194.0,36.0,161.0
0.0,243.0,31.0,121.0,95.0,103.0,-216.0,53.0,18.0,55.0
-30.0,401.0,53.0,139.0,192.0,110.0,-186.0,325.0,-22.0,-18.0
-25.0,392.0,67.0,166.0,-38.0,222.0,-162.0,-16.0,-62.0,-70.0
-40.0,26.0,51.0,207.0,-131.0,414.0,-150.0,-384.0,-92.0,-85.0
-50.0,-65.0,69.0,225.0,95.0,460.0,-157.0,-175.0,-130.0,-61.0
-83.0,-198.0,28.0,170.0,91.0,371.0,-147.0,388.0,-158.0,-23.0
-144.0,-570.0,14.0,174.0,6.0,261.0,-77.0,375.0,-192.0,51.0
-150.0,-661.0,-3.0,183.0,-49.0,129.0,-9.0,216.0,-229.0,143.0
-195.0,-739.0,-38.0,85.0,-37.0,98.0,98.0,408.0,-234.0,232.0
-200.0,-405.0,-46.0,-64.0,191.0,62.0,249.0,537.0,-231.0,296.0
-222.0,-74.0,-12.0,-150.0,117.0,20.0,384.0,315.0,-214.0,344.0
-181.0,-17.0,-36.0,-85.0,-178.0,183.0,490.0,-317.0,-212.0,362.0
-174.0,83.0,-72.0,-11.0,-135.0,392.0,548.0,-554.0,-193.0,346.0
-184.0,15.0,-58.0,100.0,35.0,645.0,534.0,-491.0,-130.0,340.0
-172.0,218.0,-104.0,173.0,48.0,671.0,426.0,-541.0,-76.0,308.0
-207.0,334.0,-114.0,168.0,-204.0,495.0,356.0,-552.0,-15.0,266.0
-210.0,-20.0,-132.0,155.0,-220.0,363.0,286.0,-524.0,26.0,231.0
-229.0,-36.0,-157.0,82.0,126.0,275.0,148.0,-153.0,45.0,208.0
-194.0,135.0,-191.0,4.0,32.0,482.0,-33.0,134.0,62.0,183.0
-175.0,254.0,-218.0,-38.0,-128.0,365.0,-166.0,-1.0,79.0,137.0
-168.0,427.0,-196.0,-16.0,-42.0,196.0,-190.0,-153.0,108.0,97.0
-144.0,420.0,-253.0,-20.0,9.0,312.0,-203.0,79.0,121.0,63.0
-95.0,372.0,-253.0,11.0,161.0,317.0,-193.0,376.0,105.0,22.0
-95.0,254.0,-258.0,41.0,-18.0,360.0,-147.0,11.0,80.0,-36.0
-134.0,91.0,-273.0,-19.0,-171.0,297.0,-26.0,-511.0,55.0,-68.0
-130.0,-138.0,-230.0,-44.0,172.0,246.0,136.0,-837.0,16.0,-99.0
-129.0,-425.0,-213.0,-67.0,202.0,152.0,277.0,-755.0,-20.0,-137.0
-93.0,-282.0,-214.0,-70.0,70.0,303.0,335.0,-323.0,-56.0,-150.0
-64.0,-264.0,-202.0,-52.0,62.0,457.0,330.0,-120.0,-101.0,-155.0
-4.0,-530.0,-153.0,-33.0,52.0,263.0,330.0,262.0,-114.0,-135.0
10.0,-344.0,-177.0,-33.0,238.0,157.0,291.0,436.0,-113.0,-121.0
-19.0,-113.0,-147.0,-41.0,176.0,104.0,218.0,151.0,-104.0,-77.0
-30.0,62.0,-152.0,-83.0,-77.0,182.0,107.0,-419.0,-80.0,-3.0
-12.0,130.0,-151.0,-136.0,34.0,171.0,68.0,-997.0,-56.0,45.0
15.0,169.0,-108.0,-93.0,250.0,191.0,57.0,-766.0,-13.0,112.0
32.0,132.0,-173.0,4.0,70.0,164.0,17.0,-16.0,38.0,180.0
85.0,-182.0,-122.0,63.0,-71.0,99.0,-54.0,833.0,101.0,227.0
134.0,20.0,-88.0,51.0,20.0,146.0,-132.0,1171.0,156.0,239.0
182.0,-14.0,-108.0,0.0,62.0,-97.0,-85.0,1029.0,193.0,234.0
175.0,-307.0,-99.0,-41.0,95.0,-100.0,-25.0,530.0,228.0,225.0
169.0,-164.0,-84.0,-28.0,-96.0,203.0,-40.0,-203.0,254.0,174.0
191.0,-98.0,-92.0,-25.0,-152.0,202.0,-71.0,-413.0,280.0,103.0
196.0,39.0,-55.0,-101.0,103.0,-47.0,-22.0,-561.0,293.0,37.0
191.0,180.0,-40.0,-151.0,94.0,10.0,79.0,-474.0,302.0,-3.0
194.0,276.0,-127.0,-138.0,-129.0,283.0,133.0,-166.0,312.0,-30.0
204.0,77.0,-94.0,-153.0,-93.0,242.0,128.0,-83.0,299.0,-44.0
173.0,-47.0,-81.0,-155.0,62.0,-43.0,135.0,-157.0,282.0,-26.0
164.0,102.0,-108.0,-43.0,129.0,-196.0,161.0,-400.0,269.0,-22.0
140.0,-84.0,-128.0,109.0,42.0,-35.0,133.0,-484.0,237.0,-4.0
122.0,46.0,-136.0,124.0,-186.0,56.0,52.0,-744.0,217.0,21.0
77.0,72.0,-125.0,17.0,-127.0,60.0,-40.0,-776.0,215.0,28.0
38.0,-319.0,-150.0,-34.0,0.0,66.0,-123.0,-260.0,185.0,32.0
38.0,-242.0,-108.0,-39.0,-182.0,-10.0,-199.0,317.0,158.0,21.0
8.0,48.0,-81.0,-87.0,-274.0,-97.0,-230.0,709.0,146.0,24.0
22.0,141.0,-55.0,-127.0,14.0,-99.0,-249.0,356.0,132.0,25.0
29.0,159.0,-65.0,-175.0,186.0,-83.0,-191.0,-203.0,106.0,34.0
30.0,55.0,-48.0,-248.0,4.0,-60.0,-35.0,-554.0,67.0,75.0
4.0,-297.0,15.0,-300.0,-164.0,242.0,126.0,-635.0,48.0,115.0
-2.0,-172.0,-48.0,-338.0,-33.0,362.0,257.0,-519.0,43.0,164.0
-6.0,-7.0,14.0,-338.0,83.0,268.0,320.0,-500.0,39.0,190.0
-55.0,-324.0,39.0,-299.0,-58.0,190.0,373.0,-125.0,26.0,195.0
-69.0,-316.0,-5.0,-230.0,-118.0,63.0,399.0,297.0,7.0,217.0
-139.0,-212.0,45.0,-200.0,-90.0,18.0,395.0,458.0,-16.0,232.0
-205.0,-175.0,20.0,-201.0,99.0,8.0,331.0,230.0,-59.0,244.0
-227.0,-50.0,52.0,-137.0,157.0,165.0,276.0,-243.0,-98.0,242.0
-223.0,246.0,51.0,-48.0,-57.0,301.0,265.0,-399.0,-119.0,219.0
-216.0,288.0,54.0,-16.0,-26.0,486.0,242.0,-443.0,-130.0,224.0
-213.0,98.0,102.0,-56.0,143.0,547.0,162.0,-155.0,-151.0,227.0
-190.0,-68.0,103.0,-45.0,81.0,283.0,-3.0,533.0,-160.0,222.0
-209.0,-449.0,74.0,16.0,-112.0,143.0,-90.0,1134.0,-148.0,233.0
-228.0,-584.0,37.0,34.0,-114.0,200.0,-148.0,1171.0,-119.0,231.0
-246.0,-452.0,60.0,-20.0,91.0,258.0,-196.0,569.0,-70.0,241.0
-241.0,-158.0,40.0,-98.0,112.0,87.0,-191.0,-51.0,-32.0,266.0
-254.0,-109.0,37.0,-75.0,-157.0,106.0,-146.0,-437.0,-3.0,283.0
-228.0,-91.0,34.0,-55.0,-116.0,340.0,-81.0,-360.0,16.0,296.0
-197.0,115.0,2.0,-36.0,189.0,296.0,-72.0,-86.0,31.0,289.0
-207.0,396.0,45.0,6.0,106.0,162.0,-118.0,114.0,37.0,272.0
-209.0,534.0,44.0,-17.0,-247.0,68.0,-189.0,424.0,27.0,269.0
-224.0,306.0,20.0,-32.0,-245.0,8.0,-155.0,371.0,6.0,266.0
-186.0,410.0,36.0,-76.0,72.0,42.0,-76.0,86.0,-7.0,239.0
-207.0,247.0,18.0,-116.0,67.0,198.0,-36.0,-151.0,-4.0,226.0
-243.0,240.0,54.0,-83.0,-198.0,292.0,-32.0,-229.0,-7.0,222.0
-280.0,246.0,78.0,-76.0,-216.0,99.0,29.0,-153.0,-10.0,220.0
-273.0,68.0,78.0,-59.0,7.0,-110.0,194.0,-299.0,-22.0,214.0
-246.0,452.0,82.0,-11.0,50.0,-110.0,271.0,-489.0,-47.0,188.0
-243.0,397.0,72.0,59.0,-71.0,-135.0,238.0,-707.0,-63.0,160.0
-202.0,267.0,63.0,133.0,-124.0,-250.0,191.0,-694.0,-81.0,80.0
-192.0,363.0,47.0,128.0,15.0,-308.0,236.0,-360.0,-100.0,-11.0
-175.0,514.0,104.0,76.0,297.0,-306.0,272.0,184.0,-97.0,-103.0
-184.0,286.0,65.0,40.0,206.0,-362.0,177.0,582.0,-87.0,-223.0
-160.0,-35.0,38.0,87.0,94.0,-292.0,25.0,339.0,-76.0,-333.0
-163.0,-95.0,20.0,133.0,327.0,-79.0,-32.0,201.0,-31.0,-458.0
-163.0,-442.0,-44.0,148.0,358.0,-15.0,59.0,121.0,21.0,-560.0
-145.0,-306.0,-33.0,191.0,197.0,-6.0,165.0,-131.0,53.0,-631.0
-110.0,-367.0,-113.0,96.0,78.0,-1.0,183.0,-441.0,107.0,-695.0
-70.0,-707.0,-165.0,-38.0,64.0,-55.0,99.0,-661.0,155.0,-733.0
-88.0,-649.0,-191.0,-79.0,226.0,-99.0,68.0,-267.0,190.0,-728.0
-51.0,-388.0,-224.0,-52.0,199.0,110.0,74.0,251.0,242.0,-688.0
-59.0,-92.0,-207.0,32.0,-99.0,434.0,-15.0,582.0,263.0,-655.0
-75.0,0.0,-213.0,75.0,-72.0,418.0,-172.0,334.0,290.0,-601.0
-126.0,221.0,-211.0,44.0,86.0,367.0,-289.0,-140.0,318.0,-542.0
-129.0,126.0,-176.0,-16.0,-33.0,472.0,-332.0,-120.0,324.0,-499.0
-94.0,57.0,-144.0,-63.0,-151.0,411.0,-377.0,-155.0,319.0,-478.0
-88.0,119.0,-122.0,-34.0,-167.0,258.0,-418.0,-83.0,301.0,-446.0
-83.0,-136.0,-117.0,24.0,-78.0,108.0,-392.0,79.0,290.0,-378.0
-116.0,-253.0,-173.0,41.0,-63.0,20.0,-278.0,323.0,254.0,-325.0
-97.0,-39.0,-128.0,30.0,-225.0,59.0,-179.0,624.0,197.0,-249.0
-117.0,132.0,-63.0,-12.0,-245.0,38.0,-127.0,506.0,165.0,-157.0
-125.0,41.0,-57.0,-20.0,-98.0,-75.0,-47.0,199.0,151.0,-45.0
-141.0,246.0,33.0,-23.0,17.0,-183.0,54.0,-83.0,126.0,81.0
-129.0,420.0,104.0,-27.0,-90.0,-221.0,100.0,-3.0,88.0,175.0
-119.0,527.0,119.0,19.0,-256.0,-254.0,48.0,-14.0,48.0,256.0
-155.0,608.0,139.0,37.0,-13.0,-181.0,-76.0,-254.0,11.0,317.0
-161.0,427.0,206.0,-4.0,153.0,-77.0,-243.0,-182.0,-41.0,346.0
-148.0,152.0,240.0,-93.0,-24.0,-110.0,-338.0,-5.0,-100.0,379.0
-115.0,-81.0,234.0,-173.0,-48.0,-317.0,-329.0,458.0,-152.0,403.0
-96.0,-132.0,299.0,-200.0,105.0,-535.0,-328.0,705.0,-192.0,394.0
-75.0,-322.0,317.0,-203.0,187.0,-428.0,-320.0,441.0,-210.0,394.0
-76.0,-480.0,302.0,-195.0,27.0,-444.0,-256.0,147.0,-237.0,420.0
-50.0,-667.0,283.0,-92.0,6.0,-518.0,-184.0,-36.0,-255.0,431.0
-65.0,-573.0,228.0,23.0,226.0,-368.0,-137.0,70.0,-257.0,409.0
-74.0,-353.0,259.0,97.0,199.0,-320.0,-185.0,171.0,-266.0,403.0
-81.0,-457.0,252.0,205.0,34.0,-442.0,-254.0,299.0,-271.0,393.0
-87.0,-216.0,235.0,252.0,73.0,-444.0,-236.0,218.0,-265.0,372.0
-51.0,-72.0,292.0,262.0,105.0,-267.0,-189.0,-301.0,-240.0,345.0
-24.0,-59.0,264.0,197.0,47.0,-328.0,-191.0,-777.0,-189.0,318.0
46.0,171.0,241.0,115.0,135.0,-512.0,-278.0,-1023.0,-141.0,296.0
60.0,335.0,269.0,87.0,4.0,-594.0,-333.0,-613.0,-98.0,237.0
57.0,430.0,260.0,50.0,-154.0,-503.0,-313.0,-236.0,-44.0,183.0
20.0,288.0,236.0,44.0,63.0,-579.0,-327.0,-400.0,-9.0,141.0
8.0,117.0,242.0,49.0,36.0,-575.0,-387.0,-711.0,17.0,57.0
-7.0,-177.0,176.0,27.0,-194.0,-358.0,-386.0,-818.0,19.0,-38.0
1.0,-273.0,128.0,-59.0,-164.0,-519.0,-305.0,-400.0,10.0,-112.0
48.0,31.0,129.0,-78.0,-39.0,-613.0,-243.0,123.0,8.0,-194.0
38.0,-93.0,65.0,-48.0,-44.0,-555.0,-269.0,657.0,-12.0,-296.0
36.0,-76.0,11.0,-91.0,-136.0,-403.0,-343.0,899.0,-34.0,-403.0
-12.0,49.0,-57.0,-150.0,-118.0,-423.0,-324.0,849.0,-56.0,-503.0
-8.0,37.0,-110.0,-166.0,51.0,-425.0,-249.0,866.0,-62.0,-582.0
-68.0,208.0,-138.0,-162.0,146.0,-126.0,-202.0,698.0,-64.0,-642.0
-106.0,163.0,-146.0,-204.0,-29.0,-36.0,-217.0,245.0,-70.0,-673.0
-116.0,179.0,-187.0,-178.0,-80.0,3.0,-243.0,-349.0,-51.0,-672.0
-88.0,273.0,-204.0,-141.0,161.0,-148.0,-194.0,-715.0,-30.0,-625.0
-59.0,362.0,-185.0,-115.0,170.0,-267.0,-115.0,-618.0,-28.0,-552.0
-126.0,323.0,-202.0,-58.0,-44.0,-191.0,-40.0,-236.0,-34.0,-452.0
-87.0,309.0,-218.0,-2.0,-18.0,-79.0,-68.0,125.0,-21.0,-336.0
-93.0,564.0,-277.0,44.0,137.0,-54.0,-163.0,190.0,-1.0,-224.0
-76.0,519.0,-285.0,44.0,124.0,-143.0,-240.0,229.0,20.0,-107.0
-112.0,311.0,-259.0,30.0,32.0,14.0,-351.0,12.0,62.0,-18.0
-93.0,212.0,-259.0,-39.0,-9.0,50.0,-501.0,-495.0,96.0,68.0
-46.0,99.0,-260.0,-121.0,62.0,-39.0,-592.0,-615.0,130.0,151.0
-69.0,34.0,-204.0,-179.0,56.0,-174.0,-532.0,-417.0,165.0,215.0
-41.0,-82.0,-175.0,-159.0,-97.0,-306.0,-410.0,201.0,196.0,274.0
-62.0,-304.0,-152.0,-46.0,-154.0,-255.0,-295.0,652.0,241.0,302.0
-19.0,-269.0,-79.0,16.0,-22.0,-222.0,-195.0,842.0,257.0,315.0
-40.0,-166.0,-36.0,16.0,40.0,-143.0,-69.0,519.0,237.0,321.0
-5.0,-11.0,-61.0,4.0,-83.0,-118.0,62.0,-216.0,199.0,303.0
15.0,-38.0,-109.0,17.0,-114.0,-63.0,122.0,-397.0,146.0,280.0
30.0,-266.0,-77.0,14.0,-59.0,-29.0,88.0,-474.0,107.0,244.0
60.0,-38.0,-141.0,23.0,64.0,-108.0,24.0,-118.0,62.0,201.0
33.0,-169.0,-137.0,47.0,53.0,-154.0,-14.0,230.0,13.0,182.0
50.0,-143.0,-95.0,51.0,-161.0,-191.0,-56.0,567.0,-30.0,140.0
15.0,212.0,-161.0,37.0,-88.0,-225.0,-112.0,770.0,-91.0,89.0
26.0,137.0,-191.0,-13.0,147.0,-324.0,-246.0,349.0,-124.0,37.0
4.0,129.0,-200.0,-38.0,105.0,-231.0,-369.0,-380.0,-159.0,-26.0
23.0,185.0,-224.0,-6.0,-101.0,-65.0,-411.0,-1095.0,-199.0,-62.0
4.0,392.0,-248.0,3.0,-70.0,-54.0,-386.0,-829.0,-207.0,-107.0
0.0,355.0,-242.0,-31.0,125.0,-175.0,-317.0,-251.0,-232.0,-157.0
-7.0,319.0,-285.0,-41.0,92.0,-367.0,-291.0,262.0,-235.0,-198.0
-58.0,251.0,-252.0,10.0,-65.0,-381.0,-248.0,362.0,-202.0,-245.0
-24.0,-1.0,-241.0,79.0,-110.0,-246.0,-222.0,16.0,-181.0,-246.0
-53.0,132.0,-268.0,134.0,70.0,-90.0,-219.0,-158.0,-176.0,-235.0
-36.0,113.0,-235.0,155.0,223.0,-132.0,-138.0,-205.0,-162.0,-246.0
-49.0,139.0,-247.0,119.0,-28.0,-256.0,-29.0,-29.0,-147.0,-243.0
-30.0,132.0,-233.0,89.0,-68.0,-148.0,83.0,79.0,-150.0,-228.0
2.0,-27.0,-213.0,56.0,105.0,-89.0,166.0,402.0,-136.0,-209.0
-4.0,-182.0,-144.0,0.0,88.0,-252.0,114.0,914.0,-115.0,-212.0
-8.0,-412.0,-101.0,-29.0,121.0,-248.0,37.0,949.0,-80.0,-224.0
-44.0,-425.0,-68.0,-66.0,-144.0,-227.0,3.0,517.0,-52.0,-210.0
-30.0,-617.0,-28.0,-104.0,-138.0,-173.0,-24.0,73.0,-32.0,-206.0
-51.0,-797.0,-40.0,-112.0,203.0,22.0,-48.0,-576.0,4.0,-218.0
-71.0,-686.0,0.0,-73.0,-23.0,47.0,-134.0,-872.0,20.0,-230.0
-81.0,-441.0,8.0,0.0,-196.0,29.0,-199.0,-576.0,40.0,-245.0
-65.0,-118.0,58.0,16.0,18.0,-160.0,-268.0,-64.0,55.0,-258.0
-46.0,85.0,50.0,-42.0,132.0,-123.0,-395.0,755.0,76.0,-261.0
-44.0,295.0,25.0,-55.0,35.0,-13.0,-513.0,1045.0,94.0,-257.0
-15.0,403.0,88.0,28.0,-125.0,-214.0,-593.0,546.0,96.0,-266.0
31.0,395.0,69.0,81.0,-100.0,-287.0,-598.0,-290.0,100.0,-288.0
58.0,329.0,109.0,78.0,83.0,-190.0,-576.0,-598.0,100.0,-284.0
45.0,86.0,110.0,72.0,91.0,171.0,-568.0,-613.0,111.0,-256.0
41.0,-32.0,113.0,85.0,-10.0,129.0,-564.0,-225.0,106.0,-246.0
16.0,0.0,140.0,121.0,3.0,-310.0,-483.0,441.0,110.0,-231.0
59.0,-153.0,108.0,128.0,67.0,-415.0,-349.0,628.0,124.0,-192.0
119.0,-318.0,112.0,144.0,57.0,-305.0,-221.0,881.0,120.0,-159.0
115.0,-188.0,112.0,167.0,-77.0,-169.0,-119.0,432.0,127.0,-145.0
111.0,43.0,117.0,194.0,-118.0,-246.0,-14.0,-230.0,136.0,-144.0
109.0,198.0,48.0,224.0,0.0,-232.0,147.0,-491.0,135.0,-135.0
157.0,128.0,66.0,238.0,26.0,-23.0,278.0,-424.0,143.0,-143.0
174.0,56.0,57.0,307.0,-28.0,5.0,314.0,-192.0,148.0,-170.0
155.0,79.0,18.0,314.0,-25.0,-91.0,304.0,-201.0,139.0,-168.0
137.0,-94.0,91.0,252.0,40.0,-288.0,363.0,-262.0,139.0,-180.0
114.0,-262.0,47.0,245.0,99.0,-419.0,423.0,-685.0,134.0,-191.0
144.0,-458.0,99.0,278.0,9.0,-458.0,381.0,-428.0,146.0,-186.0
166.0,-349.0,124.0,297.0,-39.0,-482.0,182.0,-38.0,169.0,-182.0
175.0,-246.0,73.0,256.0,124.0,-298.0,-81.0,62.0,175.0,-172.0
167.0,-434.0,108.0,211.0,170.0,-179.0,-301.0,304.0,180.0,-170.0
191.0,-261.0,84.0,187.0,23.0,-223.0,-473.0,62.0,180.0,-145.0
230.0,-60.0,69.0,176.0,17.0,-195.0,-576.0,40.0,173.0,-108.0
209.0,178.0,54.0,135.0,100.0,-261.0,-685.0,1.0,171.0,-71.0
200.0,100.0,6.0,28.0,90.0,-429.0,-719.0,112.0,190.0,-50.0
171.0,-84.0,-17.0,-76.0,5.0,-304.0,-661.0,343.0,212.0,-35.0
135.0,89.0,-70.0,-148.0,-30.0,0.0,-539.0,421.0,224.0,4.0
87.0,136.0,-153.0,-188.0,92.0,29.0,-380.0,630.0,232.0,26.0
67.0,89.0,-175.0,-155.0,63.0,-78.0,-195.0,375.0,239.0,18.0
67.0,-184.0,-201.0,-99.0,-72.0,-6.0,-17.0,190.0,251.0,0.0
60.0,-243.0,-250.0,-69.0,-181.0,174.0,85.0,-36.0,270.0,-5.0
41.0,-190.0,-252.0,-55.0,-168.0,123.0,144.0,-312.0,290.0,-15.0
5.0,-181.0,-257.0,-44.0,59.0,45.0,132.0,-330.0,293.0,-17.0
3.0,-189.0,-290.0,-49.0,-46.0,31.0,107.0,-66.0,277.0,-22.0
-34.0,-234.0,-309.0,-67.0,-278.0,-18.0,85.0,777.0,249.0,-48.0
-86.0,121.0,-308.0,10.0,-231.0,18.0,82.0,907.0,206.0,-62.0
-131.0,130.0,-302.0,130.0,-93.0,25.0,45.0,541.0,131.0,-73.0
-118.0,9.0,-312.0,209.0,-43.0,20.0,-9.0,109.0,44.0,-97.0
-119.0,177.0,-318.0,273.0,-241.0,-104.0,-45.0,-474.0,-43.0,-139.0
-137.0,262.0,-322.0,295.0,-259.0,-160.0,-126.0,-559.0,-124.0,-185.0
-127.0,162.0,-299.0,281.0,-19.0,-70.0,-205.0,-269.0,-178.0,-217.0
-137.0,-178.0,-245.0,245.0,-48.0,-3.0,-273.0,582.0,-223.0,-223.0
-108.0,-275.0,-245.0,195.0,-159.0,-56.0,-247.0,1119.0,-263.0,-247.0
-108.0,-73.0,-170.0,134.0,-91.0,-217.0,-208.0,859.0,-295.0,-284.0
-61.0,155.0,-127.0,78.0,-4.0,-192.0,-185.0,-216.0,-330.0,-311.0
-27.0,212.0,-172.0,73.0,173.0,-100.0,-186.0,-1284.0,-373.0,-336.0
-48.0,122.0,-140.0,131.0,60.0,-162.0,-235.0,-1382.0,-393.0,-366.0
-126.0,1.0,-97.0,184.0,-221.0,-302.0,-222.0,-1293.0,-397.0,-415.0
-197.0,-164.0,-58.0,195.0,52.0,-281.0,-174.0,-561.0,-391.0,-435.0
-172.0,-227.0,-39.0,182.0,73.0,-283.0,-144.0,197.0,-375.0,-446.0
-186.0,-266.0,-2.0,140.0,-101.0,-350.0,-129.0,567.0,-360.0,-465.0
-183.0,-366.0,-25.0,84.0,0.0,-238.0,-40.0,687.0,-339.0,-453.0
-179.0,-454.0,-19.0,30.0,-111.0,-53.0,32.0,84.0,-327.0,-430.0
-169.0,-466.0,-5.0,-40.0,135.0,-77.0,20.0,-243.0,-307.0,-418.0
-224.0,-574.0,-60.0,-139.0,106.0,-246.0,5.0,-271.0,-271.0,-412.0
-287.0,-573.0,-38.0,-235.0,-416.0,-223.0,34.0,-210.0,-235.0,-388.0
-284.0,-368.0,-52.0,-262.0,-104.0,-267.0,105.0,-73.0,-219.0,-348.0
-268.0,-460.0,-38.0,-284.0,118.0,-361.0,105.0,232.0,-201.0,-341.0
-270.0,-390.0,-42.0,-256.0,-96.0,-347.0,-45.0,626.0,-178.0,-351.0
-354.0,-74.0,-57.0,-159.0,47.0,-344.0,-191.0,417.0,-168.0,-337.0
-355.0,12.0,-39.0,-152.0,-2.0,-292.0,-165.0,245.0,-154.0,-326.0
-287.0,116.0,-69.0,-153.0,86.0,-118.0,-86.0,181.0,-143.0,-333.0
-190.0,404.0,-49.0,-141.0,281.0,-12.0,-67.0,14.0,-126.0,-341.0
-128.0,555.0,-39.0,-186.0,-49.0,-217.0,-95.0,-46.0,-121.0,-317.0
-97.0,361.0,-58.0,-232.0,36.0,-355.0,-91.0,-262.0,-115.0,-283.0
-35.0,409.0,-103.0,-251.0,274.0,-203.0,-81.0,-471.0,-116.0,-267.0
-17.0,644.0,-140.0,-279.0,77.0,-94.0,-91.0,-397.0,-136.0,-233.0
-37.0,653.0,-133.0,-278.0,176.0,-309.0,-127.0,145.0,-122.0,-209.0
-33.0,557.0,-85.0,-201.0,96.0,-444.0,-209.0,454.0,-105.0,-215.0
33.0,469.0,-35.0,-152.0,1.0,-257.0,-259.0,254.0,-104.0,-210.0
56.0,308.0,-37.0,-87.0,200.0,-188.0,-325.0,105.0,-105.0,-203.0
21.0,114.0,-9.0,20.0,-115.0,-108.0,-409.0,-86.0,-109.0,-195.0
27.0,210.0,54.0,62.0,-229.0,57.0,-503.0,-22.0,-104.0,-204.0
118.0,165.0,76.0,47.0,-72.0,98.0,-517.0,282.0,-80.0,-196.0
162.0,58.0,109.0,74.0,-158.0,94.0,-424.0,657.0,-54.0,-141.0
142.0,222.0,165.0,133.0,-135.0,187.0,-327.0,853.0,-22.0,-110.0
122.0,284.0,137.0,121.0,-207.0,393.0,-222.0,646.0,10.0,-86.0
142.0,88.0,90.0,99.0,-159.0,280.0,-141.0,212.0,51.0,-33.0
158.0,-159.0,96.0,78.0,98.0,81.0,-53.0,-317.0,97.0,14.0
120.0,-163.0,94.0,47.0,-42.0,227.0,86.0,-458.0,116.0,50.0
148.0,-331.0,72.0,44.0,-109.0,320.0,205.0,-602.0,141.0,89.0
143.0,-485.0,27.0,26.0,147.0,270.0,236.0,-480.0,157.0,137.0
100.0,-469.0,-2.0,-48.0,-10.0,250.0,260.0,140.0,167.0,180.0
8.0,-442.0,-57.0,-177.0,-26.0,299.0,308.0,325.0,174.0,207.0
-73.0,-199.0,-129.0,-305.0,4.0,302.0,333.0,55.0,167.0,235.0
-75.0,-210.0,-132.0,-341.0,-145.0,354.0,292.0,-288.0,152.0,243.0
-59.0,-327.0,-162.0,-285.0,189.0,474.0,236.0,-84.0,100.0,213.0
-18.0,-366.0,-169.0,-207.0,70.0,334.0,239.0,384.0,43.0,182.0
2.0,-349.0,-128.0,-133.0,-176.0,189.0,208.0,781.0,-15.0,159.0
52.0,-234.0,-136.0,-88.0,173.0,274.0,138.0,1221.0,-80.0,136.0
101.0,-405.0,-108.0,-33.0,129.0,441.0,74.0,1239.0,-129.0,86.0
79.0,-351.0,-78.0,79.0,29.0,417.0,57.0,877.0,-166.0,55.0
-3.0,7.0,-53.0,184.0,111.0,265.0,33.0,277.0,-189.0,63.0
-44.0,78.0,-24.0,216.0,-70.0,317.0,-29.0,-77.0,-216.0,39.0
-40.0,-22.0,-50.0,261.0,114.0,346.0,-115.0,-230.0,-250.0,4.0
-99.0,-17.0,-36.0,264.0,194.0,346.0,-171.0,-443.0,-276.0,18.0
-132.0,8.0,-9.0,193.0,-156.0,288.0,-165.0,-310.0,-274.0,62.0
-40.0,-9.0,-20.0,183.0,-31.0,168.0,-168.0,-190.0,-258.0,82.0
78.0,-1.0,-3.0,203.0,66.0,141.0,-162.0,-203.0,-242.0,99.0
85.0,-68.0,-19.0,229.0,-87.0,76.0,-176.0,-175.0,-210.0,119.0
34.0,-206.0,-63.0,220.0,-134.0,168.0,-126.0,-129.0,-173.0,120.0
21.0,-246.0,-31.0,145.0,-236.0,180.0,14.0,-186.0,-141.0,105.0
58.0,-297.0,-44.0,89.0,-99.0,156.0,139.0,-336.0,-125.0,97.0
32.0,-569.0,-110.0,87.0,10.0,258.0,183.0,-125.0,-101.0,88.0
-17.0,-488.0,-148.0,117.0,-162.0,212.0,198.0,14.0,-71.0,39.0
-27.0,-421.0,-197.0,112.0,-142.0,342.0,280.0,66.0,-63.0,-15.0
-35.0,-487.0,-244.0,20.0,-35.0,354.0,323.0,234.0,-38.0,-67.0
-28.0,-209.0,-303.0,-58.0,4.0,90.0,303.0,131.0,-2.0,-134.0
-78.0,-221.0,-299.0,-67.0,19.0,-29.0,230.0,5.0,13.0,-228.0
-101.0,28.0,-323.0,-93.0,-118.0,-2.0,176.0,-214.0,3.0,-326.0
-28.0,83.0,-381.0,-117.0,-127.0,111.0,193.0,-447.0,-24.0,-384.0
31.0,-55.0,-330.0,-105.0,107.0,202.0,223.0,-484.0,-42.0,-412.0
-20.0,262.0,-298.0,-124.0,31.0,274.0,209.0,-236.0,-59.0,-431.0
-150.0,250.0,-276.0,-150.0,-126.0,169.0,177.0,195.0,-73.0,-436.0
-204.0,166.0,-231.0,-93.0,52.0,75.0,210.0,582.0,-94.0,-383.0
-193.0,63.0,-251.0,-31.0,85.0,340.0,193.0,831.0,-131.0,-318.0
-192.0,289.0,-291.0,-27.0,0.0,444.0,83.0,447.0,-165.0,-272.0
-180.0,468.0,-241.0,-90.0,-166.0,198.0,-38.0,175.0,-185.0,-201.0
-161.0,359.0,-182.0,-195.0,-257.0,118.0,-84.0,232.0,-199.0,-151.0
-147.0,476.0,-157.0,-292.0,-33.0,361.0,-87.0,92.0,-204.0,-134.0
-144.0,453.0,-124.0,-373.0,-121.0,525.0,-62.0,40.0,-209.0,-100.0
-170.0,530.0,-85.0,-299.0,-281.0,313.0,-9.0,-249.0,-207.0,-41.0
-171.0,383.0,-66.0,-232.0,-92.0,160.0,44.0,-543.0,-200.0,-17.0
-134.0,200.0,-25.0,-310.0,-110.0,181.0,191.0,-463.0,-208.0,-17.0
-41.0,260.0,32.0,-269.0,-92.0,89.0,408.0,11.0,-205.0,17.0
21.0,148.0,-8.0,-182.0,23.0,-29.0,601.0,382.0,-204.0,49.0
-16.0,-50.0,-42.0,-132.0,-120.0,-56.0,629.0,234.0,-208.0,59.0
-38.0,-165.0,-58.0,-28.0,15.0,2.0,566.0,57.0,-179.0,79.0
-24.0,-101.0,-67.0,27.0,156.0,-27.0,536.0,-240.0,-142.0,108.0
7.0,-77.0,-35.0,-27.0,-6.0,-10.0,453.0,-402.0,-105.0,115.0
21.0,59.0,-20.0,-132.0,0.0,41.0,303.0,-410.0,-60.0,102.0
3.0,103.0,26.0,-173.0,93.0,-47.0,160.0,-360.0,7.0,98.0
36.0,132.0,25.0,-149.0,215.0,-101.0,109.0,-105.0,73.0,82.0
95.0,353.0,-7.0,-107.0,241.0,-91.0,74.0,-142.0,110.0,67.0
169.0,355.0,4.0,-46.0,82.0,-102.0,9.0,-44.0,145.0,60.0
236.0,132.0,-34.0,0.0,177.0,-156.0,3.0,134.0,176.0,31.0
271.0,37.0,-48.0,20.0,276.0,-179.0,118.0,197.0,204.0,12.0
297.0,9.0,-13.0,13.0,117.0,-182.0,273.0,376.0,223.0,-9.0
294.0,-335.0,-12.0,29.0,48.0,-221.0,387.0,273.0,224.0,-60.0
239.0,-300.0,-4.0,34.0,83.0,-388.0,465.0,327.0,208.0,-69.0
174.0,-212.0,14.0,47.0,202.0,-475.0,490.0,284.0,174.0,-71.0
207.0,-419.0,63.0,98.0,134.0,-356.0,479.0,-99.0,134.0,-88.0
302.0,-313.0,49.0,124.0,-70.0,-289.0,434.0,-517.0,97.0,-52.0
352.0,-346.0,17.0,166.0,-71.0,-259.0,391.0,-901.0,54.0,-24.0
345.0,-493.0,34.0,173.0,-33.0,-239.0,330.0,-716.0,5.0,4.0
358.0,-481.0,-4.0,139.0,-100.0,-90.0,281.0,-303.0,-26.0,30.0
402.0,-405.0,18.0,117.0,-184.0,-92.0,273.0,162.0,-63.0,48.0
417.0,-519.0,0.0,107.0,-193.0,-294.0,253.0,184.0,-110.0,67.0
376.0,-580.0,-21.0,123.0,-63.0,-218.0,185.0,-291.0,-142.0,59.0
293.0,-372.0,0.0,107.0,18.0,-93.0,102.0,-476.0,-156.0,66.0
218.0,-181.0,-35.0,66.0,-99.0,-22.0,103.0,-578.0,-148.0,72.0
157.0,-63.0,42.0,40.0,-97.0,120.0,147.0,-293.0,-133.0,72.0
125.0,-82.0,15.0,-13.0,19.0,160.0,156.0,116.0,-118.0,62.0
110.0,-64.0,-34.0,-81.0,29.0,-58.0,146.0,328.0,-106.0,47.0
127.0,-161.0,-46.0,-142.0,-57.0,-242.0,159.0,596.0,-80.0,29.0
136.0,-205.0,-75.0,-194.0,-25.0,-64.0,171.0,458.0,-36.0,3.0
117.0,134.0,-20.0,-178.0,60.0,18.0,185.0,-194.0,5.0,-9.0
86.0,370.0,-38.0,-164.0,53.0,-248.0,149.0,-897.0,40.0,-18.0
25.0,370.0,-58.0,-211.0,70.0,-214.0,124.0,-1204.0,62.0,-14.0
-37.0,437.0,-66.0,-254.0,97.0,136.0,221.0,-1162.0,92.0,-14.0
-48.0,605.0,-50.0,-292.0,171.0,200.0,293.0,-687.0,136.0,-3.0
-56.0,715.0,-39.0,-259.0,186.0,-73.0,247.0,-27.0,170.0,16.0
-99.0,758.0,-13.0,-219.0,91.0,-310.0,124.0,199.0,185.0,21.0
-156.0,657.0,-1.0,-238.0,-27.0,-179.0,130.0,175.0,185.0,16.0
-201.0,322.0,-39.0,-191.0,-7.0,-142.0,202.0,-218.0,178.0,1.0
-150.0,72.0,-29.0,-149.0,93.0,-208.0,236.0,-498.0,161.0,0.0
-106.0,-82.0,-31.0,-112.0,51.0,-83.0,281.0,-55.0,159.0,-9.0
-105.0,-143.0,-15.0,-27.0,8.0,-28.0,358.0,522.0,153.0,-33.0
-157.0,-171.0,-44.0,39.0,-34.0,68.0,509.0,910.0,115.0,-42.0
-213.0,-183.0,-85.0,91.0,-62.0,130.0,592.0,729.0,82.0,-51.0
-239.0,-113.0,-36.0,98.0,-108.0,30.0,574.0,205.0,63.0,-53.0
-250.0,-273.0,0.0,73.0,-226.0,-18.0,512.0,-308.0,43.0,-41.0
-216.0,-206.0,22.0,18.0,-182.0,51.0,506.0,-585.0,15.0,-16.0
-176.0,-23.0,90.0,-20.0,1.0,30.0,556.0,-454.0,-26.0,-9.0
-115.0,-131.0,83.0,-55.0,-88.0,-30.0,498.0,-524.0,-49.0,-24.0
-118.0,-305.0,41.0,-115.0,-325.0,-70.0,339.0,-371.0,-45.0,-29.0
-126.0,-195.0,65.0,-112.0,-147.0,50.0,230.0,3.0,-46.0,-36.0
-129.0,40.0,34.0,-110.0,35.0,190.0,231.0,90.0,-61.0,-55.0
-91.0,-1.0,25.0,-146.0,-26.0,9.0,277.0,-57.0,-65.0,-85.0
-42.0,94.0,30.0,-183.0,-71.0,-149.0,252.0,-299.0,-66.0,-100.0
-1.0,53.0,-34.0,-183.0,-18.0,-322.0,124.0,-362.0,-83.0,-103.0
35.0,-45.0,-12.0,-192.0,145.0,-229.0,75.0,-293.0,-76.0,-114.0
-10.0,-35.0,0.0,-221.0,53.0,-16.0,100.0,-27.0,-66.0,-112.0
12.0,-59.0,-31.0,-231.0,-62.0,-202.0,118.0,158.0,-53.0,-119.0
38.0,-203.0,0.0,-242.0,26.0,-239.0,71.0,238.0,-23.0,-148.0
78.0,-423.0,-38.0,-188.0,67.0,-60.0,1.0,51.0,-28.0,-162.0
80.0,-336.0,-93.0,-159.0,108.0,41.0,28.0,-467.0,-13.0,-163.0
68.0,-295.0,-100.0,-191.0,19.0,-29.0,72.0,-609.0,12.0,-159.0
83.0,-213.0,-137.0,-175.0,-98.0,-202.0,93.0,-482.0,16.0,-160.0
64.0,-159.0,-123.0,-124.0,69.0,-379.0,54.0,-186.0,44.0,-141.0
81.0,-62.0,-158.0,-55.0,182.0,-530.0,32.0,-59.0,85.0,-77.0
83.0,93.0,-180.0,57.0,28.0,-375.0,46.0,-166.0,116.0,-30.0
115.0,163.0,-155.0,151.0,-58.0,-158.0,46.0,0.0,152.0,33.0
112.0,347.0,-161.0,198.0,21.0,-171.0,78.0,144.0,183.0,119.0
124.0,206.0,-115.0,197.0,238.0,-177.0,143.0,218.0,182.0,180.0
134.0,65.0,-39.0,158.0,156.0,-72.0,247.0,20.0,186.0,235.0
149.0,94.0,30.0,134.0,-94.0,17.0,356.0,-262.0,163.0,252.0
160.0,133.0,-33.0,107.0,83.0,-136.0,416.0,-343.0,129.0,264.0
123.0,220.0,-23.0,106.0,180.0,-166.0,373.0,-260.0,134.0,271.0
109.0,311.0,-8.0,50.0,19.0,41.0,312.0,140.0,118.0,243.0
67.0,500.0,-10.0,-29.0,-118.0,91.0,273.0,155.0,94.0,202.0
56.0,453.0,65.0,-23.0,-115.0,99.0,215.0,-251.0,78.0,159.0
37.0,431.0,-3.0,-86.0,35.0,134.0,102.0,-763.0,62.0,121.0
36.0,361.0,34.0,-142.0,137.0,98.0,4.0,-1016.0,52.0,82.0
17.0,191.0,51.0,-143.0,15.0,-128.0,3.0,-779.0,47.0,89.0
10.0,240.0,28.0,-242.0,-148.0,-261.0,2.0,-448.0,50.0,115.0
25.0,202.0,79.0,-321.0,40.0,-150.0,-24.0,-57.0,45.0,135.0
-7.0,322.0,25.0,-335.0,131.0,16.0,-20.0,112.0,27.0,179.0
-50.0,369.0,-6.0,-351.0,-3.0,99.0,43.0,303.0,8.0,221.0
-118.0,306.0,-31.0,-340.0,-53.0,27.0,98.0,454.0,1.0,240.0
-140.0,313.0,-27.0,-273.0,-10.0,49.0,88.0,232.0,5.0,246.0
-143.0,160.0,-6.0,-142.0,138.0,117.0,30.0,-20.0,3.0,256.0
-155.0,25.0,-16.0,-57.0,62.0,2.0,9.0,-304.0,-16.0,248.0
-172.0,-213.0,8.0,-16.0,-86.0,-387.0,82.0,-402.0,-30.0,210.0
-151.0,-454.0,19.0,52.0,85.0,-540.0,146.0,-118.0,-55.0,178.0
-142.0,-618.0,9.0,111.0,224.0,-400.0,101.0,290.0,-82.0,145.0
-153.0,-660.0,26.0,136.0,59.0,-360.0,31.0,349.0,-57.0,90.0
-181.0,-694.0,62.0,170.0,-59.0,-225.0,44.0,205.0,-20.0,22.0
-205.0,-739.0,83.0,200.0,6.0,-85.0,45.0,206.0,-1.0,-40.0
-163.0,-730.0,105.0,152.0,20.0,-24.0,22.0,38.0,13.0,-83.0
-147.0,-830.0,106.0,131.0,-61.0,-190.0,-24.0,-73.0,-8.0,-137.0
-141.0,-588.0,123.0,126.0,34.0,-238.0,-19.0,-103.0,-18.0,-182.0
-164.0,-259.0,147.0,56.0,79.0,-45.0,54.0,-358.0,-12.0,-195.0
-158.0,-202.0,112.0,4.0,-22.0,-129.0,36.0,-450.0,-27.0,-217.0
-142.0,-145.0,128.0,-48.0,35.0,-226.0,-71.0,-336.0,-37.0,-233.0
-162.0,170.0,108.0,-122.0,-23.0,-138.0,-211.0,-275.0,-39.0,-231.0
-190.0,476.0,62.0,-181.0,-61.0,-21.0,-283.0,-286.0,-18.0,-217.0
-176.0,618.0,65.0,-232.0,69.0,-70.0,-314.0,-279.0,-2.0,-194.0
-136.0,769.0,37.0,-237.0,98.0,-235.0,-343.0,-242.0,4.0,-203.0
-154.0,752.0,52.0,-274.0,14.0,-247.0,-404.0,-114.0,25.0,-214.0
-137.0,842.0,39.0,-342.0,34.0,-56.0,-405.0,29.0,44.0,-211.0
-123.0,641.0,30.0,-380.0,140.0,107.0,-216.0,-11.0,60.0,-242.0
-100.0,201.0,118.0,-391.0,134.0,114.0,-56.0,42.0,66.0,-280.0
-116.0,-28.0,140.0,-311.0,4.0,90.0,16.0,7.0,60.0,-327.0
-174.0,-106.0,104.0,-259.0,-6.0,115.0,114.0,-177.0,71.0,-374.0
-190.0,-153.0,155.0,-179.0,217.0,192.0,272.0,-223.0,75.0,-396.0
-139.0,-365.0,174.0,-118.0,74.0,178.0,431.0,-182.0,59.0,-412.0
-35.0,-339.0,129.0,-100.0,-91.0,103.0,461.0,48.0,67.0,-408.0
-7.0,-298.0,153.0,-51.0,118.0,128.0,348.0,232.0,71.0,-393.0
0.0,-141.0,116.0,-9.0,148.0,262.0,211.0,279.0,86.0,-348.0
1.0,-9.0,136.0,100.0,27.0,198.0,108.0,103.0,124.0,-261.0
40.0,-35.0,184.0,162.0,-2.0,120.0,37.0,79.0,162.0,-171.0
74.0,282.0,152.0,184.0,8.0,229.0,-60.0,317.0,198.0,-73.0
43.0,443.0,200.0,196.0,-47.0,254.0,-222.0,84.0,216.0,42.0
71.0,354.0,200.0,198.0,-62.0,285.0,-302.0,-114.0,212.0,158.0
89.0,372.0,182.0,179.0,-69.0,245.0,-282.0,-7.0,211.0,261.0
113.0,624.0,160.0,113.0,-68.0,114.0,-248.0,393.0,204.0,340.0
103.0,680.0,165.0,42.0,62.0,-71.0,-252.0,772.0,189.0,407.0
89.0,402.0,172.0,-6.0,133.0,-135.0,-243.0,352.0,184.0,467.0
135.0,318.0,135.0,-35.0,-65.0,-61.0,-252.0,-351.0,169.0,494.0
128.0,274.0,134.0,-72.0,-183.0,22.0,-314.0,-642.0,187.0,514.0
104.0,110.0,86.0,-60.0,-56.0,187.0,-313.0,-293.0,201.0,543.0
82.0,-137.0,164.0,-38.0,-98.0,259.0,-268.0,131.0,183.0,561.0
107.0,-399.0,175.0,58.0,-142.0,144.0,-169.0,308.0,195.0,551.0
138.0,-517.0,204.0,154.0,-108.0,-57.0,-37.0,358.0,197.0,531.0
160.0,-683.0,274.0,190.0,-89.0,-66.0,32.0,182.0,194.0,507.0
139.0,-828.0,185.0,225.0,78.0,24.0,29.0,153.0,173.0,441.0
116.0,-1035.0,192.0,185.0,-8.0,63.0,48.0,-24.0,140.0,381.0
150.0,-1191.0,190.0,177.0,-111.0,66.0,104.0,-419.0,89.0,336.0
161.0,-1056.0,206.0,178.0,83.0,-93.0,116.0,-594.0,19.0,264.0
196.0,-1124.0,193.0,115.0,15.0,-212.0,98.0,-373.0,-35.0,172.0
193.0,-938.0,160.0,96.0,-90.0,12.0,73.0,134.0,-89.0,80.0
192.0,-448.0,137.0,99.0,-17.0,138.0,96.0,430.0,-141.0,3.0
183.0,-421.0,107.0,79.0,43.0,-60.0,100.0,626.0,-170.0,-64.0
162.0,-432.0,106.0,68.0,114.0,-103.0,0.0,375.0,-183.0,-128.0
133.0,-138.0,53.0,74.0,124.0,0.0,-141.0,-334.0,-202.0,-170.0
84.0,-37.0,69.0,89.0,12.0,2.0,-191.0,-733.0,-209.0,-160.0
66.0,-47.0,31.0,65.0,-61.0,-173.0,-118.0,-602.0,-207.0,-123.0
36.0,113.0,-3.0,78.0,-26.0,-143.0,-27.0,166.0,-191.0,-69.0
27.0,169.0,-9.0,129.0,-25.0,52.0,-17.0,835.0,-178.0,1.0
4.0,320.0,-50.0,143.0,7.0,125.0,-31.0,947.0,-180.0,71.0
-29.0,585.0,2.0,152.0,-26.0,72.0,42.0,339.0,-161.0,102.0
-64.0,615.0,-1.0,90.0,10.0,-74.0,127.0,-491.0,-140.0,94.0
-98.0,555.0,-32.0,-24.0,45.0,-12.0,118.0,-593.0,-116.0,79.0
-88.0,759.0,-14.0,-135.0,-167.0,164.0,54.0,-330.0,-77.0,22.0
-34.0,757.0,-9.0,-232.0,-114.0,354.0,38.0,495.0,-41.0,-45.0
-38.0,418.0,-3.0,-232.0,-23.0,427.0,56.0,970.0,-24.0,-89.0
-40.0,360.0,-27.0,-186.0,-158.0,363.0,32.0,698.0,-2.0,-114.0
-32.0,195.0,-25.0,-170.0,-95.0,272.0,-77.0,618.0,9.0,-149.0
-16.0,237.0,4.0,-153.0,-83.0,173.0,-193.0,367.0,26.0,-160.0
34.0,333.0,40.0,-100.0,-100.0,236.0,-232.0,312.0,35.0,-115.0
29.0,-68.0,81.0,-14.0,62.0,351.0,-222.0,234.0,24.0,-50.0
58.0,-152.0,124.0,51.0,33.0,379.0,-190.0,118.0,24.0,8.0
87.0,116.0,146.0,53.0,-85.0,435.0,-220.0,-12.0,12.0,68.0
133.0,213.0,126.0,31.0,-90.0,482.0,-191.0,-558.0,23.0,135.0
127.0,17.0,121.0,41.0,-96.0,348.0,-46.0,-628.0,38.0,191.0
94.0,176.0,132.0,6.0,-33.0,72.0,71.0,-606.0,61.0,237.0
99.0,259.0,129.0,-34.0,-78.0,-95.0,109.0,-522.0,92.0,269.0
116.0,-74.0,121.0,-17.0,-122.0,89.0,125.0,-138.0,98.0,273.0
149.0,-84.0,118.0,6.0,79.0,233.0,149.0,-90.0,122.0,270.0
127.0,-54.0,115.0,-11.0,56.0,258.0,143.0,20.0,127.0,288.0
138.0,102.0,151.0,-20.0,-174.0,396.0,93.0,127.0,131.0,299.0
106.0,159.0,136.0,44.0,-222.0,283.0,-53.0,158.0,143.0,284.0
57.0,-34.0,165.0,90.0,-93.0,73.0,-194.0,260.0,154.0,270.0
15.0,-151.0,198.0,109.0,-68.0,-31.0,-254.0,192.0,167.0,254.0
12.0,-50.0,156.0,57.0,-136.0,28.0,-205.0,112.0,169.0,239.0
32.0,22.0,196.0,26.0,-85.0,148.0,-141.0,134.0,189.0,223.0
37.0,-82.0,160.0,129.0,-38.0,206.0,-110.0,295.0,205.0,200.0
23.0,120.0,177.0,231.0,40.0,470.0,-12.0,460.0,205.0,189.0
1.0,340.0,192.0,273.0,41.0,427.0,18.0,500.0,216.0,154.0
55.0,232.0,136.0,264.0,-35.0,84.0,-42.0,439.0,231.0,112.0
29.0,-113.0,145.0,204.0,35.0,19.0,-160.0,157.0,241.0,75.0
11.0,-223.0,122.0,145.0,162.0,48.0,-257.0,-351.0,238.0,10.0
4.0,-311.0,138.0,186.0,150.0,113.0,-339.0,-552.0,228.0,-58.0
21.0,-477.0,138.0,228.0,35.0,260.0,-467.0,-511.0,210.0,-128.0
33.0,-456.0,134.0,240.0,9.0,398.0,-541.0,-206.0,191.0,-190.0
31.0,-562.0,156.0,202.0,112.0,354.0,-543.0,713.0,192.0,-269.0
81.0,-473.0,167.0,108.0,103.0,210.0,-461.0,1276.0,186.0,-354.0
105.0,-395.0,129.0,89.0,-48.0,126.0,-322.0,1557.0,187.0,-393.0
138.0,-396.0,104.0,76.0,15.0,88.0,-140.0,1335.0,200.0,-425.0
90.0,-287.0,85.0,65.0,175.0,124.0,-25.0,533.0,208.0,-447.0
67.0,-163.0,53.0,49.0,121.0,226.0,46.0,33.0,213.0,-441.0
24.0,64.0,85.0,-4.0,-49.0,311.0,120.0,-587.0,188.0,-404.0
48.0,85.0,69.0,-86.0,24.0,279.0,147.0,-437.0,166.0,-343.0
117.0,284.0,27.0,-152.0,210.0,300.0,140.0,-53.0,156.0,-292.0
144.0,590.0,5.0,-117.0,82.0,409.0,130.0,-208.0,140.0,-258.0
190.0,523.0,2.0,-76.0,-20.0,420.0,199.0,-103.0,141.0,-234.0
168.0,644.0,-29.0,-93.0,5.0,106.0,196.0,-282.0,144.0,-202.0
167.0,866.0,-59.0,-83.0,-9.0,-8.0,116.0,-212.0,152.0,-185.0
112.0,919.0,-37.0,-48.0,73.0,253.0,24.0,-249.0,158.0,-185.0
116.0,1015.0,-55.0,-24.0,76.0,346.0,-36.0,-596.0,151.0,-175.0
118.0,1060.0,-61.0,12.0,-60.0,336.0,-32.0,-399.0,150.0,-160.0
136.0,855.0,-39.0,21.0,18.0,107.0,-19.0,-157.0,149.0,-132.0
160.0,666.0,-71.0,19.0,149.0,83.0,13.0,351.0,142.0,-102.0
109.0,662.0,-84.0,40.0,-54.0,212.0,35.0,803.0,139.0,-78.0
88.0,467.0,-62.0,100.0,-144.0,183.0,132.0,718.0,128.0,-48.0
25.0,148.0,-62.0,179.0,48.0,137.0,272.0,498.0,110.0,-10.0
27.0,62.0,-49.0,195.0,152.0,-9.0,350.0,179.0,89.0,30.0
9.0,-169.0,-89.0,145.0,68.0,221.0,380.0,-267.0,64.0,73.0
53.0,-587.0,-74.0,93.0,-92.0,386.0,415.0,-509.0,28.0,104.0
94.0,-501.0,-59.0,56.0,-25.0,164.0,428.0,-107.0,-7.0,126.0
73.0,-448.0,-126.0,55.0,118.0,-15.0,354.0,351.0,-32.0,171.0
76.0,-400.0,-101.0,113.0,18.0,35.0,179.0,670.0,-36.0,202.0
57.0,-104.0,-106.0,134.0,-31.0,286.0,-21.0,541.0,-40.0,198.0
51.0,-133.0,-114.0,157.0,113.0,381.0,-88.0,3.0,-47.0,217.0
1.0,-61.0,-82.0,224.0,196.0,221.0,-100.0,40.0,-19.0,266.0
3.0,-142.0,-66.0,271.0,145.0,-23.0,-130.0,-103.0,-1.0,327.0
-19.0,-267.0,-50.0,342.0,52.0,146.0,-204.0,-66.0,-13.0,390.0
-6.0,-221.0,-59.0,348.0,109.0,388.0,-245.0,131.0,-13.0,469.0
34.0,-256.0,-32.0,273.0,169.0,275.0,-199.0,-123.0,-20.0,552.0
50.0,-194.0,-8.0,193.0,85.0,194.0,-179.0,3.0,-27.0,623.0
74.0,-479.0,10.0,90.0,115.0,243.0,-228.0,-221.0,-20.0,684.0
60.0,-471.0,7.0,53.0,167.0,344.0,-293.0,-352.0,0.0,721.0
56.0,-331.0,13.0,81.0,171.0,258.0,-235.0,46.0,3.0,743.0
5.0,-454.0,40.0,67.0,192.0,184.0,-118.0,208.0,7.0,748.0
15.0,-342.0,69.0,50.0,93.0,169.0,-77.0,421.0,15.0,738.0
52.0,-381.0,144.0,18.0,-31.0,106.0,-111.0,450.0,0.0,713.0
108.0,-164.0,150.0,17.0,124.0,79.0,-50.0,223.0,-13.0,653.0
147.0,86.0,166.0,31.0,141.0,-14.0,76.0,199.0,-22.0,569.0
122.0,104.0,182.0,8.0,-125.0,70.0,153.0,57.0,-11.0,493.0
126.0,142.0,154.0,37.0,-99.0,262.0,158.0,-304.0,5.0,414.0
101.0,90.0,140.0,40.0,-57.0,394.0,147.0,-94.0,5.0,304.0
95.0,110.0,141.0,66.0,-81.0,397.0,211.0,57.0,12.0,185.0
87.0,59.0,148.0,115.0,-91.0,245.0,283.0,-18.0,31.0,86.0
45.0,17.0,116.0,118.0,-166.0,143.0,359.0,467.0,45.0,1.0
-7.0,130.0,89.0,108.0,40.0,11.0,335.0,310.0,48.0,-75.0
-45.0,124.0,50.0,85.0,103.0,-164.0,323.0,-181.0,53.0,-140.0
-75.0,147.0,64.0,49.0,-170.0,-89.0,360.0,-432.0,59.0,-189.0
-101.0,265.0,107.0,4.0,-61.0,188.0,335.0,-1062.0,62.0,-222.0
-109.0,98.0,122.0,14.0,73.0,360.0,286.0,-1001.0,37.0,-243.0
-139.0,334.0,156.0,2.0,-108.0,535.0,219.0,-480.0,13.0,-254.0
-196.0,649.0,133.0,-51.0,-16.0,467.0,225.0,-1.0,12.0,-266.0
-232.0,586.0,131.0,-103.0,4.0,211.0,245.0,659.0,2.0,-269.0
-204.0,668.0,113.0,-126.0,-66.0,146.0,261.0,962.0,3.0,-256.0
-178.0,773.0,89.0,-139.0,137.0,163.0,227.0,800.0,0.0,-250.0
-174.0,867.0,110.0,-165.0,75.0,359.0,235.0,280.0,-12.0,-239.0
-176.0,625.0,130.0,-162.0,-109.0,408.0,275.0,-295.0,-7.0,-222.0
-175.0,560.0,147.0,-154.0,16.0,421.0,212.0,-718.0,0.0,-208.0
-200.0,422.0,107.0,-121.0,201.0,432.0,101.0,-461.0,21.0,-179.0
-218.0,61.0,157.0,-95.0,146.0,194.0,-48.0,-55.0,44.0,-136.0
-200.0,190.0,204.0,-72.0,-26.0,183.0,-138.0,121.0,45.0,-99.0
-189.0,53.0,181.0,-83.0,-55.0,235.0,-171.0,328.0,58.0,-66.0
-140.0,-166.0,178.0,-89.0,27.0,269.0,-209.0,-35.0,83.0,-13.0
-74.0,-180.0,195.0,-57.0,70.0,372.0,-252.0,-221.0,119.0,59.0
-24.0,-285.0,198.0,-42.0,-73.0,534.0,-240.0,-288.0,144.0,135.0
0.0,-398.0,174.0,-6.0,-94.0,526.0,-194.0,-334.0,141.0,187.0
12.0,-332.0,228.0,13.0,158.0,211.0,-162.0,59.0,141.0,228.0
40.0,69.0,148.0,36.0,165.0,126.0,-176.0,216.0,134.0,289.0
72.0,218.0,104.0,76.0,-46.0,191.0,-167.0,254.0,127.0,344.0
80.0,296.0,106.0,104.0,12.0,243.0,-88.0,271.0,137.0,378.0
80.0,506.0,16.0,97.0,168.0,165.0,-41.0,271.0,141.0,412.0
88.0,416.0,23.0,82.0,169.0,117.0,-4.0,253.0,141.0,437.0
98.0,337.0,-4.0,88.0,179.0,189.0,7.0,404.0,143.0,440.0
85.0,371.0,-29.0,75.0,41.0,74.0,84.0,739.0,147.0,437.0
45.0,369.0,-77.0,54.0,162.0,69.0,225.0,521.0,139.0,427.0
43.0,271.0,-67.0,10.0,422.0,50.0,319.0,184.0,136.0,402.0
42.0,401.0,-72.0,13.0,182.0,18.0,292.0,-160.0,141.0,381.0
20.0,525.0,-118.0,79.0,86.0,68.0,236.0,-399.0,127.0,385.0
0.0,439.0,-84.0,115.0,155.0,147.0,272.0,-27.0,105.0,391.0
0.0,568.0,-119.0,161.0,176.0,110.0,290.0,138.0,87.0,376.0
-2.0,411.0,-105.0,163.0,258.0,-88.0,292.0,-64.0,67.0,356.0
-29.0,79.0,-105.0,117.0,70.0,119.0,273.0,-288.0,39.0,351.0
-46.0,35.0,-131.0,37.0,18.0,214.0,302.0,-325.0,21.0,347.0
-84.0,224.0,-124.0,-4.0,253.0,135.0,361.0,-314.0,11.0,321.0
-100.0,121.0,-89.0,34.0,76.0,209.0,362.0,-33.0,-8.0,286.0
-102.0,-155.0,-113.0,49.0,-108.0,95.0,302.0,530.0,-22.0,269.0
-118.0,-162.0,-136.0,90.0,-25.0,60.0,135.0,485.0,-27.0,237.0
-101.0,-371.0,-52.0,117.0,-127.0,28.0,-43.0,356.0,-40.0,187.0
-59.0,-449.0,-36.0,122.0,-83.0,-64.0,-155.0,70.0,-70.0,147.0
-23.0,-384.0,-21.0,133.0,-128.0,-25.0,-255.0,-267.0,-102.0,118.0
-10.0,-403.0,-24.0,118.0,-272.0,104.0,-325.0,-186.0,-147.0,103.0
8.0,-313.0,-42.0,121.0,-127.0,162.0,-293.0,-188.0,-201.0,95.0
39.0,-147.0,-29.0,116.0,-56.0,41.0,-227.0,-182.0,-245.0,88.0
63.0,-230.0,25.0,117.0,-137.0,-13.0,-114.0,-205.0,-282.0,82.0
76.0,-389.0,47.0,128.0,-286.0,74.0,-12.0,-14.0,-318.0,78.0
91.0,-200.0,60.0,97.0,-245.0,18.0,68.0,-3.0,-342.0,83.0
111.0,-134.0,99.0,35.0,-84.0,-64.0,166.0,-160.0,-344.0,93.0
128.0,-250.0,86.0,23.0,-181.0,22.0,195.0,107.0,-363.0,88.0
133.0,-222.0,121.0,4.0,-152.0,27.0,134.0,157.0,-370.0,63.0
117.0,-27.0,115.0,-61.0,67.0,-114.0,-27.0,123.0,-371.0,58.0
128.0,-27.0,135.0,-73.0,-14.0,-75.0,-169.0,84.0,-386.0,65.0
136.0,171.0,129.0,-34.0,6.0,63.0,-291.0,-184.0,-385.0,56.0
122.0,389.0,119.0,10.0,84.0,-106.0,-392.0,-445.0,-357.0,58.0
89.0,296.0,131.0,69.0,-125.0,-150.0,-486.0,-508.0,-303.0,82.0
85.0,211.0,123.0,100.0,21.0,25.0,-561.0,-450.0,-253.0,97.0
108.0,-147.0,159.0,117.0,178.0,37.0,-540.0,-432.0,-224.0,111.0
111.0,-138.0,96.0,103.0,55.0,37.0,-468.0,97.0,-225.0,140.0
146.0,-127.0,135.0,145.0,139.0,97.0,-395.0,591.0,-219.0,157.0
152.0,-184.0,160.0,240.0,120.0,232.0,-386.0,689.0,-205.0,171.0
141.0,-152.0,125.0,249.0,75.0,93.0,-325.0,892.0,-186.0,197.0
139.0,-422.0,163.0,268.0,119.0,-104.0,-238.0,502.0,-152.0,244.0
149.0,-205.0,112.0,269.0,-65.0,-109.0,-219.0,-157.0,-136.0,269.0
173.0,-85.0,131.0,274.0,-30.0,-196.0,-272.0,-439.0,-120.0,277.0
168.0,-260.0,172.0,232.0,104.0,-156.0,-328.0,-218.0,-88.0,296.0
177.0,-333.0,163.0,126.0,-58.0,-158.0,-315.0,271.0,-57.0,295.0
193.0,-486.0,177.0,41.0,-116.0,-150.0,-311.0,679.0,-19.0,292.0
193.0,-428.0,175.0,-41.0,-66.0,-160.0,-310.0,1141.0,33.0,273.0
168.0,-384.0,173.0,-48.0,34.0,-167.0,-324.0,785.0,54.0,268.0
124.0,-253.0,169.0,-89.0,12.0,-37.0,-272.0,-9.0,85.0,290.0
74.0,68.0,158.0,-101.0,-166.0,-10.0,-154.0,-622.0,132.0,275.0
41.0,149.0,78.0,-48.0,-68.0,146.0,-77.0,-990.0,161.0,268.0
24.0,42.0,46.0,-17.0,-90.0,256.0,-40.0,-509.0,190.0,273.0
18.0,-24.0,61.0,33.0,-258.0,314.0,12.0,358.0,197.0,266.0
30.0,219.0,19.0,76.0,-47.0,355.0,90.0,1114.0,194.0,262.0
13.0,452.0,21.0,102.0,-2.0,237.0,116.0,883.0,182.0,257.0
-30.0,280.0,12.0,60.0,-64.0,74.0,56.0,-53.0,170.0,252.0
-62.0,202.0,-1.0,-8.0,98.0,45.0,-37.0,-696.0,153.0,233.0
-82.0,223.0,-15.0,-59.0,-77.0,267.0,-72.0,-1016.0,138.0,199.0
-105.0,135.0,-57.0,-141.0,-108.0,208.0,-65.0,-857.0,138.0,158.0
-132.0,77.0,-53.0,-210.0,118.0,0.0,-89.0,-371.0,130.0,109.0
-141.0,-168.0,-89.0,-217.0,-21.0,118.0,-171.0,75.0,113.0,40.0
-114.0,-330.0,-91.0,-199.0,-16.0,298.0,-216.0,-169.0,84.0,-41.0
-64.0,-245.0,-36.0,-219.0,80.0,178.0,-168.0,-445.0,69.0,-98.0
-34.0,-398.0,-72.0,-266.0,27.0,18.0,-58.0,-319.0,69.0,-155.0
-10.0,-390.0,-18.0,-299.0,65.0,143.0,-1.0,-423.0,82.0,-233.0
3.0,-10.0,28.0,-311.0,-41.0,225.0,-67.0,-182.0,55.0,-297.0
-16.0,235.0,5.0,-297.0,-79.0,127.0,-118.0,210.0,20.0,-348.0
-36.0,107.0,20.0,-259.0,27.0,47.0,-118.0,57.0,13.0,-396.0
-31.0,86.0,2.0,-181.0,-49.0,70.0,-177.0,-182.0,-20.0,-434.0
0.0,194.0,49.0,-131.0,-28.0,47.0,-338.0,116.0,-20.0,-453.0
34.0,-66.0,44.0,-116.0,111.0,83.0,-447.0,186.0,-25.0,-463.0
42.0,-83.0,63.0,-55.0,55.0,185.0,-469.0,-181.0,-52.0,-467.0
48.0,-252.0,130.0,4.0,-94.0,168.0,-492.0,-86.0,-68.0,-445.0
53.0,-486.0,78.0,65.0,-121.0,133.0,-568.0,-112.0,-107.0,-401.0
-1.0,-261.0,94.0,82.0,-86.0,63.0,-677.0,-513.0,-138.0,-360.0
-54.0,-143.0,126.0,75.0,-55.0,-10.0,-723.0,-687.0,-152.0,-309.0
-50.0,-16.0,105.0,58.0,22.0,-47.0,-715.0,-465.0,-174.0,-226.0
-38.0,178.0,142.0,5.0,29.0,-83.0,-677.0,-120.0,-224.0,-152.0
-41.0,389.0,116.0,8.0,-3.0,-8.0,-686.0,53.0,-277.0,-91.0
-60.0,183.0,112.0,35.0,33.0,141.0,-730.0,251.0,-287.0,-19.0
-31.0,70.0,159.0,37.0,143.0,204.0,-740.0,192.0,-284.0,52.0
-27.0,173.0,103.0,30.0,82.0,91.0,-676.0,118.0,-275.0,104.0
-51.0,143.0,143.0,36.0,-46.0,-104.0,-612.0,461.0,-243.0,144.0
-63.0,153.0,131.0,55.0,164.0,-105.0,-656.0,672.0,-216.0,189.0
-76.0,-105.0,55.0,61.0,182.0,-95.0,-648.0,641.0,-175.0,221.0
-81.0,-207.0,85.0,51.0,10.0,-160.0,-582.0,-31.0,-132.0,249.0
-105.0,-282.0,16.0,-13.0,106.0,-162.0,-495.0,-933.0,-96.0,262.0
-121.0,-255.0,-10.0,-86.0,160.0,-161.0,-384.0,-1005.0,-53.0,275.0
-126.0,-249.0,9.0,-114.0,106.0,-124.0,-249.0,-556.0,-28.0,273.0
-91.0,-269.0,-13.0,-138.0,78.0,-201.0,-41.0,-27.0,-9.0,239.0
-55.0,-31.0,1.0,-148.0,-80.0,-354.0,139.0,328.0,3.0,226.0
-39.0,-75.0,-6.0,-179.0,-128.0,-425.0,307.0,349.0,4.0,211.0
-56.0,-141.0,2.0,-235.0,56.0,-398.0,458.0,-234.0,0.0,182.0
-57.0,-147.0,38.0,-230.0,-21.0,-273.0,583.0,-678.0,-16.0,143.0
-65.0,-42.0,0.0,-162.0,-101.0,-113.0,736.0,-620.0,-29.0,105.0
-92.0,-102.0,-13.0,-77.0,-59.0,-166.0,821.0,-665.0,-38.0,88.0
-73.0,-351.0,-36.0,-55.0,-122.0,-200.0,782.0,-186.0,-83.0,65.0
-61.0,-290.0,-73.0,-78.0,-77.0,-194.0,671.0,373.0,-139.0,36.0
-44.0,-214.0,-70.0,-86.0,-3.0,-368.0,550.0,275.0,-172.0,29.0
-45.0,42.0,-106.0,-103.0,-34.0,-342.0,428.0,-147.0,-214.0,39.0
-15.0,380.0,-96.0,-68.0,-76.0,-289.0,199.0,-448.0,-246.0,37.0
-7.0,461.0,-127.0,-10.0,2.0,-163.0,-62.0,-583.0,-280.0,28.0
0.0,571.0,-145.0,12.0,20.0,7.0,-193.0,-861.0,-313.0,44.0
23.0,704.0,-148.0,35.0,0.0,44.0,-331.0,-572.0,-338.0,52.0
43.0,587.0,-199.0,50.0,75.0,93.0,-496.0,-75.0,-339.0,40.0
70.0,504.0,-204.0,66.0,39.0,-50.0,-716.0,60.0,-322.0,48.0
72.0,670.0,-211.0,58.0,-16.0,-123.0,-969.0,388.0,-297.0,51.0
102.0,605.0,-227.0,65.0,21.0,-18.0,-1075.0,606.0,-263.0,35.0
83.0,407.0,-282.0,9.0,21.0,-196.0,-1106.0,606.0,-228.0,19.0
98.0,202.0,-224.0,-51.0,56.0,-271.0,-1145.0,432.0,-181.0,3.0
105.0,23.0,-212.0,-13.0,80.0,-87.0,-1142.0,291.0,-143.0,-17.0
124.0,-118.0,-230.0,3.0,-13.0,-40.0,-1021.0,332.0,-100.0,-43.0
131.0,-312.0,-160.0,51.0,-17.0,-129.0,-832.0,155.0,-68.0,-70.0
99.0,-421.0,-184.0,62.0,95.0,-248.0,-653.0,-134.0,-48.0,-93.0
103.0,-791.0,-193.0,4.0,65.0,-130.0,-525.0,-338.0,-11.0,-116.0
73.0,-1005.0,-220.0,-66.0,24.0,-164.0,-355.0,-419.0,19.0,-138.0
83.0,-869.0,-162.0,-107.0,103.0,-291.0,-139.0,-543.0,65.0,-145.0
62.0,-688.0,-117.0,-72.0,-56.0,-205.0,17.0,-254.0,101.0,-157.0
73.0,-520.0,-123.0,-24.0,-46.0,-108.0,127.0,336.0,122.0,-164.0
76.0,-364.0,-62.0,-16.0,98.0,-16.0,221.0,262.0,145.0,-170.0
61.0,-119.0,-83.0,-64.0,-41.0,-27.0,367.0,-18.0,152.0,-187.0
66.0,-55.0,-100.0,-153.0,19.0,29.0,517.0,-194.0,157.0,-202.0
76.0,144.0,-75.0,-202.0,27.0,123.0,613.0,-315.0,152.0,-237.0
125.0,244.0,-66.0,-185.0,-73.0,171.0,643.0,-205.0,147.0,-259.0
79.0,228.0,-74.0,-114.0,-34.0,109.0,690.0,306.0,143.0,-264.0
47.0,439.0,-39.0,-41.0,26.0,43.0,764.0,718.0,134.0,-269.0
16.0,534.0,-52.0,-40.0,22.0,-27.0,805.0,236.0,117.0,-274.0
-11.0,486.0,-50.0,-11.0,-49.0,-211.0,763.0,-330.0,109.0,-283.0
-34.0,391.0,-10.0,3.0,-1.0,-300.0,604.0,-502.0,96.0,-256.0
-65.0,421.0,-19.0,11.0,17.0,-308.0,467.0,-631.0,63.0,-201.0
-41.0,374.0,10.0,24.0,11.0,-179.0,319.0,-1021.0,55.0,-163.0
-55.0,156.0,20.0,41.0,10.0,-222.0,191.0,-970.0,49.0,-137.0
-88.0,-186.0,25.0,41.0,-31.0,-246.0,98.0,-9.0,47.0,-75.0
-147.0,-292.0,16.0,44.0,-95.0,-28.0,10.0,380.0,62.0,0.0
-202.0,-140.0,41.0,87.0,-124.0,-124.0,-40.0,127.0,73.0,55.0
-246.0,-90.0,63.0,47.0,-54.0,-160.0,-82.0,-27.0,77.0,108.0
-242.0,-76.0,65.0,-1.0,-118.0,-105.0,-182.0,-194.0,81.0,163.0
-179.0,-122.0,87.0,-89.0,-172.0,14.0,-328.0,-548.0,115.0,235.0
-149.0,24.0,66.0,-127.0,-116.0,192.0,-344.0,-546.0,145.0,291.0
-132.0,76.0,85.0,-148.0,-111.0,-67.0,-282.0,109.0,161.0,306.0
-119.0,35.0,56.0,-158.0,-154.0,-38.0,-254.0,404.0,185.0,316.0
-119.0,15.0,63.0,-148.0,-177.0,94.0,-305.0,439.0,204.0,307.0
-124.0,-207.0,100.0,-180.0,-51.0,-81.0,-343.0,395.0,211.0,270.0
-118.0,-512.0,71.0,-187.0,17.0,-118.0,-313.0,131.0,195.0,227.0
-117.0,-881.0,89.0,-255.0,3.0,-173.0,-244.0,-169.0,182.0,182.0
-99.0,-855.0,76.0,-221.0,102.0,-97.0,-119.0,-421.0,172.0,116.0
-60.0,-757.0,45.0,-149.0,164.0,-156.0,1.0,-144.0,141.0,43.0
-10.0,-940.0,5.0,-89.0,124.0,-271.0,130.0,5.0,112.0,-3.0
41.0,-781.0,-24.0,-21.0,129.0,-146.0,271.0,-42.0,71.0,-71.0
78.0,-361.0,-58.0,1.0,145.0,-160.0,364.0,266.0,23.0,-145.0
100.0,-89.0,-107.0,36.0,182.0,-98.0,344.0,199.0,-14.0,-197.0
80.0,82.0,-126.0,60.0,241.0,-101.0,306.0,-51.0,-53.0,-250.0
66.0,451.0,-157.0,107.0,154.0,-153.0,313.0,158.0,-98.0,-284.0
86.0,812.0,-174.0,155.0,115.0,-110.0,316.0,731.0,-136.0,-313.0
103.0,887.0,-156.0,201.0,69.0,-139.0,288.0,921.0,-162.0,-338.0
105.0,963.0,-133.0,183.0,67.0,36.0,186.0,458.0,-184.0,-336.0
105.0,945.0,-102.0,141.0,155.0,73.0,69.0,145.0,-209.0,-336.0
83.0,768.0,-99.0,78.0,28.0,22.0,-49.0,-206.0,-212.0,-337.0
65.0,753.0,-96.0,43.0,26.0,40.0,-155.0,-558.0,-197.0,-334.0
64.0,636.0,-33.0,75.0,64.0,-32.0,-232.0,-352.0,-191.0,-340.0
52.0,152.0,-19.0,43.0,-5.0,69.0,-254.0,253.0,-166.0,-354.0
36.0,-98.0,29.0,-8.0,-40.0,-69.0,-217.0,596.0,-136.0,-345.0
40.0,-48.0,58.0,-101.0,-90.0,-293.0,-171.0,243.0,-100.0,-317.0
64.0,-261.0,58.0,-175.0,-47.0,-314.0,-213.0,79.0,-48.0,-295.0
71.0,-633.0,44.0,-186.0,-5.0,-355.0,-263.0,20.0,-4.0,-274.0
96.0,-936.0,-11.0,-153.0,-49.0,-393.0,-182.0,-260.0,45.0,-242.0
102.0,-1087.0,7.0,-34.0,-73.0,-479.0,-11.0,-125.0,108.0,-208.0
104.0,-1273.0,-63.0,44.0,-39.0,-401.0,154.0,127.0,167.0,-189.0
99.0,-1332.0,-72.0,80.0,-82.0,-327.0,240.0,-155.0,214.0,-181.0
94.0,-979.0,-116.0,124.0,-10.0,-340.0,359.0,-552.0,283.0,-168.0
110.0,-563.0,-192.0,152.0,-2.0,-260.0,529.0,-179.0,358.0,-178.0
77.0,-149.0,-135.0,159.0,-107.0,-231.0,740.0,164.0,402.0,-199.0
72.0,109.0,-165.0,178.0,5.0,-292.0,967.0,-97.0,427.0,-217.0
60.0,295.0,-223.0,190.0,-43.0,-331.0,1145.0,-369.0,443.0,-244.0
41.0,474.0,-278.0,171.0,-133.0,-202.0,1255.0,-280.0,464.0,-250.0
36.0,468.0,-305.0,131.0,-77.0,-60.0,1236.0,229.0,478.0,-274.0
3.0,465.0,-316.0,81.0,-61.0,31.0,1109.0,360.0,497.0,-283.0
-19.0,409.0,-300.0,93.0,-88.0,87.0,834.0,149.0,497.0,-278.0
-70.0,532.0,-314.0,100.0,-108.0,10.0,550.0,-25.0,466.0,-285.0
-121.0,685.0,-284.0,101.0,-128.0,15.0,339.0,-232.0,439.0,-254.0
-158.0,526.0,-278.0,114.0,-119.0,-29.0,109.0,-195.0,412.0,-229.0
-180.0,478.0,-273.0,140.0,-73.0,-245.0,-176.0,88.0,383.0,-220.0
-171.0,456.0,-185.0,226.0,-104.0,-304.0,-490.0,535.0,334.0,-208.0
-182.0,285.0,-201.0,292.0,-18.0,-166.0,-722.0,739.0,265.0,-179.0
-186.0,139.0,-172.0,346.0,74.0,-179.0,-823.0,794.0,199.0,-156.0
-201.0,55.0,-95.0,393.0,40.0,-412.0,-778.0,594.0,154.0,-137.0
-241.0,24.0,-34.0,407.0,92.0,-255.0,-677.0,22.0,116.0,-110.0
-209.0,-145.0,-56.0,411.0,144.0,58.0,-528.0,42.0,81.0,-95.0
-183.0,-319.0,-1.0,352.0,52.0,12.0,-321.0,572.0,42.0,-59.0
-161.0,-216.0,18.0,245.0,77.0,-159.0,-140.0,833.0,3.0,-25.0
-116.0,-100.0,-18.0,152.0,162.0,-93.0,-21.0,314.0,-21.0,-8.0
-71.0,-22.0,15.0,35.0,54.0,128.0,73.0,-123.0,-49.0,3.0
-2.0,21.0,-61.0,-36.0,142.0,33.0,183.0,-40.0,-77.0,9.0
5.0,57.0,-32.0,-34.0,164.0,18.0,260.0,-436.0,-112.0,12.0
8.0,209.0,-50.0,-31.0,30.0,162.0,301.0,-410.0,-141.0,33.0
3.0,85.0,-35.0,-76.0,170.0,235.0,308.0,253.0,-171.0,48.0
-15.0,-102.0,4.0,-133.0,153.0,116.0,367.0,561.0,-201.0,37.0
-8.0,-275.0,-60.0,-140.0,48.0,-81.0,515.0,587.0,-200.0,52.0
-11.0,-252.0,-1.0,-146.0,123.0,51.0,646.0,768.0,-185.0,56.0
6.0,-5.0,-13.0,-121.0,-5.0,29.0,697.0,1053.0,-178.0,44.0
47.0,-161.0,-54.0,-60.0,-12.0,-155.0,649.0,703.0,-190.0,34.0
85.0,124.0,-82.0,-44.0,151.0,-178.0,611.0,323.0,-208.0,19.0
77.0,533.0,-107.0,-49.0,-62.0,3.0,591.0,147.0,-221.0,0.0
50.0,515.0,-109.0,-11.0,36.0,2.0,490.0,-160.0,-219.0,-29.0
49.0,388.0,-76.0,32.0,222.0,-267.0,319.0,-295.0,-219.0,-46.0
28.0,-9.0,-14.0,17.0,4.0,-154.0,172.0,-267.0,-213.0,-72.0
10.0,-65.0,-22.0,-48.0,50.0,-75.0,94.0,162.0,-203.0,-108.0
24.0,-63.0,-28.0,-108.0,-14.0,-277.0,46.0,251.0,-210.0,-127.0
17.0,-133.0,-52.0,-151.0,-99.0,-358.0,-52.0,29.0,-188.0,-126.0
6.0,-102.0,20.0,-183.0,44.0,-204.0,-160.0,-1.0,-159.0,-130.0
-27.0,-37.0,68.0,-179.0,0.0,28.0,-145.0,-413.0,-118.0,-130.0
-51.0,118.0,64.0,-130.0,-34.0,-121.0,-37.0,-776.0,-64.0,-97.0
-32.0,-44.0,127.0,-114.0,-15.0,-254.0,66.0,-609.0,-12.0,-61.0
-11.0,-213.0,55.0,-120.0,-53.0,-171.0,77.0,-79.0,45.0,-18.0
48.0,-152.0,65.0,-123.0,-3.0,-275.0,93.0,-116.0,64.0,39.0
55.0,-137.0,108.0,-124.0,-112.0,-406.0,141.0,-376.0,97.0,91.0
28.0,-282.0,60.0,-110.0,-286.0,-426.0,138.0,57.0,144.0,125.0
25.0,-260.0,92.0,-110.0,-138.0,-208.0,81.0,195.0,180.0,171.0
28.0,-67.0,122.0,-134.0,-192.0,-104.0,-38.0,35.0,214.0,201.0
62.0,52.0,119.0,-211.0,-191.0,-212.0,-82.0,212.0,232.0,194.0
87.0,132.0,85.0,-227.0,-36.0,-180.0,-58.0,572.0,254.0,187.0
111.0,267.0,100.0,-173.0,-129.0,-129.0,-38.0,482.0,282.0,165.0
118.0,369.0,35.0,-41.0,58.0,-231.0,-43.0,323.0,320.0,171.0
103.0,114.0,-34.0,48.0,97.0,-440.0,-11.0,761.0,353.0,183.0
78.0,-218.0,8.0,84.0,-184.0,-371.0,85.0,726.0,365.0,179.0
47.0,-550.0,6.0,180.0,-101.0,-154.0,130.0,371.0,358.0,213.0
45.0,-497.0,-9.0,228.0,17.0,-108.0,65.0,286.0,355.0,242.0
61.0,-411.0,-72.0,225.0,-121.0,-173.0,-48.0,378.0,354.0,250.0
94.0,-714.0,-86.0,144.0,-23.0,-176.0,-62.0,413.0,335.0,250.0
101.0,-560.0,-73.0,101.0,43.0,-108.0,-35.0,60.0,297.0,224.0
83.0,-541.0,-25.0,66.0,-21.0,-182.0,-23.0,-48.0,242.0,186.0
87.0,-516.0,-8.0,41.0,17.0,-246.0,-31.0,-166.0,189.0,134.0
74.0,-233.0,-33.0,89.0,-161.0,-198.0,-10.0,-522.0,152.0,80.0
46.0,-100.0,33.0,122.0,-86.0,-99.0,110.0,-495.0,135.0,42.0
33.0,210.0,-9.0,132.0,61.0,-124.0,239.0,73.0,112.0,-11.0
62.0,244.0,-3.0,144.0,-68.0,-272.0,294.0,371.0,78.0,-56.0
78.0,89.0,30.0,189.0,-9.0,-205.0,296.0,-92.0,35.0,-71.0
83.0,126.0,0.0,186.0,21.0,-53.0,329.0,-203.0,-24.0,-86.0
90.0,245.0,31.0,204.0,59.0,-179.0,373.0,-162.0,-63.0,-105.0
107.0,194.0,46.0,241.0,218.0,-208.0,413.0,-498.0,-89.0,-100.0
157.0,-46.0,6.0,282.0,84.0,41.0,391.0,-419.0,-103.0,-64.0
159.0,-219.0,-55.0,325.0,64.0,22.0,331.0,27.0,-111.0,-25.0
165.0,-242.0,-42.0,344.0,203.0,-227.0,299.0,90.0,-134.0,5.0
145.0,-224.0,-69.0,364.0,59.0,-322.0,278.0,-206.0,-150.0,29.0
144.0,-194.0,-130.0,343.0,135.0,-108.0,224.0,16.0,-165.0,83.0
149.0,-101.0,-129.0,311.0,138.0,-58.0,204.0,323.0,-169.0,121.0
121.0,19.0,-166.0,253.0,28.0,-274.0,336.0,84.0,-156.0,124.0
108.0,388.0,-185.0,169.0,182.0,-225.0,487.0,53.0,-161.0,125.0
68.0,496.0,-178.0,108.0,79.0,-43.0,595.0,203.0,-152.0,115.0
100.0,497.0,-196.0,89.0,-57.0,50.0,603.0,164.0,-116.0,115.0
112.0,445.0,-186.0,73.0,68.0,-86.0,560.0,-44.0,-80.0,104.0
120.0,234.0,-158.0,51.0,55.0,-119.0,439.0,168.0,-44.0,98.0
123.0,216.0,-139.0,15.0,-121.0,112.0,213.0,593.0,-20.0,88.0
124.0,-184.0,-132.0,-45.0,-70.0,195.0,-23.0,155.0,-8.0,80.0
118.0,-338.0,-81.0,-59.0,-42.0,49.0,-297.0,-393.0,-4.0,93.0
51.0,-420.0,-42.0,-72.0,-116.0,-91.0,-446.0,-203.0,-1.0,96.0
53.0,-586.0,-4.0,-107.0,-101.0,45.0,-467.0,186.0,1.0,84.0
46.0,-494.0,30.0,-122.0,-199.0,5.0,-436.0,-75.0,0.0,69.0
46.0,-467.0,32.0,-138.0,-143.0,-208.0,-398.0,-123.0,3.0,79.0
43.0,27.0,50.0,-155.0,-96.0,-215.0,-302.0,473.0,18.0,93.0
66.0,115.0,7.0,-146.0,-130.0,-227.0,-118.0,245.0,16.0,81.0
102.0,-66.0,40.0,-114.0,39.0,-227.0,9.0,-145.0,-7.0,55.0
103.0,133.0,47.0,-83.0,-28.0,-127.0,49.0,186.0,-39.0,54.0
81.0,248.0,58.0,-54.0,-81.0,73.0,26.0,423.0,-74.0,70.0
55.0,423.0,108.0,-37.0,86.0,91.0,82.0,22.0,-80.0,76.0
55.0,366.0,50.0,-29.0,-36.0,6.0,195.0,51.0,-80.0,102.0
11.0,441.0,111.0,6.0,-109.0,33.0,306.0,870.0,-82.0,127.0
37.0,371.0,96.0,73.0,33.0,51.0,370.0,667.0,-74.0,146.0
86.0,-112.0,91.0,89.0,-69.0,49.0,425.0,-27.0,-65.0,175.0
120.0,-224.0,176.0,110.0,-126.0,-74.0,552.0,-96.0,-57.0,205.0
89.0,-311.0,128.0,142.0,-13.0,-93.0,620.0,-242.0,-74.0,224.0
37.0,-488.0,169.0,143.0,-69.0,-102.0,604.0,-857.0,-89.0,202.0
24.0,-509.0,210.0,137.0,-47.0,-123.0,559.0,-1201.0,-110.0,189.0
3.0,-497.0,179.0,92.0,-41.0,8.0,567.0,-319.0,-129.0,190.0
26.0,-473.0,211.0,84.0,-114.0,-33.0,598.0,168.0,-141.0,150.0
30.0,-151.0,174.0,89.0,-26.0,-18.0,553.0,-537.0,-153.0,116.0
45.0,220.0,178.0,125.0,8.0,11.0,421.0,-667.0,-148.0,92.0
9.0,262.0,261.0,117.0,24.0,-165.0,266.0,-110.0,-159.0,55.0
-17.0,186.0,137.0,48.0,15.0,-237.0,176.0,-48.0,-166.0,37.0
-56.0,44.0,80.0,-36.0,-68.0,-221.0,170.0,-221.0,-181.0,31.0
-103.0,-147.0,113.0,-109.0,-11.0,-162.0,148.0,576.0,-177.0,25.0
-76.0,-282.0,24.0,-68.0,9.0,-210.0,62.0,1158.0,-147.0,23.0
-68.0,-33.0,12.0,-49.0,-63.0,-193.0,77.0,493.0,-116.0,15.0
-49.0,131.0,-1.0,-37.0,-56.0,-14.0,146.0,236.0,-83.0,7.0
-40.0,-99.0,-47.0,-65.0,-30.0,-101.0,150.0,436.0,-87.0,0.0
-12.0,-206.0,-36.0,-100.0,65.0,-260.0,82.0,-118.0,-92.0,-16.0
-29.0,-286.0,-42.0,-75.0,5.0,-54.0,10.0,-848.0,-97.0,-30.0
-61.0,-334.0,-55.0,-44.0,-108.0,333.0,-71.0,-365.0,-99.0,-52.0
-91.0,-360.0,22.0,-27.0,91.0,151.0,-188.0,147.0,-86.0,-88.0
-120.0,-411.0,-12.0,-17.0,58.0,-25.0,-325.0,-476.0,-68.0,-130.0
-93.0,-332.0,-32.0,13.0,-94.0,272.0,-456.0,-589.0,-49.0,-159.0
-92.0,-343.0,14.0,38.0,-8.0,260.0,-459.0,-123.0,-34.0,-183.0
-64.0,-449.0,-65.0,79.0,-80.0,85.0,-424.0,-157.0,0.0,-213.0
-71.0,-342.0,55.0,60.0,-6.0,39.0,-384.0,-587.0,39.0,-237.0
-76.0,-99.0,88.0,15.0,75.0,229.0,-303.0,-293.0,54.0,-242.0
-81.0,-3.0,6.0,38.0,-140.0,275.0,-143.0,508.0,67.0,-258.0
-94.0,-79.0,83.0,78.0,-63.0,-35.0,102.0,362.0,100.0,-283.0
-72.0,-56.0,63.0,50.0,-44.0,-249.0,336.0,40.0,128.0,-313.0
-62.0,134.0,22.0,32.0,-91.0,-254.0,481.0,260.0,163.0,-354.0
-42.0,232.0,22.0,63.0,114.0,-85.0,499.0,312.0,191.0,-397.0
-75.0,324.0,-1.0,33.0,5.0,12.0,500.0,-373.0,182.0,-419.0
-85.0,422.0,-37.0,21.0,10.0,-57.0,456.0,-676.0,169.0,-405.0
-93.0,362.0,-46.0,27.0,185.0,8.0,377.0,42.0,142.0,-414.0
-107.0,351.0,-80.0,8.0,-33.0,162.0,286.0,-33.0,107.0,-435.0
-108.0,311.0,-76.0,-20.0,-102.0,-45.0,206.0,-533.0,83.0,-423.0
-103.0,321.0,-60.0,-34.0,-43.0,-189.0,171.0,-96.0,64.0,-374.0
-55.0,377.0,-121.0,-70.0,-113.0,54.0,180.0,400.0,53.0,-344.0
-56.0,339.0,-94.0,-131.0,-89.0,187.0,240.0,232.0,20.0,-307.0
-84.0,409.0,-120.0,-122.0,-137.0,-18.0,215.0,169.0,-23.0,-231.0
-116.0,101.0,-174.0,-104.0,-46.0,-143.0,179.0,524.0,-78.0,-162.0
-134.0,5.0,-116.0,-129.0,10.0,-7.0,149.0,169.0,-121.0,-59.0
-150.0,139.0,-107.0,-140.0,-80.0,-140.0,42.0,-260.0,-149.0,33.0
-142.0,-240.0,-95.0,-162.0,87.0,-247.0,-129.0,99.0,-187.0,111.0
-147.0,-314.0,-47.0,-229.0,-14.0,-192.0,-287.0,424.0,-161.0,169.0
-159.0,-257.0,-61.0,-249.0,-77.0,-138.0,-364.0,48.0,-125.0,209.0
-140.0,-34.0,-64.0,-193.0,170.0,31.0,-440.0,-635.0,-99.0,258.0
-136.0,7.0,-35.0,-132.0,63.0,77.0,-545.0,-349.0,-61.0,268.0
-118.0,-344.0,-95.0,-58.0,90.0,27.0,-636.0,-9.0,-49.0,280.0
-129.0,-284.0,-100.0,27.0,248.0,-41.0,-614.0,-545.0,-28.0,301.0
-121.0,-220.0,-48.0,83.0,114.0,46.0,-531.0,-831.0,-4.0,325.0
-131.0,-201.0,-74.0,94.0,82.0,188.0,-484.0,-484.0,27.0,335.0
-144.0,-229.0,-75.0,69.0,68.0,162.0,-398.0,-469.0,58.0,328.0
-130.0,91.0,-79.0,24.0,-53.0,44.0,-214.0,-814.0,79.0,317.0
-97.0,462.0,-96.0,16.0,-67.0,-18.0,10.0,-66.0,80.0,312.0
-70.0,418.0,-106.0,48.0,-45.0,164.0,255.0,739.0,85.0,313.0
-85.0,579.0,-165.0,73.0,60.0,307.0,470.0,378.0,110.0,289.0
-69.0,553.0,-137.0,98.0,121.0,227.0,633.0,97.0,111.0,248.0
-55.0,465.0,-108.0,89.0,-112.0,60.0,830.0,234.0,103.0,181.0
-30.0,354.0,-141.0,48.0,-80.0,-37.0,1019.0,171.0,100.0,135.0
-17.0,-34.0,-58.0,26.0,61.0,61.0,1073.0,-280.0,108.0,102.0
-19.0,-214.0,-35.0,12.0,-128.0,137.0,967.0,-286.0,126.0,31.0
-31.0,-37.0,-40.0,-33.0,-108.0,162.0,841.0,273.0,132.0,-33.0
-40.0,-32.0,-2.0,-75.0,-103.0,308.0,696.0,301.0,121.0,-82.0
-47.0,-186.0,-26.0,-123.0,-121.0,300.0,466.0,36.0,100.0,-132.0
-61.0,-71.0,27.0,-176.0,-47.0,-10.0,171.0,-14.0,98.0,-188.0
-63.0,8.0,44.0,-170.0,-168.0,-71.0,-117.0,70.0,98.0,-235.0
-72.0,-8.0,38.0,-145.0,-76.0,150.0,-291.0,-258.0,92.0,-258.0
-49.0,-175.0,64.0,-134.0,-86.0,150.0,-369.0,-552.0,93.0,-291.0
-46.0,-311.0,44.0,-130.0,-123.0,103.0,-436.0,79.0,78.0,-329.0
-64.0,-411.0,19.0,-136.0,30.0,22.0,-526.0,341.0,60.0,-327.0
-93.0,-423.0,4.0,-181.0,-130.0,0.0,-581.0,-97.0,50.0,-316.0
-100.0,-111.0,8.0,-233.0,-27.0,-9.0,-596.0,-264.0,36.0,-302.0
-104.0,156.0,-16.0,-232.0,177.0,-28.0,-611.0,70.0,11.0,-269.0
-101.0,447.0,-9.0,-187.0,-2.0,272.0,-662.0,168.0,-1.0,-231.0
-69.0,526.0,-26.0,-111.0,-60.0,350.0,-633.0,-138.0,3.0,-199.0
-42.0,455.0,-58.0,-47.0,1.0,325.0,-442.0,86.0,-20.0,-166.0
-22.0,367.0,-5.0,-10.0,62.0,186.0,-172.0,349.0,-41.0,-112.0
-31.0,319.0,52.0,-39.0,62.0,-53.0,67.0,88.0,-56.0,-52.0
-19.0,357.0,82.0,-70.0,-49.0,89.0,168.0,-205.0,-64.0,-4.0
-33.0,105.0,46.0,-48.0,-30.0,207.0,256.0,99.0,-45.0,53.0
-28.0,89.0,88.0,-42.0,77.0,181.0,324.0,345.0,-32.0,124.0
-16.0,115.0,105.0,-60.0,-27.0,-9.0,325.0,-175.0,-11.0,187.0
0.0,-109.0,61.0,-65.0,-81.0,43.0,261.0,-388.0,16.0,245.0
29.0,-269.0,132.0,-62.0,-9.0,66.0,179.0,-166.0,49.0,261.0
33.0,-369.0,126.0,-73.0,60.0,-176.0,152.0,-166.0,69.0,251.0
23.0,-323.0,174.0,-64.0,126.0,38.0,134.0,-288.0,80.0,240.0
-36.0,-270.0,188.0,-75.0,-46.0,271.0,190.0,18.0,96.0,226.0
-60.0,-263.0,113.0,-80.0,5.0,193.0,278.0,502.0,94.0,197.0
-100.0,-208.0,162.0,-93.0,167.0,5.0,407.0,206.0,88.0,120.0
-100.0,94.0,171.0,-139.0,96.0,-33.0,560.0,-105.0,64.0,56.0
-88.0,252.0,207.0,-155.0,120.0,0.0,660.0,138.0,20.0,9.0
-125.0,78.0,199.0,-204.0,18.0,-77.0,626.0,66.0,-20.0,-68.0
-140.0,19.0,204.0,-194.0,13.0,19.0,447.0,-297.0,-66.0,-131.0
-154.0,64.0,269.0,-132.0,148.0,199.0,276.0,-171.0,-119.0,-159.0
-150.0,56.0,204.0,-65.0,9.0,223.0,104.0,417.0,-151.0,-193.0
-168.0,-58.0,203.0,22.0,-46.0,-20.0,-81.0,291.0,-169.0,-208.0
-141.0,45.0,137.0,51.0,67.0,-128.0,-256.0,-232.0,-197.0,-203.0
-134.0,128.0,68.0,44.0,110.0,-64.0,-375.0,90.0,-232.0,-189.0
-136.0,7.0,153.0,44.0,85.0,-169.0,-428.0,618.0,-233.0,-172.0
-137.0,-64.0,153.0,86.0,-18.0,-200.0,-462.0,585.0,-199.0,-170.0
-138.0,31.0,114.0,114.0,-23.0,-168.0,-507.0,254.0,-179.0,-123.0
-105.0,473.0,63.0,128.0,38.0,-41.0,-506.0,347.0,-141.0,-90.0
-89.0,625.0,81.0,173.0,31.0,119.0,-414.0,138.0,-106.0,-93.0
-2.0,456.0,102.0,180.0,-58.0,162.0,-325.0,-776.0,-100.0,-62.0
70.0,430.0,41.0,100.0,-57.0,169.0,-318.0,-931.0,-100.0,-17.0
129.0,270.0,-24.0,42.0,145.0,85.0,-370.0,-280.0,-95.0,17.0
155.0,121.0,-72.0,56.0,123.0,-31.0,-342.0,264.0,-47.0,31.0
159.0,88.0,-35.0,42.0,-16.0,-26.0,-249.0,110.0,-9.0,73.0
175.0,75.0,-72.0,62.0,-48.0,154.0,-117.0,173.0,4.0,125.0
167.0,142.0,-105.0,69.0,-25.0,318.0,-37.0,548.0,39.0,130.0
170.0,306.0,-132.0,30.0,40.0,303.0,-8.0,260.0,82.0,115.0
163.0,359.0,-140.0,-13.0,3.0,292.0,143.0,46.0,127.0,100.0
200.0,153.0,-97.0,-35.0,-29.0,452.0,310.0,373.0,144.0,56.0
214.0,262.0,-153.0,3.0,36.0,441.0,361.0,958.0,136.0,-33.0
223.0,411.0,-114.0,34.0,103.0,161.0,330.0,776.0,146.0,-113.0
232.0,57.0,-102.0,48.0,44.0,95.0,302.0,389.0,155.0,-166.0
203.0,-139.0,-87.0,101.0,-36.0,226.0,300.0,349.0,149.0,-247.0
166.0,69.0,-23.0,133.0,13.0,66.0,341.0,-273.0,151.0,-344.0
136.0,-19.0,-26.0,125.0,101.0,-41.0,353.0,-942.0,138.0,-393.0
144.0,-433.0,17.0,115.0,53.0,221.0,345.0,-912.0,104.0,-429.0
164.0,-557.0,0.0,72.0,-1.0,163.0,397.0,-49.0,48.0,-473.0
175.0,-597.0,18.0,32.0,119.0,-83.0,429.0,336.0,-21.0,-474.0
141.0,-804.0,46.0,43.0,122.0,-174.0,362.0,11.0,-49.0,-421.0
102.0,-835.0,34.0,50.0,34.0,-147.0,230.0,158.0,-52.0,-367.0
57.0,-560.0,74.0,42.0,69.0,25.0,138.0,363.0,-70.0,-317.0
18.0,-414.0,119.0,34.0,16.0,4.0,114.0,118.0,-110.0,-224.0
18.0,-317.0,184.0,-8.0,-54.0,-114.0,115.0,-256.0,-151.0,-116.0
52.0,-143.0,206.0,-58.0,-17.0,-160.0,13.0,-40.0,-172.0,-44.0
76.0,15.0,237.0,-80.0,-66.0,-162.0,-101.0,140.0,-172.0,24.0
54.0,400.0,234.0,-98.0,-121.0,-204.0,-72.0,-365.0,-156.0,112.0
8.0,501.0,191.0,-121.0,22.0,-159.0,-20.0,-303.0,-137.0,177.0
-40.0,249.0,153.0,-95.0,62.0,-104.0,-49.0,437.0,-98.0,239.0
-67.0,57.0,198.0,-53.0,-70.0,-304.0,-174.0,761.0,-68.0,307.0
-93.0,-41.0,221.0,-39.0,-31.0,-287.0,-341.0,504.0,-44.0,366.0
-91.0,-111.0,152.0,-17.0,29.0,-27.0,-440.0,400.0,-3.0,408.0
-96.0,-186.0,222.0,-58.0,62.0,158.0,-479.0,689.0,50.0,428.0
-89.0,-49.0,171.0,-138.0,23.0,38.0,-580.0,415.0,104.0,461.0
-100.0,27.0,131.0,-162.0,-65.0,-80.0,-637.0,-127.0,104.0,482.0
-115.0,38.0,176.0,-192.0,61.0,58.0,-571.0,42.0,124.0,488.0
-102.0,-22.0,96.0,-235.0,58.0,-37.0,-461.0,417.0,146.0,495.0
-117.0,-279.0,103.0,-234.0,-37.0,-126.0,-358.0,179.0,144.0,500.0
-119.0,-263.0,78.0,-211.0,-4.0,-78.0,-288.0,-194.0,166.0,481.0
-133.0,-78.0,56.0,-117.0,42.0,267.0,-110.0,84.0,157.0,434.0
-122.0,14.0,98.0,-42.0,76.0,546.0,215.0,51.0,150.0,405.0
-120.0,30.0,61.0,-38.0,11.0,321.0,545.0,-397.0,143.0,383.0
-117.0,314.0,64.0,-45.0,-48.0,285.0,713.0,-260.0,125.0,344.0
-101.0,648.0,92.0,-126.0,-39.0,263.0,767.0,441.0,114.0,306.0
-94.0,557.0,60.0,-186.0,8.0,269.0,782.0,912.0,89.0,299.0
-58.0,568.0,65.0,-170.0,7.0,352.0,752.0,485.0,33.0,266.0
-57.0,602.0,77.0,-128.0,-36.0,294.0,681.0,140.0,-55.0,214.0
-92.0,332.0,84.0,-72.0,-13.0,272.0,479.0,68.0,-126.0,181.0
-122.0,54.0,87.0,-9.0,45.0,236.0,243.0,-367.0,-189.0,153.0
-121.0,-35.0,66.0,62.0,-12.0,204.0,67.0,-872.0,-234.0,115.0
-109.0,-168.0,58.0,64.0,-113.0,31.0,-107.0,-737.0,-255.0,82.0
-75.0,-275.0,22.0,40.0,-68.0,-121.0,-306.0,9.0,-285.0,96.0
-50.0,-241.0,12.0,40.0,13.0,-93.0,-462.0,83.0,-303.0,91.0
-31.0,-416.0,49.0,-4.0,65.0,-18.0,-551.0,81.0,-313.0,76.0
-33.0,-632.0,10.0,-60.0,-48.0,83.0,-597.0,644.0,-341.0,67.0
-44.0,-530.0,-45.0,-52.0,-98.0,231.0,-676.0,711.0,-376.0,36.0
-31.0,-272.0,-52.0,13.0,47.0,158.0,-811.0,84.0,-400.0,0.0
-42.0,-248.0,-90.0,49.0,59.0,-45.0,-776.0,-430.0,-415.0,-59.0
-36.0,69.0,-94.0,59.0,-69.0,24.0,-632.0,55.0,-424.0,-114.0
-28.0,594.0,-80.0,83.0,-57.0,143.0,-551.0,506.0,-412.0,-154.0
-27.0,574.0,-81.0,100.0,27.0,153.0,-539.0,369.0,-382.0,-195.0
-11.0,511.0,-86.0,118.0,-122.0,13.0,-463.0,478.0,-339.0,-229.0
35.0,429.0,-64.0,100.0,-126.0,7.0,-275.0,567.0,-272.0,-239.0
80.0,294.0,-32.0,82.0,-52.0,29.0,-59.0,310.0,-219.0,-255.0
96.0,253.0,-56.0,83.0,-102.0,-181.0,142.0,-269.0,-188.0,-302.0
102.0,79.0,-57.0,64.0,-62.0,-271.0,172.0,-351.0,-150.0,-329.0
81.0,-104.0,-79.0,62.0,-127.0,-148.0,99.0,-25.0,-110.0,-333.0
74.0,-46.0,-99.0,61.0,-194.0,53.0,66.0,-121.0,-60.0,-345.0
84.0,105.0,-95.0,65.0,-86.0,61.0,101.0,-186.0,-7.0,-367.0
98.0,36.0,-69.0,90.0,14.0,102.0,134.0,164.0,40.0,-356.0
120.0,232.0,-79.0,110.0,25.0,194.0,148.0,807.0,78.0,-333.0
123.0,361.0,-79.0,121.0,13.0,110.0,185.0,755.0,95.0,-343.0
116.0,184.0,9.0,142.0,-31.0,-14.0,191.0,291.0,86.0,-343.0
104.0,230.0,-12.0,171.0,69.0,-158.0,123.0,234.0,71.0,-341.0
83.0,86.0,-48.0,170.0,127.0,-128.0,-102.0,-31.0,67.0,-332.0
94.0,-110.0,-32.0,173.0,-47.0,18.0,-373.0,-522.0,60.0,-308.0
136.0,-78.0,-57.0,204.0,-22.0,-8.0,-546.0,-873.0,27.0,-260.0
174.0,-129.0,-81.0,217.0,100.0,-52.0,-597.0,-532.0,-18.0,-175.0
179.0,-279.0,-87.0,210.0,51.0,81.0,-621.0,-145.0,-56.0,-110.0
156.0,-317.0,-44.0,167.0,-57.0,25.0,-663.0,-227.0,-81.0,-50.0
123.0,-495.0,-54.0,114.0,-52.0,-182.0,-606.0,-142.0,-91.0,32.0
82.0,-677.0,-70.0,107.0,9.0,-183.0,-453.0,-22.0,-103.0,110.0
71.0,-397.0,-66.0,130.0,-54.0,-74.0,-278.0,83.0,-120.0,153.0
73.0,-162.0,-114.0,131.0,-119.0,-100.0,-163.0,-284.0,-141.0,202.0
83.0,-59.0,-124.0,84.0,-100.0,-123.0,-95.0,-386.0,-152.0,253.0
85.0,-2.0,-107.0,41.0,-106.0,173.0,-45.0,317.0,-157.0,270.0
71.0,46.0,-110.0,0.0,-86.0,177.0,-7.0,681.0,-157.0,272.0
53.0,258.0,-77.0,-79.0,-56.0,-254.0,-27.0,415.0,-103.0,273.0
13.0,320.0,-11.0,-128.0,-157.0,-295.0,-95.0,-138.0,-54.0,262.0
-28.0,192.0,-25.0,-179.0,-111.0,91.0,-158.0,-184.0,-43.0,232.0
-70.0,189.0,-7.0,-236.0,-41.0,81.0,-222.0,-279.0,-46.0,205.0
-115.0,192.0,0.0,-252.0,-118.0,-257.0,-285.0,-665.0,-36.0,181.0
-132.0,3.0,0.0,-242.0,-46.0,-317.0,-336.0,-352.0,-5.0,170.0
-133.0,-29.0,104.0,-172.0,5.0,-297.0,-317.0,118.0,19.0,146.0
-149.0,-113.0,106.0,-128.0,21.0,-102.0,-242.0,129.0,54.0,118.0
-132.0,-273.0,126.0,-93.0,97.0,76.0,-179.0,-262.0,64.0,89.0
-111.0,-302.0,123.0,-62.0,99.0,41.0,-185.0,-88.0,51.0,25.0
-104.0,-421.0,60.0,-38.0,64.0,113.0,-250.0,419.0,38.0,-37.0
-113.0,-294.0,134.0,-22.0,165.0,243.0,-262.0,240.0,20.0,-86.0
-128.0,148.0,123.0,-76.0,224.0,155.0,-166.0,84.0,28.0,-119.0
-108.0,309.0,102.0,-58.0,140.0,-22.0,-42.0,230.0,31.0,-145.0
-93.0,177.0,135.0,5.0,211.0,106.0,57.0,489.0,15.0,-174.0
-67.0,193.0,111.0,27.0,201.0,115.0,141.0,254.0,1.0,-177.0
-36.0,184.0,180.0,-11.0,142.0,35.0,163.0,-251.0,-26.0,-160.0
-7.0,283.0,217.0,-32.0,145.0,79.0,94.0,-230.0,-45.0,-133.0
0.0,398.0,230.0,-23.0,17.0,46.0,-68.0,-125.0,-47.0,-94.0
-3.0,165.0,223.0,-26.0,27.0,-111.0,-229.0,-144.0,-60.0,-51.0
15.0,113.0,166.0,16.0,67.0,-217.0,-362.0,-299.0,-93.0,-19.0
31.0,-16.0,178.0,-25.0,-21.0,-73.0,-464.0,-236.0,-124.0,-1.0
60.0,-254.0,168.0,-64.0,37.0,7.0,-465.0,-367.0,-124.0,3.0
73.0,-275.0,210.0,-70.0,168.0,62.0,-386.0,-814.0,-121.0,-7.0
61.0,-462.0,248.0,-113.0,91.0,181.0,-166.0,-781.0,-105.0,-30.0
75.0,-481.0,245.0,-108.0,-72.0,313.0,104.0,-471.0,-82.0,-53.0
66.0,-241.0,276.0,-65.0,-56.0,238.0,274.0,-60.0,-57.0,-63.0
56.0,-66.0,271.0,27.0,-3.0,84.0,340.0,-46.0,-20.0,-52.0
60.0,-75.0,279.0,123.0,-45.0,123.0,348.0,-77.0,-2.0,-54.0
32.0,60.0,279.0,171.0,-114.0,188.0,318.0,206.0,10.0,-56.0
18.0,260.0,237.0,186.0,-170.0,108.0,245.0,195.0,20.0,-25.0
-30.0,107.0,236.0,188.0,-74.0,56.0,113.0,-7.0,26.0,-17.0
-70.0,139.0,201.0,164.0,-25.0,186.0,-67.0,-249.0,38.0,-26.0
-104.0,191.0,139.0,117.0,-115.0,83.0,-219.0,-242.0,55.0,-32.0
-159.0,178.0,163.0,103.0,-169.0,134.0,-364.0,-301.0,59.0,-29.0
-165.0,205.0,124.0,152.0,-101.0,135.0,-462.0,-506.0,56.0,-42.0
-165.0,102.0,80.0,196.0,-47.0,-17.0,-527.0,-471.0,77.0,-83.0
-149.0,-41.0,78.0,187.0,-126.0,177.0,-581.0,-373.0,76.0,-80.0
-159.0,-110.0,24.0,182.0,-62.0,184.0,-551.0,-275.0,81.0,-84.0
-162.0,-55.0,-8.0,155.0,-91.0,72.0,-442.0,-617.0,88.0,-104.0
-170.0,-82.0,-72.0,114.0,-4.0,85.0,-308.0,-914.0,104.0,-115.0
-193.0,80.0,-121.0,115.0,125.0,160.0,-255.0,-696.0,172.0,-119.0
-200.0,201.0,-154.0,119.0,-113.0,91.0,-236.0,-546.0,239.0,-121.0
-204.0,252.0,-215.0,108.0,-57.0,73.0,-244.0,-428.0,289.0,-155.0
-167.0,361.0,-227.0,85.0,101.0,318.0,-324.0,-218.0,308.0,-158.0
-133.0,372.0,-278.0,39.0,43.0,359.0,-454.0,203.0,314.0,-159.0
-118.0,280.0,-313.0,-22.0,-53.0,55.0,-534.0,395.0,305.0,-196.0
-114.0,-53.0,-258.0,-119.0,-39.0,-98.0,-493.0,40.0,314.0,-210.0
-99.0,-245.0,-258.0,-183.0,38.0,50.0,-347.0,-412.0,328.0,-202.0
-90.0,-588.0,-301.0,-234.0,25.0,-83.0,-179.0,-727.0,309.0,-195.0
-75.0,-937.0,-262.0,-273.0,66.0,-260.0,-26.0,-763.0,291.0,-213.0
-87.0,-928.0,-230.0,-266.0,-17.0,-277.0,230.0,-812.0,242.0,-202.0
-71.0,-946.0,-262.0,-256.0,8.0,-150.0,510.0,-463.0,180.0,-152.0
-44.0,-945.0,-264.0,-197.0,41.0,-95.0,691.0,192.0,111.0,-118.0
-49.0,-867.0,-252.0,-160.0,-102.0,-317.0,696.0,208.0,27.0,-91.0
-25.0,-488.0,-245.0,-195.0,7.0,-296.0,552.0,-53.0,-35.0,-60.0
-55.0,-148.0,-263.0,-226.0,130.0,-294.0,291.0,-267.0,-67.0,-33.0
-65.0,142.0,-229.0,-196.0,105.0,-233.0,-38.0,-229.0,-102.0,-24.0
-75.0,594.0,-178.0,-167.0,105.0,-139.0,-322.0,-262.0,-164.0,-18.0
-86.0,695.0,-233.0,-168.0,125.0,-183.0,-617.0,-397.0,-186.0,-24.0
-112.0,675.0,-217.0,-136.0,142.0,-110.0,-856.0,-142.0,-174.0,-44.0
-128.0,637.0,-191.0,-119.0,177.0,-178.0,-947.0,-79.0,-197.0,-58.0
-143.0,534.0,-162.0,-123.0,139.0,-239.0,-930.0,-448.0,-224.0,-65.0
-179.0,336.0,-113.0,-107.0,60.0,-253.0,-904.0,-820.0,-257.0,-58.0
-185.0,244.0,-111.0,-34.0,88.0,-127.0,-863.0,-788.0,-274.0,-75.0
-223.0,376.0,-26.0,31.0,103.0,64.0,-680.0,-667.0,-247.0,-97.0
-191.0,281.0,30.0,52.0,40.0,79.0,-391.0,-726.0,-212.0,-71.0
-165.0,184.0,54.0,66.0,6.0,42.0,-154.0,-947.0,-130.0,-48.0
-154.0,104.0,68.0,65.0,31.0,-64.0,61.0,-1140.0,-44.0,-71.0
-172.0,32.0,96.0,95.0,3.0,-150.0,328.0,-870.0,5.0,-109.0
-195.0,-40.0,97.0,134.0,1.0,-151.0,545.0,-543.0,60.0,-118.0
-193.0,109.0,14.0,155.0,-45.0,-72.0,660.0,-273.0,78.0,-129.0
-210.0,379.0,116.0,118.0,-79.0,-113.0,634.0,-40.0,79.0,-159.0
-220.0,431.0,164.0,51.0,61.0,-86.0,570.0,40.0,110.0,-155.0
-256.0,545.0,68.0,-26.0,35.0,81.0,485.0,-12.0,161.0,-140.0
-219.0,396.0,66.0,-53.0,-79.0,-18.0,307.0,-404.0,190.0,-139.0
-204.0,106.0,13.0,-1.0,-90.0,-129.0,80.0,-720.0,184.0,-158.0
-163.0,-135.0,0.0,-13.0,-13.0,-65.0,-188.0,-761.0,169.0,-194.0
-116.0,-72.0,15.0,-29.0,0.0,4.0,-416.0,-508.0,154.0,-236.0
-99.0,-32.0,31.0,-46.0,-137.0,13.0,-613.0,-103.0,133.0,-313.0
-99.0,-181.0,40.0,-93.0,-146.0,8.0,-793.0,38.0,84.0,-376.0
-125.0,-144.0,-68.0,-132.0,-141.0,55.0,-970.0,81.0,60.0,-402.0
-103.0,-168.0,-48.0,-181.0,-128.0,39.0,-1056.0,-197.0,63.0,-455.0
-108.0,2.0,37.0,-177.0,-134.0,-66.0,-991.0,-478.0,68.0,-515.0
-74.0,-25.0,16.0,-167.0,-115.0,-75.0,-860.0,-458.0,58.0,-535.0
-47.0,-36.0,35.0,-130.0,99.0,-121.0,-680.0,-399.0,4.0,-524.0
-4.0,35.0,25.0,-52.0,116.0,-127.0,-478.0,-194.0,-38.0,-524.0
0.0,-31.0,-22.0,-10.0,-6.0,79.0,-229.0,-271.0,-80.0,-529.0
-49.0,133.0,8.0,19.0,35.0,160.0,-3.0,-288.0,-112.0,-485.0
-86.0,219.0,45.0,10.0,169.0,115.0,121.0,-271.0,-113.0,-445.0
-115.0,217.0,36.0,-28.0,94.0,57.0,142.0,-436.0,-106.0,-431.0
-94.0,133.0,81.0,-48.0,-51.0,79.0,123.0,-264.0,-87.0,-429.0
-115.0,65.0,98.0,-36.0,-2.0,62.0,75.0,-177.0,-60.0,-446.0
-89.0,-127.0,58.0,-6.0,11.0,95.0,21.0,-262.0,-43.0,-473.0
-57.0,-236.0,80.0,54.0,124.0,95.0,-61.0,-681.0,-43.0,-520.0
-54.0,-139.0,70.0,88.0,73.0,-57.0,-193.0,-923.0,-40.0,-533.0
-74.0,-195.0,82.0,41.0,-57.0,85.0,-238.0,-696.0,-34.0,-529.0
-88.0,-192.0,77.0,-27.0,173.0,210.0,-235.0,-600.0,-29.0,-530.0
-49.0,-273.0,78.0,-130.0,140.0,298.0,-229.0,-397.0,-12.0,-482.0
-37.0,-97.0,126.0,-220.0,-61.0,344.0,-274.0,-421.0,15.0,-414.0
-25.0,90.0,96.0,-234.0,-25.0,375.0,-295.0,-412.0,41.0,-349.0
-41.0,17.0,119.0,-254.0,29.0,374.0,-193.0,-356.0,82.0,-315.0
-29.0,206.0,119.0,-296.0,125.0,117.0,-32.0,-522.0,77.0,-283.0
0.0,381.0,98.0,-313.0,88.0,130.0,23.0,-349.0,20.0,-218.0
-17.0,498.0,91.0,-296.0,-45.0,167.0,-32.0,-203.0,-20.0,-189.0
-13.0,467.0,80.0,-224.0,120.0,119.0,-10.0,-188.0,-77.0,-187.0
1.0,601.0,63.0,-205.0,298.0,78.0,49.0,-343.0,-110.0,-172.0
17.0,864.0,29.0,-204.0,37.0,10.0,75.0,-456.0,-117.0,-161.0
16.0,896.0,27.0,-154.0,-281.0,110.0,3.0,-225.0,-132.0,-171.0
-11.0,741.0,-1.0,-144.0,-221.0,208.0,-88.0,-96.0,-141.0,-152.0
-25.0,292.0,56.0,-90.0,-53.0,320.0,-146.0,-7.0,-155.0,-107.0
-25.0,59.0,76.0,10.0,-86.0,198.0,-176.0,-31.0,-184.0,-84.0
-26.0,-273.0,55.0,146.0,-183.0,96.0,-224.0,-151.0,-208.0,-22.0
-36.0,-681.0,62.0,247.0,-114.0,251.0,-342.0,-249.0,-224.0,70.0
-49.0,-802.0,22.0,273.0,87.0,210.0,-388.0,-356.0,-211.0,151.0
-85.0,-756.0,49.0,280.0,165.0,185.0,-358.0,-240.0,-124.0,209.0
-127.0,-649.0,55.0,237.0,-24.0,300.0,-285.0,3.0,-15.0,270.0
-131.0,-529.0,71.0,196.0,-92.0,390.0,-260.0,179.0,74.0,367.0
-112.0,-80.0,148.0,204.0,168.0,314.0,-276.0,18.0,100.0,457.0
-93.0,152.0,146.0,245.0,223.0,302.0,-268.0,-317.0,87.0,507.0
-107.0,431.0,130.0,266.0,-13.0,451.0,-253.0,-489.0,100.0,541.0
-115.0,721.0,118.0,264.0,-10.0,266.0,-253.0,-554.0,108.0,593.0
-104.0,543.0,48.0,212.0,176.0,129.0,-243.0,-530.0,112.0,630.0
-123.0,552.0,30.0,176.0,170.0,225.0,-163.0,-349.0,121.0,647.0
-141.0,594.0,5.0,187.0,6.0,300.0,-110.0,46.0,144.0,644.0
-137.0,323.0,-30.0,168.0,-143.0,321.0,-95.0,169.0,161.0,609.0
-130.0,-2.0,-51.0,147.0,-1.0,371.0,-182.0,103.0,147.0,540.0
-115.0,82.0,-88.0,134.0,165.0,511.0,-288.0,33.0,121.0,455.0
-98.0,44.0,-53.0,132.0,-125.0,294.0,-300.0,-3.0,77.0,383.0
-96.0,-192.0,-33.0,89.0,-280.0,150.0,-250.0,64.0,45.0,270.0
-111.0,5.0,-35.0,25.0,-118.0,233.0,-155.0,-262.0,18.0,143.0
-124.0,228.0,-57.0,16.0,-56.0,82.0,-97.0,-365.0,11.0,37.0
-124.0,403.0,-29.0,6.0,-30.0,64.0,-61.0,-197.0,33.0,-48.0
-114.0,601.0,-58.0,-40.0,-161.0,151.0,-67.0,-144.0,52.0,-124.0
-105.0,875.0,-96.0,-107.0,-230.0,191.0,-115.0,-99.0,60.0,-202.0
-127.0,1165.0,-26.0,-151.0,9.0,132.0,-238.0,-107.0,31.0,-229.0
-121.0,1453.0,-46.0,-181.0,-2.0,0.0,-360.0,242.0,11.0,-237.0
-82.0,1575.0,-1.0,-204.0,-213.0,70.0,-386.0,264.0,10.0,-249.0
-56.0,1513.0,-6.0,-166.0,-116.0,99.0,-348.0,-120.0,3.0,-243.0
-48.0,1584.0,-22.0,-115.0,43.0,86.0,-302.0,-391.0,-31.0,-213.0
-64.0,1425.0,12.0,-65.0,10.0,216.0,-303.0,-622.0,-80.0,-171.0
-34.0,989.0,-36.0,-58.0,-205.0,259.0,-258.0,-598.0,-88.0,-142.0
33.0,418.0,-19.0,-121.0,-299.0,200.0,-109.0,-726.0,-88.0,-116.0
64.0,-79.0,-28.0,-207.0,-64.0,132.0,67.0,-622.0,-85.0,-82.0
83.0,-640.0,-38.0,-298.0,94.0,71.0,186.0,-140.0,-90.0,-46.0
98.0,-1108.0,6.0,-366.0,-29.0,64.0,317.0,145.0,-99.0,-22.0
69.0,-1352.0,3.0,-384.0,-98.0,43.0,483.0,116.0,-81.0,-3.0
62.0,-1600.0,0.0,-328.0,145.0,-95.0,642.0,-232.0,-68.0,18.0
64.0,-1493.0,19.0,-269.0,200.0,-226.0,677.0,-72.0,-60.0,30.0
108.0,-1177.0,26.0,-267.0,12.0,-138.0,600.0,245.0,-40.0,45.0
174.0,-539.0,30.0,-244.0,-66.0,43.0,559.0,277.0,-20.0,69.0
187.0,65.0,1.0,-192.0,-149.0,75.0,540.0,463.0,12.0,67.0
186.0,648.0,-6.0,-188.0,-68.0,93.0,456.0,633.0,32.0,42.0
141.0,1056.0,-20.0,-170.0,-136.0,227.0,177.0,585.0,19.0,20.0
103.0,703.0,-26.0,-150.0,-274.0,228.0,-86.0,112.0,30.0,18.0
79.0,449.0,-14.0,-158.0,-60.0,201.0,-281.0,-116.0,61.0,14.0
95.0,130.0,-41.0,-193.0,81.0,179.0,-484.0,-118.0,86.0,-13.0
128.0,-515.0,-33.0,-255.0,29.0,10.0,-634.0,-219.0,78.0,-50.0
133.0,-1058.0,-70.0,-252.0,-141.0,-33.0,-770.0,-230.0,39.0,-85.0
141.0,-1374.0,-66.0,-214.0,-113.0,95.0,-830.0,-260.0,2.0,-98.0
136.0,-1580.0,-73.0,-141.0,40.0,286.0,-821.0,81.0,-22.0,-117.0
129.0,-1471.0,-111.0,-83.0,10.0,225.0,-793.0,181.0,-13.0,-136.0
68.0,-1196.0,-65.0,-38.0,-63.0,121.0,-774.0,-110.0,0.0,-127.0
20.0,-1026.0,-74.0,17.0,-72.0,291.0,-634.0,-84.0,1.0,-102.0
4.0,-550.0,-85.0,41.0,124.0,202.0,-325.0,291.0,-16.0,-71.0
-19.0,-183.0,-75.0,76.0,153.0,43.0,17.0,460.0,-61.0,-48.0
-18.0,-180.0,-100.0,93.0,-1.0,50.0,264.0,-14.0,-87.0,-33.0
-12.0,-405.0,-108.0,152.0,37.0,51.0,419.0,-181.0,-97.0,-31.0
-14.0,-440.0,-62.0,240.0,180.0,10.0,579.0,-112.0,-99.0,-28.0
-63.0,-441.0,-114.0,271.0,153.0,-33.0,684.0,-365.0,-86.0,-30.0
-102.0,-569.0,-112.0,269.0,-30.0,49.0,744.0,-633.0,-75.0,-51.0
-86.0,-589.0,-87.0,237.0,-97.0,-117.0,753.0,-473.0,-103.0,-78.0
-40.0,-996.0,-170.0,242.0,-154.0,-247.0,754.0,192.0,-154.0,-110.0
-8.0,-1224.0,-111.0,266.0,-244.0,-100.0,728.0,284.0,-176.0,-112.0
0.0,-998.0,-148.0,275.0,-421.0,-64.0,660.0,35.0,-188.0,-104.0
22.0,-716.0,-164.0,264.0,-540.0,2.0,511.0,134.0,-182.0,-134.0
15.0,-375.0,-144.0,221.0,-234.0,10.0,278.0,386.0,-170.0,-155.0
2.0,309.0,-153.0,190.0,57.0,-12.0,129.0,469.0,-203.0,-155.0
9.0,1432.0,-105.0,133.0,82.0,-36.0,24.0,194.0,-242.0,-140.0
39.0,2012.0,-135.0,81.0,191.0,-13.0,-46.0,378.0,-254.0,-131.0
33.0,2077.0,-83.0,51.0,462.0,39.0,-138.0,718.0,-248.0,-132.0
-28.0,2002.0,-124.0,42.0,592.0,-89.0,-175.0,450.0,-203.0,-94.0
-64.0,1552.0,-140.0,73.0,415.0,37.0,-124.0,33.0,-167.0,-49.0
-87.0,1012.0,-154.0,95.0,230.0,296.0,-66.0,72.0,-183.0,-7.0
-84.0,346.0,-104.0,125.0,219.0,310.0,5.0,436.0,-204.0,33.0
-122.0,-419.0,7.0,129.0,356.0,150.0,-10.0,286.0,-183.0,69.0
-144.0,-1087.0,-73.0,76.0,187.0,23.0,-54.0,134.0,-99.0,110.0
-159.0,-1605.0,-23.0,58.0,-243.0,75.0,-95.0,343.0,-8.0,165.0
-229.0,-1978.0,1.0,77.0,-197.0,97.0,-146.0,389.0,18.0,223.0
-245.0,-2237.0,14.0,79.0,-140.0,139.0,-239.0,88.0,27.0,251.0
-247.0,-2354.0,73.0,93.0,-540.0,187.0,-286.0,-339.0,36.0,259.0
-234.0,-2167.0,86.0,87.0,-813.0,300.0,-190.0,-192.0,63.0,268.0
-229.0,-1690.0,85.0,41.0,-667.0,400.0,-69.0,-57.0,93.0,270.0
-214.0,-1200.0,73.0,43.0,-390.0,234.0,-43.0,-253.0,86.0,260.0
-187.0,-610.0,120.0,93.0,-226.0,139.0,-45.0,-284.0,64.0,251.0
-177.0,141.0,125.0,117.0,-108.0,213.0,81.0,62.0,14.0,237.0
-151.0,943.0,126.0,111.0,212.0,254.0,229.0,532.0,-25.0,232.0
-98.0,1458.0,90.0,88.0,683.0,118.0,378.0,325.0,-77.0,235.0
-48.0,1688.0,5.0,31.0,740.0,28.0,478.0,112.0,-123.0,231.0
-37.0,1503.0,-6.0,-20.0,364.0,209.0,515.0,147.0,-100.0,228.0
6.0,848.0,-1.0,-75.0,232.0,203.0,567.0,44.0,-40.0,231.0
32.0,256.0,-2.0,-120.0,306.0,68.0,543.0,-181.0,15.0,252.0
21.0,-244.0,-43.0,-114.0,134.0,162.0,405.0,-349.0,35.0,259.0
8.0,-577.0,-130.0,-136.0,-166.0,249.0,210.0,-11.0,36.0,246.0
32.0,-746.0,-86.0,-125.0,-221.0,90.0,104.0,186.0,50.0,246.0
86.0,-705.0,-85.0,-62.0,-78.0,-33.0,98.0,210.0,73.0,235.0
109.0,-316.0,-125.0,-13.0,-156.0,101.0,74.0,371.0,96.0,209.0
131.0,50.0,-105.0,-3.0,-378.0,98.0,-38.0,574.0,118.0,181.0
164.0,296.0,-124.0,-27.0,-506.0,-7.0,-85.0,694.0,133.0,124.0
163.0,566.0,-132.0,-37.0,-377.0,93.0,21.0,528.0,156.0,71.0
121.0,862.0,-126.0,-83.0,-180.0,118.0,177.0,631.0,203.0,39.0
88.0,1151.0,-125.0,-131.0,-246.0,-36.0,252.0,626.0,216.0,0.0
57.0,1063.0,-155.0,-124.0,-133.0,-45.0,222.0,306.0,186.0,-37.0
57.0,659.0,-110.0,-76.0,255.0,57.0,223.0,223.0,156.0,-81.0
51.0,121.0,-96.0,-27.0,469.0,-58.0,261.0,325.0,155.0,-102.0
65.0,-952.0,-75.0,-55.0,373.0,-42.0,240.0,325.0,204.0,-118.0
68.0,-2197.0,-94.0,-102.0,216.0,148.0,132.0,-181.0,235.0,-146.0
28.0,-2924.0,-191.0,-65.0,276.0,-2.0,87.0,-460.0,235.0,-166.0
7.0,-3278.0,-155.0,-36.0,356.0,-54.0,46.0,-205.0,211.0,-177.0
-16.0,-3106.0,-200.0,-86.0,127.0,62.0,-6.0,77.0,165.0,-168.0
-58.0,-2103.0,-243.0,-147.0,-80.0,45.0,-42.0,371.0,140.0,-169.0
-97.0,-825.0,-217.0,-162.0,-24.0,47.0,-99.0,563.0,118.0,-163.0
-71.0,570.0,-266.0,-154.0,-9.0,67.0,-1.0,811.0,114.0,-158.0
-61.0,1945.0,-254.0,-151.0,-19.0,177.0,236.0,641.0,112.0,-177.0
-55.0,2842.0,-250.0,-129.0,-103.0,47.0,448.0,288.0,94.0,-175.0
-62.0,3087.0,-275.0,-125.0,-147.0,-52.0,459.0,319.0,60.0,-185.0
-85.0,3050.0,-227.0,-96.0,153.0,40.0,384.0,347.0,-8.0,-196.0
-105.0,2724.0,-175.0,-64.0,285.0,-50.0,350.0,291.0,-40.0,-187.0
-142.0,1781.0,-116.0,-27.0,67.0,-23.0,280.0,131.0,-25.0,-175.0
-143.0,862.0,-67.0,38.0,48.0,-177.0,136.0,585.0,-19.0,-179.0
-146.0,60.0,-70.0,-11.0,52.0,-299.0,-62.0,1075.0,-4.0,-196.0
-111.0,-731.0,-78.0,-93.0,-109.0,-91.0,-133.0,848.0,22.0,-215.0
-80.0,-1512.0,-65.0,-130.0,-138.0,-83.0,-107.0,535.0,45.0,-243.0
-37.0,-1812.0,-85.0,-144.0,-13.0,-102.0,-40.0,256.0,112.0,-260.0
-27.0,-1525.0,-44.0,-125.0,254.0,-74.0,25.0,291.0,181.0,-264.0
-48.0,-1228.0,3.0,-62.0,366.0,-11.0,84.0,267.0,217.0,-248.0
-31.0,-900.0,21.0,12.0,171.0,-12.0,221.0,376.0,260.0,-259.0
-34.0,-697.0,108.0,51.0,33.0,-183.0,356.0,735.0,293.0,-272.0
-5.0,-597.0,108.0,129.0,68.0,-97.0,388.0,535.0,321.0,-235.0
17.0,-728.0,123.0,186.0,210.0,128.0,349.0,136.0,317.0,-226.0
60.0,-643.0,127.0,167.0,276.0,258.0,325.0,99.0,289.0,-228.0
103.0,-274.0,167.0,106.0,233.0,210.0,342.0,410.0,292.0,-198.0
115.0,106.0,211.0,32.0,322.0,91.0,306.0,404.0,289.0,-150.0
94.0,739.0,174.0,-5.0,358.0,156.0,124.0,303.0,264.0,-112.0
60.0,1328.0,178.0,-10.0,112.0,116.0,-48.0,554.0,213.0,-80.0
85.0,1875.0,146.0,-27.0,-148.0,88.0,-194.0,511.0,154.0,-43.0
109.0,1905.0,155.0,-85.0,-337.0,137.0,-343.0,199.0,121.0,-18.0
129.0,1616.0,110.0,-152.0,-531.0,33.0,-501.0,35.0,99.0,7.0
136.0,1317.0,110.0,-174.0,-716.0,64.0,-687.0,201.0,98.0,45.0
142.0,940.0,113.0,-162.0,-868.0,93.0,-779.0,105.0,95.0,79.0
156.0,794.0,109.0,-174.0,-671.0,-44.0,-761.0,-238.0,36.0,97.0
132.0,293.0,150.0,-211.0,-357.0,-68.0,-626.0,-79.0,-38.0,105.0
88.0,-175.0,59.0,-233.0,-398.0,11.0,-460.0,376.0,-61.0,119.0
72.0,-577.0,38.0,-186.0,-345.0,129.0,-241.0,788.0,-46.0,125.0
72.0,-1105.0,8.0,-118.0,29.0,192.0,94.0,727.0,-22.0,106.0
81.0,-1352.0,-3.0,-76.0,507.0,198.0,420.0,798.0,-31.0,81.0
82.0,-1640.0,60.0,3.0,859.0,250.0,621.0,946.0,-79.0,63.0
54.0,-1359.0,38.0,84.0,853.0,285.0,727.0,404.0,-122.0,42.0
49.0,-355.0,0.0,84.0,780.0,377.0,814.0,-25.0,-153.0,28.0
61.0,768.0,48.0,55.0,839.0,351.0,901.0,-53.0,-167.0,7.0
61.0,1620.0,80.0,58.0,568.0,217.0,950.0,234.0,-160.0,-17.0
32.0,2145.0,68.0,51.0,3.0,289.0,817.0,164.0,-133.0,-53.0
3.0,2099.0,140.0,31.0,-293.0,396.0,639.0,-160.0,-115.0,-76.0
-3.0,997.0,130.0,-8.0,-496.0,342.0,517.0,49.0,-115.0,-68.0
-8.0,-523.0,111.0,21.0,-673.0,287.0,433.0,121.0,-127.0,-77.0
-15.0,-2271.0,232.0,87.0,-593.0,335.0,313.0,77.0,-145.0,-76.0
-38.0,-3707.0,286.0,111.0,-289.0,198.0,102.0,109.0,-117.0,-51.0
-48.0,-4275.0,315.0,87.0,203.0,100.0,-40.0,341.0,-75.0,0.0
-48.0,-4187.0,354.0,44.0,502.0,235.0,-116.0,628.0,-48.0,62.0
-24.0,-2882.0,352.0,76.0,272.0,148.0,-126.0,642.0,-41.0,112.0
23.0,-367.0,305.0,98.0,-44.0,22.0,-186.0,840.0,-33.0,177.0
52.0,2146.0,275.0,124.0,-57.0,175.0,-264.0,1067.0,0.0,239.0
68.0,3791.0,265.0,138.0,-119.0,303.0,-277.0,1079.0,1.0,289.0
84.0,4641.0,216.0,102.0,-247.0,137.0,-287.0,774.0,32.0,323.0
95.0,4304.0,247.0,84.0,-159.0,20.0,-327.0,578.0,77.0,361.0
116.0,3384.0,235.0,71.0,141.0,161.0,-426.0,646.0,92.0,419.0
123.0,2494.0,214.0,69.0,338.0,231.0,-416.0,513.0,121.0,464.0
120.0,901.0,195.0,88.0,154.0,149.0,-291.0,410.0,110.0,493.0
137.0,-862.0,159.0,81.0,-120.0,89.0,-121.0,190.0,74.0,504.0
135.0,-2056.0,128.0,58.0,-179.0,187.0,68.0,27.0,72.0,493.0
123.0,-2736.0,90.0,52.0,27.0,201.0,284.0,51.0,122.0,467.0
121.0,-3036.0,104.0,38.0,261.0,175.0,521.0,206.0,167.0,422.0
119.0,-2482.0,103.0,57.0,543.0,193.0,705.0,539.0,162.0,361.0
116.0,-1366.0,143.0,106.0,984.0,34.0,774.0,515.0,155.0,306.0
118.0,-194.0,155.0,98.0,1137.0,-16.0,773.0,521.0,168.0,256.0
143.0,954.0,217.0,60.0,878.0,-41.0,770.0,419.0,162.0,228.0
185.0,1714.0,232.0,79.0,387.0,-36.0,737.0,179.0,139.0,230.0
199.0,2296.0,196.0,67.0,-179.0,-28.0,610.0,393.0,119.0,240.0
179.0,2332.0,260.0,16.0,-507.0,-54.0,305.0,565.0,98.0,269.0
154.0,1871.0,205.0,-20.0,-635.0,-18.0,-32.0,622.0,118.0,321.0
113.0,910.0,148.0,-39.0,-718.0,-208.0,-264.0,556.0,113.0,367.0
68.0,-497.0,179.0,-2.0,-481.0,-28.0,-346.0,833.0,82.0,373.0
52.0,-1610.0,192.0,41.0,-101.0,152.0,-363.0,1116.0,43.0,347.0
66.0,-2366.0,195.0,127.0,-76.0,22.0,-336.0,572.0,-38.0,321.0
98.0,-2595.0,167.0,190.0,-354.0,164.0,-174.0,242.0,-96.0,275.0
132.0,-2298.0,89.0,203.0,-740.0,284.0,9.0,509.0,-167.0,205.0
156.0,-1629.0,65.0,231.0,-962.0,346.0,105.0,716.0,-240.0,126.0
161.0,-1003.0,14.0,225.0,-987.0,179.0,31.0,277.0,-262.0,41.0
126.0,-466.0,-54.0,269.0,-907.0,83.0,-89.0,197.0,-267.0,-45.0
86.0,-35.0,-36.0,341.0,-464.0,-10.0,-127.0,561.0,-270.0,-154.0
85.0,-106.0,-103.0,356.0,124.0,-182.0,-51.0,48.0,-251.0,-251.0
93.0,-187.0,-134.0,356.0,460.0,-51.0,21.0,-282.0,-216.0,-337.0
70.0,-279.0,-140.0,370.0,588.0,-144.0,67.0,260.0,-143.0,-411.0
61.0,-618.0,-187.0,394.0,702.0,-223.0,257.0,1031.0,-34.0,-421.0
73.0,-669.0,-183.0,346.0,892.0,-41.0,451.0,1128.0,56.0,-397.0
61.0,-83.0,-204.0,250.0,1012.0,41.0,527.0,1128.0,127.0,-356.0
38.0,912.0,-183.0,171.0,925.0,-106.0,463.0,1478.0,147.0,-327.0
0.0,2075.0,-147.0,96.0,644.0,-205.0,375.0,742.0,124.0,-293.0
-6.0,3115.0,-129.0,63.0,424.0,-131.0,339.0,-399.0,76.0,-244.0
-17.0,3573.0,-83.0,83.0,115.0,-178.0,280.0,-729.0,17.0,-228.0
-32.0,3617.0,-52.0,109.0,-497.0,-219.0,158.0,-219.0,-17.0,-202.0
-14.0,3275.0,-31.0,140.0,-1048.0,-99.0,5.0,33.0,-38.0,-169.0
22.0,2429.0,28.0,157.0,-1450.0,22.0,-26.0,-177.0,-56.0,-117.0
45.0,1096.0,44.0,194.0,-1569.0,-35.0,65.0,260.0,-63.0,-57.0
32.0,-587.0,88.0,256.0,-1463.0,-151.0,157.0,491.0,-43.0,18.0
59.0,-2171.0,198.0,275.0,-1401.0,-187.0,170.0,238.0,-23.0,120.0
72.0,-3525.0,135.0,278.0,-957.0,-263.0,207.0,195.0,-40.0,186.0
83.0,-3859.0,101.0,244.0,-203.0,-321.0,296.0,774.0,-90.0,269.0
91.0,-3044.0,93.0,203.0,199.0,-198.0,380.0,1280.0,-109.0,345.0
84.0,-1705.0,88.0,190.0,413.0,-64.0,348.0,752.0,-63.0,390.0
94.0,21.0,158.0,218.0,885.0,-14.0,174.0,351.0,5.0,415.0
82.0,1851.0,138.0,214.0,1350.0,-116.0,-1.0,273.0,80.0,415.0
95.0,3302.0,200.0,143.0,1519.0,-256.0,-130.0,73.0,154.0,426.0
100.0,3536.0,247.0,84.0,1508.0,-323.0,-205.0,249.0,232.0,401.0
109.0,2927.0,224.0,3.0,1331.0,-352.0,-354.0,748.0,294.0,361.0
128.0,1910.0,193.0,-44.0,1010.0,-210.0,-469.0,768.0,313.0,352.0
93.0,626.0,144.0,-75.0,579.0,-240.0,-469.0,267.0,299.0,360.0
34.0,-640.0,115.0,-103.0,-49.0,-226.0,-395.0,310.0,279.0,376.0
0.0,-1665.0,39.0,-96.0,-661.0,-201.0,-289.0,493.0,248.0,393.0
-25.0,-1881.0,15.0,-75.0,-875.0,-311.0,-182.0,290.0,202.0,393.0
-46.0,-1617.0,56.0,-55.0,-933.0,-160.0,49.0,190.0,148.0,377.0
-46.0,-815.0,74.0,-58.0,-1013.0,-96.0,339.0,325.0,122.0,360.0
-56.0,88.0,22.0,-59.0,-797.0,-174.0,609.0,410.0,128.0,340.0
-53.0,841.0,-30.0,-20.0,-287.0,-219.0,741.0,162.0,127.0,320.0
-34.0,1905.0,-38.0,45.0,185.0,-97.0,759.0,-1.0,110.0,302.0
-11.0,2599.0,-68.0,30.0,359.0,-47.0,736.0,-201.0,59.0,319.0
23.0,2354.0,-94.0,55.0,223.0,-289.0,687.0,-521.0,9.0,352.0
72.0,1190.0,-90.0,144.0,22.0,-290.0,564.0,-448.0,-29.0,377.0
114.0,-357.0,-85.0,166.0,-17.0,-79.0,317.0,-232.0,-64.0,414.0
174.0,-1967.0,-58.0,180.0,23.0,-80.0,128.0,-68.0,-67.0,454.0
220.0,-3117.0,-21.0,223.0,218.0,-161.0,26.0,62.0,-55.0,520.0
263.0,-3322.0,1.0,290.0,778.0,-135.0,-37.0,277.0,-46.0,599.0
284.0,-2887.0,19.0,345.0,1370.0,-154.0,-129.0,694.0,-43.0,643.0
227.0,-2302.0,6.0,358.0,1324.0,-21.0,-211.0,748.0,-65.0,666.0
176.0,-1496.0,21.0,327.0,866.0,125.0,-221.0,460.0,-95.0,681.0
153.0,-555.0,3.0,241.0,408.0,-57.0,-182.0,223.0,-123.0,662.0
167.0,175.0,4.0,134.0,-16.0,-146.0,-164.0,-328.0,-139.0,573.0
146.0,974.0,16.0,69.0,-193.0,-11.0,-224.0,-1091.0,-113.0,426.0
148.0,1308.0,-53.0,86.0,-323.0,89.0,-216.0,-1090.0,-85.0,268.0
161.0,1503.0,-62.0,97.0,-201.0,-126.0,-115.0,-397.0,-62.0,103.0
145.0,1996.0,-119.0,96.0,115.0,-262.0,59.0,153.0,-46.0,-44.0
154.0,2187.0,-135.0,166.0,66.0,-106.0,258.0,683.0,-16.0,-149.0
152.0,1691.0,-129.0,176.0,-111.0,-141.0,443.0,970.0,41.0,-185.0
218.0,589.0,-175.0,124.0,33.0,-158.0,640.0,925.0,94.0,-153.0
254.0,-229.0,-123.0,80.0,122.0,-250.0,758.0,528.0,127.0,-69.0
256.0,-1196.0,-131.0,76.0,-11.0,-371.0,679.0,157.0,139.0,55.0
252.0,-2155.0,-132.0,89.0,93.0,-306.0,426.0,591.0,140.0,167.0
232.0,-2390.0,-105.0,87.0,52.0,-223.0,185.0,753.0,132.0,253.0
221.0,-2246.0,-96.0,149.0,-99.0,-207.0,29.0,229.0,127.0,305.0
197.0,-1555.0,-70.0,158.0,-161.0,-187.0,-67.0,-197.0,100.0,335.0
204.0,-556.0,-53.0,83.0,-516.0,2.0,-183.0,-68.0,91.0,355.0
219.0,229.0,-21.0,34.0,-744.0,-36.0,-263.0,-70.0,122.0,329.0
246.0,826.0,15.0,31.0,-459.0,-338.0,-205.0,-495.0,130.0,290.0
239.0,1462.0,79.0,-10.0,-275.0,-429.0,-32.0,-120.0,122.0,263.0
185.0,1810.0,122.0,-73.0,-190.0,-136.0,164.0,354.0,83.0,223.0
95.0,1453.0,132.0,-62.0,-65.0,37.0,324.0,175.0,68.0,193.0
25.0,857.0,160.0,-41.0,-213.0,-83.0,494.0,332.0,111.0,172.0
-23.0,227.0,187.0,-3.0,-62.0,-35.0,620.0,942.0,166.0,174.0
-39.0,-574.0,191.0,13.0,-59.0,55.0,679.0,702.0,200.0,225.0
-34.0,-1025.0,208.0,48.0,-370.0,29.0,627.0,-145.0,189.0,263.0
-59.0,-1115.0,204.0,73.0,-173.0,3.0,481.0,-44.0,171.0,292.0
-62.0,-1051.0,211.0,-3.0,107.0,-62.0,383.0,-48.0,167.0,297.0
-94.0,-909.0,218.0,-98.0,82.0,-133.0,324.0,-463.0,168.0,274.0
-125.0,-606.0,228.0,-155.0,175.0,-73.0,213.0,-1.0,147.0,258.0
-169.0,216.0,266.0,-151.0,583.0,-65.0,98.0,288.0,74.0,205.0
-168.0,1009.0,243.0,-114.0,710.0,-174.0,83.0,-328.0,-40.0,123.0
-124.0,1457.0,275.0,-80.0,544.0,-310.0,163.0,-541.0,-141.0,24.0
-54.0,1731.0,251.0,-34.0,243.0,-302.0,264.0,20.0,-201.0,-99.0
38.0,1667.0,182.0,67.0,-112.0,-346.0,275.0,-116.0,-211.0,-222.0
84.0,1142.0,208.0,179.0,-182.0,-325.0,222.0,-713.0,-157.0,-329.0
113.0,812.0,114.0,238.0,-193.0,-35.0,219.0,-236.0,-42.0,-386.0
126.0,716.0,74.0,167.0,-342.0,-77.0,294.0,38.0,97.0,-377.0
146.0,621.0,90.0,21.0,-417.0,-208.0,311.0,-397.0,212.0,-306.0
155.0,663.0,2.0,-117.0,-58.0,-189.0,237.0,-144.0,298.0,-172.0
226.0,347.0,45.0,-293.0,192.0,-169.0,178.0,432.0,345.0,-41.0
281.0,-261.0,46.0,-401.0,79.0,-283.0,162.0,238.0,373.0,75.0
296.0,-1041.0,-15.0,-358.0,95.0,-315.0,194.0,-12.0,391.0,178.0
301.0,-1754.0,3.0,-273.0,-4.0,-16.0,221.0,473.0,416.0,231.0
271.0,-2230.0,-55.0,-165.0,-280.0,50.0,292.0,173.0,456.0,295.0
231.0,-2062.0,-106.0,-5.0,-510.0,-113.0,422.0,-495.0,454.0,352.0
185.0,-1353.0,-91.0,79.0,-647.0,-138.0,581.0,-279.0,384.0,377.0
183.0,-435.0,-108.0,109.0,-456.0,-33.0,646.0,-68.0,279.0,405.0
166.0,661.0,-132.0,145.0,-71.0,-102.0,606.0,-363.0,173.0,421.0
166.0,1297.0,-127.0,211.0,-46.0,-169.0,583.0,-508.0,57.0,416.0
139.0,1924.0,-200.0,266.0,-32.0,-179.0,558.0,-86.0,-74.0,362.0
106.0,2026.0,-211.0,217.0,257.0,-244.0,550.0,-127.0,-201.0,296.0
54.0,1499.0,-189.0,137.0,364.0,-63.0,458.0,112.0,-281.0,240.0
33.0,967.0,-235.0,183.0,449.0,21.0,317.0,550.0,-302.0,180.0
53.0,157.0,-154.0,313.0,591.0,-154.0,222.0,51.0,-294.0,144.0
43.0,-692.0,-181.0,328.0,769.0,-365.0,203.0,70.0,-228.0,127.0
47.0,-1664.0,-97.0,290.0,924.0,-340.0,188.0,351.0,-118.0,143.0
0.0,-2223.0,70.0,313.0,662.0,-140.0,97.0,101.0,-16.0,156.0
-12.0,-1974.0,5.0,289.0,-86.0,-118.0,37.0,-118.0,64.0,155.0
-48.0,-1154.0,47.0,134.0,-922.0,4.0,31.0,223.0,101.0,163.0
-82.0,-168.0,16.0,77.0,-1379.0,51.0,32.0,352.0,54.0,168.0
-93.0,678.0,-14.0,96.0,-1725.0,-119.0,-56.0,-303.0,3.0,157.0
-98.0,1513.0,45.0,68.0,-1872.0,-95.0,-122.0,-277.0,16.0,132.0
-66.0,2171.0,52.0,69.0,-1372.0,-29.0,-82.0,-199.0,35.0,103.0
-69.0,1932.0,96.0,125.0,-636.0,-32.0,21.0,-522.0,19.0,46.0
-63.0,1027.0,83.0,249.0,-33.0,-191.0,143.0,-84.0,-60.0,-25.0
-87.0,189.0,83.0,331.0,326.0,-375.0,213.0,465.0,-191.0,-99.0
-96.0,-1050.0,55.0,311.0,420.0,-322.0,304.0,79.0,-306.0,-166.0
-130.0,-1947.0,70.0,185.0,541.0,-243.0,432.0,-415.0,-360.0,-243.0
-165.0,-2164.0,88.0,51.0,745.0,-184.0,523.0,118.0,-384.0,-310.0
-153.0,-2062.0,34.0,1.0,712.0,-120.0,459.0,254.0,-355.0,-324.0
-130.0,-1667.0,90.0,48.0,636.0,-124.0,382.0,42.0,-276.0,-314.0
-83.0,-1064.0,61.0,142.0,741.0,-201.0,431.0,192.0,-205.0,-289.0
-53.0,-44.0,63.0,162.0,664.0,-233.0,485.0,-347.0,-119.0,-236.0
-44.0,546.0,102.0,151.0,378.0,-268.0,463.0,-646.0,-37.0,-151.0
-63.0,927.0,61.0,127.0,252.0,-182.0,381.0,-291.0,37.0,-44.0
-55.0,1074.0,132.0,124.0,134.0,-56.0,350.0,-36.0,110.0,44.0
-46.0,820.0,118.0,136.0,154.0,-45.0,378.0,81.0,164.0,82.0
-20.0,681.0,59.0,112.0,427.0,32.0,392.0,391.0,180.0,84.0
12.0,93.0,92.0,70.0,346.0,54.0,339.0,609.0,161.0,46.0
13.0,-729.0,53.0,-2.0,301.0,-27.0,233.0,24.0,161.0,-16.0
15.0,-1425.0,25.0,-79.0,498.0,-205.0,153.0,-417.0,141.0,-78.0
7.0,-1676.0,55.0,-139.0,378.0,-42.0,132.0,-469.0,112.0,-142.0
0.0,-1594.0,56.0,-189.0,26.0,143.0,80.0,-670.0,102.0,-195.0
0.0,-1414.0,71.0,-251.0,-68.0,-55.0,-45.0,-570.0,80.0,-246.0
11.0,-689.0,110.0,-294.0,50.0,10.0,-174.0,-158.0,68.0,-292.0
8.0,417.0,116.0,-317.0,17.0,202.0,-260.0,11.0,60.0,-331.0
-11.0,1563.0,90.0,-279.0,121.0,160.0,-272.0,-14.0,75.0,-341.0
-53.0,2500.0,121.0,-196.0,253.0,-121.0,-262.0,175.0,95.0,-299.0
-69.0,3063.0,85.0,-104.0,422.0,-126.0,-251.0,114.0,112.0,-220.0
-61.0,2995.0,74.0,9.0,577.0,-14.0,-216.0,-20.0,122.0,-123.0
-64.0,2481.0,189.0,20.0,383.0,-231.0,-162.0,77.0,106.0,-4.0
-35.0,1671.0,155.0,-38.0,309.0,-188.0,-142.0,51.0,61.0,150.0
-21.0,439.0,215.0,-103.0,441.0,-14.0,-161.0,116.0,-16.0,318.0
-7.0,-441.0,261.0,-227.0,338.0,-41.0,-153.0,9.0,-50.0,512.0
-27.0,-788.0,252.0,-237.0,76.0,-141.0,-102.0,-177.0,-66.0,699.0
-53.0,-1118.0,342.0,-137.0,-129.0,-122.0,5.0,-230.0,-105.0,838.0
-50.0,-1222.0,248.0,-96.0,-453.0,-15.0,87.0,-391.0,-137.0,930.0
-52.0,-701.0,221.0,-79.0,-706.0,-2.0,94.0,-402.0,-164.0,943.0
-47.0,-81.0,283.0,-43.0,-956.0,-126.0,162.0,-297.0,-190.0,869.0
-55.0,485.0,250.0,-20.0,-1236.0,-356.0,333.0,-216.0,-224.0,731.0
-51.0,1344.0,227.0,-35.0,-1136.0,-405.0,464.0,-66.0,-243.0,559.0
-89.0,1776.0,153.0,-121.0,-927.0,-248.0,529.0,406.0,-232.0,364.0
-117.0,1482.0,108.0,-218.0,-823.0,-361.0,549.0,594.0,-150.0,175.0
-142.0,653.0,124.0,-244.0,-784.0,-625.0,553.0,262.0,-54.0,6.0
-191.0,-501.0,33.0,-225.0,-659.0,-561.0,525.0,190.0,13.0,-131.0
-183.0,-1515.0,37.0,-116.0,-509.0,-322.0,394.0,-452.0,22.0,-231.0
-162.0,-1940.0,51.0,-13.0,-579.0,-181.0,212.0,-1492.0,-43.0,-254.0
-121.0,-1861.0,-12.0,-13.0,-493.0,-317.0,1.0,-1583.0,-102.0,-194.0
-92.0,-1607.0,43.0,-47.0,-145.0,-317.0,-164.0,-1138.0,-174.0,-112.0
-88.0,-869.0,50.0,-65.0,318.0,-213.0,-328.0,-687.0,-220.0,4.0
-76.0,-159.0,43.0,10.0,672.0,-300.0,-509.0,42.0,-219.0,110.0
-29.0,152.0,64.0,114.0,739.0,-287.0,-619.0,448.0,-198.0,141.0
26.0,261.0,49.0,226.0,969.0,-406.0,-651.0,-284.0,-164.0,95.0
84.0,50.0,27.0,234.0,1174.0,-505.0,-599.0,-282.0,-147.0,-59.0
137.0,-296.0,41.0,133.0,906.0,-501.0,-577.0,661.0,-163.0,-296.0
187.0,-902.0,27.0,38.0,415.0,-465.0,-575.0,615.0,-217.0,-588.0
208.0,-1541.0,-44.0,-115.0,107.0,-293.0,-568.0,399.0,-263.0,-917.0
168.0,-1986.0,-83.0,-222.0,-221.0,-300.0,-550.0,145.0,-295.0,-1182.0
158.0,-2173.0,-117.0,-250.0,-706.0,-298.0,-529.0,-622.0,-263.0,-1376.0
159.0,-1998.0,-142.0,-222.0,-1000.0,-269.0,-555.0,-966.0,-209.0,-1523.0
200.0,-1579.0,-111.0,-120.0,-1237.0,-334.0,-514.0,-631.0,-169.0,-1526.0
233.0,-765.0,-76.0,-36.0,-944.0,-331.0,-381.0,-376.0,-105.0,-1394.0
223.0,-69.0,-92.0,-36.0,-307.0,-462.0,-228.0,-400.0,-24.0,-1182.0
185.0,570.0,-117.0,-58.0,-166.0,-459.0,-154.0,-221.0,73.0,-901.0
134.0,1478.0,-105.0,-68.0,-41.0,-248.0,-109.0,-199.0,129.0,-572.0
115.0,2028.0,-68.0,-69.0,273.0,-202.0,29.0,-24.0,120.0,-214.0
67.0,2084.0,-26.0,-79.0,490.0,-176.0,224.0,497.0,60.0,102.0
74.0,1827.0,17.0,-138.0,485.0,-90.0,391.0,375.0,-18.0,369.0
71.0,1304.0,35.0,-223.0,428.0,14.0,414.0,-109.0,-73.0,557.0
57.0,406.0,103.0,-349.0,772.0,10.0,314.0,-151.0,-102.0,620.0
40.0,-409.0,104.0,-413.0,1216.0,-196.0,221.0,97.0,-118.0,552.0
15.0,-1080.0,90.0,-364.0,1229.0,-249.0,109.0,140.0,-141.0,409.0
6.0,-1760.0,119.0,-294.0,1041.0,-175.0,-62.0,149.0,-125.0,241.0
-28.0,-1953.0,68.0,-231.0,795.0,-216.0,-223.0,-109.0,-62.0,64.0
-37.0,-1535.0,129.0,-197.0,401.0,-229.0,-304.0,-635.0,34.0,-71.0
-55.0,-855.0,141.0,-196.0,-158.0,-198.0,-288.0,-801.0,163.0,-113.0
-51.0,-357.0,111.0,-221.0,-745.0,-106.0,-274.0,-940.0,276.0,-50.0
-65.0,255.0,164.0,-232.0,-1016.0,-81.0,-275.0,-447.0,397.0,34.0
-84.0,720.0,123.0,-250.0,-895.0,-156.0,-287.0,234.0,478.0,127.0
-111.0,839.0,96.0,-238.0,-751.0,-148.0,-315.0,-44.0,487.0,242.0
-144.0,789.0,118.0,-167.0,-788.0,-149.0,-304.0,-376.0,421.0,373.0
-162.0,603.0,83.0,-32.0,-649.0,-135.0,-314.0,-670.0,264.0,514.0
-188.0,560.0,28.0,125.0,-276.0,-138.0,-313.0,-790.0,70.0,658.0
-175.0,415.0,-1.0,160.0,176.0,-258.0,-281.0,-570.0,-148.0,804.0
-192.0,352.0,-10.0,120.0,602.0,-197.0,-206.0,-218.0,-336.0,888.0
-205.0,344.0,41.0,51.0,945.0,-78.0,-104.0,236.0,-477.0,856.0
-243.0,614.0,43.0,-27.0,1265.0,-93.0,-118.0,188.0,-606.0,717.0
-267.0,1059.0,10.0,-59.0,1419.0,-141.0,-201.0,-282.0,-719.0,505.0
-291.0,1250.0,11.0,-111.0,1060.0,-154.0,-232.0,-903.0,-770.0,234.0
-297.0,1518.0,-13.0,-185.0,380.0,112.0,-243.0,-731.0,-770.0,-24.0
-256.0,1477.0,46.0,-221.0,-52.0,266.0,-352.0,256.0,-762.0,-202.0
-246.0,1191.0,123.0,-211.0,-410.0,223.0,-567.0,864.0,-703.0,-315.0
-220.0,920.0,151.0,-169.0,-805.0,91.0,-752.0,846.0,-558.0,-385.0
-235.0,676.0,196.0,-155.0,-1030.0,56.0,-774.0,38.0,-326.0,-418.0
-223.0,362.0,194.0,-117.0,-929.0,182.0,-712.0,-491.0,-88.0,-401.0
-184.0,-103.0,174.0,3.0,-665.0,42.0,-666.0,-258.0,91.0,-333.0
-138.0,-445.0,176.0,50.0,-543.0,-54.0,-557.0,-208.0,207.0,-218.0
-74.0,-635.0,157.0,51.0,-458.0,-54.0,-338.0,-162.0,251.0,-25.0
17.0,-394.0,119.0,21.0,-304.0,68.0,-129.0,118.0,238.0,213.0
125.0,-134.0,119.0,-79.0,-112.0,70.0,0.0,-57.0,185.0,399.0
184.0,-294.0,66.0,-126.0,15.0,97.0,108.0,-506.0,126.0,471.0
227.0,-607.0,46.0,-128.0,-77.0,198.0,199.0,-354.0,96.0,407.0
213.0,-955.0,72.0,-95.0,-256.0,64.0,296.0,-314.0,92.0,198.0
211.0,-1184.0,29.0,-124.0,-157.0,127.0,310.0,-125.0,112.0,-137.0
219.0,-1047.0,97.0,-167.0,-52.0,85.0,229.0,273.0,139.0,-533.0
220.0,-290.0,112.0,-188.0,-81.0,106.0,85.0,-301.0,133.0,-902.0
202.0,571.0,23.0,-208.0,21.0,263.0,-98.0,-286.0,129.0,-1208.0
185.0,1272.0,26.0,-159.0,380.0,327.0,-264.0,166.0,138.0,-1433.0
195.0,1865.0,-8.0,-122.0,674.0,290.0,-493.0,-332.0,142.0,-1504.0
194.0,2018.0,-45.0,-79.0,537.0,226.0,-692.0,-585.0,134.0,-1391.0
226.0,1583.0,19.0,-92.0,421.0,361.0,-762.0,-550.0,118.0,-1171.0
246.0,739.0,35.0,-141.0,197.0,204.0,-696.0,-848.0,117.0,-865.0
295.0,-114.0,41.0,-171.0,-168.0,79.0,-616.0,-894.0,119.0,-456.0
346.0,-912.0,90.0,-193.0,-324.0,157.0,-551.0,-587.0,114.0,-45.0
343.0,-1390.0,100.0,-160.0,-396.0,29.0,-436.0,-683.0,63.0,275.0
313.0,-1651.0,98.0,-99.0,-299.0,-38.0,-295.0,-679.0,6.0,520.0
262.0,-1924.0,107.0,-51.0,-32.0,-30.0,-120.0,-539.0,-9.0,698.0
236.0,-1886.0,116.0,-26.0,98.0,-24.0,-42.0,-883.0,-40.0,753.0
204.0,-1765.0,79.0,-54.0,23.0,-62.0,-23.0,-705.0,-80.0,702.0
165.0,-1876.0,116.0,-153.0,62.0,-129.0,24.0,-81.0,-133.0,602.0
143.0,-1745.0,119.0,-229.0,56.0,-164.0,87.0,327.0,-190.0,458.0
121.0,-889.0,99.0,-236.0,79.0,-146.0,16.0,308.0,-252.0,295.0
59.0,257.0,134.0,-208.0,219.0,120.0,-194.0,-68.0,-310.0,149.0
-39.0,1524.0,48.0,-179.0,198.0,373.0,-381.0,-358.0,-330.0,45.0
-144.0,2760.0,20.0,-55.0,335.0,309.0,-479.0,-596.0,-364.0,-42.0
-176.0,3485.0,-37.0,103.0,419.0,172.0,-485.0,-748.0,-362.0,-127.0
-167.0,3761.0,-83.0,117.0,241.0,227.0,-528.0,-739.0,-300.0,-172.0
-158.0,3189.0,-43.0,59.0,239.0,349.0,-546.0,-321.0,-220.0,-184.0
-116.0,1769.0,-62.0,45.0,307.0,250.0,-503.0,-256.0,-135.0,-164.0
-95.0,352.0,-36.0,80.0,322.0,179.0,-389.0,-376.0,-85.0,-160.0
-87.0,-594.0,-18.0,103.0,459.0,287.0,-261.0,216.0,-77.0,-185.0
-116.0,-1191.0,-17.0,198.0,505.0,204.0,-208.0,452.0,-116.0,-247.0
-132.0,-1684.0,15.0,266.0,478.0,145.0,-116.0,602.0,-164.0,-390.0
-154.0,-1631.0,42.0,177.0,378.0,285.0,57.0,742.0,-223.0,-566.0
-175.0,-1084.0,52.0,88.0,88.0,192.0,241.0,168.0,-267.0,-728.0
-169.0,-634.0,9.0,28.0,-41.0,6.0,361.0,-400.0,-260.0,-817.0
-172.0,-450.0,-44.0,-14.0,-14.0,27.0,423.0,-729.0,-258.0,-791.0
-111.0,-605.0,-81.0,-56.0,-93.0,66.0,413.0,-668.0,-216.0,-649.0
-95.0,-731.0,-155.0,-76.0,-206.0,138.0,417.0,-319.0,-160.0,-459.0
-110.0,-810.0,-174.0,-45.0,-289.0,261.0,398.0,-60.0,-131.0,-350.0
-134.0,-1014.0,-134.0,-61.0,-427.0,265.0,288.0,-35.0,-101.0,-312.0
-168.0,-1060.0,-85.0,-98.0,-605.0,260.0,130.0,-582.0,-76.0,-322.0
-181.0,-890.0,0.0,-124.0,-802.0,319.0,-63.0,-1066.0,-57.0,-375.0
-171.0,-595.0,53.0,-147.0,-739.0,272.0,-227.0,-812.0,-84.0,-433.0
-146.0,-39.0,97.0,-143.0,-487.0,188.0,-455.0,-158.0,-132.0,-445.0
-118.0,566.0,154.0,-132.0,-274.0,331.0,-740.0,177.0,-201.0,-329.0
-57.0,931.0,177.0,-55.0,79.0,553.0,-961.0,-68.0,-281.0,-134.0
-24.0,1452.0,200.0,24.0,381.0,580.0,-1085.0,-458.0,-320.0,63.0
8.0,1777.0,229.0,51.0,695.0,526.0,-1115.0,-678.0,-358.0,284.0
-2.0,1592.0,173.0,68.0,967.0,467.0,-1077.0,-491.0,-393.0,463.0
-11.0,1222.0,108.0,64.0,843.0,452.0,-1001.0,-96.0,-402.0,579.0
10.0,630.0,115.0,51.0,525.0,411.0,-855.0,310.0,-359.0,674.0
50.0,-151.0,50.0,-28.0,192.0,217.0,-632.0,365.0,-250.0,723.0
92.0,-765.0,-28.0,-105.0,-260.0,160.0,-462.0,-18.0,-104.0,729.0
102.0,-1033.0,-118.0,-128.0,-684.0,256.0,-343.0,-367.0,27.0,649.0
129.0,-1470.0,-263.0,-145.0,-1027.0,260.0,-257.0,-776.0,142.0,506.0
130.0,-1732.0,-353.0,-149.0,-1255.0,303.0,-137.0,-764.0,246.0,325.0
165.0,-1702.0,-435.0,-146.0,-1155.0,443.0,-12.0,-676.0,307.0,96.0
118.0,-1668.0,-451.0,-133.0,-1013.0,370.0,0.0,-546.0,336.0,-108.0
54.0,-1301.0,-456.0,-139.0,-931.0,120.0,-35.0,127.0,320.0,-248.0
18.0,-714.0,-406.0,-181.0,-832.0,40.0,-49.0,162.0,252.0,-288.0
-20.0,189.0,-322.0,-193.0,-693.0,47.0,-26.0,-260.0,161.0,-271.0
-34.0,1070.0,-281.0,-103.0,-459.0,137.0,-34.0,-328.0,50.0,-202.0
-52.0,1521.0,-132.0,-24.0,-258.0,291.0,-32.0,-84.0,-68.0,-70.0
-4.0,1570.0,-67.0,58.0,63.0,239.0,21.0,177.0,-182.0,67.0
10.0,1283.0,-9.0,217.0,469.0,283.0,81.0,321.0,-291.0,206.0
37.0,551.0,99.0,346.0,756.0,507.0,51.0,218.0,-382.0,329.0
45.0,-447.0,119.0,375.0,838.0,495.0,-60.0,-334.0,-442.0,417.0
33.0,-1079.0,167.0,297.0,766.0,296.0,-156.0,-426.0,-446.0,475.0
0.0,-1451.0,208.0,238.0,767.0,114.0,-260.0,-445.0,-374.0,467.0
-56.0,-1472.0,180.0,224.0,629.0,141.0,-327.0,-563.0,-261.0,391.0
-67.0,-1016.0,103.0,195.0,333.0,246.0,-389.0,-94.0,-124.0,270.0
-66.0,-332.0,68.0,183.0,118.0,276.0,-458.0,86.0,14.0,85.0
-33.0,346.0,18.0,172.0,-20.0,290.0,-494.0,60.0,149.0,-132.0
-22.0,1006.0,-99.0,179.0,-128.0,212.0,-493.0,-121.0,258.0,-349.0
1.0,1215.0,-172.0,262.0,-212.0,256.0,-514.0,-450.0,299.0,-551.0
9.0,817.0,-226.0,340.0,-163.0,248.0,-581.0,-347.0,303.0,-706.0
28.0,634.0,-230.0,338.0,-11.0,95.0,-617.0,-238.0,294.0,-770.0
60.0,208.0,-230.0,237.0,295.0,127.0,-607.0,-131.0,263.0,-709.0
95.0,-142.0,-232.0,67.0,536.0,158.0,-570.0,75.0,200.0,-557.0
123.0,-101.0,-161.0,-45.0,607.0,188.0,-603.0,258.0,80.0,-358.0
126.0,-182.0,-144.0,-100.0,728.0,195.0,-574.0,205.0,-89.0,-154.0
153.0,273.0,-121.0,-133.0,693.0,84.0,-448.0,60.0,-221.0,26.0
148.0,576.0,-56.0,-141.0,685.0,143.0,-337.0,133.0,-279.0,132.0
135.0,473.0,-43.0,-154.0,629.0,57.0,-168.0,443.0,-322.0,151.0
99.0,433.0,8.0,-109.0,398.0,0.0,-81.0,667.0,-332.0,119.0
57.0,217.0,83.0,30.0,449.0,222.0,-139.0,-12.0,-267.0,30.0
17.0,33.0,117.0,196.0,433.0,227.0,-169.0,-910.0,-141.0,-52.0
-12.0,-208.0,174.0,286.0,152.0,207.0,-105.0,-1431.0,18.0,-109.0
-38.0,-317.0,178.0,269.0,12.0,212.0,-147.0,-1322.0,141.0,-130.0
-51.0,-257.0,229.0,216.0,-175.0,177.0,-207.0,-617.0,192.0,-104.0
-52.0,-270.0,318.0,152.0,-459.0,67.0,-139.0,-127.0,212.0,-48.0
-35.0,-267.0,298.0,83.0,-470.0,-10.0,-95.0,365.0,224.0,61.0
8.0,-350.0,273.0,35.0,-412.0,150.0,-87.0,280.0,209.0,190.0
23.0,-387.0,174.0,-7.0,-343.0,166.0,-196.0,-179.0,162.0,292.0
9.0,-216.0,99.0,-65.0,-48.0,95.0,-324.0,-158.0,139.0,359.0
-39.0,154.0,94.0,-106.0,31.0,186.0,-346.0,107.0,149.0,360.0
-70.0,548.0,70.0,-121.0,-87.0,205.0,-315.0,376.0,168.0,298.0
-109.0,572.0,23.0,-188.0,-130.0,-28.0,-328.0,27.0,207.0,190.0
-130.0,312.0,10.0,-338.0,-397.0,-164.0,-426.0,-365.0,242.0,30.0
-152.0,-52.0,-24.0,-438.0,-723.0,-137.0,-518.0,-537.0,287.0,-134.0
-153.0,-501.0,-58.0,-398.0,-690.0,-68.0,-585.0,-480.0,338.0,-257.0
-152.0,-493.0,12.0,-332.0,-556.0,-52.0,-565.0,-97.0,360.0,-318.0
-191.0,-312.0,-36.0,-235.0,-360.0,-133.0,-572.0,-339.0,336.0,-318.0
-212.0,-461.0,0.0,-69.0,61.0,96.0,-585.0,-382.0,202.0,-290.0
-282.0,-455.0,31.0,24.0,317.0,214.0,-533.0,-33.0,49.0,-211.0
-335.0,-354.0,27.0,63.0,449.0,143.0,-442.0,-20.0,-64.0,-60.0
-392.0,61.0,130.0,107.0,543.0,142.0,-280.0,22.0,-173.0,133.0
-411.0,550.0,142.0,129.0,384.0,50.0,-158.0,9.0,-230.0,320.0
-396.0,759.0,164.0,119.0,81.0,-49.0,-4.0,101.0,-244.0,441.0
-374.0,1113.0,207.0,38.0,-261.0,-145.0,193.0,131.0,-200.0,461.0
-333.0,883.0,259.0,-107.0,-558.0,143.0,288.0,-177.0,-131.0,384.0
-298.0,320.0,210.0,-266.0,-766.0,371.0,253.0,-454.0,-84.0,224.0
-248.0,-79.0,180.0,-310.0,-850.0,222.0,184.0,-386.0,-10.0,-3.0
-240.0,-382.0,136.0,-224.0,-672.0,169.0,141.0,-360.0,64.0,-258.0
-232.0,-564.0,-8.0,-79.0,-440.0,220.0,68.0,-327.0,139.0,-438.0
-243.0,-679.0,-45.0,109.0,-310.0,337.0,-40.0,5.0,208.0,-520.0
-265.0,-64.0,-179.0,265.0,-110.0,208.0,-220.0,7.0,231.0,-524.0
-305.0,761.0,-285.0,233.0,-18.0,10.0,-383.0,79.0,255.0,-433.0
-334.0,1451.0,-318.0,151.0,51.0,-1.0,-436.0,-46.0,268.0,-303.0
-355.0,1985.0,-360.0,200.0,22.0,162.0,-504.0,-432.0,259.0,-136.0
-374.0,1933.0,-356.0,245.0,-297.0,375.0,-548.0,-195.0,262.0,72.0
-395.0,1263.0,-384.0,287.0,-264.0,388.0,-460.0,-114.0,251.0,276.0
-435.0,-24.0,-375.0,351.0,-268.0,403.0,-294.0,-133.0,244.0,436.0
-419.0,-1473.0,-405.0,505.0,-500.0,402.0,-129.0,-57.0,208.0,538.0
-419.0,-2763.0,-382.0,579.0,-147.0,428.0,-41.0,-144.0,110.0,556.0
-378.0,-3515.0,-377.0,392.0,259.0,304.0,11.0,-112.0,9.0,464.0
-336.0,-3550.0,-390.0,85.0,594.0,172.0,77.0,140.0,-105.0,280.0
-281.0,-2863.0,-338.0,-245.0,1155.0,272.0,121.0,720.0,-178.0,32.0
-185.0,-1546.0,-283.0,-484.0,1207.0,281.0,54.0,1029.0,-177.0,-246.0
-149.0,42.0,-145.0,-702.0,856.0,273.0,-82.0,740.0,-171.0,-513.0
-112.0,1468.0,-77.0,-752.0,553.0,202.0,-177.0,103.0,-141.0,-722.0
-68.0,2375.0,10.0,-581.0,79.0,264.0,-226.0,-448.0,-86.0,-862.0
-23.0,2679.0,70.0,-416.0,-369.0,242.0,-203.0,-391.0,-2.0,-931.0
-2.0,2309.0,118.0,-231.0,-610.0,95.0,-176.0,142.0,121.0,-928.0
5.0,1660.0,194.0,-10.0,-666.0,188.0,-114.0,606.0,254.0,-872.0
23.0,526.0,179.0,174.0,-504.0,216.0,12.0,471.0,362.0,-761.0
51.0,-578.0,199.0,245.0,-414.0,294.0,108.0,77.0,417.0,-575.0
76.0,-1141.0,178.0,263.0,-280.0,285.0,154.0,-343.0,435.0,-276.0
56.0,-1645.0,141.0,238.0,71.0,301.0,123.0,-485.0,424.0,120.0
36.0,-1746.0,92.0,167.0,267.0,322.0,49.0,-36.0,367.0,576.0
7.0,-1691.0,69.0,73.0,363.0,191.0,4.0,203.0,328.0,986.0
-59.0,-1282.0,14.0,-110.0,635.0,258.0,-7.0,391.0,311.0,1263.0
-70.0,-523.0,17.0,-360.0,870.0,208.0,-14.0,251.0,279.0,1395.0
-57.0,364.0,68.0,-555.0,921.0,188.0,-8.0,-284.0,244.0,1338.0
-40.0,1150.0,37.0,-557.0,800.0,127.0,-10.0,-299.0,174.0,1107.0
-5.0,1384.0,141.0,-469.0,538.0,4.0,8.0,-312.0,71.0,751.0
17.0,1552.0,210.0,-346.0,355.0,29.0,14.0,-160.0,-14.0,347.0
67.0,1336.0,207.0,-140.0,18.0,-147.0,-14.0,11.0,-59.0,-62.0
90.0,862.0,233.0,81.0,-246.0,-149.0,37.0,99.0,-8.0,-447.0
126.0,409.0,290.0,235.0,-240.0,-16.0,155.0,332.0,131.0,-771.0
124.0,-21.0,258.0,178.0,-448.0,149.0,235.0,70.0,256.0,-1010.0
72.0,-369.0,214.0,0.0,-405.0,276.0,184.0,-70.0,321.0,-1162.0
-5.0,-544.0,214.0,-125.0,-295.0,43.0,103.0,-404.0,332.0,-1228.0
-76.0,-290.0,77.0,-245.0,-384.0,20.0,65.0,-844.0,308.0,-1200.0
-94.0,39.0,4.0,-278.0,-218.0,98.0,49.0,-558.0,273.0,-1120.0
-90.0,646.0,-40.0,-187.0,-176.0,13.0,84.0,-114.0,224.0,-980.0
-64.0,1108.0,-118.0,-73.0,-68.0,28.0,40.0,267.0,200.0,-811.0
-83.0,1196.0,-173.0,106.0,39.0,-10.0,-63.0,227.0,196.0,-639.0
-88.0,1182.0,-224.0,224.0,-115.0,-14.0,-85.0,-83.0,147.0,-441.0
-111.0,888.0,-247.0,212.0,-65.0,103.0,2.0,-142.0,81.0,-264.0
-163.0,405.0,-296.0,152.0,25.0,179.0,28.0,116.0,-6.0,-86.0
-233.0,-351.0,-277.0,51.0,38.0,163.0,-21.0,280.0,-105.0,102.0
-254.0,-982.0,-218.0,-32.0,176.0,24.0,20.0,84.0,-214.0,254.0
-273.0,-1513.0,-176.0,-120.0,285.0,22.0,45.0,-179.0,-355.0,331.0
-308.0,-1850.0,-95.0,-194.0,316.0,127.0,15.0,-552.0,-471.0,348.0
-287.0,-1714.0,-64.0,-102.0,272.0,74.0,1.0,-787.0,-567.0,260.0
-275.0,-1296.0,-68.0,175.0,-40.0,90.0,65.0,-569.0,-604.0,60.0
-241.0,-596.0,-45.0,366.0,-309.0,125.0,174.0,103.0,-565.0,-170.0
-251.0,-86.0,-48.0,411.0,-554.0,258.0,260.0,469.0,-461.0,-419.0
-235.0,448.0,-82.0,406.0,-854.0,320.0,340.0,528.0,-322.0,-606.0
-254.0,1131.0,-93.0,369.0,-824.0,174.0,402.0,406.0,-185.0,-661.0
-291.0,1199.0,-142.0,318.0,-854.0,225.0,458.0,-354.0,-38.0,-552.0
-314.0,661.0,-166.0,224.0,-676.0,187.0,483.0,-471.0,79.0,-325.0
-349.0,-100.0,-167.0,165.0,-234.0,179.0,398.0,-184.0,153.0,-39.0
-320.0,-942.0,-217.0,112.0,-231.0,277.0,188.0,92.0,163.0,301.0
-320.0,-1566.0,-205.0,3.0,-38.0,268.0,13.0,550.0,148.0,610.0
-301.0,-1645.0,-213.0,-176.0,211.0,181.0,-68.0,175.0,116.0,830.0
-312.0,-1353.0,-190.0,-349.0,155.0,-29.0,-81.0,-240.0,80.0,941.0
-316.0,-637.0,-152.0,-398.0,358.0,-46.0,-70.0,-448.0,60.0,936.0
-321.0,574.0,-133.0,-387.0,482.0,6.0,-24.0,-384.0,20.0,837.0
-331.0,1739.0,-50.0,-273.0,519.0,-25.0,106.0,-5.0,-67.0,667.0
-322.0,2576.0,-12.0,-44.0,744.0,-82.0,217.0,-347.0,-212.0,459.0
-338.0,2875.0,25.0,171.0,789.0,-25.0,241.0,-443.0,-307.0,253.0
-309.0,2694.0,77.0,295.0,732.0,142.0,181.0,-1.0,-343.0,103.0
-244.0,1809.0,124.0,345.0,590.0,43.0,171.0,369.0,-379.0,43.0
-159.0,406.0,202.0,364.0,90.0,-130.0,199.0,447.0,-347.0,67.0
-87.0,-840.0,247.0,366.0,-216.0,-58.0,167.0,5.0,-232.0,176.0
-4.0,-2052.0,279.0,366.0,-377.0,104.0,75.0,-62.0,-107.0,310.0
55.0,-2820.0,282.0,297.0,-766.0,107.0,2.0,245.0,41.0,424.0
103.0,-2897.0,225.0,200.0,-727.0,12.0,35.0,443.0,215.0,469.0
134.0,-2311.0,186.0,125.0,-543.0,-4.0,121.0,456.0,338.0,381.0
134.0,-1414.0,161.0,51.0,-380.0,101.0,238.0,49.0,394.0,213.0
135.0,-377.0,102.0,27.0,-12.0,131.0,276.0,-434.0,386.0,-35.0
151.0,662.0,96.0,-17.0,174.0,80.0,254.0,-382.0,313.0,-294.0
171.0,1255.0,110.0,-95.0,399.0,85.0,246.0,-81.0,184.0,-493.0
169.0,1503.0,75.0,-122.0,508.0,32.0,207.0,-101.0,-8.0,-607.0
159.0,1187.0,130.0,-166.0,398.0,-86.0,125.0,-201.0,-219.0,-590.0
146.0,593.0,125.0,-178.0,467.0,-129.0,46.0,-158.0,-329.0,-482.0
139.0,18.0,93.0,-108.0,348.0,-77.0,-10.0,288.0,-336.0,-299.0
138.0,-256.0,188.0,-95.0,108.0,-139.0,-65.0,399.0,-307.0,-76.0
211.0,-467.0,188.0,-103.0,125.0,-264.0,-73.0,-225.0,-277.0,145.0
267.0,-668.0,217.0,9.0,164.0,-435.0,-79.0,-388.0,-234.0,311.0
338.0,-332.0,206.0,197.0,252.0,-607.0,26.0,-221.0,-201.0,399.0
411.0,102.0,119.0,322.0,331.0,-740.0,213.0,3.0,-181.0,377.0
419.0,506.0,125.0,361.0,344.0,-707.0,342.0,134.0,-114.0,231.0
431.0,648.0,55.0,293.0,484.0,-463.0,447.0,-9.0,-31.0,11.0
399.0,563.0,10.0,192.0,492.0,-390.0,444.0,90.0,75.0,-230.0
374.0,211.0,11.0,110.0,323.0,-424.0,397.0,306.0,209.0,-405.0
341.0,-488.0,-58.0,-58.0,74.0,-502.0,399.0,582.0,331.0,-506.0
357.0,-1193.0,-133.0,-209.0,-304.0,-402.0,317.0,857.0,446.0,-500.0
388.0,-1761.0,-199.0,-303.0,-559.0,-335.0,133.0,790.0,482.0,-386.0
391.0,-1762.0,-223.0,-302.0,-772.0,-506.0,37.0,290.0,412.0,-225.0
391.0,-1278.0,-177.0,-205.0,-1034.0,-526.0,18.0,27.0,262.0,-38.0
347.0,-697.0,-137.0,-124.0,-961.0,-394.0,-3.0,164.0,82.0,104.0
299.0,124.0,-53.0,-25.0,-668.0,-201.0,4.0,-192.0,-81.0,212.0
242.0,1147.0,13.0,-25.0,-448.0,-350.0,20.0,-408.0,-239.0,287.0
197.0,1656.0,18.0,-80.0,-163.0,-465.0,99.0,-275.0,-350.0,324.0
128.0,1589.0,64.0,-37.0,107.0,-279.0,273.0,173.0,-409.0,353.0
80.0,1345.0,-4.0,43.0,267.0,-223.0,408.0,752.0,-423.0,388.0
66.0,852.0,-38.0,104.0,429.0,-283.0,375.0,354.0,-395.0,433.0
64.0,183.0,-8.0,138.0,334.0,-291.0,329.0,14.0,-334.0,456.0
76.0,-297.0,-40.0,208.0,155.0,-68.0,343.0,-46.0,-249.0,478.0
80.0,-394.0,3.0,269.0,131.0,43.0,316.0,-121.0,-170.0,472.0
117.0,-582.0,30.0,251.0,33.0,16.0,280.0,-208.0,-78.0,413.0
138.0,-821.0,27.0,182.0,21.0,-45.0,258.0,-766.0,13.0,316.0
134.0,-755.0,47.0,176.0,-95.0,-155.0,327.0,-609.0,102.0,172.0
119.0,-709.0,83.0,199.0,-295.0,-237.0,425.0,-225.0,151.0,7.0
79.0,-475.0,59.0,150.0,-316.0,-319.0,399.0,-158.0,86.0,-183.0
56.0,2.0,60.0,114.0,-360.0,-191.0,273.0,275.0,-86.0,-355.0
27.0,374.0,90.0,61.0,-436.0,-68.0,229.0,371.0,-282.0,-478.0
18.0,624.0,69.0,17.0,-467.0,-72.0,270.0,59.0,-432.0,-533.0
40.0,773.0,85.0,4.0,-175.0,-127.0,239.0,-182.0,-552.0,-462.0
63.0,819.0,103.0,27.0,97.0,-195.0,154.0,0.0,-605.0,-275.0
92.0,591.0,138.0,128.0,87.0,-234.0,105.0,665.0,-557.0,3.0
120.0,536.0,184.0,183.0,239.0,-342.0,146.0,805.0,-399.0,303.0
159.0,542.0,231.0,204.0,382.0,-362.0,165.0,210.0,-164.0,580.0
157.0,389.0,190.0,276.0,409.0,-369.0,155.0,-275.0,93.0,797.0
149.0,294.0,163.0,340.0,371.0,-403.0,149.0,-558.0,356.0,855.0
141.0,-78.0,157.0,311.0,224.0,-414.0,142.0,-554.0,540.0,737.0
156.0,-377.0,58.0,201.0,131.0,-283.0,158.0,-406.0,620.0,466.0
179.0,-867.0,77.0,84.0,138.0,-98.0,158.0,-96.0,587.0,67.0
169.0,-1470.0,101.0,0.0,82.0,-233.0,109.0,532.0,472.0,-394.0
189.0,-1525.0,94.0,-76.0,-6.0,-386.0,55.0,419.0,330.0,-826.0
167.0,-1152.0,192.0,-90.0,7.0,-530.0,161.0,166.0,162.0,-1148.0
163.0,-594.0,243.0,-44.0,-13.0,-531.0,358.0,173.0,-10.0,-1347.0
184.0,-155.0,227.0,-55.0,75.0,-242.0,461.0,-169.0,-149.0,-1402.0
222.0,342.0,223.0,-93.0,77.0,-93.0,445.0,-25.0,-224.0,-1309.0
261.0,708.0,167.0,-165.0,-103.0,-87.0,452.0,-1.0,-272.0,-1117.0
270.0,776.0,106.0,-283.0,-31.0,-116.0,492.0,62.0,-242.0,-860.0
312.0,666.0,85.0,-373.0,-153.0,-10.0,447.0,740.0,-115.0,-585.0
349.0,560.0,-17.0,-412.0,-411.0,-138.0,302.0,718.0,60.0,-289.0
352.0,443.0,-84.0,-334.0,-345.0,-571.0,98.0,365.0,239.0,-13.0
330.0,400.0,-108.0,-184.0,-285.0,-627.0,-64.0,105.0,335.0,190.0
331.0,464.0,-191.0,-91.0,-73.0,-383.0,-206.0,145.0,382.0,383.0
321.0,586.0,-204.0,-21.0,258.0,-229.0,-325.0,280.0,375.0,538.0
311.0,1134.0,-210.0,67.0,396.0,-273.0,-430.0,-149.0,352.0,619.0
299.0,1334.0,-193.0,116.0,624.0,-226.0,-452.0,-97.0,366.0,674.0
278.0,1087.0,-102.0,139.0,771.0,-96.0,-356.0,-134.0,379.0,746.0
229.0,577.0,-47.0,204.0,612.0,-171.0,-260.0,-528.0,340.0,819.0
185.0,-11.0,28.0,257.0,541.0,-218.0,-132.0,-709.0,227.0,871.0
145.0,-560.0,84.0,228.0,327.0,-198.0,11.0,-870.0,111.0,916.0
113.0,-1386.0,87.0,168.0,40.0,-192.0,177.0,-485.0,13.0,909.0
98.0,-1907.0,108.0,164.0,-26.0,-136.0,383.0,-199.0,-65.0,809.0
21.0,-2218.0,89.0,178.0,-435.0,-70.0,481.0,-99.0,-139.0,626.0
-13.0,-1881.0,44.0,192.0,-708.0,4.0,401.0,3.0,-169.0,400.0
-31.0,-1181.0,36.0,231.0,-685.0,50.0,300.0,199.0,-140.0,183.0
-15.0,-685.0,13.0,187.0,-814.0,-37.0,293.0,537.0,-88.0,-25.0
20.0,73.0,-47.0,65.0,-697.0,-10.0,322.0,397.0,-7.0,-197.0
49.0,629.0,-116.0,-47.0,-465.0,72.0,280.0,602.0,101.0,-284.0
113.0,1100.0,-141.0,-145.0,-224.0,-175.0,177.0,635.0,234.0,-281.0
157.0,1418.0,-170.0,-206.0,84.0,-232.0,85.0,291.0,340.0,-195.0
132.0,1445.0,-205.0,-215.0,250.0,8.0,24.0,48.0,431.0,6.0
93.0,1408.0,-171.0,-172.0,424.0,152.0,9.0,-484.0,467.0,285.0
54.0,1183.0,-164.0,-141.0,590.0,90.0,-46.0,-277.0,432.0,533.0
-15.0,852.0,-146.0,-125.0,442.0,-26.0,-72.0,-81.0,341.0,718.0
-69.0,215.0,-102.0,-110.0,340.0,137.0,-77.0,-186.0,155.0,827.0
-150.0,-391.0,-88.0,-93.0,278.0,150.0,-115.0,201.0,-58.0,827.0
-191.0,-604.0,-92.0,-103.0,42.0,83.0,-166.0,388.0,-289.0,752.0
-223.0,-667.0,-47.0,-179.0,28.0,24.0,-224.0,362.0,-527.0,648.0
-211.0,-612.0,-25.0,-249.0,-74.0,18.0,-172.0,53.0,-701.0,535.0
-179.0,-455.0,-30.0,-328.0,-261.0,261.0,-74.0,-36.0,-784.0,440.0
-158.0,-348.0,31.0,-325.0,-309.0,298.0,-42.0,280.0,-761.0,366.0
-124.0,-256.0,42.0,-264.0,-350.0,333.0,-39.0,406.0,-607.0,277.0
-119.0,-61.0,111.0,-247.0,-327.0,266.0,19.0,380.0,-373.0,148.0
-69.0,9.0,143.0,-170.0,-354.0,73.0,96.0,133.0,-144.0,-26.0
-39.0,167.0,143.0,-82.0,-289.0,44.0,101.0,-92.0,59.0,-230.0
9.0,226.0,178.0,6.0,-202.0,95.0,-4.0,-75.0,211.0,-477.0
22.0,240.0,124.0,62.0,-331.0,131.0,-123.0,-68.0,313.0,-802.0
43.0,485.0,185.0,65.0,-506.0,31.0,-176.0,-234.0,353.0,-1158.0
55.0,450.0,228.0,45.0,-450.0,45.0,-206.0,-243.0,297.0,-1500.0
44.0,431.0,196.0,44.0,-313.0,37.0,-221.0,-151.0,182.0,-1767.0
29.0,336.0,279.0,64.0,-185.0,-165.0,-280.0,-121.0,49.0,-1864.0
-2.0,316.0,280.0,-6.0,117.0,-332.0,-246.0,77.0,-120.0,-1762.0
-12.0,243.0,251.0,-128.0,375.0,-240.0,-82.0,256.0,-314.0,-1459.0
-86.0,-66.0,276.0,-235.0,468.0,4.0,93.0,140.0,-481.0,-988.0
-110.0,115.0,223.0,-319.0,465.0,200.0,183.0,-205.0,-593.0,-416.0
-129.0,377.0,140.0,-359.0,293.0,290.0,201.0,-173.0,-589.0,190.0
-97.0,578.0,84.0,-335.0,-24.0,317.0,282.0,395.0,-504.0,730.0
-78.0,635.0,32.0,-265.0,-228.0,229.0,333.0,761.0,-384.0,1097.0
-75.0,538.0,-23.0,-161.0,-292.0,-125.0,275.0,522.0,-223.0,1301.0
-60.0,223.0,-44.0,-31.0,-226.0,-266.0,108.0,79.0,-50.0,1311.0
-94.0,-356.0,-41.0,124.0,-22.0,-194.0,-32.0,-388.0,162.0,1108.0
-110.0,-926.0,-13.0,287.0,71.0,14.0,-94.0,-583.0,389.0,798.0
-150.0,-1553.0,24.0,360.0,200.0,248.0,-124.0,-81.0,600.0,431.0
-117.0,-1895.0,111.0,387.0,302.0,221.0,-169.0,463.0,788.0,50.0
-120.0,-1955.0,169.0,452.0,289.0,296.0,-263.0,696.0,924.0,-296.0
-123.0,-1757.0,192.0,496.0,298.0,261.0,-252.0,402.0,986.0,-561.0
-137.0,-1502.0,285.0,503.0,299.0,68.0,-161.0,-157.0,959.0,-722.0
-144.0,-984.0,281.0,506.0,297.0,-9.0,-129.0,-212.0,892.0,-797.0
-92.0,-349.0,298.0,413.0,193.0,-12.0,-113.0,42.0,787.0,-789.0
-53.0,-15.0,309.0,266.0,159.0,-98.0,20.0,487.0,625.0,-722.0
46.0,349.0,211.0,83.0,112.0,-201.0,211.0,613.0,414.0,-629.0
141.0,690.0,119.0,-77.0,-54.0,4.0,347.0,303.0,163.0,-502.0
232.0,1067.0,-29.0,-201.0,-85.0,131.0,406.0,-194.0,-81.0,-337.0
247.0,992.0,-136.0,-393.0,-43.0,11.0,431.0,-493.0,-294.0,-150.0
223.0,734.0,-237.0,-525.0,12.0,-9.0,470.0,149.0,-437.0,62.0
184.0,688.0,-358.0,-647.0,19.0,29.0,460.0,448.0,-501.0,281.0
141.0,571.0,-434.0,-699.0,39.0,-81.0,391.0,267.0,-503.0,496.0
119.0,512.0,-534.0,-598.0,26.0,-227.0,271.0,29.0,-492.0,693.0
94.0,357.0,-502.0,-447.0,-19.0,-232.0,190.0,-432.0,-488.0,821.0
122.0,175.0,-431.0,-243.0,-4.0,-210.0,159.0,230.0,-446.0,905.0
144.0,-57.0,-383.0,-92.0,-114.0,-245.0,87.0,570.0,-344.0,938.0
162.0,-343.0,-273.0,5.0,-197.0,-322.0,-49.0,5.0,-191.0,868.0
152.0,-769.0,-227.0,105.0,-184.0,-279.0,-191.0,-408.0,-43.0,698.0
108.0,-925.0,-170.0,160.0,-163.0,-110.0,-265.0,-552.0,92.0,415.0
84.0,-691.0,-58.0,156.0,-240.0,62.0,-292.0,450.0,210.0,31.0
56.0,-422.0,-20.0,165.0,-266.0,150.0,-333.0,921.0,254.0,-389.0
0.0,183.0,-28.0,156.0,-116.0,26.0,-410.0,498.0,235.0,-774.0
-48.0,644.0,-44.0,92.0,-62.0,-136.0,-394.0,-55.0,166.0,-1032.0
-121.0,838.0,-83.0,44.0,17.0,-202.0,-216.0,-473.0,72.0,-1121.0
-179.0,984.0,-44.0,-21.0,104.0,-169.0,-36.0,114.0,-7.0,-1034.0
-204.0,949.0,-30.0,-138.0,210.0,-93.0,46.0,194.0,-62.0,-761.0
-227.0,662.0,-5.0,-295.0,263.0,-29.0,138.0,166.0,-94.0,-363.0
-222.0,349.0,46.0,-463.0,211.0,124.0,270.0,325.0,-138.0,44.0
-200.0,256.0,10.0,-570.0,105.0,131.0,358.0,489.0,-181.0,405.0
-160.0,-16.0,30.0,-534.0,-151.0,-9.0,336.0,1164.0,-204.0,691.0
-131.0,-231.0,25.0,-422.0,-120.0,-36.0,292.0,713.0,-269.0,868.0
-118.0,-335.0,-28.0,-312.0,-113.0,-110.0,296.0,-42.0,-372.0,913.0
-125.0,-318.0,-22.0,-204.0,-254.0,-112.0,305.0,-421.0,-450.0,858.0
-105.0,-162.0,44.0,-131.0,-205.0,-100.0,344.0,-480.0,-474.0,753.0
-97.0,-9.0,71.0,-24.0,-140.0,-25.0,328.0,-72.0,-419.0,620.0
-92.0,282.0,126.0,94.0,13.0,-37.0,284.0,-338.0,-302.0,505.0
-52.0,266.0,142.0,177.0,-46.0,-356.0,283.0,-602.0,-198.0,416.0
-28.0,166.0,123.0,252.0,-199.0,-264.0,345.0,-487.0,-95.0,352.0
4.0,152.0,179.0,318.0,-167.0,-80.0,331.0,72.0,0.0,305.0
57.0,-66.0,138.0,342.0,-125.0,-45.0,165.0,402.0,57.0,291.0
106.0,-455.0,186.0,330.0,-104.0,-38.0,12.0,-55.0,95.0,321.0
131.0,-459.0,212.0,337.0,-91.0,-154.0,-132.0,-123.0,85.0,370.0
146.0,-43.0,231.0,292.0,99.0,-176.0,-223.0,280.0,73.0,437.0
159.0,-84.0,289.0,178.0,219.0,-290.0,-335.0,916.0,87.0,487.0
183.0,-73.0,251.0,3.0,344.0,-265.0,-434.0,842.0,86.0,523.0
159.0,333.0,263.0,-145.0,456.0,-193.0,-389.0,199.0,70.0,523.0
115.0,510.0,232.0,-228.0,297.0,-128.0,-307.0,-14.0,31.0,459.0
52.0,500.0,196.0,-286.0,338.0,-129.0,-257.0,40.0,-45.0,376.0
15.0,354.0,180.0,-331.0,361.0,-299.0,-225.0,306.0,-144.0,270.0
17.0,-178.0,129.0,-332.0,182.0,-137.0,-99.0,310.0,-253.0,157.0
46.0,-654.0,76.0,-238.0,86.0,-115.0,116.0,35.0,-372.0,42.0
117.0,-837.0,66.0,-170.0,111.0,-204.0,299.0,-413.0,-484.0,-46.0
185.0,-1253.0,38.0,-144.0,170.0,-148.0,343.0,-205.0,-558.0,-118.0
289.0,-1381.0,-24.0,-115.0,104.0,-248.0,325.0,655.0,-593.0,-167.0
323.0,-1016.0,-110.0,-30.0,-7.0,-193.0,331.0,949.0,-608.0,-191.0
342.0,-523.0,-115.0,89.0,-51.0,-136.0,338.0,397.0,-541.0,-228.0
318.0,129.0,-113.0,176.0,-7.0,4.0,261.0,-768.0,-407.0,-280.0
269.0,765.0,-207.0,244.0,-212.0,116.0,128.0,-633.0,-230.0,-376.0
211.0,1196.0,-204.0,274.0,-360.0,-27.0,79.0,448.0,-20.0,-475.0
120.0,1261.0,-192.0,314.0,-152.0,29.0,97.0,1006.0,140.0,-571.0
63.0,1325.0,-155.0,330.0,-148.0,135.0,155.0,735.0,279.0,-662.0
10.0,1175.0,-80.0,284.0,-169.0,333.0,168.0,-436.0,369.0,-683.0
2.0,876.0,-43.0,230.0,-6.0,314.0,181.0,-613.0,424.0,-652.0
-24.0,916.0,1.0,200.0,94.0,80.0,211.0,-363.0,468.0,-597.0
-19.0,760.0,14.0,183.0,145.0,125.0,196.0,186.0,455.0,-544.0
-6.0,514.0,15.0,106.0,183.0,233.0,127.0,1012.0,405.0,-485.0
17.0,149.0,24.0,-2.0,54.0,312.0,-11.0,587.0,306.0,-415.0
35.0,-451.0,-28.0,-23.0,21.0,50.0,-89.0,38.0,158.0,-339.0
27.0,-925.0,-34.0,39.0,296.0,-105.0,-112.0,-469.0,-26.0,-212.0
46.0,-1289.0,-84.0,97.0,337.0,-14.0,-132.0,-243.0,-249.0,-33.0
47.0,-1543.0,-129.0,137.0,172.0,-106.0,-190.0,155.0,-470.0,196.0
37.0,-1559.0,-124.0,196.0,102.0,-98.0,-257.0,53.0,-635.0,469.0
11.0,-1360.0,-211.0,193.0,58.0,-94.0,-282.0,404.0,-720.0,737.0
13.0,-1155.0,-166.0,118.0,54.0,-93.0,-272.0,293.0,-724.0,933.0
-18.0,-677.0,-174.0,71.0,-39.0,-176.0,-271.0,768.0,-617.0,1013.0
-52.0,-21.0,-172.0,45.0,-111.0,-224.0,-381.0,872.0,-417.0,997.0
-115.0,451.0,-116.0,83.0,-12.0,-134.0,-458.0,282.0,-171.0,904.0
-178.0,949.0,-136.0,96.0,99.0,-247.0,-438.0,500.0,100.0,731.0
-219.0,1320.0,-68.0,-26.0,-18.0,-290.0,-352.0,345.0,363.0,496.0
-271.0,1262.0,6.0,-231.0,-270.0,-206.0,-253.0,445.0,579.0,258.0
-256.0,971.0,88.0,-365.0,-165.0,-126.0,-112.0,269.0,717.0,71.0
-219.0,746.0,144.0,-338.0,-85.0,-49.0,196.0,-101.0,776.0,-87.0
-219.0,386.0,157.0,-229.0,-357.0,26.0,554.0,-266.0,765.0,-205.0
-246.0,-120.0,164.0,-37.0,-434.0,154.0,819.0,-580.0,688.0,-262.0
-226.0,-604.0,180.0,101.0,-321.0,153.0,931.0,-14.0,608.0,-299.0
-232.0,-940.0,170.0,189.0,-212.0,45.0,980.0,-35.0,536.0,-314.0
-239.0,-1068.0,161.0,276.0,-106.0,-29.0,967.0,-49.0,433.0,-286.0
-238.0,-1115.0,124.0,323.0,-102.0,54.0,777.0,303.0,285.0,-220.0
-221.0,-929.0,14.0,405.0,20.0,62.0,421.0,-59.0,96.0,-133.0
-179.0,-827.0,-37.0,466.0,316.0,-88.0,59.0,-469.0,-106.0,-24.0
-163.0,-564.0,-35.0,466.0,313.0,-8.0,-202.0,-968.0,-234.0,96.0
-142.0,-33.0,-81.0,383.0,219.0,39.0,-365.0,-517.0,-285.0,149.0
-119.0,-29.0,-91.0,297.0,365.0,-70.0,-470.0,94.0,-279.0,86.0
-73.0,-62.0,-28.0,270.0,285.0,-141.0,-571.0,-27.0,-183.0,-74.0
-78.0,174.0,-12.0,205.0,85.0,-87.0,-555.0,-181.0,-60.0,-317.0
-54.0,352.0,16.0,77.0,41.0,12.0,-419.0,-323.0,79.0,-615.0
-21.0,417.0,-11.0,3.0,-40.0,-91.0,-269.0,219.0,225.0,-926.0
8.0,578.0,-60.0,-16.0,-36.0,-66.0,-196.0,349.0,369.0,-1159.0
55.0,789.0,-55.0,-24.0,-88.0,-57.0,-186.0,96.0,505.0,-1302.0
91.0,880.0,-79.0,18.0,-268.0,-211.0,-144.0,448.0,595.0,-1367.0
135.0,1024.0,-35.0,79.0,-128.0,-123.0,-129.0,940.0,628.0,-1318.0
130.0,847.0,20.0,49.0,89.0,-195.0,-196.0,1287.0,587.0,-1158.0
138.0,574.0,58.0,-49.0,21.0,-281.0,-302.0,600.0,468.0,-885.0
136.0,462.0,69.0,-16.0,-96.0,-223.0,-324.0,-482.0,312.0,-524.0
90.0,255.0,102.0,17.0,-88.0,-229.0,-212.0,-958.0,139.0,-81.0
12.0,79.0,123.0,41.0,-16.0,-55.0,-85.0,-792.0,-59.0,386.0
-11.0,-67.0,84.0,117.0,-14.0,-25.0,0.0,-160.0,-234.0,798.0
0.0,-74.0,87.0,118.0,-22.0,-13.0,110.0,303.0,-354.0,1140.0
12.0,153.0,17.0,51.0,19.0,95.0,227.0,546.0,-420.0,1350.0
46.0,320.0,-28.0,-39.0,210.0,67.0,363.0,229.0,-426.0,1360.0
69.0,250.0,-105.0,-58.0,434.0,46.0,420.0,-434.0,-379.0,1167.0
91.0,257.0,-202.0,-38.0,255.0,-75.0,352.0,-485.0,-267.0,867.0
77.0,227.0,-245.0,-34.0,146.0,-195.0,268.0,129.0,-89.0,518.0
72.0,22.0,-316.0,-79.0,307.0,-121.0,205.0,661.0,127.0,143.0
92.0,-245.0,-349.0,-124.0,125.0,25.0,170.0,764.0,320.0,-196.0
128.0,-698.0,-400.0,-196.0,-91.0,65.0,58.0,413.0,443.0,-455.0
155.0,-922.0,-359.0,-280.0,-122.0,57.0,-23.0,0.0,492.0,-590.0
180.0,-890.0,-304.0,-305.0,-117.0,139.0,-55.0,145.0,485.0,-602.0
204.0,-715.0,-258.0,-301.0,17.0,183.0,-21.0,-11.0,421.0,-479.0
206.0,-543.0,-170.0,-243.0,-93.0,152.0,36.0,-456.0,283.0,-246.0
188.0,-345.0,-36.0,-226.0,-304.0,133.0,3.0,-295.0,93.0,29.0
138.0,132.0,61.0,-201.0,-190.0,171.0,-57.0,339.0,-100.0,359.0
87.0,338.0,88.0,-114.0,-107.0,187.0,-98.0,556.0,-250.0,676.0
19.0,414.0,143.0,-19.0,-165.0,105.0,-81.0,-236.0,-361.0,896.0
-31.0,397.0,115.0,15.0,-142.0,54.0,-158.0,-805.0,-441.0,1003.0
-59.0,273.0,76.0,-32.0,-27.0,-74.0,-216.0,-552.0,-481.0,979.0
-87.0,202.0,27.0,-108.0,123.0,-191.0,-245.0,334.0,-483.0,871.0
-111.0,72.0,-21.0,-179.0,173.0,-235.0,-309.0,844.0,-482.0,662.0
-134.0,78.0,-162.0,-183.0,141.0,-340.0,-322.0,306.0,-473.0,369.0
-154.0,72.0,-280.0,-192.0,275.0,-218.0,-317.0,-230.0,-419.0,82.0
-134.0,156.0,-377.0,-197.0,370.0,-58.0,-183.0,-626.0,-330.0,-199.0
-102.0,193.0,-465.0,-182.0,274.0,-125.0,33.0,-559.0,-218.0,-439.0
-84.0,246.0,-412.0,-179.0,227.0,-90.0,255.0,-424.0,-95.0,-611.0
-89.0,346.0,-508.0,-101.0,133.0,-100.0,352.0,-295.0,51.0,-681.0
-87.0,416.0,-466.0,12.0,87.0,-237.0,287.0,218.0,177.0,-693.0
-99.0,423.0,-388.0,88.0,33.0,-79.0,174.0,308.0,234.0,-662.0
-136.0,312.0,-360.0,131.0,-272.0,95.0,77.0,72.0,236.0,-593.0
-89.0,148.0,-334.0,134.0,-442.0,155.0,62.0,-517.0,197.0,-520.0
-54.0,-270.0,-309.0,100.0,-448.0,150.0,17.0,-509.0,134.0,-425.0
-10.0,-656.0,-182.0,83.0,-481.0,111.0,-22.0,-7.0,42.0,-352.0
11.0,-1127.0,-167.0,110.0,-462.0,199.0,18.0,92.0,-37.0,-250.0
20.0,-1312.0,-50.0,140.0,-567.0,135.0,6.0,203.0,-96.0,-149.0
39.0,-1258.0,-9.0,170.0,-456.0,132.0,-47.0,-214.0,-121.0,-56.0
12.0,-927.0,-16.0,185.0,-140.0,141.0,-104.0,-317.0,-110.0,73.0
-11.0,-261.0,-51.0,208.0,-192.0,101.0,-142.0,-345.0,-95.0,213.0
-79.0,201.0,-37.0,217.0,-64.0,-25.0,-55.0,-469.0,-61.0,370.0
-112.0,685.0,26.0,164.0,162.0,-166.0,-61.0,242.0,-24.0,486.0
-158.0,742.0,-26.0,104.0,204.0,-26.0,-210.0,591.0,21.0,578.0
-200.0,749.0,92.0,-6.0,429.0,-88.0,-286.0,458.0,65.0,606.0
-207.0,614.0,90.0,-82.0,337.0,-12.0,-337.0,229.0,73.0,545.0
-178.0,331.0,127.0,-88.0,177.0,121.0,-367.0,352.0,65.0,436.0
-134.0,77.0,173.0,-118.0,349.0,-52.0,-419.0,291.0,61.0,268.0
-139.0,-369.0,174.0,-82.0,235.0,-82.0,-490.0,-284.0,43.0,89.0
-113.0,-476.0,208.0,-3.0,-89.0,-183.0,-506.0,-173.0,19.0,-63.0
-118.0,-575.0,200.0,107.0,-161.0,-118.0,-436.0,317.0,0.0,-185.0
-129.0,-634.0,246.0,265.0,-166.0,187.0,-386.0,800.0,-40.0,-226.0
-130.0,-527.0,219.0,381.0,-302.0,74.0,-406.0,445.0,-75.0,-199.0
-120.0,-242.0,263.0,493.0,-400.0,-91.0,-324.0,-400.0,-92.0,-158.0
-84.0,-27.0,261.0,608.0,-363.0,73.0,-176.0,-548.0,-97.0,-64.0
-50.0,133.0,273.0,645.0,-149.0,80.0,-8.0,-351.0,-100.0,36.0
-13.0,391.0,280.0,602.0,28.0,-141.0,45.0,-133.0,-87.0,112.0
8.0,544.0,247.0,515.0,82.0,-237.0,36.0,-478.0,-54.0,153.0
17.0,613.0,255.0,396.0,210.0,-103.0,147.0,-726.0,-27.0,142.0
-11.0,443.0,260.0,230.0,384.0,104.0,182.0,-299.0,-3.0,129.0
-55.0,202.0,232.0,-16.0,579.0,93.0,112.0,127.0,0.0,61.0
-81.0,-218.0,190.0,-277.0,537.0,-68.0,31.0,-114.0,14.0,-55.0
-88.0,-511.0,235.0,-458.0,407.0,-57.0,-30.0,-696.0,23.0,-177.0
-68.0,-658.0,190.0,-575.0,527.0,-95.0,-17.0,-515.0,-3.0,-314.0
-55.0,-655.0,226.0,-659.0,429.0,-107.0,7.0,81.0,-36.0,-464.0
-13.0,-260.0,207.0,-653.0,160.0,38.0,-65.0,703.0,-84.0,-600.0
44.0,169.0,156.0,-530.0,-53.0,157.0,-192.0,657.0,-108.0,-710.0
76.0,750.0,197.0,-357.0,-231.0,327.0,-266.0,-83.0,-134.0,-807.0
132.0,1215.0,152.0,-185.0,-188.0,185.0,-291.0,-428.0,-158.0,-829.0
162.0,1399.0,183.0,-44.0,-333.0,-31.0,-346.0,-563.0,-133.0,-769.0
197.0,1271.0,134.0,77.0,-678.0,53.0,-406.0,-456.0,-78.0,-648.0
201.0,898.0,126.0,204.0,-480.0,45.0,-342.0,24.0,-11.0,-458.0
184.0,291.0,157.0,276.0,-168.0,104.0,-216.0,236.0,41.0,-217.0
140.0,-433.0,25.0,231.0,-209.0,358.0,-121.0,-417.0,106.0,57.0
37.0,-774.0,-3.0,138.0,-7.0,490.0,-65.0,-1273.0,198.0,342.0
-51.0,-879.0,-27.0,97.0,109.0,449.0,-54.0,-1121.0,288.0,591.0
-159.0,-691.0,-140.0,27.0,186.0,196.0,-64.0,-164.0,328.0,760.0
-198.0,-460.0,-151.0,-93.0,488.0,83.0,-57.0,600.0,326.0,861.0
-216.0,-102.0,-189.0,-207.0,209.0,183.0,-42.0,790.0,266.0,875.0
-209.0,431.0,-279.0,-338.0,127.0,-41.0,-67.0,563.0,154.0,790.0
-180.0,657.0,-271.0,-456.0,540.0,-125.0,-74.0,127.0,77.0,632.0
-155.0,746.0,-277.0,-545.0,310.0,-34.0,29.0,-205.0,17.0,425.0
-131.0,671.0,-290.0,-544.0,101.0,16.0,118.0,-253.0,-30.0,216.0
-133.0,494.0,-252.0,-477.0,104.0,45.0,113.0,-46.0,-63.0,53.0
-117.0,52.0,-198.0,-387.0,-46.0,-161.0,130.0,-35.0,-95.0,-26.0
-120.0,-417.0,-182.0,-241.0,200.0,-20.0,164.0,-131.0,-86.0,-38.0
-109.0,-666.0,-166.0,-101.0,100.0,89.0,216.0,-232.0,-98.0,22.0
-94.0,-794.0,-89.0,8.0,-197.0,-82.0,252.0,-476.0,-137.0,162.0
-43.0,-561.0,-39.0,126.0,110.0,-33.0,236.0,-273.0,-133.0,329.0
-37.0,-258.0,28.0,261.0,63.0,102.0,229.0,57.0,-96.0,483.0
-57.0,127.0,68.0,381.0,-132.0,216.0,227.0,256.0,-31.0,601.0
-66.0,399.0,64.0,446.0,-125.0,68.0,250.0,-57.0,45.0,659.0
-87.0,436.0,82.0,443.0,-261.0,-205.0,208.0,-123.0,104.0,661.0
-81.0,376.0,13.0,396.0,-70.0,-226.0,70.0,596.0,161.0,595.0
-117.0,148.0,-42.0,304.0,-92.0,-196.0,-57.0,83.0,195.0,487.0
-121.0,32.0,-68.0,191.0,-326.0,-281.0,-142.0,-746.0,199.0,351.0
-105.0,-56.0,-139.0,83.0,-31.0,-189.0,-281.0,-203.0,157.0,184.0
-76.0,-239.0,-174.0,-71.0,85.0,-137.0,-523.0,957.0,44.0,22.0
-37.0,-297.0,-201.0,-200.0,-19.0,-154.0,-694.0,1025.0,-99.0,-127.0
2.0,-138.0,-193.0,-280.0,45.0,-24.0,-732.0,378.0,-234.0,-279.0
27.0,48.0,-205.0,-349.0,18.0,-45.0,-702.0,158.0,-317.0,-449.0
33.0,195.0,-252.0,-375.0,102.0,-33.0,-663.0,-434.0,-347.0,-601.0
38.0,50.0,-230.0,-348.0,159.0,-189.0,-576.0,-306.0,-364.0,-735.0
11.0,-199.0,-249.0,-252.0,-11.0,-227.0,-420.0,131.0,-326.0,-884.0
-4.0,-273.0,-265.0,-148.0,-56.0,25.0,-285.0,112.0,-211.0,-980.0
-9.0,-360.0,-231.0,-52.0,-43.0,-72.0,-221.0,315.0,-46.0,-992.0
-35.0,-250.0,-168.0,53.0,-169.0,-179.0,-230.0,417.0,161.0,-948.0
-76.0,-254.0,-40.0,131.0,-301.0,-164.0,-218.0,186.0,344.0,-838.0
-125.0,-277.0,6.0,179.0,-406.0,68.0,-214.0,-559.0,420.0,-671.0
-188.0,-113.0,56.0,156.0,-308.0,106.0,-213.0,-395.0,423.0,-474.0
-235.0,151.0,122.0,92.0,-170.0,-118.0,-191.0,31.0,385.0,-249.0
-265.0,530.0,109.0,49.0,-323.0,-104.0,-147.0,5.0,289.0,-55.0
-225.0,664.0,123.0,31.0,-166.0,-28.0,-27.0,223.0,141.0,116.0
-133.0,745.0,81.0,44.0,41.0,120.0,121.0,81.0,-49.0,254.0
-23.0,635.0,23.0,44.0,47.0,-96.0,190.0,18.0,-227.0,299.0
83.0,401.0,29.0,44.0,203.0,-279.0,131.0,-109.0,-353.0,276.0
144.0,226.0,-20.0,30.0,121.0,-191.0,116.0,153.0,-447.0,189.0
161.0,7.0,23.0,31.0,189.0,-62.0,141.0,399.0,-491.0,47.0
140.0,-120.0,76.0,31.0,380.0,11.0,107.0,308.0,-479.0,-156.0
131.0,-457.0,42.0,3.0,273.0,-52.0,17.0,485.0,-390.0,-359.0
72.0,-716.0,69.0,-18.0,311.0,125.0,-143.0,96.0,-268.0,-501.0
6.0,-911.0,32.0,-48.0,296.0,143.0,-277.0,18.0,-125.0,-621.0
-39.0,-959.0,28.0,-46.0,106.0,91.0,-335.0,112.0,48.0,-681.0
-79.0,-516.0,40.0,-68.0,100.0,23.0,-395.0,181.0,197.0,-661.0
-79.0,22.0,42.0,-120.0,-125.0,0.0,-498.0,325.0,338.0,-563.0
-80.0,607.0,88.0,-142.0,-344.0,-43.0,-565.0,271.0,481.0,-422.0
-70.0,1027.0,43.0,-130.0,-182.0,-204.0,-556.0,620.0,589.0,-254.0
-47.0,1339.0,35.0,-141.0,-365.0,-79.0,-520.0,469.0,631.0,-73.0
-17.0,1334.0,26.0,-173.0,-442.0,2.0,-525.0,360.0,620.0,67.0
37.0,952.0,-25.0,-164.0,-124.0,27.0,-493.0,609.0,557.0,199.0
110.0,523.0,-24.0,-132.0,-75.0,-3.0,-359.0,665.0,439.0,328.0
182.0,28.0,-6.0,-63.0,20.0,4.0,-223.0,-9.0,297.0,443.0
245.0,-229.0,-13.0,-22.0,147.0,118.0,-105.0,-979.0,123.0,541.0
263.0,-537.0,11.0,-27.0,105.0,147.0,-48.0,-720.0,-80.0,617.0
278.0,-799.0,63.0,1.0,243.0,182.0,38.0,-642.0,-328.0,694.0
251.0,-761.0,126.0,28.0,252.0,155.0,221.0,-862.0,-558.0,750.0
206.0,-576.0,175.0,51.0,54.0,168.0,375.0,-637.0,-698.0,759.0
152.0,-484.0,164.0,73.0,103.0,106.0,437.0,-131.0,-761.0,754.0
86.0,-376.0,226.0,73.0,190.0,68.0,419.0,495.0,-740.0,749.0
49.0,9.0,254.0,11.0,131.0,201.0,422.0,317.0,-660.0,724.0
-16.0,178.0,257.0,-96.0,23.0,104.0,405.0,-578.0,-504.0,674.0
-14.0,199.0,280.0,-136.0,5.0,-42.0,246.0,-1256.0,-288.0,591.0
-4.0,39.0,222.0,-137.0,29.0,-118.0,-3.0,-1075.0,-99.0,466.0
19.0,-422.0,164.0,-161.0,-12.0,-97.0,-189.0,-700.0,71.0,272.0
65.0,-1008.0,101.0,-197.0,-63.0,-45.0,-236.0,14.0,174.0,40.0
96.0,-1295.0,71.0,-230.0,-253.0,-54.0,-283.0,849.0,191.0,-186.0
176.0,-1173.0,58.0,-242.0,-274.0,159.0,-390.0,990.0,167.0,-430.0
221.0,-786.0,71.0,-180.0,-93.0,83.0,-419.0,587.0,90.0,-621.0
245.0,44.0,102.0,-107.0,-172.0,-54.0,-372.0,-20.0,-8.0,-706.0
261.0,781.0,140.0,-3.0,-311.0,116.0,-260.0,-171.0,-105.0,-725.0
248.0,1440.0,230.0,132.0,-133.0,198.0,-130.0,-84.0,-149.0,-687.0
208.0,1807.0,284.0,249.0,30.0,196.0,-18.0,-18.0,-119.0,-603.0
130.0,1657.0,303.0,384.0,31.0,223.0,95.0,64.0,-46.0,-494.0
58.0,1270.0,270.0,477.0,161.0,386.0,166.0,395.0,31.0,-387.0
11.0,626.0,209.0,517.0,213.0,373.0,202.0,718.0,72.0,-325.0
-41.0,80.0,166.0,480.0,313.0,269.0,135.0,511.0,105.0,-303.0
-87.0,-383.0,133.0,384.0,448.0,165.0,17.0,-351.0,130.0,-300.0
-108.0,-710.0,31.0,231.0,244.0,106.0,-72.0,-846.0,131.0,-324.0
-85.0,-867.0,-39.0,60.0,142.0,151.0,-83.0,-179.0,123.0,-376.0
-52.0,-768.0,-43.0,-51.0,225.0,51.0,-82.0,672.0,100.0,-429.0
-24.0,-556.0,-92.0,-161.0,38.0,104.0,-123.0,864.0,103.0,-445.0
11.0,-470.0,-82.0,-264.0,-182.0,279.0,-77.0,362.0,157.0,-430.0
33.0,-282.0,-120.0,-335.0,-253.0,530.0,24.0,404.0,248.0,-385.0
65.0,0.0,-125.0,-339.0,-324.0,506.0,109.0,240.0,365.0,-296.0
92.0,133.0,-109.0,-316.0,-211.0,273.0,32.0,-430.0,469.0,-198.0
118.0,-181.0,-158.0,-276.0,-133.0,275.0,-101.0,-663.0,539.0,-104.0
91.0,-362.0,-130.0,-207.0,-268.0,258.0,-137.0,-389.0,556.0,-2.0
52.0,-451.0,-138.0,-123.0,-158.0,189.0,-73.0,107.0,522.0,93.0
-8.0,-714.0,-123.0,-4.0,-18.0,-2.0,-7.0,-293.0,453.0,143.0
-84.0,-843.0,-102.0,86.0,-135.0,108.0,-21.0,-594.0,379.0,177.0
-155.0,-897.0,-86.0,166.0,-178.0,279.0,48.0,-726.0,309.0,198.0
-224.0,-634.0,-45.0,224.0,-117.0,175.0,197.0,-421.0,228.0,158.0
-199.0,-199.0,-39.0,242.0,-13.0,144.0,325.0,245.0,132.0,67.0
-172.0,301.0,-18.0,203.0,1.0,208.0,331.0,556.0,27.0,-45.0
-109.0,591.0,-54.0,61.0,-106.0,169.0,262.0,515.0,-60.0,-160.0
-69.0,699.0,-86.0,-102.0,13.0,23.0,224.0,-513.0,-136.0,-282.0
-47.0,803.0,-97.0,-211.0,123.0,197.0,202.0,-1047.0,-188.0,-369.0
-22.0,629.0,-130.0,-261.0,7.0,260.0,113.0,-949.0,-234.0,-407.0
-30.0,525.0,-123.0,-260.0,-36.0,240.0,-53.0,-397.0,-299.0,-395.0
1.0,322.0,-91.0,-233.0,5.0,253.0,-163.0,73.0,-343.0,-324.0
38.0,179.0,-83.0,-174.0,16.0,179.0,-189.0,315.0,-363.0,-216.0
97.0,203.0,-69.0,-117.0,36.0,214.0,-124.0,321.0,-351.0,-81.0
151.0,176.0,-28.0,-141.0,-24.0,137.0,-68.0,-188.0,-306.0,69.0
200.0,310.0,-5.0,-183.0,25.0,82.0,-15.0,-162.0,-238.0,233.0
203.0,319.0,29.0,-214.0,162.0,-12.0,107.0,-526.0,-146.0,383.0
209.0,264.0,75.0,-232.0,25.0,128.0,256.0,-421.0,-61.0,541.0
200.0,8.0,77.0,-185.0,35.0,385.0,333.0,105.0,20.0,677.0
149.0,-345.0,47.0,-151.0,-27.0,298.0,287.0,467.0,101.0,756.0
122.0,-437.0,97.0,-116.0,-13.0,194.0,264.0,109.0,140.0,811.0
67.0,-487.0,116.0,-64.0,216.0,77.0,264.0,-1121.0,161.0,811.0
28.0,-509.0,92.0,-38.0,0.0,87.0,216.0,-1067.0,159.0,729.0
-12.0,-466.0,132.0,-10.0,64.0,37.0,125.0,-533.0,103.0,577.0
-39.0,-443.0,132.0,67.0,230.0,-90.0,57.0,136.0,44.0,362.0
-53.0,-490.0,156.0,151.0,109.0,18.0,51.0,685.0,-19.0,101.0
-63.0,-327.0,139.0,169.0,82.0,6.0,89.0,594.0,-45.0,-157.0
-87.0,-147.0,103.0,133.0,-62.0,0.0,130.0,33.0,-71.0,-392.0
-92.0,168.0,111.0,76.0,-51.0,88.0,146.0,-766.0,-129.0,-547.0
-48.0,574.0,118.0,34.0,80.0,181.0,180.0,-1023.0,-181.0,-579.0
15.0,621.0,141.0,4.0,3.0,227.0,203.0,-460.0,-211.0,-460.0
134.0,666.0,157.0,-8.0,64.0,164.0,203.0,341.0,-192.0,-218.0
250.0,660.0,187.0,-55.0,135.0,327.0,138.0,369.0,-164.0,101.0
349.0,627.0,205.0,-101.0,69.0,484.0,58.0,-40.0,-143.0,472.0
410.0,360.0,225.0,-97.0,46.0,496.0,48.0,-399.0,-135.0,819.0
415.0,-17.0,205.0,-73.0,-150.0,463.0,47.0,-149.0,-134.0,1109.0
399.0,-123.0,172.0,-31.0,-157.0,354.0,21.0,175.0,-128.0,1283.0
341.0,-158.0,142.0,27.0,-108.0,352.0,-9.0,367.0,-97.0,1336.0
251.0,-182.0,174.0,83.0,-254.0,404.0,-6.0,341.0,-60.0,1286.0
171.0,-276.0,204.0,114.0,-137.0,428.0,73.0,96.0,-44.0,1137.0
87.0,-286.0,167.0,155.0,-122.0,373.0,168.0,-103.0,22.0,942.0
6.0,-194.0,178.0,173.0,-175.0,310.0,218.0,-112.0,111.0,724.0
-71.0,-24.0,180.0,197.0,13.0,256.0,246.0,216.0,190.0,497.0
-138.0,2.0,190.0,228.0,10.0,227.0,224.0,-308.0,238.0,308.0
-184.0,42.0,124.0,266.0,-8.0,158.0,191.0,-788.0,218.0,141.0
-198.0,211.0,54.0,311.0,265.0,-17.0,124.0,-779.0,177.0,-22.0
-174.0,171.0,-20.0,296.0,194.0,74.0,44.0,-38.0,138.0,-172.0
-153.0,143.0,-105.0,246.0,-3.0,247.0,31.0,290.0,89.0,-336.0
-125.0,53.0,-151.0,217.0,166.0,205.0,67.0,-110.0,26.0,-480.0
-124.0,-2.0,-240.0,187.0,138.0,104.0,93.0,-513.0,-4.0,-605.0
-94.0,3.0,-240.0,148.0,23.0,162.0,92.0,-740.0,-8.0,-737.0
-77.0,-56.0,-212.0,124.0,33.0,247.0,135.0,218.0,-36.0,-852.0
-70.0,-171.0,-217.0,20.0,-31.0,172.0,165.0,162.0,-40.0,-926.0
-34.0,-359.0,-184.0,-82.0,-24.0,99.0,191.0,343.0,-35.0,-936.0
-1.0,-318.0,-140.0,-169.0,-135.0,11.0,188.0,909.0,-40.0,-897.0
39.0,-255.0,-126.0,-259.0,-322.0,106.0,124.0,735.0,-18.0,-765.0
36.0,-116.0,-45.0,-296.0,-358.0,124.0,115.0,121.0,20.0,-572.0
46.0,248.0,14.0,-305.0,-297.0,-14.0,166.0,-500.0,75.0,-361.0
20.0,603.0,58.0,-228.0,-153.0,94.0,201.0,-260.0,123.0,-129.0
-11.0,915.0,171.0,-130.0,-193.0,102.0,128.0,-607.0,171.0,54.0
-54.0,1007.0,216.0,-19.0,-40.0,-35.0,3.0,-212.0,204.0,164.0
-124.0,914.0,241.0,119.0,261.0,-77.0,-40.0,691.0,200.0,175.0
-172.0,537.0,244.0,242.0,202.0,35.0,-5.0,716.0,179.0,88.0
-223.0,48.0,213.0,314.0,286.0,59.0,-5.0,-57.0,111.0,-56.0
-234.0,-421.0,168.0,273.0,253.0,-88.0,-26.0,-582.0,-1.0,-248.0
-224.0,-977.0,129.0,141.0,73.0,-48.0,15.0,-258.0,-107.0,-450.0
-179.0,-1173.0,48.0,-45.0,165.0,184.0,126.0,109.0,-203.0,-599.0
-142.0,-1019.0,-7.0,-193.0,-113.0,197.0,247.0,151.0,-276.0,-654.0
-113.0,-616.0,-67.0,-280.0,-303.0,-133.0,275.0,-386.0,-277.0,-615.0
-91.0,-168.0,-144.0,-362.0,-106.0,-70.0,218.0,-441.0,-260.0,-516.0
-41.0,236.0,-110.0,-441.0,-344.0,185.0,162.0,-14.0,-242.0,-386.0
19.0,637.0,-130.0,-498.0,-441.0,75.0,144.0,242.0,-194.0,-277.0
76.0,780.0,-116.0,-494.0,-214.0,-87.0,90.0,363.0,-92.0,-206.0
162.0,762.0,-52.0,-450.0,-245.0,5.0,-18.0,317.0,43.0,-168.0
225.0,570.0,-68.0,-387.0,-191.0,319.0,-66.0,-240.0,128.0,-164.0
286.0,446.0,-51.0,-276.0,-34.0,314.0,-24.0,-870.0,154.0,-148.0
297.0,312.0,4.0,-145.0,-53.0,229.0,52.0,-842.0,127.0,-96.0
292.0,46.0,43.0,-35.0,136.0,200.0,126.0,-46.0,93.0,10.0
281.0,-128.0,103.0,58.0,286.0,164.0,215.0,515.0,94.0,173.0
278.0,-371.0,140.0,159.0,120.0,107.0,351.0,127.0,73.0,359.0
286.0,-572.0,152.0,243.0,231.0,-163.0,391.0,-184.0,-27.0,581.0
278.0,-761.0,153.0,273.0,201.0,-127.0,272.0,166.0,-167.0,808.0
268.0,-850.0,110.0,313.0,147.0,53.0,101.0,214.0,-272.0,1012.0
226.0,-785.0,105.0,366.0,165.0,163.0,-71.0,-461.0,-322.0,1170.0
207.0,-606.0,64.0,432.0,-91.0,144.0,-180.0,-541.0,-365.0,1241.0
169.0,-288.0,10.0,490.0,40.0,207.0,-304.0,-186.0,-418.0,1213.0
137.0,-28.0,-37.0,501.0,131.0,427.0,-426.0,101.0,-443.0,1072.0
168.0,142.0,-117.0,475.0,-57.0,330.0,-447.0,214.0,-441.0,844.0
224.0,230.0,-126.0,399.0,-85.0,388.0,-423.0,-20.0,-400.0,546.0
304.0,449.0,-197.0,322.0,-86.0,320.0,-366.0,-315.0,-330.0,189.0
373.0,629.0,-230.0,221.0,-141.0,70.0,-350.0,-463.0,-222.0,-173.0
412.0,722.0,-218.0,75.0,-126.0,-12.0,-291.0,-388.0,-76.0,-537.0
409.0,883.0,-285.0,-86.0,-211.0,9.0,-165.0,5.0,66.0,-853.0
358.0,954.0,-224.0,-236.0,-150.0,316.0,-32.0,733.0,161.0,-1083.0
263.0,954.0,-247.0,-314.0,86.0,364.0,59.0,1321.0,183.0,-1222.0
161.0,797.0,-225.0,-297.0,3.0,265.0,82.0,827.0,151.0,-1219.0
90.0,493.0,-144.0,-203.0,77.0,116.0,185.0,-229.0,124.0,-1078.0
0.0,31.0,-150.0,-119.0,162.0,34.0,296.0,-578.0,110.0,-819.0
-85.0,-425.0,-88.0,-29.0,117.0,267.0,372.0,-800.0,82.0,-477.0
-147.0,-910.0,-76.0,68.0,173.0,250.0,342.0,-696.0,77.0,-86.0
-190.0,-1362.0,-59.0,133.0,82.0,213.0,216.0,-219.0,49.0,303.0
-197.0,-1408.0,-129.0,195.0,-2.0,314.0,104.0,27.0,74.0,619.0
-218.0,-1204.0,-153.0,243.0,39.0,396.0,-48.0,-73.0,151.0,843.0
-209.0,-758.0,-246.0,239.0,-16.0,441.0,-222.0,426.0,187.0,937.0
-191.0,-309.0,-332.0,141.0,-109.0,321.0,-384.0,764.0,209.0,875.0
-185.0,68.0,-297.0,22.0,-100.0,327.0,-420.0,371.0,180.0,688.0
-174.0,465.0,-381.0,-67.0,-120.0,352.0,-321.0,388.0,162.0,396.0
-148.0,814.0,-340.0,-119.0,-4.0,254.0,-215.0,-173.0,155.0,28.0
-90.0,1237.0,-369.0,-144.0,-51.0,390.0,-188.0,-774.0,129.0,-359.0
-29.0,1519.0,-364.0,-187.0,-141.0,471.0,-191.0,-700.0,56.0,-703.0
54.0,1630.0,-310.0,-229.0,-17.0,399.0,-128.0,-121.0,-68.0,-948.0
115.0,1518.0,-295.0,-299.0,-97.0,429.0,-46.0,36.0,-155.0,-1106.0
167.0,1233.0,-234.0,-339.0,-54.0,313.0,-8.0,-275.0,-208.0,-1165.0
176.0,668.0,-233.0,-304.0,-11.0,113.0,9.0,-400.0,-212.0,-1116.0
161.0,-103.0,-120.0,-255.0,-199.0,44.0,99.0,-583.0,-203.0,-1029.0
123.0,-685.0,-75.0,-203.0,-78.0,189.0,170.0,-646.0,-175.0,-931.0
36.0,-1263.0,-18.0,-164.0,56.0,305.0,139.0,-545.0,-113.0,-824.0
-40.0,-1516.0,97.0,-95.0,-66.0,208.0,54.0,-64.0,-58.0,-727.0
-132.0,-1463.0,63.0,14.0,70.0,164.0,-34.0,286.0,28.0,-620.0
-198.0,-1324.0,116.0,103.0,238.0,132.0,-80.0,327.0,117.0,-488.0
-244.0,-958.0,185.0,141.0,123.0,131.0,-83.0,160.0,162.0,-291.0
-271.0,-618.0,203.0,213.0,91.0,88.0,-90.0,-48.0,216.0,-46.0
-282.0,-344.0,201.0,317.0,87.0,52.0,-166.0,110.0,278.0,192.0
-259.0,-174.0,116.0,331.0,74.0,114.0,-221.0,410.0,287.0,454.0
-235.0,183.0,61.0,292.0,94.0,70.0,-228.0,291.0,285.0,679.0
-231.0,697.0,71.0,256.0,-82.0,21.0,-247.0,94.0,281.0,842.0
-206.0,934.0,67.0,180.0,-51.0,-43.0,-302.0,109.0,280.0,923.0
-191.0,1111.0,-36.0,117.0,-40.0,-85.0,-341.0,105.0,302.0,915.0
-170.0,1292.0,-46.0,114.0,-210.0,-103.0,-280.0,59.0,317.0,859.0
-147.0,1223.0,-25.0,76.0,-118.0,-159.0,-172.0,251.0,293.0,737.0
-105.0,909.0,-63.0,5.0,-204.0,-206.0,-119.0,447.0,227.0,571.0
-52.0,588.0,-23.0,-41.0,-219.0,-18.0,-44.0,51.0,188.0,355.0
-4.0,24.0,13.0,-49.0,12.0,191.0,46.0,-177.0,181.0,120.0
32.0,-644.0,6.0,-17.0,-7.0,-35.0,129.0,-221.0,166.0,-109.0
69.0,-1007.0,-21.0,48.0,16.0,-27.0,289.0,-253.0,155.0,-317.0
114.0,-1224.0,40.0,96.0,183.0,344.0,325.0,182.0,143.0,-475.0
158.0,-1217.0,54.0,149.0,171.0,638.0,348.0,509.0,122.0,-590.0
180.0,-1038.0,66.0,218.0,201.0,703.0,430.0,-53.0,89.0,-638.0
193.0,-846.0,100.0,242.0,272.0,584.0,492.0,-1038.0,27.0,-610.0
218.0,-728.0,66.0,288.0,267.0,633.0,450.0,-1201.0,-40.0,-530.0
208.0,-436.0,113.0,339.0,305.0,562.0,257.0,-389.0,-100.0,-437.0
195.0,59.0,105.0,406.0,181.0,416.0,245.0,609.0,-120.0,-304.0
134.0,449.0,46.0,442.0,81.0,486.0,232.0,1086.0,-121.0,-169.0
84.0,699.0,21.0,357.0,63.0,496.0,227.0,367.0,-158.0,-47.0
52.0,590.0,-15.0,242.0,-42.0,539.0,196.0,-1188.0,-164.0,37.0
5.0,394.0,-87.0,131.0,-113.0,661.0,55.0,-2013.0,-166.0,56.0
-23.0,334.0,-140.0,42.0,-189.0,771.0,51.0,-892.0,-192.0,48.0
-64.0,436.0,-181.0,-24.0,-173.0,843.0,37.0,1075.0,-218.0,-28.0
-53.0,468.0,-174.0,-144.0,-104.0,695.0,-7.0,1807.0,-235.0,-132.0
-50.0,363.0,-178.0,-250.0,-138.0,597.0,-114.0,905.0,-237.0,-238.0
-48.0,399.0,-198.0,-276.0,-13.0,559.0,-152.0,-707.0,-234.0,-333.0
-49.0,177.0,-172.0,-279.0,122.0,553.0,-132.0,-1029.0,-198.0,-364.0
-48.0,-135.0,-190.0,-280.0,-25.0,522.0,-202.0,7.0,-167.0,-331.0
-37.0,-349.0,-180.0,-235.0,-65.0,336.0,-232.0,761.0,-117.0,-224.0
-61.0,-315.0,-191.0,-134.0,22.0,565.0,-306.0,648.0,-4.0,-72.0
-84.0,-64.0,-176.0,-39.0,-181.0,644.0,-330.0,162.0,76.0,129.0
-101.0,62.0,-196.0,31.0,-242.0,365.0,-204.0,35.0,122.0,344.0
-97.0,182.0,-206.0,98.0,-21.0,231.0,-160.0,-125.0,161.0,541.0
-107.0,311.0,-202.0,168.0,-135.0,64.0,-137.0,-271.0,173.0,704.0
-101.0,556.0,-215.0,230.0,-127.0,239.0,-55.0,-38.0,218.0,785.0
-111.0,543.0,-117.0,257.0,63.0,334.0,34.0,-46.0,303.0,807.0
-156.0,189.0,-131.0,267.0,66.0,161.0,213.0,-654.0,395.0,750.0
-230.0,-219.0,-106.0,276.0,89.0,167.0,283.0,-772.0,446.0,628.0
-318.0,-372.0,-78.0,221.0,-23.0,114.0,383.0,-286.0,421.0,460.0
-396.0,-152.0,-119.0,114.0,-99.0,194.0,624.0,55.0,376.0,242.0
-481.0,-85.0,-93.0,-8.0,-91.0,109.0,777.0,768.0,316.0,26.0
-536.0,-102.0,-86.0,-155.0,-213.0,-129.0,857.0,1025.0,224.0,-174.0
-581.0,-196.0,-111.0,-292.0,-281.0,-115.0,766.0,182.0,137.0,-342.0
-593.0,-191.0,-122.0,-384.0,-263.0,-101.0,577.0,-691.0,60.0,-486.0
-615.0,-87.0,-148.0,-380.0,-269.0,39.0,436.0,-1223.0,7.0,-601.0
-631.0,-68.0,-160.0,-308.0,-161.0,72.0,386.0,-705.0,-12.0,-681.0
-611.0,126.0,-106.0,-221.0,-89.0,-116.0,269.0,491.0,-44.0,-716.0
-609.0,258.0,-121.0,-81.0,-70.0,-166.0,126.0,1005.0,-64.0,-717.0
-581.0,420.0,-111.0,89.0,58.0,-186.0,158.0,896.0,-56.0,-676.0
-552.0,315.0,-114.0,234.0,125.0,-243.0,166.0,157.0,-19.0,-583.0
-507.0,-235.0,-168.0,351.0,152.0,-244.0,150.0,-602.0,57.0,-461.0
-454.0,-620.0,-109.0,425.0,137.0,-139.0,84.0,-873.0,121.0,-313.0
-427.0,-728.0,-44.0,432.0,232.0,34.0,-68.0,-325.0,172.0,-198.0
-377.0,-694.0,-20.0,397.0,400.0,160.0,-180.0,545.0,172.0,-137.0
-314.0,-679.0,63.0,336.0,270.0,219.0,-258.0,729.0,128.0,-154.0
-237.0,-629.0,92.0,200.0,106.0,229.0,-376.0,291.0,58.0,-243.0
-168.0,-604.0,99.0,56.0,242.0,235.0,-554.0,-955.0,-54.0,-394.0
-100.0,-515.0,164.0,-29.0,282.0,166.0,-645.0,-1212.0,-156.0,-592.0
-18.0,-280.0,184.0,-98.0,99.0,56.0,-594.0,147.0,-250.0,-774.0
39.0,-118.0,216.0,-127.0,-14.0,160.0,-423.0,1526.0,-329.0,-927.0
98.0,-89.0,201.0,-139.0,-74.0,248.0,-248.0,2049.0,-387.0,-998.0
150.0,-27.0,179.0,-134.0,-61.0,172.0,-33.0,918.0,-443.0,-988.0
197.0,209.0,236.0,-92.0,-68.0,225.0,345.0,-1169.0,-465.0,-921.0
238.0,400.0,231.0,-88.0,-218.0,379.0,671.0,-2067.0,-467.0,-762.0
265.0,614.0,181.0,-89.0,-158.0,327.0,870.0,-1067.0,-427.0,-555.0
302.0,692.0,200.0,-83.0,44.0,84.0,985.0,-46.0,-318.0,-360.0
316.0,647.0,134.0,-62.0,-19.0,64.0,993.0,432.0,-210.0,-149.0
317.0,645.0,66.0,3.0,-76.0,391.0,934.0,925.0,-106.0,44.0
319.0,457.0,65.0,33.0,-34.0,567.0,804.0,598.0,-12.0,190.0
322.0,233.0,0.0,98.0,108.0,304.0,615.0,114.0,37.0,323.0
331.0,37.0,0.0,183.0,178.0,93.0,449.0,-293.0,68.0,434.0
335.0,-8.0,20.0,242.0,-62.0,200.0,345.0,-508.0,101.0,534.0
328.0,-83.0,16.0,343.0,-54.0,286.0,214.0,299.0,140.0,637.0
321.0,-277.0,0.0,412.0,126.0,171.0,60.0,580.0,159.0,768.0
305.0,-372.0,-8.0,407.0,109.0,6.0,-4.0,352.0,167.0,906.0
297.0,-524.0,20.0,347.0,63.0,41.0,15.0,286.0,166.0,1016.0
291.0,-575.0,84.0,275.0,-18.0,87.0,20.0,94.0,153.0,1096.0
279.0,-473.0,145.0,164.0,2.0,38.0,-34.0,88.0,170.0,1126.0
254.0,-328.0,121.0,-12.0,55.0,86.0,-118.0,-83.0,206.0,1113.0
219.0,-207.0,119.0,-186.0,-115.0,29.0,-152.0,-814.0,257.0,1030.0
213.0,-86.0,83.0,-307.0,-206.0,-16.0,-121.0,-1152.0,265.0,882.0
211.0,76.0,66.0,-396.0,-112.0,-102.0,-156.0,-419.0,218.0,710.0
211.0,66.0,68.0,-423.0,-46.0,-106.0,-210.0,750.0,203.0,523.0
187.0,76.0,65.0,-413.0,-87.0,-87.0,-244.0,2004.0,197.0,348.0
180.0,17.0,106.0,-417.0,-251.0,-367.0,-256.0,1954.0,167.0,212.0
182.0,-130.0,91.0,-392.0,-204.0,-350.0,-155.0,218.0,146.0,112.0
157.0,-4.0,122.0,-314.0,-75.0,-297.0,-80.0,-1644.0,76.0,39.0
104.0,116.0,121.0,-232.0,-173.0,-434.0,-32.0,-1842.0,-30.0,2.0
22.0,-70.0,171.0,-225.0,-85.0,-655.0,77.0,-77.0,-99.0,1.0
-53.0,-339.0,205.0,-197.0,-42.0,-786.0,224.0,1243.0,-144.0,46.0
-135.0,-278.0,203.0,-162.0,-58.0,-557.0,415.0,1245.0,-153.0,99.0
-194.0,-196.0,251.0,-183.0,195.0,-494.0,516.0,537.0,-140.0,150.0
-246.0,-365.0,183.0,-214.0,166.0,-473.0,518.0,-618.0,-100.0,194.0
-262.0,-577.0,217.0,-215.0,27.0,-353.0,528.0,-1285.0,-16.0,178.0
-261.0,-544.0,206.0,-163.0,268.0,-297.0,521.0,-1097.0,57.0,87.0
-250.0,-159.0,167.0,-114.0,372.0,-358.0,475.0,-362.0,119.0,-96.0
-206.0,133.0,203.0,-75.0,108.0,-592.0,389.0,705.0,164.0,-359.0
-180.0,369.0,202.0,-34.0,78.0,-697.0,373.0,1533.0,221.0,-695.0
-159.0,648.0,221.0,17.0,87.0,-686.0,462.0,1269.0,296.0,-1051.0
-153.0,928.0,186.0,101.0,-61.0,-676.0,521.0,-471.0,368.0,-1406.0
-155.0,989.0,149.0,204.0,-187.0,-569.0,512.0,-2165.0,445.0,-1735.0
-138.0,697.0,121.0,290.0,-367.0,-371.0,520.0,-2230.0,443.0,-1975.0
-158.0,421.0,111.0,332.0,-288.0,-245.0,542.0,-508.0,366.0,-2115.0
-203.0,139.0,75.0,366.0,-215.0,-329.0,550.0,1914.0,313.0,-2105.0
-236.0,-146.0,40.0,370.0,-202.0,-549.0,517.0,3011.0,267.0,-1939.0
-285.0,-413.0,2.0,317.0,-83.0,-742.0,398.0,1821.0,224.0,-1624.0
-339.0,-547.0,11.0,285.0,-59.0,-751.0,266.0,-565.0,183.0,-1183.0
-414.0,-516.0,43.0,262.0,56.0,-720.0,138.0,-1649.0,84.0,-690.0
-465.0,-331.0,62.0,225.0,94.0,-730.0,23.0,-1613.0,-61.0,-182.0
-493.0,-27.0,95.0,186.0,-48.0,-530.0,-156.0,-733.0,-179.0,255.0
-481.0,31.0,98.0,152.0,44.0,-323.0,-399.0,938.0,-291.0,561.0
-427.0,71.0,129.0,106.0,142.0,-394.0,-559.0,842.0,-369.0,761.0
-363.0,131.0,120.0,18.0,119.0,-486.0,-648.0,221.0,-352.0,828.0
-270.0,190.0,167.0,-76.0,148.0,-429.0,-697.0,423.0,-283.0,763.0
-184.0,109.0,191.0,-146.0,7.0,-336.0,-701.0,881.0,-182.0,607.0
-59.0,-337.0,143.0,-152.0,129.0,-373.0,-559.0,809.0,-132.0,370.0
33.0,-594.0,54.0,-135.0,192.0,-471.0,-332.0,-395.0,-100.0,107.0
121.0,-718.0,23.0,-150.0,-125.0,-463.0,-146.0,-803.0,-61.0,-164.0
225.0,-823.0,-19.0,-155.0,-108.0,-473.0,15.0,-314.0,-38.0,-423.0
320.0,-631.0,-117.0,-122.0,-34.0,-381.0,155.0,774.0,-16.0,-619.0
389.0,-129.0,-82.0,-131.0,-89.0,-319.0,291.0,1396.0,-66.0,-733.0
420.0,342.0,-146.0,-181.0,8.0,-518.0,388.0,591.0,-121.0,-755.0
454.0,601.0,-174.0,-217.0,-20.0,-720.0,420.0,-498.0,-180.0,-672.0
440.0,850.0,-192.0,-256.0,-26.0,-755.0,457.0,-1160.0,-272.0,-502.0
418.0,796.0,-213.0,-296.0,97.0,-630.0,528.0,-378.0,-354.0,-273.0
381.0,513.0,-181.0,-342.0,-87.0,-696.0,581.0,829.0,-421.0,2.0
369.0,260.0,-93.0,-366.0,-88.0,-894.0,550.0,1225.0,-451.0,291.0
324.0,77.0,0.0,-325.0,115.0,-1021.0,403.0,796.0,-464.0,569.0
274.0,-168.0,3.0,-200.0,31.0,-1014.0,289.0,-158.0,-448.0,795.0
249.0,-512.0,105.0,-94.0,15.0,-699.0,284.0,-759.0,-423.0,931.0
207.0,-634.0,87.0,6.0,-5.0,-664.0,278.0,-668.0,-392.0,979.0
199.0,-578.0,97.0,93.0,-61.0,-850.0,230.0,105.0,-333.0,905.0
170.0,-196.0,49.0,117.0,43.0,-779.0,141.0,386.0,-247.0,738.0
140.0,149.0,-19.0,162.0,-10.0,-722.0,101.0,229.0,-157.0,522.0
118.0,226.0,-43.0,152.0,-113.0,-619.0,102.0,7.0,-84.0,278.0
128.0,257.0,-210.0,124.0,49.0,-532.0,43.0,-803.0,-43.0,66.0
91.0,220.0,-277.0,93.0,70.0,-615.0,-111.0,-338.0,-12.0,-87.0
73.0,267.0,-426.0,30.0,-69.0,-836.0,-305.0,735.0,61.0,-160.0
72.0,97.0,-487.0,-92.0,-14.0,-863.0,-457.0,412.0,174.0,-146.0
71.0,-32.0,-491.0,-220.0,103.0,-543.0,-558.0,-399.0,264.0,-71.0
89.0,69.0,-498.0,-252.0,92.0,-398.0,-680.0,-1273.0,275.0,38.0
57.0,211.0,-416.0,-304.0,-94.0,-321.0,-814.0,-1025.0,221.0,165.0
65.0,369.0,-393.0,-314.0,-113.0,-312.0,-811.0,781.0,194.0,294.0
45.0,321.0,-288.0,-261.0,73.0,-335.0,-691.0,2159.0,230.0,397.0
36.0,225.0,-232.0,-235.0,113.0,-260.0,-569.0,1869.0,242.0,491.0
2.0,87.0,-142.0,-197.0,157.0,-498.0,-517.0,373.0,199.0,535.0
-39.0,-60.0,-23.0,-118.0,102.0,-559.0,-436.0,-831.0,161.0,545.0
-64.0,-290.0,87.0,8.0,23.0,-306.0,-265.0,-892.0,163.0,519.0
-79.0,-405.0,189.0,152.0,210.0,-302.0,-73.0,-168.0,183.0,426.0
-55.0,-170.0,262.0,259.0,167.0,-415.0,44.0,844.0,184.0,295.0
-42.0,-4.0,360.0,318.0,-14.0,-453.0,63.0,1402.0,177.0,119.0
-15.0,69.0,353.0,310.0,7.0,-279.0,126.0,631.0,156.0,-68.0
-1.0,157.0,408.0,292.0,-10.0,-146.0,178.0,-402.0,169.0,-246.0
21.0,337.0,385.0,271.0,22.0,-383.0,176.0,-637.0,242.0,-385.0
24.0,421.0,379.0,200.0,-55.0,-581.0,91.0,-498.0,304.0,-469.0
33.0,279.0,349.0,176.0,-199.0,-590.0,26.0,-86.0,304.0,-460.0
3.0,42.0,186.0,165.0,-5.0,-445.0,84.0,280.0,232.0,-395.0
-7.0,-72.0,150.0,117.0,103.0,-383.0,158.0,447.0,177.0,-273.0
-20.0,95.0,84.0,15.0,-107.0,-488.0,217.0,428.0,185.0,-62.0
-54.0,12.0,0.0,-109.0,-147.0,-541.0,203.0,236.0,189.0,131.0
-35.0,-265.0,-90.0,-171.0,8.0,-707.0,231.0,127.0,153.0,292.0
-28.0,-572.0,-154.0,-200.0,84.0,-724.0,266.0,-310.0,83.0,402.0
29.0,-851.0,-232.0,-193.0,64.0,-703.0,250.0,-391.0,2.0,432.0
50.0,-858.0,-264.0,-170.0,-140.0,-644.0,194.0,249.0,-32.0,350.0
86.0,-827.0,-265.0,-83.0,-98.0,-506.0,34.0,539.0,-37.0,186.0
109.0,-644.0,-324.0,79.0,126.0,-567.0,-116.0,423.0,-73.0,-17.0
102.0,-396.0,-254.0,245.0,-29.0,-557.0,-278.0,502.0,-151.0,-270.0
98.0,-51.0,-182.0,362.0,-159.0,-592.0,-481.0,1029.0,-251.0,-512.0
83.0,371.0,-161.0,418.0,-108.0,-550.0,-659.0,896.0,-322.0,-723.0
87.0,625.0,-96.0,419.0,48.0,-550.0,-748.0,177.0,-335.0,-879.0
61.0,685.0,-2.0,342.0,97.0,-707.0,-712.0,-463.0,-316.0,-974.0
68.0,500.0,-21.0,248.0,-39.0,-608.0,-621.0,-761.0,-325.0,-1010.0
27.0,248.0,-55.0,191.0,-15.0,-432.0,-522.0,-227.0,-314.0,-946.0
-16.0,-21.0,-94.0,161.0,70.0,-311.0,-417.0,-114.0,-210.0,-795.0
-47.0,-3.0,-201.0,106.0,67.0,-238.0,-274.0,-62.0,-83.0,-602.0
-72.0,8.0,-244.0,57.0,-43.0,-235.0,-82.0,214.0,60.0,-339.0
-67.0,-247.0,-321.0,69.0,-28.0,-400.0,22.0,127.0,165.0,-41.0
-60.0,-516.0,-431.0,83.0,168.0,-442.0,41.0,-46.0,194.0,240.0
-47.0,-632.0,-472.0,58.0,183.0,-189.0,120.0,-181.0,231.0,492.0
-42.0,-413.0,-439.0,48.0,19.0,-58.0,220.0,240.0,291.0,654.0
-29.0,-239.0,-431.0,51.0,-40.0,-108.0,286.0,1019.0,358.0,710.0
-40.0,108.0,-422.0,51.0,-5.0,-46.0,256.0,1651.0,345.0,626.0
-58.0,604.0,-389.0,82.0,37.0,190.0,222.0,818.0,242.0,455.0
-87.0,920.0,-334.0,111.0,11.0,50.0,264.0,-1055.0,108.0,224.0
-67.0,982.0,-234.0,159.0,-93.0,-311.0,235.0,-1738.0,-27.0,-75.0
-47.0,724.0,-262.0,191.0,44.0,-442.0,152.0,-1149.0,-109.0,-359.0
-41.0,476.0,-237.0,174.0,202.0,-289.0,32.0,66.0,-167.0,-577.0
-19.0,18.0,-126.0,146.0,20.0,-4.0,-57.0,1119.0,-221.0,-685.0
0.0,-556.0,-129.0,53.0,-42.0,34.0,-81.0,1520.0,-249.0,-689.0
15.0,-957.0,-104.0,-58.0,51.0,-145.0,-164.0,1036.0,-243.0,-565.0
32.0,-1092.0,-113.0,-170.0,-14.0,-324.0,-219.0,-395.0,-236.0,-317.0
94.0,-1010.0,-121.0,-276.0,-114.0,-117.0,-179.0,-1267.0,-275.0,17.0
134.0,-944.0,-135.0,-331.0,-231.0,52.0,-105.0,-1540.0,-321.0,400.0
167.0,-600.0,-177.0,-352.0,-137.0,-80.0,-99.0,-587.0,-344.0,764.0
178.0,-118.0,-141.0,-339.0,110.0,-234.0,-236.0,1703.0,-297.0,1097.0
191.0,195.0,-151.0,-325.0,73.0,-404.0,-443.0,2496.0,-207.0,1333.0
203.0,309.0,-123.0,-297.0,-30.0,-304.0,-584.0,1997.0,-161.0,1440.0
163.0,269.0,-138.0,-215.0,94.0,-152.0,-606.0,-25.0,-121.0,1404.0
96.0,330.0,-161.0,-145.0,237.0,-210.0,-607.0,-1801.0,-28.0,1240.0
9.0,433.0,-52.0,-117.0,60.0,-410.0,-645.0,-929.0,120.0,987.0
-48.0,521.0,18.0,-82.0,-93.0,-425.0,-548.0,327.0,271.0,666.0
-123.0,666.0,47.0,-42.0,-13.0,-147.0,-313.0,1099.0,355.0,371.0
-215.0,892.0,72.0,-10.0,41.0,-37.0,-84.0,1383.0,352.0,102.0
-301.0,968.0,113.0,26.0,59.0,-93.0,117.0,768.0,302.0,-120.0
-377.0,786.0,204.0,13.0,-125.0,79.0,244.0,-266.0,246.0,-263.0
-435.0,585.0,262.0,-54.0,-182.0,291.0,369.0,-633.0,239.0,-355.0
-491.0,237.0,226.0,-112.0,-29.0,131.0,509.0,-873.0,278.0,-398.0
-491.0,-242.0,236.0,-148.0,-95.0,-271.0,592.0,-223.0,269.0,-413.0
-443.0,-746.0,255.0,-171.0,-130.0,-296.0,597.0,1674.0,219.0,-392.0
-414.0,-1161.0,282.0,-167.0,-53.0,87.0,594.0,2634.0,175.0,-333.0
-381.0,-1220.0,302.0,-108.0,118.0,175.0,654.0,1265.0,121.0,-275.0
-340.0,-1000.0,258.0,-40.0,226.0,109.0,657.0,-1642.0,40.0,-214.0
-312.0,-604.0,262.0,47.0,59.0,5.0,509.0,-2261.0,-30.0,-150.0
-284.0,-131.0,259.0,157.0,21.0,-39.0,288.0,-907.0,-105.0,-94.0
-270.0,353.0,280.0,240.0,108.0,6.0,156.0,284.0,-158.0,-32.0
-208.0,686.0,262.0,283.0,120.0,-8.0,54.0,1330.0,-161.0,23.0
-123.0,809.0,203.0,266.0,-50.0,197.0,-79.0,1734.0,-191.0,83.0
-63.0,859.0,227.0,215.0,-203.0,178.0,-255.0,1513.0,-242.0,157.0
-12.0,747.0,207.0,179.0,-115.0,16.0,-452.0,-1.0,-306.0,227.0
1.0,528.0,208.0,194.0,-108.0,-41.0,-549.0,-1904.0,-326.0,312.0
16.0,173.0,233.0,174.0,-119.0,-49.0,-590.0,-2597.0,-248.0,370.0
3.0,-215.0,181.0,147.0,-233.0,138.0,-567.0,-1731.0,-119.0,392.0
-42.0,-332.0,231.0,103.0,-300.0,288.0,-523.0,1502.0,-34.0,381.0
-69.0,-197.0,270.0,-1.0,-77.0,448.0,-439.0,3329.0,-68.0,365.0
-85.0,24.0,268.0,-63.0,-16.0,342.0,-283.0,1400.0,-166.0,365.0
-97.0,198.0,323.0,-121.0,-97.0,73.0,-171.0,-1552.0,-263.0,346.0
-93.0,209.0,312.0,-150.0,21.0,88.0,-130.0,-3658.0,-283.0,366.0
-57.0,-15.0,386.0,-152.0,224.0,125.0,-90.0,-805.0,-237.0,405.0
-42.0,-242.0,385.0,-144.0,214.0,112.0,-21.0,4063.0,-221.0,453.0
-40.0,-360.0,357.0,-107.0,127.0,127.0,66.0,4240.0,-236.0,483.0
-31.0,-396.0,418.0,-48.0,202.0,195.0,213.0,1104.0,-242.0,448.0
-4.0,-404.0,338.0,-24.0,215.0,235.0,338.0,-2052.0,-221.0,395.0
36.0,-519.0,328.0,-69.0,194.0,158.0,437.0,-3070.0,-191.0,294.0
45.0,-548.0,326.0,-133.0,160.0,86.0,504.0,-1116.0,-133.0,184.0
50.0,-438.0,265.0,-206.0,-17.0,221.0,517.0,1306.0,-35.0,91.0
68.0,-296.0,236.0,-228.0,68.0,552.0,489.0,1764.0,57.0,4.0
65.0,-173.0,207.0,-280.0,167.0,761.0,459.0,1317.0,135.0,-50.0
42.0,-48.0,142.0,-301.0,-105.0,666.0,493.0,-583.0,228.0,-86.0
26.0,80.0,78.0,-257.0,-226.0,490.0,479.0,-1483.0,292.0,-105.0
1.0,162.0,56.0,-204.0,-59.0,557.0,379.0,-229.0,272.0,-134.0
1.0,269.0,-4.0,-116.0,-92.0,567.0,269.0,947.0,211.0,-194.0
-15.0,380.0,-31.0,6.0,-175.0,452.0,173.0,1980.0,156.0,-254.0
-49.0,423.0,-72.0,153.0,-61.0,477.0,66.0,236.0,130.0,-305.0
-59.0,391.0,-111.0,262.0,-1.0,482.0,-3.0,-2365.0,121.0,-385.0
-109.0,246.0,-130.0,412.0,191.0,496.0,-104.0,-1925.0,56.0,-455.0
-134.0,17.0,-142.0,523.0,134.0,419.0,-198.0,631.0,-57.0,-475.0
-151.0,-39.0,-160.0,570.0,-53.0,246.0,-149.0,1210.0,-158.0,-460.0
-118.0,126.0,-166.0,557.0,147.0,176.0,-82.0,-59.0,-212.0,-379.0
-73.0,179.0,-141.0,448.0,194.0,226.0,-123.0,484.0,-224.0,-229.0
-55.0,86.0,-115.0,313.0,106.0,228.0,-218.0,979.0,-224.0,-5.0
-22.0,15.0,-35.0,108.0,17.0,184.0,-249.0,267.0,-192.0,275.0
-13.0,-62.0,-58.0,-90.0,61.0,207.0,-251.0,-631.0,-99.0,566.0
20.0,-115.0,-21.0,-232.0,191.0,163.0,-278.0,-788.0,39.0,842.0
60.0,-258.0,60.0,-283.0,18.0,69.0,-321.0,-149.0,221.0,1047.0
138.0,-163.0,46.0,-275.0,-147.0,-56.0,-311.0,-68.0,380.0,1167.0
221.0,189.0,74.0,-262.0,-121.0,-108.0,-211.0,517.0,423.0,1191.0
266.0,279.0,89.0,-231.0,-15.0,-282.0,-93.0,1707.0,409.0,1111.0
290.0,229.0,92.0,-171.0,-25.0,-311.0,-40.0,1625.0,388.0,965.0
306.0,121.0,160.0,-31.0,-185.0,31.0,-16.0,36.0,353.0,758.0
301.0,259.0,250.0,140.0,-107.0,185.0,76.0,-1928.0,290.0,543.0
261.0,450.0,265.0,303.0,138.0,158.0,199.0,-1546.0,181.0,344.0
246.0,452.0,301.0,424.0,69.0,-61.0,263.0,694.0,38.0,171.0
244.0,520.0,324.0,505.0,-102.0,-67.0,221.0,1202.0,-91.0,61.0
247.0,567.0,349.0,505.0,-25.0,152.0,196.0,-349.0,-199.0,9.0
220.0,661.0,371.0,500.0,11.0,170.0,244.0,-2065.0,-300.0,59.0
196.0,687.0,344.0,428.0,94.0,319.0,299.0,-2372.0,-363.0,177.0
192.0,666.0,343.0,254.0,21.0,294.0,277.0,-801.0,-389.0,332.0
170.0,362.0,271.0,147.0,-186.0,80.0,224.0,1860.0,-392.0,527.0
130.0,17.0,199.0,7.0,58.0,250.0,270.0,2760.0,-369.0,711.0
78.0,-25.0,135.0,-73.0,159.0,515.0,324.0,1762.0,-320.0,850.0
49.0,-123.0,42.0,-134.0,-78.0,485.0,318.0,894.0,-234.0,951.0
35.0,-123.0,-10.0,-203.0,-32.0,314.0,260.0,-1201.0,-126.0,1019.0
4.0,-256.0,-81.0,-235.0,104.0,285.0,229.0,-2732.0,-12.0,1011.0
-29.0,-460.0,-186.0,-273.0,61.0,348.0,231.0,-1487.0,111.0,959.0
-33.0,-488.0,-220.0,-233.0,6.0,327.0,192.0,262.0,229.0,878.0
-37.0,-534.0,-232.0,-188.0,-63.0,292.0,146.0,918.0,308.0,749.0
-56.0,-470.0,-235.0,-98.0,1.0,176.0,95.0,602.0,336.0,591.0
-69.0,-269.0,-140.0,74.0,198.0,92.0,45.0,744.0,329.0,387.0
-60.0,-209.0,-78.0,246.0,79.0,94.0,10.0,785.0,266.0,168.0
-46.0,-223.0,-24.0,368.0,-134.0,21.0,-43.0,238.0,147.0,-72.0
-34.0,-120.0,75.0,414.0,49.0,29.0,-139.0,97.0,15.0,-336.0
-15.0,-209.0,104.0,387.0,196.0,-2.0,-183.0,-81.0,-121.0,-587.0
38.0,-149.0,159.0,326.0,41.0,-95.0,-139.0,-528.0,-235.0,-797.0
84.0,51.0,227.0,262.0,41.0,-177.0,-136.0,-1042.0,-274.0,-957.0
99.0,19.0,211.0,177.0,155.0,-278.0,-199.0,-641.0,-267.0,-1074.0
110.0,-64.0,179.0,64.0,102.0,-175.0,-180.0,755.0,-227.0,-1110.0
112.0,-159.0,123.0,-18.0,6.0,-178.0,-96.0,1620.0,-162.0,-1100.0
115.0,-53.0,73.0,-69.0,-45.0,-294.0,-52.0,752.0,-121.0,-1044.0
122.0,24.0,-13.0,-163.0,-139.0,-191.0,-66.0,-243.0,-77.0,-909.0
159.0,131.0,-66.0,-262.0,-57.0,-110.0,-183.0,-426.0,-52.0,-733.0
194.0,195.0,-139.0,-328.0,-40.0,-319.0,-222.0,-1226.0,-58.0,-520.0
228.0,0.0,-230.0,-321.0,-157.0,-623.0,-113.0,-279.0,-70.0,-288.0
215.0,-92.0,-213.0,-245.0,-23.0,-407.0,59.0,1960.0,-65.0,-41.0
173.0,-132.0,-226.0,-87.0,21.0,-78.0,279.0,1633.0,-26.0,203.0
94.0,52.0,-201.0,55.0,8.0,-116.0,481.0,-432.0,-18.0,392.0
6.0,142.0,-202.0,141.0,10.0,-17.0,671.0,-2291.0,-8.0,498.0
-34.0,69.0,-199.0,210.0,-55.0,158.0,807.0,-2407.0,14.0,516.0
-73.0,144.0,-137.0,242.0,-30.0,279.0,814.0,-788.0,-5.0,469.0
-49.0,132.0,-89.0,287.0,46.0,231.0,684.0,1306.0,-48.0,341.0
-35.0,295.0,-37.0,237.0,-23.0,-65.0,514.0,2444.0,-101.0,174.0
-19.0,420.0,44.0,110.0,-66.0,27.0,311.0,1454.0,-153.0,23.0
-23.0,401.0,69.0,-38.0,209.0,254.0,42.0,-157.0,-149.0,-108.0
-8.0,366.0,57.0,-213.0,178.0,91.0,-299.0,-1104.0,-116.0,-192.0
7.0,204.0,116.0,-339.0,-47.0,54.0,-651.0,-722.0,-74.0,-194.0
-8.0,87.0,109.0,-421.0,9.0,306.0,-806.0,-109.0,-43.0,-114.0
20.0,61.0,119.0,-468.0,36.0,538.0,-789.0,406.0,1.0,15.0
26.0,279.0,19.0,-456.0,18.0,353.0,-741.0,1278.0,80.0,209.0
55.0,316.0,-107.0,-390.0,-23.0,-81.0,-704.0,493.0,111.0,453.0
55.0,84.0,-118.0,-276.0,-124.0,24.0,-585.0,-519.0,103.0,692.0
36.0,-27.0,-228.0,-128.0,-69.0,343.0,-344.0,-157.0,80.0,932.0
0.0,-58.0,-283.0,0.0,43.0,258.0,-132.0,419.0,53.0,1158.0
-12.0,25.0,-295.0,122.0,-119.0,127.0,-15.0,-31.0,-24.0,1359.0
-13.0,-120.0,-317.0,174.0,-197.0,105.0,45.0,-711.0,-153.0,1522.0
-21.0,-439.0,-301.0,173.0,-26.0,47.0,76.0,419.0,-197.0,1610.0
0.0,-737.0,-309.0,142.0,62.0,-14.0,82.0,1526.0,-155.0,1640.0
-3.0,-924.0,-289.0,85.0,67.0,106.0,95.0,1618.0,-100.0,1583.0
13.0,-736.0,-199.0,42.0,41.0,253.0,96.0,1376.0,-39.0,1423.0
13.0,-259.0,-159.0,-58.0,123.0,0.0,43.0,487.0,14.0,1215.0
26.0,289.0,-116.0,-173.0,234.0,-171.0,34.0,-1095.0,20.0,956.0
4.0,597.0,19.0,-273.0,116.0,-16.0,88.0,-2836.0,7.0,652.0
-50.0,801.0,52.0,-401.0,-108.0,73.0,92.0,-2503.0,-35.0,331.0
-89.0,931.0,92.0,-546.0,-102.0,39.0,76.0,-286.0,-101.0,47.0
-120.0,728.0,219.0,-592.0,40.0,-123.0,96.0,2171.0,-156.0,-189.0
-104.0,424.0,192.0,-554.0,-65.0,-123.0,133.0,3122.0,-185.0,-384.0
-65.0,290.0,205.0,-470.0,-182.0,92.0,107.0,2071.0,-144.0,-520.0
-5.0,186.0,250.0,-346.0,-18.0,110.0,-38.0,1104.0,-68.0,-594.0
49.0,55.0,219.0,-190.0,115.0,113.0,-193.0,-739.0,0.0,-625.0
102.0,-1.0,240.0,17.0,37.0,178.0,-300.0,-2669.0,28.0,-656.0
123.0,-100.0,217.0,176.0,36.0,136.0,-333.0,-2339.0,-7.0,-654.0
130.0,-82.0,175.0,278.0,18.0,0.0,-302.0,-230.0,-44.0,-618.0
104.0,96.0,152.0,367.0,69.0,-189.0,-255.0,1853.0,-47.0,-601.0
67.0,233.0,112.0,427.0,260.0,108.0,-191.0,1797.0,-23.0,-568.0
32.0,285.0,113.0,454.0,-19.0,432.0,-187.0,345.0,21.0,-500.0
19.0,193.0,114.0,442.0,-128.0,398.0,-280.0,-1409.0,77.0,-428.0
20.0,65.0,86.0,373.0,99.0,333.0,-419.0,-2416.0,117.0,-384.0
10.0,-89.0,108.0,298.0,-5.0,161.0,-496.0,-1579.0,149.0,-351.0
14.0,-199.0,137.0,257.0,-153.0,185.0,-475.0,339.0,179.0,-330.0
2.0,-187.0,163.0,203.0,-179.0,163.0,-441.0,1768.0,179.0,-358.0
12.0,-57.0,185.0,173.0,-50.0,155.0,-369.0,1895.0,140.0,-425.0
0.0,173.0,206.0,218.0,95.0,65.0,-184.0,1540.0,83.0,-482.0
12.0,177.0,213.0,289.0,90.0,-155.0,77.0,-97.0,0.0,-526.0
35.0,63.0,198.0,316.0,-70.0,-58.0,321.0,-2499.0,-117.0,-576.0
40.0,-68.0,189.0,306.0,59.0,-2.0,452.0,-2777.0,-210.0,-587.0
60.0,-171.0,139.0,349.0,286.0,99.0,523.0,-857.0,-242.0,-522.0
71.0,-239.0,106.0,417.0,39.0,117.0,569.0,2049.0,-206.0,-393.0
95.0,-529.0,81.0,424.0,-64.0,45.0,486.0,3094.0,-119.0,-218.0
120.0,-705.0,58.0,435.0,27.0,-132.0,285.0,1104.0,-36.0,-12.0
148.0,-796.0,20.0,415.0,4.0,-332.0,17.0,-609.0,38.0,224.0
166.0,-785.0,-6.0,339.0,32.0,-9.0,-236.0,-1302.0,133.0,428.0
215.0,-456.0,6.0,231.0,-14.0,239.0,-437.0,-1696.0,230.0,582.0
258.0,-142.0,-15.0,100.0,-60.0,265.0,-629.0,-1398.0,269.0,693.0
298.0,72.0,-62.0,-27.0,100.0,222.0,-802.0,-271.0,211.0,721.0
323.0,232.0,-78.0,-181.0,160.0,177.0,-903.0,1332.0,101.0,680.0
340.0,429.0,-90.0,-267.0,-67.0,310.0,-895.0,2010.0,-20.0,598.0
332.0,609.0,-108.0,-245.0,-142.0,321.0,-758.0,1091.0,-121.0,521.0
277.0,803.0,-114.0,-187.0,199.0,339.0,-518.0,-674.0,-172.0,429.0
224.0,1015.0,-174.0,-103.0,203.0,361.0,-377.0,-1382.0,-136.0,333.0
159.0,1087.0,-176.0,30.0,-45.0,292.0,-335.0,-463.0,-94.0,311.0
151.0,1123.0,-183.0,153.0,21.0,202.0,-270.0,434.0,-126.0,337.0
114.0,919.0,-189.0,269.0,-40.0,83.0,-197.0,-38.0,-164.0,387.0
101.0,578.0,-136.0,397.0,-36.0,236.0,-207.0,-759.0,-189.0,448.0
113.0,247.0,-153.0,492.0,90.0,377.0,-257.0,-232.0,-171.0,526.0
98.0,-149.0,-94.0,468.0,-59.0,404.0,-227.0,229.0,-157.0,599.0
91.0,-415.0,-38.0,338.0,-113.0,428.0,-171.0,212.0,-143.0,623.0
67.0,-623.0,-18.0,211.0,205.0,221.0,-109.0,-334.0,-77.0,609.0
59.0,-706.0,1.0,40.0,148.0,283.0,-142.0,-1241.0,-15.0,553.0
21.0,-683.0,-23.0,-125.0,-49.0,301.0,-208.0,-1267.0,69.0,444.0
3.0,-454.0,-12.0,-273.0,167.0,223.0,-188.0,-694.0,158.0,297.0
15.0,-24.0,-2.0,-387.0,111.0,312.0,-130.0,373.0,193.0,146.0
28.0,322.0,23.0,-466.0,-67.0,248.0,-115.0,1465.0,193.0,-18.0
24.0,590.0,-36.0,-527.0,-94.0,405.0,-235.0,1487.0,169.0,-214.0
34.0,648.0,-96.0,-505.0,-107.0,344.0,-371.0,-22.0,110.0,-409.0
51.0,539.0,-88.0,-440.0,-59.0,153.0,-470.0,-1692.0,8.0,-583.0
76.0,230.0,-131.0,-363.0,31.0,45.0,-528.0,-2067.0,-117.0,-743.0
79.0,-112.0,-115.0,-253.0,-136.0,-74.0,-621.0,-1951.0,-248.0,-875.0
42.0,-312.0,-88.0,-145.0,-228.0,165.0,-719.0,-707.0,-330.0,-956.0
24.0,-379.0,-62.0,-65.0,42.0,87.0,-668.0,1387.0,-373.0,-975.0
12.0,-333.0,1.0,53.0,10.0,-50.0,-518.0,1901.0,-390.0,-937.0
44.0,-527.0,16.0,118.0,-53.0,123.0,-342.0,1130.0,-376.0,-838.0
27.0,-708.0,48.0,69.0,17.0,302.0,-215.0,-206.0,-367.0,-685.0
62.0,-527.0,113.0,-34.0,58.0,441.0,-98.0,-1762.0,-302.0,-486.0
104.0,-116.0,122.0,-131.0,116.0,223.0,-10.0,-2163.0,-164.0,-258.0
110.0,260.0,119.0,-226.0,123.0,75.0,-16.0,-1219.0,-77.0,-62.0
129.0,383.0,141.0,-328.0,41.0,23.0,-82.0,598.0,-71.0,132.0
122.0,334.0,182.0,-343.0,-3.0,-50.0,-105.0,1847.0,-77.0,285.0
152.0,347.0,178.0,-302.0,173.0,-2.0,-30.0,1077.0,-39.0,329.0
153.0,387.0,216.0,-214.0,15.0,-143.0,70.0,-480.0,33.0,353.0
187.0,113.0,227.0,-106.0,-162.0,-70.0,145.0,-1258.0,68.0,339.0
205.0,-329.0,190.0,-65.0,-13.0,58.0,146.0,-1400.0,38.0,298.0
213.0,-626.0,249.0,-57.0,-89.0,28.0,154.0,-859.0,-13.0,288.0
202.0,-728.0,227.0,-46.0,-166.0,-18.0,227.0,-291.0,-17.0,313.0
168.0,-650.0,213.0,-24.0,-183.0,-41.0,247.0,-267.0,0.0,377.0
141.0,-381.0,206.0,-11.0,-234.0,152.0,112.0,509.0,-25.0,444.0
94.0,126.0,133.0,-45.0,-83.0,123.0,-29.0,694.0,-62.0,497.0
68.0,557.0,94.0,-63.0,19.0,48.0,-116.0,-16.0,-80.0,520.0
32.0,689.0,23.0,-110.0,-90.0,134.0,-299.0,-254.0,-80.0,486.0
29.0,474.0,-52.0,-158.0,60.0,246.0,-538.0,-968.0,-58.0,351.0
22.0,173.0,-87.0,-149.0,345.0,156.0,-750.0,-1186.0,-8.0,162.0
38.0,131.0,-118.0,-142.0,280.0,-73.0,-861.0,-12.0,62.0,-7.0
43.0,172.0,-188.0,-129.0,248.0,-139.0,-837.0,1171.0,138.0,-164.0
29.0,323.0,-225.0,-81.0,390.0,-246.0,-715.0,535.0,202.0,-280.0
10.0,380.0,-202.0,42.0,379.0,-22.0,-589.0,-968.0,266.0,-324.0
-5.0,296.0,-220.0,112.0,259.0,189.0,-409.0,-1594.0,293.0,-304.0
1.0,245.0,-217.0,122.0,178.0,52.0,-89.0,-1853.0,287.0,-246.0
-24.0,173.0,-222.0,114.0,116.0,-256.0,185.0,-1546.0,325.0,-161.0
-42.0,254.0,-201.0,92.0,36.0,-317.0,355.0,-325.0,363.0,-52.0
-75.0,226.0,-120.0,130.0,-12.0,67.0,445.0,1875.0,324.0,52.0
-83.0,35.0,-140.0,159.0,-127.0,107.0,447.0,3264.0,214.0,160.0
-89.0,-138.0,-106.0,181.0,-204.0,4.0,373.0,2235.0,108.0,282.0
-104.0,-151.0,-80.0,205.0,-149.0,-238.0,196.0,-718.0,22.0,379.0
-96.0,22.0,-106.0,234.0,-145.0,-436.0,-40.0,-3272.0,-41.0,463.0
-81.0,195.0,-52.0,226.0,-252.0,-456.0,-277.0,-2232.0,-85.0,513.0
-70.0,317.0,-44.0,181.0,-266.0,-541.0,-422.0,-164.0,-169.0,479.0
-67.0,283.0,1.0,131.0,-101.0,-252.0,-386.0,334.0,-228.0,376.0
-50.0,160.0,45.0,52.0,-118.0,-144.0,-289.0,33.0,-225.0,183.0
-3.0,-88.0,30.0,-63.0,-156.0,-196.0,-213.0,-698.0,-256.0,-82.0
55.0,-206.0,62.0,-179.0,-133.0,-202.0,-20.0,-968.0,-343.0,-369.0
117.0,-158.0,78.0,-262.0,-67.0,-224.0,268.0,-1289.0,-457.0,-644.0
179.0,-306.0,68.0,-369.0,93.0,-100.0,467.0,-931.0,-550.0,-838.0
179.0,-439.0,84.0,-458.0,-10.0,-215.0,475.0,-473.0,-568.0,-933.0
194.0,-437.0,68.0,-505.0,-44.0,-337.0,394.0,-426.0,-539.0,-920.0
198.0,-188.0,50.0,-456.0,141.0,-235.0,320.0,687.0,-500.0,-788.0
217.0,31.0,70.0,-380.0,166.0,-94.0,202.0,626.0,-453.0,-596.0
256.0,88.0,58.0,-334.0,60.0,-166.0,36.0,73.0,-444.0,-374.0
274.0,153.0,20.0,-255.0,-6.0,-300.0,-169.0,-16.0,-474.0,-149.0
309.0,-52.0,44.0,-224.0,-1.0,-139.0,-257.0,-763.0,-474.0,48.0
318.0,-158.0,-6.0,-211.0,75.0,-39.0,-186.0,-1282.0,-413.0,190.0
355.0,-256.0,-76.0,-141.0,86.0,-165.0,-112.0,-1062.0,-276.0,241.0
376.0,-556.0,-36.0,-38.0,-88.0,-302.0,-29.0,-460.0,-109.0,237.0
395.0,-698.0,-74.0,35.0,-83.0,-344.0,84.0,-899.0,-18.0,178.0
418.0,-767.0,-82.0,105.0,108.0,-367.0,246.0,-1492.0,53.0,52.0
421.0,-758.0,-107.0,169.0,-11.0,-394.0,401.0,-946.0,151.0,-59.0
407.0,-554.0,-169.0,186.0,-163.0,-282.0,447.0,903.0,247.0,-144.0
382.0,-16.0,-101.0,186.0,-78.0,-330.0,421.0,2141.0,337.0,-190.0
379.0,396.0,-57.0,183.0,-48.0,-389.0,393.0,1284.0,378.0,-169.0
372.0,556.0,-61.0,147.0,-56.0,-141.0,373.0,-657.0,343.0,-118.0
353.0,725.0,-50.0,103.0,-123.0,-104.0,343.0,-2677.0,292.0,0.0
317.0,652.0,-12.0,65.0,-119.0,-307.0,218.0,-2703.0,289.0,156.0
286.0,583.0,0.0,-27.0,-25.0,-457.0,40.0,-1943.0,259.0,325.0
230.0,454.0,-28.0,-173.0,-40.0,-311.0,-56.0,-550.0,161.0,535.0
185.0,106.0,-46.0,-313.0,-183.0,-224.0,-82.0,1435.0,43.0,702.0
153.0,-217.0,-7.0,-386.0,-137.0,-392.0,-134.0,1402.0,-69.0,785.0
105.0,-461.0,34.0,-429.0,93.0,-342.0,-258.0,-378.0,-112.0,794.0
76.0,-641.0,-4.0,-463.0,69.0,-209.0,-377.0,-1790.0,-83.0,728.0
42.0,-649.0,2.0,-438.0,54.0,5.0,-404.0,-766.0,-59.0,563.0
-26.0,-357.0,7.0,-372.0,57.0,-37.0,-367.0,757.0,-44.0,347.0
-100.0,-111.0,-69.0,-294.0,76.0,-207.0,-384.0,742.0,-16.0,126.0
-148.0,59.0,-42.0,-171.0,156.0,-88.0,-391.0,-613.0,-3.0,-86.0
-190.0,143.0,-42.0,-24.0,79.0,-142.0,-249.0,-1361.0,32.0,-261.0
-199.0,124.0,-49.0,51.0,-2.0,-322.0,3.0,-639.0,101.0,-405.0
-204.0,185.0,-6.0,141.0,34.0,-341.0,236.0,-642.0,162.0,-506.0
-186.0,102.0,-60.0,228.0,62.0,-64.0,433.0,-502.0,259.0,-582.0
-152.0,-62.0,-7.0,264.0,-25.0,143.0,632.0,-683.0,335.0,-647.0
-143.0,-170.0,-13.0,295.0,-59.0,18.0,793.0,-400.0,350.0,-699.0
-114.0,-45.0,-41.0,275.0,-19.0,-102.0,863.0,522.0,291.0,-745.0
-94.0,257.0,71.0,256.0,127.0,-1.0,779.0,-801.0,178.0,-808.0
-109.0,440.0,67.0,215.0,123.0,112.0,688.0,-700.0,80.0,-854.0
-127.0,459.0,40.0,140.0,-34.0,125.0,642.0,-131.0,-6.0,-849.0
-162.0,380.0,66.0,128.0,-31.0,141.0,560.0,-1189.0,-60.0,-824.0
-202.0,254.0,46.0,97.0,85.0,46.0,428.0,-1727.0,-143.0,-805.0
-242.0,62.0,-21.0,11.0,110.0,50.0,263.0,-1843.0,-222.0,-783.0
-297.0,50.0,17.0,-92.0,-111.0,34.0,192.0,195.0,-205.0,-748.0
-325.0,158.0,-36.0,-219.0,-85.0,-10.0,165.0,1511.0,-169.0,-727.0
-345.0,265.0,-113.0,-311.0,16.0,-90.0,85.0,321.0,-137.0,-703.0
-389.0,201.0,-47.0,-378.0,-128.0,-314.0,-27.0,-681.0,-95.0,-655.0
-446.0,5.0,-110.0,-419.0,-95.0,-196.0,-63.0,-936.0,-48.0,-533.0
-474.0,-132.0,-58.0,-410.0,-66.0,-103.0,-39.0,-979.0,-17.0,-333.0
-487.0,-371.0,-52.0,-359.0,-42.0,-37.0,-46.0,-1223.0,-7.0,-114.0
-480.0,-435.0,-97.0,-203.0,97.0,6.0,-56.0,-785.0,0.0,110.0
-460.0,-416.0,-86.0,-38.0,6.0,-95.0,-44.0,90.0,-27.0,309.0
-436.0,-288.0,-142.0,56.0,-146.0,-23.0,42.0,1400.0,-104.0,427.0
-365.0,-180.0,-100.0,152.0,-6.0,-252.0,123.0,1790.0,-186.0,451.0
-310.0,-295.0,-124.0,220.0,136.0,-440.0,108.0,-585.0,-206.0,408.0
-230.0,-189.0,-148.0,217.0,-102.0,-368.0,41.0,-1629.0,-174.0,306.0
-134.0,-68.0,-166.0,173.0,-95.0,-97.0,-30.0,112.0,-116.0,166.0
-66.0,136.0,-194.0,131.0,58.0,107.0,-103.0,766.0,-110.0,5.0
-4.0,284.0,-230.0,117.0,-99.0,-207.0,-144.0,644.0,-181.0,-126.0
30.0,79.0,-285.0,117.0,-44.0,-233.0,-155.0,306.0,-242.0,-209.0
67.0,-128.0,-309.0,86.0,-40.0,-98.0,-179.0,22.0,-262.0,-249.0
102.0,-324.0,-341.0,35.0,-76.0,144.0,-145.0,238.0,-217.0,-212.0
134.0,-355.0,-337.0,-17.0,12.0,151.0,-14.0,-317.0,-191.0,-98.0
172.0,-312.0,-360.0,-74.0,40.0,-198.0,118.0,-1103.0,-214.0,55.0
196.0,-205.0,-349.0,-128.0,-22.0,-9.0,156.0,-1553.0,-194.0,201.0
213.0,60.0,-378.0,-165.0,-12.0,16.0,182.0,-262.0,-150.0,329.0
225.0,270.0,-379.0,-164.0,102.0,12.0,242.0,727.0,-121.0,416.0
222.0,589.0,-340.0,-165.0,71.0,67.0,264.0,-384.0,-136.0,432.0
205.0,826.0,-306.0,-200.0,131.0,110.0,226.0,495.0,-183.0,371.0
168.0,848.0,-272.0,-238.0,74.0,145.0,205.0,1055.0,-241.0,273.0
144.0,559.0,-300.0,-221.0,94.0,-185.0,219.0,-1067.0,-255.0,168.0
132.0,78.0,-286.0,-148.0,149.0,-229.0,226.0,-1986.0,-242.0,83.0
90.0,-196.0,-299.0,-83.0,-29.0,-209.0,244.0,-785.0,-234.0,43.0
31.0,-430.0,-281.0,-72.0,-91.0,-6.0,221.0,545.0,-219.0,27.0
-30.0,-658.0,-262.0,-152.0,-57.0,54.0,218.0,-242.0,-226.0,26.0
-67.0,-870.0,-280.0,-255.0,-49.0,-128.0,275.0,-1367.0,-233.0,-1.0
-107.0,-998.0,-247.0,-239.0,-216.0,-68.0,310.0,-474.0,-232.0,-39.0
-147.0,-1046.0,-237.0,-159.0,-227.0,-52.0,250.0,223.0,-190.0,-86.0
-166.0,-1088.0,-222.0,-96.0,-135.0,131.0,175.0,162.0,-108.0,-178.0
-194.0,-1001.0,-194.0,-45.0,-128.0,-7.0,196.0,-90.0,-37.0,-255.0
-240.0,-842.0,-172.0,-54.0,-110.0,-153.0,229.0,-1104.0,87.0,-290.0
-295.0,-761.0,-141.0,-72.0,-97.0,35.0,225.0,-1201.0,211.0,-326.0
-314.0,-701.0,-170.0,-14.0,0.0,42.0,90.0,118.0,253.0,-399.0
-316.0,-407.0,-202.0,3.0,55.0,7.0,-137.0,223.0,242.0,-453.0
-313.0,66.0,-197.0,-44.0,0.0,1.0,-321.0,-1670.0,240.0,-488.0
-310.0,630.0,-261.0,-66.0,-51.0,70.0,-421.0,-1648.0,266.0,-561.0
-321.0,1076.0,-244.0,-79.0,53.0,94.0,-480.0,524.0,272.0,-633.0
-304.0,1257.0,-253.0,-121.0,98.0,222.0,-586.0,1165.0,270.0,-703.0
-301.0,1306.0,-277.0,-194.0,67.0,334.0,-615.0,1943.0,235.0,-771.0
-288.0,1091.0,-229.0,-245.0,55.0,214.0,-536.0,2806.0,174.0,-839.0
-251.0,769.0,-223.0,-256.0,-11.0,159.0,-479.0,848.0,117.0,-899.0
-214.0,363.0,-136.0,-307.0,-22.0,223.0,-487.0,-3046.0,22.0,-904.0
-163.0,-122.0,-93.0,-361.0,41.0,381.0,-428.0,-6660.0,-39.0,-870.0
-133.0,-318.0,6.0,-359.0,-83.0,422.0,-249.0,-4966.0,-48.0,-817.0
-85.0,-391.0,61.0,-314.0,-274.0,511.0,-44.0,2189.0,-53.0,-705.0
-50.0,-361.0,63.0,-263.0,-132.0,569.0,133.0,7241.0,-59.0,-550.0
-37.0,-212.0,152.0,-247.0,-101.0,345.0,266.0,5722.0,-60.0,-426.0
-37.0,-65.0,171.0,-210.0,-84.0,306.0,421.0,-515.0,-45.0,-309.0
-39.0,17.0,216.0,-91.0,-27.0,345.0,464.0,-3965.0,-20.0,-164.0
-17.0,-68.0,172.0,-10.0,-84.0,349.0,324.0,-4728.0,17.0,-14.0
-13.0,-67.0,162.0,4.0,98.0,328.0,106.0,-3571.0,41.0,99.0
-8.0,-140.0,179.0,57.0,50.0,189.0,-81.0,748.0,45.0,183.0
-16.0,-324.0,110.0,37.0,-20.0,146.0,-171.0,4970.0,25.0,277.0
-17.0,-387.0,68.0,-31.0,90.0,287.0,-235.0,5690.0,-38.0,347.0
-32.0,-359.0,-2.0,-54.0,102.0,460.0,-274.0,639.0,-118.0,395.0
-65.0,-353.0,-32.0,-115.0,113.0,301.0,-260.0,-2884.0,-156.0,464.0
-84.0,-392.0,-91.0,-183.0,-9.0,219.0,-155.0,-4770.0,-145.0,557.0
-90.0,-260.0,-123.0,-224.0,-1.0,317.0,-51.0,-4894.0,-133.0,613.0
-95.0,-54.0,-85.0,-230.0,15.0,269.0,-52.0,-230.0,-140.0,632.0
-96.0,217.0,-166.0,-198.0,-41.0,296.0,-142.0,2402.0,-177.0,626.0
-91.0,383.0,-140.0,-145.0,-67.0,258.0,-266.0,3530.0,-201.0,531.0
-130.0,324.0,-42.0,-103.0,-121.0,192.0,-333.0,3909.0,-192.0,340.0
-147.0,313.0,-39.0,-141.0,-45.0,55.0,-388.0,2215.0,-177.0,91.0
-167.0,362.0,12.0,-149.0,1.0,-24.0,-444.0,-1136.0,-148.0,-157.0
-164.0,363.0,35.0,-76.0,-101.0,24.0,-519.0,-4914.0,-128.0,-409.0
-170.0,281.0,49.0,-60.0,-150.0,73.0,-573.0,-4870.0,-139.0,-645.0
-201.0,199.0,32.0,-94.0,37.0,313.0,-523.0,-2152.0,-145.0,-808.0
-196.0,64.0,43.0,-128.0,61.0,402.0,-483.0,779.0,-116.0,-879.0
-185.0,-40.0,45.0,-143.0,67.0,431.0,-467.0,4375.0,-73.0,-850.0
-175.0,-141.0,6.0,-131.0,117.0,338.0,-384.0,6847.0,-22.0,-752.0
-208.0,-373.0,-37.0,-104.0,95.0,76.0,-201.0,7540.0,7.0,-578.0
-226.0,-578.0,-165.0,-90.0,211.0,45.0,18.0,4334.0,34.0,-361.0
-245.0,-694.0,-190.0,-110.0,111.0,50.0,125.0,-7592.0,73.0,-161.0
-249.0,-632.0,-288.0,-102.0,10.0,-35.0,148.0,-14219.0,98.0,8.0
-264.0,-443.0,-385.0,-78.0,-15.0,-152.0,168.0,-5034.0,105.0,151.0
-285.0,-310.0,-377.0,-27.0,-32.0,-7.0,177.0,6616.0,80.0,252.0
-268.0,-129.0,-441.0,44.0,-86.0,181.0,96.0,10792.0,45.0,276.0
-273.0,-9.0,-440.0,38.0,-248.0,130.0,-73.0,6827.0,24.0,263.0
-271.0,12.0,-403.0,-26.0,-215.0,-8.0,-193.0,2729.0,40.0,206.0
-272.0,101.0,-398.0,-73.0,-105.0,-42.0,-205.0,-4536.0,76.0,89.0
-252.0,257.0,-346.0,-174.0,-103.0,347.0,-136.0,-13556.0,133.0,-49.0
-213.0,533.0,-335.0,-296.0,-213.0,567.0,-88.0,-11374.0,191.0,-194.0
-169.0,676.0,-388.0,-323.0,-224.0,425.0,-93.0,-3181.0,178.0,-308.0
-135.0,690.0,-317.0,-352.0,-139.0,513.0,-74.0,7732.0,129.0,-409.0
-109.0,552.0,-279.0,-397.0,-74.0,613.0,-41.0,15106.0,84.0,-470.0
-94.0,48.0,-273.0,-372.0,-55.0,533.0,-56.0,13423.0,35.0,-496.0
-91.0,-613.0,-199.0,-279.0,-66.0,418.0,-187.0,4528.0,8.0,-526.0
-83.0,-943.0,-160.0,-223.0,43.0,393.0,-351.0,-9205.0,25.0,-553.0
-111.0,-861.0,-168.0,-194.0,83.0,505.0,-520.0,-14264.0,20.0,-603.0
-148.0,-748.0,-116.0,-163.0,-19.0,511.0,-693.0,-10206.0,-5.0,-637.0
-202.0,-641.0,-77.0,-94.0,-44.0,441.0,-771.0,-3874.0,18.0,-661.0
-263.0,-712.0,-142.0,43.0,-22.0,453.0,-766.0,5485.0,71.0,-673.0
-334.0,-692.0,-90.0,97.0,5.0,543.0,-663.0,11283.0,164.0,-663.0
-411.0,-436.0,-103.0,145.0,10.0,706.0,-491.0,8872.0,262.0,-646.0
-459.0,-101.0,-129.0,166.0,-88.0,724.0,-317.0,2533.0,312.0,-581.0
-460.0,299.0,-77.0,81.0,-100.0,653.0,-171.0,-2597.0,354.0,-492.0
-445.0,664.0,-108.0,-47.0,113.0,584.0,-35.0,-6282.0,403.0,-370.0
-434.0,1014.0,-94.0,-139.0,173.0,603.0,116.0,-8268.0,456.0,-205.0
-388.0,1058.0,-100.0,-127.0,59.0,611.0,252.0,-2403.0,503.0,-37.0
-361.0,1048.0,-92.0,-117.0,137.0,348.0,305.0,5467.0,501.0,111.0
-328.0,933.0,-78.0,-127.0,117.0,265.0,271.0,6805.0,425.0,228.0
-309.0,620.0,-48.0,-145.0,83.0,303.0,247.0,6065.0,321.0,321.0
-265.0,256.0,18.0,-109.0,100.0,314.0,234.0,2045.0,236.0,360.0
-184.0,-258.0,-7.0,-40.0,-20.0,299.0,203.0,-2054.0,161.0,374.0
-119.0,-569.0,-2.0,-13.0,-2.0,171.0,67.0,-4149.0,70.0,404.0
-43.0,-813.0,45.0,4.0,-27.0,94.0,-113.0,-4646.0,-13.0,411.0
13.0,-833.0,35.0,95.0,-113.0,-36.0,-273.0,-814.0,-64.0,389.0
64.0,-679.0,56.0,239.0,-112.0,80.0,-417.0,2339.0,-80.0,345.0
66.0,-625.0,100.0,268.0,-106.0,131.0,-540.0,3761.0,-77.0,273.0
69.0,-398.0,94.0,221.0,-113.0,116.0,-651.0,2902.0,-76.0,161.0
75.0,-242.0,143.0,235.0,-74.0,287.0,-692.0,1969.0,-38.0,2.0
78.0,-76.0,130.0,280.0,-64.0,12.0,-726.0,-467.0,19.0,-172.0
86.0,286.0,153.0,287.0,-86.0,-192.0,-686.0,-4901.0,80.0,-305.0
72.0,586.0,207.0,245.0,14.0,-179.0,-610.0,-5164.0,155.0,-423.0
102.0,665.0,160.0,136.0,35.0,-147.0,-541.0,-1714.0,172.0,-516.0
123.0,611.0,215.0,55.0,-18.0,-48.0,-394.0,2243.0,152.0,-521.0
129.0,556.0,215.0,24.0,2.0,-101.0,-265.0,3658.0,114.0,-490.0
134.0,548.0,239.0,-23.0,61.0,-156.0,-229.0,3109.0,69.0,-441.0
146.0,618.0,212.0,-75.0,-37.0,-172.0,-219.0,848.0,71.0,-406.0
170.0,557.0,180.0,-60.0,-80.0,60.0,-91.0,-1601.0,53.0,-406.0
181.0,405.0,215.0,22.0,67.0,134.0,47.0,-2089.0,20.0,-454.0
157.0,247.0,93.0,42.0,8.0,-100.0,77.0,-1662.0,-60.0,-539.0
123.0,46.0,78.0,47.0,-78.0,-154.0,49.0,-384.0,-174.0,-581.0
112.0,-157.0,38.0,72.0,-32.0,-63.0,69.0,2682.0,-258.0,-596.0
78.0,-385.0,-23.0,146.0,36.0,-51.0,116.0,4042.0,-343.0,-605.0
44.0,-478.0,-38.0,241.0,84.0,-281.0,113.0,267.0,-412.0,-549.0
23.0,-556.0,-92.0,202.0,3.0,-409.0,51.0,-4101.0,-477.0,-443.0
1.0,-607.0,-97.0,83.0,-65.0,-436.0,-63.0,-2174.0,-465.0,-337.0
-31.0,-586.0,-173.0,30.0,46.0,-377.0,-162.0,1832.0,-329.0,-213.0
-50.0,-530.0,-195.0,-23.0,98.0,-259.0,-213.0,2629.0,-130.0,-71.0
-68.0,-414.0,-172.0,-160.0,11.0,-269.0,-210.0,1613.0,30.0,48.0
-103.0,-562.0,-197.0,-270.0,-55.0,-257.0,-181.0,-931.0,121.0,125.0
-122.0,-671.0,-211.0,-360.0,-89.0,-375.0,-72.0,249.0,234.0,164.0
-133.0,-526.0,-252.0,-426.0,-95.0,-285.0,51.0,837.0,342.0,177.0
-118.0,-296.0,-233.0,-430.0,-92.0,-16.0,103.0,-380.0,423.0,134.0
-107.0,21.0,-265.0,-407.0,-183.0,-93.0,69.0,565.0,421.0,51.0
-89.0,337.0,-304.0,-359.0,-331.0,-423.0,-29.0,417.0,315.0,-15.0
-78.0,580.0,-250.0,-338.0,-94.0,-657.0,-75.0,417.0,207.0,-62.0
-93.0,687.0,-276.0,-303.0,24.0,-470.0,-132.0,973.0,151.0,-115.0
-112.0,778.0,-211.0,-249.0,-265.0,-286.0,-174.0,2289.0,156.0,-155.0
-140.0,780.0,-182.0,-178.0,-176.0,-393.0,-156.0,1348.0,180.0,-158.0
-164.0,703.0,-180.0,-37.0,96.0,-561.0,-94.0,-234.0,185.0,-147.0
-200.0,595.0,-155.0,20.0,145.0,-596.0,13.0,-97.0,158.0,-152.0
-236.0,457.0,-203.0,-51.0,-1.0,-418.0,78.0,-18.0,138.0,-119.0
-254.0,392.0,-167.0,-112.0,-24.0,-354.0,68.0,-121.0,160.0,-37.0
-254.0,316.0,-212.0,-178.0,123.0,-198.0,120.0,-1387.0,155.0,52.0
-272.0,159.0,-189.0,-179.0,169.0,-70.0,290.0,-1143.0,121.0,159.0
-297.0,-144.0,-155.0,-116.0,42.0,-380.0,414.0,1027.0,116.0,298.0
-284.0,-370.0,-159.0,-149.0,-106.0,-547.0,397.0,2374.0,143.0,434.0
-292.0,-430.0,-154.0,-183.0,13.0,-492.0,239.0,1095.0,166.0,515.0
-303.0,-333.0,-183.0,-159.0,98.0,-430.0,118.0,-905.0,165.0,588.0
-325.0,-123.0,-140.0,-133.0,-9.0,-478.0,87.0,-1254.0,140.0,671.0
-353.0,-40.0,-160.0,-72.0,-133.0,-534.0,72.0,-691.0,112.0,698.0
-353.0,-74.0,-105.0,44.0,-61.0,-338.0,48.0,-432.0,102.0,653.0
-354.0,-291.0,-81.0,162.0,40.0,-60.0,49.0,-415.0,93.0,550.0
-328.0,-337.0,-88.0,166.0,18.0,165.0,138.0,-339.0,98.0,377.0
-269.0,-252.0,-60.0,141.0,-80.0,-8.0,251.0,-502.0,106.0,126.0
-210.0,-347.0,0.0,176.0,-122.0,-16.0,375.0,779.0,89.0,-154.0
-197.0,-375.0,26.0,256.0,113.0,186.0,495.0,1461.0,93.0,-424.0
-190.0,-510.0,35.0,291.0,74.0,-2.0,644.0,166.0,143.0,-642.0
-185.0,-574.0,132.0,218.0,-73.0,-167.0,747.0,-1230.0,197.0,-791.0
-167.0,-583.0,119.0,164.0,5.0,-311.0,729.0,-1760.0,207.0,-852.0
-133.0,-595.0,204.0,145.0,106.0,-324.0,603.0,-256.0,203.0,-813.0
-124.0,-659.0,268.0,88.0,90.0,-475.0,386.0,820.0,164.0,-744.0
-112.0,-939.0,270.0,20.0,-47.0,-664.0,235.0,1005.0,95.0,-664.0
-101.0,-866.0,340.0,44.0,-16.0,-439.0,116.0,1620.0,80.0,-528.0
-69.0,-659.0,355.0,51.0,85.0,-295.0,-48.0,1827.0,87.0,-388.0
-51.0,-349.0,356.0,-3.0,167.0,-242.0,-198.0,1140.0,82.0,-279.0
-25.0,14.0,385.0,-46.0,34.0,-274.0,-204.0,-437.0,62.0,-145.0
16.0,106.0,421.0,-78.0,-27.0,-144.0,-41.0,-1788.0,25.0,8.0
52.0,272.0,432.0,-69.0,204.0,235.0,137.0,-2074.0,-17.0,126.0
94.0,451.0,443.0,-41.0,311.0,243.0,249.0,-981.0,-28.0,204.0
112.0,791.0,407.0,16.0,188.0,-31.0,347.0,1258.0,0.0,267.0
136.0,1233.0,445.0,34.0,32.0,-207.0,469.0,3240.0,26.0,306.0
136.0,1464.0,395.0,69.0,126.0,-159.0,610.0,3536.0,16.0,305.0
128.0,1469.0,310.0,92.0,147.0,-140.0,721.0,2097.0,-35.0,273.0
131.0,1432.0,315.0,50.0,-39.0,-475.0,719.0,-389.0,-73.0,247.0
122.0,1348.0,190.0,83.0,-109.0,-692.0,683.0,-2254.0,-85.0,217.0
115.0,1033.0,124.0,173.0,-10.0,-273.0,662.0,-2823.0,-106.0,166.0
114.0,689.0,83.0,273.0,63.0,337.0,595.0,-1317.0,-138.0,130.0
108.0,184.0,-4.0,304.0,-9.0,292.0,448.0,1832.0,-155.0,101.0
80.0,-254.0,-58.0,296.0,-109.0,-184.0,272.0,3687.0,-153.0,60.0
71.0,-448.0,-122.0,317.0,-52.0,-381.0,125.0,3403.0,-141.0,11.0
59.0,-482.0,-217.0,352.0,107.0,-513.0,0.0,432.0,-114.0,-7.0
44.0,-418.0,-287.0,371.0,-9.0,-642.0,-137.0,-3209.0,-100.0,5.0
40.0,-388.0,-291.0,286.0,-179.0,-744.0,-291.0,-4678.0,-85.0,4.0
30.0,-242.0,-332.0,136.0,-83.0,-828.0,-371.0,-3091.0,-39.0,20.0
13.0,-468.0,-349.0,58.0,23.0,-514.0,-336.0,613.0,3.0,80.0
2.0,-821.0,-310.0,26.0,20.0,-290.0,-257.0,3665.0,48.0,129.0
15.0,-996.0,-284.0,-37.0,-62.0,-302.0,-226.0,4190.0,123.0,160.0
19.0,-1050.0,-264.0,-114.0,-153.0,-142.0,-167.0,1849.0,169.0,214.0
22.0,-846.0,-210.0,-207.0,-107.0,13.0,9.0,-803.0,177.0,292.0
1.0,-704.0,-170.0,-289.0,-61.0,70.0,178.0,-2897.0,180.0,363.0
-49.0,-457.0,-125.0,-332.0,-71.0,-217.0,225.0,-3632.0,123.0,406.0
-123.0,-249.0,-31.0,-317.0,-76.0,-436.0,253.0,-1383.0,36.0,453.0
-202.0,-21.0,13.0,-208.0,-89.0,-236.0,343.0,1975.0,-38.0,459.0
-264.0,140.0,55.0,-24.0,64.0,-227.0,378.0,4563.0,-84.0,351.0
-314.0,138.0,108.0,161.0,54.0,-472.0,387.0,4702.0,-108.0,215.0
-330.0,385.0,122.0,238.0,-39.0,-677.0,413.0,1563.0,-188.0,67.0
-325.0,498.0,134.0,231.0,116.0,-575.0,456.0,-2056.0,-273.0,-126.0
-308.0,534.0,126.0,252.0,104.0,-190.0,465.0,-2934.0,-317.0,-310.0
-306.0,576.0,124.0,310.0,21.0,9.0,420.0,-2743.0,-357.0,-414.0
-310.0,470.0,146.0,288.0,19.0,-175.0,391.0,-1749.0,-328.0,-416.0
-279.0,193.0,146.0,159.0,66.0,-439.0,348.0,970.0,-219.0,-402.0
-254.0,-158.0,180.0,96.0,233.0,-340.0,345.0,2132.0,-97.0,-334.0
-225.0,-307.0,158.0,65.0,141.0,-77.0,376.0,1934.0,-20.0,-186.0
-196.0,-497.0,136.0,37.0,-4.0,-211.0,392.0,1197.0,42.0,-66.0
-206.0,-496.0,161.0,17.0,120.0,-276.0,346.0,-351.0,106.0,29.0
-199.0,-337.0,112.0,-66.0,123.0,-153.0,288.0,-1419.0,129.0,137.0
-194.0,-302.0,114.0,-113.0,73.0,-211.0,279.0,-1461.0,188.0,241.0
-174.0,-150.0,113.0,-78.0,5.0,-175.0,278.0,-352.0,279.0,282.0
-160.0,-100.0,86.0,-23.0,9.0,-210.0,258.0,2004.0,321.0,258.0
-152.0,-147.0,67.0,30.0,165.0,-67.0,183.0,3017.0,279.0,231.0
-134.0,-101.0,93.0,97.0,13.0,231.0,155.0,1932.0,221.0,158.0
-117.0,204.0,142.0,190.0,-140.0,169.0,133.0,598.0,254.0,34.0
-57.0,637.0,167.0,271.0,-12.0,-98.0,62.0,-1725.0,302.0,-67.0
-37.0,999.0,187.0,287.0,4.0,-362.0,17.0,-2592.0,311.0,-124.0
2.0,1174.0,232.0,292.0,-64.0,-308.0,9.0,-1313.0,243.0,-153.0
55.0,947.0,317.0,378.0,-98.0,-125.0,52.0,1093.0,152.0,-166.0
95.0,549.0,340.0,474.0,-136.0,-213.0,103.0,2039.0,146.0,-96.0
136.0,142.0,421.0,500.0,0.0,-409.0,74.0,1537.0,171.0,9.0
135.0,-70.0,441.0,470.0,81.0,-413.0,-21.0,687.0,205.0,73.0
155.0,-170.0,433.0,398.0,-60.0,-164.0,-35.0,-1524.0,240.0,178.0
181.0,-140.0,516.0,360.0,-92.0,-64.0,0.0,-1827.0,245.0,317.0
186.0,-27.0,480.0,296.0,-30.0,-151.0,37.0,-1928.0,242.0,440.0
156.0,-33.0,440.0,231.0,13.0,-101.0,72.0,169.0,262.0,521.0
129.0,-168.0,420.0,224.0,-25.0,0.0,107.0,2475.0,274.0,564.0
71.0,-496.0,386.0,196.0,-92.0,181.0,235.0,2171.0,211.0,561.0
1.0,-702.0,322.0,200.0,36.0,204.0,358.0,2304.0,113.0,484.0
-56.0,-906.0,287.0,179.0,207.0,81.0,341.0,1374.0,12.0,341.0
-111.0,-986.0,263.0,169.0,90.0,27.0,255.0,-999.0,-69.0,170.0
-142.0,-874.0,185.0,173.0,-54.0,-75.0,246.0,-3519.0,-118.0,-7.0
-179.0,-822.0,216.0,139.0,43.0,-18.0,248.0,-2547.0,-165.0,-208.0
-189.0,-679.0,237.0,128.0,104.0,-176.0,129.0,-428.0,-217.0,-352.0
-196.0,-457.0,229.0,95.0,12.0,-394.0,-40.0,2544.0,-215.0,-415.0
-179.0,-73.0,243.0,30.0,-76.0,-181.0,-118.0,4083.0,-166.0,-454.0
-160.0,277.0,257.0,-55.0,55.0,-40.0,-107.0,1631.0,-169.0,-462.0
-141.0,599.0,294.0,-159.0,271.0,-217.0,-103.0,-343.0,-179.0,-404.0
-117.0,981.0,294.0,-244.0,145.0,-389.0,-106.0,-1563.0,-146.0,-306.0
-120.0,1170.0,307.0,-223.0,-33.0,-264.0,-73.0,-1614.0,-76.0,-222.0
-102.0,1252.0,301.0,-199.0,63.0,-79.0,-6.0,-761.0,13.0,-131.0
-73.0,1193.0,274.0,-183.0,107.0,-172.0,31.0,1332.0,103.0,-37.0
-65.0,1010.0,241.0,-152.0,21.0,-415.0,-28.0,2195.0,162.0,48.0
-55.0,865.0,182.0,-107.0,-65.0,-454.0,-141.0,1930.0,120.0,75.0
-63.0,727.0,154.0,7.0,-52.0,-327.0,-193.0,1330.0,50.0,41.0
-89.0,679.0,71.0,46.0,58.0,-238.0,-160.0,-327.0,20.0,17.0
-97.0,625.0,23.0,87.0,51.0,-141.0,-91.0,-661.0,84.0,-48.0
-122.0,466.0,14.0,127.0,-87.0,-1.0,-17.0,-1699.0,187.0,-118.0
-143.0,82.0,-108.0,102.0,-40.0,-156.0,104.0,-2398.0,255.0,-140.0
-188.0,-393.0,-103.0,101.0,27.0,-284.0,289.0,-1182.0,278.0,-142.0
-213.0,-745.0,-73.0,134.0,-65.0,47.0,463.0,1302.0,216.0,-135.0
-228.0,-1046.0,-99.0,127.0,-127.0,118.0,587.0,3466.0,159.0,-127.0
-238.0,-1090.0,-59.0,43.0,-233.0,-173.0,628.0,3942.0,141.0,-88.0
-222.0,-1040.0,-53.0,-12.0,25.0,-423.0,665.0,2808.0,160.0,-44.0
-221.0,-780.0,0.0,-54.0,155.0,-166.0,706.0,-256.0,150.0,-23.0
-190.0,-323.0,33.0,-70.0,-106.0,-30.0,644.0,-2621.0,79.0,22.0
-157.0,106.0,80.0,-120.0,-14.0,-369.0,492.0,-3554.0,66.0,116.0
-89.0,525.0,108.0,-176.0,83.0,-305.0,262.0,-1991.0,101.0,194.0
-27.0,685.0,177.0,-173.0,116.0,40.0,33.0,665.0,109.0,258.0
48.0,731.0,237.0,-128.0,23.0,462.0,-185.0,1832.0,48.0,347.0
127.0,606.0,220.0,-15.0,-136.0,183.0,-415.0,1964.0,-41.0,421.0
171.0,403.0,276.0,82.0,21.0,-430.0,-584.0,1165.0,-106.0,452.0
232.0,208.0,234.0,161.0,135.0,-731.0,-660.0,783.0,-113.0,458.0
263.0,76.0,242.0,193.0,-50.0,-686.0,-668.0,-609.0,-23.0,467.0
286.0,-23.0,257.0,242.0,-111.0,-134.0,-637.0,-2363.0,80.0,451.0
279.0,-230.0,251.0,292.0,28.0,-75.0,-578.0,-3020.0,74.0,405.0
287.0,-180.0,252.0,304.0,21.0,-6.0,-454.0,-454.0,9.0,383.0
307.0,90.0,208.0,328.0,-72.0,136.0,-234.0,3532.0,0.0,383.0
315.0,497.0,209.0,298.0,-88.0,127.0,-39.0,3577.0,40.0,340.0
301.0,889.0,168.0,225.0,79.0,219.0,62.0,955.0,83.0,309.0
272.0,1133.0,188.0,93.0,101.0,22.0,93.0,-2004.0,72.0,323.0
247.0,1079.0,177.0,-38.0,14.0,202.0,162.0,-2352.0,-19.0,300.0
226.0,740.0,177.0,-121.0,36.0,441.0,224.0,-1056.0,-141.0,250.0
248.0,289.0,184.0,-169.0,46.0,321.0,166.0,886.0,-221.0,199.0
243.0,-284.0,141.0,-178.0,98.0,159.0,79.0,1352.0,-245.0,151.0
268.0,-567.0,139.0,-149.0,97.0,72.0,-48.0,620.0,-253.0,60.0
295.0,-628.0,166.0,-94.0,-59.0,45.0,-148.0,838.0,-239.0,-62.0
299.0,-514.0,193.0,-34.0,-70.0,-148.0,-137.0,676.0,-202.0,-175.0
306.0,-360.0,160.0,-22.0,145.0,-338.0,-101.0,1099.0,-211.0,-297.0
296.0,-320.0,205.0,-21.0,0.0,-262.0,-85.0,22.0,-275.0,-389.0
266.0,-185.0,200.0,7.0,-119.0,54.0,-37.0,-901.0,-329.0,-455.0
246.0,-143.0,180.0,47.0,77.0,275.0,54.0,-1263.0,-349.0,-465.0
255.0,-91.0,206.0,93.0,96.0,405.0,122.0,288.0,-331.0,-415.0
240.0,-163.0,133.0,80.0,149.0,204.0,78.0,1679.0,-258.0,-335.0
258.0,-177.0,95.0,68.0,51.0,-83.0,6.0,96.0,-106.0,-211.0
246.0,-140.0,102.0,37.0,-81.0,-90.0,51.0,-321.0,70.0,-62.0
222.0,-245.0,89.0,13.0,132.0,-317.0,116.0,-535.0,176.0,72.0
195.0,-91.0,65.0,35.0,151.0,-362.0,92.0,-44.0,218.0,164.0
160.0,-78.0,64.0,34.0,-54.0,-275.0,6.0,-256.0,232.0,281.0
150.0,-108.0,8.0,35.0,-96.0,-106.0,-10.0,-9.0,277.0,390.0
133.0,-20.0,26.0,21.0,-18.0,184.0,82.0,-22.0,353.0,441.0
124.0,71.0,116.0,-1.0,47.0,-8.0,196.0,-526.0,362.0,469.0
97.0,297.0,118.0,3.0,-4.0,-200.0,224.0,118.0,302.0,468.0
95.0,491.0,208.0,140.0,-115.0,-315.0,208.0,145.0,217.0,452.0
57.0,766.0,237.0,299.0,-56.0,-408.0,240.0,630.0,121.0,398.0
19.0,933.0,229.0,380.0,60.0,-295.0,263.0,-216.0,61.0,344.0
-1.0,906.0,284.0,477.0,-92.0,-293.0,233.0,-702.0,83.0,308.0
-48.0,645.0,244.0,551.0,-271.0,-331.0,120.0,-349.0,117.0,234.0
-88.0,342.0,274.0,624.0,-128.0,-231.0,32.0,421.0,129.0,179.0
-102.0,297.0,305.0,660.0,34.0,-62.0,15.0,774.0,161.0,164.0
-94.0,298.0,320.0,659.0,118.0,-90.0,8.0,530.0,173.0,156.0
-107.0,383.0,334.0,610.0,106.0,-336.0,-57.0,-49.0,102.0,166.0
-115.0,481.0,298.0,448.0,-17.0,-616.0,-166.0,-899.0,-73.0,220.0
-139.0,586.0,299.0,239.0,206.0,-527.0,-216.0,-109.0,-244.0,306.0
-136.0,664.0,272.0,71.0,271.0,-151.0,-255.0,912.0,-359.0,396.0
-124.0,706.0,279.0,-11.0,-84.0,-107.0,-326.0,1795.0,-428.0,478.0
-121.0,592.0,230.0,-73.0,-112.0,-368.0,-427.0,219.0,-413.0,557.0
-111.0,289.0,198.0,-137.0,47.0,-385.0,-451.0,-779.0,-325.0,613.0
-94.0,-90.0,226.0,-190.0,61.0,-7.0,-399.0,-275.0,-172.0,633.0
-77.0,-667.0,162.0,-156.0,-4.0,51.0,-368.0,308.0,-24.0,607.0
-65.0,-1039.0,135.0,-61.0,-85.0,-191.0,-393.0,517.0,51.0,511.0
-61.0,-1289.0,111.0,13.0,-39.0,-56.0,-372.0,-166.0,56.0,374.0
-79.0,-1352.0,48.0,114.0,70.0,297.0,-228.0,391.0,18.0,172.0
-67.0,-1235.0,0.0,196.0,-65.0,459.0,-71.0,216.0,16.0,-33.0
-44.0,-1276.0,-23.0,265.0,-98.0,361.0,37.0,691.0,92.0,-207.0
0.0,-1179.0,5.0,278.0,11.0,-22.0,93.0,145.0,182.0,-401.0
20.0,-1003.0,-13.0,258.0,41.0,-110.0,229.0,-689.0,219.0,-553.0
62.0,-790.0,-25.0,211.0,194.0,260.0,390.0,-812.0,223.0,-658.0
115.0,-652.0,19.0,106.0,53.0,282.0,476.0,-491.0,195.0,-733.0
148.0,-458.0,-26.0,8.0,86.0,37.0,527.0,835.0,163.0,-778.0
177.0,-209.0,-1.0,-91.0,389.0,-111.0,561.0,910.0,111.0,-783.0
180.0,-110.0,56.0,-110.0,110.0,166.0,593.0,546.0,59.0,-738.0
217.0,158.0,68.0,-130.0,-36.0,609.0,553.0,-116.0,58.0,-677.0
220.0,470.0,127.0,-180.0,169.0,536.0,464.0,223.0,51.0,-618.0
238.0,790.0,162.0,-173.0,116.0,221.0,385.0,-169.0,27.0,-544.0
256.0,1056.0,200.0,-147.0,178.0,313.0,392.0,40.0,-68.0,-457.0
291.0,1107.0,240.0,-66.0,70.0,884.0,428.0,182.0,-216.0,-381.0
322.0,1068.0,309.0,28.0,-134.0,938.0,440.0,-624.0,-349.0,-279.0
316.0,1008.0,339.0,134.0,197.0,254.0,403.0,-539.0,-437.0,-139.0
309.0,1021.0,357.0,236.0,126.0,-344.0,321.0,-347.0,-460.0,2.0
294.0,1003.0,394.0,301.0,-187.0,-285.0,280.0,739.0,-439.0,135.0
324.0,953.0,347.0,342.0,-59.0,78.0,210.0,258.0,-399.0,267.0
349.0,764.0,317.0,362.0,-44.0,118.0,71.0,194.0,-334.0,379.0
409.0,494.0,284.0,404.0,-113.0,100.0,-163.0,116.0,-215.0,439.0
464.0,205.0,250.0,453.0,-53.0,479.0,-385.0,-785.0,-84.0,462.0
523.0,-143.0,229.0,449.0,-148.0,1228.0,-475.0,-552.0,69.0,468.0
550.0,-205.0,230.0,377.0,-66.0,1047.0,-505.0,-24.0,245.0,444.0
542.0,-207.0,236.0,303.0,172.0,163.0,-514.0,838.0,397.0,389.0
538.0,-145.0,186.0,210.0,-128.0,6.0,-467.0,110.0,524.0,335.0
502.0,-35.0,218.0,94.0,-220.0,82.0,-332.0,-1370.0,571.0,298.0
493.0,-25.0,252.0,21.0,13.0,235.0,-206.0,-679.0,518.0,260.0
447.0,21.0,283.0,-24.0,-16.0,245.0,-172.0,692.0,349.0,239.0
418.0,-38.0,329.0,-85.0,-92.0,179.0,-188.0,781.0,143.0,220.0
374.0,-133.0,349.0,-142.0,-198.0,590.0,-163.0,846.0,53.0,213.0
297.0,-297.0,390.0,-168.0,-90.0,881.0,-109.0,910.0,106.0,233.0
226.0,-419.0,334.0,-147.0,38.0,836.0,-71.0,548.0,230.0,252.0
161.0,-497.0,333.0,-123.0,-116.0,564.0,-82.0,-327.0,285.0,276.0
115.0,-520.0,397.0,-107.0,-136.0,267.0,-85.0,-604.0,219.0,253.0
54.0,-526.0,358.0,-20.0,62.0,362.0,13.0,264.0,55.0,190.0
3.0,-641.0,389.0,51.0,67.0,546.0,154.0,230.0,-77.0,115.0
-50.0,-577.0,391.0,79.0,-55.0,451.0,274.0,186.0,-129.0,23.0
-78.0,-254.0,292.0,89.0,-72.0,361.0,384.0,291.0,-218.0,-87.0
-102.0,237.0,286.0,114.0,16.0,279.0,556.0,-574.0,-322.0,-196.0
-119.0,497.0,247.0,147.0,183.0,402.0,715.0,-757.0,-375.0,-246.0
-135.0,699.0,191.0,121.0,122.0,686.0,782.0,-382.0,-335.0,-265.0
-167.0,963.0,200.0,84.0,-5.0,467.0,687.0,121.0,-242.0,-236.0
-188.0,988.0,171.0,47.0,82.0,8.0,520.0,615.0,-189.0,-181.0
-211.0,905.0,92.0,3.0,182.0,28.0,383.0,576.0,-197.0,-80.0
-232.0,613.0,75.0,-17.0,146.0,471.0,199.0,269.0,-217.0,55.0
-244.0,450.0,106.0,-53.0,-57.0,406.0,-12.0,84.0,-184.0,181.0
-258.0,290.0,33.0,-101.0,-86.0,108.0,-245.0,96.0,-143.0,334.0
-264.0,-32.0,26.0,-100.0,171.0,222.0,-286.0,-223.0,-105.0,444.0
-228.0,-207.0,25.0,-114.0,257.0,257.0,-186.0,-426.0,-85.0,531.0
-189.0,-451.0,-41.0,-137.0,149.0,319.0,-70.0,-107.0,-100.0,585.0
-158.0,-485.0,-22.0,-111.0,135.0,480.0,4.0,844.0,-107.0,600.0
-131.0,-582.0,28.0,-99.0,271.0,343.0,46.0,53.0,-76.0,594.0
-110.0,-881.0,40.0,-111.0,363.0,144.0,176.0,-476.0,4.0,512.0
-94.0,-957.0,47.0,-89.0,160.0,113.0,126.0,107.0,93.0,411.0
-85.0,-863.0,89.0,-32.0,53.0,12.0,-5.0,312.0,168.0,306.0
-78.0,-722.0,56.0,32.0,263.0,104.0,-182.0,777.0,174.0,184.0
-37.0,-645.0,22.0,97.0,214.0,178.0,-367.0,-493.0,92.0,82.0
25.0,-377.0,45.0,188.0,61.0,116.0,-428.0,-1555.0,-11.0,34.0
60.0,-128.0,-25.0,259.0,69.0,398.0,-392.0,-1779.0,-54.0,14.0
90.0,62.0,-33.0,249.0,8.0,551.0,-176.0,-825.0,2.0,15.0
125.0,211.0,-29.0,282.0,50.0,399.0,0.0,809.0,59.0,67.0
177.0,290.0,-127.0,335.0,35.0,88.0,238.0,1838.0,80.0,126.0
230.0,538.0,-118.0,330.0,-203.0,-41.0,498.0,1505.0,93.0,197.0
284.0,781.0,-122.0,286.0,-267.0,187.0,552.0,-354.0,81.0,256.0
329.0,952.0,-177.0,207.0,-194.0,291.0,540.0,-715.0,29.0,278.0
377.0,1053.0,-143.0,132.0,-263.0,269.0,438.0,-190.0,-59.0,289.0
453.0,1248.0,-135.0,93.0,-306.0,294.0,295.0,-665.0,-165.0,254.0
509.0,1239.0,-175.0,58.0,-217.0,293.0,57.0,-1234.0,-238.0,183.0
542.0,1001.0,-83.0,-12.0,-137.0,-104.0,-322.0,-216.0,-210.0,94.0
562.0,791.0,-36.0,-53.0,-99.0,-468.0,-576.0,1042.0,-141.0,-20.0
564.0,535.0,-64.0,-52.0,-170.0,-183.0,-579.0,1193.0,-85.0,-137.0
558.0,213.0,64.0,-54.0,-228.0,310.0,-411.0,910.0,-78.0,-245.0
572.0,-240.0,82.0,-45.0,-21.0,309.0,-327.0,713.0,-76.0,-320.0
592.0,-311.0,76.0,7.0,71.0,-75.0,-357.0,18.0,-54.0,-387.0
595.0,-219.0,161.0,72.0,-16.0,99.0,-335.0,-1644.0,-63.0,-433.0
579.0,-305.0,116.0,134.0,63.0,541.0,-375.0,-1928.0,-62.0,-430.0
538.0,-374.0,107.0,204.0,128.0,522.0,-442.0,-120.0,-17.0,-436.0
491.0,-529.0,161.0,264.0,116.0,200.0,-625.0,1182.0,68.0,-416.0
455.0,-647.0,93.0,293.0,90.0,65.0,-843.0,1313.0,118.0,-379.0
424.0,-741.0,37.0,235.0,-33.0,121.0,-813.0,779.0,106.0,-341.0
385.0,-812.0,25.0,201.0,-16.0,-5.0,-683.0,552.0,118.0,-288.0
348.0,-934.0,-25.0,214.0,251.0,-85.0,-475.0,-33.0,185.0,-255.0
337.0,-970.0,11.0,160.0,209.0,-221.0,-258.0,-2019.0,289.0,-214.0
318.0,-938.0,11.0,94.0,75.0,-369.0,-51.0,-1321.0,364.0,-174.0
278.0,-1012.0,-10.0,46.0,213.0,-120.0,286.0,1208.0,351.0,-142.0
248.0,-847.0,5.0,-55.0,324.0,296.0,605.0,1936.0,238.0,-98.0
224.0,-627.0,-49.0,-193.0,344.0,338.0,755.0,1106.0,91.0,-30.0
215.0,-552.0,-6.0,-301.0,233.0,109.0,881.0,-1326.0,-11.0,33.0
198.0,-523.0,0.0,-366.0,206.0,26.0,1066.0,-1843.0,-59.0,105.0
156.0,-379.0,-24.0,-337.0,265.0,209.0,1167.0,-1757.0,-87.0,211.0
104.0,-151.0,42.0,-250.0,274.0,485.0,1145.0,-1402.0,-133.0,299.0
51.0,33.0,-7.0,-166.0,122.0,-14.0,1019.0,692.0,-145.0,396.0
4.0,300.0,-18.0,-100.0,7.0,-652.0,841.0,1407.0,-125.0,492.0
-24.0,542.0,36.0,-38.0,46.0,-404.0,668.0,1524.0,-110.0,573.0
-60.0,893.0,34.0,46.0,-18.0,84.0,440.0,12.0,-83.0,640.0
-86.0,1072.0,67.0,77.0,-114.0,274.0,97.0,-552.0,-59.0,691.0
-104.0,977.0,90.0,106.0,-245.0,172.0,-215.0,-1293.0,-35.0,727.0
-144.0,1009.0,72.0,151.0,-223.0,198.0,-428.0,-2074.0,10.0,714.0
-144.0,996.0,67.0,141.0,-205.0,208.0,-626.0,173.0,31.0,665.0
-158.0,823.0,99.0,96.0,-297.0,25.0,-804.0,2065.0,7.0,597.0
-160.0,474.0,78.0,41.0,-366.0,-314.0,-966.0,1818.0,-44.0,519.0
-126.0,115.0,108.0,-6.0,-271.0,-594.0,-982.0,-548.0,-121.0,463.0
-101.0,-173.0,150.0,-48.0,-118.0,-389.0,-958.0,-650.0,-153.0,455.0
-69.0,-431.0,79.0,-93.0,-237.0,-131.0,-1033.0,-934.0,-141.0,480.0
-18.0,-701.0,45.0,-150.0,-194.0,-73.0,-1006.0,-1856.0,-137.0,544.0
49.0,-723.0,2.0,-166.0,-68.0,-199.0,-805.0,-275.0,-134.0,613.0
89.0,-420.0,-36.0,-183.0,-3.0,-112.0,-490.0,1328.0,-144.0,669.0
139.0,-296.0,-79.0,-167.0,79.0,80.0,-117.0,2169.0,-204.0,690.0
182.0,-101.0,-98.0,-115.0,129.0,-87.0,215.0,131.0,-291.0,635.0
213.0,281.0,-78.0,-79.0,149.0,-193.0,415.0,-2790.0,-335.0,518.0
217.0,608.0,-144.0,-18.0,124.0,-390.0,539.0,-1638.0,-303.0,354.0
208.0,550.0,-137.0,8.0,180.0,-425.0,543.0,896.0,-178.0,172.0
231.0,293.0,-121.0,71.0,87.0,-54.0,408.0,631.0,-57.0,-42.0
247.0,181.0,-134.0,158.0,39.0,79.0,255.0,109.0,7.0,-247.0
262.0,38.0,-70.0,251.0,92.0,-88.0,74.0,-443.0,45.0,-396.0
265.0,83.0,-31.0,350.0,43.0,-130.0,-111.0,-944.0,38.0,-500.0
251.0,6.0,-25.0,341.0,-36.0,-18.0,-238.0,1088.0,8.0,-551.0
215.0,-90.0,-33.0,294.0,-50.0,-9.0,-197.0,1093.0,-20.0,-545.0
209.0,-93.0,14.0,273.0,16.0,33.0,-28.0,14.0,-9.0,-503.0
202.0,-115.0,49.0,225.0,42.0,-54.0,196.0,-713.0,10.0,-431.0
213.0,-113.0,24.0,160.0,98.0,-141.0,480.0,-1797.0,-3.0,-321.0
241.0,-227.0,66.0,79.0,80.0,-66.0,651.0,-770.0,-57.0,-235.0
241.0,-79.0,95.0,-23.0,118.0,-151.0,636.0,395.0,-143.0,-166.0
271.0,59.0,72.0,-85.0,173.0,-319.0,560.0,1160.0,-152.0,-138.0
276.0,117.0,42.0,-125.0,-9.0,-241.0,388.0,-271.0,-86.0,-116.0
280.0,199.0,66.0,-172.0,-67.0,106.0,129.0,-120.0,-1.0,-83.0
255.0,367.0,110.0,-201.0,56.0,-67.0,-109.0,284.0,81.0,-104.0
225.0,514.0,76.0,-222.0,-48.0,-358.0,-325.0,-1744.0,97.0,-110.0
195.0,340.0,67.0,-248.0,-124.0,-183.0,-381.0,-1945.0,105.0,-123.0
170.0,334.0,59.0,-237.0,31.0,142.0,-369.0,-511.0,106.0,-127.0
181.0,216.0,-17.0,-170.0,36.0,386.0,-433.0,1934.0,106.0,-121.0
172.0,-186.0,-54.0,-121.0,-100.0,-100.0,-450.0,1145.0,151.0,-130.0
210.0,-520.0,-26.0,-100.0,-164.0,-614.0,-394.0,29.0,154.0,-115.0
206.0,-774.0,-71.0,-68.0,-54.0,-541.0,-267.0,-541.0,96.0,-107.0
197.0,-986.0,-96.0,-8.0,8.0,-254.0,-168.0,-2688.0,-7.0,-77.0
184.0,-1111.0,-94.0,61.0,-42.0,37.0,-165.0,-1609.0,-92.0,-18.0
156.0,-1017.0,-120.0,137.0,-69.0,-50.0,-239.0,1430.0,-121.0,48.0
164.0,-818.0,-95.0,131.0,-88.0,-399.0,-335.0,2485.0,-106.0,117.0
160.0,-524.0,-94.0,113.0,-29.0,-440.0,-391.0,1552.0,-48.0,179.0
197.0,-357.0,-93.0,120.0,-66.0,-56.0,-414.0,-2618.0,40.0,229.0
233.0,-213.0,-122.0,83.0,-129.0,106.0,-425.0,-4351.0,127.0,245.0
269.0,-25.0,-176.0,69.0,-77.0,-31.0,-360.0,-38.0,189.0,245.0
264.0,164.0,-188.0,7.0,-93.0,-277.0,-155.0,990.0,191.0,240.0
261.0,446.0,-201.0,-70.0,-33.0,-180.0,105.0,1082.0,128.0,233.0
247.0,517.0,-218.0,-134.0,-55.0,160.0,312.0,1317.0,54.0,235.0
212.0,889.0,-215.0,-138.0,-183.0,-29.0,423.0,-1339.0,2.0,234.0
215.0,1268.0,-248.0,-79.0,-54.0,-209.0,502.0,-1823.0,33.0,246.0
207.0,1193.0,-219.0,-72.0,57.0,-162.0,538.0,-68.0,68.0,273.0
232.0,1068.0,-186.0,-86.0,-33.0,-82.0,518.0,1847.0,93.0,275.0
225.0,898.0,-228.0,-97.0,-106.0,-35.0,408.0,1302.0,144.0,275.0
211.0,743.0,-202.0,-89.0,15.0,-39.0,297.0,-262.0,147.0,295.0
168.0,343.0,-204.0,-76.0,107.0,62.0,345.0,-1188.0,151.0,325.0
109.0,48.0,-130.0,-33.0,113.0,119.0,385.0,-1528.0,179.0,331.0
62.0,-76.0,-87.0,17.0,108.0,128.0,369.0,-1411.0,189.0,304.0
24.0,-167.0,-77.0,-6.0,-51.0,93.0,338.0,-1217.0,156.0,243.0
6.0,-152.0,29.0,-44.0,43.0,91.0,359.0,2326.0,99.0,137.0
-33.0,-359.0,47.0,-18.0,130.0,90.0,426.0,3209.0,0.0,40.0
-31.0,-347.0,97.0,7.0,-74.0,-37.0,333.0,351.0,-119.0,-35.0
-44.0,-96.0,172.0,0.0,-57.0,-194.0,149.0,-1709.0,-180.0,-113.0
-40.0,169.0,182.0,-18.0,62.0,-252.0,47.0,-3287.0,-233.0,-160.0
-46.0,258.0,208.0,-10.0,68.0,-283.0,15.0,-909.0,-269.0,-149.0
-63.0,258.0,180.0,33.0,18.0,-502.0,-64.0,2071.0,-279.0,-106.0
-70.0,310.0,133.0,62.0,-92.0,-605.0,-239.0,2002.0,-271.0,-60.0
-100.0,104.0,144.0,86.0,-70.0,-494.0,-339.0,86.0,-262.0,-24.0
-122.0,9.0,78.0,97.0,125.0,-410.0,-333.0,-1991.0,-282.0,-1.0
-138.0,-92.0,26.0,145.0,131.0,-227.0,-334.0,-2222.0,-310.0,28.0
-107.0,-206.0,16.0,190.0,22.0,-260.0,-367.0,-683.0,-293.0,66.0
-105.0,-40.0,-87.0,228.0,89.0,-379.0,-476.0,665.0,-251.0,113.0
-94.0,3.0,-114.0,236.0,147.0,-259.0,-512.0,548.0,-242.0,146.0
-83.0,-116.0,-104.0,198.0,81.0,-180.0,-473.0,-142.0,-262.0,168.0
-98.0,-118.0,-131.0,142.0,-14.0,-248.0,-425.0,-881.0,-289.0,195.0
-114.0,-95.0,-134.0,31.0,-40.0,-521.0,-300.0,-1426.0,-246.0,201.0
-139.0,-277.0,-179.0,-6.0,33.0,-784.0,-162.0,-1598.0,-142.0,176.0
-143.0,-321.0,-174.0,-49.0,0.0,-808.0,69.0,-1321.0,-60.0,120.0
-155.0,-369.0,-177.0,-42.0,-96.0,-578.0,321.0,-399.0,-5.0,64.0
-138.0,-587.0,-234.0,16.0,-89.0,-494.0,434.0,1265.0,0.0,9.0
-134.0,-775.0,-182.0,72.0,-19.0,-376.0,456.0,611.0,-9.0,-56.0
-128.0,-942.0,-185.0,92.0,6.0,-73.0,465.0,-1040.0,0.0,-139.0
-140.0,-843.0,-185.0,17.0,-160.0,-100.0,518.0,-642.0,-40.0,-215.0
-146.0,-804.0,-103.0,-56.0,-204.0,-125.0,526.0,-639.0,-127.0,-266.0
-143.0,-812.0,-80.0,-149.0,-104.0,-253.0,423.0,-1032.0,-220.0,-311.0
-180.0,-677.0,-31.0,-186.0,-176.0,-427.0,300.0,-1267.0,-284.0,-325.0
-169.0,-390.0,7.0,-202.0,-152.0,-477.0,248.0,-833.0,-269.0,-313.0
-148.0,-55.0,53.0,-190.0,-35.0,-576.0,205.0,777.0,-228.0,-276.0
-98.0,94.0,45.0,-217.0,-109.0,-500.0,-39.0,1507.0,-198.0,-217.0
-74.0,326.0,46.0,-257.0,-92.0,-279.0,-417.0,92.0,-135.0,-152.0
-68.0,486.0,89.0,-235.0,-89.0,-64.0,-678.0,-1899.0,-46.0,-103.0
-88.0,486.0,58.0,-199.0,-202.0,-171.0,-830.0,-1932.0,42.0,-79.0
-121.0,406.0,90.0,-150.0,-64.0,-220.0,-880.0,428.0,111.0,-65.0
-114.0,334.0,74.0,-183.0,-17.0,-110.0,-891.0,2472.0,168.0,-68.0
-130.0,170.0,8.0,-146.0,-53.0,-281.0,-855.0,1620.0,196.0,-96.0
-119.0,-14.0,-33.0,-44.0,0.0,-548.0,-674.0,-509.0,193.0,-150.0
-109.0,-96.0,-87.0,6.0,-10.0,-638.0,-418.0,-2215.0,248.0,-207.0
-83.0,-163.0,-73.0,8.0,123.0,-377.0,-188.0,-1768.0,331.0,-276.0
-76.0,-133.0,-111.0,6.0,210.0,-193.0,-52.0,352.0,381.0,-359.0
-40.0,-128.0,-157.0,13.0,58.0,-221.0,77.0,339.0,390.0,-421.0
0.0,85.0,-146.0,-25.0,96.0,-154.0,237.0,-48.0,335.0,-474.0
18.0,241.0,-186.0,-48.0,223.0,-114.0,372.0,-142.0,241.0,-488.0
42.0,397.0,-187.0,-60.0,98.0,-192.0,448.0,-25.0,141.0,-454.0
53.0,721.0,-230.0,-134.0,47.0,-164.0,452.0,958.0,84.0,-375.0
103.0,715.0,-301.0,-168.0,59.0,-29.0,484.0,306.0,69.0,-238.0
119.0,600.0,-300.0,-146.0,126.0,-194.0,615.0,-509.0,38.0,-77.0
162.0,595.0,-318.0,-169.0,178.0,-285.0,674.0,-598.0,10.0,86.0
177.0,463.0,-362.0,-176.0,71.0,-151.0,551.0,-123.0,-18.0,237.0
205.0,-67.0,-385.0,-250.0,103.0,-147.0,368.0,267.0,-21.0,345.0
228.0,-582.0,-387.0,-322.0,109.0,-26.0,207.0,-144.0,-11.0,393.0
193.0,-877.0,-415.0,-332.0,52.0,-35.0,38.0,282.0,-10.0,386.0
177.0,-1192.0,-401.0,-374.0,-24.0,-191.0,-291.0,216.0,-11.0,325.0
126.0,-1218.0,-423.0,-343.0,-108.0,-174.0,-688.0,-269.0,-57.0,214.0
100.0,-1140.0,-428.0,-221.0,24.0,-75.0,-1009.0,-519.0,-89.0,90.0
47.0,-1131.0,-383.0,-76.0,-34.0,-194.0,-1162.0,-1104.0,-95.0,-46.0
-6.0,-1002.0,-388.0,27.0,-197.0,-385.0,-1182.0,-1110.0,-80.0,-153.0
-55.0,-935.0,-365.0,46.0,-95.0,-384.0,-1222.0,-556.0,-43.0,-219.0
-85.0,-786.0,-349.0,26.0,-24.0,-553.0,-1172.0,282.0,0.0,-249.0
-129.0,-507.0,-310.0,21.0,-6.0,-415.0,-966.0,-103.0,65.0,-224.0
-184.0,-185.0,-274.0,-30.0,-46.0,-182.0,-677.0,-1372.0,92.0,-187.0
-212.0,297.0,-227.0,-84.0,-179.0,-100.0,-454.0,-940.0,75.0,-115.0
-242.0,739.0,-141.0,-80.0,-123.0,0.0,-215.0,502.0,33.0,-24.0
-235.0,989.0,-87.0,-34.0,43.0,0.0,9.0,1230.0,-22.0,45.0
-252.0,1244.0,-60.0,5.0,-54.0,227.0,132.0,537.0,-91.0,127.0
-233.0,1381.0,-18.0,-24.0,-91.0,75.0,158.0,-829.0,-171.0,213.0
-227.0,1169.0,39.0,-16.0,42.0,-203.0,58.0,-526.0,-219.0,298.0
-219.0,979.0,112.0,20.0,12.0,-206.0,17.0,480.0,-211.0,351.0
-217.0,842.0,151.0,84.0,30.0,-5.0,4.0,299.0,-130.0,366.0
-211.0,726.0,123.0,112.0,17.0,116.0,-24.0,-138.0,10.0,350.0
-173.0,761.0,143.0,50.0,-15.0,-146.0,-101.0,-702.0,104.0,270.0
-153.0,832.0,116.0,55.0,40.0,-124.0,-162.0,-386.0,121.0,150.0
-135.0,809.0,93.0,74.0,-4.0,18.0,-149.0,700.0,121.0,-14.0
-155.0,516.0,134.0,76.0,-20.0,120.0,-157.0,1173.0,111.0,-210.0
-143.0,269.0,96.0,69.0,-87.0,37.0,-187.0,896.0,136.0,-405.0
-142.0,65.0,89.0,87.0,-101.0,-31.0,-252.0,-461.0,174.0,-579.0
-154.0,-172.0,86.0,138.0,93.0,6.0,-241.0,-982.0,159.0,-681.0
-160.0,-405.0,40.0,163.0,7.0,-128.0,-235.0,-892.0,148.0,-719.0
-129.0,-747.0,18.0,190.0,-148.0,-102.0,-241.0,-724.0,157.0,-685.0
-74.0,-959.0,14.0,174.0,-9.0,-191.0,-239.0,938.0,155.0,-588.0
-26.0,-1249.0,7.0,132.0,-18.0,-259.0,-267.0,2073.0,155.0,-437.0
26.0,-1487.0,1.0,68.0,-67.0,-49.0,-177.0,1164.0,150.0,-247.0
56.0,-1513.0,8.0,-31.0,61.0,243.0,-30.0,-652.0,150.0,-52.0
97.0,-1395.0,12.0,-129.0,84.0,219.0,23.0,-1282.0,191.0,113.0
85.0,-1125.0,26.0,-153.0,104.0,-30.0,-55.0,-219.0,226.0,240.0
96.0,-983.0,32.0,-134.0,173.0,107.0,-149.0,925.0,201.0,345.0
108.0,-786.0,22.0,-140.0,100.0,305.0,-213.0,351.0,100.0,383.0
109.0,-485.0,-15.0,-85.0,139.0,252.0,-311.0,-1261.0,-3.0,378.0
106.0,-70.0,-54.0,34.0,201.0,-66.0,-476.0,-1742.0,-56.0,335.0
79.0,339.0,-40.0,178.0,117.0,-319.0,-615.0,-533.0,-50.0,262.0
50.0,807.0,-38.0,283.0,164.0,-30.0,-644.0,1409.0,15.0,182.0
-12.0,1349.0,-72.0,293.0,114.0,325.0,-635.0,1483.0,81.0,83.0
-59.0,1812.0,-83.0,245.0,82.0,197.0,-617.0,284.0,115.0,3.0
-122.0,2274.0,-120.0,207.0,196.0,-51.0,-574.0,-886.0,96.0,-84.0
-170.0,2317.0,-120.0,155.0,182.0,31.0,-496.0,-1722.0,35.0,-134.0
-219.0,2161.0,-112.0,97.0,147.0,272.0,-376.0,-319.0,-33.0,-135.0
-249.0,1858.0,-146.0,32.0,52.0,245.0,-252.0,1788.0,-87.0,-114.0
-258.0,1396.0,-96.0,-43.0,-65.0,0.0,-227.0,1483.0,-67.0,-83.0
-274.0,936.0,-107.0,-141.0,-156.0,19.0,-232.0,48.0,21.0,-58.0
-242.0,446.0,-82.0,-279.0,-261.0,198.0,-171.0,-609.0,113.0,-25.0
-229.0,10.0,-58.0,-333.0,-150.0,315.0,-105.0,-1186.0,184.0,-17.0
-226.0,-628.0,-108.0,-346.0,-45.0,301.0,-71.0,-188.0,215.0,-21.0
-219.0,-1083.0,-36.0,-363.0,-206.0,275.0,-37.0,1369.0,190.0,-42.0
-200.0,-1370.0,-62.0,-400.0,-165.0,267.0,34.0,1069.0,135.0,-60.0
-153.0,-1539.0,-78.0,-389.0,-105.0,78.0,68.0,448.0,54.0,-73.0
-93.0,-1538.0,-58.0,-317.0,-241.0,55.0,133.0,-439.0,10.0,-96.0
-39.0,-1618.0,-122.0,-283.0,-198.0,70.0,213.0,-1430.0,25.0,-104.0
-22.0,-1563.0,-95.0,-161.0,-262.0,158.0,251.0,-423.0,48.0,-111.0
-2.0,-1515.0,-169.0,14.0,-238.0,175.0,336.0,1681.0,80.0,-122.0
25.0,-1371.0,-213.0,93.0,-17.0,12.0,412.0,1971.0,82.0,-134.0
35.0,-1108.0,-184.0,114.0,-145.0,107.0,401.0,315.0,38.0,-129.0
41.0,-837.0,-235.0,124.0,-125.0,52.0,283.0,-1624.0,-15.0,-129.0
30.0,-742.0,-236.0,121.0,126.0,152.0,150.0,-1435.0,-65.0,-130.0
26.0,-680.0,-198.0,103.0,54.0,272.0,77.0,763.0,-102.0,-134.0
18.0,-359.0,-174.0,51.0,53.0,227.0,38.0,1659.0,-121.0,-173.0
-3.0,53.0,-209.0,0.0,0.0,325.0,-14.0,177.0,-147.0,-233.0
14.0,709.0,-169.0,-41.0,-109.0,160.0,-34.0,-1577.0,-166.0,-310.0
44.0,1164.0,-153.0,-96.0,229.0,22.0,-4.0,-982.0,-160.0,-382.0
67.0,1458.0,-156.0,-174.0,207.0,123.0,43.0,1029.0,-111.0,-456.0
60.0,1740.0,-96.0,-218.0,-57.0,306.0,14.0,1888.0,-30.0,-512.0
50.0,1837.0,-60.0,-235.0,147.0,294.0,-135.0,1585.0,39.0,-526.0
56.0,1928.0,3.0,-230.0,127.0,230.0,-203.0,197.0,95.0,-515.0
42.0,1823.0,22.0,-141.0,11.0,217.0,-205.0,-1953.0,80.0,-461.0
20.0,1643.0,76.0,-40.0,-32.0,83.0,-177.0,-2699.0,-2.0,-380.0
9.0,1328.0,97.0,28.0,-220.0,66.0,-135.0,-953.0,-127.0,-284.0
-16.0,1065.0,94.0,68.0,3.0,171.0,-110.0,1951.0,-277.0,-180.0
-54.0,886.0,160.0,85.0,57.0,391.0,31.0,2535.0,-360.0,-84.0
-88.0,436.0,162.0,80.0,-187.0,385.0,234.0,351.0,-369.0,-11.0
-106.0,76.0,182.0,65.0,3.0,246.0,347.0,-2041.0,-313.0,37.0
-97.0,-338.0,205.0,88.0,14.0,198.0,277.0,-3514.0,-227.0,59.0
-120.0,-971.0,197.0,139.0,-45.0,221.0,169.0,-1956.0,-110.0,34.0
-130.0,-1375.0,245.0,145.0,-12.0,301.0,127.0,1755.0,16.0,10.0
-136.0,-1438.0,256.0,108.0,-189.0,73.0,-3.0,3078.0,74.0,-29.0
-142.0,-1494.0,269.0,56.0,3.0,-64.0,-211.0,1140.0,89.0,-102.0
-154.0,-1810.0,267.0,-5.0,133.0,60.0,-383.0,-1051.0,90.0,-167.0
-185.0,-2054.0,198.0,-106.0,-114.0,156.0,-470.0,-914.0,83.0,-222.0
-180.0,-2012.0,245.0,-250.0,-33.0,245.0,-508.0,362.0,57.0,-240.0
-185.0,-1755.0,235.0,-326.0,17.0,279.0,-589.0,-134.0,47.0,-229.0
-191.0,-1401.0,207.0,-368.0,-114.0,318.0,-617.0,-1256.0,42.0,-202.0
-220.0,-953.0,237.0,-437.0,0.0,226.0,-479.0,-1180.0,65.0,-158.0
-251.0,-381.0,186.0,-512.0,-146.0,75.0,-215.0,648.0,140.0,-111.0
-291.0,-12.0,98.0,-519.0,-193.0,11.0,74.0,2608.0,181.0,-48.0
-316.0,136.0,43.0,-483.0,75.0,27.0,257.0,1494.0,192.0,22.0
-317.0,213.0,-6.0,-468.0,-53.0,329.0,381.0,-537.0,139.0,53.0
-312.0,199.0,-61.0,-427.0,-56.0,513.0,533.0,-1770.0,29.0,53.0
-281.0,179.0,-13.0,-322.0,17.0,250.0,646.0,-685.0,-85.0,59.0
-256.0,269.0,-56.0,-200.0,-24.0,91.0,640.0,1478.0,-181.0,39.0
-196.0,289.0,-57.0,-73.0,41.0,424.0,514.0,1051.0,-213.0,14.0
-163.0,377.0,-13.0,101.0,-131.0,850.0,372.0,144.0,-190.0,-5.0
-150.0,738.0,-56.0,267.0,-137.0,784.0,281.0,192.0,-121.0,-14.0
-144.0,910.0,-13.0,372.0,125.0,456.0,231.0,718.0,-18.0,17.0
-146.0,975.0,-45.0,397.0,142.0,417.0,143.0,-160.0,105.0,78.0
-141.0,1023.0,-97.0,349.0,42.0,487.0,52.0,-480.0,231.0,149.0
-151.0,873.0,-127.0,290.0,24.0,465.0,75.0,-399.0,301.0,208.0
-136.0,702.0,-134.0,205.0,68.0,450.0,126.0,-696.0,288.0,270.0
-108.0,598.0,-173.0,66.0,181.0,529.0,88.0,1132.0,226.0,304.0
-90.0,525.0,-222.0,-25.0,74.0,630.0,-1.0,1293.0,155.0,303.0
-86.0,239.0,-169.0,-53.0,-84.0,494.0,-46.0,-412.0,104.0,272.0
-64.0,-134.0,-225.0,-111.0,86.0,327.0,-56.0,-1474.0,83.0,195.0
-46.0,-451.0,-226.0,-190.0,146.0,331.0,-56.0,-402.0,63.0,109.0
-36.0,-649.0,-171.0,-196.0,78.0,515.0,-56.0,519.0,44.0,-11.0
-20.0,-724.0,-207.0,-179.0,25.0,363.0,-130.0,-380.0,38.0,-139.0
-18.0,-842.0,-146.0,-172.0,-27.0,-86.0,-249.0,-441.0,53.0,-267.0
-14.0,-691.0,-111.0,-130.0,169.0,68.0,-355.0,-345.0,78.0,-401.0
-22.0,-564.0,-109.0,-126.0,141.0,323.0,-495.0,284.0,92.0,-503.0
-32.0,-452.0,-65.0,-141.0,-124.0,244.0,-606.0,419.0,89.0,-587.0
-11.0,-310.0,-21.0,-138.0,40.0,30.0,-618.0,-236.0,64.0,-627.0
-6.0,-331.0,14.0,-97.0,120.0,61.0,-543.0,-382.0,41.0,-638.0
-2.0,-194.0,16.0,-39.0,-53.0,369.0,-412.0,-277.0,60.0,-616.0
16.0,-223.0,53.0,9.0,-58.0,377.0,-318.0,332.0,114.0,-553.0
18.0,-376.0,79.0,38.0,-134.0,358.0,-206.0,323.0,150.0,-458.0
21.0,-424.0,92.0,55.0,-52.0,244.0,19.0,548.0,163.0,-347.0
2.0,-250.0,71.0,42.0,19.0,158.0,319.0,1574.0,152.0,-250.0
2.0,4.0,21.0,44.0,-150.0,227.0,518.0,1250.0,107.0,-142.0
24.0,166.0,8.0,69.0,-83.0,91.0,625.0,-83.0,43.0,-66.0
36.0,388.0,-10.0,20.0,-28.0,4.0,737.0,-1740.0,-20.0,-21.0
63.0,583.0,-16.0,-53.0,-131.0,66.0,755.0,-2108.0,-90.0,6.0
89.0,615.0,-61.0,-115.0,-120.0,281.0,680.0,288.0,-148.0,-2.0
123.0,542.0,-114.0,-110.0,-165.0,436.0,511.0,1751.0,-159.0,-22.0
129.0,524.0,-159.0,-128.0,-195.0,474.0,326.0,413.0,-181.0,-57.0
121.0,317.0,-186.0,-155.0,-55.0,442.0,139.0,-20.0,-221.0,-98.0
119.0,316.0,-167.0,-175.0,-55.0,382.0,-43.0,1088.0,-258.0,-111.0
101.0,411.0,-195.0,-204.0,-55.0,434.0,-206.0,1330.0,-302.0,-101.0
109.0,389.0,-188.0,-176.0,75.0,437.0,-400.0,360.0,-308.0,-74.0
86.0,533.0,-189.0,-197.0,86.0,454.0,-501.0,-720.0,-270.0,-44.0
37.0,625.0,-232.0,-186.0,36.0,493.0,-503.0,31.0,-202.0,-15.0
-3.0,659.0,-187.0,-117.0,-12.0,413.0,-459.0,925.0,-109.0,40.0
-66.0,316.0,-141.0,-55.0,64.0,148.0,-448.0,868.0,-29.0,61.0
-89.0,50.0,-97.0,23.0,154.0,22.0,-440.0,18.0,-23.0,67.0
-115.0,-51.0,-58.0,53.0,76.0,256.0,-288.0,-1476.0,-46.0,65.0
-125.0,-222.0,-5.0,-11.0,52.0,543.0,-41.0,-800.0,-80.0,28.0
-124.0,-300.0,39.0,-65.0,143.0,473.0,105.0,502.0,-95.0,-14.0
-138.0,-542.0,37.0,-69.0,189.0,102.0,121.0,639.0,-48.0,-82.0
-149.0,-443.0,119.0,-31.0,99.0,8.0,101.0,138.0,0.0,-140.0
-160.0,-221.0,162.0,-18.0,7.0,226.0,74.0,-70.0,-14.0,-183.0
-164.0,-198.0,177.0,-74.0,10.0,307.0,82.0,667.0,-72.0,-196.0
-177.0,-106.0,159.0,-155.0,160.0,30.0,3.0,776.0,-111.0,-180.0
-148.0,-94.0,151.0,-252.0,120.0,-252.0,-111.0,380.0,-132.0,-128.0
-111.0,-128.0,159.0,-269.0,-41.0,-130.0,-192.0,332.0,-97.0,-29.0
-70.0,-183.0,79.0,-277.0,121.0,235.0,-236.0,615.0,-41.0,76.0
-40.0,-164.0,83.0,-239.0,98.0,255.0,-246.0,606.0,-13.0,189.0
-34.0,-38.0,14.0,-151.0,15.0,-37.0,-322.0,-109.0,-5.0,292.0
-32.0,41.0,-63.0,-105.0,-53.0,1.0,-297.0,-42.0,-20.0,361.0
-17.0,53.0,-84.0,-51.0,-158.0,121.0,-151.0,410.0,-36.0,382.0
-23.0,-21.0,-106.0,3.0,14.0,83.0,3.0,-236.0,-78.0,355.0
-22.0,24.0,-148.0,89.0,-27.0,58.0,65.0,-79.0,-113.0,295.0
21.0,204.0,-189.0,168.0,-138.0,59.0,120.0,-310.0,-137.0,197.0
11.0,45.0,-172.0,221.0,-29.0,172.0,287.0,-1622.0,-137.0,59.0
2.0,-121.0,-226.0,255.0,76.0,260.0,442.0,-522.0,-120.0,-70.0
-46.0,-93.0,-202.0,259.0,32.0,244.0,474.0,618.0,-124.0,-190.0
-54.0,-264.0,-170.0,213.0,-50.0,135.0,339.0,-373.0,-133.0,-314.0
-57.0,-259.0,-207.0,177.0,-128.0,82.0,251.0,-1746.0,-182.0,-410.0
-91.0,-62.0,-199.0,145.0,-140.0,203.0,283.0,-1404.0,-242.0,-468.0
-80.0,-4.0,-151.0,42.0,33.0,195.0,257.0,766.0,-257.0,-484.0
-79.0,2.0,-126.0,-8.0,-51.0,-18.0,101.0,1760.0,-264.0,-453.0
-31.0,-16.0,-92.0,-17.0,-123.0,-181.0,-63.0,883.0,-246.0,-383.0
-30.0,28.0,-26.0,-49.0,85.0,-22.0,-179.0,-565.0,-192.0,-292.0
-33.0,186.0,-28.0,-79.0,144.0,246.0,-303.0,-334.0,-166.0,-200.0
-55.0,316.0,-32.0,-117.0,53.0,232.0,-428.0,1130.0,-146.0,-114.0
-86.0,362.0,-29.0,-191.0,19.0,6.0,-536.0,1116.0,-121.0,-37.0
-105.0,439.0,-37.0,-238.0,91.0,-101.0,-531.0,27.0,-100.0,25.0
-128.0,537.0,-70.0,-203.0,161.0,127.0,-425.0,-445.0,-32.0,77.0
-109.0,412.0,-58.0,-120.0,124.0,292.0,-308.0,-145.0,23.0,110.0
-122.0,259.0,-69.0,-10.0,-9.0,97.0,-174.0,495.0,44.0,142.0
-123.0,147.0,-99.0,62.0,12.0,35.0,1.0,606.0,43.0,163.0
-141.0,-111.0,-61.0,86.0,148.0,203.0,152.0,-371.0,21.0,157.0
-152.0,-170.0,-101.0,104.0,41.0,104.0,286.0,-160.0,6.0,149.0
-160.0,-205.0,-82.0,122.0,-99.0,-94.0,363.0,1230.0,-25.0,122.0
-155.0,-355.0,-88.0,163.0,-111.0,-128.0,385.0,1664.0,-52.0,61.0
-156.0,-316.0,-75.0,179.0,-55.0,-60.0,455.0,1036.0,-89.0,-23.0
-167.0,-344.0,-2.0,164.0,39.0,-8.0,478.0,-225.0,-143.0,-109.0
-153.0,-595.0,5.0,121.0,-119.0,-59.0,445.0,-1110.0,-181.0,-196.0
-144.0,-737.0,54.0,69.0,-175.0,18.0,337.0,-519.0,-202.0,-268.0
-143.0,-690.0,70.0,28.0,72.0,41.0,249.0,901.0,-170.0,-323.0
-173.0,-698.0,155.0,-28.0,34.0,57.0,313.0,1175.0,-107.0,-368.0
-182.0,-646.0,169.0,-30.0,-102.0,249.0,413.0,234.0,-62.0,-386.0
-204.0,-555.0,234.0,-31.0,-9.0,350.0,437.0,-142.0,5.0,-402.0
-203.0,-312.0,275.0,-40.0,101.0,275.0,398.0,-153.0,60.0,-409.0
-188.0,-46.0,203.0,-48.0,126.0,172.0,328.0,-552.0,74.0,-419.0
-159.0,-41.0,317.0,-93.0,-2.0,162.0,149.0,-179.0,70.0,-436.0
-140.0,127.0,251.0,-106.0,-135.0,-8.0,-141.0,382.0,63.0,-450.0
-155.0,283.0,238.0,-134.0,-81.0,20.0,-407.0,665.0,60.0,-458.0
-137.0,400.0,199.0,-171.0,-19.0,135.0,-517.0,713.0,40.0,-443.0
-149.0,419.0,114.0,-161.0,-117.0,-97.0,-476.0,362.0,40.0,-429.0
-148.0,463.0,174.0,-108.0,-198.0,-187.0,-303.0,554.0,52.0,-403.0
-162.0,722.0,71.0,-38.0,-146.0,-114.0,-103.0,-297.0,40.0,-348.0
-195.0,598.0,66.0,6.0,-5.0,105.0,10.0,-1709.0,5.0,-274.0
-224.0,513.0,36.0,13.0,-34.0,223.0,79.0,-1607.0,-40.0,-208.0
-274.0,540.0,-25.0,38.0,-165.0,152.0,168.0,-362.0,-82.0,-125.0
-273.0,368.0,-29.0,51.0,-83.0,77.0,280.0,731.0,-82.0,-22.0
-259.0,424.0,-40.0,38.0,-114.0,20.0,281.0,238.0,-64.0,42.0
-273.0,543.0,4.0,75.0,-70.0,125.0,243.0,-319.0,-49.0,91.0
-261.0,434.0,-16.0,89.0,-53.0,-29.0,260.0,-121.0,-25.0,153.0
-259.0,504.0,-25.0,48.0,-225.0,-279.0,280.0,-306.0,-35.0,227.0
-245.0,611.0,15.0,25.0,-47.0,-259.0,183.0,-181.0,-23.0,271.0
-210.0,391.0,-4.0,-24.0,39.0,-135.0,-2.0,101.0,12.0,329.0
-211.0,231.0,22.0,-117.0,-110.0,-121.0,10.0,-303.0,35.0,426.0
-158.0,-38.0,66.0,-127.0,-94.0,-271.0,205.0,-199.0,38.0,495.0
-92.0,-315.0,71.0,-82.0,-58.0,-225.0,372.0,661.0,-5.0,556.0
-35.0,-631.0,122.0,-71.0,10.0,-169.0,457.0,788.0,-60.0,589.0
4.0,-1090.0,48.0,-52.0,22.0,-225.0,564.0,240.0,-91.0,603.0
47.0,-1123.0,71.0,8.0,-129.0,-169.0,688.0,-33.0,-74.0,581.0
91.0,-1122.0,83.0,72.0,18.0,-136.0,824.0,447.0,-51.0,500.0
95.0,-1195.0,31.0,114.0,190.0,-114.0,833.0,957.0,-35.0,401.0
112.0,-1083.0,79.0,172.0,50.0,-49.0,634.0,476.0,-8.0,269.0
113.0,-720.0,-37.0,169.0,10.0,-155.0,412.0,-5.0,11.0,120.0
132.0,-329.0,-20.0,135.0,32.0,-361.0,186.0,-149.0,29.0,-29.0
113.0,-115.0,-89.0,86.0,42.0,-358.0,-14.0,410.0,50.0,-157.0
96.0,199.0,-207.0,27.0,56.0,-309.0,-215.0,1441.0,72.0,-293.0
106.0,568.0,-197.0,0.0,66.0,-329.0,-339.0,940.0,74.0,-415.0
73.0,860.0,-303.0,-49.0,94.0,-308.0,-334.0,-410.0,40.0,-474.0
47.0,739.0,-275.0,-100.0,168.0,-246.0,-248.0,-1040.0,-16.0,-513.0
15.0,686.0,-288.0,-133.0,146.0,-154.0,-143.0,-186.0,-82.0,-528.0
27.0,905.0,-312.0,-128.0,29.0,-148.0,-119.0,925.0,-161.0,-511.0
25.0,845.0,-271.0,-131.0,64.0,-121.0,-132.0,761.0,-220.0,-461.0
0.0,645.0,-242.0,-121.0,145.0,-112.0,-140.0,-203.0,-248.0,-416.0
-16.0,456.0,-235.0,-93.0,149.0,-203.0,-99.0,-955.0,-252.0,-379.0
-19.0,444.0,-238.0,-106.0,36.0,-150.0,-59.0,-314.0,-241.0,-328.0
-12.0,343.0,-197.0,-86.0,15.0,-181.0,43.0,676.0,-246.0,-278.0
-38.0,133.0,-215.0,-19.0,89.0,-396.0,220.0,1210.0,-272.0,-236.0
-16.0,-235.0,-155.0,53.0,101.0,-350.0,395.0,753.0,-307.0,-203.0
19.0,-595.0,-138.0,115.0,125.0,-160.0,557.0,-569.0,-334.0,-143.0
1.0,-738.0,-99.0,124.0,0.0,-127.0,632.0,-1400.0,-344.0,-82.0
-36.0,-1118.0,-56.0,86.0,-14.0,-111.0,698.0,-1906.0,-315.0,-35.0
-65.0,-1318.0,-98.0,104.0,117.0,-13.0,810.0,-1204.0,-264.0,17.0
-56.0,-1241.0,-59.0,138.0,-34.0,4.0,797.0,630.0,-186.0,78.0
-35.0,-996.0,-82.0,159.0,-96.0,-127.0,511.0,1420.0,-115.0,134.0
-2.0,-784.0,-71.0,164.0,47.0,-244.0,137.0,190.0,-58.0,163.0
36.0,-668.0,-91.0,105.0,-15.0,-310.0,-172.0,-1348.0,-6.0,188.0
56.0,-449.0,-51.0,83.0,-118.0,-397.0,-366.0,-992.0,10.0,196.0
62.0,-366.0,30.0,51.0,-136.0,-453.0,-475.0,168.0,55.0,173.0
55.0,-122.0,19.0,9.0,-143.0,-439.0,-469.0,138.0,80.0,141.0
53.0,-126.0,136.0,-27.0,-123.0,-348.0,-285.0,-831.0,103.0,111.0
72.0,-98.0,129.0,-92.0,-155.0,-136.0,-88.0,-1101.0,140.0,61.0
73.0,256.0,89.0,-100.0,-178.0,-103.0,84.0,138.0,160.0,11.0
59.0,166.0,187.0,-48.0,-91.0,-354.0,191.0,1062.0,174.0,-28.0
57.0,176.0,159.0,48.0,1.0,-484.0,204.0,587.0,147.0,-63.0
54.0,286.0,116.0,127.0,-31.0,-405.0,116.0,-53.0,117.0,-83.0
47.0,361.0,116.0,193.0,-69.0,-397.0,-20.0,-249.0,70.0,-103.0
40.0,421.0,41.0,229.0,65.0,-607.0,-189.0,-20.0,24.0,-99.0
22.0,372.0,30.0,263.0,151.0,-686.0,-331.0,-219.0,-16.0,-64.0
-20.0,427.0,65.0,312.0,28.0,-472.0,-316.0,-109.0,-63.0,-10.0
-63.0,416.0,39.0,316.0,-26.0,-308.0,-205.0,399.0,-82.0,71.0
-80.0,424.0,0.0,312.0,17.0,-422.0,-61.0,-94.0,-105.0,163.0
-98.0,330.0,-25.0,231.0,63.0,-667.0,76.0,-415.0,-108.0,268.0
-121.0,380.0,-1.0,126.0,92.0,-729.0,238.0,-72.0,-75.0,379.0
-157.0,428.0,10.0,83.0,11.0,-504.0,408.0,960.0,-50.0,496.0
-203.0,348.0,-9.0,34.0,-38.0,-346.0,561.0,1651.0,-28.0,598.0
-230.0,355.0,-24.0,-62.0,56.0,-479.0,606.0,1012.0,-5.0,651.0
-265.0,370.0,3.0,-137.0,105.0,-403.0,565.0,31.0,12.0,661.0
-298.0,470.0,66.0,-189.0,61.0,-158.0,553.0,-467.0,32.0,609.0
-297.0,302.0,31.0,-243.0,49.0,-137.0,551.0,-317.0,52.0,494.0
-280.0,220.0,48.0,-232.0,16.0,-327.0,520.0,-467.0,100.0,333.0
-281.0,321.0,58.0,-154.0,35.0,-494.0,343.0,-618.0,146.0,141.0
-303.0,301.0,53.0,-39.0,18.0,-431.0,149.0,-434.0,162.0,-45.0
-317.0,143.0,135.0,40.0,-98.0,-380.0,35.0,363.0,171.0,-211.0
-298.0,-43.0,40.0,81.0,-3.0,-300.0,-11.0,1152.0,169.0,-329.0
-266.0,-107.0,56.0,94.0,100.0,-297.0,-63.0,463.0,174.0,-387.0
-244.0,-293.0,65.0,86.0,60.0,-404.0,-124.0,-314.0,157.0,-389.0
-204.0,-382.0,-10.0,121.0,6.0,-315.0,-72.0,-572.0,94.0,-328.0
-146.0,-480.0,-3.0,163.0,-47.0,-231.0,31.0,-696.0,16.0,-221.0
-109.0,-436.0,-116.0,171.0,10.0,-366.0,168.0,-764.0,-55.0,-121.0
-105.0,-204.0,-113.0,162.0,-43.0,-571.0,244.0,-740.0,-102.0,-39.0
-92.0,-186.0,-98.0,106.0,-139.0,-502.0,244.0,-399.0,-115.0,39.0
-76.0,-127.0,-179.0,63.0,-28.0,-406.0,250.0,-94.0,-115.0,84.0
-74.0,-18.0,-172.0,10.0,56.0,-400.0,272.0,559.0,-115.0,90.0
-66.0,99.0,-151.0,-68.0,63.0,-364.0,218.0,511.0,-112.0,80.0
-38.0,-59.0,-197.0,-77.0,-84.0,-375.0,116.0,-733.0,-94.0,60.0
-4.0,-139.0,-146.0,-72.0,-146.0,-290.0,110.0,-1614.0,-36.0,31.0
10.0,-55.0,-169.0,-44.0,8.0,-390.0,166.0,-1498.0,32.0,-11.0
2.0,-267.0,-221.0,-20.0,-23.0,-657.0,261.0,-439.0,86.0,-56.0
-32.0,-346.0,-152.0,54.0,-33.0,-753.0,261.0,412.0,117.0,-114.0
-79.0,-513.0,-201.0,185.0,32.0,-586.0,214.0,554.0,117.0,-172.0
-115.0,-573.0,-184.0,224.0,57.0,-419.0,229.0,-83.0,121.0,-222.0
-139.0,-501.0,-143.0,224.0,127.0,-441.0,265.0,-698.0,120.0,-263.0
-153.0,-451.0,-154.0,197.0,129.0,-289.0,255.0,-35.0,119.0,-291.0
-125.0,-153.0,-129.0,169.0,78.0,-133.0,137.0,437.0,133.0,-332.0
-106.0,-21.0,-126.0,153.0,70.0,-170.0,52.0,447.0,141.0,-351.0
-101.0,222.0,-123.0,125.0,90.0,-114.0,0.0,572.0,131.0,-351.0
-78.0,517.0,-74.0,92.0,17.0,-12.0,-79.0,273.0,93.0,-349.0
-76.0,465.0,-106.0,48.0,-27.0,-56.0,-196.0,-600.0,40.0,-327.0
-93.0,433.0,-130.0,-11.0,13.0,-210.0,-286.0,-1341.0,-5.0,-286.0
-125.0,575.0,-93.0,-72.0,67.0,-197.0,-278.0,-746.0,-28.0,-234.0
-147.0,441.0,-173.0,-82.0,66.0,-82.0,-213.0,508.0,-26.0,-177.0
-163.0,185.0,-149.0,-57.0,-55.0,-214.0,-132.0,1267.0,2.0,-107.0
-198.0,373.0,-127.0,-93.0,-86.0,-317.0,-81.0,1415.0,33.0,-33.0
-217.0,319.0,-175.0,-186.0,-18.0,-164.0,-10.0,1291.0,38.0,24.0
-217.0,28.0,-139.0,-224.0,-9.0,-100.0,87.0,809.0,0.0,96.0
-208.0,161.0,-113.0,-244.0,-36.0,-259.0,117.0,-358.0,-69.0,167.0
-185.0,209.0,-96.0,-284.0,42.0,-410.0,41.0,-1236.0,-133.0,207.0
-189.0,-64.0,-96.0,-287.0,77.0,-254.0,-23.0,-837.0,-180.0,247.0
-193.0,-154.0,-79.0,-256.0,-36.0,-41.0,-5.0,345.0,-170.0,314.0
-176.0,-184.0,-72.0,-212.0,-33.0,-89.0,33.0,988.0,-126.0,380.0
-169.0,-292.0,-72.0,-138.0,25.0,-191.0,14.0,899.0,-81.0,428.0
-130.0,-94.0,-32.0,-96.0,-2.0,-161.0,-62.0,358.0,-56.0,496.0
-100.0,-68.0,-55.0,-56.0,40.0,-96.0,-96.0,-480.0,-56.0,568.0
-72.0,-141.0,-6.0,26.0,80.0,-254.0,-42.0,-942.0,-49.0,613.0
-40.0,58.0,64.0,95.0,-16.0,-319.0,51.0,-1189.0,-32.0,636.0
-33.0,136.0,48.0,179.0,108.0,-195.0,87.0,-1184.0,2.0,631.0
-22.0,124.0,85.0,209.0,160.0,-267.0,98.0,-981.0,40.0,585.0
-6.0,66.0,82.0,209.0,-40.0,-338.0,118.0,-883.0,81.0,494.0
11.0,78.0,94.0,217.0,-17.0,-269.0,124.0,-279.0,141.0,407.0
19.0,-49.0,107.0,221.0,-10.0,-77.0,6.0,376.0,190.0,310.0
32.0,-163.0,76.0,196.0,-46.0,-56.0,-192.0,545.0,226.0,164.0
72.0,-96.0,87.0,138.0,-81.0,-134.0,-284.0,373.0,232.0,18.0
104.0,-72.0,64.0,152.0,-123.0,16.0,-296.0,186.0,216.0,-106.0
128.0,37.0,86.0,147.0,-8.0,47.0,-288.0,121.0,206.0,-204.0
120.0,-49.0,99.0,89.0,12.0,87.0,-316.0,-354.0,187.0,-288.0
107.0,53.0,61.0,12.0,-125.0,64.0,-333.0,-748.0,175.0,-375.0
138.0,188.0,52.0,-65.0,-168.0,-130.0,-287.0,-798.0,158.0,-400.0
149.0,213.0,51.0,-134.0,-74.0,-82.0,-177.0,-776.0,135.0,-386.0
144.0,316.0,49.0,-172.0,-35.0,112.0,-124.0,-681.0,125.0,-383.0
120.0,142.0,5.0,-211.0,-49.0,145.0,-201.0,-473.0,108.0,-343.0
88.0,117.0,-31.0,-258.0,-75.0,38.0,-218.0,288.0,101.0,-279.0
82.0,5.0,-84.0,-232.0,4.0,158.0,-174.0,726.0,105.0,-241.0
66.0,-131.0,-81.0,-209.0,48.0,248.0,-158.0,-11.0,114.0,-218.0
21.0,-188.0,-61.0,-179.0,-36.0,75.0,-187.0,-800.0,97.0,-168.0
-32.0,-269.0,-68.0,-152.0,-87.0,-102.0,-207.0,-572.0,61.0,-147.0
-80.0,-238.0,-35.0,-131.0,-135.0,-179.0,-136.0,-24.0,28.0,-159.0
-129.0,-336.0,-73.0,-119.0,7.0,-56.0,32.0,29.0,-8.0,-144.0
-182.0,-112.0,-32.0,-72.0,-3.0,-39.0,123.0,-175.0,-23.0,-134.0
-233.0,249.0,-53.0,36.0,-154.0,-118.0,42.0,-284.0,-38.0,-148.0
-252.0,455.0,-88.0,107.0,-50.0,-75.0,-54.0,206.0,-42.0,-158.0
-256.0,561.0,-56.0,149.0,32.0,62.0,-143.0,310.0,-55.0,-142.0
-280.0,480.0,-124.0,148.0,52.0,195.0,-264.0,-81.0,-65.0,-112.0
-320.0,426.0,-99.0,105.0,1.0,117.0,-397.0,297.0,-58.0,-89.0
-331.0,300.0,-142.0,70.0,-29.0,-53.0,-455.0,423.0,-63.0,-74.0
-350.0,-45.0,-133.0,18.0,33.0,-165.0,-444.0,175.0,-62.0,-48.0
-369.0,-441.0,-53.0,-31.0,88.0,-79.0,-421.0,24.0,-63.0,-28.0
-382.0,-681.0,-71.0,-47.0,54.0,-7.0,-409.0,-157.0,-64.0,-33.0
-398.0,-901.0,-56.0,-44.0,70.0,-37.0,-373.0,62.0,-69.0,-45.0
-379.0,-1134.0,-73.0,-3.0,178.0,47.0,-280.0,232.0,-76.0,-45.0
-401.0,-1218.0,-56.0,39.0,119.0,202.0,-159.0,3.0,-63.0,-54.0
-419.0,-1024.0,-78.0,65.0,40.0,310.0,-47.0,-138.0,-45.0,-71.0
-453.0,-808.0,-104.0,104.0,14.0,188.0,-16.0,229.0,-37.0,-59.0
-439.0,-659.0,-89.0,117.0,-48.0,150.0,46.0,22.0,-39.0,-59.0
-395.0,-385.0,-149.0,141.0,-2.0,296.0,98.0,-1055.0,-14.0,-65.0
-359.0,-45.0,-184.0,168.0,-47.0,292.0,61.0,-840.0,17.0,-47.0
-302.0,400.0,-203.0,207.0,-186.0,53.0,-25.0,352.0,28.0,-17.0
-266.0,498.0,-210.0,268.0,-120.0,-197.0,-169.0,689.0,35.0,-4.0
-191.0,473.0,-163.0,269.0,-86.0,-68.0,-239.0,177.0,34.0,-13.0
-174.0,551.0,-131.0,238.0,-128.0,154.0,-201.0,-310.0,11.0,-18.0
-131.0,422.0,-123.0,192.0,-151.0,183.0,-116.0,-304.0,-18.0,-33.0
-100.0,448.0,-94.0,131.0,-98.0,175.0,-136.0,-351.0,-41.0,-67.0
-50.0,374.0,-87.0,100.0,-67.0,268.0,-226.0,-242.0,-49.0,-115.0
17.0,244.0,-45.0,79.0,-152.0,425.0,-274.0,11.0,-14.0,-156.0
34.0,174.0,-42.0,84.0,-95.0,427.0,-385.0,282.0,5.0,-185.0
75.0,11.0,-37.0,63.0,-78.0,347.0,-518.0,522.0,-6.0,-199.0
80.0,-55.0,35.0,-4.0,-88.0,269.0,-579.0,-90.0,-27.0,-188.0
146.0,-86.0,41.0,-63.0,-54.0,197.0,-566.0,-986.0,-71.0,-147.0
167.0,-126.0,108.0,-108.0,-103.0,108.0,-467.0,-1067.0,-108.0,-105.0
180.0,-273.0,126.0,-124.0,-70.0,-25.0,-285.0,-412.0,-133.0,-48.0
177.0,-297.0,100.0,-142.0,49.0,-46.0,-86.0,-129.0,-137.0,34.0
159.0,-293.0,137.0,-98.0,47.0,60.0,126.0,127.0,-107.0,104.0
174.0,-80.0,103.0,-8.0,-27.0,94.0,388.0,681.0,-58.0,161.0
161.0,316.0,53.0,62.0,52.0,12.0,610.0,820.0,-19.0,202.0
188.0,344.0,67.0,117.0,119.0,48.0,638.0,962.0,0.0,246.0
196.0,431.0,68.0,92.0,95.0,196.0,536.0,517.0,19.0,272.0
247.0,466.0,1.0,38.0,89.0,308.0,438.0,-378.0,26.0,258.0
275.0,396.0,-37.0,-22.0,80.0,312.0,241.0,-726.0,41.0,237.0
295.0,355.0,-96.0,-64.0,96.0,219.0,-84.0,-672.0,66.0,195.0
304.0,296.0,-97.0,-78.0,70.0,109.0,-422.0,-367.0,105.0,126.0
315.0,195.0,-97.0,-139.0,-6.0,50.0,-737.0,73.0,137.0,23.0
321.0,-163.0,-168.0,-202.0,-1.0,166.0,-945.0,764.0,132.0,-77.0
306.0,-305.0,-146.0,-253.0,75.0,260.0,-922.0,1128.0,115.0,-168.0
331.0,-143.0,-151.0,-290.0,73.0,187.0,-854.0,897.0,104.0,-268.0
326.0,-216.0,-166.0,-310.0,11.0,167.0,-852.0,410.0,111.0,-335.0
340.0,-372.0,-143.0,-314.0,-27.0,269.0,-757.0,-168.0,116.0,-344.0
312.0,-159.0,-121.0,-256.0,-51.0,331.0,-543.0,-24.0,139.0,-330.0
277.0,-91.0,-90.0,-201.0,-43.0,242.0,-305.0,210.0,173.0,-299.0
235.0,-147.0,-15.0,-129.0,-42.0,91.0,-162.0,59.0,190.0,-233.0
201.0,121.0,17.0,-61.0,-82.0,91.0,-102.0,68.0,195.0,-161.0
130.0,124.0,20.0,-65.0,-65.0,169.0,-45.0,-125.0,191.0,-93.0
39.0,12.0,52.0,-43.0,5.0,169.0,21.0,-247.0,167.0,-39.0
19.0,27.0,46.0,5.0,-31.0,158.0,38.0,-18.0,137.0,-10.0
-30.0,-59.0,102.0,23.0,-86.0,197.0,23.0,254.0,108.0,5.0
-48.0,-262.0,123.0,56.0,-58.0,374.0,60.0,-77.0,74.0,-19.0
-107.0,-299.0,169.0,89.0,39.0,419.0,134.0,-423.0,46.0,-61.0
-110.0,11.0,205.0,67.0,114.0,386.0,167.0,-312.0,-8.0,-115.0
-98.0,-45.0,159.0,13.0,17.0,490.0,97.0,-674.0,-60.0,-183.0
-111.0,-128.0,182.0,-56.0,30.0,453.0,45.0,-650.0,-109.0,-265.0
-78.0,66.0,156.0,-143.0,184.0,381.0,82.0,-303.0,-145.0,-347.0
-66.0,50.0,125.0,-184.0,69.0,436.0,154.0,-277.0,-160.0,-408.0
-27.0,235.0,161.0,-177.0,-36.0,543.0,116.0,-83.0,-170.0,-483.0
-17.0,291.0,158.0,-175.0,71.0,453.0,-13.0,155.0,-139.0,-516.0
7.0,132.0,162.0,-130.0,66.0,414.0,-38.0,397.0,-121.0,-497.0
22.0,142.0,164.0,-44.0,74.0,642.0,6.0,382.0,-111.0,-471.0
14.0,149.0,121.0,56.0,-39.0,654.0,74.0,-24.0,-85.0,-422.0
14.0,178.0,129.0,115.0,-58.0,480.0,88.0,-670.0,-63.0,-340.0
17.0,188.0,140.0,69.0,124.0,211.0,26.0,-1097.0,-52.0,-233.0
39.0,211.0,160.0,44.0,-6.0,146.0,-40.0,-1088.0,-39.0,-138.0
55.0,196.0,189.0,27.0,47.0,319.0,-100.0,-811.0,-16.0,-50.0
57.0,54.0,171.0,17.0,37.0,368.0,-193.0,-205.0,6.0,18.0
50.0,-118.0,138.0,3.0,-113.0,328.0,-369.0,175.0,55.0,49.0
40.0,-97.0,126.0,-34.0,53.0,141.0,-568.0,410.0,99.0,67.0
6.0,-38.0,196.0,-76.0,0.0,183.0,-684.0,872.0,115.0,44.0
-16.0,11.0,187.0,-108.0,-116.0,352.0,-653.0,1060.0,99.0,5.0
-22.0,27.0,187.0,-93.0,-18.0,325.0,-563.0,395.0,63.0,-37.0
-11.0,116.0,209.0,-60.0,36.0,270.0,-448.0,-574.0,29.0,-101.0
21.0,289.0,121.0,9.0,-83.0,158.0,-283.0,-325.0,-38.0,-133.0
58.0,291.0,122.0,36.0,-71.0,152.0,-61.0,495.0,-101.0,-147.0
65.0,452.0,117.0,89.0,-48.0,267.0,185.0,803.0,-134.0,-156.0
66.0,374.0,105.0,116.0,-36.0,405.0,364.0,942.0,-178.0,-130.0
76.0,319.0,64.0,93.0,63.0,371.0,455.0,831.0,-215.0,-75.0
83.0,416.0,22.0,124.0,-90.0,209.0,523.0,630.0,-247.0,-26.0
77.0,240.0,66.0,122.0,-24.0,257.0,598.0,-83.0,-273.0,15.0
79.0,197.0,45.0,151.0,55.0,324.0,474.0,-594.0,-292.0,54.0
78.0,188.0,68.0,159.0,42.0,263.0,144.0,145.0,-316.0,93.0
74.0,139.0,97.0,107.0,181.0,257.0,-54.0,861.0,-329.0,136.0
85.0,-92.0,80.0,48.0,53.0,336.0,-48.0,872.0,-338.0,151.0
67.0,-184.0,78.0,-10.0,7.0,393.0,-103.0,230.0,-316.0,171.0
67.0,-234.0,77.0,-72.0,74.0,411.0,-333.0,14.0,-285.0,196.0
80.0,-557.0,57.0,-96.0,-19.0,364.0,-531.0,565.0,-236.0,212.0
79.0,-638.0,77.0,-76.0,14.0,338.0,-556.0,508.0,-177.0,238.0
70.0,-712.0,156.0,-88.0,98.0,433.0,-535.0,-153.0,-145.0,248.0
59.0,-726.0,140.0,-117.0,28.0,476.0,-553.0,-437.0,-109.0,261.0
28.0,-604.0,148.0,-149.0,19.0,375.0,-507.0,-84.0,-90.0,270.0
10.0,-425.0,138.0,-193.0,35.0,160.0,-377.0,327.0,-73.0,253.0
0.0,-49.0,84.0,-214.0,-16.0,105.0,-232.0,317.0,-51.0,233.0
12.0,10.0,124.0,-163.0,7.0,208.0,-201.0,-393.0,-12.0,228.0
74.0,86.0,51.0,-117.0,0.0,127.0,-253.0,-744.0,32.0,217.0
82.0,370.0,49.0,-37.0,-17.0,-27.0,-272.0,-345.0,76.0,205.0
78.0,450.0,160.0,27.0,2.0,-75.0,-229.0,-59.0,132.0,233.0
81.0,574.0,123.0,3.0,-3.0,37.0,-227.0,219.0,160.0,266.0
116.0,591.0,147.0,3.0,12.0,187.0,-345.0,107.0,210.0,306.0
142.0,429.0,138.0,10.0,-29.0,219.0,-450.0,-234.0,266.0,370.0
172.0,267.0,54.0,42.0,28.0,240.0,-509.0,-463.0,320.0,434.0
197.0,300.0,111.0,111.0,134.0,235.0,-468.0,-654.0,400.0,502.0
201.0,241.0,116.0,220.0,-23.0,194.0,-424.0,-400.0,419.0,545.0
244.0,19.0,55.0,317.0,-58.0,178.0,-398.0,11.0,400.0,537.0
237.0,102.0,95.0,351.0,30.0,124.0,-285.0,195.0,376.0,524.0
251.0,150.0,71.0,394.0,-47.0,79.0,-148.0,-81.0,314.0,486.0
248.0,14.0,37.0,420.0,14.0,-29.0,-12.0,-295.0,248.0,396.0
248.0,-25.0,36.0,385.0,40.0,-158.0,119.0,33.0,191.0,303.0
271.0,11.0,-45.0,314.0,-61.0,-146.0,377.0,238.0,131.0,205.0
273.0,-133.0,-19.0,242.0,19.0,-162.0,680.0,277.0,87.0,83.0
287.0,-300.0,-21.0,155.0,79.0,-125.0,884.0,81.0,23.0,-57.0
282.0,-341.0,-63.0,46.0,26.0,-175.0,916.0,73.0,-24.0,-187.0
310.0,-292.0,-57.0,-47.0,-51.0,-450.0,796.0,598.0,-44.0,-308.0
312.0,-201.0,-132.0,-134.0,-11.0,-545.0,669.0,927.0,-65.0,-430.0
313.0,-125.0,-96.0,-189.0,126.0,-417.0,479.0,814.0,-37.0,-521.0
302.0,-126.0,-109.0,-228.0,28.0,-304.0,205.0,134.0,-4.0,-578.0
267.0,-302.0,-139.0,-280.0,-57.0,-233.0,-112.0,-382.0,32.0,-602.0
253.0,-248.0,-43.0,-291.0,32.0,-122.0,-381.0,-306.0,80.0,-603.0
216.0,-142.0,-45.0,-285.0,29.0,-30.0,-639.0,-46.0,117.0,-563.0
177.0,-66.0,-31.0,-286.0,34.0,-77.0,-839.0,83.0,184.0,-483.0
161.0,75.0,-15.0,-262.0,19.0,-129.0,-901.0,310.0,222.0,-398.0
138.0,154.0,-12.0,-221.0,-86.0,91.0,-855.0,657.0,241.0,-285.0
111.0,233.0,26.0,-152.0,-56.0,246.0,-706.0,275.0,271.0,-132.0
115.0,215.0,92.0,-107.0,-30.0,8.0,-604.0,293.0,278.0,10.0
91.0,341.0,140.0,-88.0,-71.0,-123.0,-580.0,707.0,275.0,133.0
64.0,296.0,111.0,-88.0,-87.0,-98.0,-643.0,613.0,262.0,254.0
49.0,49.0,127.0,-100.0,-91.0,-160.0,-738.0,543.0,229.0,346.0
35.0,-74.0,165.0,-45.0,10.0,-287.0,-732.0,5.0,175.0,399.0
33.0,-191.0,169.0,-59.0,-3.0,-358.0,-621.0,-230.0,120.0,411.0
22.0,-203.0,200.0,-103.0,-89.0,-246.0,-505.0,103.0,48.0,404.0
24.0,-250.0,186.0,-123.0,-46.0,-239.0,-387.0,160.0,-48.0,379.0
33.0,-165.0,183.0,-175.0,16.0,-306.0,-160.0,51.0,-141.0,312.0
40.0,-48.0,214.0,-194.0,-7.0,-185.0,194.0,-173.0,-221.0,254.0
37.0,-128.0,197.0,-214.0,-101.0,-18.0,515.0,166.0,-270.0,203.0
35.0,-240.0,243.0,-214.0,-41.0,27.0,556.0,639.0,-298.0,126.0
25.0,-315.0,225.0,-212.0,35.0,-77.0,423.0,460.0,-321.0,56.0
25.0,-214.0,188.0,-180.0,21.0,-66.0,272.0,-134.0,-328.0,-3.0
22.0,-110.0,192.0,-101.0,-17.0,64.0,123.0,-594.0,-310.0,-48.0
15.0,-55.0,135.0,0.0,-35.0,-62.0,-9.0,-60.0,-302.0,-97.0
14.0,-75.0,114.0,150.0,-60.0,-212.0,-98.0,423.0,-290.0,-153.0
-1.0,81.0,120.0,242.0,-79.0,-148.0,-57.0,27.0,-249.0,-186.0
-39.0,232.0,161.0,274.0,41.0,-39.0,81.0,-524.0,-235.0,-237.0
-91.0,32.0,78.0,269.0,5.0,-39.0,261.0,-694.0,-204.0,-274.0
-118.0,22.0,23.0,222.0,0.0,-163.0,360.0,-473.0,-150.0,-293.0
-113.0,69.0,28.0,239.0,56.0,-225.0,359.0,-199.0,-124.0,-314.0
-85.0,98.0,-33.0,258.0,-3.0,-252.0,384.0,201.0,-85.0,-307.0
-60.0,101.0,-31.0,223.0,36.0,-231.0,397.0,110.0,-43.0,-303.0
-21.0,162.0,-90.0,151.0,16.0,-252.0,224.0,-112.0,-17.0,-250.0
4.0,303.0,-99.0,131.0,39.0,-319.0,-134.0,-131.0,18.0,-174.0
-14.0,295.0,-80.0,147.0,72.0,-327.0,-494.0,-201.0,17.0,-111.0
-4.0,313.0,-142.0,110.0,-18.0,-296.0,-719.0,-88.0,3.0,-14.0
3.0,151.0,-127.0,93.0,2.0,-161.0,-833.0,-57.0,-4.0,69.0
21.0,92.0,-132.0,89.0,41.0,-193.0,-974.0,642.0,-33.0,152.0
59.0,98.0,-170.0,94.0,-72.0,-318.0,-1055.0,1221.0,-21.0,226.0
90.0,-39.0,-137.0,92.0,-16.0,-361.0,-934.0,873.0,-2.0,295.0
130.0,-148.0,-159.0,130.0,63.0,-315.0,-633.0,162.0,-1.0,364.0
153.0,-178.0,-137.0,141.0,-91.0,-321.0,-361.0,-319.0,10.0,400.0
161.0,-60.0,-95.0,153.0,-76.0,-544.0,-176.0,51.0,4.0,441.0
166.0,-59.0,-142.0,183.0,-52.0,-505.0,123.0,388.0,-5.0,459.0
188.0,-104.0,-105.0,138.0,-120.0,-373.0,484.0,840.0,-18.0,461.0
245.0,-96.0,-84.0,136.0,-128.0,-441.0,760.0,1023.0,2.0,459.0
309.0,-17.0,-79.0,132.0,-131.0,-423.0,902.0,552.0,45.0,448.0
332.0,-69.0,-63.0,166.0,-68.0,-294.0,1061.0,297.0,64.0,434.0
337.0,-152.0,-49.0,200.0,-66.0,-220.0,1254.0,242.0,100.0,407.0
357.0,-91.0,-28.0,186.0,-118.0,-361.0,1289.0,323.0,130.0,365.0
363.0,-110.0,-40.0,190.0,-42.0,-440.0,1135.0,166.0,148.0,302.0
364.0,-138.0,-28.0,199.0,45.0,-356.0,891.0,-22.0,153.0,258.0
349.0,-249.0,-19.0,186.0,-36.0,-271.0,627.0,-142.0,140.0,189.0
323.0,-148.0,-2.0,183.0,-56.0,-315.0,369.0,201.0,140.0,109.0
328.0,-1.0,9.0,204.0,55.0,-515.0,137.0,519.0,125.0,42.0
325.0,0.0,60.0,194.0,42.0,-580.0,-154.0,-177.0,118.0,-35.0
295.0,-4.0,32.0,233.0,45.0,-498.0,-483.0,-825.0,124.0,-85.0
277.0,-6.0,97.0,241.0,108.0,-394.0,-737.0,-1140.0,125.0,-110.0
263.0,142.0,206.0,201.0,33.0,-409.0,-892.0,-650.0,118.0,-125.0
204.0,38.0,189.0,138.0,15.0,-400.0,-999.0,-22.0,108.0,-134.0
154.0,-33.0,255.0,74.0,77.0,-320.0,-1005.0,0.0,107.0,-106.0
122.0,40.0,230.0,58.0,12.0,-346.0,-839.0,304.0,112.0,-66.0
87.0,55.0,204.0,69.0,-21.0,-306.0,-632.0,179.0,123.0,-21.0
61.0,104.0,234.0,121.0,80.0,-264.0,-477.0,-214.0,131.0,53.0
42.0,49.0,197.0,90.0,99.0,-313.0,-288.0,-458.0,134.0,121.0
26.0,138.0,147.0,44.0,51.0,-379.0,18.0,-175.0,136.0,186.0
-11.0,276.0,201.0,8.0,54.0,-420.0,296.0,654.0,140.0,249.0
-42.0,327.0,118.0,-62.0,75.0,-425.0,467.0,703.0,145.0,303.0
-84.0,274.0,57.0,-68.0,99.0,-329.0,539.0,147.0,161.0,319.0
-92.0,262.0,122.0,-63.0,68.0,-135.0,534.0,-670.0,165.0,302.0
-69.0,400.0,13.0,-115.0,88.0,-91.0,500.0,-694.0,148.0,266.0
-65.0,401.0,25.0,-218.0,120.0,-266.0,442.0,528.0,122.0,200.0
-29.0,340.0,0.0,-307.0,126.0,-423.0,344.0,1027.0,108.0,138.0
-17.0,204.0,-57.0,-328.0,149.0,-438.0,138.0,515.0,97.0,70.0
0.0,131.0,-63.0,-287.0,25.0,-419.0,-27.0,-201.0,75.0,16.0
31.0,23.0,-73.0,-219.0,-7.0,-427.0,-68.0,-465.0,62.0,-2.0
78.0,-161.0,-24.0,-162.0,37.0,-419.0,6.0,20.0,26.0,-21.0
135.0,-170.0,-46.0,-140.0,1.0,-419.0,113.0,142.0,-17.0,0.0
173.0,-154.0,-27.0,-119.0,13.0,-517.0,152.0,-212.0,-59.0,57.0
206.0,-158.0,37.0,-96.0,-59.0,-484.0,216.0,-362.0,-89.0,109.0
211.0,-266.0,33.0,-69.0,-19.0,-426.0,300.0,-188.0,-110.0,184.0
221.0,-186.0,41.0,-21.0,123.0,-544.0,353.0,81.0,-147.0,252.0
214.0,-3.0,120.0,34.0,83.0,-630.0,322.0,-203.0,-154.0,280.0
206.0,-2.0,87.0,89.0,12.0,-549.0,259.0,-896.0,-180.0,293.0
199.0,-90.0,103.0,92.0,21.0,-305.0,234.0,-1045.0,-211.0,280.0
206.0,-172.0,97.0,159.0,34.0,-350.0,229.0,-389.0,-209.0,245.0
214.0,-145.0,92.0,235.0,-4.0,-427.0,169.0,284.0,-205.0,183.0
209.0,-195.0,144.0,306.0,35.0,-221.0,0.0,441.0,-194.0,112.0
206.0,-135.0,82.0,327.0,78.0,-45.0,-143.0,3.0,-181.0,46.0
175.0,-83.0,114.0,273.0,54.0,-16.0,-119.0,-393.0,-161.0,-8.0
146.0,-56.0,26.0,242.0,20.0,-183.0,-4.0,-308.0,-146.0,-44.0
89.0,42.0,31.0,199.0,-37.0,-156.0,23.0,-162.0,-114.0,-65.0
59.0,120.0,68.0,190.0,-48.0,-47.0,9.0,18.0,-79.0,-52.0
28.0,282.0,2.0,130.0,-32.0,-35.0,20.0,-162.0,-45.0,-45.0
-8.0,464.0,9.0,72.0,37.0,56.0,105.0,125.0,-28.0,-37.0
-22.0,642.0,-111.0,21.0,-4.0,157.0,236.0,739.0,-27.0,-3.0
-37.0,535.0,-116.0,13.0,-88.0,91.0,363.0,406.0,-7.0,7.0
-47.0,448.0,-127.0,-20.0,-49.0,-135.0,564.0,-160.0,-2.0,0.0
-69.0,398.0,-174.0,-48.0,-103.0,-166.0,779.0,-576.0,21.0,-17.0
-89.0,243.0,-196.0,10.0,-84.0,-183.0,925.0,-94.0,48.0,-29.0
-113.0,110.0,-216.0,41.0,-61.0,-128.0,920.0,439.0,60.0,-41.0
-116.0,-126.0,-206.0,117.0,-149.0,-3.0,828.0,77.0,81.0,-75.0
-113.0,-199.0,-244.0,135.0,-27.0,-34.0,765.0,-229.0,121.0,-69.0
-119.0,-344.0,-215.0,178.0,2.0,-106.0,674.0,-382.0,176.0,-40.0
-117.0,-506.0,-222.0,214.0,-126.0,-97.0,411.0,-301.0,205.0,-18.0
-119.0,-531.0,-157.0,256.0,-29.0,129.0,19.0,-739.0,247.0,9.0
-147.0,-438.0,-159.0,276.0,-8.0,126.0,-272.0,-1051.0,298.0,24.0
-148.0,-297.0,-179.0,270.0,-79.0,-19.0,-375.0,-473.0,319.0,53.0
-159.0,-280.0,-92.0,335.0,-35.0,-33.0,-383.0,55.0,332.0,72.0
-167.0,-48.0,-129.0,290.0,57.0,-80.0,-353.0,254.0,342.0,84.0
-136.0,166.0,-99.0,250.0,97.0,-107.0,-216.0,-436.0,330.0,131.0
-129.0,208.0,-89.0,225.0,16.0,-103.0,0.0,-903.0,317.0,153.0
-117.0,206.0,-121.0,147.0,7.0,-70.0,217.0,-247.0,302.0,153.0
-107.0,195.0,-89.0,33.0,22.0,-80.0,286.0,299.0,272.0,166.0
-91.0,262.0,-88.0,-52.0,-24.0,-20.0,278.0,319.0,243.0,180.0
-87.0,237.0,-65.0,-83.0,-31.0,-52.0,329.0,1.0,215.0,168.0
-70.0,179.0,-68.0,-76.0,6.0,-157.0,386.0,179.0,192.0,147.0
-54.0,126.0,-56.0,-8.0,-4.0,4.0,430.0,683.0,160.0,166.0
-31.0,28.0,-11.0,41.0,-9.0,174.0,398.0,110.0,136.0,171.0
1.0,-98.0,14.0,65.0,82.0,176.0,349.0,-716.0,139.0,163.0
11.0,-256.0,1.0,30.0,88.0,167.0,350.0,-277.0,130.0,168.0
36.0,-383.0,-25.0,18.0,39.0,243.0,529.0,386.0,128.0,188.0
46.0,-400.0,4.0,63.0,71.0,251.0,768.0,295.0,124.0,200.0
61.0,-250.0,-19.0,122.0,60.0,160.0,913.0,247.0,113.0,192.0
78.0,-170.0,-51.0,162.0,34.0,114.0,1078.0,338.0,118.0,194.0
111.0,-62.0,-49.0,166.0,61.0,92.0,1179.0,177.0,108.0,185.0
111.0,141.0,-47.0,189.0,84.0,-16.0,1148.0,-389.0,77.0,170.0
92.0,283.0,-45.0,166.0,76.0,-154.0,979.0,-266.0,29.0,135.0
58.0,372.0,-24.0,138.0,-19.0,-48.0,690.0,694.0,-34.0,101.0
45.0,354.0,-4.0,129.0,-22.0,150.0,264.0,657.0,-86.0,62.0
67.0,488.0,27.0,93.0,59.0,223.0,-167.0,158.0,-144.0,-6.0
61.0,521.0,58.0,47.0,-2.0,183.0,-542.0,-155.0,-189.0,-47.0
72.0,420.0,21.0,-24.0,-41.0,141.0,-847.0,-114.0,-223.0,-70.0
49.0,339.0,93.0,-109.0,12.0,244.0,-912.0,219.0,-251.0,-85.0
24.0,228.0,57.0,-166.0,55.0,322.0,-780.0,3.0,-243.0,-82.0
-10.0,174.0,48.0,-179.0,53.0,310.0,-603.0,-332.0,-241.0,-66.0
-17.0,-81.0,85.0,-167.0,-17.0,221.0,-545.0,-785.0,-242.0,-46.0
-25.0,-230.0,-20.0,-139.0,15.0,242.0,-458.0,-683.0,-242.0,-26.0
-56.0,-209.0,33.0,-108.0,9.0,368.0,-204.0,-81.0,-251.0,13.0
-62.0,-210.0,7.0,-70.0,-52.0,371.0,67.0,-36.0,-260.0,56.0
-95.0,-318.0,-22.0,-55.0,50.0,414.0,216.0,9.0,-281.0,112.0
-97.0,-525.0,4.0,-52.0,-19.0,360.0,233.0,101.0,-310.0,154.0
-115.0,-584.0,-10.0,-58.0,-7.0,211.0,273.0,-51.0,-345.0,207.0
-139.0,-542.0,10.0,-66.0,122.0,80.0,393.0,-308.0,-372.0,280.0
-142.0,-454.0,17.0,-58.0,-48.0,-13.0,564.0,-458.0,-400.0,325.0
-129.0,-426.0,22.0,-24.0,-103.0,-22.0,685.0,-533.0,-417.0,371.0
-102.0,-262.0,9.0,46.0,45.0,-146.0,737.0,-522.0,-411.0,394.0
-85.0,-7.0,29.0,62.0,70.0,-133.0,886.0,-304.0,-399.0,386.0
-85.0,102.0,21.0,43.0,27.0,231.0,1107.0,40.0,-361.0,373.0
-83.0,57.0,34.0,27.0,-19.0,452.0,1148.0,360.0,-309.0,350.0
-58.0,37.0,40.0,28.0,-26.0,381.0,1021.0,53.0,-237.0,314.0
-34.0,108.0,22.0,60.0,48.0,361.0,822.0,-299.0,-152.0,275.0
5.0,-31.0,13.0,102.0,-11.0,431.0,635.0,-73.0,-72.0,258.0
10.0,-145.0,12.0,114.0,-28.0,466.0,464.0,107.0,20.0,231.0
25.0,-131.0,25.0,57.0,48.0,322.0,215.0,103.0,85.0,201.0
48.0,40.0,89.0,21.0,-63.0,181.0,54.0,-286.0,124.0,189.0
77.0,211.0,146.0,20.0,-102.0,260.0,-3.0,-365.0,149.0,175.0
121.0,239.0,122.0,19.0,-66.0,387.0,-10.0,136.0,160.0,132.0
148.0,398.0,136.0,21.0,-20.0,430.0,-55.0,598.0,200.0,78.0
193.0,499.0,127.0,50.0,91.0,515.0,-146.0,890.0,242.0,24.0
224.0,602.0,120.0,76.0,5.0,555.0,-171.0,269.0,253.0,-44.0
250.0,589.0,73.0,72.0,-104.0,423.0,-159.0,-203.0,257.0,-125.0
258.0,468.0,94.0,42.0,-47.0,463.0,-232.0,-171.0,259.0,-203.0
273.0,401.0,93.0,13.0,-65.0,498.0,-465.0,-36.0,251.0,-271.0
273.0,248.0,40.0,41.0,-53.0,311.0,-607.0,144.0,240.0,-328.0
267.0,94.0,53.0,48.0,25.0,172.0,-624.0,-266.0,224.0,-381.0
268.0,-128.0,-47.0,10.0,-71.0,127.0,-623.0,-133.0,211.0,-409.0
257.0,-182.0,-40.0,-67.0,-17.0,265.0,-617.0,140.0,194.0,-405.0
249.0,-202.0,-81.0,-134.0,61.0,329.0,-532.0,92.0,176.0,-429.0
206.0,-358.0,-156.0,-188.0,-107.0,100.0,-269.0,218.0,151.0,-420.0
165.0,-454.0,-129.0,-240.0,7.0,108.0,54.0,373.0,119.0,-372.0
114.0,-471.0,-189.0,-238.0,-17.0,340.0,358.0,410.0,100.0,-334.0
105.0,-436.0,-207.0,-255.0,-172.0,302.0,570.0,147.0,62.0,-280.0
94.0,-476.0,-209.0,-235.0,41.0,85.0,715.0,86.0,34.0,-202.0
79.0,-319.0,-238.0,-169.0,30.0,-1.0,813.0,-436.0,-1.0,-108.0
71.0,-125.0,-237.0,-112.0,-49.0,76.0,939.0,-1060.0,-40.0,-30.0
50.0,-16.0,-186.0,-112.0,106.0,92.0,991.0,-609.0,-50.0,57.0
31.0,30.0,-183.0,-152.0,32.0,-23.0,830.0,236.0,-85.0,145.0
-22.0,12.0,-202.0,-131.0,-23.0,-110.0,616.0,373.0,-99.0,210.0
-31.0,155.0,-200.0,-71.0,153.0,20.0,436.0,-81.0,-113.0,234.0
-28.0,169.0,-216.0,27.0,20.0,83.0,268.0,-31.0,-137.0,232.0
-6.0,121.0,-166.0,127.0,-13.0,-108.0,-19.0,179.0,-137.0,221.0
-14.0,40.0,-176.0,193.0,67.0,-124.0,-322.0,-205.0,-143.0,173.0
-46.0,24.0,-124.0,211.0,-4.0,-54.0,-514.0,-618.0,-141.0,106.0
-57.0,118.0,-80.0,179.0,130.0,-1.0,-579.0,-243.0,-143.0,43.0
-85.0,16.0,-108.0,112.0,93.0,70.0,-628.0,574.0,-154.0,-17.0
-99.0,-60.0,-33.0,37.0,-47.0,82.0,-723.0,432.0,-153.0,-94.0
-107.0,-39.0,-70.0,12.0,-35.0,200.0,-683.0,-338.0,-120.0,-130.0
-75.0,56.0,-46.0,-30.0,-46.0,235.0,-559.0,-138.0,-88.0,-128.0
-32.0,106.0,-23.0,-70.0,-120.0,124.0,-325.0,267.0,-61.0,-111.0
-7.0,204.0,-30.0,-43.0,-115.0,64.0,-67.0,339.0,-17.0,-75.0
-16.0,393.0,63.0,-19.0,-60.0,102.0,83.0,528.0,12.0,-14.0
-14.0,373.0,11.0,4.0,-42.0,100.0,216.0,280.0,28.0,76.0
-2.0,242.0,20.0,101.0,-53.0,-34.0,344.0,-238.0,38.0,139.0
17.0,85.0,67.0,191.0,-114.0,7.0,395.0,-642.0,45.0,210.0
42.0,37.0,-11.0,214.0,-83.0,144.0,331.0,-378.0,43.0,280.0
61.0,-45.0,-11.0,253.0,8.0,91.0,268.0,103.0,41.0,327.0
90.0,-237.0,65.0,305.0,20.0,-21.0,250.0,243.0,28.0,347.0
52.0,-385.0,72.0,314.0,-53.0,-74.0,221.0,153.0,2.0,358.0
42.0,-396.0,117.0,286.0,-3.0,43.0,109.0,-70.0,-11.0,354.0
27.0,-203.0,112.0,255.0,44.0,209.0,13.0,136.0,-49.0,309.0
15.0,-232.0,55.0,197.0,51.0,182.0,35.0,29.0,-80.0,274.0
18.0,-263.0,138.0,138.0,33.0,65.0,107.0,120.0,-97.0,227.0
5.0,-81.0,154.0,62.0,-45.0,-3.0,83.0,286.0,-118.0,184.0
15.0,136.0,156.0,-44.0,27.0,68.0,-132.0,40.0,-120.0,136.0
0.0,250.0,219.0,-124.0,91.0,152.0,-316.0,-123.0,-114.0,88.0
12.0,103.0,207.0,-248.0,114.0,135.0,-346.0,-310.0,-121.0,67.0
0.0,81.0,189.0,-397.0,78.0,131.0,-315.0,169.0,-109.0,51.0
-2.0,170.0,225.0,-505.0,102.0,181.0,-314.0,644.0,-73.0,40.0
-13.0,218.0,277.0,-522.0,75.0,283.0,-332.0,1001.0,-46.0,42.0
-38.0,147.0,280.0,-460.0,22.0,286.0,-262.0,792.0,-18.0,76.0
-24.0,85.0,244.0,-392.0,1.0,93.0,-107.0,269.0,8.0,97.0
-18.0,68.0,290.0,-359.0,-134.0,-45.0,12.0,221.0,44.0,128.0
-5.0,1.0,265.0,-341.0,43.0,122.0,78.0,236.0,79.0,174.0
-31.0,-33.0,184.0,-273.0,176.0,246.0,161.0,258.0,85.0,201.0
-47.0,-173.0,225.0,-190.0,39.0,150.0,324.0,-186.0,101.0,216.0
-81.0,-94.0,191.0,-92.0,63.0,116.0,508.0,72.0,124.0,192.0
-86.0,91.0,153.0,-24.0,150.0,219.0,548.0,291.0,142.0,166.0
-93.0,189.0,145.0,8.0,-9.0,271.0,551.0,109.0,131.0,97.0
-104.0,118.0,112.0,44.0,-58.0,182.0,582.0,190.0,97.0,0.0
-98.0,-16.0,43.0,73.0,-19.0,177.0,595.0,216.0,90.0,-74.0
-122.0,66.0,-68.0,129.0,-136.0,176.0,484.0,395.0,85.0,-181.0
-85.0,32.0,-53.0,170.0,1.0,213.0,197.0,177.0,75.0,-268.0
-78.0,72.0,-96.0,193.0,60.0,176.0,-105.0,103.0,54.0,-347.0
-19.0,165.0,-124.0,214.0,0.0,85.0,-375.0,197.0,11.0,-432.0
26.0,199.0,-111.0,174.0,-7.0,172.0,-506.0,188.0,-28.0,-486.0
60.0,229.0,-133.0,97.0,-54.0,125.0,-553.0,-517.0,-50.0,-520.0
109.0,211.0,-84.0,55.0,-120.0,122.0,-613.0,-1391.0,-46.0,-518.0
102.0,173.0,-113.0,24.0,-109.0,88.0,-642.0,-1043.0,-48.0,-495.0
122.0,75.0,-97.0,-24.0,-69.0,48.0,-574.0,-118.0,-52.0,-437.0
104.0,69.0,-22.0,-94.0,-46.0,139.0,-357.0,304.0,-40.0,-357.0
97.0,-77.0,-15.0,-175.0,90.0,-26.0,-140.0,-24.0,-46.0,-271.0
69.0,-199.0,-5.0,-216.0,49.0,-97.0,-3.0,-219.0,-40.0,-162.0
87.0,-220.0,61.0,-202.0,43.0,-86.0,57.0,-123.0,-13.0,-68.0
115.0,-287.0,78.0,-152.0,122.0,-114.0,46.0,-42.0,1.0,36.0
113.0,-213.0,48.0,-154.0,78.0,-71.0,-34.0,68.0,29.0,138.0
156.0,-158.0,84.0,-177.0,-5.0,-110.0,-130.0,417.0,57.0,189.0
166.0,-166.0,116.0,-152.0,1.0,-9.0,-116.0,489.0,80.0,238.0
183.0,-205.0,131.0,-137.0,89.0,20.0,-3.0,240.0,106.0,296.0
156.0,-110.0,113.0,-131.0,87.0,-2.0,90.0,133.0,115.0,310.0
124.0,-38.0,37.0,-113.0,152.0,81.0,171.0,179.0,131.0,304.0
101.0,-49.0,-3.0,-72.0,203.0,-49.0,273.0,201.0,144.0,305.0
85.0,87.0,4.0,-28.0,165.0,-108.0,310.0,-158.0,126.0,288.0
54.0,113.0,0.0,-20.0,67.0,-54.0,239.0,-328.0,123.0,273.0
19.0,140.0,-13.0,-21.0,10.0,40.0,57.0,-412.0,124.0,226.0
32.0,235.0,-62.0,-13.0,-4.0,129.0,-119.0,-506.0,105.0,163.0
14.0,239.0,-56.0,-12.0,-49.0,-2.0,-216.0,-351.0,62.0,104.0
0.0,222.0,-25.0,-5.0,-1.0,-9.0,-251.0,40.0,17.0,18.0
-30.0,285.0,-43.0,-8.0,-5.0,135.0,-274.0,275.0,-14.0,-56.0
-74.0,397.0,-18.0,-38.0,-3.0,178.0,-377.0,134.0,-51.0,-142.0
-97.0,367.0,-16.0,-109.0,29.0,-21.0,-425.0,73.0,-77.0,-224.0
-121.0,337.0,-31.0,-131.0,-5.0,-109.0,-336.0,-83.0,-101.0,-299.0
-154.0,313.0,18.0,-130.0,-98.0,-60.0,-186.0,-153.0,-122.0,-365.0
-179.0,272.0,44.0,-172.0,-214.0,-137.0,-65.0,-79.0,-139.0,-381.0
-177.0,144.0,26.0,-182.0,-159.0,-51.0,3.0,145.0,-166.0,-391.0
-169.0,-32.0,37.0,-184.0,-75.0,1.0,31.0,550.0,-173.0,-385.0
-163.0,-3.0,49.0,-173.0,-53.0,101.0,-2.0,314.0,-159.0,-351.0
-164.0,-34.0,53.0,-194.0,-53.0,54.0,-73.0,-613.0,-150.0,-287.0
-160.0,-45.0,70.0,-192.0,-6.0,-124.0,-187.0,-933.0,-132.0,-229.0
-155.0,-95.0,87.0,-158.0,43.0,39.0,-266.0,-419.0,-106.0,-189.0
-146.0,-128.0,56.0,-99.0,-20.0,43.0,-230.0,36.0,-78.0,-123.0
-126.0,-39.0,87.0,-48.0,-26.0,-87.0,-161.0,64.0,-56.0,-64.0
-93.0,-168.0,129.0,-86.0,-62.0,-116.0,-160.0,-432.0,-45.0,-18.0
-82.0,-209.0,101.0,-103.0,-43.0,-35.0,-183.0,-912.0,-27.0,20.0
-71.0,-211.0,129.0,-96.0,4.0,79.0,-112.0,-522.0,-38.0,46.0
-48.0,-257.0,109.0,-72.0,-11.0,-28.0,64.0,66.0,-75.0,58.0
-47.0,-263.0,104.0,-101.0,62.0,-129.0,177.0,-145.0,-102.0,48.0
-36.0,-313.0,174.0,-152.0,128.0,-72.0,162.0,-295.0,-145.0,41.0
-22.0,-301.0,151.0,-202.0,54.0,66.0,191.0,125.0,-199.0,29.0
-9.0,-190.0,128.0,-277.0,-35.0,70.0,331.0,410.0,-248.0,18.0
9.0,-68.0,173.0,-294.0,39.0,11.0,461.0,-190.0,-280.0,19.0
48.0,-126.0,180.0,-260.0,2.0,20.0,405.0,-558.0,-312.0,22.0
82.0,-146.0,188.0,-225.0,-63.0,-45.0,247.0,-97.0,-333.0,31.0
84.0,-55.0,193.0,-193.0,-7.0,53.0,157.0,-5.0,-326.0,35.0
73.0,-38.0,184.0,-153.0,-24.0,263.0,93.0,-195.0,-315.0,49.0
61.0,-90.0,210.0,-133.0,2.0,302.0,-78.0,-328.0,-288.0,59.0
47.0,-26.0,219.0,-89.0,8.0,150.0,-345.0,-20.0,-240.0,60.0
68.0,147.0,229.0,-27.0,-60.0,-62.0,-504.0,-31.0,-213.0,65.0
86.0,209.0,278.0,40.0,24.0,1.0,-557.0,-155.0,-181.0,58.0
121.0,255.0,259.0,53.0,69.0,104.0,-547.0,96.0,-130.0,49.0
188.0,174.0,272.0,48.0,4.0,-9.0,-528.0,-112.0,-96.0,12.0
206.0,194.0,291.0,99.0,97.0,-18.0,-545.0,-84.0,-48.0,-10.0
229.0,273.0,211.0,121.0,90.0,74.0,-489.0,319.0,0.0,-21.0
224.0,193.0,249.0,134.0,134.0,173.0,-325.0,727.0,40.0,-32.0
231.0,260.0,211.0,145.0,182.0,203.0,-180.0,703.0,81.0,-7.0
243.0,232.0,175.0,155.0,49.0,39.0,-100.0,375.0,110.0,17.0
241.0,256.0,204.0,169.0,76.0,3.0,9.0,27.0,157.0,49.0
255.0,325.0,111.0,155.0,56.0,96.0,117.0,-517.0,198.0,84.0
231.0,287.0,144.0,146.0,161.0,131.0,208.0,-432.0,239.0,108.0
225.0,291.0,140.0,89.0,220.0,131.0,251.0,14.0,279.0,132.0
185.0,253.0,36.0,23.0,2.0,-44.0,238.0,182.0,298.0,153.0
143.0,236.0,28.0,37.0,76.0,-172.0,207.0,88.0,300.0,165.0
97.0,87.0,16.0,65.0,172.0,-200.0,148.0,-192.0,279.0,172.0
41.0,-53.0,-55.0,96.0,50.0,-156.0,83.0,-216.0,260.0,179.0
9.0,-177.0,-66.0,117.0,3.0,-29.0,-22.0,-42.0,249.0,174.0
-22.0,-313.0,-61.0,55.0,-15.0,-9.0,-131.0,125.0,247.0,154.0
-59.0,-379.0,-56.0,0.0,-22.0,-52.0,-169.0,-116.0,233.0,121.0
-116.0,-525.0,-35.0,-13.0,45.0,-114.0,-212.0,-460.0,208.0,73.0
-168.0,-537.0,-65.0,-3.0,-19.0,-118.0,-338.0,-386.0,172.0,22.0
-220.0,-526.0,-40.0,-6.0,-137.0,-121.0,-462.0,-628.0,110.0,-49.0
-257.0,-533.0,-76.0,-40.0,-6.0,-198.0,-517.0,-757.0,65.0,-130.0
-272.0,-484.0,-103.0,-55.0,-39.0,-386.0,-490.0,-297.0,31.0,-193.0
-265.0,-389.0,-22.0,-89.0,-173.0,-498.0,-420.0,-83.0,-1.0,-241.0
-265.0,-225.0,-10.0,-97.0,-25.0,-334.0,-357.0,-376.0,-49.0,-265.0
-268.0,-150.0,18.0,-66.0,-51.0,-211.0,-275.0,-365.0,-87.0,-271.0
-271.0,-85.0,49.0,-20.0,-67.0,-361.0,-103.0,101.0,-101.0,-240.0
-251.0,-30.0,7.0,-6.0,11.0,-487.0,101.0,-51.0,-132.0,-220.0
-205.0,18.0,-6.0,-64.0,-111.0,-363.0,168.0,24.0,-147.0,-208.0
-183.0,-5.0,35.0,-113.0,-104.0,-160.0,168.0,642.0,-171.0,-177.0
-154.0,115.0,30.0,-141.0,-40.0,-114.0,188.0,508.0,-197.0,-167.0
-123.0,363.0,-9.0,-150.0,-49.0,-213.0,182.0,-277.0,-204.0,-175.0
-74.0,343.0,57.0,-113.0,-43.0,-143.0,51.0,-626.0,-226.0,-190.0
-37.0,341.0,85.0,-65.0,-68.0,-114.0,-168.0,-158.0,-229.0,-187.0
3.0,357.0,-27.0,-43.0,4.0,-217.0,-345.0,14.0,-232.0,-198.0
46.0,304.0,9.0,-4.0,47.0,-320.0,-454.0,-48.0,-212.0,-218.0
72.0,195.0,57.0,-10.0,-43.0,-277.0,-500.0,212.0,-173.0,-226.0
87.0,100.0,-21.0,-32.0,-76.0,22.0,-546.0,245.0,-163.0,-208.0
105.0,150.0,24.0,-36.0,-113.0,-16.0,-547.0,-295.0,-141.0,-179.0
129.0,208.0,25.0,-81.0,-119.0,-232.0,-447.0,-731.0,-128.0,-162.0
158.0,208.0,56.0,-117.0,-113.0,-231.0,-251.0,-441.0,-113.0,-123.0
181.0,45.0,52.0,-101.0,-62.0,-80.0,-53.0,-129.0,-70.0,-93.0
180.0,-2.0,17.0,-62.0,103.0,-19.0,65.0,-24.0,-40.0,-62.0
205.0,64.0,95.0,-62.0,77.0,-196.0,193.0,112.0,0.0,-48.0
197.0,88.0,17.0,-76.0,-25.0,-167.0,339.0,33.0,55.0,-29.0
190.0,96.0,72.0,-87.0,62.0,-30.0,403.0,27.0,84.0,-22.0
185.0,50.0,104.0,-133.0,61.0,27.0,272.0,-195.0,116.0,-52.0
174.0,176.0,108.0,-216.0,-31.0,-18.0,56.0,-426.0,139.0,-48.0
163.0,252.0,196.0,-257.0,42.0,-158.0,-155.0,-436.0,141.0,-56.0
128.0,162.0,131.0,-246.0,28.0,-279.0,-418.0,-548.0,161.0,-85.0
99.0,42.0,184.0,-253.0,41.0,-397.0,-676.0,-273.0,157.0,-122.0
54.0,-13.0,140.0,-265.0,104.0,-423.0,-846.0,-38.0,132.0,-157.0
8.0,-103.0,68.0,-226.0,-29.0,-426.0,-830.0,35.0,115.0,-178.0
-43.0,-370.0,95.0,-175.0,-24.0,-396.0,-644.0,-38.0,90.0,-203.0
-56.0,-479.0,44.0,-89.0,11.0,-372.0,-400.0,-29.0,87.0,-199.0
-78.0,-453.0,35.0,115.0,-54.0,-323.0,-189.0,-24.0,92.0,-191.0
-115.0,-275.0,54.0,252.0,-27.0,-250.0,39.0,-155.0,102.0,-163.0
-130.0,-148.0,30.0,283.0,-64.0,-162.0,302.0,-184.0,124.0,-104.0
-154.0,-239.0,11.0,295.0,-25.0,38.0,523.0,-400.0,145.0,-33.0
-182.0,-148.0,50.0,298.0,127.0,70.0,577.0,-304.0,184.0,52.0
-205.0,-64.0,22.0,324.0,-2.0,-117.0,455.0,-214.0,220.0,130.0
-198.0,-58.0,-1.0,343.0,-29.0,-381.0,302.0,-450.0,275.0,217.0
-180.0,-20.0,50.0,369.0,115.0,-427.0,180.0,-404.0,355.0,295.0
-161.0,69.0,80.0,332.0,0.0,-196.0,43.0,-395.0,431.0,336.0
-151.0,151.0,47.0,250.0,-53.0,-131.0,-145.0,-596.0,491.0,351.0
-125.0,125.0,48.0,205.0,-18.0,-174.0,-234.0,-428.0,504.0,323.0
-105.0,67.0,50.0,161.0,10.0,-256.0,-224.0,-1.0,522.0,275.0
-100.0,-34.0,44.0,134.0,65.0,-378.0,-123.0,97.0,537.0,195.0
-116.0,-65.0,35.0,166.0,6.0,-246.0,28.0,-362.0,517.0,92.0
-95.0,-169.0,-15.0,155.0,-77.0,-183.0,118.0,-391.0,484.0,1.0
-40.0,-192.0,-45.0,103.0,-31.0,-382.0,201.0,-11.0,444.0,-104.0
-21.0,-78.0,-106.0,100.0,-23.0,-473.0,267.0,177.0,395.0,-191.0
-9.0,-6.0,-99.0,123.0,-123.0,-333.0,265.0,-79.0,333.0,-254.0
-11.0,100.0,-133.0,176.0,-107.0,-142.0,164.0,-467.0,268.0,-318.0
0.0,124.0,-166.0,174.0,-53.0,-110.0,144.0,-306.0,205.0,-358.0
-18.0,208.0,-128.0,134.0,-28.0,-138.0,252.0,-415.0,145.0,-348.0
-27.0,227.0,-190.0,96.0,3.0,-139.0,427.0,-515.0,93.0,-325.0
-14.0,228.0,-186.0,44.0,7.0,-50.0,513.0,-297.0,40.0,-298.0
13.0,222.0,-200.0,37.0,-29.0,22.0,412.0,79.0,-19.0,-229.0
52.0,229.0,-191.0,59.0,-61.0,-25.0,283.0,157.0,-62.0,-154.0
46.0,327.0,-156.0,73.0,-24.0,-58.0,154.0,-59.0,-96.0,-88.0
51.0,187.0,-193.0,51.0,-18.0,-32.0,20.0,66.0,-115.0,-28.0
32.0,104.0,-153.0,-9.0,-35.0,61.0,-203.0,384.0,-107.0,29.0
21.0,25.0,-113.0,-103.0,14.0,66.0,-341.0,521.0,-99.0,63.0
39.0,-23.0,-126.0,-199.0,10.0,64.0,-305.0,121.0,-82.0,63.0
58.0,-83.0,-148.0,-250.0,-4.0,37.0,-227.0,-378.0,-49.0,86.0
46.0,-160.0,-71.0,-272.0,92.0,2.0,-194.0,-498.0,-32.0,98.0
28.0,-73.0,-53.0,-352.0,14.0,131.0,-246.0,-195.0,-13.0,83.0
8.0,-123.0,-42.0,-398.0,-53.0,180.0,-154.0,86.0,16.0,90.0
-19.0,-87.0,-27.0,-345.0,104.0,114.0,72.0,-38.0,26.0,106.0
-28.0,-118.0,-109.0,-314.0,8.0,87.0,280.0,42.0,46.0,112.0
-50.0,-123.0,-98.0,-304.0,0.0,172.0,331.0,169.0,80.0,109.0
-48.0,-37.0,-89.0,-290.0,97.0,148.0,283.0,-254.0,98.0,91.0
-56.0,-56.0,-63.0,-271.0,-38.0,79.0,303.0,-256.0,101.0,82.0
-64.0,-79.0,-92.0,-221.0,60.0,189.0,327.0,75.0,106.0,64.0
-75.0,-201.0,-76.0,-104.0,6.0,363.0,261.0,430.0,96.0,9.0
-91.0,-97.0,-50.0,3.0,-109.0,459.0,126.0,400.0,100.0,-38.0
-119.0,-15.0,-106.0,49.0,58.0,275.0,15.0,-36.0,113.0,-88.0
-149.0,-98.0,-79.0,65.0,0.0,66.0,-63.0,-609.0,91.0,-158.0
-140.0,-149.0,-61.0,69.0,-28.0,4.0,-166.0,-1103.0,60.0,-218.0
-141.0,-121.0,-49.0,158.0,32.0,92.0,-353.0,-441.0,20.0,-264.0
-123.0,-82.0,-50.0,217.0,-52.0,161.0,-498.0,234.0,-9.0,-304.0
-101.0,-196.0,27.0,130.0,-60.0,52.0,-482.0,105.0,-11.0,-343.0
-86.0,-104.0,117.0,67.0,-76.0,89.0,-388.0,-131.0,0.0,-359.0
-73.0,-17.0,99.0,89.0,-129.0,148.0,-355.0,360.0,1.0,-371.0
-78.0,36.0,116.0,69.0,-46.0,187.0,-352.0,694.0,-14.0,-389.0
-97.0,28.0,188.0,-3.0,-24.0,301.0,-285.0,448.0,-14.0,-407.0
-117.0,-33.0,182.0,-42.0,-98.0,379.0,-160.0,386.0,-14.0,-419.0
-147.0,72.0,162.0,-48.0,-65.0,401.0,28.0,388.0,-20.0,-398.0
-164.0,1.0,150.0,-72.0,-107.0,357.0,190.0,436.0,-9.0,-399.0
-157.0,22.0,144.0,-118.0,-117.0,265.0,341.0,-5.0,6.0,-392.0
-151.0,90.0,143.0,-100.0,-41.0,228.0,479.0,-399.0,-3.0,-351.0
-139.0,119.0,35.0,-10.0,-163.0,323.0,548.0,40.0,-46.0,-317.0
-146.0,205.0,0.0,69.0,-137.0,279.0,514.0,232.0,-92.0,-277.0
-146.0,204.0,-34.0,80.0,-34.0,187.0,361.0,-59.0,-123.0,-229.0
-123.0,159.0,-131.0,43.0,-72.0,308.0,172.0,-110.0,-124.0,-168.0
-115.0,101.0,-107.0,23.0,9.0,474.0,40.0,-341.0,-131.0,-119.0
-108.0,131.0,-124.0,8.0,7.0,545.0,-32.0,-229.0,-136.0,-68.0
-103.0,44.0,-213.0,-10.0,38.0,444.0,-171.0,206.0,-129.0,-3.0
-105.0,-72.0,-184.0,8.0,88.0,313.0,-259.0,533.0,-111.0,39.0
-96.0,-141.0,-174.0,-24.0,-32.0,185.0,-252.0,254.0,-78.0,72.0
-84.0,-170.0,-234.0,-79.0,60.0,181.0,-148.0,-81.0,-60.0,93.0
-31.0,-170.0,-216.0,-29.0,137.0,430.0,44.0,94.0,-35.0,98.0
-3.0,-211.0,-224.0,41.0,66.0,534.0,166.0,203.0,0.0,90.0
-3.0,-257.0,-212.0,121.0,129.0,498.0,268.0,417.0,25.0,71.0
0.0,-330.0,-173.0,227.0,44.0,555.0,374.0,445.0,59.0,52.0
-8.0,-265.0,-185.0,283.0,-13.0,723.0,469.0,921.0,88.0,41.0
15.0,-217.0,-94.0,307.0,156.0,730.0,497.0,652.0,95.0,21.0
16.0,-69.0,-100.0,349.0,46.0,459.0,478.0,-482.0,111.0,-4.0
38.0,75.0,-107.0,398.0,-9.0,293.0,428.0,-977.0,113.0,-15.0
42.0,114.0,-2.0,384.0,109.0,348.0,316.0,-410.0,100.0,-18.0
31.0,262.0,-60.0,297.0,-11.0,537.0,155.0,683.0,104.0,-43.0
41.0,276.0,-23.0,231.0,61.0,577.0,-59.0,962.0,87.0,-59.0
55.0,303.0,-34.0,218.0,108.0,505.0,-244.0,626.0,79.0,-39.0
95.0,284.0,-80.0,247.0,-59.0,415.0,-411.0,144.0,76.0,-15.0
116.0,297.0,-26.0,271.0,-71.0,244.0,-609.0,55.0,66.0,28.0
152.0,319.0,-61.0,295.0,-52.0,207.0,-853.0,105.0,49.0,92.0
158.0,147.0,-76.0,336.0,-15.0,231.0,-1031.0,-120.0,28.0,196.0
145.0,84.0,-109.0,325.0,-30.0,302.0,-1003.0,-144.0,6.0,304.0
141.0,32.0,-76.0,346.0,-120.0,306.0,-823.0,439.0,-31.0,381.0
131.0,50.0,-115.0,373.0,-55.0,204.0,-632.0,705.0,-66.0,473.0
125.0,14.0,-145.0,339.0,-35.0,181.0,-413.0,465.0,-94.0,540.0
113.0,-149.0,-87.0,295.0,-121.0,141.0,-81.0,3.0,-82.0,554.0
124.0,-165.0,-121.0,150.0,-84.0,99.0,264.0,-109.0,-58.0,545.0
125.0,-95.0,-130.0,3.0,-109.0,103.0,472.0,-11.0,-53.0,529.0
105.0,-43.0,-116.0,-65.0,-52.0,173.0,491.0,-70.0,-40.0,470.0
53.0,-135.0,-72.0,-121.0,45.0,177.0,435.0,-5.0,-38.0,400.0
-28.0,-191.0,-83.0,-171.0,-35.0,43.0,414.0,-173.0,-57.0,360.0
-70.0,-169.0,-59.0,-262.0,33.0,-16.0,473.0,369.0,-75.0,313.0
-81.0,-94.0,-4.0,-343.0,104.0,58.0,506.0,410.0,-89.0,261.0
-113.0,-92.0,11.0,-336.0,-7.0,161.0,437.0,-84.0,-91.0,222.0
-127.0,-146.0,31.0,-244.0,39.0,152.0,369.0,-572.0,-86.0,226.0
-124.0,-136.0,4.0,-103.0,61.0,124.0,354.0,-509.0,-92.0,232.0
-112.0,-147.0,29.0,27.0,-54.0,269.0,331.0,406.0,-86.0,231.0
-107.0,2.0,42.0,94.0,80.0,461.0,244.0,968.0,-77.0,243.0
-113.0,-27.0,36.0,62.0,52.0,471.0,205.0,1404.0,-62.0,245.0
-104.0,-54.0,60.0,-54.0,-24.0,403.0,199.0,1101.0,-39.0,234.0
-84.0,-8.0,83.0,-93.0,83.0,457.0,180.0,716.0,-26.0,211.0
-69.0,-20.0,84.0,-6.0,-6.0,423.0,31.0,97.0,-20.0,197.0
-70.0,50.0,104.0,80.0,0.0,281.0,-203.0,-694.0,-18.0,175.0
-42.0,61.0,116.0,97.0,-38.0,88.0,-338.0,-768.0,-15.0,134.0
-35.0,111.0,103.0,93.0,-123.0,-27.0,-437.0,-138.0,-9.0,78.0
-29.0,78.0,120.0,72.0,-24.0,148.0,-451.0,663.0,-12.0,43.0
-53.0,116.0,110.0,69.0,3.0,325.0,-420.0,1114.0,-12.0,5.0
-95.0,71.0,140.0,68.0,-49.0,477.0,-344.0,975.0,-5.0,-55.0
-99.0,133.0,136.0,7.0,-33.0,415.0,-198.0,376.0,0.0,-69.0
-105.0,280.0,121.0,41.0,23.0,208.0,-49.0,75.0,24.0,-63.0
-100.0,266.0,127.0,12.0,28.0,245.0,56.0,-376.0,39.0,-63.0
-117.0,243.0,92.0,-87.0,74.0,245.0,81.0,-360.0,30.0,-60.0
-118.0,192.0,108.0,-98.0,66.0,175.0,87.0,114.0,45.0,-33.0
-120.0,286.0,101.0,-53.0,-18.0,141.0,50.0,709.0,64.0,-2.0
-127.0,145.0,97.0,4.0,-25.0,110.0,-40.0,681.0,80.0,-3.0
-132.0,98.0,91.0,84.0,29.0,116.0,-178.0,332.0,84.0,-7.0
-123.0,96.0,76.0,238.0,31.0,146.0,-302.0,404.0,97.0,13.0
-81.0,-52.0,85.0,319.0,26.0,113.0,-349.0,585.0,115.0,33.0
-46.0,-128.0,58.0,328.0,47.0,165.0,-266.0,648.0,130.0,35.0
-32.0,-234.0,34.0,244.0,-45.0,260.0,-132.0,-254.0,129.0,44.0
-25.0,-275.0,1.0,189.0,-34.0,106.0,-34.0,-417.0,106.0,51.0
-9.0,-309.0,-33.0,249.0,63.0,-157.0,93.0,315.0,98.0,46.0
-3.0,-146.0,-32.0,321.0,-6.0,-222.0,263.0,1067.0,64.0,32.0
18.0,-127.0,-62.0,408.0,-34.0,-77.0,389.0,774.0,26.0,33.0
25.0,-100.0,-63.0,492.0,13.0,39.0,371.0,-57.0,10.0,29.0
49.0,64.0,-52.0,570.0,-30.0,136.0,328.0,-269.0,-2.0,18.0
75.0,105.0,-100.0,587.0,10.0,113.0,276.0,-20.0,-9.0,22.0
85.0,139.0,-84.0,458.0,23.0,72.0,220.0,731.0,-40.0,29.0
83.0,170.0,-81.0,255.0,-94.0,18.0,91.0,611.0,-88.0,46.0
63.0,176.0,-141.0,163.0,-26.0,-131.0,-178.0,611.0,-130.0,58.0
65.0,30.0,-126.0,127.0,2.0,-194.0,-367.0,393.0,-181.0,97.0
68.0,70.0,-133.0,100.0,-94.0,-307.0,-402.0,223.0,-232.0,149.0
82.0,35.0,-180.0,117.0,-19.0,-235.0,-352.0,-129.0,-258.0,205.0
91.0,-48.0,-171.0,202.0,39.0,-67.0,-325.0,-556.0,-267.0,269.0
113.0,33.0,-174.0,194.0,37.0,-52.0,-247.0,212.0,-250.0,344.0
121.0,23.0,-189.0,97.0,84.0,-148.0,-89.0,892.0,-232.0,432.0
111.0,53.0,-186.0,79.0,57.0,-234.0,81.0,1311.0,-211.0,477.0
59.0,-47.0,-164.0,20.0,18.0,-93.0,176.0,461.0,-169.0,518.0
7.0,-166.0,-154.0,-20.0,44.0,-31.0,139.0,-373.0,-133.0,557.0
-12.0,-210.0,-127.0,-25.0,64.0,-10.0,136.0,-1027.0,-88.0,562.0
-39.0,-150.0,-105.0,-21.0,39.0,-61.0,211.0,-733.0,-43.0,532.0
-21.0,-158.0,-129.0,-24.0,22.0,-113.0,314.0,548.0,3.0,492.0
-43.0,-263.0,-145.0,-100.0,16.0,34.0,333.0,1058.0,46.0,437.0
-76.0,-195.0,-159.0,-184.0,67.0,-89.0,285.0,1029.0,70.0,344.0
-88.0,-135.0,-174.0,-184.0,29.0,-252.0,311.0,-16.0,86.0,258.0
-100.0,-73.0,-193.0,-119.0,-28.0,-156.0,406.0,-325.0,101.0,184.0
-132.0,-107.0,-152.0,10.0,53.0,64.0,409.0,-77.0,119.0,104.0
-177.0,-178.0,-129.0,131.0,-30.0,106.0,266.0,670.0,116.0,25.0
-208.0,-249.0,-128.0,193.0,-20.0,-148.0,86.0,920.0,99.0,-21.0
-236.0,-159.0,-104.0,252.0,-70.0,-138.0,-45.0,258.0,74.0,-38.0
-244.0,72.0,-73.0,268.0,-98.0,-52.0,-141.0,-131.0,50.0,-47.0
-247.0,21.0,-60.0,235.0,1.0,-192.0,-325.0,-125.0,10.0,-28.0
-187.0,75.0,-59.0,74.0,-101.0,-279.0,-512.0,759.0,-35.0,26.0
-123.0,183.0,-5.0,-75.0,-38.0,-204.0,-594.0,1191.0,-70.0,84.0
-98.0,121.0,-4.0,-108.0,-44.0,-11.0,-552.0,1199.0,-111.0,132.0
-65.0,-18.0,61.0,-116.0,-31.0,147.0,-445.0,689.0,-144.0,174.0
-42.0,-152.0,101.0,-127.0,-60.0,226.0,-325.0,509.0,-162.0,205.0
-11.0,-182.0,53.0,-86.0,-96.0,124.0,-196.0,223.0,-181.0,205.0
1.0,-196.0,128.0,12.0,-15.0,-74.0,-149.0,-138.0,-195.0,173.0
-19.0,-113.0,156.0,50.0,-76.0,-120.0,-154.0,267.0,-192.0,152.0
-6.0,-184.0,125.0,30.0,-54.0,-79.0,-158.0,685.0,-180.0,120.0
27.0,-278.0,159.0,-50.0,-130.0,-6.0,-176.0,1032.0,-158.0,78.0
33.0,-212.0,169.0,-108.0,-62.0,-60.0,-169.0,317.0,-140.0,29.0
3.0,-88.0,120.0,-181.0,44.0,-165.0,-64.0,-497.0,-103.0,-15.0
-19.0,71.0,89.0,-300.0,2.0,-122.0,18.0,-1228.0,-60.0,-57.0
-18.0,70.0,107.0,-392.0,-69.0,-196.0,87.0,-820.0,-27.0,-100.0
-31.0,125.0,120.0,-386.0,-46.0,-300.0,226.0,242.0,14.0,-128.0
-13.0,191.0,30.0,-212.0,104.0,-350.0,368.0,637.0,34.0,-172.0
-17.0,209.0,-39.0,-8.0,0.0,-453.0,461.0,970.0,35.0,-210.0
-34.0,263.0,-47.0,114.0,-48.0,-478.0,483.0,169.0,23.0,-250.0
-55.0,267.0,-96.0,128.0,7.0,-424.0,512.0,-450.0,13.0,-290.0
-104.0,263.0,-135.0,83.0,30.0,-303.0,452.0,-626.0,12.0,-320.0
-114.0,145.0,-153.0,72.0,35.0,-93.0,311.0,169.0,0.0,-350.0
-135.0,104.0,-150.0,130.0,4.0,27.0,101.0,1088.0,1.0,-375.0
-162.0,140.0,-181.0,228.0,-29.0,-216.0,-168.0,727.0,9.0,-395.0
-171.0,84.0,-203.0,359.0,29.0,-520.0,-340.0,253.0,-9.0,-403.0
-158.0,76.0,-242.0,464.0,101.0,-500.0,-421.0,-543.0,-26.0,-416.0
-142.0,90.0,-165.0,465.0,-85.0,-340.0,-368.0,-245.0,-44.0,-427.0
-126.0,-11.0,-106.0,390.0,-141.0,-222.0,-282.0,203.0,-72.0,-419.0
-102.0,-168.0,-147.0,338.0,-10.0,-160.0,-179.0,582.0,-105.0,-401.0
-96.0,-149.0,-13.0,323.0,48.0,-152.0,-24.0,1067.0,-138.0,-367.0
-95.0,-127.0,-75.0,288.0,37.0,-265.0,121.0,648.0,-156.0,-315.0
-90.0,-93.0,-49.0,242.0,-57.0,-390.0,207.0,445.0,-174.0,-251.0
-74.0,13.0,68.0,199.0,-66.0,-405.0,230.0,-314.0,-170.0,-172.0
-39.0,26.0,-25.0,160.0,30.0,-479.0,294.0,-388.0,-151.0,-93.0
0.0,3.0,61.0,124.0,-44.0,-805.0,361.0,-73.0,-121.0,-7.0
48.0,-4.0,71.0,87.0,-157.0,-981.0,381.0,347.0,-79.0,89.0
79.0,101.0,103.0,-20.0,-98.0,-651.0,280.0,857.0,-30.0,175.0
84.0,19.0,129.0,-103.0,13.0,-348.0,124.0,55.0,16.0,241.0
110.0,-98.0,79.0,-48.0,31.0,-331.0,58.0,-447.0,51.0,308.0
117.0,-111.0,205.0,-19.0,-80.0,-321.0,104.0,-861.0,86.0,354.0
142.0,-182.0,145.0,-68.0,-33.0,-193.0,160.0,-77.0,110.0,361.0
150.0,-98.0,94.0,-99.0,27.0,-269.0,94.0,979.0,130.0,376.0
149.0,-67.0,101.0,-68.0,48.0,-725.0,74.0,1173.0,143.0,394.0
172.0,-68.0,20.0,-41.0,17.0,-897.0,165.0,864.0,162.0,404.0
183.0,-105.0,75.0,-88.0,-8.0,-643.0,188.0,-391.0,150.0,394.0
192.0,-56.0,143.0,-135.0,158.0,-517.0,17.0,-323.0,128.0,387.0
187.0,-61.0,145.0,-62.0,105.0,-546.0,-212.0,123.0,126.0,397.0
203.0,-70.0,153.0,84.0,19.0,-571.0,-342.0,639.0,95.0,384.0
213.0,192.0,142.0,87.0,55.0,-509.0,-341.0,676.0,64.0,351.0
232.0,192.0,106.0,30.0,150.0,-549.0,-287.0,57.0,20.0,317.0
248.0,217.0,87.0,62.0,164.0,-703.0,-295.0,-194.0,-36.0,279.0
262.0,281.0,68.0,79.0,59.0,-517.0,-250.0,-933.0,-71.0,210.0
262.0,267.0,97.0,27.0,89.0,-285.0,-104.0,-787.0,-106.0,134.0
245.0,264.0,73.0,17.0,95.0,-301.0,109.0,-354.0,-152.0,59.0
241.0,203.0,17.0,110.0,85.0,-367.0,296.0,334.0,-171.0,-14.0
225.0,192.0,36.0,163.0,-13.0,-433.0,403.0,763.0,-201.0,-88.0
251.0,59.0,-36.0,235.0,-34.0,-551.0,458.0,290.0,-223.0,-158.0
242.0,100.0,-33.0,328.0,-22.0,-596.0,444.0,238.0,-220.0,-194.0
241.0,116.0,9.0,299.0,22.0,-434.0,359.0,-125.0,-250.0,-228.0
236.0,4.0,-47.0,186.0,42.0,-380.0,174.0,-112.0,-244.0,-242.0
208.0,-108.0,-10.0,112.0,-170.0,-555.0,-17.0,-11.0,-235.0,-204.0
202.0,-203.0,-24.0,90.0,-46.0,-706.0,-116.0,199.0,-243.0,-167.0
159.0,-220.0,-66.0,53.0,104.0,-609.0,-168.0,635.0,-243.0,-129.0
143.0,-190.0,-5.0,81.0,-66.0,-451.0,-274.0,373.0,-242.0,-68.0
109.0,6.0,-2.0,86.0,-182.0,-420.0,-282.0,310.0,-225.0,0.0
74.0,59.0,0.0,-7.0,-48.0,-458.0,-119.0,338.0,-205.0,52.0
47.0,41.0,73.0,-134.0,63.0,-478.0,28.0,607.0,-161.0,63.0
-3.0,-11.0,93.0,-225.0,-30.0,-410.0,99.0,607.0,-141.0,80.0
-22.0,-30.0,124.0,-238.0,-90.0,-298.0,104.0,134.0,-118.0,77.0
-34.0,-90.0,166.0,-240.0,-36.0,-248.0,132.0,22.0,-75.0,36.0
-41.0,-173.0,164.0,-173.0,113.0,-350.0,166.0,-461.0,-76.0,0.0
-37.0,-113.0,214.0,-117.0,71.0,-356.0,151.0,-607.0,-57.0,-27.0
-43.0,-224.0,189.0,-103.0,-39.0,-294.0,61.0,-450.0,-40.0,-61.0
-40.0,-228.0,173.0,-95.0,-6.0,-232.0,-59.0,-519.0,-39.0,-115.0
-27.0,-236.0,202.0,-131.0,61.0,-197.0,-124.0,-236.0,-16.0,-137.0
-13.0,-151.0,155.0,-138.0,50.0,-328.0,-127.0,-343.0,-19.0,-149.0
-11.0,17.0,187.0,-139.0,-8.0,-420.0,-121.0,-310.0,-13.0,-166.0
-20.0,66.0,149.0,-179.0,-56.0,-502.0,-54.0,-308.0,-8.0,-177.0
-16.0,195.0,103.0,-210.0,-74.0,-578.0,172.0,-443.0,-9.0,-175.0
-7.0,127.0,127.0,-211.0,57.0,-521.0,445.0,49.0,5.0,-156.0
3.0,49.0,53.0,-227.0,-87.0,-345.0,638.0,376.0,4.0,-181.0
0.0,9.0,63.0,-234.0,-245.0,-131.0,703.0,848.0,8.0,-191.0
16.0,0.0,52.0,-252.0,-23.0,-29.0,680.0,761.0,-18.0,-178.0
57.0,7.0,23.0,-249.0,83.0,-81.0,599.0,195.0,-34.0,-201.0
81.0,1.0,86.0,-171.0,-21.0,-184.0,464.0,-205.0,-11.0,-232.0
83.0,69.0,82.0,-55.0,-65.0,-232.0,208.0,-720.0,-9.0,-240.0
78.0,49.0,88.0,44.0,61.0,-272.0,-182.0,-417.0,0.0,-233.0
96.0,102.0,128.0,54.0,109.0,-251.0,-535.0,-188.0,15.0,-253.0
119.0,151.0,140.0,47.0,45.0,-141.0,-749.0,46.0,21.0,-262.0
140.0,114.0,174.0,-13.0,-25.0,-31.0,-829.0,399.0,35.0,-231.0
158.0,82.0,211.0,-119.0,28.0,-57.0,-881.0,147.0,50.0,-200.0
213.0,178.0,225.0,-124.0,243.0,-255.0,-850.0,-107.0,46.0,-172.0
246.0,252.0,239.0,-58.0,172.0,-376.0,-699.0,-859.0,59.0,-125.0
262.0,189.0,217.0,47.0,5.0,-319.0,-468.0,-1300.0,79.0,-63.0
279.0,182.0,221.0,179.0,57.0,-33.0,-213.0,-1176.0,68.0,-9.0
265.0,94.0,214.0,267.0,85.0,122.0,-65.0,-729.0,86.0,37.0
236.0,36.0,129.0,236.0,134.0,-13.0,27.0,299.0,99.0,95.0
188.0,48.0,115.0,141.0,52.0,-19.0,86.0,569.0,86.0,140.0
166.0,99.0,89.0,45.0,-88.0,42.0,79.0,522.0,93.0,164.0
141.0,77.0,-7.0,-44.0,83.0,189.0,1.0,319.0,75.0,199.0
127.0,-37.0,10.0,-89.0,167.0,244.0,-92.0,-11.0,51.0,220.0
82.0,-121.0,-24.0,-57.0,-17.0,181.0,-137.0,35.0,22.0,216.0
47.0,-166.0,-100.0,-8.0,-48.0,206.0,-99.0,-454.0,-24.0,221.0
40.0,-24.0,-70.0,-15.0,213.0,113.0,-1.0,-776.0,-49.0,219.0
11.0,37.0,-103.0,-53.0,166.0,27.0,108.0,-594.0,-61.0,204.0
3.0,-37.0,-88.0,-141.0,-64.0,60.0,260.0,-489.0,-70.0,181.0
-10.0,-208.0,-65.0,-201.0,71.0,196.0,416.0,-223.0,-71.0,155.0
-9.0,-294.0,-112.0,-173.0,61.0,170.0,534.0,173.0,-74.0,140.0
-36.0,-296.0,-6.0,-99.0,53.0,26.0,540.0,482.0,-82.0,123.0
-58.0,-362.0,5.0,-62.0,52.0,-6.0,408.0,275.0,-88.0,94.0
-71.0,-217.0,-16.0,-65.0,-174.0,-50.0,218.0,-315.0,-79.0,74.0
-80.0,-217.0,61.0,-10.0,-73.0,35.0,19.0,-504.0,-56.0,49.0
-78.0,-189.0,25.0,45.0,94.0,149.0,-204.0,-563.0,-32.0,-11.0
-57.0,-77.0,118.0,144.0,-23.0,130.0,-447.0,-670.0,1.0,-66.0
-26.0,-33.0,27.0,229.0,-101.0,-104.0,-623.0,-345.0,53.0,-105.0
-30.0,76.0,-73.0,273.0,-57.0,-260.0,-643.0,-49.0,81.0,-156.0
0.0,69.0,61.0,280.0,52.0,-74.0,-528.0,430.0,98.0,-220.0
16.0,135.0,-25.0,214.0,20.0,104.0,-359.0,533.0,102.0,-261.0
52.0,78.0,-39.0,90.0,-99.0,162.0,-167.0,-59.0,110.0,-291.0
58.0,168.0,58.0,-47.0,5.0,118.0,-14.0,-424.0,134.0,-342.0
20.0,331.0,80.0,-76.0,122.0,113.0,109.0,-1075.0,131.0,-359.0
13.0,243.0,82.0,-96.0,76.0,177.0,157.0,-870.0,125.0,-367.0
25.0,245.0,111.0,-25.0,-86.0,162.0,110.0,-44.0,129.0,-355.0
90.0,222.0,114.0,27.0,-88.0,88.0,12.0,618.0,116.0,-343.0
131.0,276.0,137.0,55.0,107.0,295.0,-166.0,1382.0,102.0,-329.0
169.0,235.0,181.0,104.0,103.0,549.0,-371.0,859.0,91.0,-279.0
197.0,133.0,155.0,79.0,-65.0,331.0,-579.0,487.0,71.0,-263.0
188.0,124.0,173.0,26.0,-32.0,212.0,-689.0,123.0,62.0,-243.0
176.0,42.0,162.0,-86.0,31.0,446.0,-651.0,-570.0,55.0,-217.0
154.0,-60.0,154.0,-144.0,-46.0,671.0,-520.0,-327.0,18.0,-197.0
148.0,-160.0,184.0,-234.0,15.0,592.0,-416.0,-262.0,-26.0,-177.0
161.0,-212.0,174.0,-276.0,-87.0,270.0,-343.0,334.0,-66.0,-150.0
163.0,-257.0,214.0,-234.0,-39.0,153.0,-225.0,308.0,-124.0,-123.0
149.0,-296.0,258.0,-166.0,155.0,366.0,-138.0,-456.0,-186.0,-111.0
125.0,-374.0,220.0,-148.0,-87.0,603.0,-81.0,-164.0,-254.0,-88.0
104.0,-275.0,244.0,-184.0,-146.0,460.0,-91.0,-388.0,-299.0,-70.0
69.0,-143.0,247.0,-217.0,-23.0,173.0,-77.0,-473.0,-332.0,-58.0
22.0,-62.0,211.0,-276.0,8.0,49.0,4.0,-868.0,-376.0,-71.0
10.0,0.0,266.0,-249.0,29.0,-20.0,165.0,-1524.0,-394.0,-77.0
12.0,-112.0,232.0,-221.0,-55.0,29.0,372.0,-1055.0,-410.0,-57.0
12.0,-76.0,172.0,-148.0,-55.0,36.0,532.0,-879.0,-412.0,-50.0
-7.0,-100.0,174.0,-92.0,104.0,-202.0,791.0,325.0,-394.0,-48.0
-33.0,-7.0,131.0,-94.0,92.0,-296.0,1025.0,1544.0,-355.0,-46.0
-67.0,39.0,127.0,-99.0,-58.0,-222.0,1100.0,1101.0,-305.0,-48.0
-76.0,-94.0,145.0,-85.0,20.0,-293.0,985.0,-186.0,-262.0,-55.0
-54.0,-163.0,96.0,-44.0,46.0,-341.0,790.0,-2097.0,-212.0,-57.0
-43.0,-400.0,67.0,-14.0,-36.0,-340.0,618.0,-2058.0,-166.0,-53.0
-17.0,-298.0,57.0,24.0,-24.0,-241.0,363.0,-727.0,-111.0,-65.0
-20.0,-235.0,9.0,44.0,20.0,-58.0,-7.0,537.0,-60.0,-72.0
1.0,-213.0,-3.0,57.0,10.0,-143.0,-431.0,1707.0,-21.0,-71.0
11.0,-96.0,9.0,-33.0,-57.0,-263.0,-719.0,1140.0,18.0,-72.0
12.0,-86.0,-26.0,-87.0,-58.0,89.0,-840.0,36.0,65.0,-77.0
31.0,52.0,-12.0,-96.0,-108.0,387.0,-852.0,-798.0,115.0,-89.0
29.0,-21.0,-16.0,-93.0,-47.0,219.0,-844.0,-1127.0,141.0,-80.0
54.0,30.0,-23.0,-56.0,-26.0,63.0,-803.0,-670.0,179.0,-75.0
63.0,115.0,26.0,-43.0,-212.0,-25.0,-686.0,-587.0,200.0,-69.0
83.0,90.0,-28.0,-3.0,-129.0,-79.0,-573.0,-319.0,193.0,-55.0
111.0,37.0,7.0,-43.0,13.0,-125.0,-517.0,59.0,187.0,-41.0
131.0,-65.0,7.0,-85.0,-29.0,-81.0,-478.0,184.0,160.0,-22.0
132.0,5.0,-12.0,-93.0,-70.0,177.0,-375.0,873.0,136.0,-30.0
113.0,44.0,60.0,-31.0,-127.0,323.0,-244.0,1047.0,109.0,-19.0
80.0,48.0,37.0,36.0,-41.0,232.0,-107.0,201.0,75.0,-19.0
62.0,-29.0,77.0,38.0,112.0,206.0,-51.0,-936.0,49.0,-43.0
70.0,-160.0,69.0,31.0,-6.0,245.0,-42.0,-1838.0,28.0,-41.0
63.0,-200.0,59.0,9.0,-77.0,143.0,-16.0,-1319.0,16.0,-53.0
74.0,-156.0,79.0,0.0,149.0,250.0,40.0,-345.0,-3.0,-65.0
59.0,-227.0,33.0,-2.0,164.0,294.0,67.0,443.0,-16.0,-87.0
46.0,-228.0,42.0,-6.0,26.0,70.0,73.0,1522.0,-24.0,-115.0
38.0,-68.0,31.0,-77.0,39.0,38.0,211.0,1034.0,-32.0,-140.0
20.0,-59.0,14.0,-152.0,89.0,77.0,333.0,-635.0,-23.0,-182.0
12.0,17.0,-6.0,-179.0,217.0,194.0,392.0,-2154.0,-19.0,-225.0
-5.0,99.0,6.0,-152.0,125.0,306.0,374.0,-2693.0,0.0,-258.0
-28.0,157.0,-36.0,-128.0,-35.0,190.0,299.0,-1528.0,19.0,-269.0
-73.0,94.0,-93.0,-129.0,103.0,12.0,225.0,-681.0,17.0,-298.0
-97.0,-30.0,-50.0,-151.0,184.0,-60.0,138.0,-138.0,22.0,-307.0
-112.0,18.0,-105.0,-211.0,59.0,-110.0,52.0,31.0,25.0,-305.0
-123.0,-4.0,-126.0,-219.0,-7.0,124.0,-100.0,-406.0,13.0,-318.0
-119.0,-71.0,-99.0,-209.0,63.0,481.0,-209.0,626.0,-1.0,-327.0
-122.0,-261.0,-96.0,-193.0,94.0,281.0,-250.0,1712.0,1.0,-344.0
-112.0,-391.0,-145.0,-145.0,67.0,94.0,-297.0,1271.0,6.0,-345.0
-129.0,-406.0,-218.0,-125.0,-62.0,162.0,-387.0,-641.0,5.0,-370.0
-163.0,-399.0,-139.0,-145.0,-33.0,277.0,-477.0,-2577.0,25.0,-381.0
-168.0,-237.0,-68.0,-200.0,102.0,363.0,-482.0,-2076.0,40.0,-371.0
-162.0,-169.0,-50.0,-281.0,3.0,225.0,-439.0,-617.0,54.0,-359.0
-166.0,-137.0,13.0,-316.0,-72.0,54.0,-355.0,497.0,67.0,-329.0
-170.0,-101.0,24.0,-306.0,-102.0,48.0,-269.0,1293.0,64.0,-307.0
-183.0,-51.0,-11.0,-272.0,-38.0,183.0,-169.0,761.0,56.0,-265.0
-179.0,-57.0,46.0,-214.0,35.0,152.0,-40.0,-301.0,48.0,-249.0
-151.0,-52.0,43.0,-173.0,-82.0,331.0,104.0,-949.0,36.0,-245.0
-120.0,-25.0,-16.0,-130.0,-115.0,426.0,196.0,-766.0,20.0,-239.0
-82.0,-156.0,-13.0,-108.0,-12.0,252.0,256.0,125.0,0.0,-259.0
-67.0,-75.0,-27.0,-121.0,8.0,321.0,371.0,434.0,-31.0,-279.0
-55.0,-50.0,-31.0,-86.0,-136.0,260.0,466.0,303.0,-62.0,-294.0
-70.0,-123.0,-45.0,-58.0,-178.0,396.0,468.0,-676.0,-92.0,-307.0
-66.0,-135.0,-27.0,-76.0,-10.0,554.0,357.0,-2041.0,-118.0,-302.0
-42.0,-246.0,-49.0,-86.0,-12.0,383.0,241.0,-1047.0,-138.0,-293.0
-50.0,-216.0,-76.0,-83.0,-152.0,327.0,183.0,1285.0,-153.0,-276.0
-39.0,-208.0,-61.0,-51.0,-107.0,382.0,54.0,2141.0,-180.0,-237.0
-60.0,-141.0,-86.0,-6.0,84.0,257.0,-160.0,999.0,-198.0,-183.0
-61.0,-8.0,-58.0,34.0,88.0,54.0,-332.0,-820.0,-182.0,-113.0
-65.0,60.0,-39.0,53.0,-22.0,28.0,-394.0,-1321.0,-157.0,-40.0
-64.0,53.0,-27.0,59.0,-22.0,-126.0,-396.0,-1225.0,-129.0,63.0
-40.0,-49.0,14.0,68.0,-36.0,-146.0,-472.0,-822.0,-109.0,146.0
-50.0,15.0,64.0,94.0,37.0,54.0,-579.0,493.0,-96.0,208.0
-38.0,75.0,87.0,114.0,-61.0,166.0,-629.0,788.0,-68.0,290.0
-61.0,128.0,64.0,97.0,-171.0,173.0,-606.0,171.0,-24.0,355.0
-99.0,152.0,86.0,38.0,63.0,116.0,-532.0,-886.0,0.0,399.0
-117.0,36.0,61.0,-19.0,103.0,39.0,-537.0,-1834.0,25.0,416.0
-131.0,-38.0,36.0,-80.0,-50.0,-27.0,-543.0,-1352.0,51.0,411.0
-153.0,-84.0,-17.0,-123.0,-60.0,-168.0,-461.0,-698.0,68.0,390.0
-165.0,-109.0,-39.0,-104.0,22.0,-390.0,-292.0,81.0,74.0,355.0
-174.0,-158.0,-33.0,-124.0,39.0,-204.0,-151.0,145.0,66.0,297.0
-176.0,-136.0,-106.0,-135.0,40.0,24.0,-74.0,-589.0,86.0,221.0
-154.0,-62.0,-98.0,-126.0,-27.0,46.0,95.0,-371.0,112.0,136.0
-153.0,14.0,-171.0,-175.0,-42.0,71.0,358.0,-249.0,132.0,56.0
-157.0,195.0,-242.0,-245.0,119.0,-63.0,624.0,-341.0,142.0,-19.0
-162.0,360.0,-286.0,-266.0,137.0,-164.0,751.0,-713.0,147.0,-108.0
-146.0,303.0,-307.0,-262.0,47.0,25.0,771.0,-966.0,137.0,-183.0
-151.0,101.0,-317.0,-249.0,-7.0,304.0,769.0,-121.0,117.0,-240.0
-156.0,114.0,-358.0,-261.0,79.0,331.0,764.0,266.0,115.0,-288.0
-143.0,232.0,-369.0,-279.0,130.0,256.0,658.0,48.0,108.0,-321.0
-113.0,342.0,-394.0,-233.0,7.0,164.0,458.0,-94.0,109.0,-323.0
-56.0,336.0,-355.0,-217.0,-30.0,269.0,317.0,-171.0,99.0,-332.0
-31.0,261.0,-330.0,-195.0,74.0,447.0,184.0,-99.0,94.0,-347.0
21.0,276.0,-266.0,-110.0,139.0,383.0,20.0,-602.0,96.0,-337.0
51.0,212.0,-247.0,-47.0,-39.0,185.0,-229.0,-729.0,94.0,-324.0
37.0,197.0,-198.0,-55.0,-138.0,287.0,-437.0,297.0,96.0,-318.0
41.0,152.0,-193.0,-96.0,-22.0,515.0,-550.0,646.0,113.0,-320.0
56.0,179.0,-205.0,-127.0,-7.0,360.0,-583.0,445.0,158.0,-285.0
56.0,143.0,-103.0,-124.0,-147.0,323.0,-568.0,267.0,165.0,-235.0
42.0,25.0,-122.0,-119.0,-175.0,239.0,-590.0,-321.0,154.0,-194.0
35.0,-31.0,-91.0,-152.0,-64.0,129.0,-576.0,-598.0,143.0,-143.0
11.0,-181.0,-14.0,-179.0,-53.0,40.0,-567.0,-798.0,131.0,-90.0
-8.0,-232.0,-22.0,-169.0,-76.0,-135.0,-566.0,-591.0,140.0,-38.0
-50.0,-470.0,-10.0,-134.0,-189.0,-150.0,-607.0,-177.0,128.0,-5.0
-86.0,-648.0,83.0,-113.0,-224.0,-196.0,-597.0,-94.0,74.0,34.0
-108.0,-638.0,46.0,-58.0,-30.0,-212.0,-418.0,310.0,33.0,72.0
-116.0,-513.0,58.0,18.0,-20.0,-194.0,-148.0,-358.0,-7.0,82.0
-123.0,-317.0,118.0,78.0,-117.0,-45.0,106.0,-1043.0,-60.0,95.0
-150.0,-289.0,31.0,116.0,-9.0,-43.0,296.0,-546.0,-85.0,104.0
-137.0,-171.0,40.0,114.0,17.0,-141.0,500.0,-336.0,-99.0,103.0
-141.0,-151.0,49.0,62.0,-71.0,-163.0,710.0,-134.0,-97.0,103.0
-158.0,-95.0,6.0,-3.0,-78.0,-169.0,855.0,-92.0,-113.0,86.0
-170.0,-43.0,-37.0,-50.0,-50.0,121.0,917.0,277.0,-132.0,61.0
-155.0,63.0,36.0,-106.0,52.0,164.0,955.0,334.0,-139.0,39.0
-125.0,207.0,-1.0,-126.0,84.0,-136.0,976.0,-888.0,-147.0,-6.0
-122.0,153.0,-79.0,-116.0,-26.0,-141.0,959.0,-1053.0,-125.0,-46.0
-111.0,173.0,9.0,-128.0,-25.0,43.0,823.0,-434.0,-108.0,-95.0
-107.0,68.0,-73.0,-153.0,87.0,129.0,580.0,29.0,-81.0,-157.0
-93.0,41.0,-93.0,-173.0,53.0,185.0,376.0,437.0,-49.0,-191.0
-86.0,30.0,-48.0,-209.0,-33.0,133.0,187.0,103.0,-41.0,-238.0
-79.0,-81.0,-93.0,-240.0,-38.0,199.0,-28.0,-38.0,-42.0,-291.0
-60.0,-141.0,-110.0,-237.0,95.0,379.0,-249.0,-332.0,-56.0,-331.0
-46.0,-181.0,-122.0,-221.0,166.0,272.0,-425.0,-613.0,-63.0,-377.0
-21.0,-62.0,-145.0,-211.0,21.0,104.0,-557.0,103.0,-67.0,-409.0
-12.0,-16.0,-174.0,-192.0,19.0,152.0,-663.0,356.0,-68.0,-440.0
-1.0,10.0,-207.0,-147.0,134.0,271.0,-772.0,73.0,-79.0,-467.0
15.0,-54.0,-198.0,-140.0,121.0,357.0,-855.0,-72.0,-92.0,-460.0
4.0,-202.0,-154.0,-134.0,-48.0,278.0,-857.0,-88.0,-91.0,-438.0
-39.0,-187.0,-156.0,-122.0,-85.0,83.0,-758.0,-77.0,-100.0,-414.0
-77.0,-176.0,-99.0,-122.0,53.0,163.0,-621.0,-369.0,-83.0,-359.0
-123.0,-113.0,-90.0,-96.0,43.0,294.0,-539.0,40.0,-57.0,-297.0
-159.0,-47.0,-102.0,-84.0,-82.0,240.0,-461.0,552.0,-55.0,-237.0
-167.0,-71.0,-57.0,-64.0,-87.0,121.0,-340.0,-131.0,-48.0,-166.0
-179.0,-88.0,-75.0,-63.0,10.0,-24.0,-165.0,-441.0,-36.0,-109.0
-155.0,-84.0,-17.0,-81.0,1.0,-250.0,-48.0,-293.0,-27.0,-41.0
-140.0,-179.0,-12.0,-42.0,-80.0,-297.0,12.0,-338.0,6.0,20.0
-148.0,-235.0,-55.0,-17.0,-234.0,-127.0,83.0,-88.0,63.0,52.0
-168.0,-66.0,38.0,-20.0,-216.0,-107.0,153.0,-181.0,117.0,78.0
-185.0,4.0,34.0,-2.0,91.0,-104.0,265.0,-136.0,163.0,89.0
-190.0,-48.0,14.0,8.0,80.0,-308.0,356.0,-267.0,193.0,77.0
-200.0,-17.0,50.0,4.0,-101.0,-446.0,452.0,-1018.0,222.0,54.0
-205.0,162.0,47.0,19.0,15.0,-177.0,587.0,-1101.0,262.0,23.0
-208.0,192.0,89.0,38.0,-11.0,50.0,733.0,-857.0,296.0,-9.0
-182.0,222.0,77.0,50.0,-72.0,-51.0,798.0,107.0,319.0,-37.0
-159.0,278.0,96.0,31.0,-25.0,-319.0,766.0,923.0,343.0,-65.0
-150.0,75.0,123.0,-7.0,-101.0,-301.0,787.0,559.0,334.0,-84.0
-146.0,149.0,123.0,-19.0,93.0,-141.0,843.0,373.0,309.0,-98.0
-147.0,177.0,149.0,23.0,102.0,-143.0,813.0,99.0,326.0,-118.0
-153.0,52.0,114.0,109.0,-148.0,-194.0,598.0,258.0,337.0,-139.0
-161.0,33.0,59.0,155.0,-17.0,-185.0,289.0,66.0,320.0,-137.0
-156.0,107.0,55.0,161.0,46.0,-78.0,-12.0,-825.0,287.0,-121.0
-139.0,183.0,61.0,150.0,-28.0,53.0,-275.0,-733.0,235.0,-123.0
-116.0,65.0,55.0,166.0,-101.0,145.0,-519.0,-358.0,184.0,-112.0
-120.0,273.0,84.0,176.0,-135.0,178.0,-810.0,323.0,141.0,-98.0
-118.0,400.0,-9.0,137.0,62.0,-37.0,-989.0,351.0,107.0,-90.0
-93.0,256.0,-57.0,164.0,171.0,-209.0,-1023.0,-212.0,74.0,-85.0
-83.0,168.0,-60.0,173.0,-1.0,-75.0,-978.0,-20.0,40.0,-85.0
-81.0,37.0,-124.0,135.0,-95.0,-54.0,-841.0,-149.0,14.0,-64.0
-80.0,-82.0,-100.0,80.0,-3.0,-154.0,-568.0,-121.0,-26.0,-47.0
-88.0,-283.0,-136.0,27.0,52.0,-64.0,-194.0,-110.0,-65.0,-11.0
-85.0,-367.0,-162.0,43.0,8.0,147.0,143.0,-243.0,-68.0,36.0
-92.0,-380.0,-184.0,50.0,-156.0,277.0,382.0,44.0,-80.0,61.0
-112.0,-353.0,-171.0,44.0,-42.0,231.0,501.0,-203.0,-85.0,93.0
-113.0,-234.0,-162.0,6.0,183.0,117.0,604.0,-160.0,-75.0,148.0
-133.0,-117.0,-192.0,16.0,48.0,177.0,715.0,109.0,-63.0,190.0
-129.0,-60.0,-181.0,11.0,-37.0,227.0,743.0,-36.0,-70.0,193.0
-128.0,-37.0,-162.0,-61.0,50.0,110.0,664.0,-9.0,-100.0,200.0
-129.0,51.0,-137.0,-98.0,99.0,-72.0,576.0,-238.0,-115.0,208.0
-89.0,-17.0,-118.0,-115.0,80.0,-253.0,535.0,-417.0,-142.0,191.0
-72.0,-29.0,-68.0,-160.0,-64.0,-223.0,469.0,-570.0,-187.0,177.0
-69.0,73.0,-92.0,-244.0,-104.0,-85.0,301.0,-646.0,-219.0,146.0
-77.0,153.0,-7.0,-275.0,140.0,-208.0,95.0,-36.0,-221.0,105.0
-83.0,195.0,59.0,-287.0,176.0,-431.0,13.0,247.0,-215.0,75.0
-86.0,181.0,0.0,-259.0,-25.0,-416.0,9.0,140.0,-203.0,42.0
-86.0,330.0,44.0,-200.0,-18.0,-397.0,-32.0,99.0,-171.0,9.0
-64.0,386.0,2.0,-175.0,77.0,-453.0,-154.0,-75.0,-127.0,-25.0
-28.0,382.0,0.0,-174.0,99.0,-345.0,-253.0,116.0,-83.0,-56.0
25.0,403.0,44.0,-190.0,35.0,-183.0,-278.0,181.0,-54.0,-81.0
65.0,320.0,-14.0,-164.0,-87.0,-79.0,-325.0,-7.0,-38.0,-98.0
74.0,259.0,17.0,-86.0,-27.0,-140.0,-436.0,247.0,-34.0,-112.0
91.0,130.0,54.0,-47.0,86.0,-333.0,-543.0,343.0,-20.0,-140.0
109.0,37.0,27.0,-80.0,-9.0,-250.0,-569.0,460.0,7.0,-160.0
118.0,-69.0,60.0,-61.0,-36.0,-5.0,-563.0,367.0,51.0,-170.0
112.0,-159.0,86.0,-19.0,36.0,-22.0,-591.0,-48.0,79.0,-181.0
90.0,-131.0,121.0,39.0,78.0,-258.0,-631.0,22.0,75.0,-188.0
116.0,-119.0,129.0,100.0,-3.0,-291.0,-554.0,-22.0,76.0,-200.0
134.0,2.0,116.0,149.0,-93.0,-55.0,-371.0,404.0,48.0,-224.0
130.0,38.0,137.0,225.0,35.0,187.0,-168.0,803.0,35.0,-244.0
122.0,-31.0,112.0,242.0,117.0,160.0,15.0,397.0,56.0,-254.0
83.0,-68.0,146.0,196.0,66.0,-140.0,184.0,110.0,52.0,-262.0
81.0,-104.0,174.0,141.0,-51.0,-98.0,400.0,-484.0,48.0,-260.0
72.0,-143.0,147.0,103.0,-32.0,189.0,643.0,-602.0,20.0,-232.0
54.0,-98.0,180.0,78.0,114.0,306.0,823.0,-406.0,-29.0,-187.0
47.0,63.0,150.0,88.0,43.0,250.0,827.0,-356.0,-71.0,-131.0
39.0,137.0,84.0,119.0,-118.0,-75.0,738.0,-194.0,-108.0,-63.0
44.0,219.0,106.0,140.0,-65.0,-273.0,635.0,-781.0,-120.0,15.0
28.0,274.0,57.0,123.0,18.0,-254.0,548.0,-753.0,-100.0,85.0
14.0,328.0,19.0,100.0,-68.0,-262.0,451.0,-341.0,-72.0,149.0
7.0,263.0,47.0,69.0,-35.0,-100.0,273.0,-352.0,-49.0,204.0
9.0,208.0,-25.0,51.0,-76.0,148.0,100.0,-208.0,-36.0,236.0
19.0,205.0,-54.0,64.0,-30.0,27.0,-16.0,-275.0,-46.0,263.0
6.0,35.0,-46.0,68.0,153.0,-332.0,-99.0,227.0,-23.0,276.0
-3.0,84.0,-47.0,79.0,-90.0,-301.0,-252.0,600.0,3.0,264.0
-5.0,-22.0,-8.0,58.0,-151.0,-116.0,-387.0,408.0,21.0,239.0
-1.0,-204.0,7.0,79.0,45.0,-58.0,-402.0,60.0,58.0,209.0
-17.0,-149.0,22.0,79.0,-20.0,-17.0,-334.0,-674.0,60.0,173.0
-31.0,-120.0,27.0,37.0,-119.0,-18.0,-220.0,-493.0,77.0,138.0
0.0,-113.0,32.0,24.0,-102.0,146.0,-207.0,59.0,105.0,99.0
4.0,-45.0,35.0,36.0,3.0,256.0,-233.0,419.0,119.0,59.0
2.0,155.0,35.0,69.0,34.0,220.0,-166.0,667.0,137.0,27.0
13.0,139.0,64.0,87.0,-37.0,285.0,-116.0,243.0,163.0,-8.0
6.0,178.0,32.0,112.0,-38.0,407.0,-197.0,22.0,201.0,-40.0
-12.0,307.0,34.0,102.0,-21.0,300.0,-294.0,-212.0,217.0,-61.0
-20.0,242.0,58.0,96.0,36.0,158.0,-283.0,-476.0,224.0,-80.0
-20.0,327.0,0.0,130.0,102.0,327.0,-208.0,-436.0,234.0,-96.0
-31.0,372.0,36.0,174.0,-1.0,405.0,-107.0,-290.0,239.0,-87.0
-22.0,263.0,31.0,155.0,81.0,383.0,49.0,253.0,227.0,-79.0
-14.0,159.0,-4.0,112.0,179.0,365.0,246.0,567.0,195.0,-89.0
21.0,157.0,49.0,61.0,-32.0,363.0,421.0,351.0,142.0,-79.0
54.0,134.0,71.0,-67.0,20.0,457.0,551.0,-293.0,106.0,-49.0
83.0,-26.0,57.0,-172.0,152.0,456.0,599.0,-984.0,71.0,-15.0
122.0,-144.0,68.0,-234.0,52.0,422.0,621.0,-816.0,35.0,14.0
135.0,-141.0,82.0,-216.0,66.0,434.0,589.0,-133.0,40.0,47.0
140.0,-149.0,70.0,-117.0,-14.0,446.0,491.0,417.0,11.0,101.0
127.0,-392.0,87.0,-25.0,-48.0,342.0,331.0,655.0,-32.0,151.0
127.0,-383.0,73.0,18.0,174.0,280.0,99.0,406.0,-81.0,187.0
138.0,-282.0,61.0,3.0,40.0,258.0,-91.0,208.0,-139.0,216.0
177.0,-373.0,50.0,-38.0,-89.0,100.0,-235.0,53.0,-171.0,252.0
177.0,-312.0,26.0,-55.0,83.0,56.0,-300.0,-297.0,-201.0,280.0
150.0,-415.0,5.0,-35.0,72.0,-8.0,-280.0,-262.0,-210.0,304.0
124.0,-394.0,0.0,-19.0,56.0,-97.0,-131.0,27.0,-209.0,333.0
76.0,-314.0,-4.0,17.0,-54.0,20.0,58.0,448.0,-218.0,366.0
42.0,-284.0,9.0,22.0,-186.0,172.0,163.0,548.0,-220.0,400.0
17.0,-171.0,14.0,18.0,-68.0,214.0,170.0,101.0,-217.0,428.0
4.0,-300.0,-29.0,48.0,-33.0,110.0,102.0,-171.0,-187.0,481.0
-14.0,-209.0,59.0,82.0,-123.0,-148.0,64.0,-242.0,-149.0,523.0
-15.0,-65.0,19.0,152.0,-79.0,-348.0,-2.0,22.0,-132.0,542.0
-30.0,-58.0,-4.0,192.0,25.0,-250.0,-84.0,190.0,-111.0,572.0
-43.0,81.0,76.0,201.0,13.0,-104.0,-195.0,205.0,-92.0,583.0
-44.0,157.0,62.0,182.0,-109.0,2.0,-305.0,380.0,-74.0,561.0
-48.0,154.0,102.0,138.0,-153.0,95.0,-347.0,206.0,-38.0,521.0
-61.0,141.0,63.0,123.0,30.0,-37.0,-372.0,94.0,11.0,482.0
-69.0,263.0,119.0,47.0,31.0,-143.0,-363.0,-18.0,44.0,421.0
-32.0,385.0,188.0,-17.0,-124.0,-72.0,-306.0,-51.0,64.0,343.0
-20.0,409.0,159.0,-34.0,-132.0,25.0,-179.0,-83.0,82.0,265.0
5.0,483.0,172.0,-83.0,-86.0,112.0,-38.0,-319.0,100.0,167.0
33.0,532.0,143.0,-124.0,25.0,73.0,69.0,-42.0,133.0,74.0
52.0,441.0,139.0,-127.0,-17.0,-47.0,101.0,177.0,165.0,-23.0
66.0,376.0,151.0,-112.0,-92.0,53.0,68.0,339.0,179.0,-104.0
90.0,293.0,178.0,-33.0,-17.0,268.0,84.0,157.0,169.0,-158.0
119.0,187.0,171.0,43.0,-37.0,269.0,99.0,-301.0,184.0,-226.0
137.0,158.0,162.0,28.0,-48.0,279.0,-6.0,-230.0,186.0,-270.0
166.0,-54.0,209.0,17.0,40.0,288.0,-133.0,-219.0,152.0,-298.0
150.0,-89.0,173.0,-61.0,30.0,227.0,-140.0,-166.0,129.0,-320.0
149.0,-67.0,203.0,-145.0,12.0,299.0,-71.0,-286.0,102.0,-329.0
148.0,-155.0,267.0,-258.0,21.0,270.0,-7.0,-72.0,60.0,-303.0
149.0,-145.0,228.0,-339.0,-12.0,44.0,-45.0,463.0,2.0,-255.0
166.0,-261.0,224.0,-273.0,61.0,-150.0,-101.0,437.0,-24.0,-214.0
164.0,-223.0,189.0,-239.0,74.0,-177.0,-79.0,194.0,-55.0,-148.0
172.0,-250.0,174.0,-173.0,-17.0,-88.0,-50.0,-469.0,-103.0,-62.0
168.0,-257.0,177.0,-110.0,-20.0,-69.0,-68.0,-532.0,-125.0,19.0
180.0,-178.0,151.0,-24.0,88.0,-164.0,-98.0,99.0,-137.0,76.0
197.0,-200.0,192.0,70.0,135.0,-116.0,-99.0,622.0,-117.0,152.0
207.0,-16.0,179.0,103.0,4.0,-32.0,-73.0,979.0,-90.0,248.0
211.0,-9.0,176.0,122.0,30.0,-90.0,-32.0,511.0,-80.0,303.0
194.0,-22.0,224.0,61.0,119.0,-33.0,-71.0,-127.0,-76.0,356.0
186.0,28.0,197.0,20.0,69.0,121.0,-157.0,-731.0,-88.0,403.0
174.0,57.0,173.0,48.0,7.0,309.0,-204.0,-764.0,-90.0,406.0
159.0,141.0,161.0,110.0,-51.0,307.0,-200.0,9.0,-60.0,406.0
157.0,74.0,141.0,231.0,11.0,171.0,-207.0,569.0,-40.0,387.0
164.0,181.0,128.0,415.0,76.0,169.0,-274.0,1149.0,9.0,344.0
172.0,309.0,77.0,552.0,3.0,148.0,-302.0,1097.0,72.0,296.0
146.0,311.0,92.0,598.0,-37.0,213.0,-232.0,705.0,89.0,233.0
122.0,394.0,91.0,553.0,-11.0,294.0,-141.0,369.0,106.0,156.0
105.0,452.0,58.0,467.0,0.0,238.0,-130.0,-38.0,126.0,81.0
103.0,356.0,91.0,374.0,46.0,166.0,-112.0,-1.0,128.0,19.0
95.0,209.0,123.0,260.0,-19.0,127.0,-18.0,-177.0,123.0,-40.0
76.0,176.0,175.0,276.0,-136.0,248.0,71.0,110.0,132.0,-93.0
47.0,82.0,124.0,388.0,25.0,405.0,63.0,611.0,116.0,-127.0
-5.0,-44.0,97.0,434.0,37.0,333.0,15.0,589.0,73.0,-143.0
-44.0,-172.0,112.0,385.0,-127.0,141.0,29.0,186.0,32.0,-138.0
-81.0,-256.0,107.0,297.0,14.0,-23.0,3.0,-591.0,-9.0,-112.0
-73.0,-270.0,166.0,214.0,88.0,-22.0,-56.0,-528.0,-28.0,-65.0
-80.0,-298.0,167.0,114.0,-2.0,158.0,-94.0,-284.0,-48.0,0.0
-81.0,-202.0,134.0,-10.0,-2.0,127.0,-80.0,-177.0,-52.0,67.0
-43.0,-140.0,130.0,-119.0,-49.0,-191.0,33.0,-92.0,-51.0,142.0
-14.0,-115.0,185.0,-188.0,-14.0,-207.0,134.0,-92.0,-63.0,233.0
23.0,-65.0,185.0,-197.0,66.0,-18.0,103.0,380.0,-64.0,326.0
27.0,-13.0,136.0,-203.0,-56.0,-123.0,14.0,559.0,-67.0,410.0
51.0,18.0,176.0,-219.0,-50.0,-304.0,18.0,596.0,-52.0,508.0
74.0,12.0,156.0,-179.0,136.0,-279.0,46.0,109.0,-20.0,633.0
137.0,38.0,116.0,-146.0,98.0,-72.0,-8.0,-428.0,15.0,722.0
205.0,-65.0,137.0,-93.0,5.0,-99.0,-127.0,-375.0,57.0,791.0
240.0,-55.0,87.0,-35.0,-68.0,-344.0,-235.0,-284.0,94.0,856.0
270.0,14.0,73.0,-13.0,-85.0,-297.0,-222.0,184.0,99.0,875.0
266.0,83.0,90.0,12.0,93.0,-96.0,-128.0,644.0,101.0,864.0
262.0,231.0,122.0,41.0,63.0,-106.0,-119.0,1045.0,105.0,826.0
240.0,253.0,145.0,20.0,8.0,-164.0,-145.0,681.0,114.0,752.0
238.0,367.0,154.0,-65.0,78.0,0.0,-65.0,-88.0,130.0,666.0
232.0,346.0,232.0,-92.0,93.0,173.0,82.0,-369.0,122.0,571.0
217.0,251.0,221.0,-51.0,144.0,221.0,168.0,-341.0,122.0,462.0
214.0,237.0,230.0,-41.0,3.0,239.0,193.0,254.0,126.0,355.0
225.0,254.0,207.0,-34.0,1.0,136.0,277.0,413.0,125.0,246.0
216.0,285.0,125.0,41.0,142.0,88.0,406.0,448.0,104.0,142.0
188.0,133.0,130.0,107.0,23.0,134.0,554.0,495.0,87.0,55.0
158.0,159.0,149.0,140.0,30.0,169.0,584.0,297.0,91.0,-31.0
123.0,172.0,150.0,175.0,73.0,194.0,483.0,243.0,102.0,-111.0
103.0,37.0,158.0,154.0,40.0,146.0,378.0,-35.0,124.0,-175.0
79.0,7.0,158.0,105.0,156.0,189.0,286.0,-20.0,128.0,-231.0
82.0,32.0,148.0,62.0,13.0,300.0,219.0,-48.0,120.0,-273.0
94.0,92.0,179.0,33.0,-169.0,434.0,34.0,83.0,104.0,-299.0
93.0,94.0,155.0,9.0,72.0,323.0,-247.0,349.0,88.0,-323.0
78.0,-5.0,122.0,-10.0,65.0,144.0,-442.0,502.0,73.0,-329.0
82.0,-113.0,116.0,26.0,-129.0,244.0,-513.0,676.0,53.0,-310.0
56.0,-84.0,98.0,76.0,-40.0,366.0,-583.0,114.0,29.0,-284.0
21.0,-151.0,80.0,130.0,0.0,461.0,-646.0,46.0,9.0,-239.0
10.0,-170.0,80.0,214.0,12.0,256.0,-580.0,301.0,6.0,-188.0
-7.0,-129.0,95.0,224.0,8.0,74.0,-444.0,365.0,5.0,-104.0
9.0,-149.0,126.0,217.0,-168.0,93.0,-299.0,317.0,18.0,-2.0
14.0,-32.0,147.0,207.0,-148.0,-171.0,-207.0,-216.0,19.0,95.0
6.0,-5.0,139.0,79.0,28.0,-388.0,-70.0,-373.0,5.0,204.0
3.0,70.0,154.0,-75.0,-30.0,-244.0,157.0,-452.0,23.0,306.0
7.0,67.0,136.0,-159.0,-44.0,-189.0,355.0,-62.0,61.0,415.0
-1.0,-12.0,120.0,-140.0,36.0,-467.0,501.0,437.0,90.0,492.0
5.0,13.0,75.0,-54.0,-19.0,-648.0,615.0,367.0,121.0,546.0
19.0,-53.0,97.0,20.0,-39.0,-631.0,735.0,38.0,154.0,576.0
30.0,-92.0,163.0,52.0,-32.0,-493.0,764.0,-247.0,180.0,591.0
61.0,-106.0,143.0,41.0,-29.0,-335.0,682.0,291.0,200.0,598.0
76.0,-46.0,143.0,55.0,22.0,-426.0,540.0,763.0,216.0,568.0
96.0,-129.0,71.0,96.0,68.0,-592.0,360.0,777.0,244.0,541.0
104.0,-238.0,-3.0,141.0,53.0,-733.0,283.0,206.0,270.0,485.0
114.0,-145.0,25.0,152.0,-9.0,-718.0,278.0,-266.0,291.0,427.0
115.0,-128.0,35.0,108.0,107.0,-269.0,179.0,160.0,308.0,389.0
133.0,-84.0,12.0,6.0,154.0,75.0,36.0,489.0,301.0,333.0
125.0,-18.0,-2.0,-134.0,-68.0,-73.0,-51.0,358.0,287.0,283.0
123.0,178.0,2.0,-193.0,-17.0,-285.0,-62.0,18.0,266.0,226.0
114.0,459.0,0.0,-145.0,117.0,-274.0,-52.0,44.0,240.0,183.0
93.0,659.0,-21.0,-3.0,50.0,-200.0,-86.0,317.0,234.0,140.0
90.0,762.0,22.0,149.0,52.0,-151.0,-43.0,491.0,206.0,99.0
50.0,676.0,15.0,273.0,-28.0,-30.0,106.0,-24.0,171.0,86.0
40.0,570.0,60.0,360.0,-31.0,152.0,256.0,-757.0,150.0,79.0
23.0,397.0,109.0,377.0,59.0,375.0,263.0,-633.0,106.0,79.0
24.0,183.0,40.0,361.0,-102.0,292.0,258.0,53.0,61.0,101.0
5.0,-37.0,99.0,287.0,-125.0,100.0,403.0,620.0,29.0,130.0
14.0,-165.0,63.0,238.0,77.0,193.0,514.0,500.0,11.0,152.0
38.0,-204.0,31.0,254.0,17.0,118.0,514.0,219.0,-1.0,172.0
42.0,-443.0,103.0,257.0,-80.0,-95.0,465.0,-186.0,-20.0,181.0
89.0,-532.0,56.0,226.0,-56.0,-104.0,477.0,-94.0,-15.0,176.0
91.0,-440.0,21.0,172.0,-130.0,-133.0,490.0,308.0,-12.0,161.0
116.0,-393.0,-21.0,94.0,31.0,-352.0,442.0,585.0,-18.0,129.0
102.0,-341.0,-96.0,20.0,64.0,-486.0,315.0,912.0,-18.0,113.0
86.0,-264.0,-92.0,-17.0,-97.0,-446.0,115.0,471.0,-18.0,96.0
93.0,-219.0,-116.0,-51.0,31.0,-242.0,-26.0,-16.0,-2.0,38.0
114.0,-271.0,-191.0,-43.0,8.0,-98.0,-138.0,-421.0,21.0,10.0
150.0,-160.0,-167.0,-24.0,-11.0,-318.0,-257.0,-286.0,57.0,2.0
147.0,-88.0,-181.0,0.0,34.0,-401.0,-465.0,59.0,75.0,-38.0
163.0,-136.0,-200.0,15.0,-39.0,-277.0,-655.0,253.0,87.0,-85.0
169.0,-133.0,-140.0,-14.0,0.0,-298.0,-714.0,543.0,129.0,-115.0
183.0,-155.0,-155.0,-26.0,-27.0,-346.0,-736.0,541.0,155.0,-147.0
153.0,-191.0,-115.0,10.0,-125.0,-445.0,-727.0,591.0,177.0,-170.0
131.0,-165.0,-74.0,101.0,-9.0,-570.0,-618.0,164.0,188.0,-186.0
116.0,14.0,-99.0,186.0,95.0,-448.0,-337.0,77.0,201.0,-193.0
96.0,100.0,-18.0,255.0,-9.0,-207.0,18.0,-94.0,215.0,-189.0
98.0,57.0,10.0,297.0,-25.0,13.0,324.0,-151.0,208.0,-179.0
76.0,-2.0,23.0,318.0,-19.0,135.0,487.0,339.0,196.0,-138.0
55.0,74.0,81.0,272.0,52.0,-45.0,587.0,336.0,160.0,-97.0
34.0,129.0,55.0,173.0,63.0,-135.0,685.0,247.0,132.0,-53.0
62.0,75.0,44.0,100.0,-73.0,113.0,724.0,-147.0,87.0,-6.0
68.0,164.0,60.0,47.0,1.0,313.0,654.0,-157.0,33.0,43.0
76.0,158.0,52.0,63.0,24.0,221.0,539.0,27.0,-5.0,97.0
94.0,272.0,34.0,97.0,-20.0,62.0,467.0,127.0,-42.0,128.0
108.0,297.0,84.0,158.0,151.0,-33.0,388.0,33.0,-49.0,165.0
141.0,109.0,93.0,178.0,130.0,-65.0,337.0,-70.0,-51.0,204.0
128.0,110.0,48.0,150.0,-43.0,66.0,258.0,363.0,-54.0,231.0
123.0,-23.0,66.0,134.0,24.0,242.0,151.0,448.0,-79.0,244.0
126.0,-214.0,66.0,61.0,-39.0,365.0,68.0,280.0,-94.0,259.0
162.0,-295.0,82.0,-3.0,-37.0,282.0,-2.0,-103.0,-96.0,263.0
188.0,-276.0,96.0,-16.0,111.0,104.0,-110.0,-29.0,-94.0,245.0
158.0,-227.0,102.0,-13.0,46.0,141.0,-239.0,412.0,-80.0,240.0
138.0,-165.0,104.0,10.0,40.0,267.0,-269.0,447.0,-63.0,232.0
133.0,-98.0,79.0,62.0,77.0,267.0,-275.0,258.0,-40.0,207.0
133.0,-147.0,134.0,52.0,53.0,7.0,-218.0,-103.0,-55.0,190.0
114.0,-50.0,156.0,45.0,60.0,-254.0,-94.0,-437.0,-41.0,186.0
95.0,36.0,113.0,61.0,74.0,-153.0,66.0,-456.0,0.0,174.0
90.0,28.0,98.0,54.0,42.0,150.0,322.0,92.0,28.0,145.0
83.0,80.0,75.0,92.0,22.0,291.0,576.0,565.0,46.0,117.0
74.0,169.0,73.0,126.0,17.0,6.0,727.0,321.0,60.0,100.0
44.0,184.0,43.0,109.0,36.0,-363.0,775.0,-149.0,118.0,64.0
7.0,168.0,63.0,65.0,49.0,-316.0,779.0,-7.0,130.0,24.0
-32.0,288.0,124.0,36.0,10.0,-2.0,694.0,412.0,102.0,2.0
-84.0,359.0,104.0,86.0,-20.0,104.0,486.0,517.0,115.0,-32.0
-122.0,475.0,78.0,156.0,-58.0,-141.0,188.0,-20.0,123.0,-69.0
-160.0,416.0,61.0,176.0,-22.0,-126.0,-125.0,-343.0,74.0,-89.0
-179.0,312.0,82.0,206.0,-11.0,97.0,-360.0,77.0,40.0,-89.0
-177.0,358.0,56.0,214.0,-74.0,71.0,-492.0,380.0,38.0,-107.0
-165.0,216.0,43.0,207.0,-72.0,156.0,-642.0,303.0,10.0,-117.0
-146.0,108.0,82.0,241.0,-66.0,306.0,-823.0,-229.0,-9.0,-88.0
-129.0,51.0,44.0,245.0,-50.0,281.0,-904.0,-227.0,-37.0,-87.0
-125.0,86.0,57.0,231.0,13.0,388.0,-920.0,147.0,-49.0,-56.0
-126.0,98.0,64.0,190.0,-25.0,492.0,-931.0,552.0,-59.0,-4.0
-118.0,91.0,65.0,109.0,-99.0,348.0,-961.0,565.0,-80.0,39.0
-122.0,129.0,97.0,73.0,-54.0,225.0,-941.0,20.0,-86.0,110.0
-104.0,67.0,68.0,30.0,-46.0,56.0,-804.0,-194.0,-106.0,178.0
-83.0,111.0,62.0,-48.0,-7.0,-2.0,-595.0,-212.0,-111.0,257.0
-65.0,59.0,71.0,-107.0,81.0,236.0,-406.0,308.0,-107.0,320.0
-45.0,-13.0,52.0,-93.0,17.0,374.0,-233.0,497.0,-110.0,370.0
-33.0,5.0,61.0,-34.0,0.0,275.0,7.0,487.0,-115.0,394.0
-2.0,-6.0,89.0,-17.0,14.0,0.0,300.0,548.0,-124.0,389.0
6.0,-53.0,85.0,-16.0,-29.0,-202.0,537.0,175.0,-110.0,371.0
-2.0,-152.0,126.0,0.0,75.0,-74.0,646.0,-360.0,-80.0,333.0
-18.0,-104.0,150.0,1.0,182.0,229.0,718.0,-918.0,-62.0,290.0
-27.0,-36.0,125.0,11.0,107.0,211.0,819.0,-646.0,-59.0,233.0
-10.0,-36.0,188.0,58.0,64.0,-191.0,924.0,-33.0,-55.0,178.0
3.0,-40.0,219.0,75.0,67.0,-374.0,900.0,384.0,-44.0,110.0
29.0,-33.0,203.0,112.0,-10.0,-227.0,723.0,546.0,-20.0,62.0
30.0,22.0,245.0,148.0,36.0,-43.0,544.0,570.0,11.0,27.0
-1.0,3.0,221.0,148.0,143.0,29.0,395.0,412.0,23.0,-14.0
-14.0,-109.0,173.0,124.0,163.0,-158.0,228.0,-81.0,8.0,-43.0
-33.0,-211.0,195.0,93.0,147.0,-350.0,1.0,-286.0,-16.0,-74.0
-21.0,-148.0,192.0,131.0,122.0,-173.0,-203.0,-101.0,-9.0,-88.0
-31.0,-69.0,159.0,143.0,33.0,143.0,-306.0,339.0,4.0,-104.0
-43.0,-112.0,165.0,95.0,-67.0,331.0,-345.0,718.0,2.0,-109.0
-25.0,-27.0,134.0,7.0,-27.0,191.0,-384.0,642.0,-2.0,-110.0
-33.0,118.0,56.0,-83.0,-20.0,-39.0,-444.0,393.0,-8.0,-115.0
0.0,119.0,20.0,-117.0,-46.0,19.0,-508.0,341.0,-8.0,-100.0
-14.0,105.0,-36.0,-117.0,-22.0,56.0,-545.0,402.0,-37.0,-102.0
-26.0,152.0,-57.0,-100.0,14.0,60.0,-580.0,469.0,-47.0,-97.0
-22.0,119.0,-84.0,-33.0,49.0,15.0,-689.0,327.0,-16.0,-101.0
-29.0,151.0,-58.0,23.0,-16.0,-29.0,-761.0,140.0,-12.0,-89.0
-16.0,146.0,-66.0,65.0,-95.0,174.0,-750.0,-24.0,-54.0,-71.0
-9.0,-11.0,-66.0,99.0,-66.0,269.0,-685.0,114.0,-73.0,-66.0
9.0,13.0,35.0,88.0,-50.0,262.0,-546.0,362.0,-64.0,-45.0
11.0,32.0,-72.0,118.0,-87.0,377.0,-350.0,295.0,-63.0,-40.0
30.0,0.0,59.0,74.0,4.0,391.0,-162.0,256.0,-52.0,0.0
28.0,-85.0,146.0,-13.0,67.0,175.0,-6.0,192.0,-64.0,31.0
-16.0,-190.0,68.0,-25.0,56.0,76.0,106.0,495.0,-80.0,50.0
-58.0,-206.0,183.0,-7.0,34.0,275.0,128.0,578.0,-83.0,70.0
-69.0,-264.0,167.0,49.0,-38.0,362.0,124.0,430.0,-68.0,69.0
-76.0,-98.0,144.0,149.0,-66.0,181.0,134.0,238.0,-51.0,72.0
-78.0,-48.0,122.0,264.0,-114.0,21.0,148.0,-125.0,-60.0,61.0
-65.0,3.0,137.0,312.0,-93.0,216.0,143.0,-7.0,-40.0,61.0
-45.0,125.0,101.0,332.0,-18.0,440.0,164.0,192.0,0.0,42.0
-15.0,18.0,92.0,339.0,57.0,256.0,260.0,424.0,41.0,12.0
-36.0,157.0,125.0,333.0,107.0,90.0,337.0,482.0,60.0,0.0
-45.0,236.0,58.0,275.0,-33.0,122.0,302.0,421.0,40.0,-13.0
-31.0,188.0,53.0,219.0,-144.0,124.0,204.0,545.0,47.0,-36.0
-33.0,100.0,-40.0,207.0,-38.0,131.0,144.0,582.0,67.0,-69.0
-39.0,-6.0,-116.0,140.0,-95.0,33.0,85.0,312.0,80.0,-67.0
-41.0,-24.0,-60.0,107.0,-209.0,-214.0,25.0,-282.0,100.0,-54.0
-27.0,-148.0,-60.0,91.0,-32.0,-227.0,-68.0,-450.0,97.0,-45.0
-19.0,-112.0,-73.0,80.0,11.0,38.0,-180.0,107.0,82.0,-35.0
-16.0,-28.0,-72.0,60.0,26.0,97.0,-241.0,467.0,67.0,-31.0
14.0,-2.0,-110.0,5.0,0.0,-183.0,-184.0,304.0,44.0,-2.0
59.0,21.0,-87.0,-14.0,-71.0,-399.0,-20.0,-140.0,16.0,17.0
73.0,38.0,-27.0,-6.0,46.0,-271.0,155.0,-365.0,-22.0,28.0
65.0,76.0,-6.0,17.0,-67.0,-29.0,381.0,29.0,-26.0,46.0
59.0,80.0,-16.0,53.0,-123.0,86.0,621.0,445.0,-39.0,71.0
67.0,-21.0,34.0,127.0,50.0,-80.0,816.0,426.0,-80.0,83.0
53.0,-173.0,55.0,160.0,111.0,-281.0,852.0,-197.0,-101.0,86.0
52.0,-300.0,53.0,159.0,19.0,-187.0,688.0,-382.0,-101.0,101.0
55.0,-487.0,119.0,183.0,-16.0,-94.0,419.0,-20.0,-81.0,92.0
41.0,-478.0,149.0,189.0,16.0,-20.0,98.0,269.0,-51.0,85.0
3.0,-342.0,209.0,154.0,5.0,51.0,-215.0,426.0,-52.0,64.0
-39.0,-214.0,232.0,91.0,27.0,-2.0,-539.0,195.0,-82.0,33.0
-65.0,-97.0,269.0,42.0,-64.0,-56.0,-763.0,199.0,-82.0,1.0
-102.0,11.0,294.0,-43.0,-52.0,83.0,-828.0,171.0,-62.0,-39.0
-96.0,151.0,246.0,-85.0,77.0,378.0,-775.0,280.0,-34.0,-59.0
-91.0,90.0,249.0,-121.0,79.0,394.0,-628.0,509.0,-2.0,-90.0
-80.0,62.0,183.0,-211.0,-56.0,209.0,-436.0,419.0,0.0,-132.0
-89.0,77.0,158.0,-210.0,-96.0,183.0,-193.0,216.0,11.0,-172.0
-109.0,3.0,192.0,-173.0,58.0,302.0,56.0,129.0,20.0,-202.0
-142.0,45.0,132.0,-96.0,-30.0,404.0,180.0,556.0,28.0,-242.0
-195.0,140.0,119.0,-67.0,-98.0,457.0,168.0,807.0,40.0,-293.0
-219.0,187.0,105.0,-96.0,-24.0,365.0,104.0,517.0,15.0,-313.0
-214.0,170.0,56.0,-70.0,-24.0,151.0,41.0,11.0,-9.0,-321.0
-144.0,138.0,52.0,-46.0,121.0,159.0,-33.0,-88.0,-36.0,-320.0
-104.0,15.0,38.0,0.0,98.0,281.0,-140.0,234.0,-49.0,-320.0
-44.0,-106.0,27.0,38.0,-105.0,436.0,-215.0,415.0,-54.0,-324.0
9.0,-45.0,0.0,78.0,23.0,588.0,-210.0,489.0,-100.0,-311.0
17.0,-32.0,-30.0,116.0,168.0,437.0,-91.0,273.0,-121.0,-303.0
-6.0,-104.0,-26.0,88.0,19.0,240.0,62.0,27.0,-134.0,-288.0
-39.0,-163.0,-6.0,37.0,-11.0,262.0,124.0,83.0,-151.0,-262.0
-26.0,-151.0,-7.0,-17.0,43.0,125.0,158.0,127.0,-166.0,-257.0
-9.0,-88.0,80.0,-57.0,36.0,-117.0,203.0,264.0,-209.0,-252.0
-4.0,-26.0,118.0,-58.0,61.0,-51.0,197.0,290.0,-253.0,-228.0
-23.0,-11.0,55.0,-55.0,3.0,17.0,64.0,110.0,-280.0,-191.0
-18.0,-154.0,120.0,-79.0,-70.0,-66.0,-107.0,134.0,-282.0,-164.0
-31.0,-277.0,59.0,-131.0,28.0,-198.0,-191.0,423.0,-282.0,-155.0
-49.0,-386.0,43.0,-187.0,81.0,-210.0,-158.0,787.0,-307.0,-136.0
-90.0,-318.0,84.0,-206.0,-111.0,137.0,-121.0,437.0,-344.0,-103.0
-112.0,-243.0,4.0,-162.0,-82.0,206.0,-113.0,-321.0,-356.0,-82.0
-140.0,-286.0,42.0,-31.0,21.0,-165.0,-12.0,-748.0,-359.0,-68.0
-179.0,-54.0,46.0,96.0,-74.0,-357.0,186.0,-369.0,-347.0,-52.0
-180.0,60.0,6.0,163.0,-45.0,-229.0,417.0,352.0,-329.0,-55.0
-190.0,72.0,40.0,204.0,-68.0,22.0,585.0,445.0,-329.0,-67.0
-157.0,196.0,53.0,224.0,-27.0,37.0,657.0,338.0,-293.0,-90.0
-188.0,295.0,46.0,187.0,81.0,-6.0,596.0,44.0,-251.0,-115.0
-196.0,355.0,73.0,157.0,2.0,93.0,517.0,-136.0,-212.0,-175.0
-194.0,280.0,72.0,195.0,-8.0,81.0,362.0,-60.0,-174.0,-251.0
-168.0,171.0,46.0,184.0,65.0,49.0,119.0,267.0,-155.0,-300.0
-119.0,89.0,15.0,207.0,60.0,118.0,12.0,543.0,-126.0,-365.0
-85.0,43.0,0.0,237.0,3.0,68.0,-54.0,399.0,-92.0,-441.0
-1.0,34.0,-4.0,216.0,-17.0,-4.0,-74.0,251.0,-28.0,-493.0
14.0,98.0,-12.0,226.0,-32.0,154.0,-95.0,-48.0,37.0,-529.0
23.0,83.0,19.0,233.0,118.0,245.0,-116.0,-182.0,66.0,-563.0
-10.0,63.0,-19.0,212.0,195.0,207.0,-48.0,-33.0,89.0,-579.0
-19.0,126.0,-61.0,165.0,39.0,72.0,26.0,404.0,127.0,-571.0
-14.0,30.0,-28.0,114.0,105.0,-84.0,69.0,933.0,174.0,-548.0
-17.0,14.0,-37.0,86.0,100.0,-47.0,10.0,1006.0,200.0,-521.0
-7.0,108.0,-80.0,122.0,60.0,46.0,-116.0,848.0,232.0,-468.0
-31.0,223.0,-55.0,188.0,33.0,148.0,-182.0,454.0,252.0,-414.0
-20.0,325.0,0.0,203.0,-71.0,175.0,-149.0,-349.0,236.0,-379.0
-43.0,392.0,1.0,93.0,118.0,193.0,-169.0,-1019.0,231.0,-330.0
-46.0,432.0,20.0,-34.0,45.0,269.0,-154.0,-1040.0,251.0,-285.0
-71.0,279.0,56.0,-86.0,-53.0,222.0,-22.0,-136.0,277.0,-239.0
-105.0,159.0,55.0,-107.0,82.0,132.0,160.0,949.0,281.0,-215.0
-117.0,10.0,34.0,-117.0,-34.0,271.0,339.0,1409.0,265.0,-185.0
-144.0,-78.0,10.0,-179.0,5.0,362.0,402.0,986.0,242.0,-139.0
-149.0,-67.0,22.0,-253.0,31.0,164.0,456.0,-271.0,221.0,-108.0
-166.0,-151.0,37.0,-288.0,-72.0,106.0,518.0,-1164.0,193.0,-81.0
-159.0,-88.0,6.0,-283.0,-3.0,292.0,514.0,-1491.0,179.0,-59.0
-143.0,-123.0,-19.0,-237.0,52.0,490.0,349.0,-873.0,191.0,-41.0
-149.0,-233.0,-61.0,-204.0,-13.0,319.0,105.0,205.0,173.0,-46.0
-162.0,-292.0,-90.0,-211.0,-21.0,-50.0,-12.0,772.0,151.0,-66.0
-150.0,-454.0,-74.0,-215.0,53.0,75.0,1.0,687.0,137.0,-77.0
-126.0,-523.0,-84.0,-229.0,-10.0,421.0,38.0,-64.0,111.0,-91.0
-121.0,-507.0,-144.0,-247.0,-12.0,405.0,38.0,-489.0,100.0,-119.0
-110.0,-383.0,-125.0,-242.0,-47.0,143.0,124.0,-685.0,102.0,-128.0
-99.0,-229.0,-116.0,-224.0,-88.0,11.0,271.0,-349.0,101.0,-130.0
-66.0,-153.0,-166.0,-179.0,45.0,125.0,398.0,395.0,80.0,-142.0
-25.0,-22.0,-107.0,-118.0,10.0,296.0,401.0,1029.0,28.0,-134.0
-6.0,105.0,-83.0,-65.0,-46.0,251.0,289.0,1343.0,-28.0,-128.0
12.0,236.0,-73.0,-45.0,-4.0,-80.0,176.0,912.0,-64.0,-113.0
32.0,324.0,-74.0,-62.0,90.0,-351.0,98.0,35.0,-100.0,-91.0
46.0,375.0,-80.0,-69.0,91.0,-321.0,109.0,-1071.0,-139.0,-71.0
50.0,359.0,7.0,-41.0,-89.0,-123.0,73.0,-1265.0,-164.0,-41.0
65.0,257.0,64.0,-13.0,-57.0,32.0,15.0,-443.0,-192.0,-40.0
83.0,142.0,85.0,-12.0,-15.0,-42.0,56.0,460.0,-222.0,-50.0
98.0,-19.0,116.0,15.0,-31.0,-191.0,109.0,1147.0,-260.0,-52.0
110.0,-64.0,131.0,88.0,12.0,-148.0,87.0,1005.0,-296.0,-58.0
87.0,-14.0,154.0,144.0,-84.0,94.0,48.0,53.0,-318.0,-60.0
49.0,5.0,216.0,169.0,-70.0,218.0,48.0,-1036.0,-355.0,-74.0
14.0,-65.0,219.0,161.0,-10.0,-34.0,54.0,-1631.0,-401.0,-81.0
3.0,-104.0,202.0,155.0,-134.0,-198.0,51.0,-1171.0,-427.0,-83.0
23.0,-74.0,231.0,147.0,-200.0,18.0,48.0,0.0,-441.0,-92.0
50.0,-74.0,232.0,131.0,-67.0,228.0,83.0,1252.0,-431.0,-89.0
64.0,-140.0,247.0,146.0,-49.0,280.0,130.0,1391.0,-401.0,-77.0
63.0,-186.0,232.0,135.0,-108.0,283.0,197.0,380.0,-376.0,-71.0
60.0,-49.0,216.0,102.0,-127.0,156.0,213.0,-441.0,-357.0,-88.0
49.0,69.0,176.0,90.0,-92.0,-17.0,183.0,-923.0,-313.0,-103.0
18.0,148.0,128.0,124.0,105.0,-54.0,237.0,-1067.0,-263.0,-95.0
1.0,230.0,147.0,160.0,-7.0,-57.0,335.0,-1003.0,-228.0,-82.0
13.0,309.0,94.0,148.0,-122.0,-249.0,358.0,-53.0,-202.0,-81.0
47.0,248.0,85.0,138.0,14.0,-553.0,307.0,1047.0,-149.0,-58.0
106.0,193.0,104.0,131.0,53.0,-473.0,273.0,1001.0,-85.0,-22.0
152.0,263.0,70.0,96.0,77.0,-162.0,271.0,114.0,-46.0,3.0
165.0,108.0,69.0,58.0,35.0,-4.0,260.0,-1005.0,-4.0,53.0
151.0,17.0,64.0,-13.0,16.0,66.0,135.0,-1500.0,42.0,112.0
132.0,-8.0,-20.0,-74.0,101.0,4.0,34.0,-1461.0,93.0,168.0
105.0,-9.0,-45.0,-72.0,117.0,-3.0,49.0,-360.0,149.0,235.0
71.0,10.0,-45.0,-64.0,-32.0,138.0,119.0,1023.0,190.0,306.0
69.0,-80.0,-116.0,-39.0,-35.0,316.0,229.0,1552.0,197.0,362.0
86.0,9.0,-56.0,-64.0,27.0,338.0,306.0,1193.0,187.0,403.0
84.0,-8.0,-55.0,-129.0,-4.0,53.0,423.0,-12.0,167.0,419.0
80.0,-143.0,-79.0,-138.0,-52.0,-136.0,573.0,-931.0,182.0,419.0
50.0,-116.0,-73.0,-159.0,-107.0,9.0,643.0,-1189.0,210.0,403.0
26.0,-53.0,-90.0,-218.0,31.0,405.0,548.0,-726.0,193.0,343.0
10.0,-71.0,-80.0,-231.0,5.0,547.0,351.0,186.0,166.0,276.0
0.0,-35.0,-96.0,-179.0,-164.0,156.0,165.0,796.0,136.0,192.0
5.0,89.0,-61.0,-141.0,-173.0,-129.0,-5.0,727.0,121.0,83.0
-23.0,29.0,-68.0,-117.0,-52.0,17.0,-209.0,-160.0,102.0,-13.0
-12.0,76.0,-58.0,-89.0,-9.0,231.0,-392.0,-984.0,74.0,-118.0
-9.0,155.0,-54.0,-69.0,-142.0,187.0,-421.0,-994.0,49.0,-218.0
6.0,27.0,-74.0,-52.0,-106.0,110.0,-330.0,-556.0,29.0,-298.0
18.0,-54.0,-50.0,-54.0,-58.0,84.0,-138.0,188.0,38.0,-381.0
28.0,-22.0,-29.0,-78.0,-46.0,118.0,61.0,703.0,47.0,-450.0
64.0,-50.0,-46.0,-115.0,-78.0,220.0,205.0,652.0,53.0,-498.0
69.0,-143.0,-34.0,-141.0,-100.0,246.0,283.0,-332.0,40.0,-521.0
105.0,-58.0,-11.0,-131.0,9.0,230.0,329.0,-1958.0,20.0,-527.0
107.0,-117.0,-22.0,-101.0,46.0,23.0,358.0,-2592.0,15.0,-523.0
117.0,-257.0,13.0,-87.0,56.0,-109.0,268.0,-1973.0,8.0,-480.0
108.0,-342.0,20.0,-97.0,-46.0,-125.0,140.0,-349.0,20.0,-424.0
111.0,-391.0,43.0,-142.0,-60.0,-244.0,23.0,1091.0,29.0,-364.0
134.0,-307.0,24.0,-188.0,60.0,-317.0,-73.0,1655.0,30.0,-296.0
152.0,-201.0,38.0,-203.0,-24.0,-381.0,-110.0,1284.0,33.0,-214.0
157.0,25.0,62.0,-217.0,-116.0,-303.0,-63.0,64.0,25.0,-123.0
166.0,-65.0,25.0,-205.0,-35.0,-137.0,56.0,-1119.0,40.0,-51.0
199.0,-125.0,73.0,-200.0,91.0,-199.0,209.0,-1819.0,72.0,24.0
171.0,0.0,68.0,-179.0,21.0,-416.0,308.0,-1378.0,98.0,96.0
180.0,-124.0,68.0,-138.0,-73.0,-406.0,332.0,-382.0,109.0,173.0
171.0,-150.0,50.0,-134.0,22.0,-195.0,307.0,288.0,99.0,236.0
166.0,-197.0,34.0,-95.0,9.0,-272.0,231.0,303.0,114.0,269.0
141.0,-213.0,21.0,-60.0,-9.0,-525.0,207.0,-22.0,138.0,301.0
109.0,-197.0,-16.0,-46.0,-7.0,-542.0,126.0,-312.0,140.0,302.0
85.0,-17.0,0.0,-14.0,-47.0,-365.0,-32.0,-489.0,132.0,288.0
44.0,107.0,-24.0,10.0,88.0,-290.0,-165.0,-299.0,121.0,267.0
26.0,-36.0,-11.0,72.0,119.0,-323.0,-196.0,-304.0,142.0,236.0
23.0,159.0,-56.0,134.0,36.0,-352.0,-134.0,-362.0,161.0,185.0
55.0,235.0,-69.0,186.0,81.0,-461.0,-82.0,-79.0,144.0,126.0
54.0,91.0,-52.0,254.0,41.0,-356.0,7.0,375.0,120.0,73.0
87.0,153.0,-91.0,310.0,26.0,-57.0,127.0,724.0,97.0,29.0
86.0,198.0,-71.0,318.0,117.0,166.0,212.0,53.0,91.0,-4.0
115.0,93.0,-113.0,288.0,74.0,169.0,186.0,-1485.0,82.0,-56.0
138.0,56.0,-94.0,255.0,78.0,-66.0,123.0,-2355.0,46.0,-83.0
156.0,0.0,-67.0,217.0,84.0,-53.0,72.0,-1332.0,5.0,-105.0
167.0,-78.0,-87.0,211.0,57.0,114.0,74.0,1339.0,-19.0,-118.0
144.0,-42.0,-54.0,206.0,50.0,194.0,68.0,3070.0,-40.0,-112.0
165.0,-168.0,-52.0,169.0,-27.0,77.0,-23.0,2244.0,-59.0,-96.0
160.0,-166.0,-62.0,107.0,-29.0,-212.0,-73.0,-702.0,-97.0,-53.0
215.0,-120.0,-69.0,49.0,-63.0,-225.0,-68.0,-3930.0,-154.0,-13.0
192.0,-87.0,-60.0,16.0,-52.0,-69.0,46.0,-4874.0,-175.0,43.0
184.0,35.0,-90.0,2.0,33.0,-21.0,122.0,-2571.0,-154.0,93.0
171.0,157.0,-59.0,24.0,22.0,-206.0,151.0,1734.0,-125.0,143.0
146.0,225.0,-37.0,7.0,8.0,-454.0,265.0,4353.0,-82.0,194.0
136.0,78.0,-71.0,-48.0,24.0,-586.0,359.0,3540.0,-40.0,215.0
91.0,198.0,-74.0,-84.0,13.0,-683.0,363.0,332.0,1.0,222.0
86.0,138.0,-131.0,-137.0,-18.0,-625.0,261.0,-3324.0,60.0,211.0
46.0,-75.0,-165.0,-186.0,-65.0,-524.0,230.0,-4909.0,118.0,193.0
44.0,-34.0,-172.0,-197.0,-124.0,-592.0,281.0,-3556.0,167.0,138.0
9.0,-144.0,-168.0,-173.0,-67.0,-818.0,277.0,-256.0,205.0,76.0
3.0,-115.0,-172.0,-127.0,71.0,-893.0,166.0,2359.0,233.0,24.0
-20.0,-168.0,-179.0,-90.0,17.0,-829.0,70.0,2496.0,262.0,-39.0
-47.0,-235.0,-117.0,-86.0,-109.0,-852.0,102.0,500.0,307.0,-76.0
-65.0,-188.0,-111.0,-128.0,-84.0,-907.0,205.0,-1753.0,343.0,-109.0
-86.0,-148.0,-120.0,-197.0,-57.0,-908.0,294.0,-2302.0,385.0,-157.0
-60.0,-6.0,-64.0,-256.0,21.0,-652.0,246.0,-1679.0,406.0,-171.0
-65.0,-143.0,-128.0,-259.0,-58.0,-442.0,123.0,-883.0,369.0,-172.0
-21.0,-143.0,-130.0,-231.0,-183.0,-364.0,25.0,-408.0,328.0,-181.0
-15.0,-27.0,-96.0,-200.0,14.0,-277.0,-10.0,-358.0,285.0,-186.0
22.0,18.0,-144.0,-173.0,114.0,-377.0,-76.0,7.0,268.0,-194.0
20.0,172.0,-89.0,-176.0,63.0,-373.0,-199.0,596.0,244.0,-197.0
17.0,158.0,-104.0,-140.0,57.0,-137.0,-233.0,787.0,190.0,-186.0
49.0,180.0,-87.0,-89.0,57.0,107.0,-196.0,-460.0,123.0,-163.0
74.0,178.0,-72.0,-88.0,58.0,67.0,-241.0,-2437.0,39.0,-142.0
113.0,167.0,-94.0,-105.0,54.0,-68.0,-353.0,-3052.0,-13.0,-98.0
97.0,156.0,-79.0,-118.0,-39.0,-22.0,-333.0,-1683.0,-35.0,-41.0
121.0,110.0,-136.0,-155.0,24.0,-26.0,-146.0,999.0,-51.0,0.0
102.0,206.0,-114.0,-167.0,211.0,55.0,97.0,2488.0,-89.0,67.0
111.0,75.0,-116.0,-133.0,67.0,85.0,223.0,1616.0,-125.0,131.0
97.0,-141.0,-134.0,-101.0,-56.0,-60.0,190.0,-816.0,-144.0,168.0
75.0,-132.0,-86.0,-63.0,44.0,-87.0,108.0,-3087.0,-156.0,203.0
89.0,-110.0,-108.0,-81.0,71.0,89.0,77.0,-3176.0,-141.0,227.0
77.0,-109.0,-150.0,-58.0,-18.0,273.0,98.0,-933.0,-126.0,230.0
49.0,-135.0,-138.0,-2.0,-32.0,44.0,21.0,2034.0,-137.0,215.0
0.0,-204.0,-177.0,30.0,-15.0,-365.0,-88.0,3054.0,-145.0,206.0
3.0,-220.0,-180.0,94.0,12.0,-392.0,-137.0,1470.0,-141.0,182.0
-4.0,-128.0,-136.0,105.0,84.0,-235.0,-176.0,-1395.0,-150.0,140.0
9.0,-55.0,-164.0,115.0,-77.0,-300.0,-248.0,-3412.0,-125.0,127.0
-1.0,-76.0,-159.0,128.0,-90.0,-399.0,-275.0,-2631.0,-86.0,117.0
18.0,2.0,-124.0,135.0,104.0,-369.0,-185.0,18.0,-89.0,95.0
30.0,126.0,-134.0,110.0,-31.0,-287.0,-48.0,2171.0,-79.0,94.0
10.0,199.0,-159.0,80.0,-154.0,-264.0,81.0,2087.0,-64.0,116.0
7.0,291.0,-156.0,96.0,-31.0,-351.0,67.0,399.0,-46.0,128.0
-18.0,343.0,-154.0,54.0,-11.0,-304.0,-113.0,-1372.0,-10.0,113.0
9.0,297.0,-137.0,3.0,-22.0,-315.0,-308.0,-2540.0,0.0,125.0
-6.0,146.0,-148.0,-40.0,18.0,-474.0,-467.0,-2012.0,-19.0,143.0
-2.0,-39.0,-162.0,-45.0,-42.0,-453.0,-584.0,-434.0,-56.0,120.0
-22.0,-44.0,-144.0,-24.0,16.0,-398.0,-592.0,886.0,-80.0,96.0
-36.0,32.0,-120.0,-44.0,68.0,-442.0,-477.0,1225.0,-88.0,63.0
-39.0,-33.0,-98.0,-58.0,-54.0,-394.0,-325.0,112.0,-89.0,33.0
-61.0,-21.0,-102.0,-41.0,-51.0,-206.0,-179.0,-1293.0,-99.0,-10.0
-38.0,4.0,-93.0,1.0,62.0,-71.0,-29.0,-2165.0,-97.0,-59.0
-24.0,74.0,-120.0,25.0,89.0,-114.0,129.0,-1764.0,-98.0,-78.0
1.0,124.0,-145.0,5.0,8.0,-170.0,278.0,-210.0,-131.0,-115.0
-21.0,176.0,-128.0,-21.0,-38.0,-118.0,381.0,1217.0,-143.0,-147.0
-22.0,323.0,-128.0,-75.0,-83.0,-95.0,383.0,1596.0,-147.0,-155.0
-37.0,212.0,-131.0,-108.0,-16.0,-112.0,261.0,413.0,-147.0,-153.0
-18.0,200.0,-110.0,-93.0,1.0,-81.0,96.0,-872.0,-122.0,-150.0
7.0,133.0,-97.0,-63.0,-127.0,-14.0,-32.0,-1415.0,-105.0,-149.0
21.0,110.0,-86.0,-47.0,-21.0,7.0,-131.0,-1359.0,-84.0,-129.0
76.0,125.0,-104.0,-70.0,34.0,-60.0,-249.0,-659.0,-77.0,-108.0
65.0,-93.0,-121.0,-56.0,-42.0,-234.0,-352.0,-29.0,-77.0,-102.0
66.0,-160.0,-102.0,-65.0,-31.0,-382.0,-416.0,218.0,-60.0,-74.0
44.0,-309.0,-118.0,-68.0,27.0,-196.0,-438.0,60.0,-43.0,-51.0
51.0,-245.0,-148.0,-43.0,49.0,-11.0,-395.0,-155.0,3.0,-50.0
56.0,-284.0,-137.0,-62.0,12.0,-137.0,-294.0,-484.0,59.0,-30.0
62.0,-444.0,-118.0,-44.0,-7.0,-290.0,-171.0,-973.0,94.0,-13.0
84.0,-347.0,-184.0,-49.0,6.0,-301.0,-107.0,-1182.0,132.0,3.0
84.0,-299.0,-175.0,-71.0,69.0,-256.0,-127.0,-986.0,158.0,24.0
83.0,-262.0,-148.0,-55.0,21.0,-298.0,-221.0,-310.0,189.0,39.0
52.0,-338.0,-176.0,-76.0,-27.0,-335.0,-347.0,175.0,228.0,69.0
52.0,-222.0,-123.0,-72.0,68.0,-285.0,-425.0,107.0,251.0,85.0
29.0,-117.0,-131.0,-50.0,28.0,-103.0,-426.0,-194.0,286.0,107.0
16.0,-155.0,-140.0,-95.0,-34.0,-35.0,-381.0,-321.0,314.0,136.0
-1.0,-55.0,-105.0,-147.0,22.0,-83.0,-332.0,-376.0,331.0,155.0
-42.0,72.0,-113.0,-161.0,2.0,-88.0,-280.0,-556.0,369.0,178.0
-58.0,91.0,-115.0,-130.0,30.0,-182.0,-164.0,-389.0,378.0,185.0
-78.0,90.0,-90.0,-105.0,16.0,-163.0,-24.0,-35.0,375.0,202.0
-97.0,79.0,-98.0,-93.0,-134.0,-164.0,79.0,378.0,354.0,214.0
-113.0,18.0,-88.0,-16.0,-110.0,-161.0,132.0,565.0,324.0,213.0
-141.0,150.0,-50.0,19.0,0.0,10.0,130.0,168.0,321.0,214.0
-168.0,99.0,-40.0,19.0,-105.0,197.0,120.0,-428.0,305.0,199.0
-158.0,-82.0,-22.0,13.0,-145.0,364.0,27.0,-1374.0,281.0,179.0
-158.0,-186.0,-48.0,-4.0,22.0,465.0,-83.0,-2021.0,236.0,152.0
-155.0,-226.0,-62.0,10.0,42.0,552.0,-138.0,-1576.0,221.0,120.0
-155.0,-68.0,-77.0,7.0,-32.0,586.0,-143.0,-254.0,208.0,87.0
-143.0,-55.0,-101.0,12.0,-149.0,482.0,-134.0,1420.0,176.0,59.0
-136.0,-75.0,-97.0,46.0,-110.0,371.0,-243.0,1611.0,170.0,47.0
-144.0,-2.0,-110.0,91.0,44.0,347.0,-339.0,319.0,138.0,59.0
-131.0,0.0,-50.0,107.0,19.0,317.0,-356.0,-1343.0,85.0,75.0
-105.0,-92.0,-31.0,89.0,-106.0,348.0,-312.0,-2503.0,41.0,86.0
-78.0,-84.0,-60.0,114.0,-102.0,372.0,-322.0,-1790.0,12.0,113.0
-98.0,-8.0,-4.0,107.0,69.0,244.0,-444.0,64.0,-23.0,133.0
-99.0,-196.0,11.0,35.0,-53.0,-38.0,-524.0,1799.0,-51.0,142.0
-82.0,-190.0,9.0,13.0,-133.0,-157.0,-539.0,1783.0,-81.0,129.0
-80.0,-142.0,26.0,38.0,-31.0,-17.0,-520.0,120.0,-99.0,112.0
-83.0,-308.0,36.0,31.0,-41.0,9.0,-551.0,-1293.0,-99.0,78.0
-86.0,-262.0,19.0,-6.0,-39.0,71.0,-512.0,-1840.0,-130.0,13.0
-64.0,-242.0,-9.0,-44.0,-123.0,13.0,-329.0,-1184.0,-106.0,-22.0
-41.0,-300.0,16.0,-80.0,-170.0,-248.0,-183.0,-24.0,-93.0,-67.0
-27.0,-266.0,21.0,-80.0,15.0,-289.0,-151.0,885.0,-124.0,-130.0
0.0,-165.0,37.0,-111.0,218.0,-120.0,-111.0,842.0,-139.0,-186.0
21.0,-212.0,41.0,-134.0,-4.0,-96.0,-22.0,-362.0,-148.0,-236.0
20.0,-72.0,26.0,-131.0,-175.0,-225.0,44.0,-1341.0,-151.0,-289.0
10.0,177.0,38.0,-164.0,5.0,-206.0,44.0,-1176.0,-161.0,-344.0
3.0,61.0,-25.0,-147.0,-47.0,-248.0,-90.0,-46.0,-157.0,-366.0
-5.0,-61.0,-49.0,-185.0,-56.0,-291.0,-226.0,875.0,-163.0,-371.0
-28.0,-148.0,-77.0,-225.0,-36.0,-54.0,-264.0,940.0,-152.0,-375.0
-57.0,-34.0,-103.0,-200.0,-115.0,198.0,-223.0,570.0,-128.0,-389.0
-62.0,-19.0,-83.0,-155.0,124.0,173.0,-127.0,157.0,-100.0,-390.0
-22.0,-82.0,-162.0,-99.0,99.0,-23.0,-21.0,14.0,-67.0,-377.0
-11.0,6.0,-183.0,-102.0,-154.0,-39.0,40.0,-249.0,-66.0,-387.0
-4.0,-19.0,-195.0,-97.0,-44.0,106.0,23.0,-450.0,-49.0,-384.0
21.0,-33.0,-224.0,-74.0,114.0,263.0,-51.0,-279.0,-33.0,-366.0
46.0,-123.0,-194.0,-41.0,-49.0,323.0,-193.0,-136.0,-18.0,-370.0
59.0,-21.0,-174.0,2.0,-102.0,206.0,-301.0,-153.0,5.0,-381.0
57.0,122.0,-169.0,25.0,70.0,233.0,-321.0,-275.0,21.0,-371.0
64.0,121.0,-148.0,44.0,-71.0,411.0,-322.0,-282.0,8.0,-373.0
61.0,1.0,-123.0,62.0,99.0,426.0,-381.0,-275.0,-10.0,-396.0
60.0,-89.0,-122.0,67.0,157.0,323.0,-475.0,-57.0,-14.0,-391.0
44.0,68.0,-126.0,54.0,-128.0,306.0,-579.0,110.0,-24.0,-389.0
47.0,47.0,-157.0,122.0,18.0,377.0,-656.0,269.0,-19.0,-396.0
43.0,-36.0,-160.0,162.0,69.0,303.0,-652.0,513.0,-14.0,-383.0
42.0,31.0,-132.0,100.0,-38.0,226.0,-627.0,327.0,-15.0,-377.0
40.0,94.0,-94.0,78.0,-33.0,186.0,-555.0,388.0,-32.0,-365.0
30.0,55.0,-83.0,34.0,16.0,169.0,-474.0,225.0,-52.0,-355.0
53.0,94.0,-81.0,-20.0,52.0,292.0,-444.0,-334.0,-46.0,-324.0
44.0,181.0,-96.0,-33.0,95.0,177.0,-492.0,-753.0,-42.0,-289.0
25.0,180.0,-110.0,1.0,-90.0,-116.0,-489.0,-755.0,-56.0,-280.0
13.0,213.0,-76.0,-11.0,-131.0,-245.0,-366.0,236.0,-59.0,-260.0
0.0,152.0,-63.0,-41.0,-23.0,-185.0,-205.0,1077.0,-36.0,-244.0
-2.0,69.0,-28.0,-87.0,-133.0,-62.0,-60.0,1206.0,-37.0,-213.0
13.0,47.0,-30.0,-137.0,-111.0,-12.0,9.0,727.0,-60.0,-196.0
-9.0,85.0,-7.0,-105.0,-42.0,-2.0,76.0,-181.0,-96.0,-174.0
-33.0,7.0,14.0,-147.0,-35.0,-63.0,110.0,-696.0,-137.0,-160.0
-69.0,-126.0,12.0,-146.0,-91.0,-2.0,173.0,-774.0,-159.0,-157.0
-117.0,-73.0,28.0,-145.0,-37.0,70.0,250.0,-404.0,-165.0,-138.0
-134.0,-186.0,21.0,-163.0,-67.0,-37.0,258.0,14.0,-190.0,-118.0
-170.0,-335.0,82.0,-155.0,-57.0,-16.0,192.0,275.0,-223.0,-71.0
-195.0,-294.0,96.0,-202.0,-15.0,151.0,33.0,134.0,-241.0,-41.0
-232.0,-222.0,83.0,-246.0,-109.0,283.0,-138.0,-458.0,-247.0,2.0
-230.0,-116.0,105.0,-296.0,-80.0,233.0,-301.0,-679.0,-209.0,49.0
-256.0,-56.0,106.0,-269.0,-23.0,100.0,-371.0,-487.0,-160.0,103.0
-262.0,107.0,116.0,-237.0,53.0,66.0,-401.0,304.0,-120.0,162.0
-250.0,295.0,116.0,-238.0,-84.0,202.0,-394.0,829.0,-83.0,220.0
-260.0,262.0,145.0,-210.0,-17.0,549.0,-385.0,663.0,-66.0,303.0
-250.0,135.0,125.0,-145.0,111.0,771.0,-408.0,290.0,-56.0,362.0
-280.0,-23.0,77.0,-119.0,-71.0,761.0,-375.0,-589.0,-45.0,420.0
-271.0,-100.0,88.0,-133.0,-82.0,767.0,-378.0,-940.0,-13.0,461.0
-276.0,-109.0,86.0,-107.0,-6.0,722.0,-373.0,-543.0,17.0,505.0
-256.0,-135.0,85.0,-69.0,64.0,579.0,-308.0,105.0,42.0,510.0
-260.0,-132.0,70.0,-51.0,44.0,509.0,-272.0,886.0,59.0,473.0
-247.0,-61.0,70.0,-116.0,-134.0,519.0,-295.0,923.0,51.0,455.0
-219.0,-17.0,43.0,-134.0,-127.0,578.0,-342.0,184.0,36.0,405.0
-217.0,-94.0,14.0,-82.0,158.0,554.0,-356.0,-452.0,13.0,344.0
-198.0,-157.0,36.0,-38.0,103.0,488.0,-283.0,-323.0,-10.0,256.0
-201.0,-178.0,70.0,-11.0,-78.0,563.0,-149.0,338.0,-29.0,168.0
-131.0,-174.0,89.0,6.0,24.0,647.0,51.0,290.0,-32.0,96.0
-108.0,-178.0,58.0,54.0,69.0,736.0,225.0,-286.0,-35.0,-4.0
-84.0,-166.0,54.0,53.0,62.0,647.0,241.0,-214.0,-49.0,-74.0
-79.0,-142.0,-3.0,14.0,22.0,534.0,156.0,521.0,-63.0,-136.0
-73.0,-155.0,-28.0,-6.0,-55.0,686.0,23.0,825.0,-80.0,-209.0
-54.0,-175.0,-12.0,-14.0,-39.0,684.0,-110.0,543.0,-91.0,-254.0
-79.0,-184.0,-23.0,-40.0,118.0,436.0,-272.0,-157.0,-89.0,-274.0
-63.0,-37.0,0.0,-52.0,23.0,230.0,-403.0,-1180.0,-69.0,-271.0
-49.0,111.0,-34.0,-65.0,-105.0,220.0,-520.0,-709.0,-61.0,-278.0
-6.0,203.0,-42.0,-74.0,45.0,223.0,-599.0,567.0,-62.0,-261.0
-18.0,348.0,-4.0,-50.0,96.0,206.0,-573.0,918.0,-59.0,-216.0
-25.0,495.0,-17.0,-65.0,-45.0,233.0,-445.0,9.0,-61.0,-195.0
-25.0,598.0,-28.0,-103.0,-181.0,289.0,-142.0,-1125.0,-50.0,-171.0
-25.0,394.0,-17.0,-82.0,4.0,281.0,185.0,-1079.0,-41.0,-122.0
-33.0,107.0,-49.0,-10.0,78.0,187.0,430.0,-125.0,-38.0,-86.0
-81.0,0.0,-30.0,-6.0,-4.0,136.0,551.0,1468.0,-52.0,-64.0
-77.0,-42.0,-25.0,-29.0,-69.0,10.0,587.0,1862.0,-93.0,-49.0
-94.0,-155.0,-38.0,-41.0,-97.0,-20.0,687.0,388.0,-125.0,-33.0
-101.0,-253.0,-18.0,-54.0,132.0,99.0,735.0,-1023.0,-135.0,-15.0
-129.0,-38.0,-37.0,-46.0,3.0,177.0,643.0,-792.0,-132.0,-20.0
-154.0,-74.0,-14.0,-55.0,-190.0,237.0,437.0,199.0,-109.0,-19.0
-156.0,-309.0,-13.0,-86.0,-63.0,339.0,178.0,461.0,-73.0,-19.0
-174.0,-320.0,-1.0,-139.0,-15.0,463.0,-35.0,303.0,-85.0,-25.0
-181.0,-347.0,8.0,-134.0,4.0,604.0,-245.0,186.0,-109.0,-33.0
-191.0,-229.0,-1.0,-117.0,24.0,561.0,-444.0,334.0,-94.0,-37.0
-179.0,-127.0,4.0,-97.0,-51.0,378.0,-479.0,866.0,-64.0,-39.0
-169.0,-171.0,41.0,-61.0,-22.0,431.0,-388.0,1012.0,-39.0,-53.0
-156.0,-178.0,29.0,-30.0,182.0,424.0,-336.0,-376.0,-48.0,-61.0
-157.0,-43.0,-58.0,19.0,-11.0,206.0,-379.0,-1186.0,-60.0,-77.0
-149.0,-5.0,-12.0,4.0,-196.0,54.0,-425.0,-825.0,-77.0,-91.0
-98.0,-34.0,-16.0,-56.0,111.0,203.0,-378.0,118.0,-74.0,-106.0
-76.0,92.0,-61.0,-82.0,116.0,572.0,-328.0,1500.0,-20.0,-121.0
-76.0,93.0,-15.0,-83.0,-34.0,753.0,-371.0,1698.0,17.0,-117.0
-61.0,120.0,-6.0,-107.0,73.0,674.0,-512.0,907.0,22.0,-104.0
-47.0,152.0,-6.0,-125.0,55.0,593.0,-609.0,-761.0,18.0,-93.0
-43.0,178.0,-21.0,-121.0,90.0,626.0,-630.0,-1420.0,9.0,-78.0
-48.0,216.0,-18.0,-124.0,103.0,689.0,-591.0,-519.0,12.0,-54.0
-12.0,29.0,16.0,-93.0,-107.0,721.0,-414.0,242.0,29.0,-45.0
15.0,-215.0,18.0,-31.0,-17.0,574.0,-146.0,1201.0,36.0,-30.0
10.0,-250.0,0.0,-6.0,151.0,607.0,174.0,1692.0,37.0,-8.0
16.0,-166.0,47.0,-29.0,62.0,764.0,476.0,639.0,33.0,-3.0
6.0,-333.0,79.0,-57.0,70.0,658.0,666.0,-356.0,2.0,6.0
-13.0,-301.0,55.0,-89.0,112.0,639.0,752.0,-772.0,-4.0,18.0
-58.0,-51.0,100.0,-89.0,45.0,696.0,786.0,-1064.0,6.0,33.0
-63.0,-51.0,98.0,-25.0,32.0,632.0,719.0,-332.0,12.0,41.0
-40.0,-2.0,52.0,-3.0,11.0,533.0,540.0,594.0,41.0,43.0
-28.0,121.0,109.0,-48.0,-72.0,608.0,306.0,1657.0,53.0,62.0
-14.0,304.0,101.0,-72.0,-45.0,663.0,16.0,1657.0,66.0,63.0
-20.0,411.0,100.0,-115.0,28.0,438.0,-232.0,921.0,111.0,52.0
-34.0,416.0,119.0,-178.0,3.0,392.0,-397.0,273.0,133.0,55.0
-67.0,305.0,65.0,-199.0,-8.0,537.0,-464.0,-1158.0,134.0,41.0
-92.0,-84.0,68.0,-163.0,15.0,452.0,-456.0,-1393.0,114.0,16.0
-84.0,-159.0,24.0,-73.0,38.0,177.0,-383.0,-657.0,66.0,-5.0
-54.0,-195.0,29.0,-18.0,-46.0,133.0,-247.0,397.0,35.0,-18.0
-27.0,-367.0,39.0,10.0,-94.0,344.0,-160.0,929.0,5.0,-46.0
-15.0,-132.0,13.0,34.0,-5.0,322.0,-121.0,1141.0,-39.0,-88.0
-1.0,54.0,13.0,12.0,-41.0,246.0,-94.0,1082.0,-69.0,-104.0
-9.0,192.0,-5.0,-21.0,-37.0,240.0,-64.0,42.0,-91.0,-108.0
-32.0,387.0,-8.0,-64.0,-35.0,179.0,-54.0,-580.0,-124.0,-105.0
-50.0,519.0,-31.0,-84.0,-28.0,273.0,-131.0,-631.0,-158.0,-92.0
-45.0,496.0,0.0,-58.0,57.0,427.0,-266.0,-188.0,-188.0,-56.0
-20.0,221.0,-49.0,-31.0,-54.0,395.0,-340.0,131.0,-212.0,-14.0
-3.0,70.0,-76.0,-28.0,-141.0,182.0,-276.0,624.0,-253.0,19.0
9.0,-111.0,-14.0,1.0,7.0,18.0,-168.0,936.0,-311.0,65.0
8.0,-180.0,-17.0,30.0,-10.0,-23.0,-94.0,909.0,-318.0,93.0
3.0,-85.0,-17.0,16.0,-88.0,77.0,-67.0,508.0,-327.0,115.0
0.0,-330.0,40.0,-7.0,-35.0,123.0,-54.0,-181.0,-322.0,120.0
20.0,-484.0,108.0,-42.0,-77.0,-2.0,-5.0,-279.0,-282.0,96.0
48.0,-335.0,112.0,-13.0,3.0,-29.0,23.0,-380.0,-269.0,94.0
63.0,-256.0,148.0,26.0,-26.0,5.0,60.0,437.0,-263.0,52.0
77.0,-207.0,158.0,32.0,-72.0,-56.0,213.0,833.0,-270.0,-12.0
52.0,164.0,195.0,46.0,-36.0,-290.0,384.0,363.0,-257.0,-43.0
30.0,619.0,248.0,68.0,13.0,-460.0,412.0,36.0,-219.0,-96.0
19.0,567.0,248.0,111.0,97.0,-324.0,288.0,-600.0,-177.0,-157.0
38.0,423.0,244.0,158.0,-119.0,-135.0,170.0,-375.0,-128.0,-209.0
64.0,474.0,215.0,168.0,-41.0,-133.0,149.0,532.0,-83.0,-222.0
73.0,467.0,225.0,161.0,74.0,-69.0,152.0,1202.0,-49.0,-227.0
80.0,405.0,184.0,130.0,-89.0,121.0,102.0,1428.0,-20.0,-256.0
68.0,314.0,165.0,57.0,-21.0,85.0,-60.0,955.0,11.0,-254.0
73.0,236.0,164.0,17.0,74.0,-79.0,-215.0,59.0,19.0,-228.0
67.0,229.0,161.0,-84.0,-45.0,-189.0,-253.0,-436.0,58.0,-211.0
91.0,144.0,169.0,-199.0,25.0,-244.0,-221.0,-746.0,107.0,-210.0
94.0,-67.0,100.0,-211.0,183.0,-211.0,-192.0,-846.0,142.0,-168.0
76.0,-214.0,83.0,-252.0,-84.0,-98.0,-119.0,-145.0,166.0,-129.0
62.0,-135.0,119.0,-255.0,-4.0,-16.0,28.0,846.0,156.0,-115.0
35.0,142.0,95.0,-210.0,175.0,-72.0,123.0,1374.0,154.0,-64.0
31.0,188.0,46.0,-207.0,-30.0,-77.0,151.0,1400.0,153.0,-2.0
2.0,23.0,22.0,-221.0,19.0,-26.0,101.0,857.0,169.0,52.0
-8.0,-470.0,46.0,-249.0,82.0,-108.0,52.0,-400.0,167.0,99.0
-31.0,-941.0,83.0,-245.0,104.0,-260.0,60.0,-1055.0,140.0,163.0
-39.0,-952.0,99.0,-218.0,168.0,-152.0,97.0,-829.0,119.0,237.0
-22.0,-980.0,118.0,-138.0,66.0,158.0,24.0,-94.0,77.0,283.0
-14.0,-630.0,92.0,-41.0,21.0,309.0,-138.0,683.0,45.0,323.0
-22.0,-69.0,91.0,-5.0,79.0,350.0,-196.0,722.0,19.0,379.0
-52.0,339.0,93.0,20.0,46.0,116.0,-194.0,304.0,-6.0,426.0
-60.0,544.0,86.0,30.0,-33.0,-145.0,-82.0,-358.0,-27.0,460.0
-85.0,645.0,137.0,36.0,23.0,-168.0,35.0,-630.0,-50.0,501.0
-113.0,734.0,142.0,49.0,124.0,-206.0,82.0,-642.0,-80.0,547.0
-133.0,544.0,167.0,72.0,112.0,-169.0,93.0,-212.0,-133.0,579.0
-126.0,511.0,230.0,70.0,60.0,-107.0,2.0,448.0,-160.0,595.0
-118.0,378.0,232.0,38.0,26.0,-32.0,-66.0,513.0,-175.0,610.0
-128.0,278.0,174.0,-19.0,-67.0,-80.0,-26.0,567.0,-198.0,603.0
-139.0,281.0,167.0,-134.0,-114.0,-147.0,121.0,330.0,-201.0,567.0
-148.0,122.0,136.0,-245.0,-26.0,-43.0,269.0,195.0,-201.0,529.0
-150.0,121.0,111.0,-320.0,-82.0,-52.0,286.0,-46.0,-196.0,503.0
-140.0,32.0,184.0,-323.0,-79.0,-202.0,149.0,-330.0,-171.0,470.0
-121.0,-147.0,200.0,-255.0,50.0,-280.0,-2.0,-84.0,-149.0,425.0
-108.0,-345.0,206.0,-204.0,-30.0,-157.0,-6.0,75.0,-146.0,396.0
-51.0,-453.0,201.0,-165.0,-48.0,-127.0,116.0,530.0,-150.0,368.0
-23.0,-659.0,181.0,-152.0,56.0,-135.0,229.0,497.0,-159.0,340.0
-6.0,-619.0,201.0,-166.0,12.0,-101.0,285.0,282.0,-147.0,318.0
10.0,-233.0,188.0,-128.0,3.0,-191.0,333.0,-44.0,-113.0,320.0
30.0,-188.0,175.0,-113.0,4.0,-240.0,311.0,-561.0,-100.0,327.0
65.0,-22.0,206.0,-58.0,12.0,-230.0,191.0,-432.0,-79.0,309.0
54.0,112.0,205.0,19.0,149.0,-244.0,77.0,-498.0,-72.0,311.0
62.0,114.0,174.0,19.0,69.0,-337.0,87.0,-42.0,-64.0,300.0
55.0,203.0,187.0,47.0,32.0,-406.0,146.0,709.0,-21.0,267.0
87.0,324.0,195.0,46.0,137.0,-448.0,90.0,951.0,-6.0,214.0
120.0,292.0,189.0,79.0,32.0,-395.0,-107.0,663.0,-9.0,171.0
128.0,-136.0,244.0,167.0,-41.0,-139.0,-280.0,-20.0,-5.0,149.0
163.0,-322.0,256.0,231.0,41.0,-35.0,-259.0,-415.0,-4.0,90.0
163.0,-325.0,221.0,311.0,0.0,-143.0,-101.0,-997.0,1.0,35.0
187.0,-320.0,232.0,308.0,-13.0,-175.0,32.0,-936.0,-12.0,0.0
199.0,-254.0,187.0,261.0,85.0,-160.0,58.0,103.0,-31.0,-33.0
203.0,-225.0,203.0,200.0,-49.0,-257.0,45.0,866.0,-32.0,-75.0
203.0,-296.0,214.0,128.0,-77.0,-370.0,29.0,1103.0,-40.0,-108.0
206.0,-436.0,149.0,65.0,92.0,-355.0,-7.0,796.0,-42.0,-110.0
216.0,-356.0,160.0,31.0,12.0,-407.0,-46.0,-114.0,-46.0,-123.0
194.0,-402.0,101.0,45.0,-99.0,-549.0,-21.0,-1263.0,-38.0,-138.0
195.0,-335.0,115.0,76.0,4.0,-497.0,71.0,-1618.0,-19.0,-124.0
193.0,-130.0,166.0,105.0,46.0,-285.0,110.0,-1103.0,-20.0,-121.0
183.0,-147.0,78.0,82.0,106.0,-146.0,48.0,-168.0,-22.0,-125.0
168.0,-111.0,83.0,106.0,50.0,-273.0,-34.0,1066.0,-13.0,-128.0
172.0,-166.0,82.0,103.0,-84.0,-527.0,-5.0,1313.0,-7.0,-123.0
184.0,-224.0,37.0,51.0,69.0,-578.0,149.0,630.0,-5.0,-85.0
167.0,-160.0,42.0,24.0,36.0,-536.0,268.0,-155.0,3.0,-76.0
148.0,-131.0,48.0,-5.0,-137.0,-527.0,194.0,-1045.0,8.0,-51.0
116.0,-149.0,71.0,22.0,-46.0,-473.0,-9.0,-1143.0,6.0,3.0
90.0,-162.0,75.0,27.0,-22.0,-346.0,-162.0,-343.0,-10.0,26.0
66.0,-178.0,144.0,27.0,-173.0,-321.0,-228.0,593.0,-14.0,54.0
26.0,-291.0,151.0,37.0,-14.0,-458.0,-266.0,1066.0,-6.0,97.0
0.0,-392.0,117.0,76.0,27.0,-473.0,-291.0,927.0,-7.0,151.0
-25.0,-226.0,155.0,179.0,-103.0,-369.0,-243.0,155.0,-6.0,179.0
-44.0,109.0,88.0,211.0,38.0,-319.0,-154.0,-1003.0,3.0,202.0
-61.0,396.0,104.0,194.0,13.0,-337.0,-35.0,-1369.0,28.0,245.0
-64.0,798.0,198.0,155.0,-3.0,-278.0,135.0,-851.0,40.0,251.0
-63.0,808.0,178.0,69.0,65.0,-235.0,320.0,212.0,49.0,254.0
-74.0,246.0,172.0,27.0,1.0,-323.0,518.0,1058.0,59.0,281.0
-93.0,-222.0,219.0,37.0,-29.0,-414.0,667.0,722.0,83.0,292.0
-117.0,-516.0,197.0,4.0,46.0,-555.0,709.0,-116.0,98.0,291.0
-125.0,-489.0,168.0,-8.0,4.0,-623.0,615.0,-1232.0,94.0,285.0
-127.0,-181.0,158.0,41.0,-10.0,-596.0,445.0,-1899.0,100.0,285.0
-112.0,321.0,146.0,55.0,89.0,-557.0,314.0,-1079.0,114.0,283.0
-86.0,837.0,150.0,72.0,-1.0,-604.0,211.0,607.0,147.0,257.0
-65.0,1086.0,97.0,63.0,7.0,-671.0,42.0,1917.0,164.0,243.0
-53.0,1223.0,66.0,51.0,83.0,-493.0,-138.0,1679.0,167.0,240.0
-50.0,1087.0,54.0,57.0,-4.0,-277.0,-269.0,236.0,155.0,207.0
-35.0,1004.0,51.0,24.0,3.0,-238.0,-382.0,-1443.0,174.0,149.0
2.0,821.0,69.0,0.0,91.0,-250.0,-426.0,-2381.0,205.0,111.0
27.0,227.0,58.0,-36.0,-2.0,-335.0,-400.0,-2074.0,194.0,79.0
47.0,-156.0,42.0,-52.0,-35.0,-409.0,-252.0,-781.0,186.0,46.0
66.0,-443.0,60.0,-34.0,54.0,-261.0,28.0,1274.0,143.0,22.0
83.0,-627.0,67.0,-51.0,2.0,-28.0,273.0,2411.0,117.0,6.0
115.0,-705.0,62.0,-96.0,1.0,101.0,348.0,1616.0,121.0,0.0
116.0,-759.0,147.0,-154.0,13.0,63.0,294.0,-125.0,88.0,-20.0
148.0,-782.0,123.0,-208.0,-43.0,-52.0,281.0,-1522.0,49.0,-13.0
157.0,-740.0,102.0,-196.0,-37.0,-210.0,358.0,-1921.0,18.0,5.0
152.0,-301.0,163.0,-152.0,-62.0,-240.0,398.0,-1088.0,14.0,5.0
170.0,51.0,100.0,-115.0,-101.0,-10.0,344.0,757.0,20.0,18.0
183.0,304.0,116.0,-48.0,-59.0,184.0,302.0,2126.0,34.0,37.0
198.0,265.0,145.0,10.0,33.0,79.0,315.0,2202.0,29.0,54.0
195.0,-232.0,103.0,10.0,-7.0,-187.0,369.0,700.0,20.0,44.0
204.0,-419.0,102.0,1.0,-6.0,-123.0,445.0,-1467.0,44.0,39.0
170.0,-281.0,100.0,34.0,169.0,-14.0,512.0,-2642.0,57.0,39.0
145.0,-181.0,79.0,81.0,83.0,-169.0,570.0,-2117.0,80.0,33.0
143.0,-340.0,47.0,101.0,2.0,-378.0,569.0,112.0,98.0,31.0
156.0,-311.0,15.0,109.0,148.0,-542.0,447.0,2071.0,98.0,10.0
163.0,49.0,-29.0,166.0,68.0,-486.0,208.0,2632.0,101.0,3.0
151.0,217.0,-14.0,197.0,4.0,-550.0,38.0,1618.0,107.0,-3.0
172.0,62.0,-62.0,166.0,156.0,-650.0,57.0,-402.0,100.0,-6.0
162.0,11.0,-80.0,104.0,23.0,-567.0,81.0,-1947.0,98.0,2.0
148.0,54.0,-21.0,15.0,-70.0,-607.0,36.0,-2786.0,115.0,2.0
127.0,-21.0,-63.0,-44.0,19.0,-642.0,14.0,-2161.0,120.0,0.0
99.0,215.0,-14.0,-66.0,-179.0,-555.0,8.0,-160.0,132.0,0.0
48.0,508.0,-27.0,-17.0,-122.0,-266.0,34.0,1893.0,121.0,-2.0
-14.0,838.0,-80.0,38.0,-30.0,-39.0,41.0,2989.0,110.0,-41.0
-61.0,1036.0,-11.0,76.0,-217.0,-198.0,-26.0,2021.0,113.0,-77.0
-104.0,889.0,-4.0,157.0,-69.0,-438.0,-62.0,-293.0,97.0,-77.0
-121.0,665.0,-6.0,249.0,-65.0,-533.0,-48.0,-2132.0,73.0,-99.0
-130.0,385.0,8.0,308.0,-91.0,-506.0,-72.0,-2555.0,37.0,-142.0
-119.0,294.0,46.0,295.0,150.0,-378.0,-167.0,-1485.0,27.0,-160.0
-121.0,-77.0,115.0,273.0,-26.0,-230.0,-175.0,234.0,18.0,-158.0
-130.0,-545.0,145.0,234.0,-94.0,-139.0,-18.0,1740.0,-8.0,-143.0
-124.0,-501.0,133.0,146.0,97.0,-89.0,215.0,1500.0,-34.0,-107.0
-142.0,-24.0,164.0,89.0,-79.0,-113.0,428.0,-162.0,-47.0,-64.0
-161.0,620.0,122.0,37.0,-67.0,-135.0,494.0,-1912.0,-23.0,-8.0
-155.0,631.0,63.0,-20.0,75.0,-198.0,493.0,-2352.0,-10.0,44.0
-134.0,72.0,102.0,-64.0,-46.0,-362.0,520.0,-485.0,-5.0,89.0
-86.0,-360.0,57.0,-86.0,11.0,-443.0,562.0,1334.0,-7.0,134.0
-24.0,-431.0,44.0,-70.0,8.0,-418.0,501.0,2727.0,-24.0,156.0
26.0,-433.0,47.0,-65.0,-33.0,-277.0,373.0,2100.0,-28.0,161.0
57.0,-432.0,31.0,-45.0,44.0,-166.0,260.0,-412.0,-6.0,149.0
57.0,-254.0,22.0,0.0,-43.0,-131.0,110.0,-1539.0,2.0,144.0
52.0,-295.0,35.0,6.0,-29.0,-159.0,17.0,-2329.0,-30.0,121.0
43.0,-506.0,79.0,27.0,-6.0,-373.0,0.0,-2047.0,-40.0,79.0
44.0,-546.0,74.0,84.0,-82.0,-514.0,94.0,-123.0,-42.0,47.0
51.0,-417.0,86.0,124.0,-48.0,-411.0,219.0,1459.0,-58.0,17.0
36.0,-385.0,108.0,174.0,70.0,-228.0,349.0,2305.0,-43.0,-4.0
44.0,-130.0,173.0,187.0,-81.0,-105.0,421.0,2102.0,-36.0,-38.0
71.0,339.0,98.0,154.0,-250.0,-135.0,359.0,655.0,-40.0,-44.0
85.0,461.0,69.0,90.0,-89.0,-373.0,343.0,-918.0,-40.0,-31.0
86.0,544.0,146.0,-13.0,-65.0,-512.0,337.0,-1851.0,-36.0,-30.0
86.0,501.0,94.0,-40.0,-58.0,-279.0,230.0,-1369.0,-27.0,-27.0
90.0,509.0,129.0,-42.0,-2.0,-66.0,-36.0,378.0,-23.0,-31.0
78.0,533.0,154.0,-19.0,30.0,-102.0,-286.0,1834.0,-35.0,-37.0
68.0,199.0,143.0,17.0,41.0,-48.0,-449.0,2013.0,-40.0,-47.0
77.0,-121.0,174.0,-11.0,6.0,218.0,-604.0,419.0,-20.0,-36.0
85.0,-131.0,203.0,-51.0,3.0,344.0,-666.0,-2167.0,-3.0,-18.0
94.0,130.0,189.0,-86.0,-33.0,168.0,-618.0,-3403.0,14.0,-4.0
81.0,61.0,139.0,-39.0,52.0,-27.0,-430.0,-1544.0,29.0,8.0
47.0,-111.0,125.0,-19.0,61.0,-198.0,-187.0,696.0,46.0,20.0
38.0,-24.0,100.0,20.0,-49.0,-251.0,48.0,1491.0,72.0,22.0
61.0,20.0,76.0,110.0,20.0,-102.0,253.0,1906.0,100.0,8.0
65.0,104.0,97.0,133.0,149.0,-116.0,435.0,1498.0,115.0,0.0
72.0,158.0,108.0,167.0,115.0,-106.0,654.0,498.0,114.0,-4.0
93.0,69.0,96.0,202.0,29.0,108.0,810.0,-890.0,125.0,-2.0
92.0,-34.0,63.0,229.0,51.0,154.0,769.0,-2219.0,138.0,0.0
68.0,-190.0,18.0,264.0,5.0,30.0,633.0,-1816.0,143.0,11.0
34.0,-430.0,35.0,299.0,0.0,-169.0,500.0,-35.0,152.0,27.0
17.0,-508.0,1.0,297.0,115.0,-248.0,325.0,1001.0,179.0,46.0
26.0,-409.0,-69.0,267.0,9.0,-169.0,142.0,1550.0,197.0,82.0
35.0,-278.0,-32.0,225.0,77.0,-195.0,-54.0,1823.0,196.0,78.0
35.0,-68.0,-26.0,187.0,190.0,-242.0,-186.0,750.0,201.0,60.0
42.0,217.0,-32.0,162.0,-28.0,-169.0,-171.0,-1134.0,194.0,51.0
41.0,358.0,-45.0,86.0,16.0,-84.0,-111.0,-2130.0,171.0,33.0
28.0,368.0,-71.0,-17.0,59.0,-88.0,-99.0,-1217.0,141.0,16.0
6.0,219.0,-48.0,-45.0,-68.0,-152.0,-112.0,138.0,135.0,-3.0
-9.0,-85.0,-70.0,-53.0,57.0,-233.0,-68.0,1036.0,132.0,-20.0
-35.0,-305.0,-15.0,-83.0,63.0,-300.0,15.0,1348.0,117.0,-17.0
-48.0,-172.0,3.0,-20.0,-150.0,-310.0,69.0,713.0,110.0,-17.0
-41.0,309.0,-33.0,56.0,39.0,-126.0,45.0,-330.0,92.0,-22.0
-50.0,547.0,-11.0,94.0,119.0,70.0,-15.0,-1363.0,68.0,-3.0
-53.0,461.0,-29.0,113.0,-5.0,118.0,-35.0,-1892.0,37.0,14.0
-77.0,263.0,7.0,86.0,140.0,154.0,20.0,-1539.0,26.0,29.0
-88.0,-116.0,46.0,69.0,-31.0,179.0,74.0,197.0,28.0,32.0
-100.0,-623.0,43.0,59.0,-55.0,187.0,34.0,2368.0,9.0,28.0
-101.0,-708.0,82.0,22.0,79.0,169.0,-34.0,2804.0,16.0,21.0
-91.0,-410.0,79.0,-38.0,18.0,217.0,-71.0,2021.0,39.0,-12.0
-91.0,-105.0,82.0,-71.0,53.0,210.0,-134.0,-325.0,37.0,-37.0
-87.0,113.0,139.0,-65.0,9.0,96.0,-210.0,-3102.0,31.0,-65.0
-86.0,143.0,133.0,-28.0,-1.0,98.0,-253.0,-2390.0,23.0,-111.0
-85.0,172.0,128.0,27.0,-41.0,193.0,-272.0,-482.0,0.0,-150.0
-96.0,-114.0,141.0,114.0,-54.0,193.0,-261.0,423.0,-1.0,-202.0
-79.0,-325.0,128.0,141.0,101.0,-27.0,-303.0,1182.0,0.0,-228.0
-88.0,-215.0,104.0,81.0,74.0,-250.0,-405.0,940.0,-5.0,-253.0
-54.0,146.0,108.0,60.0,-20.0,-428.0,-400.0,-79.0,10.0,-288.0
-20.0,648.0,74.0,18.0,158.0,-481.0,-198.0,-783.0,10.0,-284.0
-16.0,858.0,51.0,-28.0,6.0,-267.0,89.0,249.0,15.0,-281.0
3.0,918.0,56.0,-40.0,-128.0,-103.0,266.0,1674.0,35.0,-278.0
0.0,601.0,2.0,-5.0,60.0,0.0,356.0,833.0,47.0,-283.0
24.0,139.0,61.0,57.0,-157.0,40.0,440.0,-199.0,53.0,-292.0
19.0,-296.0,67.0,65.0,-28.0,8.0,446.0,-312.0,56.0,-300.0
48.0,-356.0,47.0,25.0,116.0,-142.0,339.0,286.0,65.0,-309.0
65.0,-56.0,90.0,7.0,-114.0,-361.0,202.0,321.0,75.0,-308.0
66.0,142.0,44.0,56.0,57.0,-426.0,134.0,-617.0,84.0,-306.0
76.0,284.0,34.0,70.0,41.0,-424.0,73.0,-818.0,85.0,-290.0
77.0,29.0,58.0,23.0,-86.0,-294.0,-43.0,-1548.0,93.0,-281.0
76.0,-237.0,23.0,20.0,46.0,-162.0,-192.0,668.0,116.0,-257.0
51.0,-495.0,21.0,124.0,15.0,-99.0,-280.0,3076.0,152.0,-231.0
52.0,-665.0,62.0,152.0,27.0,-1.0,-232.0,2653.0,178.0,-210.0
42.0,-525.0,81.0,74.0,106.0,171.0,-152.0,1598.0,176.0,-159.0
41.0,-358.0,138.0,10.0,-18.0,210.0,-139.0,-2328.0,160.0,-115.0
18.0,-156.0,136.0,-52.0,23.0,-39.0,-137.0,-3580.0,126.0,-68.0
-6.0,-124.0,99.0,-41.0,75.0,-145.0,-104.0,-990.0,103.0,-17.0
-41.0,-9.0,111.0,8.0,-71.0,89.0,-92.0,1686.0,71.0,25.0
-82.0,144.0,105.0,28.0,-1.0,267.0,-81.0,2673.0,69.0,74.0
-119.0,257.0,105.0,66.0,-51.0,68.0,-25.0,1176.0,52.0,103.0
-144.0,323.0,116.0,149.0,-116.0,-163.0,65.0,-787.0,-2.0,107.0
-124.0,297.0,56.0,174.0,0.0,-60.0,124.0,-2444.0,-8.0,119.0
-97.0,358.0,20.0,103.0,-22.0,105.0,96.0,-1555.0,-22.0,126.0
-66.0,169.0,41.0,6.0,60.0,208.0,-16.0,1544.0,-33.0,140.0
-75.0,-50.0,-36.0,-46.0,0.0,365.0,-107.0,2836.0,-43.0,165.0
-74.0,-255.0,-26.0,-38.0,-102.0,379.0,-74.0,1670.0,-46.0,183.0
-102.0,-358.0,0.0,-85.0,72.0,507.0,-59.0,-524.0,-40.0,205.0
-120.0,-271.0,-69.0,-147.0,-40.0,659.0,-116.0,-2167.0,-39.0,234.0
-107.0,-529.0,-76.0,-152.0,-39.0,531.0,-155.0,-1254.0,-1.0,265.0
-101.0,-564.0,-90.0,-136.0,141.0,513.0,-158.0,-210.0,16.0,272.0
-65.0,-73.0,-103.0,-72.0,-118.0,522.0,-80.0,1060.0,22.0,280.0
-62.0,331.0,-87.0,-33.0,-80.0,445.0,93.0,388.0,39.0,294.0
-59.0,554.0,-94.0,0.0,79.0,256.0,252.0,-1437.0,57.0,295.0
-66.0,802.0,-67.0,103.0,-124.0,116.0,350.0,596.0,56.0,280.0
-69.0,903.0,-35.0,181.0,-70.0,250.0,383.0,1219.0,65.0,241.0
-62.0,742.0,-31.0,235.0,-66.0,317.0,279.0,1053.0,81.0,210.0
-50.0,452.0,-20.0,227.0,-148.0,302.0,1.0,539.0,79.0,171.0
-25.0,4.0,-53.0,151.0,0.0,279.0,-313.0,-578.0,85.0,125.0
5.0,-125.0,-86.0,87.0,-14.0,143.0,-473.0,-984.0,89.0,74.0
21.0,155.0,-104.0,4.0,-130.0,62.0,-488.0,-1228.0,87.0,15.0
22.0,170.0,-100.0,-41.0,-4.0,281.0,-437.0,990.0,73.0,-26.0
23.0,-83.0,-112.0,-3.0,61.0,429.0,-362.0,1694.0,70.0,-73.0
6.0,-179.0,-142.0,-1.0,-152.0,139.0,-266.0,737.0,68.0,-115.0
20.0,-230.0,-101.0,-16.0,-85.0,-36.0,-114.0,-33.0,47.0,-151.0
50.0,-190.0,-106.0,59.0,53.0,-16.0,152.0,-576.0,48.0,-174.0
82.0,27.0,-93.0,103.0,-16.0,-9.0,419.0,-277.0,51.0,-183.0
104.0,11.0,-78.0,64.0,101.0,28.0,529.0,552.0,55.0,-173.0
129.0,-48.0,-100.0,13.0,111.0,6.0,492.0,1668.0,54.0,-135.0
148.0,-181.0,-80.0,-20.0,-13.0,31.0,335.0,1230.0,61.0,-107.0
148.0,-383.0,-84.0,18.0,106.0,120.0,114.0,123.0,55.0,-82.0
147.0,-413.0,-88.0,29.0,153.0,357.0,-148.0,-881.0,31.0,-48.0
134.0,-302.0,-88.0,-27.0,-91.0,537.0,-358.0,-1127.0,26.0,-16.0
146.0,-143.0,-75.0,-27.0,-36.0,412.0,-469.0,-349.0,14.0,11.0
154.0,-424.0,-83.0,50.0,67.0,292.0,-462.0,594.0,10.0,26.0
164.0,-634.0,-99.0,103.0,-92.0,344.0,-391.0,755.0,-7.0,44.0
160.0,-518.0,-100.0,84.0,49.0,426.0,-296.0,613.0,-22.0,65.0
133.0,-309.0,-120.0,46.0,-22.0,428.0,-38.0,842.0,-20.0,88.0
103.0,-19.0,-106.0,-4.0,-147.0,499.0,357.0,-90.0,-20.0,107.0
77.0,37.0,-83.0,-53.0,53.0,481.0,745.0,-1164.0,-4.0,123.0
63.0,145.0,-64.0,-114.0,-64.0,255.0,932.0,-1171.0,-16.0,129.0
53.0,86.0,-49.0,-126.0,-55.0,286.0,926.0,16.0,-8.0,124.0
40.0,5.0,-50.0,-88.0,63.0,521.0,835.0,1419.0,0.0,115.0
14.0,214.0,-29.0,-55.0,-65.0,538.0,720.0,1851.0,7.0,89.0
0.0,252.0,-9.0,-11.0,-19.0,443.0,544.0,1082.0,20.0,58.0
-37.0,207.0,6.0,8.0,29.0,290.0,255.0,-103.0,20.0,14.0
-67.0,92.0,40.0,89.0,-49.0,154.0,6.0,-548.0,47.0,-37.0
-86.0,108.0,22.0,146.0,-51.0,198.0,-217.0,-713.0,56.0,-71.0
-93.0,234.0,50.0,176.0,40.0,168.0,-423.0,-663.0,60.0,-116.0
-92.0,185.0,80.0,208.0,-23.0,71.0,-559.0,-225.0,55.0,-175.0
-102.0,200.0,75.0,139.0,-93.0,114.0,-532.0,872.0,66.0,-218.0
-98.0,81.0,150.0,54.0,66.0,187.0,-306.0,981.0,66.0,-269.0
-106.0,-15.0,114.0,-9.0,17.0,126.0,-33.0,417.0,24.0,-310.0
-85.0,208.0,95.0,-8.0,-137.0,-90.0,196.0,218.0,3.0,-343.0
-86.0,499.0,115.0,10.0,-11.0,-281.0,319.0,-199.0,-20.0,-378.0
-76.0,576.0,87.0,35.0,9.0,-350.0,373.0,-389.0,-17.0,-394.0
-49.0,370.0,99.0,46.0,-151.0,-318.0,359.0,-835.0,-20.0,-401.0
-48.0,262.0,106.0,25.0,46.0,-170.0,258.0,-746.0,-50.0,-396.0
-15.0,179.0,159.0,0.0,7.0,66.0,119.0,-214.0,-77.0,-385.0
-2.0,-23.0,108.0,-99.0,-129.0,100.0,26.0,1019.0,-98.0,-359.0
18.0,-89.0,31.0,-90.0,100.0,93.0,15.0,1515.0,-107.0,-314.0
37.0,-174.0,0.0,0.0,-133.0,262.0,23.0,97.0,-110.0,-267.0
39.0,-559.0,-39.0,35.0,-139.0,16.0,36.0,-726.0,-103.0,-235.0
61.0,-746.0,-81.0,55.0,70.0,-159.0,127.0,-1236.0,-109.0,-193.0
57.0,-428.0,-81.0,-29.0,-137.0,81.0,325.0,-886.0,-107.0,-137.0
62.0,-202.0,-65.0,-84.0,-76.0,146.0,542.0,164.0,-94.0,-104.0
59.0,-75.0,-164.0,-60.0,111.0,175.0,663.0,720.0,-53.0,-71.0
42.0,-64.0,-171.0,-68.0,34.0,290.0,607.0,1337.0,-9.0,-46.0
24.0,-282.0,-191.0,-44.0,1.0,458.0,412.0,1130.0,37.0,-25.0
11.0,-372.0,-246.0,13.0,5.0,542.0,161.0,652.0,104.0,-19.0
29.0,-302.0,-214.0,39.0,-127.0,537.0,-110.0,279.0,138.0,-30.0
20.0,-105.0,-218.0,36.0,-52.0,461.0,-406.0,-689.0,157.0,-24.0
11.0,100.0,-228.0,35.0,-26.0,277.0,-599.0,-868.0,202.0,-38.0
-3.0,177.0,-261.0,50.0,-89.0,208.0,-585.0,-369.0,236.0,-52.0
-26.0,37.0,-222.0,72.0,-24.0,292.0,-434.0,408.0,233.0,-46.0
-27.0,-106.0,-226.0,84.0,90.0,460.0,-201.0,864.0,226.0,-56.0
-32.0,-9.0,-201.0,58.0,138.0,327.0,44.0,175.0,216.0,-96.0
-25.0,20.0,-98.0,34.0,-81.0,-31.0,331.0,-463.0,201.0,-142.0
-26.0,51.0,-159.0,25.0,-65.0,-173.0,631.0,-918.0,167.0,-160.0
-4.0,147.0,-184.0,3.0,42.0,-189.0,829.0,-763.0,128.0,-186.0
-30.0,318.0,-193.0,-55.0,-40.0,-63.0,752.0,81.0,97.0,-246.0
-68.0,421.0,-217.0,-100.0,-27.0,34.0,430.0,1136.0,44.0,-284.0
-78.0,229.0,-224.0,-114.0,9.0,64.0,118.0,1674.0,0.0,-291.0
-83.0,216.0,-152.0,-145.0,5.0,256.0,-179.0,1056.0,-42.0,-306.0
-73.0,322.0,-103.0,-85.0,146.0,310.0,-539.0,125.0,-69.0,-331.0
-65.0,445.0,-147.0,32.0,137.0,67.0,-900.0,-639.0,-101.0,-336.0
-2.0,487.0,-121.0,107.0,-43.0,-109.0,-1025.0,-770.0,-145.0,-338.0
7.0,156.0,-141.0,166.0,134.0,-85.0,-833.0,-284.0,-158.0,-359.0
8.0,-57.0,-159.0,196.0,26.0,-137.0,-481.0,539.0,-177.0,-365.0
25.0,-95.0,-118.0,193.0,-85.0,-144.0,-104.0,752.0,-188.0,-340.0
25.0,-198.0,-30.0,158.0,13.0,-187.0,244.0,280.0,-192.0,-321.0
49.0,-111.0,-143.0,78.0,-133.0,-393.0,630.0,-99.0,-200.0,-302.0
75.0,133.0,-200.0,-4.0,37.0,-362.0,961.0,-691.0,-202.0,-250.0
116.0,336.0,-138.0,-36.0,131.0,-231.0,1040.0,-715.0,-203.0,-196.0
126.0,456.0,-211.0,-36.0,-63.0,-124.0,848.0,-129.0,-208.0,-157.0
127.0,279.0,-91.0,10.0,-124.0,-98.0,528.0,539.0,-218.0,-123.0
107.0,81.0,-22.0,59.0,-5.0,-181.0,199.0,1112.0,-228.0,-70.0
87.0,17.0,-37.0,13.0,-62.0,-119.0,-135.0,962.0,-232.0,-16.0
74.0,-162.0,-38.0,-71.0,-75.0,-29.0,-447.0,282.0,-201.0,0.0
66.0,-241.0,-32.0,-138.0,78.0,-75.0,-598.0,-432.0,-172.0,8.0
66.0,-237.0,-75.0,-137.0,51.0,-17.0,-536.0,-868.0,-149.0,34.0
47.0,-147.0,-68.0,-94.0,151.0,202.0,-339.0,-960.0,-110.0,66.0
26.0,-37.0,50.0,-42.0,75.0,151.0,-92.0,-25.0,-74.0,74.0
10.0,94.0,7.0,14.0,-42.0,-27.0,117.0,929.0,-44.0,88.0
1.0,21.0,-15.0,9.0,-7.0,-140.0,358.0,1173.0,-11.0,116.0
-1.0,-341.0,-38.0,-13.0,47.0,-313.0,520.0,873.0,28.0,124.0
14.0,-177.0,-46.0,-38.0,81.0,-304.0,448.0,-543.0,46.0,125.0
0.0,-106.0,-74.0,-41.0,-54.0,-213.0,197.0,-794.0,75.0,156.0
1.0,-294.0,-36.0,-17.0,59.0,-104.0,-177.0,-831.0,105.0,183.0
8.0,8.0,-14.0,20.0,147.0,164.0,-584.0,-676.0,114.0,177.0
5.0,198.0,-133.0,49.0,45.0,156.0,-896.0,580.0,118.0,202.0
28.0,100.0,-97.0,27.0,61.0,-162.0,-1058.0,495.0,111.0,209.0
40.0,33.0,-140.0,0.0,-50.0,-327.0,-1142.0,423.0,131.0,191.0
75.0,77.0,-197.0,-18.0,-30.0,-398.0,-985.0,495.0,129.0,177.0
98.0,4.0,-193.0,-22.0,94.0,-418.0,-496.0,145.0,115.0,153.0
105.0,-31.0,-183.0,-18.0,-135.0,-338.0,170.0,-60.0,122.0,144.0
101.0,167.0,-207.0,-3.0,-113.0,-143.0,822.0,-463.0,109.0,104.0
95.0,188.0,-263.0,-30.0,175.0,110.0,1309.0,-338.0,107.0,43.0
83.0,138.0,-233.0,-79.0,58.0,117.0,1638.0,336.0,101.0,-1.0
40.0,12.0,-268.0,-77.0,-102.0,-26.0,1735.0,604.0,105.0,-54.0
17.0,12.0,-251.0,-55.0,-32.0,66.0,1543.0,371.0,113.0,-104.0
7.0,117.0,-208.0,-66.0,-75.0,164.0,1044.0,44.0,114.0,-134.0
25.0,3.0,-232.0,-61.0,-52.0,-20.0,380.0,-336.0,137.0,-148.0
50.0,32.0,-289.0,-12.0,39.0,-10.0,-233.0,-256.0,141.0,-148.0
61.0,278.0,-283.0,14.0,-52.0,148.0,-734.0,-312.0,140.0,-126.0
57.0,488.0,-284.0,57.0,54.0,181.0,-1094.0,-297.0,132.0,-86.0
28.0,410.0,-288.0,89.0,127.0,181.0,-1193.0,419.0,115.0,-38.0
-9.0,200.0,-195.0,89.0,-54.0,-25.0,-1009.0,267.0,109.0,-18.0
-45.0,-252.0,-154.0,75.0,-97.0,-98.0,-653.0,144.0,102.0,6.0
-66.0,-587.0,-174.0,86.0,5.0,150.0,-190.0,-120.0,106.0,59.0
-95.0,-624.0,-138.0,98.0,18.0,161.0,253.0,-740.0,122.0,71.0
-76.0,-860.0,-114.0,42.0,-47.0,-106.0,618.0,-408.0,121.0,67.0
-44.0,-698.0,-149.0,-23.0,-113.0,-108.0,807.0,-304.0,115.0,73.0
-27.0,-268.0,-49.0,-39.0,-58.0,-46.0,773.0,125.0,102.0,86.0
-18.0,-42.0,-13.0,-18.0,113.0,5.0,486.0,295.0,72.0,102.0
-17.0,141.0,-53.0,-22.0,3.0,247.0,-46.0,140.0,43.0,90.0
0.0,212.0,-90.0,4.0,-97.0,311.0,-592.0,101.0,17.0,74.0
-2.0,-48.0,-73.0,-16.0,-50.0,427.0,-955.0,-482.0,-8.0,53.0
29.0,-182.0,-70.0,-30.0,-45.0,454.0,-1065.0,-445.0,-40.0,7.0
43.0,-112.0,-113.0,36.0,-90.0,283.0,-994.0,-260.0,-71.0,-61.0
50.0,-90.0,2.0,74.0,-145.0,236.0,-740.0,16.0,-90.0,-134.0
68.0,145.0,-38.0,86.0,3.0,114.0,-268.0,484.0,-113.0,-208.0
86.0,314.0,-129.0,13.0,1.0,32.0,381.0,582.0,-151.0,-292.0
113.0,472.0,-179.0,-30.0,-74.0,16.0,1045.0,454.0,-186.0,-370.0
131.0,361.0,-207.0,-55.0,6.0,-90.0,1460.0,238.0,-216.0,-428.0
176.0,212.0,-153.0,-100.0,-76.0,-181.0,1567.0,48.0,-232.0,-476.0
178.0,243.0,-159.0,-41.0,-91.0,-106.0,1440.0,-134.0,-217.0,-508.0
220.0,-9.0,-127.0,11.0,39.0,-81.0,1073.0,-88.0,-186.0,-502.0
252.0,-174.0,-95.0,-42.0,-83.0,-140.0,394.0,136.0,-163.0,-483.0
248.0,-313.0,-116.0,-84.0,-133.0,-162.0,-367.0,123.0,-133.0,-451.0
238.0,-468.0,-161.0,-44.0,-23.0,-271.0,-917.0,73.0,-115.0,-423.0
216.0,-581.0,-173.0,10.0,-72.0,-317.0,-1199.0,120.0,-104.0,-385.0
221.0,-520.0,-121.0,124.0,-81.0,-325.0,-1200.0,-310.0,-66.0,-337.0
191.0,-473.0,-103.0,211.0,-26.0,-295.0,-947.0,-554.0,-74.0,-319.0
176.0,-695.0,-144.0,183.0,54.0,-99.0,-464.0,-192.0,-64.0,-286.0
162.0,-572.0,-117.0,186.0,126.0,85.0,181.0,-199.0,-19.0,-258.0
166.0,-358.0,-73.0,197.0,34.0,39.0,794.0,-116.0,17.0,-237.0
141.0,-305.0,-79.0,179.0,12.0,-91.0,1170.0,332.0,59.0,-209.0
125.0,-22.0,-91.0,198.0,153.0,-18.0,1331.0,546.0,75.0,-192.0
103.0,282.0,-106.0,208.0,70.0,119.0,1308.0,620.0,75.0,-179.0
77.0,418.0,-100.0,185.0,-76.0,134.0,980.0,219.0,55.0,-190.0
89.0,374.0,-123.0,144.0,-60.0,104.0,361.0,-242.0,51.0,-204.0
40.0,203.0,-130.0,136.0,11.0,129.0,-244.0,-299.0,43.0,-194.0
25.0,-81.0,-94.0,159.0,56.0,207.0,-645.0,-269.0,43.0,-177.0
-17.0,-301.0,-87.0,162.0,-16.0,234.0,-892.0,-195.0,62.0,-145.0
-59.0,-94.0,-58.0,109.0,-37.0,229.0,-962.0,-334.0,40.0,-104.0
-82.0,-21.0,-13.0,-15.0,49.0,321.0,-846.0,-618.0,46.0,-65.0
-97.0,-215.0,-17.0,-102.0,82.0,369.0,-450.0,-471.0,34.0,-34.0
-99.0,-117.0,6.0,-152.0,-62.0,452.0,154.0,-20.0,-10.0,-9.0
-124.0,-34.0,8.0,-159.0,-132.0,569.0,666.0,362.0,-22.0,27.0
-115.0,-131.0,-3.0,-83.0,-42.0,477.0,953.0,796.0,-46.0,56.0
-113.0,-166.0,37.0,-25.0,-3.0,345.0,1058.0,600.0,-56.0,91.0
-103.0,-173.0,93.0,-27.0,-32.0,200.0,1040.0,109.0,-51.0,124.0
-134.0,-125.0,132.0,-80.0,-91.0,166.0,772.0,-247.0,-54.0,143.0
-139.0,167.0,95.0,-114.0,-57.0,222.0,299.0,-251.0,-68.0,151.0
-129.0,391.0,116.0,-66.0,35.0,40.0,-140.0,467.0,-88.0,135.0
-123.0,465.0,135.0,-20.0,-23.0,-218.0,-401.0,1005.0,-101.0,115.0
-112.0,699.0,116.0,34.0,-72.0,-216.0,-488.0,1189.0,-123.0,99.0
-74.0,675.0,156.0,54.0,-56.0,-50.0,-492.0,661.0,-143.0,98.0
-17.0,340.0,174.0,14.0,-75.0,-19.0,-434.0,123.0,-156.0,106.0
2.0,124.0,119.0,28.0,69.0,-142.0,-199.0,-99.0,-137.0,119.0
57.0,51.0,94.0,36.0,-5.0,-164.0,270.0,-218.0,-97.0,133.0
64.0,-45.0,121.0,76.0,-100.0,151.0,768.0,35.0,-64.0,150.0
91.0,-175.0,57.0,115.0,121.0,353.0,1032.0,-46.0,-45.0,161.0
96.0,-147.0,70.0,83.0,145.0,210.0,948.0,-55.0,-30.0,163.0
93.0,-71.0,70.0,79.0,15.0,98.0,674.0,-136.0,-8.0,174.0
129.0,-23.0,21.0,39.0,-68.0,40.0,271.0,-59.0,-17.0,174.0
132.0,19.0,60.0,-6.0,-7.0,84.0,-245.0,-110.0,1.0,172.0
156.0,-137.0,21.0,6.0,75.0,187.0,-672.0,-511.0,30.0,175.0
167.0,-395.0,61.0,-15.0,66.0,216.0,-929.0,-535.0,53.0,167.0
187.0,-569.0,94.0,-58.0,-3.0,338.0,-958.0,-506.0,93.0,145.0
197.0,-545.0,62.0,-83.0,67.0,519.0,-822.0,-107.0,102.0,124.0
175.0,-403.0,98.0,-108.0,188.0,651.0,-595.0,90.0,120.0,101.0
163.0,-245.0,60.0,-93.0,41.0,677.0,-169.0,323.0,124.0,59.0
167.0,-14.0,26.0,-76.0,-72.0,566.0,442.0,264.0,114.0,11.0
163.0,42.0,47.0,-55.0,-23.0,453.0,1036.0,-434.0,95.0,-26.0
154.0,160.0,39.0,5.0,24.0,288.0,1363.0,-606.0,65.0,-53.0
131.0,443.0,15.0,46.0,-106.0,311.0,1359.0,-563.0,51.0,-80.0
100.0,527.0,9.0,31.0,-78.0,498.0,1131.0,72.0,41.0,-101.0
63.0,483.0,-22.0,33.0,32.0,475.0,793.0,591.0,53.0,-101.0
16.0,375.0,0.0,119.0,38.0,454.0,319.0,572.0,34.0,-90.0
4.0,292.0,-10.0,159.0,149.0,406.0,-229.0,463.0,13.0,-90.0
0.0,276.0,-51.0,140.0,-32.0,338.0,-701.0,-36.0,17.0,-72.0
-10.0,187.0,-50.0,146.0,-102.0,360.0,-1017.0,-323.0,0.0,-58.0
-46.0,-66.0,-116.0,166.0,43.0,293.0,-1085.0,-376.0,-21.0,-60.0
-88.0,-368.0,-83.0,151.0,-82.0,223.0,-951.0,-195.0,-26.0,-39.0
-112.0,-663.0,-109.0,146.0,-126.0,206.0,-631.0,-7.0,-20.0,-11.0
-149.0,-894.0,-139.0,117.0,-31.0,263.0,-140.0,-20.0,-24.0,18.0
-171.0,-904.0,-82.0,27.0,22.0,342.0,338.0,-105.0,-15.0,46.0
-177.0,-749.0,-124.0,-31.0,88.0,229.0,626.0,0.0,-23.0,71.0
-173.0,-556.0,-97.0,-66.0,15.0,88.0,725.0,365.0,-26.0,103.0
-151.0,-459.0,-90.0,-93.0,16.0,-37.0,688.0,358.0,-33.0,126.0
-138.0,-299.0,-45.0,-128.0,104.0,-131.0,508.0,20.0,-52.0,138.0
-121.0,-130.0,4.0,-131.0,-38.0,-100.0,239.0,-208.0,-37.0,153.0
-127.0,142.0,12.0,-118.0,-13.0,-143.0,-64.0,12.0,-60.0,166.0
-142.0,401.0,69.0,-113.0,-19.0,-87.0,-362.0,205.0,-53.0,166.0
-152.0,452.0,38.0,-122.0,-47.0,-25.0,-529.0,192.0,-12.0,172.0
-166.0,810.0,79.0,-132.0,130.0,-160.0,-481.0,206.0,3.0,201.0
-170.0,966.0,106.0,-74.0,97.0,-229.0,-309.0,96.0,22.0,217.0
-174.0,785.0,86.0,-62.0,71.0,-115.0,-138.0,197.0,30.0,206.0
-146.0,620.0,133.0,-83.0,119.0,86.0,-5.0,147.0,37.0,194.0
-134.0,358.0,90.0,-43.0,99.0,164.0,204.0,-40.0,33.0,185.0
-117.0,-7.0,84.0,-4.0,88.0,109.0,419.0,-18.0,33.0,156.0
-126.0,-537.0,114.0,-20.0,66.0,52.0,375.0,-192.0,51.0,112.0
-135.0,-802.0,94.0,5.0,67.0,131.0,37.0,-35.0,61.0,97.0
-127.0,-694.0,87.0,24.0,78.0,161.0,-366.0,245.0,53.0,98.0
-124.0,-360.0,55.0,-27.0,80.0,164.0,-545.0,229.0,44.0,87.0
-104.0,-191.0,0.0,-13.0,6.0,346.0,-571.0,145.0,25.0,92.0
-103.0,-180.0,-37.0,27.0,-39.0,438.0,-609.0,-253.0,-22.0,113.0
-78.0,39.0,-29.0,93.0,-9.0,532.0,-662.0,-184.0,-61.0,138.0
-89.0,159.0,-64.0,162.0,-52.0,476.0,-644.0,-271.0,-88.0,158.0
-93.0,154.0,-88.0,174.0,-158.0,329.0,-384.0,-646.0,-94.0,189.0
-93.0,38.0,-75.0,167.0,-198.0,376.0,27.0,-271.0,-94.0,227.0
-87.0,68.0,-122.0,133.0,-2.0,241.0,386.0,-1.0,-94.0,262.0
-84.0,176.0,-111.0,93.0,-43.0,245.0,668.0,158.0,-75.0,314.0
-75.0,143.0,-98.0,53.0,-80.0,417.0,853.0,68.0,-78.0,346.0
-35.0,142.0,-105.0,24.0,81.0,348.0,787.0,-121.0,-80.0,359.0
-6.0,64.0,-67.0,30.0,19.0,200.0,358.0,-376.0,-78.0,353.0
52.0,79.0,-82.0,44.0,107.0,49.0,-277.0,-687.0,-83.0,333.0
71.0,97.0,-102.0,-9.0,-9.0,123.0,-799.0,-242.0,-60.0,325.0
117.0,-13.0,-45.0,-58.0,-151.0,277.0,-1058.0,-81.0,-36.0,303.0
160.0,-139.0,-51.0,-38.0,10.0,132.0,-1095.0,-101.0,-1.0,285.0
217.0,-41.0,-19.0,1.0,53.0,-53.0,-1022.0,18.0,49.0,279.0
239.0,151.0,40.0,78.0,-57.0,-53.0,-941.0,-327.0,51.0,262.0
254.0,232.0,-8.0,107.0,-33.0,60.0,-754.0,-705.0,67.0,231.0
289.0,368.0,8.0,56.0,60.0,45.0,-358.0,-644.0,94.0,183.0
278.0,411.0,0.0,12.0,40.0,-19.0,92.0,-210.0,95.0,133.0
303.0,469.0,-46.0,21.0,91.0,-1.0,446.0,24.0,111.0,68.0
277.0,430.0,-70.0,71.0,-25.0,0.0,737.0,339.0,120.0,13.0
279.0,256.0,-90.0,124.0,46.0,160.0,868.0,613.0,142.0,11.0
263.0,81.0,-100.0,140.0,111.0,204.0,665.0,622.0,163.0,26.0
250.0,48.0,-100.0,104.0,22.0,117.0,163.0,533.0,179.0,26.0
224.0,147.0,-90.0,66.0,44.0,179.0,-328.0,297.0,171.0,34.0
182.0,-112.0,-131.0,13.0,19.0,256.0,-592.0,142.0,141.0,36.0
148.0,-347.0,-122.0,3.0,135.0,316.0,-763.0,-44.0,133.0,26.0
103.0,-209.0,-99.0,37.0,30.0,189.0,-958.0,55.0,119.0,34.0
93.0,63.0,-75.0,61.0,-144.0,-47.0,-1078.0,-81.0,117.0,60.0
43.0,180.0,-46.0,50.0,-90.0,-123.0,-972.0,144.0,112.0,103.0
38.0,-84.0,-63.0,3.0,-30.0,75.0,-676.0,716.0,112.0,147.0
6.0,-247.0,-53.0,27.0,-77.0,306.0,-267.0,240.0,118.0,205.0
-10.0,-316.0,-29.0,86.0,-34.0,245.0,101.0,-330.0,116.0,256.0
-43.0,-567.0,-57.0,102.0,-43.0,134.0,353.0,-317.0,107.0,281.0
-80.0,-671.0,-65.0,119.0,-22.0,135.0,542.0,192.0,78.0,300.0
-94.0,-631.0,-77.0,109.0,138.0,65.0,552.0,73.0,60.0,306.0
-124.0,-529.0,-94.0,44.0,-23.0,7.0,312.0,-365.0,29.0,310.0
-128.0,-359.0,-54.0,-41.0,-50.0,56.0,-127.0,-886.0,5.0,325.0
-149.0,-58.0,-73.0,-117.0,-14.0,114.0,-565.0,-530.0,0.0,368.0
-126.0,124.0,-86.0,-116.0,-17.0,248.0,-912.0,572.0,-2.0,399.0
-129.0,150.0,-74.0,-93.0,63.0,363.0,-1266.0,153.0,-3.0,421.0
-123.0,312.0,-113.0,-86.0,-60.0,219.0,-1514.0,-445.0,-10.0,436.0
-122.0,404.0,-98.0,-42.0,1.0,-27.0,-1395.0,-670.0,7.0,396.0
-127.0,372.0,-80.0,-25.0,188.0,-51.0,-882.0,-343.0,19.0,346.0
-130.0,198.0,-102.0,-42.0,29.0,18.0,-268.0,-899.0,16.0,280.0
-124.0,149.0,-131.0,-44.0,-61.0,18.0,158.0,-395.0,38.0,198.0
-86.0,173.0,-129.0,-24.0,63.0,29.0,394.0,833.0,71.0,111.0
-69.0,116.0,-129.0,17.0,-38.0,27.0,586.0,-162.0,95.0,30.0
-39.0,60.0,-112.0,89.0,-121.0,9.0,691.0,-513.0,127.0,-11.0
-27.0,122.0,-95.0,140.0,-143.0,-29.0,593.0,-179.0,161.0,-64.0
0.0,406.0,-129.0,184.0,-94.0,-119.0,222.0,591.0,185.0,-112.0
16.0,231.0,-86.0,249.0,94.0,-212.0,-269.0,-271.0,201.0,-152.0
15.0,57.0,-109.0,295.0,63.0,-253.0,-595.0,-964.0,199.0,-192.0
25.0,212.0,-108.0,301.0,-35.0,-318.0,-740.0,-51.0,201.0,-196.0
35.0,19.0,-81.0,266.0,24.0,-375.0,-784.0,-145.0,196.0,-199.0
42.0,-22.0,-126.0,233.0,1.0,-230.0,-661.0,539.0,178.0,-193.0
49.0,169.0,-47.0,163.0,-29.0,-20.0,-302.0,327.0,159.0,-187.0
41.0,43.0,-39.0,87.0,-42.0,77.0,180.0,-487.0,145.0,-203.0
41.0,-83.0,-25.0,48.0,-231.0,140.0,548.0,604.0,123.0,-206.0
31.0,143.0,30.0,75.0,1.0,199.0,635.0,-1407.0,125.0,-199.0
9.0,278.0,-5.0,177.0,111.0,185.0,580.0,-2095.0,133.0,-191.0
10.0,17.0,34.0,215.0,-227.0,-14.0,502.0,1775.0,93.0,-183.0
-11.0,-24.0,29.0,186.0,-74.0,-54.0,292.0,190.0,69.0,-151.0
5.0,7.0,-9.0,107.0,44.0,59.0,-98.0,251.0,43.0,-124.0
16.0,-357.0,56.0,38.0,0.0,17.0,-615.0,1625.0,-12.0,-116.0
9.0,-486.0,62.0,21.0,18.0,16.0,-1038.0,-966.0,-50.0,-85.0
14.0,-389.0,58.0,12.0,-130.0,64.0,-1190.0,-1201.0,-86.0,-72.0
-11.0,-356.0,115.0,-6.0,-93.0,219.0,-1122.0,-953.0,-140.0,-56.0
-34.0,-250.0,98.0,-31.0,0.0,254.0,-927.0,478.0,-173.0,-17.0
-69.0,-162.0,103.0,-38.0,-61.0,91.0,-564.0,325.0,-179.0,30.0
-95.0,-29.0,106.0,-60.0,12.0,-8.0,-65.0,397.0,-193.0,81.0
-93.0,-2.0,44.0,-100.0,33.0,-8.0,390.0,766.0,-191.0,127.0
-92.0,-89.0,73.0,-115.0,-34.0,135.0,560.0,-96.0,-183.0,178.0
-74.0,64.0,100.0,-122.0,68.0,222.0,409.0,11.0,-183.0,206.0
-60.0,58.0,67.0,-150.0,55.0,162.0,279.0,-2307.0,-161.0,230.0
-51.0,-128.0,74.0,-123.0,37.0,43.0,255.0,-1472.0,-139.0,250.0
-42.0,-65.0,57.0,-89.0,62.0,-106.0,169.0,-35.0,-116.0,256.0
-47.0,46.0,64.0,-86.0,13.0,-267.0,-52.0,149.0,-62.0,277.0
-43.0,104.0,16.0,-54.0,74.0,-304.0,-301.0,1201.0,-8.0,298.0
-74.0,-3.0,-68.0,-57.0,40.0,-294.0,-447.0,-443.0,50.0,306.0
-92.0,-22.0,-34.0,-78.0,22.0,-335.0,-409.0,60.0,113.0,306.0
-98.0,149.0,-69.0,-63.0,77.0,-253.0,-161.0,-423.0,146.0,298.0
-107.0,290.0,-129.0,-23.0,-55.0,-133.0,130.0,-2499.0,199.0,280.0
-95.0,396.0,-157.0,3.0,-97.0,-86.0,427.0,-171.0,242.0,261.0
-98.0,396.0,-164.0,10.0,12.0,-198.0,622.0,-201.0,240.0,242.0
-84.0,439.0,-130.0,48.0,-74.0,-293.0,621.0,-881.0,254.0,214.0
-64.0,253.0,-178.0,80.0,-75.0,-158.0,458.0,1413.0,248.0,185.0
-43.0,97.0,-197.0,86.0,23.0,-44.0,155.0,-7.0,209.0,149.0
-25.0,51.0,-178.0,113.0,-93.0,-7.0,-112.0,-1322.0,191.0,103.0
-34.0,-145.0,-191.0,91.0,-12.0,-24.0,-356.0,-705.0,174.0,53.0
-70.0,-16.0,-136.0,68.0,33.0,-29.0,-666.0,-722.0,143.0,3.0
-87.0,-163.0,-71.0,71.0,-64.0,-33.0,-930.0,-818.0,108.0,-46.0
-79.0,-543.0,-103.0,41.0,7.0,-90.0,-978.0,-873.0,61.0,-77.0
-58.0,-562.0,-103.0,-55.0,-95.0,-48.0,-774.0,136.0,22.0,-94.0
-36.0,-403.0,-93.0,-157.0,-43.0,-35.0,-406.0,-153.0,-5.0,-107.0
-11.0,-284.0,-138.0,-134.0,93.0,-66.0,-18.0,341.0,-46.0,-87.0
11.0,-358.0,-68.0,-109.0,-100.0,-152.0,317.0,5.0,-62.0,-37.0
4.0,-86.0,-49.0,-83.0,-76.0,-108.0,593.0,-1799.0,-64.0,23.0
-4.0,204.0,-50.0,-57.0,40.0,86.0,705.0,-742.0,-70.0,69.0
-57.0,178.0,-51.0,-46.0,-4.0,-105.0,602.0,-142.0,-79.0,119.0
-73.0,142.0,-105.0,-19.0,59.0,-382.0,283.0,593.0,-91.0,166.0
-52.0,147.0,-63.0,-20.0,-44.0,-422.0,-49.0,1043.0,-104.0,199.0
-23.0,215.0,-72.0,-24.0,-82.0,-254.0,-257.0,310.0,-118.0,243.0
14.0,26.0,-24.0,-63.0,35.0,-62.0,-470.0,563.0,-115.0,274.0
24.0,-89.0,-16.0,-89.0,-105.0,-212.0,-719.0,-72.0,-117.0,308.0
40.0,-185.0,-61.0,-69.0,30.0,-486.0,-907.0,-1382.0,-120.0,332.0
14.0,-268.0,-85.0,-42.0,173.0,-537.0,-834.0,-1204.0,-122.0,333.0
-12.0,-55.0,-78.0,-26.0,5.0,-423.0,-452.0,-208.0,-112.0,344.0
-38.0,13.0,-19.0,-17.0,134.0,-493.0,38.0,820.0,-109.0,360.0
-46.0,44.0,-54.0,3.0,87.0,-613.0,460.0,1443.0,-129.0,370.0
-27.0,89.0,34.0,5.0,-33.0,-494.0,763.0,424.0,-147.0,384.0
0.0,66.0,22.0,12.0,216.0,-419.0,955.0,-613.0,-171.0,394.0
16.0,-125.0,-72.0,28.0,118.0,-684.0,953.0,-1365.0,-177.0,411.0
-4.0,-338.0,-38.0,48.0,0.0,-767.0,713.0,-1271.0,-195.0,408.0
-17.0,-300.0,-45.0,52.0,177.0,-458.0,447.0,-397.0,-201.0,395.0
-47.0,-130.0,4.0,-3.0,27.0,-361.0,295.0,-393.0,-192.0,385.0
-72.0,135.0,69.0,-79.0,81.0,-409.0,132.0,448.0,-196.0,330.0
-97.0,361.0,92.0,-152.0,206.0,-465.0,-134.0,668.0,-182.0,268.0
-111.0,444.0,118.0,-196.0,-65.0,-352.0,-472.0,-266.0,-173.0,209.0
-122.0,356.0,124.0,-243.0,-24.0,-5.0,-690.0,-757.0,-161.0,150.0
-130.0,285.0,117.0,-301.0,17.0,173.0,-646.0,-923.0,-141.0,105.0
-102.0,255.0,116.0,-311.0,-73.0,197.0,-456.0,-611.0,-128.0,78.0
-84.0,155.0,112.0,-273.0,-20.0,156.0,-267.0,-157.0,-121.0,75.0
-81.0,-53.0,77.0,-187.0,-34.0,118.0,-42.0,123.0,-112.0,64.0
-93.0,-65.0,78.0,-128.0,21.0,131.0,99.0,-282.0,-107.0,59.0
-93.0,174.0,59.0,-79.0,96.0,235.0,18.0,27.0,-99.0,57.0
-88.0,260.0,49.0,-57.0,80.0,251.0,-176.0,556.0,-77.0,37.0
-91.0,283.0,78.0,-38.0,44.0,52.0,-311.0,-506.0,-65.0,19.0
-77.0,371.0,23.0,-17.0,-27.0,12.0,-255.0,-837.0,-56.0,15.0
-42.0,538.0,40.0,-40.0,-71.0,73.0,-157.0,-94.0,-45.0,48.0
-27.0,483.0,31.0,-3.0,7.0,122.0,-166.0,356.0,-35.0,85.0
0.0,411.0,6.0,51.0,-111.0,131.0,-233.0,423.0,-29.0,108.0
12.0,435.0,18.0,109.0,-99.0,2.0,-195.0,199.0,-40.0,152.0
29.0,318.0,-40.0,165.0,129.0,-50.0,65.0,-53.0,-56.0,191.0
82.0,353.0,-25.0,233.0,55.0,-8.0,438.0,-831.0,-60.0,192.0
79.0,311.0,-44.0,297.0,28.0,-31.0,760.0,-957.0,-70.0,174.0
87.0,2.0,-42.0,266.0,-67.0,-86.0,986.0,-136.0,-85.0,159.0
83.0,-59.0,-33.0,211.0,-52.0,-65.0,1072.0,-434.0,-94.0,130.0
89.0,237.0,-59.0,171.0,147.0,-154.0,947.0,-543.0,-115.0,102.0
93.0,224.0,-35.0,114.0,-39.0,-312.0,637.0,317.0,-148.0,85.0
52.0,-224.0,-59.0,64.0,-131.0,-243.0,246.0,399.0,-163.0,76.0
32.0,-363.0,-87.0,33.0,89.0,-183.0,-76.0,432.0,-169.0,76.0
10.0,-263.0,-65.0,-31.0,137.0,-335.0,-300.0,-12.0,-183.0,81.0
1.0,-363.0,-75.0,-85.0,-5.0,-468.0,-443.0,-896.0,-179.0,95.0
-13.0,-323.0,-105.0,-93.0,-80.0,-379.0,-594.0,-467.0,-163.0,118.0
-21.0,-420.0,-85.0,-119.0,-131.0,-246.0,-772.0,212.0,-141.0,141.0
-23.0,-380.0,-89.0,-153.0,-15.0,-236.0,-807.0,168.0,-115.0,152.0
-57.0,-115.0,-60.0,-159.0,36.0,-248.0,-680.0,-266.0,-92.0,178.0
-77.0,-103.0,-43.0,-152.0,-125.0,-165.0,-492.0,-424.0,-78.0,187.0
-107.0,180.0,-63.0,-119.0,21.0,59.0,-308.0,-530.0,-61.0,175.0
-171.0,337.0,-39.0,-89.0,142.0,87.0,-162.0,-473.0,-36.0,174.0
-172.0,481.0,-59.0,-88.0,100.0,-116.0,-46.0,57.0,-25.0,149.0
-153.0,437.0,-56.0,-78.0,44.0,-250.0,54.0,120.0,-15.0,112.0
-144.0,88.0,-51.0,-65.0,-79.0,-341.0,79.0,-194.0,-7.0,91.0
-128.0,281.0,-65.0,-57.0,-1.0,-348.0,131.0,25.0,6.0,94.0
-146.0,382.0,-61.0,-48.0,125.0,-290.0,298.0,622.0,3.0,97.0
-170.0,342.0,-53.0,-45.0,22.0,-181.0,450.0,824.0,-17.0,124.0
-222.0,238.0,-26.0,-57.0,-53.0,-152.0,433.0,709.0,-22.0,179.0
-214.0,58.0,-31.0,-66.0,87.0,-156.0,244.0,31.0,-52.0,219.0
-208.0,92.0,-23.0,-55.0,139.0,-24.0,146.0,-709.0,-77.0,256.0
-207.0,-2.0,-1.0,7.0,38.0,81.0,218.0,-685.0,-98.0,282.0
-164.0,-63.0,34.0,93.0,-80.0,194.0,345.0,-33.0,-118.0,310.0
-167.0,-111.0,37.0,103.0,-51.0,276.0,326.0,436.0,-136.0,314.0
-154.0,-118.0,59.0,67.0,104.0,361.0,172.0,413.0,-153.0,277.0
-162.0,-52.0,80.0,37.0,-10.0,315.0,102.0,-188.0,-134.0,259.0
-151.0,-176.0,33.0,0.0,-117.0,96.0,101.0,-1079.0,-130.0,243.0
-156.0,-132.0,65.0,-55.0,8.0,16.0,112.0,-739.0,-126.0,209.0
-182.0,-27.0,39.0,-76.0,-44.0,45.0,52.0,-419.0,-125.0,183.0
-160.0,-149.0,15.0,-48.0,-133.0,60.0,-38.0,-365.0,-131.0,188.0
-168.0,-287.0,41.0,-39.0,-105.0,-125.0,-87.0,-303.0,-122.0,202.0
-124.0,-414.0,-35.0,-3.0,-67.0,-279.0,-144.0,-240.0,-134.0,187.0
-90.0,-369.0,-40.0,-13.0,6.0,-202.0,-318.0,864.0,-124.0,183.0
-75.0,-300.0,-25.0,-65.0,-18.0,-122.0,-544.0,1042.0,-98.0,206.0
-36.0,-259.0,-56.0,-84.0,49.0,-124.0,-626.0,94.0,-80.0,198.0
-27.0,-40.0,-43.0,-100.0,122.0,-110.0,-557.0,-622.0,-70.0,175.0
11.0,48.0,-75.0,-84.0,20.0,-118.0,-424.0,-600.0,-66.0,178.0
23.0,-13.0,-96.0,-73.0,87.0,-334.0,-339.0,153.0,-80.0,150.0
31.0,23.0,-114.0,-41.0,29.0,-522.0,-273.0,280.0,-98.0,85.0
33.0,114.0,-172.0,-24.0,-131.0,-521.0,-161.0,46.0,-118.0,25.0
7.0,116.0,-133.0,9.0,-1.0,-368.0,-31.0,476.0,-148.0,-11.0
12.0,99.0,-131.0,47.0,48.0,-252.0,24.0,739.0,-149.0,-46.0
11.0,69.0,-129.0,60.0,-75.0,-160.0,46.0,88.0,-144.0,-101.0
18.0,-61.0,-92.0,83.0,-60.0,135.0,137.0,-288.0,-131.0,-108.0
25.0,-61.0,-140.0,1.0,-22.0,306.0,299.0,-216.0,-104.0,-74.0
32.0,25.0,-106.0,-70.0,-85.0,206.0,422.0,-410.0,-77.0,-59.0
35.0,-487.0,-107.0,-100.0,-140.0,22.0,338.0,-3.0,-52.0,-49.0
33.0,-717.0,-118.0,-92.0,-140.0,-69.0,278.0,64.0,-40.0,-22.0
27.0,-304.0,-79.0,-6.0,29.0,172.0,304.0,118.0,-26.0,6.0
33.0,-272.0,-123.0,27.0,80.0,349.0,285.0,533.0,-18.0,4.0
53.0,-129.0,-121.0,-27.0,-23.0,183.0,233.0,291.0,-6.0,-20.0
62.0,140.0,-116.0,-91.0,10.0,133.0,126.0,360.0,18.0,-19.0
56.0,451.0,-128.0,-116.0,20.0,301.0,38.0,-153.0,34.0,-23.0
42.0,601.0,-116.0,-83.0,-65.0,290.0,-28.0,88.0,26.0,-46.0
58.0,574.0,-67.0,-45.0,-129.0,98.0,-84.0,737.0,24.0,-34.0
29.0,494.0,-6.0,3.0,-62.0,237.0,-148.0,388.0,16.0,-17.0
29.0,184.0,-13.0,75.0,-7.0,410.0,-155.0,-393.0,3.0,-25.0
6.0,0.0,15.0,38.0,42.0,267.0,-71.0,-1635.0,-7.0,-56.0
-25.0,-456.0,17.0,0.0,63.0,148.0,1.0,-755.0,-20.0,-72.0
-32.0,-729.0,4.0,-35.0,0.0,235.0,-30.0,596.0,-24.0,-66.0
-69.0,-554.0,34.0,-109.0,-2.0,367.0,-132.0,485.0,-38.0,-101.0
-58.0,-319.0,11.0,-169.0,40.0,233.0,-172.0,-508.0,-49.0,-115.0
-66.0,-216.0,0.0,-231.0,40.0,-10.0,-172.0,-820.0,-65.0,-105.0
-40.0,-283.0,-41.0,-206.0,-90.0,-119.0,-185.0,216.0,-62.0,-106.0
-43.0,-10.0,-37.0,-157.0,-107.0,-41.0,-234.0,580.0,-71.0,-116.0
-54.0,91.0,-18.0,-137.0,-32.0,-156.0,-265.0,759.0,-80.0,-155.0
-51.0,-86.0,-66.0,-91.0,-41.0,-457.0,-299.0,147.0,-69.0,-167.0
-61.0,-133.0,-70.0,-31.0,-28.0,-423.0,-314.0,-511.0,-69.0,-185.0
-46.0,-170.0,-137.0,37.0,-44.0,-256.0,-277.0,-158.0,-64.0,-233.0
-56.0,-21.0,-159.0,65.0,-8.0,-202.0,-151.0,-66.0,-61.0,-252.0
-54.0,28.0,-144.0,-71.0,0.0,-300.0,87.0,-201.0,-49.0,-283.0
-44.0,25.0,-184.0,-176.0,-112.0,-330.0,239.0,-184.0,-69.0,-327.0
-10.0,196.0,-185.0,-162.0,-53.0,-300.0,255.0,264.0,-68.0,-333.0
-3.0,183.0,-202.0,-194.0,35.0,-428.0,143.0,105.0,-45.0,-307.0
8.0,51.0,-163.0,-213.0,51.0,-517.0,35.0,-166.0,-49.0,-278.0
12.0,-122.0,-144.0,-193.0,183.0,-525.0,54.0,-485.0,-43.0,-245.0
24.0,38.0,-137.0,-161.0,89.0,-448.0,119.0,-1317.0,-52.0,-191.0
36.0,202.0,-104.0,-112.0,40.0,-418.0,119.0,-388.0,-38.0,-127.0
53.0,-32.0,-144.0,6.0,168.0,-463.0,-23.0,1188.0,-33.0,-78.0
84.0,-38.0,-111.0,77.0,26.0,-444.0,-186.0,1882.0,-45.0,-20.0
65.0,5.0,-118.0,31.0,-13.0,-471.0,-232.0,1733.0,-53.0,48.0
95.0,-160.0,-124.0,-11.0,67.0,-412.0,-168.0,580.0,-68.0,97.0
76.0,-175.0,-77.0,24.0,134.0,-202.0,-28.0,-657.0,-80.0,104.0
85.0,53.0,-126.0,10.0,136.0,-3.0,194.0,-1380.0,-88.0,96.0
108.0,243.0,-171.0,-138.0,-4.0,177.0,467.0,-456.0,-92.0,89.0
125.0,421.0,-173.0,-253.0,25.0,229.0,684.0,330.0,-107.0,43.0
141.0,334.0,-174.0,-272.0,79.0,68.0,699.0,371.0,-92.0,15.0
110.0,210.0,-157.0,-176.0,-18.0,-44.0,602.0,862.0,-65.0,-1.0
123.0,387.0,-131.0,-91.0,-72.0,47.0,445.0,243.0,-48.0,-18.0
116.0,265.0,-214.0,-15.0,-70.0,190.0,219.0,-321.0,-27.0,-16.0
106.0,34.0,-194.0,126.0,-39.0,363.0,4.0,-201.0,-15.0,-25.0
92.0,-151.0,-192.0,137.0,91.0,416.0,-291.0,-345.0,0.0,-15.0
77.0,-164.0,-246.0,20.0,-44.0,235.0,-539.0,-443.0,7.0,-16.0
60.0,-87.0,-200.0,-77.0,-162.0,91.0,-638.0,-149.0,6.0,-31.0
52.0,-309.0,-196.0,-169.0,55.0,31.0,-602.0,561.0,-4.0,-32.0
30.0,-494.0,-208.0,-266.0,-65.0,-35.0,-511.0,881.0,1.0,-19.0
22.0,-411.0,-233.0,-238.0,-74.0,-77.0,-361.0,642.0,15.0,-29.0
35.0,-130.0,-150.0,-95.0,27.0,-112.0,-39.0,-288.0,27.0,-37.0
49.0,-156.0,-159.0,-15.0,-113.0,-253.0,326.0,-936.0,28.0,-16.0
38.0,-312.0,-128.0,-81.0,73.0,-584.0,562.0,-456.0,1.0,-18.0
7.0,-69.0,-95.0,-145.0,50.0,-668.0,508.0,-83.0,-2.0,-31.0
36.0,115.0,-145.0,-117.0,-236.0,-371.0,350.0,-489.0,2.0,-60.0
12.0,-129.0,-55.0,-124.0,-28.0,-230.0,241.0,-727.0,-9.0,-84.0
-13.0,-433.0,-48.0,-112.0,102.0,-302.0,179.0,-469.0,-9.0,-118.0
-34.0,-424.0,-9.0,4.0,-184.0,-338.0,73.0,-537.0,-20.0,-149.0
-31.0,-305.0,-2.0,74.0,-54.0,-343.0,-153.0,79.0,-60.0,-135.0
-8.0,-222.0,27.0,-9.0,13.0,-319.0,-255.0,585.0,-61.0,-133.0
10.0,-198.0,42.0,-70.0,-70.0,-200.0,-230.0,190.0,-81.0,-124.0
18.0,-89.0,-44.0,33.0,142.0,-52.0,-129.0,402.0,-104.0,-106.0
27.0,74.0,-66.0,136.0,-51.0,4.0,-35.0,696.0,-91.0,-85.0
29.0,178.0,-92.0,89.0,-36.0,-81.0,2.0,761.0,-101.0,-74.0
-10.0,283.0,-77.0,-56.0,87.0,-252.0,72.0,136.0,-92.0,-85.0
0.0,386.0,-107.0,-134.0,-75.0,-251.0,89.0,-630.0,-80.0,-80.0
-23.0,657.0,-93.0,-62.0,-4.0,-47.0,1.0,-177.0,-82.0,-75.0
-18.0,592.0,-92.0,113.0,6.0,155.0,-202.0,5.0,-65.0,-67.0
-50.0,312.0,-155.0,259.0,35.0,346.0,-338.0,-110.0,-51.0,-55.0
-42.0,250.0,-156.0,161.0,104.0,399.0,-356.0,275.0,-29.0,-29.0
15.0,135.0,-144.0,18.0,-12.0,358.0,-364.0,123.0,2.0,-8.0
29.0,26.0,-160.0,6.0,-50.0,387.0,-291.0,-229.0,19.0,0.0
72.0,-270.0,-176.0,-17.0,100.0,333.0,-137.0,-480.0,71.0,28.0
54.0,-360.0,-123.0,-79.0,-45.0,267.0,35.0,-275.0,119.0,35.0
65.0,-273.0,-116.0,-118.0,-126.0,175.0,107.0,192.0,127.0,23.0
48.0,-315.0,-148.0,-103.0,1.0,106.0,118.0,101.0,146.0,5.0
41.0,-175.0,-205.0,-117.0,8.0,321.0,220.0,242.0,137.0,-23.0
44.0,-187.0,-203.0,-97.0,81.0,447.0,395.0,175.0,143.0,-41.0
55.0,-119.0,-193.0,-18.0,-136.0,299.0,550.0,-5.0,144.0,-72.0
92.0,-90.0,-236.0,41.0,-151.0,146.0,578.0,-25.0,100.0,-108.0
104.0,-358.0,-142.0,140.0,11.0,9.0,429.0,-304.0,80.0,-139.0
100.0,-376.0,-160.0,227.0,-110.0,-142.0,259.0,-327.0,49.0,-165.0
78.0,-408.0,-195.0,138.0,-59.0,-202.0,203.0,24.0,12.0,-195.0
69.0,-538.0,-154.0,24.0,-9.0,-129.0,207.0,474.0,-11.0,-226.0
41.0,-640.0,-169.0,-15.0,9.0,-188.0,216.0,476.0,-37.0,-243.0
42.0,-605.0,-139.0,-74.0,57.0,-350.0,260.0,155.0,-53.0,-282.0
10.0,-297.0,-116.0,-106.0,-59.0,-415.0,317.0,-142.0,-80.0,-315.0
20.0,-167.0,-45.0,-145.0,-91.0,-338.0,289.0,136.0,-86.0,-344.0
9.0,-43.0,4.0,-152.0,37.0,-200.0,205.0,328.0,-81.0,-391.0
-11.0,212.0,-37.0,-80.0,-49.0,-118.0,88.0,35.0,-89.0,-417.0
-21.0,296.0,-83.0,-39.0,-19.0,-33.0,-45.0,234.0,-90.0,-444.0
-69.0,236.0,-26.0,-96.0,50.0,-66.0,-163.0,219.0,-88.0,-460.0
-65.0,290.0,-4.0,-77.0,-131.0,-135.0,-258.0,-77.0,-89.0,-449.0
-107.0,277.0,-36.0,-66.0,74.0,-244.0,-338.0,-147.0,-88.0,-441.0
-106.0,106.0,54.0,-168.0,77.0,-369.0,-414.0,-1.0,-76.0,-419.0
-107.0,25.0,35.0,-225.0,-165.0,-233.0,-280.0,-234.0,-62.0,-387.0
-103.0,-37.0,-42.0,-201.0,-28.0,-18.0,35.0,-971.0,-15.0,-371.0
-108.0,39.0,-51.0,-92.0,-86.0,56.0,289.0,-585.0,36.0,-351.0
-150.0,48.0,-69.0,-50.0,-90.0,10.0,414.0,190.0,72.0,-307.0
-162.0,140.0,-51.0,-103.0,13.0,101.0,462.0,655.0,114.0,-269.0
-170.0,203.0,14.0,-184.0,-71.0,362.0,486.0,1261.0,143.0,-239.0
-179.0,92.0,1.0,-170.0,13.0,480.0,435.0,569.0,165.0,-200.0
-212.0,108.0,-1.0,-131.0,59.0,413.0,252.0,-513.0,175.0,-167.0
-203.0,-26.0,-21.0,-169.0,-69.0,411.0,-9.0,-1038.0,187.0,-153.0
-216.0,-91.0,-110.0,-155.0,-55.0,603.0,-251.0,-1110.0,193.0,-175.0
-197.0,-285.0,-80.0,-93.0,-28.0,659.0,-457.0,-336.0,209.0,-201.0
-180.0,-541.0,-76.0,-61.0,-19.0,464.0,-649.0,447.0,218.0,-227.0
-161.0,-435.0,-87.0,-53.0,109.0,338.0,-799.0,1182.0,194.0,-288.0
-135.0,-313.0,-91.0,-27.0,11.0,327.0,-737.0,977.0,182.0,-342.0
-123.0,-284.0,-81.0,-96.0,6.0,248.0,-444.0,-64.0,165.0,-349.0
-91.0,-43.0,-69.0,-167.0,222.0,92.0,-61.0,-901.0,142.0,-366.0
-94.0,205.0,-120.0,-155.0,30.0,-73.0,266.0,-1367.0,97.0,-385.0
-49.0,-4.0,-117.0,-96.0,-85.0,-297.0,471.0,-807.0,46.0,-366.0
-43.0,-141.0,-128.0,-17.0,-18.0,-517.0,589.0,168.0,17.0,-345.0
-24.0,-79.0,-134.0,45.0,-98.0,-500.0,610.0,818.0,-20.0,-339.0
-8.0,-141.0,-108.0,60.0,52.0,-245.0,542.0,567.0,-40.0,-344.0
9.0,-135.0,-87.0,-42.0,59.0,18.0,324.0,14.0,-62.0,-311.0
47.0,-95.0,-85.0,-128.0,-62.0,27.0,65.0,-266.0,-95.0,-285.0
46.0,-11.0,-84.0,-159.0,107.0,-154.0,-186.0,-262.0,-103.0,-291.0
102.0,93.0,-50.0,-92.0,28.0,-347.0,-437.0,282.0,-96.0,-280.0
124.0,118.0,-20.0,66.0,-155.0,-506.0,-598.0,556.0,-95.0,-283.0
122.0,136.0,-4.0,192.0,-78.0,-474.0,-629.0,1121.0,-77.0,-316.0
107.0,192.0,6.0,148.0,-138.0,-328.0,-461.0,1274.0,-54.0,-380.0
90.0,354.0,29.0,-51.0,-110.0,-261.0,-193.0,545.0,-35.0,-419.0
74.0,345.0,42.0,-193.0,33.0,-450.0,132.0,-110.0,-13.0,-449.0
76.0,232.0,27.0,-217.0,-50.0,-590.0,334.0,-1040.0,-20.0,-494.0
84.0,109.0,9.0,-130.0,93.0,-297.0,383.0,-1311.0,-24.0,-514.0
77.0,-7.0,3.0,-22.0,181.0,-15.0,431.0,-465.0,-34.0,-493.0
94.0,-49.0,3.0,32.0,-12.0,-15.0,399.0,1095.0,-31.0,-458.0
90.0,-229.0,-23.0,4.0,-9.0,-106.0,247.0,1967.0,-11.0,-441.0
80.0,-91.0,-46.0,-81.0,-38.0,10.0,-26.0,1232.0,-10.0,-408.0
57.0,51.0,-3.0,-180.0,2.0,204.0,-229.0,-214.0,-12.0,-360.0
39.0,21.0,11.0,-211.0,-56.0,254.0,-310.0,-1516.0,-30.0,-326.0
0.0,-16.0,-4.0,-161.0,-182.0,297.0,-323.0,-1101.0,-30.0,-303.0
-9.0,-236.0,23.0,-129.0,0.0,366.0,-239.0,402.0,-40.0,-250.0
8.0,-268.0,11.0,-77.0,-37.0,519.0,-91.0,1215.0,-69.0,-212.0
20.0,-371.0,7.0,-57.0,-137.0,634.0,102.0,718.0,-93.0,-204.0
30.0,-460.0,29.0,-82.0,-135.0,701.0,256.0,-314.0,-121.0,-177.0
2.0,-391.0,22.0,-34.0,-154.0,738.0,277.0,-338.0,-136.0,-168.0
-11.0,-321.0,40.0,41.0,-54.0,706.0,154.0,-380.0,-147.0,-189.0
-49.0,-263.0,26.0,59.0,-74.0,492.0,-28.0,-746.0,-142.0,-220.0
-95.0,-285.0,39.0,69.0,-133.0,280.0,-221.0,-687.0,-128.0,-244.0
-109.0,-193.0,35.0,85.0,52.0,398.0,-429.0,-225.0,-115.0,-257.0
-92.0,35.0,23.0,65.0,103.0,440.0,-605.0,397.0,-117.0,-269.0
-73.0,145.0,29.0,12.0,-56.0,417.0,-656.0,596.0,-111.0,-281.0
-67.0,193.0,6.0,-103.0,-52.0,273.0,-591.0,785.0,-98.0,-286.0
-59.0,310.0,11.0,-200.0,-91.0,59.0,-484.0,615.0,-87.0,-280.0
-54.0,263.0,-12.0,-214.0,16.0,-32.0,-381.0,131.0,-66.0,-285.0
-68.0,384.0,-8.0,-228.0,122.0,-206.0,-237.0,-391.0,-50.0,-293.0
-81.0,525.0,-66.0,-214.0,-36.0,-365.0,4.0,-537.0,-32.0,-273.0
-72.0,557.0,-76.0,-163.0,47.0,-645.0,289.0,123.0,-27.0,-256.0
-75.0,610.0,-115.0,-152.0,150.0,-780.0,442.0,415.0,-25.0,-259.0
-73.0,549.0,-169.0,-123.0,104.0,-680.0,373.0,484.0,-14.0,-245.0
-71.0,463.0,-78.0,-127.0,112.0,-587.0,303.0,96.0,-12.0,-228.0
-69.0,74.0,-145.0,-164.0,-21.0,-479.0,219.0,-240.0,-22.0,-237.0
-92.0,-259.0,-132.0,-127.0,-41.0,-434.0,47.0,-81.0,-29.0,-246.0
-106.0,-433.0,-111.0,-128.0,61.0,-389.0,-151.0,-450.0,-40.0,-251.0
-104.0,-484.0,-159.0,-157.0,-124.0,-283.0,-331.0,-824.0,-51.0,-272.0
-111.0,-386.0,-134.0,-207.0,-92.0,-151.0,-335.0,-831.0,-53.0,-318.0
-92.0,-261.0,-181.0,-237.0,-44.0,-116.0,-197.0,-301.0,-78.0,-361.0
-102.0,-42.0,-145.0,-161.0,-160.0,21.0,3.0,11.0,-88.0,-385.0
-104.0,-146.0,-114.0,-61.0,16.0,183.0,135.0,-199.0,-88.0,-415.0
-88.0,-126.0,-87.0,51.0,-64.0,138.0,215.0,-254.0,-100.0,-434.0
-56.0,-23.0,-50.0,86.0,-90.0,-27.0,356.0,-53.0,-96.0,-426.0
-23.0,-83.0,-42.0,39.0,116.0,-229.0,465.0,716.0,-82.0,-398.0
-1.0,62.0,-13.0,-3.0,-46.0,-174.0,408.0,1448.0,-62.0,-372.0
13.0,110.0,5.0,0.0,-72.0,1.0,162.0,1457.0,-33.0,-344.0
-1.0,219.0,31.0,0.0,16.0,114.0,-89.0,722.0,5.0,-300.0
-28.0,169.0,32.0,-4.0,-81.0,227.0,-260.0,-474.0,39.0,-265.0
-48.0,9.0,28.0,15.0,-29.0,237.0,-365.0,-1103.0,75.0,-224.0
-23.0,38.0,16.0,39.0,-90.0,253.0,-430.0,-617.0,120.0,-185.0
-5.0,-35.0,51.0,97.0,-66.0,353.0,-434.0,245.0,159.0,-160.0
1.0,-6.0,54.0,125.0,93.0,431.0,-303.0,594.0,184.0,-154.0
18.0,51.0,68.0,137.0,-60.0,480.0,-125.0,528.0,188.0,-167.0
28.0,155.0,130.0,102.0,21.0,448.0,3.0,275.0,192.0,-155.0
43.0,236.0,132.0,20.0,136.0,246.0,107.0,-378.0,208.0,-142.0
62.0,247.0,167.0,-49.0,-48.0,84.0,194.0,-785.0,233.0,-134.0
94.0,265.0,149.0,-79.0,-25.0,124.0,192.0,-770.0,259.0,-109.0
105.0,115.0,104.0,-52.0,36.0,66.0,24.0,-388.0,283.0,-71.0
114.0,-45.0,102.0,31.0,-31.0,-7.0,-255.0,574.0,297.0,-54.0
108.0,-155.0,105.0,114.0,91.0,42.0,-486.0,1234.0,278.0,-53.0
101.0,-165.0,88.0,32.0,86.0,-59.0,-659.0,1210.0,254.0,-21.0
66.0,-109.0,79.0,-95.0,-76.0,-344.0,-761.0,443.0,224.0,-18.0
31.0,-121.0,100.0,-181.0,26.0,-669.0,-750.0,-347.0,188.0,-25.0
12.0,-228.0,71.0,-197.0,7.0,-726.0,-584.0,-678.0,166.0,-2.0
-25.0,-278.0,66.0,-101.0,-21.0,-551.0,-257.0,-740.0,154.0,10.0
-41.0,-158.0,32.0,-49.0,-6.0,-367.0,89.0,-458.0,129.0,14.0
-70.0,73.0,-26.0,-86.0,-28.0,-300.0,359.0,-254.0,93.0,15.0
-80.0,156.0,-8.0,-170.0,156.0,-568.0,475.0,81.0,64.0,33.0
-101.0,64.0,-19.0,-169.0,116.0,-801.0,526.0,20.0,40.0,57.0
-101.0,130.0,-38.0,-58.0,18.0,-757.0,536.0,-242.0,37.0,66.0
-109.0,131.0,-15.0,-1.0,116.0,-588.0,402.0,-114.0,18.0,79.0
-129.0,60.0,-47.0,-24.0,64.0,-270.0,151.0,1.0,-7.0,89.0
-120.0,142.0,-85.0,-65.0,9.0,-75.0,-99.0,131.0,-10.0,74.0
-133.0,209.0,-87.0,-114.0,-25.0,-48.0,-236.0,-116.0,-43.0,57.0
-98.0,204.0,-97.0,-157.0,-73.0,105.0,-335.0,-221.0,-88.0,56.0
-70.0,217.0,-109.0,-200.0,97.0,302.0,-314.0,46.0,-114.0,44.0
-42.0,247.0,-102.0,-235.0,56.0,317.0,-126.0,726.0,-137.0,20.0
-30.0,149.0,-80.0,-213.0,-10.0,123.0,143.0,1326.0,-141.0,14.0
-18.0,32.0,-93.0,-189.0,173.0,34.0,520.0,835.0,-123.0,9.0
-2.0,-14.0,-103.0,-141.0,1.0,129.0,860.0,105.0,-122.0,-29.0
-8.0,-141.0,-108.0,-58.0,-68.0,205.0,981.0,-454.0,-106.0,-68.0
-1.0,-180.0,-78.0,16.0,43.0,194.0,929.0,-648.0,-70.0,-90.0
-8.0,-158.0,-75.0,29.0,-111.0,148.0,739.0,-620.0,-36.0,-104.0
6.0,-195.0,-118.0,-63.0,-64.0,129.0,416.0,-648.0,-14.0,-108.0
26.0,-53.0,-116.0,-128.0,56.0,87.0,15.0,-391.0,-14.0,-125.0
54.0,120.0,-99.0,-110.0,-64.0,-34.0,-408.0,-194.0,19.0,-116.0
51.0,76.0,-70.0,-12.0,-38.0,-210.0,-710.0,169.0,51.0,-118.0
46.0,-5.0,-51.0,9.0,82.0,-258.0,-866.0,541.0,64.0,-141.0
39.0,126.0,-41.0,-3.0,-2.0,-228.0,-904.0,622.0,79.0,-145.0
23.0,169.0,-86.0,73.0,-81.0,-94.0,-875.0,578.0,92.0,-164.0
12.0,99.0,-91.0,51.0,-75.0,3.0,-707.0,64.0,96.0,-168.0
0.0,115.0,-47.0,-37.0,-2.0,-181.0,-264.0,-495.0,99.0,-175.0
7.0,67.0,-93.0,-118.0,89.0,-298.0,227.0,-770.0,116.0,-178.0
-25.0,126.0,-109.0,-114.0,-2.0,-127.0,523.0,-347.0,94.0,-182.0
-31.0,137.0,-80.0,2.0,-53.0,33.0,559.0,576.0,77.0,-212.0
-32.0,46.0,-84.0,93.0,85.0,-112.0,531.0,1056.0,74.0,-220.0
-32.0,-34.0,-36.0,86.0,67.0,-286.0,474.0,794.0,75.0,-215.0
-43.0,33.0,2.0,-36.0,-55.0,-356.0,230.0,-49.0,62.0,-201.0
-68.0,155.0,-7.0,-154.0,-68.0,-283.0,-160.0,-489.0,13.0,-200.0
-53.0,164.0,30.0,-194.0,-55.0,-116.0,-545.0,-613.0,-27.0,-176.0
-56.0,236.0,24.0,-217.0,-27.0,-95.0,-718.0,-428.0,-39.0,-117.0
-73.0,170.0,-17.0,-233.0,-34.0,43.0,-718.0,123.0,-26.0,-86.0
-95.0,158.0,-18.0,-190.0,-12.0,180.0,-616.0,532.0,-43.0,-71.0
-107.0,20.0,-13.0,-113.0,-26.0,230.0,-356.0,909.0,-46.0,-52.0
-114.0,-244.0,-27.0,-70.0,-45.0,394.0,59.0,920.0,-35.0,-34.0
-119.0,-399.0,-62.0,-31.0,78.0,617.0,524.0,469.0,-22.0,-24.0
-132.0,-579.0,-35.0,-6.0,19.0,621.0,886.0,-349.0,5.0,-4.0
-122.0,-587.0,22.0,2.0,-79.0,323.0,1047.0,-554.0,0.0,14.0
-95.0,-629.0,-12.0,38.0,144.0,234.0,950.0,251.0,-10.0,34.0
-82.0,-427.0,-52.0,35.0,151.0,400.0,673.0,920.0,-25.0,51.0
-60.0,-195.0,-61.0,33.0,-118.0,553.0,322.0,970.0,-34.0,57.0
-42.0,-191.0,-68.0,48.0,4.0,632.0,-41.0,273.0,-43.0,74.0
-29.0,45.0,-54.0,17.0,61.0,649.0,-331.0,-691.0,-63.0,57.0
-37.0,84.0,-58.0,-41.0,21.0,509.0,-442.0,-1315.0,-76.0,41.0
-50.0,12.0,-7.0,-110.0,168.0,329.0,-376.0,-1256.0,-83.0,49.0
-44.0,126.0,-26.0,-105.0,-4.0,346.0,-216.0,-461.0,-60.0,36.0
-22.0,185.0,-58.0,-16.0,69.0,325.0,-32.0,262.0,-56.0,11.0
-5.0,197.0,-28.0,65.0,248.0,248.0,193.0,569.0,-33.0,3.0
9.0,72.0,-28.0,45.0,-85.0,102.0,439.0,539.0,15.0,27.0
17.0,-61.0,8.0,-41.0,-174.0,-25.0,605.0,55.0,38.0,33.0
14.0,-6.0,-27.0,-117.0,27.0,27.0,605.0,-537.0,65.0,41.0
5.0,176.0,-4.0,-176.0,4.0,-48.0,408.0,-995.0,84.0,73.0
18.0,213.0,23.0,-138.0,-34.0,-167.0,121.0,-796.0,90.0,82.0
26.0,81.0,-46.0,-61.0,-67.0,-77.0,-157.0,20.0,100.0,81.0
24.0,235.0,-50.0,18.0,-146.0,-77.0,-386.0,685.0,114.0,86.0
45.0,341.0,-29.0,126.0,70.0,-161.0,-659.0,1040.0,124.0,97.0
57.0,210.0,-37.0,224.0,60.0,6.0,-889.0,707.0,118.0,91.0
80.0,183.0,-59.0,322.0,-231.0,251.0,-875.0,-38.0,101.0,82.0
61.0,146.0,-40.0,387.0,-102.0,385.0,-678.0,-657.0,89.0,97.0
47.0,121.0,-29.0,303.0,77.0,463.0,-324.0,-570.0,100.0,99.0
47.0,95.0,-58.0,96.0,53.0,525.0,62.0,-158.0,97.0,83.0
28.0,-93.0,-130.0,-89.0,-65.0,624.0,401.0,-24.0,81.0,79.0
25.0,-285.0,-120.0,-150.0,-48.0,642.0,698.0,347.0,83.0,78.0
25.0,-294.0,-116.0,-92.0,54.0,525.0,860.0,522.0,84.0,66.0
35.0,-372.0,-138.0,-17.0,28.0,403.0,802.0,415.0,80.0,62.0
32.0,-474.0,-49.0,66.0,25.0,393.0,570.0,-240.0,71.0,72.0
31.0,-397.0,-50.0,50.0,-72.0,471.0,354.0,-766.0,60.0,108.0
23.0,-257.0,-113.0,-118.0,37.0,555.0,230.0,-517.0,34.0,147.0
20.0,-142.0,-161.0,-200.0,119.0,558.0,87.0,-131.0,33.0,167.0
0.0,-120.0,-150.0,-103.0,-107.0,368.0,-132.0,550.0,33.0,217.0
-10.0,-45.0,-163.0,83.0,-11.0,129.0,-222.0,1056.0,2.0,256.0
-22.0,10.0,-174.0,280.0,89.0,45.0,-127.0,1396.0,-3.0,286.0
-56.0,-100.0,-118.0,372.0,-19.0,95.0,60.0,885.0,-20.0,340.0
-47.0,-205.0,-102.0,314.0,54.0,163.0,218.0,-445.0,-19.0,369.0
-45.0,-129.0,-103.0,179.0,-83.0,176.0,304.0,-1306.0,-16.0,377.0
-35.0,69.0,-124.0,15.0,-253.0,134.0,412.0,-1396.0,-36.0,377.0
-17.0,106.0,-52.0,-116.0,111.0,128.0,520.0,-432.0,-37.0,380.0
18.0,54.0,-27.0,-164.0,123.0,52.0,546.0,506.0,-53.0,357.0
31.0,159.0,-46.0,-115.0,-145.0,-115.0,405.0,1010.0,-63.0,299.0
12.0,356.0,19.0,9.0,65.0,-146.0,253.0,955.0,-62.0,260.0
18.0,512.0,25.0,69.0,45.0,-41.0,149.0,304.0,-68.0,214.0
32.0,568.0,-26.0,25.0,-116.0,65.0,43.0,-46.0,-57.0,156.0
62.0,592.0,-37.0,-6.0,-58.0,12.0,-103.0,-253.0,-18.0,114.0
82.0,655.0,22.0,36.0,-97.0,-85.0,-294.0,-264.0,0.0,86.0
91.0,592.0,49.0,141.0,-58.0,-85.0,-409.0,-223.0,6.0,64.0
93.0,421.0,69.0,246.0,19.0,-41.0,-434.0,-38.0,17.0,32.0
80.0,287.0,105.0,231.0,-55.0,-38.0,-386.0,253.0,9.0,16.0
72.0,127.0,57.0,29.0,50.0,-101.0,-321.0,400.0,34.0,5.0
58.0,-146.0,-25.0,-178.0,162.0,-31.0,-195.0,753.0,62.0,-19.0
33.0,-491.0,-53.0,-259.0,16.0,70.0,-111.0,776.0,66.0,-51.0
43.0,-694.0,-75.0,-243.0,-70.0,60.0,-103.0,648.0,63.0,-69.0
52.0,-581.0,-57.0,-83.0,-83.0,16.0,-86.0,229.0,54.0,-78.0
51.0,-369.0,-51.0,101.0,11.0,-83.0,-7.0,-533.0,50.0,-88.0
50.0,-394.0,-84.0,188.0,17.0,-102.0,118.0,-949.0,50.0,-89.0
49.0,-368.0,-31.0,223.0,-89.0,-69.0,184.0,-1058.0,28.0,-97.0
40.0,-225.0,-62.0,204.0,-26.0,-39.0,204.0,-312.0,30.0,-110.0
10.0,-206.0,-137.0,126.0,37.0,144.0,132.0,764.0,32.0,-124.0
-27.0,-121.0,-153.0,59.0,141.0,245.0,152.0,1308.0,26.0,-123.0
-67.0,-8.0,-153.0,66.0,71.0,240.0,291.0,1103.0,28.0,-114.0
-78.0,38.0,-101.0,105.0,-119.0,302.0,428.0,391.0,1.0,-126.0
-101.0,120.0,-90.0,200.0,45.0,323.0,581.0,-404.0,19.0,-132.0
-71.0,181.0,-64.0,335.0,112.0,312.0,715.0,-1515.0,19.0,-127.0
-58.0,149.0,-39.0,373.0,-71.0,215.0,814.0,-1903.0,16.0,-114.0
-61.0,379.0,-37.0,288.0,-36.0,87.0,760.0,-1047.0,33.0,-96.0
-20.0,587.0,-13.0,179.0,9.0,-15.0,524.0,485.0,19.0,-52.0
-16.0,291.0,-45.0,62.0,111.0,-123.0,173.0,1603.0,20.0,7.0
-1.0,60.0,-31.0,-25.0,186.0,-140.0,-143.0,1529.0,20.0,62.0
-7.0,67.0,20.0,-35.0,-142.0,-52.0,-414.0,870.0,20.0,126.0
-4.0,62.0,43.0,-44.0,-131.0,42.0,-655.0,25.0,11.0,172.0
-11.0,-53.0,15.0,-65.0,59.0,3.0,-802.0,-450.0,11.0,198.0
-12.0,-124.0,5.0,-55.0,-130.0,10.0,-813.0,-757.0,21.0,206.0
6.0,-126.0,22.0,8.0,-116.0,129.0,-625.0,-763.0,29.0,226.0
32.0,-158.0,-6.0,83.0,-35.0,49.0,-360.0,-24.0,37.0,240.0
50.0,-59.0,1.0,173.0,-3.0,-158.0,-60.0,679.0,29.0,231.0
62.0,121.0,-3.0,249.0,110.0,-285.0,210.0,914.0,44.0,231.0
92.0,442.0,-25.0,238.0,40.0,-295.0,414.0,434.0,82.0,231.0
113.0,571.0,-12.0,196.0,-65.0,-258.0,599.0,-323.0,117.0,226.0
151.0,471.0,-24.0,192.0,62.0,-254.0,646.0,-713.0,147.0,208.0
150.0,476.0,-16.0,254.0,129.0,-142.0,497.0,-513.0,182.0,206.0
171.0,399.0,7.0,315.0,-105.0,6.0,267.0,182.0,210.0,209.0
193.0,356.0,21.0,275.0,-126.0,39.0,63.0,667.0,226.0,195.0
208.0,201.0,5.0,121.0,-7.0,-42.0,-115.0,798.0,230.0,189.0
193.0,-4.0,-31.0,-46.0,-22.0,-214.0,-279.0,637.0,201.0,178.0
176.0,-69.0,-52.0,-112.0,-11.0,-206.0,-394.0,134.0,178.0,141.0
189.0,-113.0,-47.0,-80.0,21.0,-156.0,-325.0,-323.0,171.0,89.0
159.0,-88.0,-56.0,13.0,82.0,-316.0,-124.0,-476.0,148.0,43.0
167.0,-173.0,-61.0,115.0,5.0,-479.0,31.0,-66.0,115.0,1.0
162.0,-157.0,-28.0,188.0,-39.0,-479.0,64.0,679.0,86.0,-20.0
149.0,-203.0,-35.0,276.0,-53.0,-201.0,51.0,995.0,84.0,-28.0
130.0,-389.0,-47.0,301.0,-54.0,52.0,95.0,644.0,81.0,-16.0
103.0,-385.0,-76.0,287.0,52.0,16.0,108.0,-197.0,78.0,14.0
69.0,-277.0,-101.0,269.0,-38.0,-152.0,40.0,-838.0,80.0,33.0
41.0,-38.0,-104.0,186.0,-103.0,-181.0,-109.0,-925.0,44.0,62.0
26.0,98.0,-103.0,137.0,-42.0,23.0,-225.0,-630.0,18.0,86.0
6.0,118.0,-71.0,128.0,-89.0,147.0,-239.0,-120.0,0.0,79.0
17.0,128.0,-111.0,136.0,-37.0,89.0,-249.0,199.0,-20.0,91.0
20.0,60.0,-98.0,131.0,7.0,44.0,-245.0,354.0,-34.0,105.0
23.0,-86.0,-63.0,125.0,-80.0,175.0,-177.0,251.0,-45.0,112.0
15.0,-213.0,-84.0,103.0,34.0,404.0,-21.0,90.0,-43.0,130.0
30.0,-196.0,-67.0,10.0,-5.0,467.0,199.0,194.0,-51.0,152.0
41.0,-213.0,-38.0,-95.0,-168.0,377.0,364.0,402.0,-69.0,189.0
46.0,-340.0,-32.0,-189.0,21.0,333.0,402.0,558.0,-67.0,224.0
45.0,-386.0,-17.0,-202.0,139.0,304.0,431.0,543.0,-59.0,264.0
40.0,-162.0,26.0,-170.0,82.0,233.0,427.0,659.0,-68.0,296.0
46.0,113.0,54.0,-84.0,65.0,186.0,274.0,489.0,-49.0,305.0
34.0,280.0,72.0,13.0,107.0,154.0,31.0,162.0,-19.0,316.0
53.0,350.0,56.0,25.0,181.0,82.0,-221.0,-96.0,5.0,319.0
47.0,289.0,45.0,34.0,211.0,25.0,-417.0,-506.0,27.0,324.0
38.0,268.0,16.0,54.0,124.0,89.0,-465.0,-628.0,30.0,304.0
38.0,190.0,0.0,51.0,117.0,183.0,-430.0,-639.0,24.0,275.0
24.0,-75.0,25.0,10.0,194.0,115.0,-436.0,-64.0,35.0,263.0
17.0,-295.0,22.0,-7.0,106.0,33.0,-292.0,631.0,62.0,250.0
23.0,-235.0,19.0,13.0,107.0,127.0,4.0,720.0,68.0,247.0
27.0,-1.0,-21.0,-13.0,70.0,180.0,221.0,395.0,75.0,235.0
31.0,134.0,-42.0,-58.0,21.0,123.0,321.0,-256.0,61.0,218.0
46.0,391.0,-15.0,-68.0,77.0,101.0,354.0,-424.0,38.0,195.0
55.0,611.0,-13.0,-68.0,-86.0,146.0,323.0,-349.0,33.0,159.0
86.0,450.0,3.0,1.0,-105.0,110.0,206.0,-48.0,32.0,126.0
91.0,218.0,46.0,114.0,34.0,-12.0,18.0,282.0,37.0,77.0
94.0,-3.0,46.0,256.0,25.0,22.0,-216.0,304.0,40.0,8.0
92.0,-168.0,43.0,310.0,132.0,136.0,-404.0,254.0,27.0,-48.0
88.0,-332.0,59.0,217.0,73.0,281.0,-445.0,33.0,20.0,-101.0
91.0,-424.0,51.0,129.0,-23.0,400.0,-371.0,40.0,20.0,-160.0
90.0,-269.0,23.0,17.0,201.0,340.0,-318.0,-40.0,-10.0,-196.0
111.0,12.0,52.0,10.0,71.0,166.0,-255.0,166.0,-15.0,-217.0
92.0,159.0,93.0,78.0,-5.0,-58.0,-10.0,585.0,-15.0,-224.0
84.0,96.0,105.0,117.0,204.0,-232.0,300.0,513.0,-26.0,-208.0
66.0,258.0,121.0,118.0,124.0,-223.0,467.0,262.0,-32.0,-191.0
51.0,326.0,80.0,56.0,202.0,10.0,481.0,-164.0,-56.0,-157.0
37.0,261.0,62.0,38.0,94.0,262.0,486.0,-297.0,-83.0,-113.0
32.0,301.0,58.0,19.0,-119.0,394.0,478.0,-229.0,-91.0,-89.0
67.0,124.0,49.0,28.0,107.0,498.0,363.0,-94.0,-60.0,-56.0
82.0,148.0,79.0,50.0,6.0,581.0,96.0,192.0,-34.0,-28.0
102.0,239.0,81.0,54.0,-187.0,450.0,-241.0,351.0,-9.0,-18.0
85.0,105.0,75.0,79.0,41.0,112.0,-377.0,395.0,-2.0,-20.0
81.0,-2.0,18.0,77.0,28.0,50.0,-282.0,62.0,6.0,-22.0
65.0,-9.0,-23.0,85.0,-74.0,169.0,-180.0,-334.0,11.0,-14.0
56.0,78.0,-26.0,108.0,30.0,166.0,-110.0,-480.0,0.0,-21.0
82.0,-21.0,-80.0,110.0,-147.0,146.0,51.0,-230.0,-3.0,-11.0
98.0,-286.0,-88.0,123.0,-10.0,99.0,252.0,519.0,-17.0,-5.0
92.0,-530.0,-97.0,134.0,73.0,116.0,370.0,944.0,2.0,-7.0
71.0,-719.0,-108.0,134.0,-209.0,36.0,398.0,661.0,15.0,5.0
70.0,-882.0,-70.0,173.0,13.0,-127.0,296.0,-138.0,17.0,4.0
45.0,-855.0,-62.0,242.0,-46.0,-25.0,105.0,-827.0,3.0,30.0
43.0,-622.0,-29.0,257.0,-80.0,209.0,-85.0,-909.0,-9.0,45.0
14.0,-361.0,-1.0,203.0,143.0,298.0,-288.0,-641.0,0.0,57.0
-17.0,-197.0,8.0,178.0,-72.0,196.0,-527.0,-79.0,-16.0,92.0
-47.0,-72.0,24.0,117.0,-65.0,162.0,-685.0,482.0,-17.0,107.0
-75.0,321.0,27.0,54.0,86.0,242.0,-690.0,800.0,-25.0,135.0
-85.0,497.0,44.0,39.0,-84.0,317.0,-583.0,522.0,-41.0,141.0
-89.0,410.0,44.0,-28.0,-23.0,360.0,-390.0,-260.0,-43.0,146.0
-64.0,434.0,64.0,-71.0,173.0,226.0,-132.0,-853.0,-53.0,159.0
-60.0,478.0,79.0,-61.0,57.0,148.0,127.0,-1189.0,-68.0,137.0
-44.0,538.0,49.0,-13.0,117.0,207.0,379.0,-824.0,-98.0,133.0
-47.0,478.0,67.0,22.0,-10.0,246.0,596.0,-275.0,-110.0,123.0
-31.0,517.0,52.0,74.0,-128.0,220.0,676.0,-27.0,-114.0,106.0
-15.0,648.0,-10.0,103.0,157.0,88.0,635.0,205.0,-121.0,94.0
31.0,660.0,0.0,10.0,-21.0,119.0,550.0,182.0,-135.0,64.0
81.0,623.0,24.0,0.0,-132.0,319.0,493.0,266.0,-122.0,63.0
114.0,527.0,30.0,49.0,41.0,515.0,381.0,59.0,-75.0,87.0
144.0,530.0,38.0,94.0,-11.0,487.0,184.0,-266.0,-58.0,90.0
130.0,460.0,-13.0,173.0,66.0,289.0,55.0,-254.0,-19.0,97.0
141.0,200.0,-66.0,228.0,32.0,298.0,56.0,-99.0,-10.0,123.0
107.0,10.0,-57.0,241.0,-99.0,299.0,142.0,284.0,-40.0,134.0
104.0,-78.0,-79.0,221.0,48.0,223.0,263.0,415.0,-5.0,128.0
105.0,-99.0,-73.0,252.0,-58.0,142.0,380.0,491.0,13.0,144.0
97.0,-261.0,-43.0,239.0,-100.0,123.0,402.0,323.0,35.0,178.0
90.0,-418.0,-52.0,162.0,121.0,169.0,353.0,-72.0,60.0,198.0
98.0,-290.0,-45.0,120.0,90.0,102.0,258.0,-323.0,60.0,233.0
114.0,-69.0,-34.0,35.0,130.0,142.0,127.0,-630.0,78.0,295.0
98.0,4.0,-36.0,-30.0,51.0,282.0,-31.0,-672.0,89.0,347.0
101.0,109.0,-40.0,-26.0,-36.0,354.0,-165.0,-530.0,96.0,370.0
81.0,295.0,-56.0,-8.0,196.0,300.0,-257.0,-110.0,97.0,374.0
87.0,224.0,-99.0,3.0,102.0,220.0,-393.0,254.0,80.0,367.0
71.0,124.0,-103.0,45.0,-83.0,184.0,-489.0,334.0,69.0,362.0
56.0,-85.0,-108.0,122.0,50.0,84.0,-534.0,334.0,68.0,328.0
28.0,-410.0,-112.0,151.0,40.0,13.0,-536.0,-24.0,54.0,275.0
-9.0,-568.0,-111.0,176.0,40.0,66.0,-517.0,-210.0,35.0,240.0
-14.0,-567.0,-135.0,168.0,65.0,231.0,-481.0,-205.0,26.0,194.0
-23.0,-551.0,-110.0,100.0,-86.0,232.0,-417.0,-66.0,22.0,154.0
-23.0,-553.0,-123.0,59.0,12.0,28.0,-366.0,264.0,20.0,137.0
-27.0,-246.0,-147.0,24.0,-7.0,6.0,-341.0,208.0,1.0,119.0
-16.0,-166.0,-127.0,-12.0,-172.0,145.0,-308.0,-46.0,1.0,120.0
-28.0,-198.0,-109.0,-56.0,51.0,115.0,-178.0,-371.0,6.0,140.0
-47.0,-62.0,-125.0,-80.0,119.0,-48.0,-3.0,-513.0,-5.0,154.0
-85.0,102.0,-120.0,-44.0,25.0,-127.0,186.0,-410.0,-5.0,178.0
-110.0,361.0,-63.0,29.0,71.0,-129.0,321.0,-125.0,-39.0,197.0
-131.0,333.0,-102.0,33.0,-5.0,-107.0,384.0,279.0,-78.0,218.0
-139.0,306.0,-82.0,-6.0,0.0,-160.0,428.0,208.0,-86.0,250.0
-121.0,287.0,-25.0,-24.0,24.0,-190.0,434.0,22.0,-67.0,255.0
-109.0,283.0,-47.0,-66.0,-92.0,-37.0,448.0,-251.0,-73.0,261.0
-85.0,224.0,-5.0,-79.0,-33.0,144.0,416.0,-410.0,-112.0,284.0
-92.0,44.0,24.0,-69.0,-48.0,198.0,352.0,-408.0,-125.0,278.0
-81.0,146.0,23.0,-16.0,-120.0,121.0,316.0,-365.0,-125.0,267.0
-85.0,225.0,39.0,18.0,-4.0,90.0,236.0,192.0,-87.0,266.0
-73.0,133.0,23.0,6.0,-113.0,198.0,63.0,567.0,-54.0,243.0
-60.0,86.0,25.0,-15.0,-125.0,327.0,-63.0,667.0,-53.0,214.0
-54.0,170.0,27.0,-41.0,81.0,327.0,-134.0,308.0,-74.0,179.0
-20.0,223.0,14.0,-37.0,-24.0,179.0,-244.0,-284.0,-90.0,130.0
-15.0,79.0,22.0,-21.0,-24.0,75.0,-414.0,-565.0,-55.0,97.0
10.0,-153.0,19.0,26.0,56.0,98.0,-634.0,-687.0,-20.0,71.0
19.0,-289.0,51.0,65.0,-61.0,85.0,-808.0,-290.0,-4.0,48.0
2.0,-304.0,62.0,152.0,-18.0,-92.0,-832.0,64.0,-22.0,51.0
1.0,-247.0,60.0,211.0,45.0,-160.0,-702.0,339.0,-63.0,61.0
0.0,-280.0,81.0,212.0,35.0,-119.0,-515.0,489.0,-88.0,81.0
2.0,-308.0,78.0,231.0,65.0,-215.0,-255.0,323.0,-85.0,130.0
23.0,-223.0,99.0,209.0,48.0,-170.0,67.0,184.0,-87.0,182.0
46.0,-360.0,127.0,192.0,13.0,88.0,361.0,-101.0,-108.0,201.0
66.0,-501.0,151.0,176.0,-39.0,327.0,533.0,-103.0,-106.0,202.0
96.0,-344.0,153.0,179.0,-22.0,346.0,613.0,-38.0,-122.0,198.0
116.0,-61.0,155.0,169.0,65.0,235.0,670.0,-7.0,-141.0,178.0
142.0,57.0,133.0,119.0,-7.0,159.0,623.0,155.0,-122.0,154.0
155.0,-41.0,114.0,128.0,-33.0,91.0,453.0,181.0,-123.0,129.0
140.0,-91.0,108.0,132.0,-38.0,61.0,198.0,240.0,-121.0,107.0
144.0,-28.0,42.0,101.0,-123.0,0.0,-46.0,38.0,-103.0,87.0
122.0,-73.0,57.0,111.0,49.0,-24.0,-254.0,-96.0,-102.0,74.0
88.0,-133.0,85.0,121.0,24.0,-135.0,-400.0,-214.0,-89.0,68.0
72.0,-128.0,67.0,132.0,-155.0,-323.0,-464.0,-393.0,-56.0,59.0
76.0,-87.0,38.0,133.0,4.0,-365.0,-485.0,-155.0,-39.0,42.0
86.0,81.0,-25.0,95.0,-79.0,-321.0,-400.0,-36.0,-20.0,44.0
67.0,189.0,-25.0,123.0,-187.0,-285.0,-215.0,33.0,-3.0,61.0
65.0,275.0,-22.0,152.0,34.0,-308.0,-40.0,-42.0,12.0,46.0
26.0,256.0,-9.0,106.0,-13.0,-187.0,21.0,-238.0,36.0,48.0
-13.0,66.0,-25.0,17.0,-26.0,31.0,-1.0,-375.0,50.0,58.0
-23.0,-203.0,18.0,-51.0,70.0,187.0,-115.0,-537.0,52.0,63.0
-31.0,-349.0,60.0,-72.0,-108.0,248.0,-301.0,-508.0,35.0,65.0
-31.0,-339.0,24.0,-79.0,-48.0,242.0,-479.0,-535.0,26.0,41.0
-26.0,-394.0,53.0,-89.0,65.0,290.0,-623.0,-238.0,22.0,41.0
10.0,-285.0,22.0,-100.0,-106.0,261.0,-673.0,88.0,24.0,22.0
21.0,-250.0,45.0,-92.0,-112.0,229.0,-588.0,72.0,32.0,-2.0
13.0,-132.0,10.0,-72.0,-53.0,222.0,-410.0,-88.0,9.0,-20.0
-3.0,199.0,-3.0,-19.0,-54.0,210.0,-236.0,-434.0,-16.0,-41.0
-16.0,236.0,40.0,27.0,-7.0,225.0,20.0,-439.0,-29.0,-55.0
-32.0,90.0,-17.0,21.0,-62.0,178.0,367.0,-304.0,-33.0,-67.0
-38.0,7.0,43.0,44.0,8.0,158.0,668.0,-105.0,-4.0,-48.0
-15.0,69.0,65.0,66.0,90.0,20.0,794.0,118.0,-4.0,-35.0
15.0,-49.0,21.0,56.0,-53.0,-217.0,685.0,367.0,-38.0,-26.0
42.0,-216.0,40.0,95.0,-128.0,-369.0,495.0,606.0,-13.0,20.0
24.0,-139.0,67.0,112.0,-56.0,-424.0,284.0,365.0,3.0,88.0
17.0,-249.0,28.0,77.0,58.0,-339.0,72.0,182.0,8.0,144.0
2.0,-278.0,35.0,65.0,-9.0,-313.0,-145.0,121.0,39.0,187.0
2.0,-45.0,71.0,54.0,-49.0,-384.0,-328.0,83.0,44.0,231.0
-10.0,112.0,28.0,52.0,69.0,-410.0,-359.0,142.0,57.0,271.0
-34.0,249.0,62.0,72.0,39.0,-567.0,-224.0,129.0,67.0,278.0
-10.0,248.0,65.0,76.0,17.0,-787.0,-27.0,109.0,74.0,260.0
-2.0,204.0,34.0,84.0,62.0,-756.0,95.0,-147.0,85.0,242.0
-24.0,234.0,3.0,86.0,-38.0,-716.0,225.0,-622.0,88.0,205.0
-62.0,313.0,-16.0,55.0,-13.0,-825.0,353.0,-942.0,76.0,173.0
-83.0,352.0,-32.0,35.0,160.0,-840.0,358.0,-809.0,52.0,155.0
-120.0,148.0,-66.0,48.0,-50.0,-810.0,179.0,-436.0,60.0,143.0
-132.0,-101.0,-57.0,4.0,-81.0,-719.0,-141.0,-219.0,67.0,133.0
-139.0,-324.0,-102.0,-35.0,142.0,-491.0,-471.0,12.0,60.0,127.0
-135.0,-415.0,-54.0,-25.0,-62.0,-271.0,-751.0,129.0,54.0,130.0
-107.0,-398.0,-66.0,-29.0,-77.0,-171.0,-994.0,14.0,26.0,125.0
-117.0,-399.0,-148.0,-8.0,17.0,-141.0,-1164.0,-57.0,10.0,118.0
-112.0,-436.0,-74.0,-21.0,-37.0,-125.0,-1092.0,-218.0,32.0,105.0
-140.0,-497.0,-93.0,-31.0,40.0,-131.0,-804.0,-245.0,51.0,105.0
-184.0,-399.0,-126.0,-23.0,-35.0,-203.0,-428.0,-46.0,45.0,90.0
-207.0,-110.0,-133.0,-34.0,-42.0,-277.0,-95.0,243.0,27.0,41.0
-216.0,181.0,-129.0,-22.0,87.0,-242.0,169.0,282.0,8.0,-14.0
-197.0,341.0,-111.0,3.0,49.0,-169.0,422.0,-90.0,0.0,-88.0
-159.0,409.0,-104.0,38.0,-17.0,-147.0,587.0,-363.0,6.0,-168.0
-100.0,257.0,-60.0,51.0,15.0,-152.0,544.0,-630.0,21.0,-238.0
-61.0,168.0,-83.0,76.0,45.0,-107.0,322.0,-655.0,12.0,-282.0
-16.0,192.0,-59.0,76.0,55.0,-35.0,92.0,-345.0,-10.0,-324.0
0.0,78.0,-53.0,50.0,40.0,6.0,-53.0,218.0,-39.0,-344.0
-14.0,-18.0,-96.0,24.0,29.0,-61.0,-97.0,646.0,-65.0,-318.0
-19.0,-45.0,-72.0,31.0,79.0,-173.0,-143.0,417.0,-86.0,-276.0
-12.0,45.0,-64.0,30.0,19.0,-212.0,-166.0,96.0,-121.0,-236.0
2.0,15.0,-77.0,7.0,-10.0,-257.0,18.0,-110.0,-138.0,-213.0
22.0,94.0,-76.0,33.0,-53.0,-439.0,366.0,-18.0,-128.0,-171.0
38.0,255.0,-70.0,24.0,-56.0,-713.0,604.0,-51.0,-99.0,-115.0
53.0,37.0,-100.0,39.0,76.0,-782.0,589.0,-245.0,-59.0,-89.0
86.0,-99.0,-94.0,34.0,-34.0,-659.0,431.0,36.0,-13.0,-80.0
108.0,-96.0,-69.0,27.0,-60.0,-621.0,239.0,251.0,-7.0,-61.0
114.0,-131.0,-95.0,41.0,3.0,-701.0,74.0,308.0,-24.0,-48.0
107.0,-121.0,-115.0,82.0,-98.0,-663.0,-48.0,151.0,6.0,-55.0
110.0,-94.0,-121.0,170.0,-54.0,-482.0,-172.0,-166.0,51.0,-56.0
117.0,-76.0,-116.0,179.0,4.0,-400.0,-314.0,-412.0,122.0,-52.0
108.0,-84.0,-104.0,176.0,-100.0,-444.0,-416.0,-570.0,164.0,-52.0
96.0,44.0,-95.0,162.0,-58.0,-488.0,-461.0,-463.0,136.0,-52.0
87.0,130.0,-67.0,128.0,24.0,-460.0,-448.0,-308.0,100.0,-51.0
86.0,177.0,-25.0,107.0,-65.0,-366.0,-359.0,144.0,102.0,-60.0
84.0,303.0,-31.0,100.0,31.0,-277.0,-234.0,456.0,120.0,-74.0
92.0,307.0,-32.0,79.0,40.0,-275.0,-200.0,297.0,140.0,-82.0
82.0,154.0,17.0,39.0,-60.0,-277.0,-298.0,145.0,159.0,-94.0
85.0,34.0,-4.0,10.0,46.0,-309.0,-347.0,-109.0,130.0,-126.0
82.0,57.0,-10.0,9.0,33.0,-337.0,-329.0,-190.0,93.0,-158.0
67.0,1.0,22.0,18.0,33.0,-227.0,-277.0,-336.0,64.0,-161.0
71.0,33.0,25.0,28.0,116.0,-96.0,-255.0,-347.0,47.0,-158.0
56.0,91.0,57.0,45.0,76.0,-89.0,-238.0,-188.0,44.0,-161.0
38.0,184.0,52.0,37.0,-29.0,-160.0,-24.0,-343.0,18.0,-146.0
2.0,446.0,40.0,38.0,-46.0,-113.0,330.0,-373.0,-24.0,-127.0
-23.0,389.0,17.0,3.0,-42.0,-114.0,599.0,-254.0,-44.0,-107.0
-34.0,182.0,-22.0,-52.0,-163.0,-89.0,666.0,90.0,-44.0,-82.0
-39.0,-76.0,-54.0,-72.0,-147.0,139.0,646.0,90.0,-54.0,-56.0
-33.0,-290.0,-112.0,-69.0,-51.0,99.0,602.0,-129.0,-48.0,-28.0
-37.0,-263.0,-105.0,-85.0,-77.0,-191.0,556.0,51.0,-54.0,3.0
-44.0,-312.0,-108.0,-93.0,24.0,-312.0,456.0,238.0,-63.0,48.0
-66.0,-410.0,-97.0,-33.0,57.0,-159.0,191.0,314.0,-40.0,84.0
-81.0,-444.0,-116.0,-6.0,-121.0,-89.0,-88.0,3.0,-16.0,116.0
-101.0,-397.0,-165.0,1.0,-97.0,-323.0,-243.0,-42.0,22.0,127.0
-115.0,-359.0,-132.0,16.0,-63.0,-380.0,-330.0,201.0,66.0,128.0
-108.0,-247.0,-203.0,30.0,-85.0,-250.0,-413.0,129.0,85.0,149.0
-95.0,-21.0,-211.0,20.0,0.0,-329.0,-425.0,123.0,81.0,126.0
-88.0,193.0,-193.0,-30.0,-14.0,-502.0,-372.0,269.0,107.0,83.0
-103.0,356.0,-212.0,-59.0,26.0,-505.0,-270.0,539.0,151.0,48.0
-120.0,443.0,-186.0,-62.0,38.0,-499.0,-214.0,445.0,147.0,22.0
-162.0,447.0,-214.0,-54.0,-111.0,-691.0,-209.0,171.0,122.0,-11.0
-199.0,221.0,-182.0,-44.0,-94.0,-716.0,-143.0,116.0,80.0,-78.0
-212.0,45.0,-162.0,-21.0,-12.0,-459.0,-130.0,118.0,72.0,-123.0
-199.0,-102.0,-182.0,-13.0,-71.0,-247.0,-146.0,221.0,109.0,-140.0
-165.0,-324.0,-151.0,13.0,-69.0,-150.0,-113.0,68.0,150.0,-148.0
-138.0,-410.0,-126.0,39.0,20.0,-189.0,0.0,136.0,185.0,-145.0
-113.0,-456.0,-98.0,32.0,110.0,-212.0,233.0,290.0,166.0,-128.0
-105.0,-437.0,-64.0,27.0,115.0,-118.0,543.0,-105.0,130.0,-108.0
-92.0,-363.0,-73.0,-7.0,-35.0,-20.0,805.0,-493.0,101.0,-85.0
-82.0,-275.0,-44.0,-8.0,-78.0,62.0,888.0,-563.0,75.0,-59.0
-59.0,-234.0,-27.0,34.0,1.0,38.0,821.0,-232.0,72.0,-44.0
-19.0,-136.0,-32.0,45.0,48.0,59.0,637.0,5.0,75.0,-45.0
28.0,-109.0,-1.0,-5.0,57.0,79.0,420.0,121.0,64.0,-60.0
67.0,-202.0,47.0,-27.0,1.0,16.0,203.0,273.0,32.0,-52.0
74.0,-96.0,72.0,-68.0,89.0,-20.0,79.0,290.0,-10.0,-50.0
94.0,13.0,58.0,-122.0,164.0,-131.0,87.0,256.0,-52.0,-64.0
98.0,89.0,91.0,-104.0,-10.0,-291.0,110.0,-133.0,-80.0,-65.0
83.0,79.0,72.0,-113.0,-18.0,-402.0,166.0,-169.0,-86.0,-62.0
54.0,-2.0,35.0,-79.0,55.0,-222.0,253.0,260.0,-103.0,-42.0
54.0,48.0,20.0,-58.0,25.0,-15.0,338.0,545.0,-131.0,-16.0
64.0,150.0,-17.0,-76.0,116.0,-88.0,408.0,578.0,-152.0,-3.0
33.0,306.0,-7.0,-82.0,30.0,-153.0,453.0,273.0,-162.0,-6.0
13.0,260.0,0.0,-92.0,33.0,-32.0,333.0,168.0,-142.0,5.0
2.0,172.0,-15.0,-96.0,262.0,133.0,84.0,66.0,-95.0,15.0
-21.0,193.0,25.0,-86.0,80.0,143.0,-150.0,-186.0,-79.0,10.0
-50.0,155.0,16.0,-74.0,-112.0,180.0,-423.0,-404.0,-82.0,6.0
-43.0,212.0,-66.0,-114.0,-19.0,233.0,-686.0,-467.0,-49.0,-17.0
-26.0,210.0,-40.0,-154.0,-55.0,120.0,-823.0,-123.0,-21.0,-34.0
-40.0,289.0,-33.0,-179.0,-38.0,-69.0,-743.0,181.0,-11.0,-56.0
-96.0,208.0,0.0,-204.0,23.0,-98.0,-497.0,376.0,-11.0,-85.0
-170.0,3.0,55.0,-226.0,-25.0,-133.0,-160.0,400.0,-34.0,-106.0
-221.0,31.0,-11.0,-198.0,68.0,-282.0,217.0,291.0,-60.0,-127.0
-230.0,-70.0,25.0,-179.0,70.0,-288.0,586.0,286.0,-38.0,-127.0
-221.0,-138.0,73.0,-209.0,-19.0,-256.0,964.0,225.0,23.0,-122.0
-216.0,-230.0,95.0,-245.0,1.0,-25.0,1188.0,430.0,57.0,-133.0
-201.0,-308.0,126.0,-254.0,-23.0,161.0,1147.0,668.0,53.0,-148.0
-207.0,-211.0,98.0,-203.0,-41.0,8.0,961.0,580.0,28.0,-163.0
-212.0,-108.0,61.0,-145.0,-97.0,-141.0,777.0,240.0,15.0,-184.0
-226.0,-65.0,56.0,-105.0,-76.0,-124.0,649.0,-72.0,-8.0,-208.0
-215.0,-61.0,116.0,-107.0,30.0,28.0,494.0,-79.0,-20.0,-230.0
-180.0,69.0,136.0,-86.0,14.0,6.0,187.0,-182.0,-12.0,-258.0
-154.0,230.0,80.0,-53.0,39.0,-13.0,-139.0,-92.0,-28.0,-269.0
-113.0,315.0,66.0,17.0,48.0,91.0,-193.0,199.0,-33.0,-260.0
-81.0,276.0,90.0,92.0,-23.0,72.0,-40.0,279.0,-33.0,-254.0
-52.0,266.0,84.0,58.0,36.0,164.0,32.0,40.0,-20.0,-246.0
-33.0,198.0,89.0,-10.0,60.0,392.0,-54.0,-354.0,-5.0,-212.0
-10.0,-47.0,62.0,-67.0,-48.0,381.0,-135.0,-369.0,-20.0,-163.0
-4.0,-368.0,30.0,-100.0,34.0,162.0,-113.0,-402.0,-26.0,-135.0
-16.0,-535.0,20.0,-87.0,80.0,58.0,-149.0,-310.0,-54.0,-102.0
-16.0,-547.0,36.0,-40.0,-76.0,131.0,-341.0,-53.0,-66.0,-45.0
-20.0,-682.0,33.0,-18.0,29.0,244.0,-491.0,62.0,-53.0,11.0
-56.0,-678.0,7.0,9.0,88.0,242.0,-447.0,336.0,-68.0,59.0
-70.0,-599.0,14.0,10.0,4.0,248.0,-270.0,408.0,-95.0,88.0
-82.0,-462.0,-9.0,-35.0,112.0,184.0,-51.0,264.0,-138.0,125.0
-95.0,-262.0,11.0,-31.0,-55.0,54.0,141.0,-112.0,-159.0,137.0
-72.0,-34.0,1.0,-5.0,-100.0,162.0,380.0,-369.0,-124.0,112.0
-63.0,226.0,-10.0,-55.0,160.0,270.0,698.0,-262.0,-88.0,101.0
-32.0,392.0,-23.0,-83.0,-7.0,305.0,905.0,-88.0,-74.0,80.0
-50.0,582.0,-59.0,-67.0,-47.0,331.0,843.0,271.0,-67.0,34.0
-68.0,577.0,-27.0,-89.0,85.0,390.0,567.0,471.0,-75.0,2.0
-73.0,655.0,-25.0,-67.0,-31.0,459.0,264.0,642.0,-44.0,-2.0
-80.0,842.0,-23.0,-29.0,83.0,331.0,40.0,678.0,-4.0,-2.0
-47.0,736.0,24.0,-1.0,67.0,217.0,-161.0,373.0,-2.0,-23.0
-14.0,611.0,31.0,-14.0,-85.0,30.0,-311.0,-12.0,0.0,-23.0
40.0,487.0,-1.0,-27.0,69.0,-134.0,-323.0,-321.0,-15.0,31.0
47.0,383.0,54.0,20.0,47.0,-50.0,-219.0,9.0,-11.0,53.0
44.0,239.0,0.0,18.0,-133.0,0.0,-39.0,277.0,9.0,55.0
7.0,64.0,-51.0,44.0,-114.0,-51.0,158.0,236.0,7.0,91.0
-33.0,105.0,2.0,116.0,-5.0,-85.0,368.0,376.0,7.0,115.0
-44.0,70.0,-39.0,133.0,42.0,43.0,625.0,400.0,-5.0,137.0
-57.0,-10.0,-38.0,117.0,-25.0,123.0,845.0,249.0,-17.0,157.0
-29.0,-49.0,-66.0,82.0,-116.0,156.0,841.0,-195.0,-1.0,188.0
-5.0,-79.0,-69.0,34.0,-76.0,269.0,599.0,-378.0,25.0,221.0
40.0,4.0,-74.0,18.0,-42.0,343.0,293.0,-354.0,79.0,225.0
67.0,17.0,-109.0,4.0,-85.0,387.0,49.0,-397.0,97.0,247.0
81.0,22.0,-92.0,0.0,-156.0,342.0,-177.0,-242.0,91.0,257.0
77.0,-65.0,-127.0,-18.0,-137.0,328.0,-494.0,-86.0,127.0,233.0
54.0,-105.0,-109.0,-39.0,60.0,346.0,-741.0,188.0,131.0,202.0
65.0,-147.0,-85.0,-14.0,-16.0,341.0,-790.0,86.0,165.0,187.0
73.0,-430.0,-103.0,-31.0,-98.0,362.0,-673.0,-110.0,197.0,190.0
85.0,-470.0,-78.0,-18.0,87.0,379.0,-438.0,1.0,166.0,168.0
87.0,-356.0,-70.0,34.0,55.0,329.0,-184.0,232.0,130.0,153.0
72.0,-217.0,-98.0,72.0,-44.0,325.0,82.0,668.0,79.0,158.0
35.0,-107.0,-61.0,62.0,-113.0,365.0,356.0,644.0,78.0,152.0
6.0,-93.0,-65.0,43.0,-155.0,325.0,526.0,476.0,84.0,123.0
9.0,0.0,-85.0,53.0,-14.0,424.0,483.0,216.0,60.0,97.0
14.0,-9.0,-46.0,6.0,87.0,619.0,367.0,-151.0,32.0,87.0
7.0,-81.0,-75.0,6.0,-44.0,636.0,368.0,-256.0,9.0,58.0
-6.0,-150.0,-54.0,-9.0,-19.0,473.0,362.0,-448.0,17.0,24.0
-10.0,-168.0,-42.0,-38.0,108.0,356.0,243.0,-376.0,20.0,20.0
8.0,-92.0,-33.0,-26.0,-79.0,285.0,95.0,-195.0,9.0,1.0
4.0,-65.0,-14.0,-34.0,-108.0,177.0,14.0,-46.0,-14.0,-39.0
-4.0,-126.0,-63.0,1.0,-36.0,-39.0,17.0,-27.0,-50.0,-54.0
3.0,-128.0,-30.0,0.0,-35.0,-289.0,-25.0,-145.0,-89.0,-55.0
-12.0,-58.0,-42.0,-10.0,148.0,-352.0,-147.0,-88.0,-89.0,-78.0
-24.0,-101.0,-50.0,-1.0,74.0,-255.0,-208.0,-188.0,-72.0,-102.0
-29.0,-186.0,-1.0,0.0,-32.0,-71.0,-148.0,-158.0,-94.0,-91.0
0.0,-122.0,-17.0,-19.0,78.0,41.0,-75.0,-118.0,-101.0,-81.0
43.0,123.0,0.0,-53.0,48.0,158.0,-189.0,-99.0,-117.0,-79.0
72.0,121.0,-13.0,-62.0,22.0,148.0,-388.0,182.0,-123.0,-67.0
74.0,142.0,-61.0,-111.0,-9.0,67.0,-473.0,330.0,-93.0,-35.0
68.0,481.0,-61.0,-138.0,-19.0,47.0,-431.0,254.0,-111.0,-4.0
83.0,531.0,-76.0,-109.0,121.0,-37.0,-357.0,-114.0,-141.0,25.0
66.0,501.0,-113.0,-95.0,157.0,-37.0,-226.0,-328.0,-139.0,73.0
52.0,378.0,-121.0,-86.0,-27.0,-130.0,-9.0,-367.0,-132.0,97.0
58.0,151.0,-78.0,-84.0,-65.0,-118.0,96.0,-424.0,-100.0,99.0
53.0,198.0,-72.0,-86.0,147.0,-28.0,162.0,-197.0,-61.0,111.0
29.0,148.0,-103.0,-69.0,79.0,116.0,218.0,-29.0,-37.0,123.0
13.0,-99.0,-79.0,-71.0,-168.0,344.0,212.0,182.0,-16.0,110.0
-1.0,-296.0,-92.0,-89.0,-118.0,381.0,168.0,249.0,-10.0,90.0
-13.0,-254.0,-114.0,-95.0,70.0,517.0,182.0,136.0,-35.0,73.0
-37.0,-211.0,-83.0,-101.0,57.0,505.0,249.0,127.0,-47.0,65.0
-58.0,-184.0,-38.0,-110.0,21.0,465.0,174.0,149.0,-19.0,54.0
-48.0,13.0,-20.0,-136.0,25.0,482.0,63.0,448.0,19.0,32.0
-38.0,95.0,-23.0,-113.0,30.0,280.0,1.0,452.0,30.0,32.0
-29.0,187.0,-2.0,-98.0,72.0,66.0,-2.0,280.0,23.0,11.0
-36.0,186.0,-13.0,-112.0,-26.0,-100.0,-32.0,162.0,41.0,-15.0
-36.0,45.0,-38.0,-109.0,-59.0,-49.0,-54.0,-134.0,44.0,-48.0
-41.0,-3.0,-55.0,-112.0,-16.0,-63.0,-4.0,-445.0,19.0,-93.0
-47.0,-175.0,-12.0,-112.0,14.0,-153.0,-49.0,-750.0,0.0,-136.0
-71.0,-265.0,6.0,-138.0,-5.0,-202.0,-134.0,-687.0,-18.0,-187.0
-85.0,-316.0,-17.0,-149.0,-40.0,-248.0,-207.0,-685.0,-24.0,-213.0
-62.0,-445.0,12.0,-157.0,30.0,-241.0,-243.0,-692.0,-16.0,-236.0
-57.0,-273.0,-39.0,-146.0,109.0,-198.0,-257.0,-521.0,11.0,-273.0
-59.0,29.0,-53.0,-144.0,104.0,76.0,-223.0,-369.0,29.0,-302.0
-61.0,176.0,-1.0,-160.0,-16.0,141.0,-160.0,-53.0,32.0,-292.0
-52.0,134.0,-24.0,-159.0,80.0,4.0,-123.0,-72.0,9.0,-277.0
-60.0,137.0,1.0,-195.0,141.0,-8.0,20.0,-181.0,-12.0,-268.0
-65.0,231.0,-6.0,-210.0,75.0,118.0,205.0,-160.0,-13.0,-244.0
-52.0,288.0,-33.0,-166.0,72.0,148.0,304.0,-40.0,-4.0,-218.0
-44.0,297.0,-15.0,-71.0,49.0,-119.0,306.0,38.0,21.0,-161.0
-36.0,212.0,-20.0,-31.0,146.0,-212.0,246.0,-264.0,19.0,-135.0
-13.0,180.0,-8.0,-40.0,26.0,-238.0,125.0,-388.0,7.0,-123.0
7.0,65.0,-30.0,7.0,-86.0,-189.0,-17.0,-393.0,-32.0,-82.0
36.0,-57.0,-21.0,19.0,42.0,-134.0,-143.0,-478.0,-63.0,-60.0
44.0,-114.0,-30.0,2.0,64.0,-200.0,-368.0,-583.0,-40.0,-39.0
24.0,-184.0,-77.0,-20.0,2.0,16.0,-588.0,-487.0,-26.0,-14.0
9.0,-104.0,-46.0,-59.0,-16.0,294.0,-621.0,-11.0,-23.0,23.0
-10.0,-24.0,15.0,-76.0,-7.0,368.0,-522.0,208.0,-11.0,52.0
-3.0,39.0,6.0,-100.0,1.0,283.0,-416.0,249.0,-5.0,90.0
0.0,161.0,-63.0,-127.0,76.0,213.0,-360.0,288.0,-11.0,134.0
32.0,316.0,-91.0,-203.0,49.0,91.0,-269.0,134.0,15.0,145.0
39.0,347.0,-68.0,-243.0,-38.0,-95.0,-109.0,-145.0,26.0,168.0
40.0,267.0,-32.0,-214.0,-39.0,-129.0,31.0,-275.0,12.0,192.0
44.0,222.0,-46.0,-184.0,-92.0,-118.0,119.0,-27.0,12.0,192.0
30.0,162.0,-40.0,-141.0,-138.0,-217.0,192.0,-25.0,10.0,185.0
48.0,119.0,-4.0,-103.0,-134.0,-253.0,255.0,-73.0,22.0,175.0
13.0,31.0,-31.0,-80.0,-76.0,-24.0,243.0,12.0,42.0,161.0
10.0,-106.0,-32.0,-88.0,-16.0,157.0,169.0,-64.0,64.0,130.0
9.0,-247.0,0.0,-61.0,-120.0,188.0,56.0,-118.0,74.0,93.0
11.0,-226.0,-5.0,-31.0,-134.0,213.0,-47.0,-362.0,59.0,75.0
40.0,-99.0,23.0,15.0,49.0,227.0,-88.0,-426.0,39.0,52.0
40.0,-75.0,52.0,35.0,72.0,74.0,-170.0,-328.0,39.0,16.0
47.0,-3.0,41.0,-7.0,20.0,-208.0,-278.0,-229.0,32.0,10.0
49.0,9.0,78.0,25.0,-6.0,-321.0,-362.0,-190.0,16.0,24.0
30.0,63.0,51.0,38.0,-8.0,-390.0,-376.0,-271.0,15.0,41.0
0.0,128.0,60.0,31.0,115.0,-409.0,-293.0,-210.0,-6.0,60.0
-13.0,31.0,115.0,17.0,69.0,-386.0,-203.0,-345.0,-18.0,92.0
-22.0,83.0,82.0,-34.0,-3.0,-302.0,-85.0,-267.0,-7.0,124.0
-19.0,108.0,99.0,-58.0,71.0,-237.0,76.0,-125.0,-5.0,123.0
-31.0,34.0,78.0,-69.0,52.0,-519.0,227.0,-144.0,-8.0,103.0
-17.0,-74.0,36.0,-51.0,-8.0,-801.0,318.0,-157.0,-32.0,96.0
-17.0,-65.0,10.0,-30.0,-53.0,-784.0,309.0,-343.0,-52.0,89.0
-23.0,160.0,-24.0,10.0,-75.0,-598.0,247.0,-399.0,-56.0,77.0
-7.0,280.0,0.0,47.0,-39.0,-407.0,173.0,-358.0,-72.0,68.0
-21.0,406.0,10.0,-17.0,-16.0,-386.0,7.0,-151.0,-54.0,41.0
-22.0,470.0,4.0,-28.0,-60.0,-493.0,-271.0,-147.0,-26.0,10.0
-42.0,497.0,8.0,24.0,-83.0,-494.0,-545.0,-310.0,-26.0,-15.0
-42.0,431.0,34.0,-2.0,50.0,-329.0,-687.0,-232.0,-14.0,-38.0
-59.0,220.0,36.0,-8.0,157.0,-122.0,-621.0,-251.0,-24.0,-73.0
-54.0,138.0,6.0,-36.0,41.0,-41.0,-484.0,-125.0,-38.0,-129.0
-10.0,36.0,50.0,-41.0,10.0,-81.0,-409.0,33.0,-39.0,-146.0
16.0,-17.0,41.0,-31.0,114.0,-13.0,-334.0,166.0,-55.0,-151.0
30.0,-128.0,14.0,-62.0,117.0,135.0,-170.0,243.0,-35.0,-186.0
31.0,-290.0,5.0,-61.0,80.0,221.0,-74.0,14.0,-2.0,-215.0
49.0,-272.0,-9.0,-107.0,53.0,224.0,-164.0,-12.0,6.0,-220.0
47.0,-172.0,41.0,-183.0,43.0,91.0,-209.0,-3.0,-1.0,-229.0
64.0,-58.0,-2.0,-228.0,119.0,-63.0,-179.0,-31.0,-14.0,-255.0
67.0,26.0,-10.0,-231.0,50.0,-38.0,-213.0,-184.0,-27.0,-269.0
72.0,182.0,-31.0,-217.0,-79.0,90.0,-336.0,-384.0,-29.0,-276.0
80.0,310.0,-63.0,-158.0,12.0,106.0,-428.0,-144.0,-12.0,-272.0
99.0,393.0,9.0,-106.0,31.0,-118.0,-400.0,-227.0,-9.0,-260.0
128.0,349.0,-10.0,-84.0,20.0,-342.0,-289.0,-325.0,-11.0,-236.0
135.0,202.0,14.0,-87.0,-23.0,-384.0,-169.0,-203.0,-17.0,-216.0
131.0,212.0,25.0,-116.0,-65.0,-364.0,-194.0,-153.0,-44.0,-215.0
97.0,188.0,-6.0,-105.0,20.0,-295.0,-347.0,-75.0,-58.0,-193.0
95.0,112.0,21.0,-84.0,61.0,-280.0,-424.0,-286.0,-54.0,-177.0
80.0,79.0,18.0,-36.0,13.0,-497.0,-353.0,-404.0,-75.0,-184.0
76.0,19.0,59.0,-31.0,-44.0,-788.0,-264.0,-515.0,-95.0,-197.0
70.0,-41.0,77.0,-27.0,76.0,-830.0,-175.0,-363.0,-82.0,-176.0
36.0,-75.0,41.0,-15.0,61.0,-724.0,24.0,18.0,-76.0,-150.0
-8.0,-152.0,63.0,-45.0,-72.0,-582.0,309.0,179.0,-78.0,-136.0
-55.0,-244.0,54.0,-52.0,-8.0,-469.0,515.0,399.0,-90.0,-98.0
-68.0,-245.0,0.0,-59.0,28.0,-435.0,573.0,295.0,-83.0,-61.0
-79.0,-222.0,23.0,-67.0,-5.0,-416.0,515.0,20.0,-50.0,-26.0
-67.0,-302.0,22.0,-59.0,-21.0,-484.0,389.0,-299.0,-34.0,-12.0
-68.0,-411.0,-3.0,-57.0,-63.0,-463.0,257.0,-517.0,-22.0,-2.0
-64.0,-430.0,-20.0,-40.0,-11.0,-319.0,49.0,-448.0,-10.0,5.0
-58.0,-399.0,-23.0,-14.0,7.0,-239.0,-190.0,-362.0,-20.0,-6.0
-71.0,-308.0,-2.0,-26.0,-75.0,-139.0,-372.0,-188.0,-32.0,-9.0
-73.0,-200.0,0.0,-33.0,-70.0,96.0,-470.0,-421.0,-41.0,5.0
-66.0,-113.0,13.0,-6.0,8.0,265.0,-506.0,-567.0,-40.0,15.0
-52.0,56.0,-35.0,0.0,111.0,265.0,-559.0,-258.0,-32.0,-1.0
-48.0,225.0,-53.0,-38.0,-12.0,239.0,-536.0,-234.0,-26.0,-5.0
-54.0,132.0,-46.0,-37.0,-49.0,319.0,-403.0,-365.0,-27.0,-13.0
-59.0,63.0,-42.0,-11.0,72.0,507.0,-175.0,-519.0,-56.0,-35.0
-65.0,135.0,-6.0,-27.0,40.0,476.0,-57.0,-371.0,-62.0,-54.0
-79.0,78.0,0.0,-17.0,30.0,294.0,-169.0,84.0,-46.0,-69.0
-61.0,68.0,49.0,-15.0,-52.0,248.0,-246.0,578.0,-38.0,-72.0
-48.0,62.0,69.0,-44.0,-45.0,185.0,-234.0,800.0,-30.0,-81.0
-46.0,-14.0,106.0,-74.0,61.0,61.0,-234.0,537.0,-5.0,-67.0
-23.0,-30.0,107.0,-114.0,-40.0,116.0,-242.0,94.0,32.0,-57.0
-9.0,-12.0,78.0,-100.0,-141.0,309.0,-191.0,-609.0,60.0,-59.0
2.0,99.0,110.0,-62.0,4.0,321.0,-123.0,-903.0,78.0,-49.0
21.0,122.0,68.0,-62.0,59.0,166.0,-95.0,-766.0,49.0,-46.0
33.0,30.0,64.0,-60.0,-2.0,115.0,-76.0,-524.0,33.0,-58.0
37.0,88.0,112.0,-41.0,22.0,206.0,-46.0,103.0,39.0,-95.0
46.0,-6.0,66.0,-3.0,14.0,234.0,41.0,596.0,28.0,-108.0
55.0,-45.0,4.0,57.0,119.0,106.0,146.0,626.0,13.0,-117.0
73.0,20.0,37.0,96.0,106.0,-175.0,193.0,62.0,-23.0,-135.0
90.0,12.0,109.0,92.0,-85.0,-377.0,195.0,-458.0,-58.0,-146.0
98.0,136.0,122.0,76.0,-20.0,-452.0,230.0,-635.0,-87.0,-164.0
97.0,96.0,85.0,34.0,65.0,-514.0,314.0,-436.0,-100.0,-170.0
105.0,116.0,44.0,10.0,2.0,-434.0,376.0,166.0,-100.0,-185.0
125.0,132.0,75.0,-2.0,-26.0,-400.0,291.0,384.0,-107.0,-202.0
127.0,82.0,139.0,0.0,-32.0,-465.0,61.0,452.0,-112.0,-220.0
117.0,51.0,130.0,23.0,76.0,-468.0,-115.0,358.0,-137.0,-238.0
122.0,-81.0,153.0,26.0,139.0,-375.0,-177.0,73.0,-164.0,-233.0
136.0,-193.0,134.0,33.0,-19.0,-234.0,-289.0,-90.0,-165.0,-217.0
141.0,-357.0,69.0,6.0,-104.0,-223.0,-522.0,-382.0,-154.0,-195.0
156.0,-389.0,37.0,14.0,28.0,-258.0,-704.0,-574.0,-126.0,-174.0
152.0,-507.0,39.0,23.0,102.0,-209.0,-769.0,-600.0,-121.0,-146.0
154.0,-638.0,73.0,26.0,-51.0,-195.0,-738.0,-413.0,-113.0,-101.0
167.0,-563.0,58.0,-1.0,-83.0,-186.0,-638.0,-112.0,-81.0,-68.0
156.0,-472.0,89.0,-89.0,37.0,-121.0,-514.0,125.0,-89.0,-55.0
135.0,-425.0,44.0,-114.0,78.0,-101.0,-240.0,97.0,-120.0,-30.0
117.0,-239.0,-8.0,-138.0,0.0,-36.0,88.0,-297.0,-150.0,-4.0
110.0,73.0,-5.0,-110.0,-92.0,-29.0,303.0,-354.0,-174.0,3.0
92.0,237.0,-24.0,-71.0,-4.0,-119.0,380.0,-253.0,-182.0,-6.0
72.0,352.0,-6.0,-57.0,46.0,-39.0,327.0,-55.0,-141.0,-8.0
76.0,294.0,-3.0,-76.0,-40.0,-40.0,216.0,225.0,-83.0,-24.0
72.0,357.0,25.0,-148.0,-89.0,-104.0,127.0,304.0,-57.0,-38.0
64.0,577.0,-7.0,-138.0,41.0,-56.0,74.0,622.0,-8.0,-51.0
35.0,580.0,-44.0,-108.0,135.0,81.0,-45.0,493.0,33.0,-87.0
-16.0,426.0,-29.0,-135.0,16.0,266.0,-149.0,-84.0,64.0,-114.0
-41.0,137.0,-4.0,-123.0,-26.0,254.0,-171.0,-489.0,100.0,-145.0
-36.0,-26.0,0.0,-100.0,-37.0,233.0,-190.0,-556.0,116.0,-153.0
-28.0,-185.0,-32.0,-106.0,-26.0,247.0,-243.0,-68.0,120.0,-156.0
-36.0,-404.0,-12.0,-65.0,3.0,248.0,-274.0,288.0,109.0,-187.0
-12.0,-517.0,-59.0,-31.0,-45.0,237.0,-253.0,306.0,118.0,-198.0
1.0,-385.0,-85.0,-34.0,-42.0,197.0,-260.0,31.0,124.0,-185.0
-19.0,-96.0,-60.0,-30.0,31.0,172.0,-268.0,-327.0,113.0,-198.0
-43.0,-124.0,-59.0,-55.0,14.0,53.0,-217.0,-635.0,120.0,-217.0
-49.0,-162.0,12.0,-135.0,-51.0,-73.0,-66.0,-685.0,118.0,-224.0
-10.0,-85.0,-10.0,-190.0,-47.0,-96.0,71.0,-105.0,104.0,-229.0
-16.0,-135.0,-59.0,-208.0,-39.0,11.0,127.0,199.0,78.0,-238.0
-22.0,-253.0,-84.0,-249.0,18.0,71.0,179.0,203.0,64.0,-266.0
-2.0,-265.0,-101.0,-245.0,-39.0,-20.0,197.0,97.0,84.0,-258.0
-2.0,-105.0,-68.0,-209.0,-79.0,-183.0,235.0,-212.0,83.0,-254.0
5.0,-96.0,-80.0,-183.0,30.0,-211.0,254.0,-230.0,81.0,-265.0
25.0,-112.0,-49.0,-129.0,88.0,-128.0,126.0,-116.0,80.0,-238.0
54.0,-58.0,-52.0,-90.0,52.0,-133.0,-60.0,144.0,61.0,-195.0
45.0,-144.0,-58.0,-36.0,-116.0,-123.0,-180.0,358.0,45.0,-163.0
47.0,-233.0,-53.0,25.0,-33.0,-162.0,-265.0,550.0,49.0,-145.0
57.0,-230.0,-18.0,92.0,70.0,-212.0,-410.0,600.0,61.0,-101.0
59.0,-187.0,23.0,109.0,-107.0,-74.0,-531.0,33.0,61.0,-79.0
80.0,-88.0,10.0,65.0,-91.0,149.0,-520.0,-631.0,73.0,-95.0
94.0,3.0,81.0,114.0,8.0,304.0,-462.0,-984.0,91.0,-91.0
100.0,86.0,58.0,86.0,4.0,260.0,-361.0,-674.0,81.0,-83.0
99.0,131.0,36.0,11.0,-4.0,133.0,-216.0,-12.0,68.0,-47.0
102.0,113.0,48.0,26.0,-102.0,150.0,-93.0,441.0,65.0,-20.0
112.0,147.0,17.0,-15.0,-89.0,228.0,-3.0,539.0,55.0,4.0
116.0,172.0,65.0,-79.0,62.0,280.0,52.0,240.0,43.0,71.0
117.0,136.0,56.0,-81.0,-49.0,242.0,66.0,-127.0,33.0,120.0
111.0,95.0,46.0,-31.0,-80.0,290.0,-1.0,-587.0,36.0,162.0
85.0,111.0,51.0,-28.0,57.0,393.0,-51.0,-615.0,36.0,199.0
71.0,73.0,42.0,-65.0,-41.0,356.0,16.0,-206.0,16.0,226.0
74.0,1.0,59.0,-82.0,32.0,345.0,159.0,249.0,10.0,242.0
101.0,29.0,78.0,-92.0,139.0,431.0,275.0,685.0,-35.0,243.0
111.0,12.0,71.0,-104.0,-72.0,532.0,323.0,698.0,-90.0,242.0
88.0,-62.0,39.0,-84.0,-39.0,537.0,387.0,558.0,-116.0,205.0
57.0,-41.0,40.0,-71.0,62.0,567.0,475.0,24.0,-153.0,157.0
31.0,40.0,-7.0,-106.0,-128.0,511.0,461.0,-532.0,-174.0,114.0
31.0,101.0,16.0,-76.0,-102.0,268.0,294.0,-543.0,-180.0,74.0
13.0,134.0,58.0,-30.0,-9.0,163.0,158.0,-389.0,-179.0,20.0
19.0,54.0,42.0,-48.0,16.0,170.0,93.0,240.0,-182.0,-42.0
13.0,17.0,101.0,-70.0,64.0,181.0,45.0,726.0,-190.0,-71.0
0.0,88.0,74.0,-111.0,-21.0,228.0,-12.0,707.0,-184.0,-103.0
-14.0,-33.0,55.0,-141.0,-2.0,150.0,-104.0,613.0,-194.0,-148.0
-21.0,-172.0,46.0,-169.0,24.0,31.0,-124.0,343.0,-206.0,-203.0
-14.0,-98.0,13.0,-203.0,-31.0,-28.0,-133.0,105.0,-214.0,-264.0
-26.0,-64.0,30.0,-145.0,-38.0,39.0,-169.0,-66.0,-204.0,-311.0
-16.0,-147.0,-9.0,-109.0,-15.0,162.0,-216.0,-103.0,-154.0,-364.0
-9.0,-147.0,3.0,-76.0,-1.0,139.0,-304.0,55.0,-119.0,-400.0
8.0,22.0,18.0,7.0,25.0,202.0,-359.0,408.0,-105.0,-423.0
17.0,124.0,-49.0,89.0,48.0,331.0,-326.0,532.0,-105.0,-452.0
41.0,153.0,-58.0,145.0,7.0,310.0,-325.0,251.0,-111.0,-471.0
61.0,124.0,-68.0,148.0,7.0,192.0,-378.0,-188.0,-98.0,-466.0
72.0,88.0,-86.0,144.0,45.0,140.0,-303.0,-842.0,-72.0,-443.0
80.0,213.0,-111.0,145.0,-15.0,203.0,-74.0,-1016.0,-62.0,-427.0
52.0,199.0,-162.0,169.0,-80.0,385.0,210.0,-768.0,-75.0,-384.0
39.0,-22.0,-169.0,178.0,32.0,673.0,420.0,-212.0,-93.0,-321.0
53.0,-206.0,-148.0,190.0,41.0,792.0,525.0,567.0,-113.0,-261.0
94.0,-75.0,-97.0,114.0,11.0,648.0,564.0,665.0,-115.0,-217.0
113.0,-97.0,-103.0,16.0,87.0,414.0,532.0,347.0,-128.0,-173.0
140.0,-282.0,-87.0,38.0,1.0,214.0,408.0,-68.0,-158.0,-115.0
162.0,-35.0,-116.0,26.0,-40.0,160.0,193.0,-114.0,-178.0,-90.0
172.0,89.0,-147.0,-12.0,14.0,276.0,-15.0,175.0,-203.0,-64.0
170.0,168.0,-77.0,-67.0,-60.0,344.0,-214.0,230.0,-222.0,-37.0
157.0,273.0,-134.0,-105.0,-19.0,354.0,-403.0,421.0,-215.0,-6.0
178.0,175.0,-116.0,-102.0,110.0,489.0,-532.0,423.0,-188.0,36.0
186.0,200.0,-62.0,-68.0,-15.0,574.0,-465.0,275.0,-191.0,58.0
203.0,122.0,-40.0,10.0,-133.0,413.0,-238.0,-18.0,-199.0,84.0
205.0,-134.0,5.0,79.0,-108.0,90.0,-52.0,-524.0,-195.0,91.0
181.0,-280.0,3.0,93.0,-58.0,-80.0,15.0,-678.0,-204.0,75.0
156.0,-199.0,-6.0,74.0,-54.0,60.0,23.0,-602.0,-176.0,80.0
143.0,-143.0,-39.0,70.0,-130.0,202.0,159.0,-129.0,-131.0,93.0
116.0,-66.0,-70.0,87.0,-69.0,315.0,389.0,430.0,-77.0,74.0
75.0,80.0,-37.0,82.0,-27.0,494.0,562.0,735.0,-33.0,73.0
37.0,-88.0,-1.0,20.0,-42.0,529.0,545.0,683.0,-17.0,112.0
-18.0,-77.0,-49.0,-2.0,1.0,321.0,392.0,238.0,5.0,146.0
-69.0,86.0,-9.0,-18.0,-63.0,35.0,248.0,9.0,12.0,173.0
-121.0,-35.0,-17.0,-56.0,-27.0,-45.0,93.0,-88.0,21.0,187.0
-130.0,54.0,-63.0,-70.0,97.0,164.0,-74.0,-3.0,18.0,207.0
-143.0,211.0,-51.0,-76.0,-43.0,398.0,-212.0,227.0,18.0,219.0
-194.0,141.0,-92.0,-78.0,-38.0,304.0,-207.0,576.0,40.0,209.0
-227.0,87.0,-57.0,-108.0,78.0,250.0,-72.0,918.0,44.0,206.0
-251.0,155.0,10.0,-110.0,-69.0,379.0,102.0,744.0,40.0,209.0
-255.0,99.0,6.0,-84.0,11.0,384.0,251.0,360.0,14.0,194.0
-247.0,-71.0,9.0,-25.0,23.0,438.0,369.0,-136.0,-2.0,167.0
-223.0,-69.0,51.0,38.0,-126.0,586.0,524.0,-515.0,-7.0,167.0
-203.0,-21.0,25.0,84.0,87.0,724.0,640.0,-554.0,-7.0,171.0
-177.0,-19.0,31.0,157.0,45.0,772.0,543.0,-238.0,-3.0,173.0
-164.0,-82.0,14.0,192.0,-125.0,792.0,330.0,312.0,-6.0,190.0
-181.0,-28.0,-22.0,210.0,84.0,790.0,109.0,635.0,-34.0,217.0
-169.0,125.0,18.0,169.0,48.0,643.0,-105.0,785.0,-73.0,227.0
-137.0,178.0,13.0,127.0,-91.0,401.0,-252.0,539.0,-85.0,204.0
-113.0,233.0,44.0,93.0,-8.0,268.0,-335.0,129.0,-110.0,205.0
-90.0,235.0,20.0,56.0,-35.0,415.0,-317.0,-238.0,-110.0,210.0
-56.0,217.0,-47.0,56.0,77.0,469.0,-300.0,-487.0,-95.0,203.0
-31.0,116.0,-43.0,29.0,150.0,281.0,-231.0,-188.0,-100.0,194.0
-22.0,-63.0,-86.0,21.0,-23.0,85.0,-101.0,86.0,-98.0,183.0
-10.0,-132.0,-82.0,4.0,76.0,116.0,-30.0,500.0,-93.0,164.0
16.0,-52.0,-48.0,3.0,168.0,310.0,16.0,947.0,-73.0,125.0
27.0,29.0,-36.0,14.0,67.0,269.0,16.0,995.0,-37.0,103.0
15.0,70.0,-18.0,47.0,10.0,208.0,-7.0,707.0,-5.0,69.0
5.0,146.0,-42.0,108.0,-56.0,151.0,-124.0,-49.0,0.0,9.0
-15.0,110.0,-7.0,128.0,51.0,-24.0,-298.0,-528.0,10.0,-33.0
-12.0,133.0,-10.0,154.0,141.0,-63.0,-366.0,-587.0,30.0,-62.0
17.0,198.0,-2.0,176.0,-54.0,-23.0,-275.0,-291.0,41.0,-94.0
51.0,77.0,39.0,194.0,-100.0,-30.0,-90.0,53.0,61.0,-131.0
75.0,10.0,16.0,224.0,-3.0,-97.0,98.0,430.0,79.0,-166.0
85.0,162.0,53.0,193.0,24.0,-14.0,272.0,1080.0,97.0,-179.0
87.0,174.0,52.0,103.0,-24.0,294.0,341.0,1071.0,91.0,-180.0
65.0,-87.0,22.0,-1.0,-230.0,421.0,292.0,567.0,88.0,-211.0
62.0,-44.0,-7.0,-73.0,-65.0,188.0,175.0,-206.0,61.0,-222.0
63.0,76.0,-22.0,-91.0,170.0,-73.0,42.0,-727.0,20.0,-216.0
78.0,4.0,-35.0,-105.0,-2.0,-50.0,1.0,-587.0,2.0,-219.0
104.0,23.0,-56.0,-114.0,-8.0,191.0,-10.0,-103.0,-15.0,-187.0
102.0,57.0,-29.0,-138.0,102.0,393.0,-58.0,772.0,8.0,-166.0
116.0,152.0,-82.0,-123.0,158.0,448.0,-62.0,1237.0,29.0,-133.0
131.0,173.0,-122.0,-139.0,173.0,340.0,-11.0,1066.0,47.0,-93.0
131.0,283.0,-139.0,-136.0,-5.0,155.0,60.0,251.0,77.0,-64.0
119.0,464.0,-168.0,-101.0,-10.0,159.0,132.0,-752.0,89.0,-18.0
116.0,535.0,-137.0,-125.0,166.0,340.0,130.0,-1145.0,87.0,9.0
139.0,667.0,-140.0,-36.0,55.0,430.0,65.0,-1165.0,93.0,26.0
151.0,560.0,-177.0,31.0,-53.0,302.0,-15.0,-613.0,109.0,44.0
155.0,309.0,-175.0,41.0,-96.0,203.0,-123.0,430.0,133.0,65.0
157.0,236.0,-162.0,57.0,-107.0,215.0,-219.0,1468.0,162.0,81.0
165.0,313.0,-153.0,44.0,69.0,87.0,-216.0,1572.0,157.0,94.0
156.0,207.0,-156.0,6.0,-65.0,-2.0,-102.0,423.0,148.0,137.0
118.0,-187.0,-168.0,-42.0,-190.0,0.0,-25.0,-655.0,129.0,198.0
102.0,-323.0,-205.0,-16.0,69.0,71.0,-39.0,-1045.0,109.0,254.0
96.0,-264.0,-232.0,-4.0,74.0,159.0,-71.0,-700.0,106.0,312.0
112.0,-384.0,-224.0,-44.0,-35.0,4.0,12.0,1.0,91.0,383.0
128.0,-401.0,-201.0,-46.0,6.0,-10.0,188.0,779.0,75.0,435.0
123.0,-185.0,-147.0,-4.0,0.0,237.0,254.0,1374.0,50.0,461.0
102.0,59.0,-181.0,6.0,59.0,286.0,135.0,921.0,33.0,483.0
57.0,171.0,-181.0,10.0,15.0,208.0,-77.0,-131.0,19.0,477.0
26.0,209.0,-183.0,-20.0,-115.0,249.0,-216.0,-1055.0,24.0,445.0
0.0,222.0,-229.0,-110.0,-99.0,277.0,-299.0,-1152.0,37.0,407.0
-11.0,-36.0,-173.0,-131.0,5.0,158.0,-324.0,-624.0,29.0,355.0
-29.0,-238.0,-168.0,-114.0,31.0,-116.0,-296.0,-279.0,19.0,310.0
-36.0,-433.0,-147.0,-89.0,-41.0,-320.0,-241.0,79.0,19.0,269.0
-31.0,-817.0,-134.0,-31.0,-3.0,-179.0,-80.0,376.0,31.0,218.0
-49.0,-948.0,-173.0,-25.0,1.0,-36.0,73.0,872.0,24.0,179.0
-55.0,-1065.0,-131.0,26.0,-108.0,-2.0,104.0,921.0,18.0,139.0
-69.0,-1109.0,-116.0,137.0,-205.0,116.0,85.0,380.0,5.0,84.0
-69.0,-895.0,-116.0,159.0,-166.0,214.0,143.0,103.0,-17.0,47.0
-67.0,-613.0,-89.0,186.0,-62.0,170.0,254.0,-123.0,-47.0,17.0
-68.0,-300.0,-109.0,138.0,-12.0,122.0,274.0,-195.0,-65.0,-19.0
-62.0,59.0,-128.0,65.0,-20.0,324.0,166.0,-325.0,-43.0,-41.0
-43.0,383.0,-162.0,64.0,-59.0,475.0,-4.0,-62.0,-23.0,-74.0
-30.0,588.0,-182.0,61.0,81.0,397.0,-114.0,628.0,-9.0,-104.0
-37.0,649.0,-197.0,92.0,137.0,196.0,-109.0,899.0,15.0,-128.0
-19.0,464.0,-178.0,116.0,-21.0,14.0,-81.0,716.0,38.0,-167.0
-12.0,390.0,-159.0,125.0,-23.0,0.0,-29.0,-88.0,40.0,-191.0
-14.0,204.0,-148.0,128.0,1.0,51.0,40.0,-694.0,55.0,-226.0
-39.0,-75.0,-171.0,114.0,-125.0,56.0,95.0,-672.0,89.0,-250.0
-53.0,-191.0,-233.0,87.0,-204.0,-69.0,91.0,-11.0,102.0,-252.0
-65.0,-291.0,-189.0,84.0,-277.0,-71.0,42.0,927.0,121.0,-254.0
-81.0,-202.0,-176.0,82.0,-183.0,-18.0,141.0,1047.0,150.0,-253.0
-57.0,-197.0,-110.0,92.0,53.0,-94.0,278.0,764.0,176.0,-257.0
-50.0,21.0,-83.0,100.0,-40.0,-150.0,281.0,120.0,193.0,-231.0
-42.0,484.0,-148.0,84.0,-32.0,-133.0,210.0,-678.0,206.0,-216.0
-60.0,836.0,-132.0,41.0,281.0,-120.0,132.0,-1206.0,197.0,-242.0
-92.0,1127.0,-155.0,-13.0,303.0,-310.0,158.0,-1365.0,165.0,-270.0
-130.0,1172.0,-134.0,41.0,179.0,-500.0,197.0,-648.0,142.0,-301.0
-160.0,1034.0,-94.0,83.0,133.0,-560.0,144.0,310.0,125.0,-334.0
-148.0,796.0,-69.0,106.0,138.0,-539.0,70.0,964.0,113.0,-350.0
-138.0,480.0,-63.0,140.0,152.0,-444.0,48.0,872.0,80.0,-359.0
-98.0,33.0,-55.0,98.0,-50.0,-378.0,108.0,519.0,53.0,-350.0
-64.0,-531.0,-63.0,67.0,-171.0,-363.0,132.0,121.0,36.0,-319.0
-46.0,-947.0,-59.0,97.0,-134.0,-453.0,20.0,-679.0,5.0,-291.0
-39.0,-1273.0,-52.0,169.0,-123.0,-367.0,-115.0,-811.0,-7.0,-233.0
-35.0,-1612.0,-93.0,148.0,-182.0,-88.0,-109.0,-393.0,-11.0,-166.0
-18.0,-1558.0,-71.0,74.0,-393.0,22.0,-31.0,430.0,-11.0,-107.0
-6.0,-1255.0,-82.0,104.0,-420.0,-37.0,-84.0,929.0,-6.0,-68.0
25.0,-950.0,-101.0,62.0,-270.0,-139.0,-224.0,735.0,19.0,-26.0
56.0,-631.0,-67.0,-3.0,-230.0,-137.0,-246.0,692.0,54.0,18.0
69.0,-268.0,-80.0,22.0,-309.0,18.0,-227.0,484.0,62.0,36.0
70.0,199.0,-109.0,2.0,-163.0,260.0,-258.0,-18.0,69.0,44.0
67.0,421.0,-88.0,-5.0,236.0,316.0,-194.0,-766.0,70.0,48.0
63.0,438.0,-85.0,73.0,377.0,179.0,-38.0,-942.0,74.0,50.0
72.0,173.0,-77.0,192.0,288.0,98.0,155.0,-482.0,81.0,33.0
77.0,-2.0,-37.0,172.0,209.0,77.0,352.0,110.0,81.0,19.0
97.0,79.0,-52.0,79.0,356.0,160.0,434.0,844.0,89.0,6.0
98.0,-36.0,-70.0,91.0,318.0,233.0,448.0,1208.0,105.0,-26.0
67.0,-112.0,-106.0,87.0,-7.0,218.0,544.0,796.0,121.0,-41.0
52.0,-47.0,-160.0,57.0,59.0,156.0,684.0,-260.0,141.0,-39.0
25.0,88.0,-127.0,70.0,93.0,3.0,766.0,-1103.0,172.0,-42.0
23.0,155.0,-65.0,79.0,10.0,-275.0,758.0,-1184.0,193.0,-52.0
27.0,389.0,-26.0,121.0,0.0,-509.0,709.0,-358.0,217.0,-52.0
7.0,737.0,-5.0,194.0,-149.0,-534.0,629.0,667.0,214.0,-42.0
-14.0,976.0,0.0,180.0,-133.0,-415.0,458.0,1173.0,228.0,-51.0
-40.0,1242.0,4.0,110.0,-54.0,-370.0,243.0,997.0,254.0,-63.0
-68.0,1215.0,-9.0,110.0,-196.0,-551.0,0.0,369.0,238.0,-54.0
-73.0,965.0,-9.0,108.0,-293.0,-628.0,-207.0,-212.0,229.0,-59.0
-64.0,574.0,-15.0,95.0,-57.0,-671.0,-309.0,-426.0,212.0,-57.0
-81.0,-167.0,-8.0,107.0,144.0,-638.0,-328.0,-321.0,175.0,-29.0
-101.0,-849.0,-37.0,41.0,117.0,-408.0,-377.0,-181.0,132.0,2.0
-105.0,-1345.0,-31.0,76.0,104.0,-300.0,-476.0,114.0,97.0,35.0
-103.0,-1782.0,15.0,233.0,219.0,-185.0,-490.0,282.0,74.0,72.0
-124.0,-1778.0,-40.0,285.0,371.0,-198.0,-428.0,240.0,43.0,113.0
-139.0,-1429.0,-46.0,168.0,275.0,-329.0,-325.0,-317.0,19.0,167.0
-137.0,-1091.0,-80.0,60.0,26.0,-399.0,-250.0,-772.0,16.0,216.0
-104.0,-670.0,-105.0,141.0,19.0,-360.0,-213.0,-558.0,19.0,269.0
-78.0,-24.0,-89.0,84.0,139.0,-118.0,-115.0,42.0,13.0,328.0
-66.0,718.0,-107.0,-92.0,53.0,18.0,-31.0,746.0,16.0,371.0
-41.0,1174.0,-97.0,-34.0,-80.0,-51.0,-57.0,835.0,5.0,414.0
-49.0,1341.0,-135.0,89.0,4.0,-156.0,-103.0,661.0,-28.0,440.0
-32.0,1403.0,-132.0,79.0,171.0,-173.0,-17.0,77.0,-50.0,444.0
-44.0,1194.0,-115.0,27.0,60.0,-166.0,72.0,-454.0,-45.0,424.0
-42.0,943.0,-96.0,0.0,-83.0,-95.0,26.0,-750.0,-36.0,407.0
-20.0,619.0,-45.0,10.0,-45.0,11.0,-73.0,-700.0,-41.0,394.0
8.0,-66.0,-32.0,0.0,11.0,16.0,-122.0,-127.0,-39.0,353.0
43.0,-775.0,5.0,-147.0,-33.0,-26.0,-89.0,356.0,-31.0,318.0
26.0,-1167.0,44.0,-196.0,-219.0,-153.0,-50.0,833.0,-19.0,286.0
23.0,-1227.0,84.0,-55.0,-243.0,-208.0,-14.0,694.0,-6.0,261.0
0.0,-1369.0,126.0,71.0,-174.0,-162.0,103.0,388.0,0.0,238.0
-7.0,-1346.0,123.0,211.0,-96.0,-60.0,268.0,-75.0,20.0,202.0
-2.0,-989.0,149.0,166.0,-61.0,-93.0,378.0,-535.0,20.0,167.0
9.0,-660.0,97.0,-64.0,-65.0,-349.0,359.0,-249.0,9.0,102.0
32.0,-287.0,78.0,-66.0,167.0,-447.0,230.0,426.0,0.0,41.0
53.0,58.0,153.0,43.0,432.0,-436.0,140.0,899.0,-17.0,-2.0
82.0,442.0,139.0,-7.0,320.0,-451.0,109.0,569.0,-21.0,-67.0
106.0,749.0,128.0,-152.0,184.0,-559.0,92.0,-38.0,-23.0,-142.0
140.0,846.0,123.0,-185.0,359.0,-678.0,57.0,-260.0,-58.0,-192.0
152.0,815.0,80.0,-180.0,353.0,-620.0,-3.0,-5.0,-99.0,-220.0
157.0,738.0,28.0,-224.0,165.0,-578.0,-32.0,321.0,-125.0,-259.0
130.0,674.0,8.0,-176.0,-13.0,-651.0,-30.0,376.0,-150.0,-286.0
106.0,582.0,-7.0,-20.0,-117.0,-683.0,-83.0,179.0,-157.0,-314.0
101.0,542.0,-11.0,220.0,-128.0,-598.0,-238.0,5.0,-150.0,-330.0
95.0,477.0,-5.0,393.0,-172.0,-587.0,-358.0,-184.0,-144.0,-312.0
95.0,568.0,1.0,423.0,-375.0,-575.0,-373.0,-142.0,-143.0,-290.0
89.0,854.0,33.0,407.0,-501.0,-464.0,-323.0,57.0,-140.0,-271.0
79.0,803.0,0.0,366.0,-287.0,-387.0,-261.0,365.0,-133.0,-249.0
67.0,537.0,-24.0,207.0,-275.0,-333.0,-216.0,779.0,-117.0,-211.0
60.0,267.0,-39.0,54.0,-314.0,-219.0,-156.0,691.0,-101.0,-181.0
32.0,-86.0,-36.0,-11.0,-163.0,35.0,-54.0,363.0,-87.0,-156.0
17.0,-387.0,-25.0,-58.0,-7.0,191.0,50.0,-125.0,-45.0,-126.0
-7.0,-591.0,37.0,13.0,144.0,162.0,24.0,-110.0,10.0,-103.0
-20.0,-561.0,-3.0,99.0,142.0,50.0,-23.0,22.0,51.0,-86.0
-46.0,-477.0,-66.0,113.0,114.0,-100.0,8.0,11.0,90.0,-53.0
-76.0,-492.0,8.0,170.0,322.0,-138.0,40.0,94.0,128.0,0.0
-74.0,-424.0,-62.0,180.0,538.0,-129.0,18.0,35.0,139.0,31.0
-86.0,-328.0,-16.0,64.0,261.0,-52.0,31.0,157.0,146.0,63.0
-91.0,-295.0,13.0,18.0,61.0,-56.0,152.0,-49.0,160.0,89.0
-111.0,-214.0,-17.0,64.0,165.0,-177.0,270.0,-304.0,173.0,87.0
-107.0,-148.0,37.0,147.0,50.0,-206.0,271.0,-563.0,197.0,84.0
-95.0,-434.0,-43.0,227.0,-170.0,-262.0,92.0,-543.0,210.0,83.0
-81.0,-462.0,-36.0,186.0,-320.0,-338.0,-82.0,-22.0,216.0,65.0
-76.0,-338.0,-43.0,197.0,-208.0,-378.0,-191.0,412.0,246.0,29.0
-77.0,-640.0,-34.0,282.0,-42.0,-386.0,-330.0,696.0,254.0,7.0
-65.0,-446.0,52.0,270.0,-87.0,-438.0,-455.0,617.0,221.0,-3.0
-84.0,13.0,39.0,151.0,-113.0,-555.0,-531.0,583.0,221.0,-7.0
-91.0,443.0,51.0,12.0,-49.0,-612.0,-540.0,548.0,200.0,-5.0
-103.0,1222.0,69.0,5.0,86.0,-613.0,-527.0,256.0,160.0,13.0
-116.0,1731.0,35.0,66.0,150.0,-644.0,-495.0,-64.0,144.0,32.0
-121.0,1807.0,43.0,86.0,-22.0,-668.0,-430.0,-395.0,136.0,30.0
-129.0,1537.0,73.0,110.0,17.0,-573.0,-218.0,-267.0,127.0,47.0
-123.0,992.0,60.0,6.0,261.0,-573.0,129.0,73.0,91.0,58.0
-110.0,198.0,86.0,-214.0,231.0,-680.0,381.0,373.0,75.0,71.0
-112.0,-656.0,35.0,-262.0,135.0,-776.0,428.0,583.0,72.0,57.0
-119.0,-1247.0,-14.0,-133.0,87.0,-900.0,356.0,380.0,56.0,28.0
-135.0,-1773.0,-28.0,74.0,204.0,-895.0,264.0,-3.0,64.0,34.0
-149.0,-1912.0,-69.0,265.0,356.0,-739.0,249.0,-336.0,79.0,-2.0
-148.0,-1577.0,-19.0,294.0,53.0,-588.0,380.0,-138.0,93.0,-35.0
-164.0,-1244.0,5.0,174.0,-61.0,-539.0,445.0,297.0,100.0,-41.0
-169.0,-707.0,66.0,16.0,256.0,-448.0,323.0,476.0,105.0,-48.0
-191.0,128.0,90.0,-78.0,267.0,-226.0,153.0,480.0,127.0,-48.0
-191.0,969.0,81.0,-131.0,102.0,-52.0,54.0,410.0,138.0,-47.0
-176.0,1592.0,43.0,-119.0,-11.0,-70.0,-55.0,618.0,153.0,-32.0
-164.0,1840.0,0.0,-17.0,-91.0,-210.0,-212.0,650.0,152.0,-12.0
-128.0,1981.0,23.0,62.0,-146.0,-177.0,-315.0,349.0,138.0,3.0
-151.0,1817.0,-8.0,13.0,-345.0,24.0,-314.0,88.0,143.0,37.0
-165.0,1090.0,43.0,-89.0,-494.0,204.0,-149.0,29.0,154.0,66.0
-192.0,293.0,21.0,-136.0,-378.0,265.0,59.0,395.0,158.0,60.0
-224.0,-485.0,-17.0,-71.0,-219.0,54.0,229.0,582.0,141.0,65.0
-203.0,-1174.0,-19.0,65.0,-181.0,-282.0,367.0,508.0,131.0,81.0
-210.0,-1627.0,-37.0,129.0,-195.0,-411.0,408.0,260.0,101.0,102.0
-166.0,-1888.0,-50.0,61.0,-96.0,-300.0,286.0,-51.0,71.0,115.0
-127.0,-1876.0,-52.0,-51.0,140.0,-145.0,62.0,0.0,72.0,126.0
-100.0,-1481.0,8.0,-79.0,94.0,-59.0,-82.0,109.0,58.0,166.0
-53.0,-912.0,13.0,-16.0,-9.0,-101.0,-172.0,439.0,42.0,191.0
-35.0,-608.0,52.0,118.0,131.0,-254.0,-338.0,633.0,30.0,199.0
-3.0,-146.0,-23.0,236.0,279.0,-432.0,-561.0,478.0,31.0,218.0
-2.0,481.0,-58.0,255.0,315.0,-554.0,-710.0,105.0,31.0,214.0
0.0,486.0,-90.0,170.0,158.0,-520.0,-742.0,-229.0,38.0,184.0
4.0,296.0,-140.0,38.0,189.0,-428.0,-721.0,-97.0,82.0,168.0
7.0,336.0,-84.0,22.0,389.0,-456.0,-669.0,118.0,113.0,153.0
27.0,198.0,-98.0,44.0,335.0,-582.0,-560.0,530.0,130.0,99.0
28.0,-21.0,-76.0,41.0,190.0,-676.0,-383.0,753.0,149.0,24.0
55.0,-102.0,-110.0,65.0,227.0,-736.0,-211.0,582.0,158.0,-22.0
81.0,-37.0,-57.0,72.0,240.0,-769.0,-182.0,157.0,147.0,-56.0
89.0,198.0,-82.0,73.0,74.0,-725.0,-255.0,-504.0,136.0,-101.0
99.0,528.0,-83.0,44.0,-156.0,-613.0,-179.0,-731.0,138.0,-145.0
110.0,707.0,-31.0,13.0,-425.0,-440.0,101.0,-611.0,130.0,-159.0
98.0,833.0,-97.0,-13.0,-468.0,-358.0,405.0,-328.0,116.0,-168.0
78.0,1086.0,-75.0,-41.0,-413.0,-446.0,662.0,72.0,100.0,-187.0
71.0,838.0,-85.0,-8.0,-534.0,-538.0,858.0,400.0,86.0,-178.0
79.0,108.0,-5.0,44.0,-545.0,-563.0,837.0,471.0,70.0,-176.0
68.0,-573.0,1.0,69.0,-307.0,-515.0,666.0,75.0,54.0,-185.0
34.0,-989.0,38.0,-1.0,-82.0,-394.0,575.0,-105.0,36.0,-198.0
29.0,-930.0,61.0,-55.0,-17.0,-340.0,560.0,-60.0,30.0,-201.0
7.0,-843.0,-9.0,-44.0,69.0,-293.0,466.0,212.0,25.0,-214.0
2.0,-638.0,-15.0,-83.0,230.0,-132.0,249.0,626.0,21.0,-244.0
-1.0,-16.0,-76.0,-69.0,394.0,119.0,72.0,563.0,24.0,-255.0
-9.0,440.0,-30.0,13.0,462.0,333.0,-82.0,391.0,8.0,-247.0
-24.0,604.0,9.0,54.0,410.0,269.0,-234.0,101.0,21.0,-222.0
-73.0,588.0,60.0,3.0,464.0,-29.0,-278.0,-22.0,39.0,-209.0
-84.0,440.0,86.0,-27.0,557.0,-302.0,-159.0,-36.0,40.0,-152.0
-116.0,156.0,30.0,0.0,272.0,-266.0,-3.0,-127.0,59.0,-80.0
-134.0,-190.0,-37.0,46.0,-206.0,-95.0,-28.0,-22.0,45.0,-46.0
-135.0,-399.0,-119.0,192.0,-302.0,-30.0,-59.0,77.0,28.0,-9.0
-148.0,-534.0,-89.0,198.0,-344.0,62.0,16.0,253.0,33.0,20.0
-125.0,-418.0,-78.0,35.0,-555.0,-29.0,120.0,253.0,33.0,43.0
-131.0,-101.0,-12.0,-51.0,-602.0,-221.0,188.0,386.0,19.0,37.0
-117.0,305.0,71.0,-57.0,-450.0,-144.0,190.0,624.0,2.0,41.0
-83.0,668.0,35.0,38.0,-174.0,137.0,205.0,548.0,-27.0,67.0
-65.0,928.0,83.0,108.0,-95.0,273.0,193.0,332.0,-71.0,65.0
-32.0,973.0,64.0,128.0,-131.0,70.0,140.0,-169.0,-83.0,75.0
-48.0,623.0,8.0,110.0,-42.0,-120.0,-14.0,-522.0,-85.0,101.0
-67.0,249.0,79.0,35.0,176.0,-183.0,-292.0,-630.0,-84.0,115.0
-80.0,-211.0,133.0,46.0,313.0,-361.0,-500.0,-570.0,-87.0,132.0
-95.0,-711.0,150.0,95.0,189.0,-571.0,-568.0,-266.0,-96.0,151.0
-76.0,-1034.0,155.0,106.0,188.0,-527.0,-599.0,-49.0,-93.0,180.0
-77.0,-1050.0,216.0,78.0,317.0,-400.0,-573.0,120.0,-100.0,201.0
-62.0,-911.0,235.0,0.0,288.0,-357.0,-426.0,140.0,-113.0,199.0
-60.0,-940.0,214.0,-61.0,74.0,-304.0,-190.0,181.0,-115.0,218.0
-70.0,-727.0,221.0,-38.0,-29.0,-313.0,101.0,210.0,-98.0,224.0
-86.0,-382.0,213.0,5.0,35.0,-281.0,371.0,203.0,-64.0,176.0
-118.0,-43.0,173.0,48.0,22.0,-298.0,554.0,339.0,-45.0,116.0
-110.0,245.0,147.0,59.0,-231.0,-258.0,611.0,197.0,-40.0,70.0
-125.0,376.0,163.0,-31.0,-475.0,-125.0,598.0,86.0,-39.0,28.0
-147.0,827.0,161.0,-172.0,-297.0,-129.0,607.0,-49.0,-50.0,-22.0
-147.0,1174.0,177.0,-253.0,-212.0,-84.0,658.0,-221.0,-62.0,-39.0
-141.0,1013.0,171.0,-155.0,-384.0,-2.0,706.0,-253.0,-83.0,-1.0
-137.0,654.0,198.0,3.0,-406.0,196.0,718.0,-402.0,-114.0,35.0
-144.0,180.0,178.0,62.0,-185.0,402.0,679.0,-99.0,-133.0,86.0
-145.0,-420.0,132.0,24.0,160.0,388.0,627.0,264.0,-153.0,170.0
-144.0,-1094.0,192.0,-27.0,235.0,265.0,618.0,450.0,-162.0,228.0
-159.0,-1417.0,149.0,-75.0,116.0,191.0,450.0,489.0,-162.0,260.0
-150.0,-1334.0,117.0,-137.0,292.0,210.0,109.0,188.0,-170.0,293.0
-131.0,-798.0,150.0,-134.0,496.0,161.0,-162.0,-166.0,-182.0,311.0
-129.0,-17.0,62.0,-115.0,334.0,187.0,-255.0,-559.0,-197.0,307.0
-96.0,355.0,46.0,-112.0,135.0,346.0,-266.0,-293.0,-197.0,294.0
-87.0,703.0,66.0,-107.0,88.0,449.0,-372.0,203.0,-193.0,265.0
-62.0,1050.0,32.0,-78.0,216.0,403.0,-396.0,253.0,-181.0,229.0
-63.0,1076.0,66.0,-41.0,133.0,302.0,-230.0,-42.0,-157.0,220.0
-77.0,836.0,30.0,6.0,-194.0,330.0,-21.0,-417.0,-121.0,203.0
-60.0,677.0,5.0,90.0,-138.0,391.0,124.0,-301.0,-82.0,187.0
-89.0,826.0,20.0,155.0,-61.0,293.0,201.0,-356.0,-56.0,213.0
-104.0,429.0,-3.0,237.0,-177.0,134.0,216.0,-474.0,-37.0,232.0
-121.0,-157.0,45.0,267.0,-346.0,73.0,182.0,-280.0,-13.0,257.0
-107.0,-265.0,47.0,242.0,-457.0,88.0,221.0,55.0,-14.0,294.0
-96.0,-423.0,33.0,182.0,-211.0,147.0,275.0,347.0,-21.0,328.0
-94.0,-605.0,81.0,125.0,-49.0,139.0,234.0,194.0,-3.0,327.0
-89.0,-439.0,89.0,139.0,-112.0,31.0,129.0,38.0,-27.0,306.0
-66.0,-28.0,105.0,138.0,-12.0,-129.0,62.0,-81.0,-40.0,272.0
-15.0,438.0,144.0,156.0,348.0,-139.0,39.0,-116.0,-53.0,211.0
1.0,942.0,164.0,153.0,544.0,73.0,-61.0,-197.0,-97.0,162.0
13.0,1137.0,163.0,107.0,388.0,279.0,-181.0,-271.0,-121.0,101.0
20.0,913.0,113.0,56.0,240.0,268.0,-159.0,38.0,-136.0,44.0
35.0,476.0,98.0,27.0,250.0,181.0,50.0,145.0,-117.0,6.0
30.0,-5.0,110.0,4.0,304.0,248.0,271.0,177.0,-107.0,-20.0
34.0,-477.0,101.0,-79.0,-4.0,194.0,249.0,51.0,-81.0,-23.0
44.0,-722.0,89.0,-154.0,-140.0,81.0,54.0,-103.0,-15.0,-28.0
45.0,-728.0,73.0,-143.0,121.0,214.0,-59.0,153.0,36.0,-29.0
11.0,-764.0,57.0,-66.0,137.0,438.0,-57.0,365.0,96.0,-6.0
-19.0,-748.0,17.0,-28.0,-6.0,452.0,-54.0,321.0,129.0,19.0
-29.0,-811.0,20.0,-3.0,-173.0,258.0,-61.0,-81.0,151.0,45.0
-61.0,-768.0,21.0,76.0,-83.0,258.0,-24.0,-240.0,168.0,71.0
-48.0,-569.0,43.0,120.0,114.0,457.0,4.0,-173.0,148.0,92.0
-53.0,-461.0,65.0,126.0,-7.0,507.0,69.0,-164.0,138.0,142.0
-59.0,-148.0,45.0,139.0,-190.0,497.0,211.0,3.0,108.0,179.0
-72.0,332.0,46.0,89.0,-139.0,592.0,318.0,-9.0,65.0,210.0
-79.0,675.0,20.0,-13.0,14.0,699.0,373.0,-12.0,28.0,246.0
-79.0,997.0,13.0,-113.0,28.0,653.0,297.0,-214.0,-36.0,266.0
-108.0,970.0,4.0,-186.0,-108.0,542.0,114.0,-508.0,-96.0,288.0
-116.0,684.0,-25.0,-194.0,-95.0,603.0,-36.0,-506.0,-139.0,271.0
-131.0,561.0,-47.0,-117.0,187.0,621.0,-33.0,-373.0,-177.0,239.0
-105.0,213.0,-43.0,-5.0,224.0,454.0,144.0,-44.0,-191.0,187.0
-67.0,-55.0,2.0,82.0,87.0,278.0,308.0,101.0,-208.0,120.0
-34.0,-147.0,42.0,141.0,170.0,260.0,372.0,328.0,-217.0,63.0
-17.0,-394.0,44.0,210.0,285.0,357.0,353.0,650.0,-215.0,-5.0
-11.0,-651.0,37.0,245.0,290.0,294.0,346.0,678.0,-220.0,-65.0
-4.0,-590.0,74.0,186.0,41.0,89.0,445.0,511.0,-215.0,-110.0
-10.0,-352.0,79.0,154.0,-282.0,28.0,492.0,29.0,-213.0,-131.0
-25.0,-303.0,57.0,92.0,-272.0,56.0,308.0,-314.0,-208.0,-139.0
-48.0,25.0,88.0,31.0,-321.0,-41.0,68.0,-537.0,-223.0,-145.0
-50.0,523.0,78.0,51.0,-573.0,-157.0,-26.0,-607.0,-227.0,-143.0
-43.0,824.0,107.0,62.0,-629.0,-172.0,-6.0,-530.0,-183.0,-133.0
-14.0,1219.0,154.0,128.0,-463.0,-99.0,49.0,-543.0,-181.0,-119.0
-35.0,1459.0,149.0,125.0,-201.0,65.0,72.0,-230.0,-208.0,-107.0
-56.0,1077.0,170.0,67.0,-166.0,296.0,65.0,64.0,-221.0,-90.0
-75.0,483.0,143.0,44.0,-189.0,473.0,17.0,375.0,-222.0,-73.0
-104.0,-93.0,109.0,-6.0,38.0,521.0,10.0,546.0,-214.0,-55.0
-103.0,-705.0,126.0,-105.0,224.0,454.0,14.0,397.0,-206.0,-32.0
-104.0,-1163.0,116.0,-183.0,285.0,391.0,-6.0,315.0,-184.0,-18.0
-62.0,-1227.0,89.0,-149.0,213.0,299.0,60.0,29.0,-144.0,7.0
-36.0,-864.0,125.0,-72.0,144.0,156.0,105.0,-314.0,-90.0,39.0
-7.0,-675.0,108.0,36.0,335.0,261.0,3.0,-720.0,-51.0,64.0
-9.0,-384.0,111.0,98.0,315.0,450.0,-162.0,-740.0,-21.0,112.0
-1.0,206.0,131.0,69.0,128.0,567.0,-251.0,-317.0,15.0,161.0
28.0,617.0,81.0,-10.0,264.0,752.0,-258.0,-29.0,23.0,197.0
41.0,871.0,99.0,-111.0,379.0,901.0,-222.0,192.0,48.0,225.0
58.0,956.0,84.0,-173.0,283.0,880.0,-193.0,-79.0,71.0,245.0
65.0,814.0,82.0,-179.0,71.0,655.0,-152.0,-454.0,47.0,265.0
90.0,433.0,97.0,-103.0,-54.0,396.0,-25.0,-622.0,26.0,250.0
83.0,53.0,83.0,-52.0,45.0,356.0,129.0,-424.0,10.0,225.0
64.0,-390.0,62.0,-77.0,51.0,525.0,173.0,140.0,-15.0,211.0
30.0,-872.0,25.0,-145.0,-152.0,751.0,110.0,358.0,-48.0,174.0
25.0,-854.0,-4.0,-213.0,-177.0,851.0,124.0,456.0,-59.0,121.0
8.0,-608.0,-45.0,-214.0,-102.0,743.0,193.0,308.0,-71.0,70.0
-8.0,-471.0,-33.0,-121.0,-85.0,663.0,185.0,42.0,-58.0,34.0
-18.0,-205.0,-42.0,13.0,75.0,569.0,67.0,-230.0,-22.0,9.0
-20.0,74.0,-17.0,72.0,90.0,452.0,-32.0,-698.0,-24.0,-37.0
-7.0,491.0,-32.0,85.0,228.0,515.0,37.0,-1010.0,15.0,-97.0
-24.0,828.0,-71.0,41.0,515.0,621.0,218.0,-1138.0,25.0,-145.0
7.0,707.0,-44.0,-44.0,445.0,631.0,299.0,-722.0,20.0,-200.0
16.0,816.0,-68.0,-128.0,279.0,513.0,248.0,-99.0,43.0,-240.0
48.0,721.0,-52.0,-156.0,225.0,378.0,306.0,206.0,7.0,-262.0
37.0,266.0,-14.0,-110.0,189.0,297.0,514.0,138.0,-16.0,-265.0
27.0,95.0,7.0,-86.0,61.0,166.0,737.0,-186.0,-37.0,-250.0
43.0,-191.0,1.0,-45.0,-148.0,152.0,759.0,-197.0,-76.0,-233.0
34.0,-482.0,-4.0,3.0,-279.0,324.0,501.0,-70.0,-84.0,-179.0
49.0,-669.0,50.0,94.0,-206.0,452.0,220.0,208.0,-97.0,-118.0
45.0,-681.0,53.0,166.0,-302.0,541.0,85.0,458.0,-101.0,-67.0
98.0,-410.0,17.0,156.0,-551.0,584.0,-18.0,153.0,-87.0,3.0
98.0,128.0,-7.0,110.0,-543.0,669.0,-196.0,-480.0,-90.0,80.0
95.0,738.0,-36.0,-5.0,-406.0,737.0,-323.0,-1062.0,-86.0,137.0
98.0,925.0,-24.0,-104.0,-382.0,682.0,-377.0,-1018.0,-79.0,149.0
83.0,1022.0,-26.0,-200.0,-537.0,698.0,-389.0,-600.0,-75.0,119.0
68.0,1036.0,-19.0,-271.0,-524.0,657.0,-291.0,-83.0,-61.0,100.0
53.0,727.0,14.0,-230.0,-302.0,519.0,-74.0,225.0,-54.0,75.0
57.0,233.0,6.0,-138.0,-224.0,394.0,166.0,-31.0,-37.0,33.0
46.0,-363.0,1.0,-47.0,-223.0,411.0,317.0,-345.0,-36.0,31.0
55.0,-794.0,-13.0,38.0,-110.0,512.0,338.0,-761.0,-41.0,47.0
59.0,-1053.0,11.0,79.0,151.0,513.0,233.0,-792.0,-39.0,77.0
76.0,-1097.0,63.0,115.0,428.0,540.0,70.0,-388.0,-48.0,118.0
73.0,-929.0,100.0,158.0,416.0,569.0,-88.0,62.0,-40.0,160.0
87.0,-757.0,121.0,164.0,443.0,668.0,-238.0,460.0,-30.0,194.0
79.0,-454.0,157.0,128.0,726.0,638.0,-359.0,314.0,-23.0,202.0
75.0,-151.0,171.0,36.0,716.0,374.0,-322.0,84.0,-20.0,212.0
92.0,132.0,105.0,-40.0,500.0,190.0,-138.0,-208.0,-20.0,180.0
132.0,488.0,95.0,-106.0,267.0,197.0,96.0,-303.0,-27.0,98.0
174.0,587.0,41.0,-118.0,87.0,440.0,301.0,-192.0,-47.0,-17.0
167.0,397.0,-3.0,-47.0,-5.0,622.0,331.0,-314.0,-41.0,-151.0
160.0,162.0,56.0,26.0,-248.0,823.0,296.0,-541.0,-33.0,-270.0
112.0,-105.0,34.0,47.0,-425.0,974.0,299.0,-1053.0,-22.0,-385.0
83.0,-468.0,5.0,20.0,-383.0,893.0,316.0,-994.0,1.0,-476.0
32.0,-634.0,20.0,-27.0,-261.0,767.0,305.0,-430.0,11.0,-523.0
-4.0,-530.0,-13.0,-107.0,-194.0,600.0,308.0,138.0,17.0,-515.0
-53.0,-352.0,-21.0,-134.0,-174.0,699.0,383.0,380.0,24.0,-476.0
-82.0,-56.0,0.0,-100.0,70.0,775.0,352.0,-94.0,32.0,-422.0
-73.0,342.0,0.0,-51.0,413.0,591.0,191.0,-467.0,35.0,-347.0
-86.0,819.0,-14.0,-57.0,409.0,321.0,34.0,-591.0,26.0,-259.0
-75.0,1190.0,-36.0,-169.0,283.0,235.0,-38.0,-386.0,14.0,-179.0
-76.0,1291.0,-34.0,-235.0,392.0,407.0,-69.0,-166.0,-7.0,-134.0
-28.0,1101.0,-21.0,-207.0,502.0,400.0,-168.0,-264.0,-39.0,-110.0
-11.0,749.0,4.0,-180.0,389.0,422.0,-372.0,-404.0,-60.0,-107.0
19.0,512.0,45.0,-176.0,80.0,476.0,-564.0,-509.0,-67.0,-147.0
22.0,163.0,67.0,-163.0,-58.0,463.0,-571.0,-55.0,-62.0,-195.0
25.0,-339.0,58.0,-111.0,25.0,331.0,-442.0,463.0,-48.0,-226.0
73.0,-804.0,65.0,-60.0,-213.0,57.0,-303.0,389.0,-24.0,-235.0
98.0,-1056.0,50.0,-55.0,-471.0,-18.0,-212.0,-238.0,31.0,-212.0
134.0,-1087.0,4.0,-78.0,-470.0,16.0,-141.0,-988.0,78.0,-165.0
146.0,-1135.0,10.0,-41.0,-518.0,127.0,-2.0,-1049.0,121.0,-103.0
190.0,-814.0,-24.0,29.0,-476.0,336.0,181.0,-735.0,160.0,-33.0
175.0,-244.0,-40.0,102.0,-480.0,452.0,326.0,-378.0,147.0,36.0
151.0,162.0,-59.0,174.0,-432.0,353.0,446.0,-145.0,132.0,114.0
122.0,388.0,-105.0,194.0,-113.0,294.0,497.0,-260.0,122.0,174.0
87.0,522.0,-38.0,162.0,93.0,470.0,397.0,-533.0,72.0,205.0
61.0,743.0,-73.0,67.0,200.0,640.0,160.0,-842.0,17.0,205.0
46.0,744.0,-104.0,-29.0,332.0,740.0,-88.0,-886.0,-5.0,176.0
97.0,525.0,-61.0,-88.0,422.0,724.0,-202.0,-642.0,-46.0,125.0
102.0,303.0,-103.0,-60.0,559.0,619.0,-188.0,129.0,-86.0,29.0
107.0,128.0,-126.0,-57.0,520.0,604.0,-167.0,881.0,-119.0,-63.0
100.0,-3.0,-138.0,-90.0,303.0,692.0,-284.0,829.0,-132.0,-135.0
105.0,-114.0,-111.0,-74.0,303.0,749.0,-398.0,356.0,-112.0,-184.0
93.0,-167.0,-98.0,-36.0,208.0,541.0,-370.0,-321.0,-86.0,-189.0
85.0,-92.0,-47.0,38.0,-160.0,427.0,-288.0,-530.0,-35.0,-158.0
104.0,101.0,-23.0,-6.0,-340.0,586.0,-240.0,-336.0,0.0,-115.0
110.0,9.0,-20.0,-48.0,-364.0,598.0,-247.0,-256.0,25.0,-64.0
133.0,-38.0,15.0,-5.0,-383.0,456.0,-185.0,-356.0,40.0,38.0
113.0,244.0,4.0,26.0,-361.0,260.0,-87.0,-716.0,42.0,140.0
105.0,398.0,20.0,66.0,-424.0,313.0,9.0,-873.0,51.0,223.0
106.0,295.0,52.0,20.0,-353.0,461.0,65.0,-999.0,30.0,312.0
122.0,152.0,71.0,-87.0,-236.0,363.0,38.0,-829.0,40.0,373.0
113.0,-12.0,40.0,-155.0,-306.0,251.0,-37.0,-199.0,64.0,409.0
99.0,-454.0,52.0,-154.0,-269.0,41.0,-102.0,445.0,68.0,404.0
81.0,-765.0,17.0,-160.0,-233.0,-236.0,-136.0,739.0,80.0,355.0
33.0,-1032.0,-33.0,-148.0,-104.0,-367.0,-235.0,254.0,80.0,280.0
-11.0,-1217.0,-16.0,-98.0,38.0,-325.0,-204.0,-408.0,60.0,175.0
-43.0,-707.0,-46.0,-65.0,24.0,-310.0,17.0,-1151.0,35.0,58.0
-31.0,-159.0,-56.0,-16.0,165.0,-354.0,188.0,-1428.0,25.0,-53.0
-57.0,349.0,-78.0,-10.0,344.0,-301.0,168.0,-628.0,-2.0,-160.0
-66.0,1116.0,-105.0,-23.0,408.0,-249.0,22.0,384.0,-29.0,-255.0
-76.0,1616.0,-85.0,-76.0,222.0,-302.0,-70.0,1141.0,-37.0,-302.0
-57.0,1640.0,-66.0,-173.0,90.0,-523.0,-180.0,970.0,-55.0,-306.0
-35.0,1412.0,-89.0,-181.0,129.0,-626.0,-349.0,92.0,-65.0,-277.0
-30.0,1061.0,-79.0,-128.0,45.0,-479.0,-425.0,-776.0,-78.0,-233.0
7.0,437.0,11.0,-76.0,-88.0,-375.0,-299.0,-1308.0,-84.0,-184.0
35.0,-266.0,69.0,-62.0,-106.0,-363.0,-63.0,-966.0,-89.0,-102.0
96.0,-920.0,43.0,-117.0,49.0,-358.0,119.0,-103.0,-63.0,-56.0
106.0,-1499.0,-9.0,-151.0,168.0,-208.0,174.0,742.0,-38.0,-28.0
125.0,-1783.0,23.0,-141.0,211.0,-22.0,93.0,803.0,-35.0,-11.0
147.0,-1881.0,28.0,-143.0,95.0,54.0,7.0,73.0,-3.0,-24.0
160.0,-1762.0,-54.0,-170.0,113.0,217.0,86.0,-890.0,9.0,-39.0
162.0,-1402.0,-17.0,-205.0,195.0,351.0,252.0,-1555.0,8.0,-87.0
131.0,-838.0,-21.0,-178.0,-1.0,350.0,210.0,-1164.0,7.0,-126.0
137.0,-246.0,-64.0,-208.0,-108.0,265.0,-20.0,-426.0,-26.0,-175.0
119.0,372.0,-22.0,-223.0,-67.0,128.0,-198.0,129.0,-36.0,-210.0
89.0,1151.0,-53.0,-146.0,86.0,168.0,-228.0,384.0,-32.0,-206.0
59.0,1637.0,-66.0,-152.0,108.0,182.0,-179.0,423.0,-53.0,-221.0
57.0,1848.0,-26.0,-169.0,-6.0,21.0,-116.0,415.0,-26.0,-221.0
59.0,1758.0,-13.0,-124.0,12.0,-29.0,-14.0,-123.0,0.0,-198.0
67.0,1512.0,7.0,-13.0,134.0,-128.0,133.0,-877.0,26.0,-167.0
67.0,1164.0,78.0,27.0,157.0,-331.0,193.0,-1365.0,75.0,-132.0
47.0,630.0,103.0,8.0,-26.0,-470.0,19.0,-1021.0,87.0,-114.0
34.0,154.0,153.0,-27.0,-31.0,-449.0,-263.0,-206.0,79.0,-79.0
4.0,-347.0,189.0,-67.0,127.0,-198.0,-469.0,216.0,60.0,-16.0
-3.0,-571.0,151.0,14.0,103.0,-67.0,-469.0,275.0,55.0,33.0
6.0,-839.0,131.0,121.0,-62.0,-162.0,-315.0,-145.0,30.0,95.0
36.0,-1074.0,58.0,193.0,-115.0,-310.0,-155.0,-500.0,1.0,164.0
55.0,-949.0,33.0,150.0,-55.0,-544.0,-24.0,-539.0,21.0,226.0
68.0,-802.0,0.0,70.0,0.0,-828.0,98.0,-123.0,35.0,264.0
67.0,-731.0,-56.0,15.0,4.0,-1031.0,223.0,707.0,34.0,288.0
74.0,-678.0,-63.0,-64.0,-135.0,-979.0,312.0,997.0,32.0,308.0
80.0,-482.0,-77.0,-116.0,-105.0,-776.0,390.0,764.0,18.0,270.0
69.0,-406.0,-69.0,-146.0,52.0,-603.0,459.0,79.0,33.0,204.0
80.0,-374.0,-27.0,-113.0,-60.0,-400.0,429.0,-683.0,50.0,124.0
61.0,-233.0,1.0,-114.0,-205.0,-262.0,130.0,-1047.0,24.0,14.0
43.0,81.0,50.0,-187.0,-156.0,-366.0,-213.0,-1023.0,9.0,-108.0
40.0,491.0,140.0,-246.0,-41.0,-561.0,-234.0,-402.0,-6.0,-200.0
56.0,917.0,162.0,-210.0,-101.0,-449.0,-51.0,325.0,-31.0,-264.0
52.0,1074.0,193.0,-115.0,-218.0,-154.0,38.0,812.0,-75.0,-311.0
55.0,1048.0,190.0,-94.0,-135.0,-64.0,-120.0,558.0,-113.0,-331.0
55.0,1163.0,179.0,-57.0,78.0,20.0,-303.0,-338.0,-115.0,-302.0
24.0,866.0,164.0,62.0,213.0,165.0,-299.0,-1145.0,-104.0,-210.0
22.0,478.0,125.0,116.0,77.0,137.0,-163.0,-1504.0,-77.0,-105.0
34.0,186.0,95.0,65.0,51.0,-58.0,-9.0,-927.0,-39.0,12.0
80.0,-167.0,58.0,36.0,216.0,-259.0,94.0,-133.0,27.0,100.0
101.0,-520.0,52.0,0.0,160.0,-332.0,101.0,439.0,84.0,157.0
117.0,-748.0,-28.0,-39.0,-99.0,-446.0,-12.0,578.0,128.0,182.0
135.0,-779.0,-47.0,-61.0,-297.0,-492.0,-156.0,68.0,175.0,143.0
151.0,-806.0,-29.0,-90.0,-309.0,-469.0,-176.0,-641.0,202.0,92.0
168.0,-646.0,-82.0,-96.0,-398.0,-609.0,-148.0,-1123.0,221.0,4.0
159.0,-504.0,-137.0,-114.0,-508.0,-670.0,-190.0,-742.0,206.0,-92.0
161.0,-531.0,-159.0,-153.0,-522.0,-576.0,-221.0,-22.0,193.0,-150.0
150.0,-395.0,-160.0,-202.0,-351.0,-388.0,-337.0,484.0,171.0,-182.0
148.0,-151.0,-166.0,-182.0,-45.0,-365.0,-456.0,406.0,108.0,-218.0
133.0,-152.0,-151.0,-145.0,-22.0,-572.0,-416.0,-229.0,37.0,-228.0
111.0,-78.0,-88.0,-114.0,64.0,-650.0,-293.0,-565.0,-42.0,-179.0
87.0,14.0,-19.0,-26.0,339.0,-449.0,-169.0,-607.0,-111.0,-132.0
64.0,-175.0,-34.0,27.0,453.0,-101.0,-79.0,-42.0,-167.0,-86.0
51.0,-279.0,4.0,32.0,412.0,-1.0,6.0,722.0,-200.0,-47.0
62.0,-137.0,1.0,-8.0,295.0,-219.0,53.0,696.0,-217.0,-15.0
124.0,-96.0,-6.0,-21.0,272.0,-455.0,146.0,-72.0,-213.0,3.0
164.0,-336.0,38.0,27.0,292.0,-539.0,208.0,-866.0,-188.0,2.0
173.0,-145.0,46.0,74.0,164.0,-515.0,211.0,-727.0,-148.0,-29.0
162.0,115.0,71.0,127.0,-5.0,-514.0,271.0,-66.0,-84.0,-109.0
136.0,257.0,67.0,210.0,-15.0,-606.0,329.0,576.0,-41.0,-193.0
117.0,711.0,38.0,244.0,-18.0,-680.0,322.0,668.0,13.0,-275.0
113.0,826.0,40.0,225.0,-99.0,-557.0,140.0,-101.0,34.0,-347.0
95.0,842.0,70.0,223.0,-154.0,-352.0,-93.0,-748.0,34.0,-390.0
108.0,797.0,33.0,160.0,-106.0,-175.0,-185.0,-916.0,34.0,-385.0
134.0,460.0,46.0,107.0,12.0,-88.0,-132.0,-450.0,-2.0,-315.0
149.0,223.0,32.0,83.0,19.0,-189.0,-72.0,127.0,-26.0,-201.0
158.0,14.0,0.0,39.0,67.0,-201.0,-52.0,258.0,-68.0,-70.0
152.0,-145.0,30.0,53.0,152.0,-23.0,-124.0,72.0,-109.0,49.0
159.0,-180.0,18.0,90.0,228.0,68.0,-328.0,-441.0,-135.0,162.0
142.0,-33.0,24.0,100.0,332.0,55.0,-533.0,-482.0,-141.0,238.0
127.0,90.0,23.0,44.0,266.0,139.0,-615.0,36.0,-148.0,230.0
115.0,205.0,2.0,-31.0,228.0,271.0,-471.0,820.0,-121.0,174.0
112.0,360.0,9.0,-51.0,319.0,178.0,-247.0,1165.0,-66.0,91.0
83.0,268.0,30.0,-27.0,220.0,-54.0,-174.0,504.0,-13.0,-47.0
41.0,175.0,43.0,-39.0,18.0,-145.0,-249.0,-491.0,51.0,-182.0
18.0,65.0,123.0,-55.0,-36.0,-106.0,-212.0,-1289.0,88.0,-290.0
5.0,-60.0,130.0,-59.0,-174.0,-187.0,18.0,-903.0,153.0,-366.0
26.0,-200.0,124.0,-114.0,-267.0,-223.0,245.0,153.0,155.0,-380.0
41.0,-374.0,164.0,-96.0,-233.0,-153.0,330.0,733.0,140.0,-372.0
72.0,-511.0,123.0,-101.0,-291.0,-229.0,184.0,467.0,145.0,-320.0
114.0,-748.0,137.0,-107.0,-229.0,-279.0,-33.0,-452.0,111.0,-233.0
128.0,-798.0,146.0,-107.0,-191.0,-280.0,-142.0,-727.0,113.0,-136.0
127.0,-677.0,97.0,-139.0,-198.0,-211.0,-129.0,-262.0,98.0,-35.0
117.0,-467.0,80.0,-145.0,-128.0,-149.0,-56.0,674.0,83.0,33.0
92.0,-219.0,81.0,-190.0,-151.0,-176.0,3.0,1285.0,75.0,78.0
72.0,42.0,21.0,-186.0,-101.0,-216.0,87.0,803.0,63.0,93.0
66.0,367.0,-8.0,-214.0,-32.0,-357.0,198.0,-323.0,54.0,59.0
78.0,349.0,-29.0,-232.0,-114.0,-369.0,165.0,-1358.0,30.0,2.0
75.0,245.0,-66.0,-278.0,-96.0,-261.0,15.0,-1339.0,40.0,-75.0
71.0,256.0,-54.0,-366.0,80.0,-185.0,-105.0,-474.0,34.0,-187.0
62.0,39.0,-60.0,-335.0,130.0,-114.0,-213.0,763.0,13.0,-294.0
38.0,-270.0,-60.0,-292.0,184.0,-101.0,-299.0,1520.0,-13.0,-368.0
21.0,-506.0,-90.0,-231.0,367.0,-72.0,-404.0,1186.0,-71.0,-410.0
-5.0,-547.0,-112.0,-193.0,404.0,-54.0,-536.0,321.0,-123.0,-419.0
10.0,-452.0,-58.0,-155.0,330.0,-68.0,-536.0,-776.0,-168.0,-407.0
13.0,-311.0,-42.0,-92.0,284.0,-70.0,-346.0,-1236.0,-186.0,-371.0
19.0,-109.0,6.0,-53.0,117.0,-33.0,-205.0,-811.0,-191.0,-321.0
8.0,197.0,76.0,-6.0,-166.0,31.0,-227.0,68.0,-161.0,-276.0
-18.0,563.0,83.0,20.0,-301.0,-49.0,-300.0,811.0,-88.0,-258.0
-15.0,759.0,122.0,0.0,-414.0,-279.0,-274.0,772.0,-17.0,-253.0
-22.0,815.0,124.0,-40.0,-559.0,-390.0,-141.0,478.0,88.0,-241.0
14.0,825.0,63.0,-59.0,-408.0,-320.0,-124.0,157.0,181.0,-231.0
34.0,875.0,22.0,6.0,-183.0,-266.0,-151.0,24.0,259.0,-202.0
71.0,725.0,0.0,120.0,-25.0,-294.0,-79.0,-88.0,332.0,-157.0
83.0,446.0,-63.0,176.0,192.0,-302.0,68.0,-421.0,368.0,-117.0
71.0,301.0,-93.0,220.0,247.0,-280.0,122.0,-395.0,381.0,-63.0
47.0,181.0,-98.0,207.0,273.0,-277.0,-37.0,-110.0,352.0,14.0
-5.0,83.0,-71.0,196.0,307.0,-336.0,-148.0,443.0,292.0,82.0
-22.0,-163.0,-111.0,183.0,70.0,-444.0,7.0,591.0,231.0,135.0
-63.0,-410.0,-199.0,110.0,-41.0,-528.0,243.0,101.0,184.0,190.0
-86.0,-554.0,-130.0,61.0,14.0,-521.0,306.0,-443.0,121.0,243.0
-108.0,-801.0,-173.0,10.0,-134.0,-400.0,276.0,-744.0,65.0,262.0
-105.0,-1004.0,-179.0,-40.0,-114.0,-304.0,246.0,-210.0,11.0,243.0
-117.0,-1038.0,-149.0,-88.0,78.0,-245.0,143.0,498.0,-45.0,203.0
-109.0,-896.0,-134.0,-83.0,55.0,-183.0,-73.0,933.0,-81.0,122.0
-72.0,-544.0,-36.0,-79.0,43.0,-209.0,-206.0,731.0,-116.0,9.0
-41.0,-119.0,-50.0,-112.0,138.0,-356.0,-110.0,-105.0,-145.0,-101.0
-22.0,342.0,-20.0,-166.0,137.0,-417.0,74.0,-659.0,-154.0,-203.0
-45.0,728.0,0.0,-225.0,113.0,-282.0,182.0,-637.0,-145.0,-312.0
-34.0,825.0,26.0,-214.0,9.0,-214.0,101.0,151.0,-144.0,-370.0
-23.0,660.0,45.0,-141.0,-196.0,-201.0,87.0,752.0,-104.0,-352.0
27.0,480.0,21.0,-6.0,-219.0,-196.0,264.0,748.0,-60.0,-312.0
42.0,259.0,39.0,86.0,-183.0,-291.0,381.0,253.0,-21.0,-225.0
72.0,-260.0,3.0,122.0,-249.0,-336.0,241.0,-689.0,25.0,-111.0
102.0,-609.0,0.0,140.0,-195.0,-254.0,-102.0,-951.0,38.0,19.0
102.0,-765.0,-47.0,101.0,0.0,-292.0,-335.0,-399.0,63.0,153.0
101.0,-859.0,-122.0,41.0,200.0,-400.0,-423.0,497.0,86.0,246.0
82.0,-639.0,-124.0,-10.0,335.0,-321.0,-536.0,1008.0,89.0,332.0
106.0,-400.0,-189.0,-24.0,362.0,-365.0,-731.0,953.0,84.0,407.0
70.0,-27.0,-242.0,-43.0,394.0,-592.0,-814.0,772.0,57.0,422.0
63.0,377.0,-214.0,-110.0,403.0,-721.0,-610.0,363.0,8.0,387.0
28.0,535.0,-175.0,-197.0,333.0,-641.0,-341.0,73.0,-29.0,339.0
42.0,635.0,-181.0,-178.0,220.0,-471.0,-222.0,-127.0,-53.0,230.0
73.0,702.0,-129.0,-106.0,41.0,-381.0,-196.0,48.0,-86.0,83.0
78.0,726.0,-54.0,-103.0,-30.0,-291.0,-101.0,587.0,-92.0,-38.0
79.0,598.0,-46.0,-39.0,-227.0,-194.0,138.0,890.0,-86.0,-142.0
30.0,240.0,47.0,31.0,-523.0,-202.0,387.0,885.0,-56.0,-224.0
45.0,-9.0,69.0,64.0,-528.0,-392.0,469.0,127.0,1.0,-261.0
-3.0,-21.0,60.0,115.0,-536.0,-434.0,449.0,-667.0,39.0,-241.0
-29.0,-187.0,125.0,169.0,-512.0,-183.0,369.0,-912.0,85.0,-213.0
-69.0,-394.0,103.0,214.0,-437.0,-33.0,272.0,-587.0,129.0,-187.0
-54.0,-289.0,67.0,211.0,-388.0,5.0,208.0,51.0,154.0,-147.0
-27.0,-191.0,50.0,182.0,-125.0,60.0,84.0,386.0,162.0,-103.0
-49.0,-58.0,9.0,126.0,45.0,14.0,-65.0,589.0,166.0,-82.0
-26.0,176.0,-32.0,101.0,93.0,-127.0,-130.0,375.0,162.0,-78.0
-44.0,214.0,-71.0,110.0,245.0,-89.0,-58.0,194.0,128.0,-52.0
-29.0,375.0,-95.0,81.0,310.0,119.0,-29.0,218.0,69.0,-21.0
-51.0,441.0,-89.0,48.0,267.0,235.0,-110.0,218.0,20.0,18.0
-35.0,205.0,-119.0,-27.0,206.0,125.0,-95.0,533.0,-31.0,78.0
-20.0,84.0,-123.0,-89.0,186.0,-121.0,-12.0,692.0,-92.0,132.0
-6.0,-52.0,-44.0,-97.0,205.0,-184.0,3.0,609.0,-124.0,190.0
-17.0,-393.0,-25.0,-69.0,183.0,-159.0,-77.0,321.0,-151.0,216.0
-39.0,-639.0,-6.0,6.0,70.0,-191.0,-193.0,242.0,-166.0,197.0
-41.0,-589.0,48.0,38.0,-103.0,-304.0,-270.0,474.0,-157.0,157.0
-90.0,-523.0,32.0,26.0,-185.0,-358.0,-329.0,509.0,-130.0,71.0
-76.0,-383.0,45.0,31.0,-188.0,-252.0,-397.0,393.0,-72.0,-46.0
-72.0,-198.0,59.0,6.0,-242.0,-283.0,-361.0,-99.0,-3.0,-163.0
-34.0,-69.0,38.0,-44.0,-443.0,-235.0,-201.0,-448.0,94.0,-261.0
7.0,81.0,49.0,-72.0,-478.0,-62.0,-38.0,-190.0,188.0,-337.0
54.0,172.0,32.0,-87.0,-190.0,164.0,28.0,288.0,261.0,-367.0
99.0,48.0,-16.0,-55.0,-152.0,489.0,58.0,559.0,331.0,-338.0
113.0,-188.0,-24.0,-32.0,-122.0,697.0,115.0,349.0,352.0,-253.0
84.0,-257.0,-24.0,-55.0,82.0,730.0,164.0,201.0,339.0,-111.0
24.0,-364.0,-60.0,-110.0,220.0,401.0,211.0,271.0,306.0,43.0
6.0,-332.0,-31.0,-167.0,395.0,68.0,157.0,596.0,244.0,178.0
-35.0,-245.0,5.0,-150.0,293.0,-87.0,31.0,916.0,181.0,264.0
-52.0,-83.0,16.0,-140.0,198.0,-199.0,-131.0,659.0,129.0,292.0
-56.0,286.0,69.0,-163.0,297.0,-204.0,-288.0,343.0,78.0,274.0
-16.0,461.0,68.0,-156.0,242.0,-290.0,-353.0,46.0,34.0,194.0
0.0,744.0,110.0,-138.0,82.0,-233.0,-308.0,-62.0,-4.0,77.0
0.0,889.0,129.0,-86.0,-35.0,-8.0,-232.0,81.0,-46.0,-23.0
14.0,735.0,109.0,55.0,-13.0,94.0,-209.0,277.0,-80.0,-104.0
24.0,503.0,146.0,179.0,-8.0,41.0,-148.0,593.0,-85.0,-150.0
57.0,166.0,143.0,178.0,-132.0,-81.0,-87.0,630.0,-60.0,-154.0
57.0,-271.0,122.0,96.0,-335.0,-274.0,51.0,665.0,-24.0,-127.0
84.0,-786.0,44.0,31.0,-426.0,-515.0,149.0,650.0,0.0,-71.0
89.0,-924.0,47.0,-27.0,-381.0,-600.0,68.0,482.0,29.0,-12.0
95.0,-947.0,56.0,-86.0,-286.0,-487.0,-78.0,16.0,77.0,10.0
71.0,-763.0,4.0,-82.0,-216.0,-320.0,-286.0,-554.0,97.0,9.0
53.0,-272.0,14.0,-93.0,-129.0,-210.0,-380.0,-206.0,105.0,-10.0
32.0,-32.0,-32.0,-111.0,194.0,-118.0,-311.0,648.0,101.0,-63.0
-12.0,306.0,-57.0,-98.0,352.0,-112.0,-239.0,1415.0,71.0,-110.0
-35.0,641.0,-74.0,-40.0,348.0,-230.0,-341.0,1335.0,22.0,-129.0
-65.0,672.0,-58.0,17.0,446.0,-346.0,-400.0,378.0,-37.0,-112.0
-77.0,582.0,-20.0,70.0,471.0,-440.0,-208.0,-517.0,-98.0,-29.0
-108.0,428.0,-49.0,73.0,363.0,-547.0,7.0,-849.0,-147.0,101.0
-105.0,250.0,-55.0,6.0,127.0,-527.0,21.0,-169.0,-166.0,267.0
-117.0,-78.0,12.0,2.0,-33.0,-321.0,-121.0,742.0,-160.0,447.0
-103.0,-410.0,14.0,-20.0,-57.0,-41.0,-72.0,1186.0,-148.0,615.0
-98.0,-591.0,9.0,8.0,-36.0,118.0,178.0,702.0,-133.0,757.0
-92.0,-680.0,70.0,30.0,-90.0,74.0,315.0,-397.0,-83.0,829.0
-67.0,-690.0,22.0,9.0,-166.0,29.0,186.0,-879.0,-27.0,814.0
-67.0,-654.0,26.0,47.0,-120.0,130.0,71.0,-474.0,13.0,714.0
-26.0,-397.0,38.0,3.0,-69.0,227.0,199.0,447.0,55.0,550.0
-48.0,-126.0,-30.0,-42.0,-131.0,79.0,397.0,787.0,97.0,357.0
-25.0,33.0,-52.0,-72.0,-210.0,-18.0,452.0,474.0,139.0,143.0
-21.0,184.0,-32.0,-83.0,-175.0,114.0,164.0,60.0,166.0,-52.0
-14.0,141.0,-82.0,-49.0,-160.0,167.0,-296.0,-321.0,174.0,-221.0
-1.0,135.0,-115.0,-27.0,-219.0,31.0,-523.0,-112.0,149.0,-336.0
-2.0,186.0,-87.0,-28.0,-253.0,-144.0,-501.0,419.0,125.0,-370.0
34.0,164.0,-144.0,-69.0,-254.0,-194.0,-509.0,1025.0,102.0,-336.0
39.0,139.0,-110.0,-83.0,-145.0,-265.0,-641.0,1354.0,61.0,-246.0
77.0,149.0,-147.0,-75.0,39.0,-417.0,-715.0,1086.0,26.0,-124.0
70.0,196.0,-182.0,-38.0,98.0,-545.0,-638.0,600.0,2.0,12.0
67.0,101.0,-82.0,-3.0,255.0,-603.0,-575.0,131.0,-32.0,129.0
49.0,12.0,-165.0,6.0,438.0,-594.0,-486.0,166.0,-73.0,224.0
27.0,17.0,-173.0,4.0,396.0,-561.0,-235.0,225.0,-89.0,274.0
19.0,-74.0,-149.0,6.0,339.0,-480.0,10.0,53.0,-100.0,296.0
23.0,-162.0,-207.0,67.0,246.0,-342.0,89.0,-53.0,-102.0,284.0
17.0,-232.0,-194.0,136.0,143.0,-194.0,44.0,5.0,-93.0,196.0
4.0,-213.0,-213.0,211.0,3.0,-162.0,-7.0,626.0,-65.0,64.0
19.0,-11.0,-157.0,238.0,-162.0,-119.0,-62.0,1195.0,-25.0,-93.0
5.0,14.0,-145.0,208.0,-340.0,73.0,0.0,1441.0,-12.0,-241.0
38.0,28.0,-163.0,167.0,-407.0,275.0,137.0,903.0,5.0,-399.0
25.0,-5.0,-113.0,121.0,-313.0,365.0,79.0,-279.0,20.0,-531.0
24.0,-209.0,-120.0,130.0,-363.0,395.0,-28.0,-1014.0,3.0,-595.0
-4.0,-175.0,-137.0,139.0,-295.0,392.0,50.0,-953.0,-5.0,-635.0
-32.0,-190.0,-125.0,117.0,-161.0,275.0,114.0,103.0,2.0,-599.0
-62.0,-191.0,-117.0,65.0,-24.0,262.0,-67.0,1184.0,-5.0,-487.0
-128.0,104.0,-144.0,5.0,149.0,458.0,-249.0,1570.0,-32.0,-337.0
-131.0,357.0,-139.0,-20.0,164.0,520.0,-281.0,1125.0,-52.0,-167.0
-160.0,489.0,-166.0,-71.0,236.0,451.0,-216.0,57.0,-56.0,-5.0
-115.0,636.0,-174.0,-72.0,350.0,346.0,-182.0,-726.0,-42.0,140.0
-102.0,737.0,-134.0,10.0,424.0,191.0,-324.0,-838.0,-12.0,236.0
-77.0,714.0,-167.0,108.0,286.0,10.0,-414.0,-155.0,13.0,269.0
-74.0,410.0,-143.0,205.0,136.0,-199.0,-235.0,668.0,32.0,268.0
-93.0,8.0,-98.0,264.0,88.0,-143.0,76.0,1012.0,47.0,230.0
-101.0,-292.0,-128.0,280.0,-22.0,42.0,263.0,886.0,50.0,145.0
-169.0,-465.0,-157.0,236.0,-130.0,175.0,335.0,423.0,33.0,20.0
-179.0,-560.0,-132.0,166.0,-267.0,358.0,244.0,160.0,-4.0,-97.0
-211.0,-748.0,-132.0,131.0,-202.0,439.0,11.0,175.0,-50.0,-187.0
-229.0,-603.0,-157.0,66.0,-78.0,369.0,-158.0,134.0,-86.0,-260.0
-238.0,-541.0,-71.0,1.0,-82.0,131.0,-295.0,-194.0,-100.0,-291.0
-222.0,-449.0,-36.0,-18.0,-110.0,-39.0,-317.0,-578.0,-106.0,-283.0
-209.0,54.0,-40.0,-24.0,-42.0,-14.0,-252.0,-439.0,-106.0,-233.0
-187.0,209.0,-18.0,-11.0,13.0,16.0,-352.0,118.0,-73.0,-156.0
-140.0,353.0,-60.0,6.0,-28.0,20.0,-614.0,752.0,-9.0,-60.0
-116.0,527.0,-17.0,-6.0,18.0,99.0,-748.0,711.0,64.0,45.0
-113.0,582.0,-23.0,-55.0,0.0,338.0,-625.0,99.0,118.0,134.0
-100.0,626.0,-84.0,-72.0,35.0,573.0,-448.0,-168.0,177.0,225.0
-45.0,620.0,-47.0,-55.0,88.0,589.0,-268.0,-147.0,220.0,325.0
-54.0,590.0,-93.0,-5.0,49.0,461.0,-83.0,38.0,212.0,385.0
-42.0,335.0,-110.0,68.0,160.0,361.0,33.0,-7.0,209.0,397.0
-50.0,208.0,-94.0,140.0,201.0,290.0,174.0,68.0,183.0,412.0
-61.0,122.0,-100.0,217.0,191.0,232.0,307.0,410.0,127.0,412.0
-73.0,-107.0,-53.0,248.0,292.0,265.0,300.0,474.0,95.0,399.0
-97.0,-404.0,-104.0,235.0,236.0,423.0,234.0,410.0,71.0,373.0
-117.0,-683.0,-93.0,188.0,77.0,459.0,232.0,230.0,39.0,351.0
-158.0,-811.0,-60.0,138.0,95.0,352.0,314.0,230.0,-8.0,358.0
-134.0,-947.0,-69.0,83.0,-16.0,325.0,254.0,110.0,-50.0,338.0
-129.0,-884.0,-70.0,55.0,-276.0,299.0,6.0,-35.0,-68.0,310.0
-106.0,-650.0,-15.0,62.0,-235.0,256.0,-106.0,86.0,-85.0,254.0
-73.0,-374.0,64.0,19.0,-273.0,215.0,65.0,190.0,-119.0,169.0
-34.0,-151.0,32.0,24.0,-369.0,183.0,294.0,258.0,-132.0,74.0
-4.0,-17.0,67.0,7.0,-233.0,196.0,216.0,-11.0,-127.0,-29.0
-9.0,145.0,57.0,-44.0,-266.0,27.0,-157.0,-114.0,-133.0,-123.0
-35.0,267.0,-1.0,-55.0,-261.0,-161.0,-640.0,72.0,-122.0,-202.0
-82.0,359.0,-56.0,-83.0,-39.0,-12.0,-994.0,408.0,-104.0,-251.0
-84.0,372.0,-93.0,-5.0,152.0,129.0,-1152.0,803.0,-84.0,-233.0
-80.0,411.0,-88.0,63.0,200.0,114.0,-1185.0,733.0,-68.0,-136.0
-82.0,428.0,-107.0,109.0,288.0,29.0,-1017.0,585.0,-72.0,-22.0
-95.0,506.0,-109.0,217.0,423.0,68.0,-709.0,304.0,-84.0,129.0
-96.0,622.0,-129.0,265.0,357.0,277.0,-378.0,-75.0,-99.0,293.0
-112.0,640.0,-116.0,238.0,372.0,200.0,-183.0,-408.0,-125.0,425.0
-123.0,539.0,-118.0,211.0,355.0,110.0,-87.0,-748.0,-164.0,518.0
-126.0,164.0,-128.0,188.0,104.0,67.0,-14.0,-589.0,-183.0,549.0
-114.0,-101.0,-132.0,153.0,-2.0,-96.0,119.0,-153.0,-193.0,558.0
-90.0,-245.0,-98.0,96.0,35.0,-179.0,369.0,393.0,-181.0,504.0
-87.0,-312.0,-82.0,18.0,-77.0,-200.0,476.0,655.0,-121.0,399.0
-81.0,-352.0,-49.0,13.0,-174.0,-72.0,498.0,426.0,-61.0,286.0
-96.0,-509.0,16.0,35.0,-140.0,-10.0,611.0,66.0,13.0,170.0
-96.0,-505.0,-7.0,35.0,-239.0,-27.0,712.0,-517.0,125.0,58.0
-104.0,-499.0,0.0,64.0,-251.0,106.0,710.0,-637.0,198.0,-38.0
-94.0,-542.0,15.0,114.0,-272.0,218.0,655.0,-166.0,258.0,-119.0
-106.0,-482.0,32.0,120.0,-329.0,141.0,581.0,524.0,307.0,-210.0
-102.0,-359.0,2.0,153.0,-77.0,-141.0,457.0,864.0,299.0,-281.0
-66.0,-238.0,4.0,267.0,-66.0,-354.0,231.0,301.0,244.0,-303.0
-79.0,-159.0,-4.0,349.0,-160.0,-319.0,-55.0,-371.0,168.0,-312.0
-83.0,-32.0,-56.0,346.0,52.0,-178.0,-344.0,-729.0,85.0,-325.0
-91.0,149.0,-10.0,267.0,77.0,-4.0,-602.0,-521.0,-36.0,-292.0
-90.0,227.0,-70.0,173.0,98.0,76.0,-657.0,-33.0,-135.0,-227.0
-105.0,296.0,-77.0,48.0,204.0,-82.0,-524.0,260.0,-215.0,-167.0
-105.0,342.0,-64.0,-22.0,131.0,-244.0,-313.0,354.0,-276.0,-87.0
-101.0,386.0,-152.0,-34.0,60.0,-157.0,-150.0,218.0,-290.0,32.0
-83.0,582.0,-152.0,-73.0,89.0,-33.0,-103.0,195.0,-294.0,148.0
-75.0,676.0,-182.0,-110.0,159.0,-90.0,-45.0,20.0,-257.0,240.0
-81.0,677.0,-232.0,-123.0,-9.0,-231.0,20.0,-60.0,-215.0,294.0
-60.0,546.0,-226.0,-97.0,-149.0,-233.0,17.0,11.0,-165.0,311.0
-72.0,314.0,-232.0,-28.0,-96.0,-75.0,-27.0,-182.0,-88.0,264.0
-82.0,96.0,-208.0,73.0,-188.0,91.0,-43.0,-299.0,-38.0,126.0
-104.0,-139.0,-155.0,158.0,-230.0,132.0,-34.0,-351.0,4.0,-37.0
-129.0,-378.0,-130.0,199.0,-169.0,82.0,23.0,-184.0,62.0,-202.0
-177.0,-551.0,-69.0,175.0,-159.0,85.0,190.0,18.0,112.0,-369.0
-208.0,-673.0,0.0,145.0,-49.0,90.0,330.0,240.0,158.0,-524.0
-211.0,-791.0,13.0,97.0,71.0,26.0,313.0,570.0,192.0,-591.0
-221.0,-551.0,28.0,87.0,-9.0,28.0,185.0,487.0,222.0,-588.0
-207.0,-274.0,26.0,86.0,131.0,89.0,149.0,57.0,255.0,-554.0
-189.0,-67.0,-10.0,26.0,190.0,-59.0,263.0,-556.0,270.0,-462.0
-138.0,278.0,-61.0,38.0,39.0,-251.0,236.0,-722.0,274.0,-323.0
-98.0,592.0,-115.0,38.0,202.0,-250.0,60.0,-380.0,252.0,-155.0
-90.0,844.0,-126.0,-7.0,140.0,-252.0,-53.0,153.0,204.0,-18.0
-81.0,927.0,-140.0,-71.0,92.0,-358.0,-31.0,809.0,134.0,120.0
-78.0,880.0,-203.0,-95.0,193.0,-492.0,53.0,946.0,66.0,253.0
-95.0,506.0,-183.0,-106.0,82.0,-319.0,-27.0,785.0,13.0,326.0
-123.0,120.0,-205.0,-113.0,30.0,-35.0,-244.0,251.0,-60.0,377.0
-155.0,-165.0,-247.0,-80.0,-37.0,56.0,-397.0,-402.0,-117.0,406.0
-166.0,-476.0,-185.0,-9.0,-182.0,69.0,-335.0,-768.0,-130.0,392.0
-189.0,-592.0,-173.0,69.0,-227.0,-131.0,-119.0,-968.0,-142.0,352.0
-205.0,-703.0,-121.0,41.0,-151.0,-188.0,52.0,-650.0,-125.0,295.0
-178.0,-687.0,-84.0,107.0,-164.0,-98.0,155.0,-236.0,-65.0,239.0
-146.0,-674.0,-26.0,181.0,-128.0,-13.0,288.0,293.0,-1.0,193.0
-110.0,-652.0,37.0,196.0,-86.0,211.0,414.0,548.0,73.0,111.0
-91.0,-453.0,64.0,273.0,-7.0,346.0,273.0,436.0,141.0,8.0
-70.0,-286.0,112.0,354.0,77.0,447.0,3.0,404.0,183.0,-93.0
-61.0,-147.0,105.0,433.0,-57.0,489.0,-87.0,-49.0,196.0,-211.0
-59.0,99.0,141.0,425.0,26.0,574.0,7.0,-473.0,189.0,-325.0
-76.0,441.0,93.0,380.0,105.0,609.0,93.0,-864.0,149.0,-402.0
-85.0,616.0,73.0,294.0,159.0,488.0,4.0,-892.0,71.0,-437.0
-92.0,766.0,80.0,129.0,266.0,308.0,-99.0,-121.0,-9.0,-421.0
-126.0,878.0,23.0,3.0,116.0,86.0,-68.0,873.0,-95.0,-346.0
-132.0,781.0,52.0,-84.0,195.0,130.0,96.0,1592.0,-165.0,-216.0
-146.0,702.0,47.0,-158.0,270.0,287.0,208.0,1206.0,-222.0,-55.0
-128.0,604.0,40.0,-200.0,100.0,420.0,205.0,203.0,-245.0,115.0
-113.0,447.0,42.0,-208.0,170.0,438.0,255.0,-703.0,-233.0,279.0
-88.0,441.0,47.0,-209.0,77.0,317.0,322.0,-1056.0,-201.0,409.0
-71.0,468.0,36.0,-213.0,-104.0,244.0,232.0,-794.0,-145.0,491.0
-71.0,276.0,46.0,-138.0,65.0,169.0,-43.0,-504.0,-80.0,507.0
-46.0,32.0,60.0,-71.0,-122.0,104.0,-233.0,-29.0,-15.0,475.0
-54.0,-21.0,25.0,13.0,-277.0,-33.0,-268.0,421.0,11.0,398.0
-50.0,-145.0,46.0,149.0,-35.0,-179.0,-290.0,988.0,60.0,272.0
-38.0,-381.0,76.0,204.0,-147.0,-231.0,-285.0,1426.0,88.0,133.0
-7.0,-520.0,84.0,231.0,-243.0,-188.0,-260.0,1178.0,80.0,9.0
20.0,-659.0,97.0,228.0,-183.0,-2.0,-161.0,384.0,91.0,-80.0
25.0,-662.0,174.0,224.0,-94.0,260.0,24.0,-715.0,58.0,-137.0
40.0,-684.0,169.0,204.0,23.0,361.0,181.0,-997.0,17.0,-129.0
57.0,-602.0,166.0,162.0,-5.0,137.0,134.0,-663.0,-21.0,-73.0
72.0,-369.0,218.0,98.0,39.0,-119.0,-28.0,-315.0,-68.0,9.0
67.0,-173.0,196.0,-83.0,190.0,-122.0,-32.0,29.0,-88.0,110.0
53.0,178.0,215.0,-239.0,245.0,39.0,84.0,129.0,-107.0,214.0
32.0,433.0,181.0,-309.0,192.0,144.0,143.0,301.0,-128.0,308.0
15.0,723.0,189.0,-327.0,181.0,164.0,67.0,33.0,-132.0,357.0
1.0,898.0,133.0,-262.0,157.0,205.0,18.0,-615.0,-140.0,365.0
-7.0,807.0,56.0,-214.0,174.0,292.0,194.0,-1093.0,-151.0,355.0
-26.0,471.0,16.0,-206.0,126.0,421.0,486.0,-1112.0,-160.0,318.0
-55.0,47.0,-84.0,-189.0,-21.0,494.0,680.0,-582.0,-175.0,237.0
-64.0,-153.0,-86.0,-177.0,-57.0,398.0,685.0,-51.0,-183.0,149.0
-44.0,-476.0,-160.0,-131.0,-91.0,189.0,587.0,724.0,-187.0,75.0
-13.0,-652.0,-150.0,5.0,-101.0,79.0,501.0,1389.0,-194.0,-8.0
30.0,-824.0,-109.0,162.0,-149.0,200.0,269.0,1345.0,-186.0,-86.0
58.0,-965.0,-90.0,293.0,-223.0,307.0,-120.0,426.0,-136.0,-136.0
71.0,-687.0,-31.0,394.0,-92.0,154.0,-384.0,-1178.0,-81.0,-160.0
85.0,-522.0,0.0,408.0,-16.0,-75.0,-466.0,-2232.0,-24.0,-186.0
66.0,-344.0,61.0,352.0,-105.0,-114.0,-497.0,-1847.0,44.0,-195.0
55.0,-13.0,40.0,235.0,-16.0,18.0,-602.0,-68.0,89.0,-186.0
25.0,202.0,80.0,175.0,26.0,93.0,-620.0,1701.0,117.0,-176.0
0.0,406.0,73.0,177.0,21.0,44.0,-448.0,2413.0,133.0,-150.0
-31.0,662.0,81.0,120.0,132.0,-47.0,-322.0,1921.0,132.0,-93.0
-72.0,911.0,102.0,37.0,118.0,-1.0,-281.0,339.0,93.0,-41.0
-56.0,974.0,42.0,-67.0,208.0,188.0,-201.0,-1250.0,37.0,13.0
-43.0,868.0,68.0,-146.0,270.0,252.0,-23.0,-2001.0,-32.0,110.0
-42.0,773.0,0.0,-185.0,148.0,142.0,222.0,-1339.0,-85.0,199.0
-24.0,534.0,-49.0,-190.0,122.0,-90.0,377.0,208.0,-139.0,270.0
-4.0,161.0,5.0,-152.0,25.0,-281.0,332.0,1319.0,-201.0,332.0
8.0,-109.0,0.0,-114.0,-127.0,-362.0,211.0,1474.0,-249.0,367.0
4.0,-382.0,-12.0,-27.0,-156.0,-315.0,155.0,744.0,-318.0,373.0
16.0,-729.0,-1.0,107.0,-166.0,-61.0,309.0,31.0,-352.0,339.0
57.0,-841.0,-1.0,189.0,-176.0,118.0,557.0,-264.0,-353.0,281.0
60.0,-627.0,38.0,232.0,-156.0,27.0,653.0,-360.0,-330.0,191.0
57.0,-428.0,77.0,256.0,-101.0,-231.0,621.0,-613.0,-281.0,85.0
52.0,-262.0,113.0,241.0,-32.0,-370.0,540.0,-1134.0,-205.0,-9.0
21.0,-31.0,173.0,240.0,-16.0,-290.0,477.0,-1193.0,-105.0,-109.0
0.0,108.0,203.0,211.0,-26.0,-194.0,389.0,-914.0,-9.0,-220.0
-19.0,121.0,195.0,159.0,61.0,-131.0,271.0,-205.0,92.0,-324.0
-23.0,143.0,236.0,103.0,123.0,-260.0,183.0,707.0,161.0,-396.0
-18.0,133.0,259.0,41.0,106.0,-405.0,208.0,1043.0,212.0,-430.0
8.0,-35.0,236.0,25.0,103.0,-331.0,252.0,964.0,218.0,-432.0
20.0,-282.0,266.0,27.0,83.0,-217.0,134.0,484.0,190.0,-407.0
2.0,-427.0,232.0,3.0,145.0,-111.0,6.0,275.0,162.0,-372.0
-31.0,-434.0,270.0,-20.0,116.0,-273.0,29.0,219.0,97.0,-334.0
-65.0,-429.0,214.0,-11.0,-5.0,-367.0,204.0,-36.0,38.0,-277.0
-66.0,-164.0,166.0,13.0,-40.0,-166.0,250.0,-293.0,-27.0,-223.0
-78.0,34.0,217.0,46.0,-21.0,-74.0,-3.0,-755.0,-81.0,-193.0
-56.0,105.0,87.0,62.0,33.0,-49.0,-327.0,-872.0,-104.0,-157.0
-50.0,328.0,92.0,66.0,-1.0,-167.0,-426.0,-537.0,-145.0,-130.0
-57.0,465.0,80.0,35.0,-1.0,-278.0,-273.0,303.0,-161.0,-123.0
-49.0,599.0,16.0,14.0,-5.0,-327.0,-77.0,910.0,-120.0,-118.0
-41.0,326.0,69.0,47.0,-94.0,-363.0,60.0,606.0,-75.0,-111.0
-16.0,123.0,62.0,61.0,-35.0,-327.0,109.0,-116.0,-18.0,-99.0
-5.0,87.0,72.0,65.0,-24.0,-428.0,67.0,-1045.0,62.0,-108.0
45.0,-81.0,126.0,11.0,-139.0,-449.0,-7.0,-1359.0,116.0,-144.0
78.0,-52.0,125.0,-51.0,-74.0,-221.0,29.0,-916.0,158.0,-178.0
113.0,-118.0,130.0,0.0,43.0,14.0,171.0,138.0,210.0,-219.0
144.0,-73.0,162.0,82.0,27.0,-1.0,301.0,1435.0,219.0,-288.0
134.0,-97.0,146.0,85.0,67.0,-108.0,395.0,1871.0,192.0,-337.0
119.0,-71.0,182.0,114.0,123.0,-4.0,545.0,1069.0,157.0,-338.0
75.0,16.0,205.0,182.0,26.0,132.0,748.0,-667.0,88.0,-330.0
36.0,-117.0,192.0,168.0,17.0,118.0,942.0,-1991.0,18.0,-277.0
-30.0,-126.0,209.0,155.0,44.0,48.0,1097.0,-2147.0,-49.0,-165.0
-49.0,-239.0,202.0,150.0,-64.0,1.0,958.0,-1128.0,-125.0,-59.0
-53.0,-308.0,189.0,81.0,-30.0,-106.0,699.0,676.0,-187.0,31.0
-55.0,-250.0,178.0,24.0,75.0,-236.0,578.0,1960.0,-201.0,125.0
-31.0,-173.0,175.0,26.0,42.0,-283.0,474.0,2028.0,-212.0,201.0
-11.0,145.0,143.0,-31.0,44.0,-340.0,229.0,707.0,-200.0,232.0
14.0,332.0,103.0,-127.0,102.0,-438.0,-122.0,-1014.0,-145.0,217.0
3.0,399.0,96.0,-146.0,91.0,-447.0,-315.0,-1862.0,-110.0,179.0
5.0,527.0,15.0,-169.0,129.0,-331.0,-396.0,-1539.0,-42.0,108.0
-1.0,448.0,-74.0,-134.0,59.0,-230.0,-534.0,-267.0,52.0,-13.0
15.0,382.0,-66.0,-93.0,-77.0,-146.0,-698.0,1101.0,136.0,-150.0
4.0,324.0,-107.0,-65.0,19.0,-95.0,-710.0,2023.0,240.0,-266.0
-9.0,157.0,-76.0,-6.0,4.0,-88.0,-661.0,1832.0,337.0,-376.0
4.0,-148.0,1.0,-6.0,-97.0,-56.0,-664.0,661.0,384.0,-456.0
-12.0,-388.0,37.0,19.0,-31.0,-23.0,-643.0,-598.0,423.0,-495.0
-12.0,-404.0,116.0,31.0,29.0,-4.0,-567.0,-1468.0,419.0,-462.0
-36.0,-483.0,147.0,29.0,-45.0,23.0,-328.0,-1819.0,344.0,-395.0
-39.0,-320.0,191.0,27.0,-116.0,169.0,43.0,-1860.0,293.0,-324.0
-52.0,-159.0,196.0,-2.0,-54.0,271.0,419.0,-861.0,199.0,-202.0
-74.0,-102.0,238.0,7.0,-23.0,173.0,648.0,864.0,77.0,-103.0
-98.0,152.0,287.0,34.0,0.0,-39.0,847.0,2178.0,-12.0,-18.0
-113.0,346.0,245.0,55.0,-80.0,-85.0,1045.0,2261.0,-102.0,65.0
-116.0,430.0,229.0,-11.0,-105.0,41.0,1215.0,439.0,-180.0,131.0
-113.0,382.0,179.0,-79.0,48.0,33.0,1365.0,-1768.0,-230.0,189.0
-86.0,323.0,116.0,-38.0,22.0,56.0,1336.0,-2869.0,-253.0,217.0
-81.0,106.0,44.0,-57.0,64.0,-12.0,1252.0,-2150.0,-255.0,244.0
-73.0,-117.0,15.0,-69.0,170.0,-210.0,1037.0,109.0,-241.0,239.0
-97.0,-255.0,-34.0,-10.0,137.0,-234.0,688.0,2207.0,-213.0,193.0
-89.0,-412.0,-49.0,-6.0,244.0,-116.0,425.0,2697.0,-159.0,142.0
-40.0,-336.0,-14.0,-55.0,298.0,-61.0,309.0,901.0,-117.0,89.0
5.0,-373.0,-30.0,-114.0,149.0,-206.0,244.0,-1637.0,-61.0,30.0
47.0,-367.0,-21.0,-82.0,52.0,-285.0,65.0,-2996.0,-20.0,-29.0
70.0,-239.0,-57.0,-82.0,38.0,-139.0,-237.0,-2444.0,-3.0,-69.0
73.0,-258.0,-93.0,-123.0,-39.0,31.0,-570.0,-558.0,36.0,-76.0
77.0,-195.0,-64.0,-72.0,-234.0,-21.0,-705.0,1097.0,26.0,-73.0
89.0,-25.0,9.0,-54.0,-348.0,-123.0,-696.0,1945.0,33.0,-75.0
78.0,18.0,41.0,-39.0,-263.0,-58.0,-673.0,1546.0,21.0,-69.0
73.0,-35.0,74.0,-36.0,-207.0,-8.0,-609.0,62.0,-4.0,-55.0
33.0,143.0,121.0,-86.0,-241.0,-48.0,-457.0,-1372.0,0.0,-69.0
10.0,331.0,114.0,-115.0,-84.0,-189.0,-266.0,-1829.0,-18.0,-98.0
3.0,476.0,128.0,-121.0,89.0,-253.0,-116.0,-968.0,-2.0,-121.0
17.0,606.0,126.0,-125.0,99.0,-282.0,16.0,230.0,-8.0,-145.0
35.0,659.0,123.0,-123.0,94.0,-319.0,45.0,868.0,-7.0,-163.0
17.0,806.0,110.0,-67.0,92.0,-167.0,49.0,672.0,12.0,-178.0
17.0,745.0,68.0,-62.0,81.0,-81.0,118.0,238.0,9.0,-172.0
4.0,609.0,70.0,-94.0,35.0,-33.0,229.0,251.0,25.0,-147.0
0.0,488.0,90.0,-128.0,-9.0,114.0,363.0,142.0,28.0,-130.0
-23.0,168.0,-6.0,-131.0,-56.0,327.0,520.0,-72.0,44.0,-102.0
-41.0,-231.0,-71.0,-95.0,-79.0,518.0,684.0,-243.0,78.0,-63.0
-35.0,-447.0,-59.0,-121.0,-197.0,504.0,776.0,-160.0,100.0,-41.0
0.0,-612.0,-162.0,-76.0,-255.0,516.0,821.0,230.0,120.0,-21.0
49.0,-844.0,-151.0,-17.0,-209.0,544.0,891.0,495.0,123.0,1.0
85.0,-765.0,-121.0,29.0,-276.0,496.0,979.0,742.0,123.0,-4.0
121.0,-637.0,-170.0,110.0,-267.0,407.0,1054.0,746.0,121.0,-7.0
129.0,-605.0,-115.0,177.0,-175.0,361.0,1054.0,500.0,90.0,0.0
130.0,-420.0,-98.0,242.0,-63.0,321.0,824.0,16.0,58.0,22.0
89.0,-98.0,-44.0,239.0,68.0,188.0,497.0,-493.0,16.0,33.0
69.0,195.0,-8.0,206.0,231.0,159.0,271.0,-933.0,-39.0,9.0
54.0,400.0,23.0,170.0,261.0,43.0,157.0,-1282.0,-64.0,0.0
44.0,515.0,97.0,102.0,259.0,-60.0,4.0,-960.0,-100.0,-1.0
65.0,481.0,114.0,20.0,342.0,-11.0,-257.0,-245.0,-137.0,-28.0
37.0,517.0,162.0,-76.0,282.0,122.0,-450.0,777.0,-140.0,-65.0
16.0,476.0,115.0,-225.0,252.0,285.0,-628.0,1498.0,-181.0,-89.0
-11.0,257.0,105.0,-356.0,266.0,222.0,-727.0,1093.0,-194.0,-137.0
-21.0,-7.0,58.0,-435.0,84.0,206.0,-747.0,-121.0,-185.0,-187.0
-23.0,-266.0,-19.0,-476.0,-60.0,342.0,-751.0,-1415.0,-225.0,-248.0
-43.0,-273.0,-11.0,-484.0,-101.0,422.0,-517.0,-1845.0,-214.0,-289.0
-9.0,-116.0,-7.0,-504.0,-310.0,285.0,-119.0,-1476.0,-194.0,-314.0
42.0,-69.0,39.0,-446.0,-362.0,56.0,155.0,-439.0,-169.0,-356.0
94.0,-42.0,-2.0,-349.0,-222.0,73.0,153.0,698.0,-105.0,-313.0
127.0,122.0,0.0,-258.0,-297.0,145.0,-5.0,966.0,-39.0,-256.0
154.0,252.0,4.0,-136.0,-301.0,187.0,-93.0,415.0,18.0,-193.0
173.0,153.0,1.0,-71.0,-75.0,246.0,31.0,-681.0,73.0,-76.0
145.0,27.0,10.0,-17.0,-43.0,295.0,367.0,-1332.0,142.0,37.0
115.0,63.0,26.0,36.0,-31.0,434.0,665.0,-1160.0,181.0,146.0
79.0,-83.0,86.0,32.0,122.0,482.0,804.0,-399.0,228.0,231.0
27.0,-237.0,45.0,-2.0,175.0,403.0,958.0,679.0,268.0,283.0
-13.0,-194.0,16.0,-89.0,226.0,365.0,1090.0,1160.0,272.0,287.0
-55.0,-382.0,-4.0,-195.0,179.0,317.0,998.0,964.0,274.0,247.0
-61.0,-429.0,21.0,-257.0,192.0,326.0,737.0,162.0,250.0,174.0
-49.0,-275.0,0.0,-256.0,207.0,334.0,423.0,-528.0,213.0,81.0
-26.0,-260.0,-48.0,-301.0,29.0,277.0,128.0,-517.0,158.0,-42.0
22.0,-260.0,-70.0,-380.0,-14.0,217.0,-176.0,-79.0,102.0,-157.0
45.0,-108.0,-154.0,-352.0,-19.0,73.0,-501.0,783.0,57.0,-231.0
76.0,-105.0,-155.0,-278.0,-61.0,45.0,-762.0,1180.0,-7.0,-273.0
109.0,-289.0,-97.0,-221.0,-69.0,188.0,-843.0,798.0,-65.0,-262.0
108.0,-147.0,-72.0,-124.0,-112.0,230.0,-698.0,-112.0,-100.0,-189.0
98.0,-13.0,-92.0,14.0,-67.0,84.0,-522.0,-894.0,-141.0,-51.0
82.0,84.0,-66.0,121.0,42.0,-64.0,-393.0,-870.0,-166.0,112.0
86.0,173.0,-5.0,196.0,38.0,-16.0,-281.0,-476.0,-166.0,288.0
87.0,241.0,45.0,220.0,-7.0,-10.0,-154.0,402.0,-151.0,454.0
94.0,329.0,39.0,196.0,14.0,-83.0,-54.0,1217.0,-131.0,559.0
116.0,297.0,37.0,181.0,31.0,-68.0,-21.0,1210.0,-138.0,597.0
118.0,345.0,101.0,183.0,-8.0,-65.0,104.0,229.0,-145.0,563.0
108.0,221.0,74.0,118.0,34.0,-79.0,364.0,-1042.0,-134.0,487.0
83.0,139.0,39.0,35.0,56.0,-129.0,606.0,-1291.0,-153.0,354.0
55.0,228.0,54.0,-35.0,37.0,-62.0,680.0,-692.0,-179.0,192.0
34.0,249.0,47.0,-127.0,81.0,136.0,639.0,356.0,-192.0,56.0
44.0,106.0,73.0,-159.0,45.0,163.0,590.0,1173.0,-236.0,-74.0
69.0,-100.0,100.0,-243.0,45.0,181.0,551.0,1284.0,-258.0,-179.0
76.0,-117.0,100.0,-319.0,16.0,225.0,484.0,825.0,-278.0,-247.0
88.0,-240.0,148.0,-311.0,4.0,147.0,337.0,-125.0,-265.0,-279.0
97.0,-336.0,192.0,-264.0,-43.0,60.0,146.0,-829.0,-215.0,-287.0
103.0,-251.0,130.0,-209.0,-124.0,22.0,-9.0,-1284.0,-191.0,-282.0
107.0,-141.0,118.0,-182.0,27.0,93.0,-130.0,-1513.0,-117.0,-230.0
97.0,-75.0,167.0,-113.0,106.0,114.0,-263.0,-1374.0,-35.0,-161.0
85.0,-82.0,94.0,-102.0,96.0,98.0,-428.0,-737.0,24.0,-106.0
58.0,-74.0,82.0,-108.0,27.0,167.0,-611.0,482.0,100.0,-40.0
49.0,-90.0,77.0,-69.0,-12.0,194.0,-643.0,1164.0,150.0,35.0
46.0,33.0,44.0,-12.0,18.0,128.0,-452.0,1029.0,186.0,117.0
55.0,133.0,25.0,72.0,-18.0,64.0,-87.0,469.0,209.0,190.0
100.0,230.0,-67.0,69.0,-28.0,191.0,225.0,-203.0,181.0,263.0
128.0,462.0,-24.0,62.0,0.0,342.0,381.0,-735.0,142.0,333.0
156.0,430.0,-43.0,84.0,61.0,299.0,539.0,-931.0,95.0,376.0
160.0,314.0,-35.0,76.0,80.0,237.0,564.0,-216.0,23.0,396.0
169.0,356.0,18.0,60.0,96.0,286.0,461.0,879.0,-16.0,382.0
171.0,410.0,-17.0,58.0,103.0,321.0,363.0,1559.0,-60.0,322.0
181.0,277.0,7.0,25.0,171.0,347.0,308.0,1282.0,-94.0,220.0
191.0,132.0,-46.0,-52.0,168.0,348.0,218.0,304.0,-102.0,102.0
142.0,135.0,16.0,-96.0,61.0,330.0,67.0,-711.0,-106.0,-3.0
84.0,61.0,32.0,-94.0,74.0,379.0,-11.0,-1572.0,-94.0,-115.0
17.0,-113.0,17.0,-113.0,3.0,363.0,-124.0,-1468.0,-70.0,-227.0
-25.0,-266.0,50.0,-169.0,-38.0,333.0,-336.0,-561.0,-1.0,-306.0
-66.0,-243.0,-52.0,-137.0,-63.0,401.0,-515.0,532.0,51.0,-356.0
-83.0,-209.0,-29.0,-117.0,-184.0,504.0,-593.0,1359.0,112.0,-365.0
-74.0,-158.0,-7.0,-164.0,-167.0,555.0,-559.0,1550.0,176.0,-333.0
-43.0,-48.0,-9.0,-168.0,-124.0,580.0,-358.0,1332.0,193.0,-250.0
-11.0,-85.0,-29.0,-138.0,-173.0,598.0,-205.0,524.0,222.0,-149.0
25.0,16.0,-66.0,-121.0,-158.0,493.0,-197.0,-391.0,212.0,-58.0
75.0,240.0,-100.0,-118.0,-71.0,289.0,-106.0,-1010.0,197.0,50.0
92.0,89.0,-149.0,-62.0,-14.0,205.0,54.0,-979.0,169.0,149.0
104.0,-103.0,-153.0,-9.0,-26.0,250.0,109.0,-181.0,94.0,205.0
121.0,-138.0,-124.0,17.0,-8.0,262.0,1.0,375.0,24.0,217.0
147.0,-276.0,-46.0,41.0,64.0,286.0,-88.0,556.0,-48.0,222.0
142.0,-393.0,-29.0,65.0,64.0,352.0,-43.0,190.0,-127.0,204.0
146.0,-349.0,48.0,73.0,119.0,447.0,79.0,-345.0,-214.0,153.0
111.0,-114.0,36.0,81.0,114.0,473.0,190.0,-458.0,-268.0,119.0
82.0,-25.0,55.0,24.0,69.0,383.0,250.0,-500.0,-298.0,92.0
39.0,-1.0,103.0,-88.0,111.0,306.0,338.0,-404.0,-328.0,77.0
-11.0,139.0,18.0,-162.0,26.0,395.0,518.0,-428.0,-320.0,68.0
-27.0,179.0,65.0,-273.0,0.0,470.0,621.0,-341.0,-290.0,82.0
-87.0,143.0,38.0,-315.0,74.0,386.0,549.0,-256.0,-235.0,113.0
-89.0,37.0,38.0,-321.0,122.0,352.0,422.0,-319.0,-148.0,110.0
-89.0,-145.0,-18.0,-348.0,92.0,288.0,252.0,-144.0,-80.0,87.0
-35.0,-354.0,-57.0,-329.0,11.0,181.0,175.0,-36.0,-10.0,37.0
0.0,-411.0,-29.0,-283.0,-16.0,102.0,93.0,158.0,45.0,-56.0
4.0,-409.0,-172.0,-251.0,-7.0,155.0,-66.0,90.0,75.0,-176.0
34.0,-413.0,-124.0,-207.0,-27.0,215.0,-154.0,-109.0,100.0,-296.0
31.0,-155.0,-103.0,-117.0,-121.0,82.0,-179.0,-160.0,102.0,-400.0
48.0,272.0,-179.0,-35.0,-121.0,138.0,-138.0,-304.0,92.0,-480.0
56.0,581.0,-96.0,31.0,-88.0,251.0,-137.0,-206.0,80.0,-514.0
71.0,783.0,-67.0,38.0,-40.0,164.0,-163.0,-249.0,57.0,-492.0
48.0,1005.0,-61.0,97.0,-4.0,123.0,-104.0,-341.0,28.0,-423.0
24.0,942.0,-16.0,128.0,-42.0,68.0,-77.0,-304.0,26.0,-336.0
-12.0,656.0,-24.0,81.0,56.0,25.0,-173.0,-94.0,17.0,-225.0
-35.0,347.0,25.0,85.0,122.0,112.0,-213.0,280.0,1.0,-108.0
-58.0,-15.0,83.0,102.0,30.0,110.0,-126.0,254.0,5.0,-21.0
-36.0,-367.0,57.0,94.0,-4.0,43.0,35.0,9.0,0.0,34.0
1.0,-800.0,41.0,29.0,28.0,147.0,165.0,-288.0,20.0,66.0
14.0,-981.0,53.0,6.0,39.0,242.0,196.0,-339.0,29.0,82.0
63.0,-1015.0,35.0,-86.0,65.0,123.0,230.0,-75.0,34.0,52.0
69.0,-934.0,-10.0,-238.0,23.0,54.0,218.0,280.0,74.0,0.0
119.0,-626.0,-56.0,-326.0,-67.0,218.0,151.0,500.0,123.0,-47.0
117.0,-478.0,-84.0,-361.0,-83.0,406.0,15.0,436.0,174.0,-102.0
121.0,-253.0,-72.0,-383.0,-102.0,400.0,-89.0,576.0,218.0,-144.0
140.0,118.0,-68.0,-371.0,-170.0,419.0,-74.0,596.0,247.0,-147.0
142.0,441.0,-74.0,-264.0,-171.0,586.0,-16.0,293.0,264.0,-135.0
149.0,487.0,-31.0,-169.0,-21.0,557.0,21.0,-225.0,275.0,-114.0
106.0,394.0,21.0,-114.0,10.0,486.0,-28.0,-916.0,241.0,-71.0
71.0,347.0,0.0,-66.0,-33.0,536.0,-109.0,-1136.0,174.0,-4.0
22.0,58.0,35.0,-2.0,33.0,500.0,-238.0,-903.0,96.0,75.0
16.0,-131.0,48.0,44.0,70.0,376.0,-299.0,-267.0,7.0,122.0
-8.0,-2.0,0.0,127.0,85.0,292.0,-172.0,476.0,-74.0,142.0
-23.0,19.0,-28.0,179.0,44.0,288.0,-37.0,792.0,-161.0,142.0
-27.0,-91.0,-89.0,133.0,15.0,222.0,29.0,659.0,-213.0,129.0
-30.0,-139.0,-36.0,87.0,-21.0,70.0,145.0,-25.0,-222.0,75.0
-32.0,11.0,-39.0,11.0,-11.0,44.0,263.0,-718.0,-213.0,8.0
-9.0,302.0,-74.0,-70.0,-7.0,147.0,286.0,-1034.0,-192.0,-33.0
16.0,398.0,-59.0,-145.0,-90.0,198.0,290.0,-672.0,-158.0,-89.0
17.0,373.0,-72.0,-196.0,0.0,276.0,274.0,162.0,-106.0,-104.0
46.0,312.0,-67.0,-214.0,-47.0,321.0,181.0,521.0,-59.0,-81.0
38.0,223.0,-118.0,-235.0,-149.0,336.0,28.0,273.0,-2.0,-25.0
60.0,-31.0,-116.0,-269.0,-203.0,295.0,-48.0,-563.0,69.0,44.0
41.0,-218.0,-50.0,-287.0,-202.0,124.0,63.0,-1173.0,143.0,122.0
51.0,-199.0,-2.0,-335.0,26.0,74.0,219.0,-1128.0,183.0,231.0
45.0,-359.0,-4.0,-354.0,-88.0,-62.0,221.0,-574.0,232.0,305.0
15.0,-517.0,-25.0,-249.0,-150.0,-296.0,43.0,247.0,284.0,348.0
10.0,-496.0,-28.0,-174.0,117.0,-389.0,-215.0,502.0,314.0,385.0
-45.0,-138.0,-42.0,-101.0,74.0,-298.0,-410.0,352.0,349.0,395.0
-77.0,127.0,-10.0,-8.0,-4.0,-209.0,-501.0,-145.0,335.0,347.0
-129.0,171.0,26.0,57.0,69.0,-306.0,-603.0,-533.0,315.0,258.0
-109.0,229.0,19.0,98.0,86.0,-334.0,-763.0,-491.0,291.0,170.0
-90.0,179.0,11.0,145.0,157.0,-175.0,-881.0,-205.0,265.0,83.0
-60.0,257.0,-5.0,230.0,123.0,24.0,-828.0,504.0,228.0,-11.0
-24.0,390.0,-28.0,252.0,-19.0,11.0,-671.0,946.0,173.0,-96.0
-15.0,312.0,-49.0,227.0,10.0,-121.0,-504.0,934.0,154.0,-158.0
-6.0,83.0,-60.0,194.0,97.0,-177.0,-314.0,419.0,100.0,-190.0
-19.0,25.0,-66.0,118.0,48.0,-198.0,-165.0,-330.0,83.0,-180.0
27.0,-172.0,-92.0,5.0,-66.0,-239.0,-31.0,-716.0,88.0,-142.0
50.0,-543.0,-104.0,-61.0,-160.0,-308.0,93.0,-844.0,84.0,-65.0
73.0,-660.0,-100.0,-86.0,-178.0,-374.0,197.0,-561.0,101.0,44.0
84.0,-747.0,-136.0,-133.0,-152.0,-314.0,322.0,-203.0,80.0,157.0
93.0,-918.0,-192.0,-130.0,-295.0,-115.0,435.0,221.0,68.0,282.0
103.0,-894.0,-174.0,-63.0,-241.0,-84.0,484.0,705.0,35.0,367.0
96.0,-690.0,-136.0,3.0,-84.0,-112.0,328.0,971.0,14.0,421.0
62.0,-396.0,-143.0,23.0,-117.0,-127.0,143.0,934.0,0.0,448.0
7.0,-87.0,-111.0,46.0,-57.0,-175.0,231.0,201.0,-28.0,406.0
-48.0,135.0,-93.0,89.0,-80.0,-110.0,570.0,-594.0,-27.0,347.0
-116.0,393.0,-94.0,107.0,4.0,-94.0,790.0,-973.0,-17.0,263.0
-138.0,437.0,-56.0,135.0,101.0,-165.0,613.0,-628.0,11.0,169.0
-150.0,416.0,-59.0,186.0,1.0,-180.0,241.0,293.0,35.0,79.0
-133.0,442.0,-51.0,223.0,58.0,-78.0,-138.0,716.0,60.0,-22.0
-144.0,438.0,-12.0,266.0,116.0,-52.0,-409.0,504.0,86.0,-97.0
-149.0,483.0,29.0,277.0,51.0,-195.0,-520.0,-282.0,119.0,-161.0
-119.0,311.0,38.0,189.0,57.0,-277.0,-465.0,-947.0,133.0,-196.0
-97.0,142.0,0.0,92.0,19.0,-193.0,-414.0,-990.0,134.0,-214.0
-94.0,23.0,17.0,-26.0,10.0,-47.0,-529.0,-585.0,147.0,-243.0
-103.0,-253.0,-5.0,-115.0,57.0,-37.0,-713.0,11.0,136.0,-273.0
-67.0,-464.0,-37.0,-130.0,-67.0,-14.0,-819.0,109.0,147.0,-315.0
-65.0,-644.0,-40.0,-174.0,-48.0,61.0,-749.0,153.0,150.0,-343.0
-70.0,-762.0,-74.0,-213.0,-45.0,-112.0,-550.0,173.0,118.0,-351.0
-80.0,-478.0,-80.0,-221.0,-68.0,-344.0,-279.0,-18.0,135.0,-366.0
-79.0,-83.0,-93.0,-237.0,30.0,-338.0,-35.0,-121.0,156.0,-384.0
-73.0,128.0,-94.0,-194.0,-98.0,-99.0,143.0,-68.0,159.0,-358.0
-83.0,339.0,-58.0,-95.0,-64.0,70.0,334.0,391.0,147.0,-300.0
-64.0,746.0,-59.0,-34.0,61.0,30.0,540.0,639.0,125.0,-230.0
-56.0,958.0,-83.0,10.0,-80.0,127.0,568.0,474.0,118.0,-120.0
-56.0,857.0,-58.0,1.0,-130.0,321.0,444.0,22.0,94.0,-8.0
-58.0,928.0,-38.0,14.0,-45.0,325.0,371.0,-439.0,77.0,89.0
-62.0,831.0,36.0,73.0,-11.0,151.0,266.0,-550.0,40.0,179.0
-47.0,583.0,45.0,92.0,78.0,61.0,49.0,-596.0,9.0,235.0
-45.0,239.0,-8.0,92.0,84.0,47.0,-290.0,-330.0,0.0,230.0
-38.0,-189.0,-17.0,76.0,20.0,-116.0,-578.0,-66.0,-26.0,203.0
-46.0,-401.0,-11.0,95.0,114.0,-305.0,-746.0,84.0,-48.0,160.0
-67.0,-762.0,44.0,107.0,111.0,-328.0,-845.0,267.0,-87.0,105.0
-58.0,-943.0,-25.0,47.0,-67.0,-198.0,-944.0,386.0,-100.0,50.0
-48.0,-875.0,-9.0,14.0,-162.0,-106.0,-1106.0,594.0,-100.0,-9.0
-4.0,-783.0,53.0,49.0,-138.0,-7.0,-1129.0,430.0,-83.0,-14.0
23.0,-494.0,-9.0,28.0,-131.0,-15.0,-986.0,123.0,-43.0,10.0
53.0,-273.0,28.0,-12.0,-206.0,-210.0,-810.0,-140.0,-20.0,56.0
85.0,-49.0,63.0,-62.0,-236.0,-332.0,-582.0,-378.0,26.0,115.0
115.0,59.0,55.0,-77.0,-1.0,-350.0,-176.0,-404.0,95.0,156.0
161.0,32.0,107.0,-30.0,58.0,-291.0,316.0,-373.0,167.0,190.0
187.0,21.0,116.0,-27.0,-39.0,-296.0,696.0,84.0,201.0,210.0
213.0,-74.0,110.0,-16.0,67.0,-346.0,850.0,569.0,201.0,233.0
200.0,-58.0,118.0,-29.0,112.0,-319.0,789.0,713.0,221.0,217.0
193.0,-125.0,63.0,-48.0,140.0,-222.0,670.0,448.0,225.0,169.0
180.0,-148.0,88.0,-13.0,91.0,-56.0,551.0,-206.0,208.0,159.0
185.0,-91.0,83.0,5.0,129.0,-8.0,439.0,-559.0,180.0,159.0
180.0,-149.0,50.0,31.0,154.0,-62.0,330.0,-493.0,114.0,153.0
144.0,51.0,40.0,75.0,103.0,-138.0,222.0,145.0,69.0,180.0
106.0,94.0,5.0,70.0,177.0,-231.0,123.0,633.0,55.0,233.0
55.0,14.0,1.0,48.0,54.0,-98.0,90.0,565.0,28.0,258.0
42.0,198.0,-37.0,10.0,-35.0,66.0,-1.0,334.0,1.0,285.0
17.0,339.0,-16.0,-52.0,15.0,-33.0,-162.0,-160.0,-32.0,309.0
4.0,366.0,-28.0,-75.0,32.0,-146.0,-208.0,-399.0,-27.0,277.0
2.0,335.0,-59.0,-51.0,-54.0,-152.0,-241.0,-460.0,-20.0,208.0
26.0,503.0,-56.0,-33.0,-65.0,-47.0,-388.0,-386.0,-34.0,124.0
42.0,578.0,-74.0,-40.0,157.0,-44.0,-581.0,-308.0,-28.0,31.0
56.0,440.0,-32.0,-44.0,136.0,-209.0,-685.0,-290.0,-19.0,-81.0
67.0,407.0,-35.0,-10.0,-26.0,-297.0,-813.0,90.0,29.0,-206.0
74.0,369.0,-38.0,27.0,16.0,-286.0,-943.0,382.0,64.0,-298.0
89.0,290.0,3.0,46.0,21.0,-158.0,-1015.0,532.0,57.0,-347.0
64.0,256.0,20.0,73.0,28.0,-106.0,-984.0,245.0,45.0,-367.0
76.0,262.0,18.0,69.0,-3.0,-160.0,-732.0,-144.0,43.0,-358.0
85.0,164.0,-30.0,23.0,-71.0,-254.0,-459.0,-64.0,49.0,-271.0
107.0,42.0,4.0,-3.0,71.0,-353.0,-221.0,68.0,40.0,-139.0
103.0,-92.0,31.0,64.0,111.0,-320.0,-8.0,271.0,-4.0,3.0
104.0,-218.0,39.0,142.0,9.0,-250.0,186.0,177.0,-40.0,179.0
100.0,-283.0,42.0,199.0,-19.0,-354.0,386.0,-46.0,-23.0,353.0
67.0,-312.0,-47.0,269.0,26.0,-669.0,469.0,-382.0,-28.0,491.0
30.0,-242.0,-26.0,233.0,101.0,-679.0,386.0,-803.0,-47.0,564.0
-32.0,-111.0,0.0,141.0,62.0,-414.0,283.0,-631.0,-61.0,586.0
-32.0,-62.0,-3.0,98.0,-16.0,-314.0,229.0,-145.0,-76.0,537.0
-22.0,-41.0,2.0,67.0,20.0,-303.0,168.0,504.0,-63.0,418.0
16.0,114.0,-4.0,-3.0,98.0,-298.0,99.0,744.0,-79.0,275.0
12.0,32.0,-6.0,-70.0,-1.0,-196.0,23.0,354.0,-101.0,115.0
28.0,63.0,0.0,-108.0,-128.0,-235.0,3.0,-142.0,-122.0,-41.0
60.0,301.0,22.0,-136.0,-82.0,-353.0,9.0,-415.0,-144.0,-178.0
38.0,195.0,12.0,-145.0,76.0,-321.0,53.0,-96.0,-133.0,-256.0
54.0,136.0,27.0,-147.0,11.0,-344.0,60.0,367.0,-134.0,-302.0
43.0,111.0,26.0,-117.0,-175.0,-400.0,-8.0,696.0,-121.0,-340.0
51.0,-82.0,36.0,-58.0,-35.0,-402.0,64.0,582.0,-107.0,-337.0
33.0,-259.0,91.0,-10.0,-29.0,-260.0,183.0,184.0,-67.0,-295.0
26.0,-310.0,53.0,27.0,-30.0,-162.0,127.0,64.0,9.0,-257.0
11.0,-287.0,17.0,110.0,58.0,-308.0,-173.0,40.0,68.0,-226.0
-21.0,-295.0,94.0,197.0,22.0,-378.0,-520.0,162.0,101.0,-187.0
-37.0,-186.0,112.0,277.0,172.0,-269.0,-589.0,92.0,77.0,-158.0
-73.0,-91.0,121.0,304.0,149.0,-268.0,-459.0,-149.0,86.0,-128.0
-81.0,13.0,119.0,301.0,71.0,-329.0,-434.0,-251.0,90.0,-73.0
-82.0,277.0,98.0,302.0,136.0,-271.0,-502.0,-181.0,53.0,9.0
-50.0,294.0,101.0,254.0,71.0,-75.0,-446.0,-25.0,20.0,102.0
-43.0,409.0,68.0,257.0,6.0,118.0,-298.0,-99.0,-44.0,185.0
-18.0,645.0,101.0,235.0,-109.0,135.0,-207.0,-84.0,-64.0,256.0
-2.0,576.0,116.0,227.0,-214.0,108.0,-299.0,-48.0,-64.0,328.0
11.0,530.0,111.0,232.0,-11.0,33.0,-523.0,103.0,-99.0,359.0
20.0,527.0,96.0,179.0,32.0,-72.0,-648.0,369.0,-138.0,313.0
0.0,503.0,37.0,134.0,-173.0,-127.0,-593.0,308.0,-130.0,231.0
36.0,204.0,35.0,90.0,-87.0,-173.0,-451.0,236.0,-102.0,137.0
39.0,76.0,4.0,99.0,-19.0,-85.0,-313.0,105.0,-85.0,19.0
60.0,94.0,-46.0,82.0,30.0,-18.0,-82.0,66.0,-53.0,-123.0
71.0,-49.0,-37.0,60.0,-23.0,-116.0,299.0,131.0,-32.0,-239.0
102.0,146.0,-32.0,56.0,-215.0,-189.0,621.0,57.0,-3.0,-318.0
134.0,143.0,-51.0,24.0,77.0,-84.0,641.0,-145.0,16.0,-365.0
139.0,-18.0,-82.0,3.0,207.0,-39.0,465.0,-513.0,31.0,-359.0
153.0,-166.0,-106.0,14.0,37.0,-225.0,345.0,-423.0,39.0,-305.0
156.0,-272.0,-127.0,89.0,184.0,-303.0,224.0,-134.0,14.0,-190.0
173.0,-273.0,-179.0,158.0,151.0,-324.0,-27.0,149.0,-14.0,-63.0
137.0,-274.0,-182.0,180.0,111.0,-356.0,-271.0,445.0,-67.0,76.0
114.0,-114.0,-174.0,220.0,153.0,-270.0,-342.0,430.0,-119.0,230.0
88.0,-146.0,-193.0,240.0,-79.0,-214.0,-257.0,478.0,-162.0,337.0
46.0,-198.0,-177.0,266.0,-44.0,-262.0,-88.0,354.0,-205.0,389.0
-24.0,-105.0,-199.0,305.0,17.0,-461.0,16.0,315.0,-228.0,393.0
-68.0,-174.0,-176.0,309.0,-59.0,-509.0,7.0,404.0,-241.0,365.0
-75.0,-219.0,-146.0,310.0,-1.0,-214.0,16.0,412.0,-247.0,270.0
-60.0,-44.0,-150.0,273.0,-115.0,64.0,90.0,545.0,-261.0,140.0
-39.0,-46.0,-96.0,213.0,-21.0,128.0,32.0,280.0,-237.0,5.0
-43.0,-34.0,-83.0,124.0,164.0,29.0,-244.0,-103.0,-174.0,-137.0
0.0,122.0,-37.0,2.0,-65.0,10.0,-477.0,-423.0,-127.0,-261.0
-9.0,217.0,-14.0,-62.0,4.0,56.0,-536.0,-509.0,-112.0,-361.0
-7.0,371.0,-48.0,-96.0,188.0,-4.0,-560.0,-175.0,-83.0,-374.0
-20.0,286.0,12.0,-131.0,36.0,-67.0,-613.0,216.0,-27.0,-334.0
-16.0,112.0,36.0,-119.0,96.0,-4.0,-595.0,447.0,1.0,-261.0
-2.0,-18.0,32.0,-68.0,93.0,144.0,-382.0,249.0,52.0,-120.0
-15.0,-44.0,24.0,-9.0,-22.0,121.0,-36.0,216.0,100.0,48.0
-17.0,18.0,-47.0,55.0,23.0,-29.0,129.0,493.0,121.0,212.0
-41.0,-75.0,-37.0,120.0,-105.0,-32.0,-1.0,718.0,166.0,343.0
-66.0,-191.0,-14.0,205.0,-105.0,20.0,-205.0,648.0,188.0,435.0
-144.0,-259.0,-37.0,238.0,-6.0,-9.0,-211.0,48.0,191.0,489.0
-165.0,-156.0,-24.0,228.0,-149.0,-58.0,-102.0,-382.0,168.0,463.0
-172.0,-100.0,28.0,266.0,3.0,-131.0,-119.0,-378.0,145.0,386.0
-167.0,-239.0,21.0,237.0,30.0,-335.0,-239.0,24.0,148.0,289.0
-163.0,-152.0,-3.0,128.0,-90.0,-521.0,-428.0,448.0,115.0,140.0
-172.0,4.0,86.0,33.0,173.0,-563.0,-565.0,386.0,72.0,-19.0
-170.0,-103.0,95.0,-13.0,54.0,-418.0,-609.0,49.0,32.0,-180.0
-180.0,-74.0,89.0,-33.0,-131.0,-367.0,-498.0,-327.0,0.0,-302.0
-161.0,33.0,118.0,-40.0,-100.0,-637.0,-146.0,-267.0,-22.0,-384.0
-158.0,96.0,54.0,-31.0,-188.0,-663.0,263.0,70.0,-68.0,-460.0
-128.0,205.0,56.0,-43.0,-151.0,-433.0,514.0,408.0,-97.0,-482.0
-110.0,82.0,31.0,-6.0,-213.0,-256.0,541.0,615.0,-96.0,-466.0
-47.0,110.0,-14.0,44.0,-193.0,-242.0,505.0,439.0,-66.0,-421.0
10.0,298.0,49.0,110.0,-3.0,-377.0,417.0,230.0,-30.0,-367.0
49.0,252.0,23.0,233.0,-98.0,-392.0,265.0,-120.0,-10.0,-301.0
88.0,71.0,9.0,321.0,-27.0,-305.0,113.0,-140.0,20.0,-232.0
90.0,-219.0,29.0,347.0,135.0,-65.0,-21.0,408.0,63.0,-172.0
101.0,-365.0,-5.0,354.0,67.0,-2.0,-209.0,949.0,94.0,-105.0
107.0,-492.0,19.0,342.0,259.0,-340.0,-502.0,1173.0,110.0,-45.0
150.0,-692.0,12.0,267.0,154.0,-617.0,-707.0,713.0,112.0,12.0
171.0,-749.0,3.0,173.0,-18.0,-636.0,-721.0,88.0,73.0,49.0
195.0,-752.0,-17.0,123.0,241.0,-428.0,-536.0,-552.0,47.0,62.0
181.0,-607.0,-39.0,104.0,134.0,-176.0,-257.0,-779.0,29.0,67.0
157.0,-437.0,-39.0,71.0,31.0,-41.0,17.0,-332.0,-36.0,61.0
164.0,-302.0,-26.0,44.0,71.0,45.0,191.0,112.0,-88.0,21.0
167.0,24.0,-6.0,28.0,-77.0,213.0,174.0,476.0,-125.0,-27.0
183.0,348.0,-49.0,40.0,-47.0,420.0,76.0,315.0,-121.0,-38.0
163.0,388.0,-40.0,40.0,-50.0,454.0,75.0,59.0,-99.0,-46.0
147.0,489.0,-38.0,7.0,-255.0,222.0,218.0,-205.0,-86.0,-58.0
134.0,514.0,-38.0,42.0,-165.0,-151.0,351.0,-580.0,-60.0,-63.0
124.0,429.0,-70.0,104.0,-32.0,-313.0,464.0,-428.0,-36.0,-71.0
142.0,332.0,-101.0,162.0,-181.0,-106.0,542.0,29.0,8.0,-81.0
144.0,92.0,-63.0,183.0,-2.0,187.0,415.0,744.0,34.0,-84.0
144.0,167.0,-114.0,211.0,88.0,296.0,48.0,1273.0,69.0,-74.0
159.0,48.0,-105.0,241.0,-90.0,194.0,-302.0,1413.0,92.0,-71.0
134.0,-87.0,-131.0,208.0,84.0,29.0,-447.0,992.0,93.0,-49.0
94.0,-12.0,-152.0,217.0,16.0,-148.0,-448.0,-73.0,105.0,13.0
44.0,18.0,-105.0,236.0,-77.0,-237.0,-427.0,-857.0,73.0,80.0
36.0,174.0,-127.0,231.0,169.0,-71.0,-523.0,-1075.0,42.0,145.0
48.0,15.0,-103.0,259.0,45.0,34.0,-705.0,-558.0,11.0,229.0
31.0,-84.0,-69.0,257.0,-54.0,-92.0,-866.0,105.0,-21.0,337.0
48.0,-52.0,-52.0,175.0,80.0,-77.0,-823.0,408.0,-22.0,431.0
48.0,-58.0,-82.0,152.0,-53.0,146.0,-645.0,674.0,-24.0,493.0
60.0,-5.0,-40.0,135.0,-34.0,273.0,-517.0,611.0,-33.0,521.0
38.0,-91.0,-69.0,86.0,28.0,288.0,-381.0,399.0,-22.0,505.0
7.0,-50.0,-118.0,76.0,-150.0,279.0,-215.0,11.0,10.0,438.0
-1.0,85.0,-48.0,58.0,-19.0,273.0,20.0,-192.0,34.0,332.0
-4.0,-1.0,-135.0,109.0,17.0,411.0,461.0,25.0,64.0,198.0
25.0,-35.0,-70.0,161.0,-88.0,452.0,1071.0,240.0,60.0,54.0
25.0,169.0,-53.0,153.0,-6.0,244.0,1559.0,574.0,35.0,-79.0
22.0,177.0,-194.0,157.0,13.0,118.0,1739.0,624.0,38.0,-206.0
9.0,-41.0,-156.0,184.0,28.0,224.0,1583.0,376.0,-19.0,-276.0
0.0,-7.0,-165.0,215.0,-56.0,406.0,1307.0,-293.0,-67.0,-316.0
-13.0,66.0,-198.0,213.0,9.0,257.0,1050.0,-1106.0,-96.0,-336.0
-22.0,8.0,-199.0,204.0,110.0,-55.0,709.0,-1284.0,-122.0,-306.0
-37.0,17.0,-235.0,190.0,25.0,-62.0,269.0,-870.0,-102.0,-258.0
-64.0,1.0,-175.0,154.0,81.0,54.0,-248.0,51.0,-88.0,-179.0
-59.0,-22.0,-57.0,98.0,113.0,237.0,-704.0,558.0,-65.0,-89.0
-76.0,-91.0,-17.0,70.0,27.0,348.0,-1020.0,358.0,-44.0,-6.0
-115.0,-220.0,-31.0,51.0,137.0,371.0,-1260.0,-101.0,-12.0,54.0
-141.0,-325.0,-45.0,-4.0,190.0,363.0,-1516.0,-399.0,8.0,79.0
-152.0,-250.0,16.0,-53.0,-17.0,208.0,-1695.0,-188.0,19.0,80.0
-143.0,-221.0,76.0,-79.0,52.0,183.0,-1713.0,94.0,27.0,40.0
-134.0,-118.0,75.0,-83.0,27.0,242.0,-1636.0,508.0,-4.0,-43.0
-105.0,64.0,92.0,-65.0,-181.0,178.0,-1457.0,787.0,0.0,-165.0
-80.0,195.0,93.0,-38.0,-108.0,4.0,-1248.0,679.0,-16.0,-300.0
-69.0,563.0,119.0,12.0,-121.0,-53.0,-1072.0,140.0,-51.0,-418.0
-63.0,557.0,119.0,81.0,-99.0,-25.0,-791.0,-587.0,-75.0,-508.0
-57.0,511.0,125.0,152.0,63.0,-112.0,-247.0,-783.0,-98.0,-546.0
-14.0,547.0,140.0,171.0,-42.0,-317.0,366.0,-661.0,-92.0,-516.0
-13.0,404.0,168.0,138.0,-142.0,-441.0,940.0,-177.0,-99.0,-419.0
-24.0,349.0,190.0,110.0,86.0,-256.0,1453.0,362.0,-103.0,-284.0
-40.0,-20.0,145.0,116.0,82.0,-35.0,1721.0,508.0,-83.0,-88.0
-49.0,-202.0,185.0,143.0,-61.0,10.0,1635.0,482.0,-73.0,162.0
-52.0,-172.0,211.0,114.0,41.0,-180.0,1256.0,290.0,-69.0,402.0
-94.0,-260.0,199.0,79.0,49.0,-444.0,913.0,273.0,-39.0,600.0
-77.0,-240.0,216.0,48.0,72.0,-498.0,740.0,269.0,-29.0,749.0
-70.0,-288.0,251.0,54.0,84.0,-277.0,632.0,186.0,-3.0,824.0
-48.0,-280.0,245.0,61.0,-32.0,-83.0,484.0,46.0,43.0,819.0
-8.0,-363.0,248.0,44.0,-10.0,-231.0,273.0,-177.0,57.0,746.0
18.0,-353.0,228.0,74.0,0.0,-321.0,31.0,-3.0,80.0,621.0
49.0,-104.0,177.0,41.0,-97.0,-158.0,-83.0,225.0,97.0,465.0
89.0,-170.0,220.0,-6.0,-97.0,-16.0,-74.0,258.0,104.0,273.0
140.0,-169.0,115.0,-28.0,-54.0,-21.0,-223.0,-160.0,101.0,76.0
154.0,-47.0,62.0,-46.0,1.0,-38.0,-509.0,-833.0,87.0,-92.0
166.0,-130.0,43.0,-76.0,16.0,43.0,-779.0,-1023.0,76.0,-231.0
168.0,24.0,-31.0,-100.0,-61.0,143.0,-867.0,-796.0,44.0,-330.0
170.0,98.0,-11.0,-76.0,0.0,256.0,-782.0,-133.0,21.0,-349.0
154.0,-11.0,5.0,-35.0,74.0,302.0,-592.0,389.0,11.0,-311.0
158.0,159.0,46.0,-5.0,-11.0,254.0,-369.0,535.0,-12.0,-267.0
176.0,267.0,29.0,-23.0,-117.0,309.0,-224.0,402.0,-16.0,-157.0
185.0,386.0,71.0,-21.0,-32.0,451.0,-216.0,53.0,-16.0,-6.0
166.0,384.0,83.0,13.0,89.0,527.0,-434.0,-38.0,-15.0,127.0
123.0,316.0,66.0,40.0,33.0,462.0,-676.0,-169.0,-10.0,228.0
82.0,382.0,152.0,63.0,72.0,257.0,-771.0,-308.0,-27.0,319.0
58.0,105.0,184.0,43.0,67.0,182.0,-727.0,-461.0,-30.0,380.0
56.0,77.0,201.0,7.0,0.0,231.0,-658.0,-256.0,-26.0,381.0
12.0,16.0,237.0,0.0,33.0,290.0,-595.0,415.0,-9.0,333.0
-11.0,-91.0,217.0,-20.0,31.0,321.0,-445.0,661.0,1.0,247.0
-39.0,22.0,170.0,-20.0,39.0,85.0,-264.0,428.0,13.0,152.0
-58.0,-263.0,145.0,3.0,53.0,-215.0,-70.0,-212.0,42.0,16.0
-89.0,-222.0,94.0,9.0,24.0,-310.0,157.0,-526.0,54.0,-92.0
-108.0,-120.0,60.0,23.0,-21.0,-205.0,400.0,-275.0,57.0,-179.0
-118.0,-199.0,11.0,13.0,-22.0,-198.0,604.0,-27.0,30.0,-277.0
-136.0,-161.0,2.0,-15.0,-18.0,-381.0,713.0,86.0,13.0,-318.0
-118.0,-164.0,-14.0,-44.0,-49.0,-427.0,693.0,-133.0,-6.0,-331.0
-132.0,-63.0,-122.0,-104.0,-51.0,-364.0,634.0,-199.0,-23.0,-303.0
-128.0,-116.0,-110.0,-175.0,-90.0,-200.0,514.0,-151.0,-23.0,-238.0
-130.0,-8.0,-116.0,-268.0,-100.0,-135.0,240.0,-107.0,-40.0,-176.0
-107.0,51.0,-102.0,-333.0,29.0,-294.0,-105.0,25.0,-44.0,-97.0
-70.0,-17.0,-51.0,-314.0,-2.0,-411.0,-377.0,77.0,-38.0,-29.0
-56.0,118.0,-27.0,-236.0,-60.0,-219.0,-395.0,205.0,-11.0,29.0
-74.0,-44.0,103.0,-148.0,78.0,266.0,-236.0,-7.0,7.0,91.0
-94.0,-82.0,125.0,-69.0,33.0,642.0,-132.0,-384.0,20.0,110.0
-76.0,127.0,135.0,10.0,-79.0,642.0,-172.0,-594.0,38.0,85.0
-76.0,120.0,212.0,80.0,5.0,442.0,-219.0,-585.0,46.0,47.0
-51.0,54.0,239.0,146.0,73.0,456.0,-207.0,-334.0,75.0,0.0
-8.0,88.0,261.0,190.0,29.0,460.0,-86.0,-153.0,89.0,-66.0
56.0,266.0,218.0,170.0,-39.0,268.0,170.0,181.0,94.0,-143.0
68.0,343.0,214.0,138.0,14.0,41.0,289.0,373.0,111.0,-206.0
25.0,223.0,241.0,121.0,47.0,-85.0,208.0,443.0,104.0,-247.0
0.0,84.0,230.0,58.0,-82.0,-58.0,79.0,469.0,134.0,-256.0
-4.0,-23.0,205.0,28.0,-45.0,9.0,-114.0,343.0,158.0,-237.0
5.0,-160.0,85.0,7.0,-53.0,218.0,-408.0,304.0,151.0,-216.0
17.0,-308.0,22.0,-25.0,-68.0,299.0,-564.0,-158.0,167.0,-197.0
57.0,-366.0,54.0,-41.0,35.0,177.0,-479.0,-812.0,159.0,-174.0
76.0,-310.0,76.0,-79.0,-69.0,58.0,-293.0,-1208.0,148.0,-170.0
41.0,-326.0,94.0,-69.0,-50.0,25.0,-288.0,-825.0,120.0,-198.0
1.0,-276.0,47.0,-36.0,27.0,89.0,-602.0,304.0,87.0,-250.0
1.0,-171.0,13.0,-4.0,-32.0,83.0,-848.0,897.0,73.0,-315.0
12.0,-156.0,-20.0,35.0,24.0,110.0,-851.0,585.0,52.0,-381.0
4.0,182.0,-79.0,64.0,56.0,110.0,-636.0,-388.0,46.0,-442.0
-1.0,264.0,-80.0,77.0,-21.0,85.0,-362.0,-957.0,28.0,-484.0
-2.0,285.0,-48.0,124.0,89.0,16.0,-51.0,-694.0,22.0,-516.0
-9.0,555.0,-53.0,162.0,131.0,-106.0,244.0,-134.0,23.0,-522.0
10.0,363.0,-29.0,153.0,-31.0,-99.0,268.0,402.0,11.0,-490.0
40.0,302.0,-73.0,159.0,52.0,-85.0,155.0,388.0,6.0,-427.0
54.0,267.0,-66.0,108.0,107.0,-62.0,154.0,136.0,4.0,-336.0
73.0,33.0,13.0,-4.0,60.0,-132.0,308.0,-223.0,-9.0,-225.0
86.0,-93.0,-105.0,-78.0,128.0,-274.0,557.0,-388.0,-22.0,-89.0
107.0,-165.0,-77.0,-97.0,90.0,-313.0,931.0,-73.0,0.0,50.0
109.0,-248.0,-36.0,-86.0,73.0,-274.0,1128.0,103.0,22.0,186.0
93.0,-418.0,-83.0,-96.0,134.0,-81.0,961.0,147.0,40.0,298.0
94.0,-404.0,-88.0,-106.0,22.0,6.0,626.0,48.0,53.0,386.0
96.0,-421.0,-91.0,-117.0,-29.0,-31.0,315.0,81.0,65.0,469.0
78.0,-395.0,-22.0,-174.0,11.0,20.0,88.0,127.0,87.0,484.0
18.0,-196.0,-45.0,-185.0,-36.0,-1.0,-232.0,-129.0,68.0,454.0
-29.0,-118.0,-22.0,-148.0,-20.0,-132.0,-579.0,-219.0,13.0,396.0
-61.0,-18.0,17.0,-134.0,4.0,-283.0,-786.0,-199.0,-35.0,296.0
-107.0,21.0,41.0,-172.0,97.0,-190.0,-824.0,48.0,-66.0,184.0
-116.0,-42.0,137.0,-178.0,60.0,163.0,-782.0,136.0,-102.0,48.0
-117.0,112.0,157.0,-155.0,-47.0,382.0,-686.0,-110.0,-129.0,-90.0
-108.0,302.0,167.0,-167.0,18.0,417.0,-553.0,-230.0,-151.0,-203.0
-106.0,272.0,227.0,-144.0,-72.0,257.0,-474.0,-219.0,-181.0,-280.0
-98.0,260.0,213.0,-128.0,-41.0,43.0,-503.0,-35.0,-179.0,-315.0
-68.0,394.0,191.0,-101.0,50.0,102.0,-578.0,-94.0,-178.0,-307.0
-66.0,351.0,181.0,-97.0,-105.0,189.0,-429.0,-75.0,-170.0,-244.0
-50.0,193.0,142.0,-100.0,3.0,137.0,-83.0,184.0,-146.0,-147.0
-37.0,251.0,127.0,-102.0,109.0,21.0,141.0,363.0,-138.0,-33.0
-17.0,85.0,63.0,-139.0,-100.0,-33.0,137.0,423.0,-129.0,102.0
-1.0,46.0,50.0,-111.0,-26.0,76.0,144.0,195.0,-116.0,233.0
-31.0,130.0,60.0,-107.0,43.0,146.0,217.0,-18.0,-108.0,313.0
-67.0,-90.0,39.0,-131.0,-134.0,153.0,158.0,-323.0,-97.0,361.0
-94.0,-171.0,5.0,-151.0,-5.0,219.0,76.0,-530.0,-94.0,362.0
-120.0,-141.0,-40.0,-141.0,41.0,340.0,245.0,-493.0,-90.0,294.0
-138.0,-63.0,-38.0,-134.0,-87.0,381.0,659.0,-376.0,-51.0,179.0
-141.0,-85.0,-89.0,-169.0,65.0,297.0,983.0,-142.0,-39.0,34.0
-126.0,90.0,-119.0,-129.0,-13.0,231.0,917.0,40.0,-38.0,-103.0
-125.0,253.0,-72.0,-109.0,-105.0,143.0,507.0,339.0,-21.0,-231.0
-165.0,179.0,-86.0,-151.0,101.0,10.0,175.0,384.0,-27.0,-338.0
-194.0,286.0,-96.0,-161.0,-100.0,-37.0,101.0,136.0,-39.0,-415.0
-206.0,308.0,-49.0,-106.0,-133.0,-45.0,52.0,-164.0,-73.0,-428.0
-196.0,83.0,-78.0,-70.0,154.0,29.0,-233.0,-631.0,-92.0,-396.0
-178.0,-101.0,-95.0,-43.0,-27.0,146.0,-711.0,-772.0,-97.0,-350.0
-142.0,-49.0,-112.0,41.0,-1.0,64.0,-1012.0,-546.0,-105.0,-275.0
-79.0,-173.0,-133.0,69.0,195.0,-68.0,-1079.0,-27.0,-85.0,-197.0
-23.0,-203.0,-76.0,77.0,-30.0,-181.0,-944.0,402.0,-77.0,-118.0
4.0,-75.0,0.0,88.0,7.0,-286.0,-579.0,397.0,-69.0,-55.0
12.0,-116.0,86.0,92.0,164.0,-206.0,-197.0,262.0,-29.0,-6.0
12.0,-23.0,61.0,118.0,-40.0,5.0,155.0,49.0,7.0,27.0
22.0,110.0,8.0,123.0,-22.0,173.0,579.0,92.0,17.0,23.0
59.0,57.0,-55.0,98.0,60.0,187.0,893.0,112.0,24.0,29.0
81.0,1.0,-59.0,22.0,-17.0,98.0,874.0,35.0,44.0,48.0
92.0,170.0,-23.0,-66.0,58.0,132.0,788.0,-48.0,60.0,59.0
75.0,304.0,-17.0,-136.0,-18.0,291.0,928.0,-445.0,58.0,67.0
51.0,148.0,10.0,-186.0,-70.0,262.0,1043.0,-482.0,45.0,74.0
36.0,14.0,-52.0,-207.0,13.0,89.0,903.0,-105.0,46.0,81.0
26.0,91.0,-77.0,-204.0,-106.0,10.0,556.0,303.0,28.0,66.0
40.0,67.0,-78.0,-186.0,-135.0,62.0,108.0,332.0,-2.0,26.0
54.0,-142.0,-88.0,-182.0,-17.0,251.0,-233.0,-24.0,-17.0,-9.0
66.0,-214.0,-66.0,-184.0,45.0,484.0,-478.0,-334.0,-61.0,-36.0
60.0,-67.0,-22.0,-187.0,46.0,614.0,-659.0,-735.0,-81.0,-52.0
43.0,-136.0,-63.0,-162.0,59.0,473.0,-654.0,-740.0,-80.0,-43.0
37.0,-210.0,-10.0,-109.0,106.0,155.0,-564.0,-391.0,-111.0,-15.0
11.0,-195.0,75.0,-68.0,46.0,-81.0,-536.0,120.0,-102.0,28.0
-34.0,-222.0,17.0,-65.0,23.0,-67.0,-672.0,561.0,-95.0,87.0
-51.0,-115.0,129.0,-85.0,43.0,61.0,-759.0,436.0,-81.0,138.0
-27.0,-209.0,104.0,-82.0,-121.0,22.0,-623.0,181.0,-50.0,199.0
-1.0,-218.0,66.0,-110.0,-100.0,-92.0,-419.0,-169.0,-25.0,253.0
-14.0,-49.0,123.0,-169.0,46.0,-139.0,-246.0,-312.0,24.0,279.0
-10.0,39.0,41.0,-183.0,-88.0,-64.0,-51.0,-299.0,77.0,310.0
-1.0,184.0,60.0,-188.0,-77.0,14.0,233.0,-267.0,132.0,307.0
11.0,352.0,60.0,-225.0,-6.0,79.0,484.0,-59.0,163.0,277.0
8.0,428.0,32.0,-250.0,-100.0,259.0,695.0,11.0,182.0,238.0
-36.0,357.0,14.0,-254.0,-3.0,285.0,823.0,339.0,186.0,155.0
-50.0,210.0,-45.0,-206.0,30.0,169.0,869.0,400.0,169.0,68.0
-79.0,118.0,-87.0,-135.0,-93.0,188.0,959.0,14.0,148.0,-21.0
-78.0,53.0,-132.0,-94.0,11.0,275.0,956.0,-363.0,129.0,-132.0
-94.0,-69.0,-153.0,-23.0,144.0,156.0,726.0,-705.0,85.0,-227.0
-110.0,-179.0,-129.0,41.0,37.0,-175.0,437.0,-626.0,24.0,-311.0
-96.0,-238.0,-122.0,55.0,11.0,-183.0,305.0,-375.0,15.0,-375.0
-117.0,-181.0,-144.0,37.0,-33.0,89.0,208.0,42.0,-38.0,-392.0
-118.0,-172.0,-73.0,29.0,-86.0,203.0,47.0,295.0,-71.0,-357.0
-130.0,-76.0,-27.0,62.0,97.0,172.0,-201.0,158.0,-68.0,-271.0
-132.0,61.0,0.0,69.0,37.0,121.0,-511.0,-57.0,-87.0,-152.0
-100.0,49.0,56.0,17.0,-39.0,314.0,-716.0,-269.0,-59.0,3.0
-42.0,146.0,-19.0,-93.0,47.0,503.0,-680.0,-136.0,-62.0,181.0
0.0,74.0,-95.0,-191.0,49.0,446.0,-500.0,-86.0,-60.0,336.0
31.0,138.0,-96.0,-235.0,91.0,334.0,-397.0,-147.0,-32.0,456.0
44.0,430.0,-79.0,-265.0,-19.0,246.0,-388.0,-114.0,-30.0,556.0
67.0,278.0,-43.0,-295.0,21.0,283.0,-419.0,-81.0,-10.0,602.0
81.0,31.0,2.0,-279.0,153.0,375.0,-349.0,169.0,20.0,587.0
82.0,-5.0,-43.0,-221.0,79.0,452.0,-241.0,360.0,18.0,528.0
107.0,102.0,-59.0,-198.0,102.0,395.0,-111.0,428.0,2.0,434.0
125.0,148.0,-39.0,-161.0,36.0,242.0,132.0,258.0,6.0,300.0
155.0,-94.0,-59.0,-59.0,16.0,210.0,338.0,-18.0,-18.0,152.0
152.0,-166.0,1.0,59.0,47.0,375.0,445.0,-134.0,-56.0,29.0
141.0,-200.0,31.0,89.0,-107.0,501.0,557.0,-182.0,-89.0,-82.0
98.0,-264.0,66.0,78.0,-128.0,478.0,658.0,-75.0,-141.0,-164.0
42.0,-177.0,125.0,84.0,-89.0,431.0,624.0,11.0,-192.0,-234.0
0.0,-132.0,137.0,65.0,-147.0,279.0,501.0,254.0,-241.0,-265.0
-8.0,43.0,129.0,107.0,-100.0,231.0,268.0,467.0,-280.0,-245.0
25.0,218.0,99.0,124.0,-81.0,297.0,-16.0,428.0,-310.0,-225.0
18.0,360.0,97.0,52.0,-115.0,302.0,-64.0,158.0,-297.0,-183.0
21.0,313.0,86.0,-19.0,9.0,176.0,177.0,-376.0,-246.0,-123.0
-4.0,425.0,104.0,-114.0,-19.0,-20.0,442.0,-541.0,-197.0,-75.0
-23.0,612.0,97.0,-211.0,-26.0,-58.0,589.0,-397.0,-127.0,-33.0
-59.0,233.0,51.0,-239.0,130.0,-37.0,691.0,-11.0,-66.0,11.0
-104.0,40.0,63.0,-231.0,67.0,-86.0,743.0,308.0,-23.0,49.0
-91.0,-102.0,-11.0,-212.0,111.0,-198.0,766.0,179.0,27.0,58.0
-61.0,-287.0,-90.0,-189.0,222.0,-225.0,693.0,-29.0,71.0,37.0
-43.0,-264.0,-81.0,-166.0,107.0,-81.0,499.0,-321.0,114.0,25.0
-56.0,-422.0,-90.0,-131.0,51.0,126.0,275.0,-199.0,150.0,-4.0
-35.0,-561.0,-110.0,-91.0,42.0,150.0,29.0,14.0,142.0,-59.0
-28.0,-617.0,-84.0,-92.0,-54.0,18.0,-349.0,3.0,115.0,-122.0
-25.0,-602.0,-44.0,-129.0,-65.0,-32.0,-796.0,1.0,105.0,-179.0
-34.0,-439.0,-13.0,-137.0,-34.0,47.0,-957.0,-295.0,78.0,-204.0
-31.0,-199.0,45.0,-155.0,8.0,277.0,-760.0,-299.0,40.0,-227.0
-14.0,-61.0,-2.0,-187.0,51.0,488.0,-440.0,-84.0,15.0,-231.0
-20.0,65.0,6.0,-208.0,-34.0,546.0,-349.0,205.0,-22.0,-214.0
-9.0,263.0,35.0,-213.0,-90.0,386.0,-461.0,493.0,-39.0,-191.0
-14.0,533.0,35.0,-200.0,-62.0,321.0,-362.0,508.0,-32.0,-161.0
-15.0,716.0,69.0,-189.0,-46.0,560.0,-26.0,574.0,-29.0,-120.0
-27.0,571.0,32.0,-171.0,-25.0,659.0,264.0,365.0,-5.0,-75.0
-19.0,403.0,109.0,-159.0,-39.0,429.0,378.0,227.0,19.0,-76.0
-28.0,196.0,29.0,-111.0,-13.0,125.0,381.0,212.0,41.0,-74.0
-37.0,144.0,-33.0,-77.0,44.0,135.0,334.0,175.0,68.0,-47.0
-22.0,80.0,23.0,-16.0,-49.0,344.0,419.0,373.0,65.0,-41.0
-19.0,-47.0,-58.0,102.0,-28.0,460.0,698.0,402.0,47.0,-54.0
-16.0,-40.0,-79.0,162.0,12.0,474.0,836.0,369.0,32.0,-49.0
-26.0,-249.0,-51.0,213.0,-88.0,356.0,627.0,44.0,8.0,-35.0
-14.0,-215.0,-42.0,213.0,17.0,228.0,313.0,-319.0,-35.0,-36.0
-25.0,-209.0,-80.0,174.0,-68.0,87.0,176.0,-310.0,-81.0,-33.0
-20.0,-199.0,-51.0,161.0,-134.0,-18.0,201.0,-188.0,-91.0,-37.0
-29.0,106.0,-75.0,138.0,153.0,-17.0,347.0,75.0,-142.0,-63.0
-36.0,149.0,-51.0,103.0,76.0,-160.0,699.0,245.0,-180.0,-77.0
-27.0,117.0,23.0,16.0,-21.0,-298.0,1164.0,434.0,-201.0,-80.0
-25.0,281.0,16.0,-78.0,89.0,-253.0,1344.0,441.0,-253.0,-94.0
-3.0,535.0,78.0,-163.0,18.0,-276.0,1108.0,310.0,-241.0,-111.0
0.0,498.0,57.0,-244.0,79.0,-358.0,737.0,303.0,-238.0,-106.0
37.0,242.0,70.0,-280.0,89.0,-368.0,509.0,162.0,-246.0,-74.0
69.0,179.0,102.0,-293.0,-56.0,-279.0,358.0,92.0,-246.0,-37.0
86.0,199.0,72.0,-285.0,23.0,-244.0,191.0,38.0,-246.0,11.0
82.0,81.0,72.0,-242.0,69.0,-328.0,45.0,44.0,-246.0,97.0
53.0,-194.0,50.0,-184.0,-3.0,-229.0,-180.0,-9.0,-236.0,193.0
11.0,-230.0,-16.0,-107.0,-14.0,-84.0,-463.0,-131.0,-195.0,265.0
-2.0,-117.0,5.0,24.0,-96.0,-66.0,-706.0,-36.0,-166.0,337.0
27.0,-400.0,-27.0,114.0,-42.0,-19.0,-660.0,-62.0,-130.0,413.0
61.0,-565.0,-136.0,138.0,70.0,-48.0,-254.0,-48.0,-83.0,460.0
109.0,-445.0,-78.0,131.0,-45.0,-56.0,85.0,-73.0,-49.0,488.0
122.0,-379.0,-63.0,44.0,-33.0,-93.0,54.0,-282.0,-14.0,505.0
115.0,-247.0,-59.0,-26.0,12.0,-134.0,-171.0,-474.0,14.0,481.0
87.0,-236.0,-17.0,-76.0,-43.0,12.0,-282.0,-458.0,12.0,401.0
60.0,-234.0,-38.0,-124.0,56.0,47.0,-168.0,158.0,7.0,314.0
34.0,58.0,-77.0,-129.0,-21.0,25.0,59.0,888.0,-11.0,208.0
1.0,416.0,-70.0,-135.0,-102.0,43.0,245.0,1306.0,-19.0,52.0
-28.0,565.0,-59.0,-112.0,73.0,34.0,486.0,1103.0,-40.0,-91.0
-49.0,599.0,-20.0,-82.0,3.0,49.0,682.0,522.0,-87.0,-217.0
-46.0,616.0,11.0,-70.0,-29.0,50.0,584.0,27.0,-98.0,-322.0
-60.0,635.0,-23.0,-27.0,29.0,121.0,312.0,-639.0,-132.0,-425.0
-46.0,464.0,44.0,27.0,-110.0,214.0,227.0,-870.0,-131.0,-501.0
-42.0,345.0,82.0,71.0,40.0,161.0,389.0,-572.0,-124.0,-527.0
-32.0,354.0,64.0,95.0,126.0,54.0,543.0,83.0,-115.0,-533.0
-28.0,-68.0,89.0,159.0,-46.0,-5.0,504.0,668.0,-56.0,-523.0
-64.0,-315.0,97.0,256.0,116.0,-131.0,216.0,600.0,-15.0,-529.0
-98.0,-366.0,59.0,279.0,146.0,-429.0,-23.0,330.0,50.0,-507.0
-102.0,-507.0,58.0,285.0,26.0,-755.0,9.0,-46.0,100.0,-476.0
-102.0,-313.0,31.0,280.0,98.0,-766.0,107.0,-229.0,128.0,-450.0
-125.0,-355.0,-19.0,210.0,-55.0,-643.0,81.0,-242.0,167.0,-406.0
-112.0,-355.0,-15.0,138.0,-35.0,-784.0,52.0,-77.0,200.0,-376.0
-111.0,-86.0,-106.0,77.0,62.0,-1018.0,84.0,243.0,206.0,-354.0
-132.0,-114.0,-57.0,17.0,-110.0,-1115.0,60.0,317.0,199.0,-334.0
-144.0,30.0,49.0,-60.0,14.0,-1012.0,-79.0,460.0,170.0,-302.0
-135.0,196.0,19.0,-53.0,41.0,-786.0,-223.0,328.0,119.0,-279.0
-128.0,274.0,60.0,5.0,-82.0,-638.0,-96.0,199.0,65.0,-278.0
-114.0,273.0,0.0,-3.0,-19.0,-547.0,283.0,267.0,-5.0,-268.0
-86.0,106.0,-66.0,-23.0,-104.0,-488.0,643.0,55.0,-53.0,-243.0
-68.0,149.0,-54.0,-64.0,-101.0,-521.0,618.0,-12.0,-104.0,-213.0
-65.0,127.0,-22.0,-57.0,-7.0,-557.0,250.0,-179.0,-130.0,-167.0
-81.0,200.0,67.0,-45.0,-50.0,-626.0,51.0,-391.0,-124.0,-99.0
-71.0,-35.0,44.0,-38.0,5.0,-680.0,139.0,-395.0,-136.0,-12.0
-63.0,-401.0,29.0,0.0,108.0,-671.0,223.0,-109.0,-126.0,97.0
-36.0,-169.0,11.0,-58.0,92.0,-592.0,177.0,426.0,-121.0,229.0
-2.0,-226.0,-20.0,-125.0,128.0,-333.0,122.0,655.0,-97.0,370.0
2.0,-408.0,-11.0,-172.0,31.0,-157.0,71.0,692.0,-57.0,487.0
9.0,-424.0,-58.0,-189.0,-34.0,-211.0,53.0,423.0,-51.0,591.0
16.0,-346.0,-27.0,-173.0,66.0,-392.0,177.0,169.0,-44.0,663.0
19.0,-144.0,3.0,-125.0,-55.0,-536.0,528.0,86.0,-16.0,683.0
28.0,-48.0,1.0,-32.0,83.0,-448.0,842.0,-72.0,1.0,662.0
27.0,183.0,43.0,-17.0,152.0,-236.0,776.0,24.0,16.0,590.0
23.0,262.0,53.0,-27.0,-99.0,-21.0,439.0,55.0,20.0,493.0
48.0,321.0,49.0,-72.0,12.0,27.0,29.0,57.0,8.0,372.0
44.0,338.0,11.0,-109.0,1.0,-149.0,-308.0,-53.0,16.0,235.0
24.0,-32.0,-56.0,-67.0,-160.0,-340.0,-498.0,-136.0,5.0,103.0
-18.0,-57.0,-91.0,-58.0,-11.0,-413.0,-512.0,-96.0,6.0,-28.0
-56.0,67.0,-61.0,-22.0,-61.0,-371.0,-507.0,-349.0,41.0,-125.0
-59.0,-82.0,-42.0,51.0,-165.0,-332.0,-527.0,-345.0,75.0,-191.0
-67.0,-136.0,-60.0,106.0,6.0,-179.0,-324.0,-40.0,122.0,-230.0
-56.0,-275.0,-33.0,161.0,-14.0,-139.0,113.0,410.0,163.0,-232.0
-41.0,-374.0,-14.0,199.0,36.0,-511.0,481.0,685.0,190.0,-209.0
-26.0,-254.0,-23.0,171.0,89.0,-953.0,437.0,716.0,227.0,-178.0
-27.0,-253.0,-40.0,89.0,-52.0,-1177.0,111.0,639.0,253.0,-146.0
-27.0,-153.0,-54.0,1.0,82.0,-1090.0,-159.0,162.0,278.0,-122.0
-8.0,-25.0,-51.0,-96.0,145.0,-974.0,-216.0,-256.0,291.0,-139.0
14.0,-4.0,-44.0,-223.0,8.0,-916.0,-125.0,-545.0,282.0,-180.0
50.0,212.0,-57.0,-372.0,72.0,-755.0,1.0,-437.0,272.0,-249.0
85.0,355.0,-89.0,-428.0,46.0,-643.0,219.0,66.0,233.0,-324.0
104.0,183.0,-117.0,-420.0,-86.0,-701.0,492.0,408.0,181.0,-393.0
120.0,35.0,-127.0,-365.0,-11.0,-916.0,688.0,650.0,141.0,-475.0
119.0,130.0,-126.0,-253.0,-91.0,-1020.0,605.0,545.0,91.0,-517.0
133.0,-153.0,-111.0,-162.0,-143.0,-882.0,278.0,356.0,49.0,-531.0
141.0,-393.0,-42.0,-58.0,-132.0,-706.0,-31.0,114.0,13.0,-507.0
130.0,-111.0,-7.0,-15.0,-247.0,-525.0,-136.0,-275.0,-25.0,-441.0
140.0,-148.0,-23.0,-11.0,-96.0,-302.0,-87.0,-375.0,-51.0,-348.0
137.0,-266.0,-23.0,25.0,-36.0,-199.0,-100.0,-214.0,-59.0,-218.0
143.0,-196.0,-3.0,92.0,-53.0,-402.0,-226.0,195.0,-55.0,-102.0
124.0,-89.0,-2.0,164.0,97.0,-703.0,-409.0,306.0,-46.0,0.0
94.0,99.0,-7.0,173.0,80.0,-663.0,-469.0,133.0,-40.0,78.0
81.0,199.0,-56.0,141.0,129.0,-454.0,-236.0,-99.0,-61.0,130.0
76.0,101.0,-64.0,66.0,214.0,-367.0,112.0,-306.0,-62.0,153.0
73.0,73.0,14.0,8.0,121.0,-422.0,273.0,-1.0,-66.0,136.0
47.0,29.0,-3.0,-7.0,167.0,-427.0,269.0,223.0,-109.0,123.0
20.0,-176.0,37.0,13.0,101.0,-333.0,143.0,301.0,-137.0,115.0
-8.0,-17.0,63.0,58.0,-78.0,-321.0,-81.0,144.0,-172.0,116.0
-17.0,79.0,-4.0,38.0,29.0,-260.0,-141.0,-240.0,-197.0,132.0
-44.0,-44.0,0.0,51.0,-14.0,-280.0,96.0,-351.0,-194.0,157.0
-41.0,-57.0,-35.0,105.0,-148.0,-369.0,303.0,-247.0,-204.0,177.0
-15.0,37.0,5.0,123.0,-43.0,-379.0,146.0,227.0,-228.0,214.0
-7.0,199.0,48.0,55.0,-83.0,-253.0,-176.0,476.0,-212.0,244.0
-25.0,117.0,19.0,-71.0,-80.0,-81.0,-280.0,384.0,-192.0,250.0
-58.0,193.0,34.0,-134.0,21.0,-212.0,-35.0,214.0,-205.0,246.0
-70.0,250.0,37.0,-178.0,-67.0,-609.0,152.0,131.0,-189.0,203.0
-95.0,56.0,1.0,-171.0,-8.0,-936.0,-35.0,382.0,-190.0,155.0
-95.0,141.0,-39.0,-79.0,25.0,-834.0,-319.0,267.0,-166.0,112.0
-101.0,275.0,19.0,78.0,-33.0,-507.0,-405.0,-118.0,-113.0,60.0
-86.0,155.0,-34.0,229.0,135.0,-315.0,-339.0,-461.0,-79.0,-10.0
-77.0,-87.0,-25.0,315.0,167.0,-295.0,-245.0,-465.0,-31.0,-65.0
-83.0,-31.0,76.0,370.0,119.0,-292.0,-80.0,64.0,40.0,-70.0
-87.0,11.0,-23.0,337.0,138.0,-212.0,187.0,354.0,107.0,-78.0
-93.0,-198.0,-27.0,254.0,61.0,-242.0,634.0,212.0,135.0,-76.0
-81.0,-64.0,-56.0,122.0,49.0,-352.0,1028.0,-247.0,172.0,-60.0
-83.0,-76.0,-63.0,-26.0,-6.0,-506.0,953.0,-508.0,193.0,-50.0
-77.0,-243.0,-41.0,-140.0,-35.0,-533.0,565.0,-336.0,181.0,-53.0
-93.0,-80.0,-92.0,-235.0,42.0,-472.0,288.0,-3.0,156.0,-80.0
-75.0,-7.0,-29.0,-257.0,-39.0,-483.0,191.0,522.0,118.0,-115.0
-62.0,-59.0,-48.0,-253.0,-21.0,-540.0,145.0,818.0,66.0,-176.0
-46.0,54.0,-55.0,-236.0,69.0,-667.0,171.0,892.0,23.0,-230.0
-31.0,115.0,-48.0,-177.0,-81.0,-521.0,149.0,572.0,0.0,-256.0
-38.0,-29.0,-74.0,-100.0,-70.0,-123.0,-12.0,-68.0,-40.0,-290.0
-15.0,50.0,-58.0,-50.0,-13.0,145.0,-297.0,-504.0,-70.0,-313.0
-12.0,161.0,-31.0,-50.0,-165.0,160.0,-554.0,-683.0,-94.0,-325.0
-6.0,34.0,-15.0,-18.0,-42.0,-43.0,-621.0,-436.0,-122.0,-319.0
1.0,-165.0,-31.0,44.0,4.0,-148.0,-597.0,-120.0,-151.0,-306.0
20.0,-99.0,64.0,107.0,-79.0,-56.0,-631.0,242.0,-161.0,-296.0
1.0,-59.0,89.0,193.0,57.0,19.0,-772.0,404.0,-156.0,-263.0
-7.0,-189.0,90.0,244.0,-54.0,89.0,-774.0,123.0,-148.0,-217.0
-19.0,31.0,98.0,225.0,-57.0,185.0,-548.0,-138.0,-140.0,-134.0
-28.0,-8.0,34.0,213.0,55.0,170.0,-177.0,-343.0,-126.0,-18.0
0.0,10.0,101.0,184.0,-76.0,79.0,84.0,-301.0,-95.0,110.0
31.0,155.0,77.0,122.0,73.0,14.0,31.0,-371.0,-85.0,250.0
72.0,37.0,67.0,105.0,134.0,-77.0,-20.0,-465.0,-61.0,377.0
74.0,78.0,150.0,117.0,18.0,-154.0,183.0,-317.0,-27.0,504.0
72.0,22.0,36.0,112.0,121.0,-152.0,570.0,-86.0,-4.0,602.0
66.0,41.0,-43.0,107.0,20.0,-96.0,750.0,367.0,25.0,637.0
85.0,-142.0,-60.0,117.0,-74.0,-68.0,673.0,469.0,45.0,632.0
83.0,-301.0,-139.0,85.0,-49.0,6.0,729.0,288.0,65.0,594.0
83.0,-141.0,-110.0,23.0,-183.0,141.0,1005.0,-44.0,78.0,523.0
96.0,-100.0,-129.0,35.0,-159.0,222.0,1210.0,-417.0,72.0,407.0
80.0,-116.0,-146.0,85.0,-57.0,289.0,1072.0,-299.0,66.0,295.0
51.0,-359.0,-91.0,113.0,-74.0,265.0,635.0,195.0,62.0,215.0
9.0,-130.0,-71.0,150.0,-16.0,348.0,149.0,622.0,37.0,133.0
12.0,37.0,-46.0,135.0,-72.0,431.0,-98.0,354.0,-15.0,93.0
26.0,-307.0,-58.0,15.0,-67.0,284.0,-109.0,-168.0,-51.0,79.0
55.0,-116.0,-40.0,-100.0,60.0,125.0,-80.0,-552.0,-58.0,89.0
47.0,-108.0,-49.0,-160.0,-141.0,3.0,-94.0,-709.0,-72.0,142.0
28.0,-235.0,-46.0,-185.0,-86.0,98.0,-129.0,-423.0,-91.0,216.0
-9.0,-20.0,-22.0,-185.0,82.0,171.0,-143.0,-299.0,-97.0,312.0
-47.0,59.0,-18.0,-146.0,-6.0,57.0,-164.0,-336.0,-82.0,383.0
-55.0,54.0,-56.0,-147.0,93.0,120.0,-333.0,-400.0,-70.0,444.0
-43.0,-64.0,-101.0,-198.0,40.0,388.0,-565.0,-242.0,-60.0,505.0
-1.0,-108.0,-82.0,-196.0,-35.0,570.0,-615.0,48.0,-38.0,538.0
7.0,-55.0,-127.0,-183.0,14.0,398.0,-388.0,-77.0,-14.0,541.0
27.0,17.0,-126.0,-127.0,-68.0,73.0,94.0,-105.0,43.0,516.0
10.0,163.0,-76.0,-32.0,-151.0,-159.0,500.0,-77.0,90.0,477.0
1.0,31.0,-102.0,15.0,-141.0,-237.0,566.0,-24.0,120.0,418.0
-10.0,-152.0,-128.0,24.0,-148.0,-148.0,388.0,51.0,152.0,340.0
-7.0,-120.0,-65.0,80.0,-77.0,121.0,221.0,12.0,150.0,258.0
26.0,-38.0,-16.0,156.0,2.0,257.0,165.0,35.0,167.0,163.0
32.0,-132.0,21.0,173.0,-152.0,104.0,21.0,-188.0,156.0,69.0
61.0,-226.0,93.0,214.0,-59.0,112.0,-232.0,-218.0,123.0,-13.0
53.0,50.0,99.0,235.0,92.0,283.0,-406.0,-88.0,96.0,-107.0
45.0,-84.0,108.0,222.0,-13.0,432.0,-343.0,-7.0,41.0,-198.0
40.0,-370.0,103.0,164.0,-40.0,436.0,-223.0,-44.0,8.0,-286.0
46.0,-67.0,54.0,110.0,32.0,452.0,-296.0,-426.0,-38.0,-354.0
43.0,56.0,34.0,160.0,116.0,745.0,-447.0,-319.0,-73.0,-393.0
29.0,5.0,33.0,164.0,115.0,882.0,-413.0,5.0,-74.0,-419.0
12.0,-48.0,2.0,169.0,87.0,710.0,-104.0,234.0,-88.0,-406.0
-11.0,-207.0,10.0,173.0,41.0,472.0,180.0,389.0,-80.0,-349.0
-7.0,-101.0,-42.0,176.0,-1.0,166.0,188.0,127.0,-49.0,-257.0
-4.0,2.0,-87.0,196.0,3.0,-158.0,92.0,-245.0,-24.0,-162.0
-16.0,-66.0,-17.0,167.0,-14.0,-313.0,47.0,-508.0,15.0,-51.0
-71.0,-76.0,-80.0,114.0,-52.0,-119.0,4.0,-345.0,64.0,61.0
-111.0,83.0,-68.0,6.0,34.0,211.0,-38.0,-264.0,115.0,151.0
-130.0,164.0,-31.0,-41.0,37.0,353.0,47.0,-489.0,150.0,221.0
-126.0,9.0,-58.0,-65.0,-74.0,375.0,239.0,-668.0,164.0,254.0
-115.0,104.0,-30.0,-69.0,-60.0,309.0,247.0,-792.0,176.0,264.0
-89.0,114.0,-26.0,-60.0,-103.0,128.0,113.0,-432.0,175.0,231.0
-78.0,-79.0,50.0,-44.0,-67.0,-23.0,91.0,97.0,163.0,175.0
-90.0,-19.0,34.0,23.0,-26.0,-93.0,202.0,604.0,133.0,89.0
-81.0,-64.0,67.0,76.0,-110.0,-45.0,304.0,776.0,97.0,-19.0
-105.0,-126.0,123.0,173.0,-72.0,108.0,257.0,262.0,75.0,-119.0
-113.0,25.0,68.0,229.0,-25.0,228.0,288.0,-321.0,68.0,-207.0
-113.0,101.0,57.0,201.0,-102.0,280.0,442.0,-685.0,53.0,-256.0
-79.0,0.0,20.0,156.0,-75.0,371.0,449.0,-545.0,45.0,-274.0
-61.0,7.0,37.0,157.0,13.0,513.0,347.0,-308.0,60.0,-256.0
-74.0,158.0,0.0,173.0,-32.0,511.0,249.0,-153.0,54.0,-199.0
-74.0,34.0,-14.0,183.0,0.0,452.0,188.0,3.0,67.0,-105.0
-98.0,37.0,26.0,192.0,25.0,553.0,126.0,-293.0,88.0,8.0
-105.0,129.0,-84.0,102.0,27.0,692.0,-65.0,-779.0,84.0,116.0
-122.0,42.0,-148.0,6.0,110.0,700.0,-313.0,-1206.0,90.0,212.0
-127.0,139.0,-141.0,-48.0,60.0,605.0,-380.0,-955.0,94.0,276.0
-132.0,122.0,-210.0,-67.0,-19.0,620.0,-348.0,-175.0,79.0,296.0
-135.0,203.0,-236.0,-92.0,10.0,584.0,-382.0,461.0,73.0,288.0
-134.0,173.0,-284.0,-144.0,-54.0,542.0,-512.0,615.0,60.0,254.0
-151.0,-71.0,-358.0,-168.0,-64.0,647.0,-686.0,60.0,23.0,182.0
-151.0,-65.0,-328.0,-173.0,20.0,646.0,-737.0,-290.0,7.0,109.0
-160.0,-82.0,-353.0,-145.0,-76.0,642.0,-529.0,-388.0,-1.0,55.0
-139.0,-205.0,-370.0,-121.0,-44.0,484.0,-174.0,-354.0,-6.0,15.0
-98.0,-278.0,-306.0,-77.0,-1.0,150.0,101.0,-330.0,4.0,-2.0
-85.0,-79.0,-312.0,-38.0,-79.0,45.0,260.0,-528.0,39.0,-10.0
-92.0,-287.0,-252.0,6.0,-65.0,152.0,272.0,-439.0,94.0,-4.0
-119.0,-422.0,-237.0,82.0,-120.0,325.0,288.0,-212.0,121.0,16.0
-144.0,-85.0,-263.0,100.0,-129.0,434.0,387.0,245.0,157.0,50.0
-174.0,-189.0,-196.0,115.0,9.0,411.0,527.0,399.0,184.0,85.0
-179.0,34.0,-215.0,124.0,160.0,293.0,721.0,109.0,209.0,121.0
-168.0,358.0,-178.0,126.0,111.0,237.0,799.0,-125.0,248.0,156.0
-163.0,185.0,-134.0,116.0,54.0,348.0,697.0,-495.0,245.0,198.0
-128.0,172.0,-140.0,114.0,107.0,448.0,516.0,-654.0,268.0,250.0
-100.0,280.0,-170.0,93.0,49.0,418.0,349.0,-737.0,280.0,299.0
-77.0,295.0,-158.0,-11.0,-34.0,269.0,101.0,-707.0,262.0,302.0
-73.0,149.0,-153.0,-3.0,-18.0,129.0,-216.0,-559.0,247.0,285.0
-57.0,-62.0,-212.0,72.0,35.0,139.0,-582.0,-295.0,229.0,284.0
-30.0,-46.0,-174.0,83.0,-39.0,57.0,-960.0,421.0,206.0,249.0
-20.0,-50.0,-198.0,77.0,-2.0,-6.0,-1027.0,838.0,168.0,193.0
13.0,-172.0,-127.0,44.0,-40.0,136.0,-871.0,683.0,173.0,131.0
22.0,-286.0,-105.0,5.0,-186.0,209.0,-785.0,-60.0,168.0,62.0
51.0,-193.0,-92.0,-51.0,-79.0,331.0,-800.0,-979.0,162.0,5.0
59.0,50.0,7.0,-90.0,-70.0,469.0,-762.0,-1413.0,168.0,-34.0
47.0,-84.0,23.0,-89.0,-80.0,413.0,-590.0,-1310.0,170.0,-69.0
58.0,-55.0,48.0,-103.0,-79.0,194.0,-415.0,-312.0,202.0,-87.0
37.0,167.0,13.0,-73.0,-85.0,41.0,-302.0,944.0,210.0,-78.0
37.0,396.0,58.0,-24.0,61.0,70.0,-192.0,1675.0,239.0,-47.0
21.0,579.0,1.0,-27.0,131.0,3.0,-72.0,1431.0,280.0,2.0
7.0,364.0,-16.0,27.0,91.0,-3.0,-65.0,310.0,303.0,54.0
6.0,364.0,35.0,154.0,93.0,56.0,-101.0,-681.0,318.0,106.0
22.0,457.0,5.0,196.0,118.0,43.0,43.0,-1215.0,330.0,161.0
29.0,379.0,13.0,100.0,55.0,-7.0,332.0,-966.0,316.0,218.0
6.0,54.0,-70.0,-5.0,100.0,-152.0,525.0,-376.0,268.0,242.0
-9.0,-370.0,-79.0,-109.0,146.0,-12.0,548.0,-62.0,228.0,242.0
-45.0,-369.0,-119.0,-209.0,23.0,263.0,529.0,42.0,145.0,256.0
-36.0,-349.0,-179.0,-225.0,41.0,321.0,600.0,44.0,85.0,267.0
-21.0,-468.0,-175.0,-208.0,147.0,381.0,698.0,397.0,25.0,245.0
-10.0,-566.0,-194.0,-147.0,9.0,527.0,688.0,602.0,-32.0,206.0
-5.0,-577.0,-155.0,-91.0,-123.0,709.0,615.0,386.0,-65.0,169.0
-21.0,-352.0,-94.0,-2.0,-38.0,686.0,577.0,-201.0,-106.0,103.0
-29.0,-183.0,-57.0,124.0,-93.0,503.0,559.0,-792.0,-116.0,30.0
-37.0,-123.0,-60.0,90.0,-161.0,454.0,317.0,-702.0,-129.0,-48.0
-15.0,105.0,-65.0,-54.0,-66.0,469.0,-188.0,-279.0,-110.0,-138.0
14.0,342.0,-101.0,-111.0,-17.0,505.0,-701.0,230.0,-83.0,-218.0
36.0,435.0,-91.0,-116.0,45.0,513.0,-932.0,410.0,-66.0,-284.0
53.0,286.0,-84.0,-138.0,91.0,461.0,-805.0,349.0,-15.0,-320.0
81.0,241.0,-111.0,-91.0,20.0,421.0,-623.0,164.0,17.0,-339.0
74.0,364.0,-81.0,58.0,39.0,418.0,-570.0,-314.0,31.0,-344.0
69.0,167.0,-148.0,229.0,108.0,497.0,-622.0,-585.0,59.0,-311.0
77.0,118.0,-150.0,229.0,63.0,565.0,-703.0,-665.0,78.0,-246.0
88.0,126.0,-169.0,149.0,144.0,563.0,-786.0,-371.0,96.0,-187.0
106.0,-28.0,-234.0,126.0,132.0,563.0,-855.0,262.0,105.0,-108.0
91.0,0.0,-174.0,131.0,-31.0,550.0,-963.0,816.0,105.0,-5.0
87.0,31.0,-203.0,128.0,91.0,550.0,-1165.0,752.0,126.0,92.0
83.0,222.0,-243.0,55.0,110.0,517.0,-1291.0,14.0,133.0,164.0
88.0,386.0,-255.0,-25.0,-64.0,479.0,-1068.0,-389.0,144.0,208.0
75.0,253.0,-240.0,-57.0,-41.0,426.0,-536.0,-421.0,153.0,240.0
77.0,359.0,-207.0,-59.0,-36.0,370.0,-166.0,-116.0,143.0,250.0
100.0,615.0,-203.0,-110.0,-104.0,468.0,-7.0,230.0,121.0,237.0
116.0,403.0,-163.0,-101.0,-41.0,519.0,201.0,173.0,100.0,189.0
116.0,42.0,-146.0,-108.0,5.0,494.0,533.0,90.0,93.0,138.0
108.0,-167.0,-128.0,-174.0,-49.0,388.0,786.0,-131.0,33.0,101.0
117.0,-462.0,-79.0,-113.0,44.0,202.0,839.0,-258.0,-17.0,66.0
78.0,-705.0,-34.0,-47.0,28.0,242.0,867.0,-345.0,-54.0,52.0
47.0,-857.0,-14.0,90.0,-72.0,317.0,796.0,-212.0,-94.0,20.0
1.0,-798.0,15.0,286.0,60.0,338.0,696.0,206.0,-109.0,11.0
-43.0,-598.0,65.0,328.0,73.0,425.0,715.0,230.0,-137.0,24.0
-76.0,-441.0,88.0,236.0,41.0,583.0,743.0,110.0,-155.0,30.0
-103.0,-309.0,65.0,173.0,105.0,813.0,571.0,-59.0,-145.0,47.0
-121.0,-133.0,48.0,191.0,47.0,855.0,128.0,251.0,-143.0,41.0
-130.0,202.0,8.0,169.0,-56.0,751.0,-402.0,657.0,-144.0,45.0
-115.0,279.0,-65.0,148.0,50.0,651.0,-701.0,345.0,-106.0,44.0
-125.0,342.0,-41.0,148.0,134.0,473.0,-719.0,-90.0,-76.0,31.0
-113.0,531.0,-21.0,160.0,-26.0,333.0,-807.0,-410.0,-49.0,16.0
-118.0,350.0,-77.0,176.0,-2.0,338.0,-933.0,-286.0,0.0,-29.0
-108.0,431.0,-46.0,142.0,29.0,387.0,-958.0,36.0,15.0,-81.0
-64.0,410.0,-63.0,123.0,-59.0,417.0,-999.0,452.0,25.0,-132.0
-27.0,-2.0,-119.0,134.0,51.0,402.0,-1088.0,776.0,56.0,-167.0
0.0,125.0,-34.0,84.0,81.0,536.0,-927.0,613.0,64.0,-205.0
27.0,198.0,-4.0,-37.0,-85.0,740.0,-482.0,456.0,73.0,-235.0
67.0,95.0,21.0,-77.0,-48.0,640.0,-166.0,214.0,82.0,-230.0
98.0,153.0,57.0,-81.0,101.0,420.0,-29.0,123.0,73.0,-211.0
105.0,443.0,98.0,-114.0,-13.0,299.0,25.0,7.0,59.0,-178.0
95.0,479.0,97.0,-37.0,-16.0,371.0,107.0,-280.0,33.0,-125.0
101.0,185.0,0.0,24.0,90.0,523.0,216.0,-175.0,22.0,-58.0
90.0,372.0,90.0,41.0,-47.0,519.0,179.0,97.0,7.0,-4.0
65.0,113.0,92.0,98.0,-37.0,443.0,-21.0,495.0,-1.0,38.0
24.0,-85.0,11.0,101.0,38.0,350.0,-214.0,511.0,1.0,78.0
44.0,-97.0,86.0,76.0,-30.0,197.0,-229.0,192.0,-7.0,121.0
51.0,-290.0,20.0,34.0,76.0,77.0,-174.0,-42.0,-6.0,132.0
28.0,-250.0,-21.0,-33.0,161.0,6.0,-247.0,-354.0,-8.0,116.0
51.0,-477.0,64.0,-77.0,68.0,-127.0,-453.0,-363.0,-12.0,104.0
39.0,-573.0,50.0,-35.0,76.0,-206.0,-466.0,-240.0,-12.0,63.0
38.0,-711.0,65.0,80.0,2.0,-58.0,-88.0,256.0,-13.0,22.0
26.0,-808.0,44.0,142.0,-76.0,310.0,411.0,912.0,-1.0,-8.0
29.0,-769.0,58.0,131.0,14.0,351.0,629.0,822.0,0.0,-31.0
41.0,-786.0,77.0,137.0,-92.0,100.0,489.0,-79.0,-26.0,-48.0
52.0,-614.0,45.0,80.0,-101.0,70.0,275.0,-1169.0,-40.0,-56.0
43.0,-315.0,180.0,-9.0,73.0,131.0,219.0,-1250.0,-56.0,-33.0
17.0,-111.0,148.0,-42.0,-20.0,278.0,213.0,-458.0,-91.0,-18.0
19.0,186.0,144.0,-97.0,-47.0,388.0,-38.0,746.0,-95.0,-18.0
18.0,370.0,185.0,-155.0,94.0,404.0,-320.0,1590.0,-90.0,-4.0
35.0,263.0,72.0,-187.0,30.0,385.0,-323.0,1481.0,-96.0,19.0
3.0,659.0,134.0,-209.0,37.0,467.0,-130.0,809.0,-111.0,34.0
-32.0,617.0,76.0,-196.0,138.0,601.0,102.0,-319.0,-107.0,48.0
-46.0,321.0,28.0,-100.0,5.0,627.0,214.0,-1005.0,-96.0,78.0
-43.0,622.0,44.0,-20.0,-54.0,584.0,221.0,-988.0,-101.0,111.0
-55.0,609.0,-15.0,-9.0,9.0,400.0,313.0,-437.0,-80.0,126.0
-64.0,440.0,-4.0,-1.0,16.0,395.0,457.0,299.0,-58.0,117.0
-31.0,505.0,-75.0,8.0,-51.0,580.0,411.0,709.0,-47.0,127.0
-7.0,457.0,-19.0,-43.0,-102.0,682.0,239.0,1071.0,-10.0,142.0
44.0,202.0,-6.0,-133.0,-93.0,548.0,50.0,968.0,13.0,134.0
38.0,210.0,-38.0,-148.0,-129.0,243.0,-210.0,558.0,-1.0,123.0
38.0,97.0,-32.0,-203.0,-58.0,39.0,-522.0,66.0,0.0,127.0
50.0,-190.0,-52.0,-262.0,-82.0,-4.0,-784.0,-447.0,16.0,108.0
60.0,-156.0,25.0,-238.0,-116.0,-5.0,-812.0,-511.0,11.0,55.0
94.0,-575.0,-6.0,-171.0,34.0,-141.0,-552.0,-308.0,2.0,33.0
108.0,-1030.0,14.0,-28.0,78.0,-248.0,-318.0,129.0,-19.0,-15.0
147.0,-644.0,-14.0,80.0,89.0,-275.0,-361.0,563.0,-40.0,-76.0
161.0,-600.0,21.0,102.0,132.0,-285.0,-506.0,951.0,-47.0,-110.0
166.0,-962.0,89.0,131.0,81.0,-304.0,-499.0,1047.0,-42.0,-143.0
129.0,-588.0,39.0,133.0,50.0,-385.0,-241.0,447.0,-42.0,-160.0
105.0,-195.0,68.0,58.0,160.0,-433.0,-27.0,-153.0,-52.0,-168.0
101.0,-129.0,6.0,24.0,104.0,-509.0,-14.0,-589.0,-20.0,-151.0
81.0,-74.0,38.0,38.0,35.0,-553.0,51.0,-668.0,-5.0,-130.0
96.0,-32.0,-19.0,79.0,135.0,-540.0,239.0,-485.0,-5.0,-112.0
98.0,178.0,-95.0,64.0,47.0,-631.0,400.0,-238.0,3.0,-94.0
106.0,274.0,-2.0,-39.0,-35.0,-744.0,408.0,456.0,-21.0,-82.0
77.0,258.0,-4.0,-76.0,4.0,-773.0,462.0,999.0,-42.0,-76.0
35.0,364.0,27.0,-111.0,-66.0,-592.0,576.0,1206.0,-59.0,-106.0
9.0,287.0,76.0,-90.0,-86.0,-304.0,467.0,816.0,-79.0,-147.0
-8.0,349.0,55.0,1.0,28.0,-241.0,123.0,-44.0,-111.0,-193.0
-27.0,713.0,66.0,20.0,-12.0,-159.0,-224.0,-561.0,-144.0,-274.0
-34.0,263.0,117.0,-10.0,-59.0,72.0,-325.0,-554.0,-159.0,-372.0
-15.0,-2.0,110.0,-16.0,21.0,194.0,-137.0,-1.0,-158.0,-459.0
-5.0,266.0,105.0,28.0,-34.0,214.0,113.0,430.0,-162.0,-544.0
5.0,188.0,120.0,10.0,-12.0,209.0,148.0,539.0,-166.0,-629.0
-13.0,138.0,173.0,-1.0,-5.0,148.0,85.0,205.0,-149.0,-662.0
-6.0,-50.0,108.0,70.0,-201.0,-40.0,218.0,-282.0,-164.0,-619.0
-26.0,96.0,42.0,117.0,-62.0,-104.0,558.0,-264.0,-182.0,-568.0
-81.0,-79.0,137.0,107.0,77.0,14.0,753.0,114.0,-188.0,-486.0
-93.0,-259.0,86.0,69.0,-95.0,0.0,609.0,700.0,-211.0,-358.0
-106.0,-195.0,116.0,33.0,-14.0,-109.0,325.0,859.0,-243.0,-224.0
-92.0,-461.0,113.0,3.0,43.0,-114.0,91.0,587.0,-272.0,-66.0
-88.0,-147.0,-2.0,31.0,-14.0,-14.0,1.0,101.0,-295.0,70.0
-64.0,-286.0,50.0,117.0,63.0,48.0,-102.0,-230.0,-318.0,177.0
-45.0,-444.0,68.0,155.0,54.0,-64.0,-323.0,155.0,-314.0,264.0
-58.0,-72.0,93.0,83.0,32.0,-229.0,-532.0,513.0,-295.0,289.0
-64.0,-49.0,94.0,-35.0,51.0,-268.0,-532.0,417.0,-272.0,277.0
-67.0,40.0,65.0,-56.0,16.0,-321.0,-350.0,0.0,-234.0,236.0
-50.0,145.0,83.0,-9.0,20.0,-482.0,-256.0,-271.0,-181.0,149.0
-66.0,108.0,33.0,80.0,22.0,-589.0,-333.0,-114.0,-135.0,41.0
-58.0,126.0,23.0,205.0,-28.0,-589.0,-451.0,179.0,-94.0,-71.0
-28.0,259.0,48.0,232.0,74.0,-548.0,-507.0,482.0,-54.0,-167.0
-13.0,245.0,30.0,175.0,57.0,-423.0,-525.0,332.0,-21.0,-268.0
-2.0,-1.0,29.0,122.0,-49.0,-228.0,-446.0,116.0,14.0,-364.0
13.0,-34.0,17.0,113.0,6.0,-165.0,-280.0,92.0,43.0,-419.0
49.0,55.0,15.0,99.0,-34.0,-397.0,-81.0,11.0,66.0,-422.0
51.0,-116.0,-4.0,84.0,-29.0,-519.0,113.0,72.0,71.0,-405.0
10.0,109.0,-42.0,117.0,2.0,-270.0,283.0,-20.0,92.0,-370.0
-1.0,195.0,-10.0,171.0,7.0,-114.0,439.0,110.0,110.0,-279.0
18.0,3.0,-15.0,182.0,-39.0,-164.0,525.0,375.0,113.0,-181.0
4.0,321.0,0.0,141.0,-22.0,-319.0,560.0,482.0,159.0,-81.0
5.0,215.0,17.0,94.0,65.0,-440.0,493.0,665.0,184.0,0.0
15.0,23.0,6.0,32.0,3.0,-475.0,417.0,691.0,195.0,80.0
49.0,62.0,18.0,20.0,-19.0,-459.0,497.0,657.0,204.0,175.0
89.0,-9.0,0.0,36.0,-39.0,-335.0,603.0,336.0,196.0,213.0
94.0,-65.0,39.0,95.0,-29.0,-331.0,440.0,145.0,188.0,243.0
95.0,-151.0,62.0,167.0,-16.0,-265.0,62.0,347.0,149.0,271.0
87.0,-251.0,111.0,113.0,0.0,-119.0,-167.0,674.0,117.0,260.0
87.0,-379.0,138.0,-8.0,31.0,-60.0,-188.0,907.0,111.0,254.0
64.0,-64.0,67.0,-125.0,69.0,-88.0,-195.0,456.0,77.0,244.0
57.0,72.0,99.0,-211.0,108.0,-278.0,-419.0,-88.0,20.0,224.0
41.0,-132.0,103.0,-263.0,76.0,-358.0,-694.0,-537.0,-10.0,193.0
12.0,209.0,87.0,-254.0,61.0,-256.0,-755.0,-768.0,-58.0,142.0
-29.0,336.0,103.0,-185.0,-49.0,-150.0,-623.0,-580.0,-97.0,103.0
-44.0,92.0,108.0,-118.0,-61.0,-288.0,-418.0,-264.0,-93.0,56.0
-12.0,119.0,141.0,-60.0,22.0,-493.0,-331.0,171.0,-98.0,-7.0
-1.0,-43.0,65.0,10.0,62.0,-319.0,-322.0,46.0,-71.0,-75.0
13.0,-113.0,40.0,48.0,59.0,-6.0,-291.0,-260.0,-35.0,-118.0
7.0,-120.0,95.0,86.0,23.0,74.0,-256.0,-155.0,8.0,-143.0
6.0,-338.0,81.0,132.0,61.0,-208.0,-262.0,306.0,48.0,-171.0
-26.0,-307.0,91.0,116.0,25.0,-596.0,-320.0,849.0,83.0,-154.0
-49.0,-179.0,109.0,83.0,7.0,-749.0,-465.0,812.0,141.0,-104.0
-40.0,37.0,155.0,6.0,2.0,-664.0,-627.0,574.0,164.0,-59.0
-19.0,9.0,172.0,-54.0,17.0,-358.0,-580.0,90.0,192.0,-31.0
10.0,-43.0,166.0,-68.0,80.0,-89.0,-342.0,-509.0,197.0,14.0
1.0,83.0,184.0,-44.0,78.0,-225.0,-24.0,-733.0,175.0,44.0
18.0,82.0,146.0,24.0,74.0,-628.0,310.0,-498.0,144.0,22.0
0.0,97.0,146.0,91.0,68.0,-661.0,617.0,373.0,99.0,-18.0
-17.0,23.0,114.0,126.0,96.0,-280.0,724.0,1160.0,78.0,-77.0
-36.0,80.0,1.0,72.0,69.0,-77.0,514.0,1367.0,33.0,-147.0
-56.0,75.0,20.0,17.0,-13.0,-104.0,290.0,694.0,-4.0,-244.0
-56.0,231.0,29.0,-17.0,-72.0,-293.0,353.0,-419.0,-25.0,-325.0
-56.0,494.0,-35.0,-27.0,-66.0,-496.0,509.0,-1016.0,-45.0,-377.0
-43.0,373.0,-33.0,-12.0,5.0,-410.0,423.0,-910.0,-40.0,-419.0
-48.0,292.0,19.0,1.0,18.0,-297.0,159.0,-12.0,-46.0,-425.0
-28.0,244.0,1.0,13.0,39.0,-206.0,3.0,885.0,-23.0,-399.0
-30.0,81.0,-54.0,24.0,36.0,-100.0,-8.0,1330.0,5.0,-342.0
-15.0,-123.0,-5.0,76.0,-89.0,-335.0,-95.0,1112.0,14.0,-270.0
0.0,-246.0,19.0,100.0,-153.0,-546.0,-305.0,243.0,44.0,-199.0
16.0,-328.0,-13.0,89.0,-51.0,-308.0,-489.0,-628.0,59.0,-111.0
38.0,-359.0,-82.0,38.0,-16.0,52.0,-470.0,-1230.0,69.0,-31.0
36.0,-362.0,0.0,-27.0,-70.0,112.0,-322.0,-807.0,72.0,18.0
34.0,-399.0,38.0,-47.0,28.0,-20.0,-326.0,192.0,69.0,67.0
24.0,-247.0,-21.0,-34.0,90.0,-36.0,-540.0,766.0,65.0,107.0
37.0,-9.0,12.0,-21.0,29.0,-137.0,-699.0,740.0,48.0,103.0
36.0,36.0,-80.0,-15.0,67.0,-191.0,-653.0,181.0,30.0,76.0
54.0,2.0,-67.0,-21.0,16.0,-50.0,-796.0,-304.0,0.0,57.0
74.0,-8.0,-3.0,-93.0,38.0,-37.0,-1202.0,-578.0,-3.0,11.0
85.0,118.0,0.0,-157.0,110.0,-162.0,-1474.0,-413.0,-15.0,-68.0
77.0,171.0,23.0,-183.0,-87.0,-296.0,-1421.0,7.0,-58.0,-158.0
75.0,-119.0,72.0,-190.0,-34.0,-336.0,-1157.0,256.0,-73.0,-230.0
55.0,-182.0,78.0,-184.0,142.0,-129.0,-771.0,304.0,-75.0,-291.0
18.0,-57.0,66.0,-141.0,75.0,144.0,-281.0,118.0,-74.0,-351.0
-12.0,-55.0,91.0,-75.0,16.0,139.0,155.0,384.0,-52.0,-383.0
-55.0,9.0,45.0,-14.0,-94.0,49.0,507.0,873.0,-38.0,-378.0
-29.0,190.0,147.0,75.0,-121.0,-38.0,716.0,927.0,-28.0,-365.0
-14.0,238.0,106.0,93.0,2.0,-169.0,865.0,448.0,-14.0,-348.0
9.0,481.0,56.0,76.0,23.0,-214.0,1110.0,-360.0,-15.0,-303.0
-7.0,585.0,164.0,99.0,-14.0,-259.0,1284.0,-667.0,1.0,-247.0
-24.0,-17.0,32.0,164.0,-30.0,-230.0,1176.0,-445.0,5.0,-204.0
-18.0,47.0,-23.0,215.0,-14.0,-202.0,816.0,97.0,4.0,-171.0
-36.0,364.0,33.0,240.0,18.0,-327.0,422.0,497.0,41.0,-126.0
-15.0,89.0,-35.0,259.0,-64.0,-376.0,69.0,526.0,50.0,-109.0
-21.0,-22.0,-50.0,218.0,-83.0,-376.0,-243.0,495.0,43.0,-127.0
6.0,-91.0,-74.0,210.0,44.0,-420.0,-488.0,221.0,56.0,-134.0
-16.0,-113.0,-141.0,174.0,4.0,-359.0,-699.0,-7.0,56.0,-165.0
-33.0,48.0,-100.0,90.0,-10.0,-160.0,-894.0,-182.0,53.0,-198.0
-44.0,-64.0,-127.0,29.0,55.0,-18.0,-921.0,-53.0,58.0,-231.0
-74.0,-229.0,-160.0,33.0,-7.0,-179.0,-793.0,169.0,63.0,-249.0
-65.0,67.0,-80.0,36.0,-20.0,-296.0,-690.0,-60.0,86.0,-248.0
-68.0,132.0,-21.0,-35.0,-52.0,-102.0,-505.0,-290.0,94.0,-256.0
-20.0,9.0,-32.0,-79.0,-88.0,242.0,-272.0,-620.0,85.0,-235.0
0.0,368.0,0.0,-138.0,9.0,471.0,-146.0,-667.0,71.0,-194.0
30.0,317.0,54.0,-203.0,-8.0,434.0,-124.0,-437.0,45.0,-147.0
54.0,206.0,35.0,-215.0,-111.0,364.0,-114.0,-341.0,23.0,-104.0
81.0,618.0,57.0,-179.0,-15.0,93.0,-98.0,-277.0,10.0,-48.0
107.0,118.0,70.0,-129.0,37.0,-168.0,-186.0,-341.0,-6.0,-5.0
121.0,-244.0,101.0,-85.0,-9.0,-105.0,-369.0,-190.0,-42.0,12.0
153.0,97.0,124.0,-19.0,-92.0,25.0,-573.0,-31.0,-58.0,34.0
161.0,-156.0,106.0,18.0,-129.0,19.0,-734.0,247.0,-63.0,52.0
182.0,-278.0,167.0,7.0,14.0,-132.0,-751.0,530.0,-78.0,73.0
158.0,-332.0,193.0,-34.0,-23.0,-132.0,-624.0,258.0,-83.0,81.0
128.0,-423.0,139.0,-65.0,-24.0,-57.0,-472.0,-136.0,-67.0,87.0
91.0,-383.0,122.0,-43.0,33.0,-112.0,-187.0,-452.0,-49.0,101.0
57.0,-404.0,119.0,0.0,-8.0,-158.0,168.0,-369.0,-54.0,97.0
31.0,-305.0,118.0,34.0,37.0,-135.0,311.0,-31.0,-42.0,78.0
19.0,-333.0,53.0,27.0,-30.0,-228.0,234.0,291.0,-34.0,74.0
23.0,-198.0,17.0,-36.0,-104.0,-420.0,102.0,570.0,-31.0,73.0
20.0,-6.0,79.0,-131.0,11.0,-512.0,77.0,308.0,-34.0,38.0
40.0,92.0,17.0,-203.0,91.0,-479.0,24.0,-227.0,-52.0,8.0
28.0,227.0,9.0,-200.0,-6.0,-296.0,-134.0,-679.0,-60.0,-5.0
10.0,168.0,30.0,-169.0,3.0,-169.0,-288.0,-624.0,-64.0,-44.0
-41.0,201.0,15.0,-91.0,0.0,-134.0,-359.0,-136.0,-65.0,-94.0
-73.0,199.0,10.0,3.0,-15.0,-125.0,-354.0,195.0,-66.0,-138.0
-82.0,99.0,-17.0,6.0,-9.0,-277.0,-428.0,310.0,-68.0,-182.0
-85.0,281.0,4.0,-22.0,-145.0,-440.0,-542.0,46.0,-70.0,-220.0
-71.0,219.0,-27.0,-34.0,-27.0,-394.0,-523.0,-155.0,-61.0,-253.0
-49.0,8.0,-1.0,-13.0,78.0,-230.0,-302.0,-134.0,-56.0,-247.0
-5.0,233.0,-18.0,21.0,-49.0,-308.0,60.0,68.0,-38.0,-218.0
-5.0,203.0,-31.0,104.0,-35.0,-513.0,405.0,417.0,-38.0,-209.0
-12.0,130.0,-18.0,185.0,92.0,-425.0,535.0,351.0,-50.0,-171.0
-28.0,373.0,-67.0,159.0,77.0,-207.0,412.0,25.0,-26.0,-105.0
-6.0,337.0,-61.0,118.0,31.0,-91.0,176.0,-461.0,-4.0,-47.0
6.0,59.0,-81.0,49.0,13.0,-81.0,44.0,-618.0,31.0,-11.0
14.0,15.0,-54.0,-34.0,-28.0,-75.0,26.0,-269.0,49.0,28.0
31.0,229.0,-54.0,-113.0,91.0,95.0,-68.0,16.0,50.0,83.0
32.0,196.0,17.0,-171.0,98.0,258.0,-252.0,77.0,66.0,93.0
51.0,202.0,61.0,-176.0,-44.0,218.0,-445.0,-221.0,64.0,92.0
34.0,-19.0,29.0,-124.0,5.0,59.0,-512.0,-436.0,79.0,87.0
8.0,-240.0,85.0,-30.0,41.0,-129.0,-373.0,-498.0,70.0,56.0
-10.0,41.0,99.0,41.0,-110.0,-80.0,-124.0,-351.0,44.0,15.0
0.0,50.0,126.0,114.0,-165.0,147.0,26.0,-53.0,49.0,-16.0
-3.0,-191.0,113.0,162.0,-137.0,206.0,-6.0,48.0,38.0,-33.0
-2.0,-231.0,126.0,198.0,-51.0,7.0,-127.0,131.0,27.0,-64.0
-10.0,-99.0,153.0,216.0,169.0,-236.0,-275.0,-194.0,14.0,-66.0
-22.0,-255.0,114.0,221.0,104.0,-209.0,-358.0,-563.0,5.0,-38.0
-37.0,-192.0,118.0,245.0,-17.0,-96.0,-333.0,-426.0,-4.0,-15.0
-82.0,-133.0,127.0,255.0,144.0,28.0,-364.0,83.0,-13.0,18.0
-93.0,-316.0,113.0,262.0,143.0,107.0,-504.0,506.0,-12.0,58.0
-100.0,-156.0,85.0,232.0,-6.0,54.0,-548.0,332.0,-25.0,99.0
-64.0,-249.0,66.0,162.0,-31.0,-16.0,-435.0,107.0,-19.0,127.0
-47.0,-447.0,86.0,81.0,90.0,-26.0,-199.0,-59.0,-18.0,145.0
-42.0,-366.0,42.0,17.0,183.0,145.0,-60.0,-36.0,-24.0,145.0
-20.0,-61.0,-24.0,-53.0,39.0,179.0,-137.0,157.0,-41.0,125.0
-27.0,14.0,-16.0,-144.0,-19.0,-80.0,-278.0,190.0,-60.0,100.0
-50.0,-253.0,-55.0,-147.0,-28.0,-283.0,-368.0,182.0,-55.0,42.0
-64.0,-37.0,-77.0,-138.0,-60.0,-224.0,-288.0,-197.0,-38.0,-33.0
-37.0,279.0,-67.0,-135.0,49.0,-61.0,-130.0,-489.0,-18.0,-119.0
-18.0,139.0,-40.0,-72.0,-134.0,0.0,102.0,-474.0,-18.0,-210.0
12.0,241.0,-40.0,-40.0,-264.0,-56.0,316.0,-205.0,11.0,-285.0
44.0,390.0,-49.0,-33.0,27.0,-141.0,394.0,306.0,31.0,-358.0
85.0,161.0,-57.0,-46.0,117.0,-54.0,355.0,417.0,35.0,-445.0
112.0,355.0,-22.0,-34.0,12.0,185.0,210.0,269.0,65.0,-502.0
114.0,587.0,70.0,-32.0,31.0,467.0,201.0,-227.0,77.0,-517.0
121.0,290.0,0.0,-76.0,15.0,625.0,307.0,-633.0,65.0,-531.0
114.0,151.0,50.0,-76.0,-33.0,405.0,407.0,-591.0,64.0,-523.0
126.0,158.0,122.0,-76.0,-39.0,174.0,475.0,-358.0,70.0,-490.0
108.0,64.0,76.0,-102.0,-133.0,236.0,548.0,20.0,68.0,-445.0
101.0,-274.0,58.0,-161.0,10.0,181.0,670.0,-123.0,75.0,-360.0
117.0,-354.0,38.0,-176.0,162.0,-164.0,673.0,-386.0,58.0,-254.0
127.0,0.0,90.0,-130.0,-161.0,-429.0,464.0,-473.0,28.0,-162.0
135.0,-145.0,127.0,-133.0,-163.0,-273.0,107.0,-378.0,2.0,-71.0
122.0,-275.0,67.0,-137.0,74.0,-50.0,-184.0,-60.0,-36.0,26.0
115.0,-229.0,28.0,-62.0,-47.0,-71.0,-377.0,-35.0,-61.0,106.0
94.0,-197.0,64.0,-19.0,-125.0,-218.0,-554.0,-33.0,-94.0,158.0
67.0,71.0,38.0,-28.0,-102.0,-306.0,-648.0,-55.0,-130.0,202.0
59.0,-39.0,68.0,-23.0,-2.0,-142.0,-668.0,151.0,-164.0,243.0
71.0,-140.0,51.0,10.0,118.0,-108.0,-610.0,434.0,-205.0,247.0
62.0,19.0,30.0,92.0,31.0,-214.0,-519.0,147.0,-233.0,231.0
61.0,155.0,49.0,124.0,-66.0,-218.0,-451.0,-509.0,-228.0,228.0
94.0,329.0,-11.0,97.0,-11.0,-219.0,-314.0,-1152.0,-209.0,211.0
115.0,403.0,25.0,54.0,52.0,-133.0,-48.0,-1029.0,-173.0,187.0
132.0,429.0,13.0,-24.0,-30.0,-6.0,252.0,-349.0,-108.0,181.0
125.0,238.0,-32.0,-83.0,-102.0,64.0,407.0,321.0,-69.0,183.0
132.0,138.0,-14.0,-103.0,3.0,-41.0,349.0,709.0,-25.0,183.0
138.0,108.0,-38.0,-163.0,98.0,-58.0,192.0,515.0,13.0,178.0
132.0,16.0,-79.0,-211.0,6.0,271.0,154.0,-12.0,43.0,191.0
114.0,-9.0,-33.0,-207.0,-15.0,516.0,268.0,-776.0,81.0,205.0
94.0,-194.0,-6.0,-186.0,65.0,482.0,364.0,-1084.0,84.0,210.0
101.0,-258.0,-55.0,-164.0,53.0,368.0,388.0,-764.0,90.0,217.0
86.0,-618.0,-2.0,-154.0,108.0,375.0,341.0,-336.0,80.0,210.0
64.0,-594.0,32.0,-103.0,-25.0,610.0,338.0,99.0,51.0,222.0
24.0,-345.0,-44.0,-87.0,-118.0,782.0,403.0,323.0,47.0,224.0
36.0,-578.0,-33.0,-111.0,99.0,569.0,426.0,504.0,37.0,186.0
40.0,-230.0,-51.0,-154.0,125.0,344.0,474.0,358.0,16.0,167.0
-5.0,57.0,0.0,-185.0,117.0,361.0,507.0,42.0,11.0,119.0
-51.0,67.0,75.0,-141.0,13.0,465.0,450.0,120.0,2.0,38.0
-90.0,203.0,0.0,-113.0,-51.0,636.0,335.0,434.0,0.0,-28.0
-89.0,387.0,-9.0,-63.0,150.0,567.0,317.0,774.0,9.0,-104.0
-111.0,431.0,-85.0,-29.0,47.0,347.0,415.0,430.0,9.0,-172.0
-132.0,384.0,-91.0,-51.0,-127.0,219.0,443.0,-485.0,9.0,-233.0
-131.0,383.0,-115.0,-38.0,25.0,123.0,323.0,-1382.0,14.0,-264.0
-107.0,288.0,-154.0,-48.0,25.0,99.0,57.0,-1762.0,13.0,-261.0
-113.0,435.0,-108.0,-98.0,-142.0,-10.0,-139.0,-1526.0,0.0,-234.0
-132.0,373.0,-161.0,-144.0,-117.0,-18.0,-202.0,-1213.0,-15.0,-187.0
-133.0,188.0,-152.0,-140.0,-95.0,71.0,-320.0,-489.0,-40.0,-107.0
-138.0,310.0,-174.0,-149.0,-75.0,193.0,-592.0,386.0,-47.0,-23.0
-145.0,86.0,-152.0,-187.0,-55.0,334.0,-833.0,929.0,-51.0,34.0
-155.0,-381.0,-118.0,-179.0,-147.0,145.0,-789.0,873.0,-76.0,118.0
-139.0,-198.0,-170.0,-146.0,-83.0,-56.0,-493.0,284.0,-91.0,202.0
-120.0,-74.0,-160.0,-107.0,29.0,-60.0,-91.0,11.0,-101.0,256.0
-96.0,-370.0,-187.0,-87.0,-39.0,114.0,247.0,147.0,-125.0,272.0
-84.0,-312.0,-178.0,-56.0,-107.0,279.0,599.0,484.0,-145.0,291.0
-79.0,-284.0,-125.0,-44.0,-33.0,237.0,947.0,404.0,-156.0,307.0
-103.0,-300.0,-135.0,-33.0,70.0,258.0,1014.0,-212.0,-172.0,271.0
-114.0,13.0,-121.0,-27.0,-44.0,344.0,827.0,-1114.0,-164.0,226.0
-104.0,39.0,-95.0,-56.0,-89.0,430.0,615.0,-2198.0,-141.0,193.0
-85.0,-276.0,-102.0,-22.0,100.0,417.0,509.0,-2485.0,-113.0,143.0
-36.0,78.0,-107.0,-20.0,61.0,363.0,485.0,-1903.0,-80.0,72.0
-18.0,359.0,-131.0,-44.0,-18.0,353.0,427.0,-946.0,-66.0,46.0
6.0,19.0,-183.0,-41.0,-26.0,352.0,365.0,-133.0,-54.0,27.0
19.0,237.0,-171.0,-52.0,-84.0,381.0,388.0,327.0,-36.0,-25.0
21.0,477.0,-170.0,-49.0,85.0,392.0,414.0,918.0,-41.0,-57.0
9.0,182.0,-182.0,-69.0,97.0,508.0,328.0,1319.0,-60.0,-58.0
10.0,-34.0,-171.0,-58.0,-139.0,617.0,171.0,1380.0,-80.0,-76.0
12.0,31.0,-227.0,-41.0,-32.0,649.0,111.0,1197.0,-102.0,-121.0
0.0,129.0,-204.0,-42.0,111.0,690.0,138.0,905.0,-103.0,-127.0
18.0,15.0,-188.0,0.0,71.0,587.0,126.0,550.0,-118.0,-130.0
25.0,8.0,-161.0,17.0,74.0,382.0,-17.0,-57.0,-139.0,-180.0
36.0,-98.0,-127.0,-24.0,-32.0,215.0,-211.0,-567.0,-168.0,-213.0
14.0,-309.0,-135.0,-39.0,20.0,125.0,-230.0,-1228.0,-189.0,-207.0
11.0,-167.0,-121.0,-21.0,199.0,158.0,-113.0,-2023.0,-182.0,-210.0
3.0,-115.0,-115.0,-37.0,45.0,143.0,57.0,-2426.0,-193.0,-237.0
-26.0,-326.0,-97.0,-41.0,-79.0,82.0,101.0,-2026.0,-173.0,-231.0
-16.0,-554.0,-78.0,-86.0,13.0,197.0,-12.0,-613.0,-160.0,-192.0
2.0,-407.0,-48.0,-127.0,110.0,287.0,-70.0,1077.0,-139.0,-169.0
21.0,-172.0,-140.0,-63.0,31.0,259.0,-10.0,2398.0,-99.0,-150.0
14.0,-176.0,-94.0,-36.0,-174.0,252.0,112.0,2571.0,-101.0,-113.0
9.0,-44.0,-90.0,-76.0,-72.0,311.0,191.0,1504.0,-90.0,-98.0
0.0,-37.0,-136.0,-79.0,47.0,393.0,319.0,109.0,-68.0,-106.0
-1.0,21.0,-78.0,-79.0,-86.0,372.0,506.0,-999.0,-40.0,-75.0
-12.0,122.0,-104.0,-92.0,-90.0,196.0,581.0,-1367.0,12.0,-34.0
-33.0,22.0,-48.0,-46.0,49.0,53.0,426.0,-1454.0,44.0,-27.0
-21.0,92.0,-90.0,-8.0,72.0,227.0,208.0,-1570.0,66.0,-12.0
-13.0,159.0,-58.0,-14.0,33.0,373.0,119.0,-1696.0,91.0,46.0
-10.0,84.0,-58.0,-64.0,13.0,304.0,118.0,-1694.0,99.0,112.0
-30.0,149.0,-110.0,-102.0,-5.0,275.0,140.0,-1193.0,78.0,148.0
-34.0,131.0,-60.0,-168.0,93.0,210.0,34.0,-267.0,53.0,223.0
-28.0,-13.0,-86.0,-242.0,14.0,114.0,-129.0,1058.0,35.0,319.0
-42.0,235.0,-81.0,-197.0,-61.0,176.0,-249.0,1893.0,16.0,371.0
-46.0,292.0,-72.0,-138.0,57.0,355.0,-173.0,1810.0,11.0,402.0
-59.0,-205.0,-80.0,-80.0,-15.0,369.0,35.0,1082.0,0.0,441.0
-51.0,-186.0,-78.0,-44.0,12.0,229.0,149.0,121.0,-8.0,460.0
-62.0,176.0,-25.0,-13.0,32.0,146.0,294.0,-491.0,15.0,427.0
-78.0,-86.0,-62.0,44.0,-131.0,112.0,501.0,-1130.0,38.0,405.0
-60.0,-127.0,-66.0,95.0,12.0,117.0,728.0,-1563.0,74.0,402.0
-57.0,-10.0,-62.0,128.0,117.0,135.0,815.0,-1683.0,90.0,374.0
-76.0,-216.0,-85.0,148.0,-61.0,84.0,686.0,-1533.0,88.0,327.0
-116.0,-127.0,-46.0,172.0,-56.0,-68.0,525.0,-975.0,98.0,311.0
-123.0,-136.0,-25.0,140.0,-45.0,-141.0,501.0,-192.0,87.0,326.0
-116.0,-148.0,55.0,109.0,-4.0,-43.0,559.0,731.0,72.0,305.0
-131.0,-188.0,31.0,99.0,0.0,-105.0,481.0,1195.0,28.0,303.0
-138.0,-139.0,19.0,23.0,-161.0,-283.0,294.0,1468.0,-1.0,361.0
-115.0,-34.0,24.0,-39.0,-1.0,-267.0,230.0,1581.0,-46.0,405.0
-102.0,-207.0,-5.0,-58.0,117.0,-87.0,247.0,1184.0,-121.0,414.0
-96.0,120.0,34.0,-75.0,-13.0,-35.0,113.0,641.0,-156.0,442.0
-88.0,443.0,17.0,-65.0,-77.0,-121.0,-118.0,-11.0,-225.0,483.0
-108.0,434.0,-2.0,-48.0,-57.0,-229.0,-341.0,-587.0,-272.0,477.0
-116.0,409.0,13.0,-32.0,167.0,-417.0,-415.0,-1234.0,-285.0,443.0
-130.0,326.0,1.0,-43.0,154.0,-431.0,-309.0,-1546.0,-303.0,390.0
-133.0,330.0,1.0,-44.0,-138.0,-327.0,-144.0,-1249.0,-300.0,310.0
-121.0,191.0,-32.0,-69.0,28.0,-118.0,9.0,-1049.0,-297.0,199.0
-95.0,149.0,-91.0,-100.0,134.0,164.0,127.0,-1005.0,-285.0,58.0
-81.0,75.0,-67.0,-90.0,-54.0,237.0,165.0,-1114.0,-260.0,-59.0
-91.0,-230.0,-103.0,-64.0,58.0,206.0,16.0,-849.0,-220.0,-168.0
-114.0,-304.0,-115.0,16.0,-3.0,134.0,-175.0,-1.0,-185.0,-279.0
-131.0,-191.0,-120.0,38.0,-96.0,47.0,-173.0,1215.0,-138.0,-332.0
-129.0,-79.0,-179.0,63.0,39.0,-138.0,40.0,2592.0,-100.0,-344.0
-155.0,-180.0,-112.0,62.0,-105.0,-138.0,227.0,2773.0,-64.0,-335.0
-155.0,-346.0,-79.0,33.0,-98.0,183.0,313.0,1363.0,-2.0,-300.0
-149.0,-129.0,-70.0,13.0,112.0,204.0,487.0,-927.0,20.0,-228.0
-118.0,156.0,-35.0,-95.0,77.0,-148.0,754.0,-2729.0,61.0,-127.0
-108.0,86.0,-35.0,-158.0,-10.0,-306.0,1009.0,-2993.0,110.0,-55.0
-119.0,72.0,-37.0,-221.0,-16.0,-105.0,1126.0,-2047.0,119.0,2.0
-136.0,231.0,-65.0,-289.0,41.0,114.0,965.0,-493.0,135.0,70.0
-177.0,133.0,-50.0,-288.0,97.0,134.0,562.0,578.0,126.0,142.0
-179.0,-185.0,-27.0,-245.0,4.0,-48.0,135.0,785.0,116.0,168.0
-187.0,-281.0,-24.0,-205.0,-33.0,-159.0,-105.0,290.0,132.0,190.0
-167.0,-166.0,7.0,-186.0,105.0,-74.0,-142.0,-166.0,111.0,240.0
-146.0,-43.0,-3.0,-148.0,106.0,0.0,-88.0,133.0,96.0,264.0
-109.0,-149.0,17.0,-159.0,33.0,2.0,52.0,679.0,93.0,274.0
-86.0,-534.0,33.0,-176.0,-76.0,-217.0,157.0,1215.0,47.0,299.0
-96.0,-406.0,23.0,-170.0,-45.0,-524.0,177.0,1077.0,40.0,344.0
-111.0,-47.0,36.0,-148.0,117.0,-476.0,229.0,306.0,18.0,329.0
-129.0,-25.0,15.0,-93.0,-40.0,-243.0,288.0,-434.0,-10.0,310.0
-140.0,-97.0,33.0,-55.0,-82.0,-137.0,285.0,-1051.0,-14.0,332.0
-127.0,89.0,0.0,28.0,46.0,-276.0,108.0,-1354.0,-33.0,303.0
-95.0,383.0,36.0,101.0,90.0,-585.0,7.0,-1518.0,-20.0,259.0
-86.0,263.0,30.0,112.0,128.0,-490.0,152.0,-1195.0,-47.0,226.0
-49.0,368.0,-18.0,165.0,-5.0,-103.0,344.0,-569.0,-80.0,195.0
-28.0,549.0,64.0,178.0,-13.0,61.0,394.0,-22.0,-83.0,139.0
-2.0,530.0,3.0,121.0,175.0,-71.0,282.0,718.0,-76.0,81.0
-2.0,628.0,1.0,48.0,80.0,-275.0,261.0,1359.0,-87.0,50.0
-21.0,402.0,0.0,-7.0,-97.0,-188.0,391.0,1513.0,-110.0,13.0
-15.0,214.0,-50.0,17.0,33.0,-88.0,571.0,757.0,-67.0,-33.0
-14.0,545.0,-37.0,51.0,62.0,-116.0,563.0,-166.0,-41.0,-46.0
2.0,597.0,-42.0,82.0,56.0,-221.0,391.0,-607.0,-5.0,-22.0
2.0,195.0,-26.0,96.0,67.0,-494.0,367.0,-862.0,34.0,-26.0
12.0,0.0,-56.0,71.0,0.0,-578.0,405.0,-683.0,42.0,-38.0
24.0,-34.0,-65.0,48.0,124.0,-349.0,396.0,-175.0,73.0,-1.0
38.0,-164.0,-82.0,3.0,70.0,-161.0,334.0,535.0,100.0,21.0
42.0,-315.0,-55.0,-44.0,19.0,-254.0,246.0,875.0,126.0,0.0
62.0,-363.0,-28.0,-85.0,34.0,-484.0,166.0,582.0,150.0,-14.0
86.0,-516.0,0.0,-72.0,76.0,-561.0,78.0,-105.0,152.0,-20.0
90.0,-481.0,12.0,-37.0,193.0,-379.0,-9.0,-1311.0,153.0,-63.0
93.0,-292.0,9.0,3.0,-8.0,-193.0,11.0,-2134.0,167.0,-152.0
76.0,-317.0,100.0,47.0,-127.0,-198.0,230.0,-1740.0,158.0,-188.0
59.0,-189.0,126.0,40.0,-50.0,-237.0,450.0,81.0,158.0,-193.0
36.0,-28.0,119.0,43.0,-50.0,-120.0,473.0,2041.0,147.0,-236.0
47.0,-103.0,151.0,85.0,-116.0,120.0,286.0,2529.0,112.0,-241.0
66.0,-155.0,159.0,94.0,-75.0,324.0,143.0,1520.0,88.0,-190.0
87.0,37.0,155.0,50.0,-40.0,348.0,217.0,-441.0,60.0,-125.0
100.0,-11.0,181.0,-2.0,-26.0,76.0,412.0,-1834.0,28.0,-71.0
98.0,-51.0,158.0,-50.0,53.0,-127.0,517.0,-1734.0,-14.0,6.0
122.0,102.0,169.0,-107.0,-66.0,-105.0,428.0,-118.0,-42.0,109.0
118.0,-195.0,127.0,-134.0,-11.0,-44.0,284.0,1797.0,-67.0,176.0
111.0,-307.0,84.0,-117.0,62.0,10.0,115.0,2156.0,-80.0,217.0
88.0,-63.0,133.0,-86.0,-74.0,-90.0,14.0,1082.0,-90.0,273.0
47.0,9.0,20.0,-24.0,-86.0,-183.0,31.0,-606.0,-85.0,324.0
49.0,75.0,22.0,-10.0,-33.0,-148.0,79.0,-1731.0,-50.0,331.0
22.0,190.0,37.0,2.0,66.0,-82.0,111.0,-1964.0,-39.0,336.0
-2.0,58.0,-21.0,2.0,26.0,-175.0,65.0,-1616.0,-26.0,342.0
-17.0,169.0,-7.0,-39.0,-97.0,-346.0,-107.0,-724.0,-22.0,315.0
-40.0,548.0,-37.0,-6.0,-113.0,-289.0,-335.0,101.0,-17.0,258.0
-63.0,329.0,-54.0,25.0,-69.0,-234.0,-406.0,896.0,-9.0,208.0
-92.0,142.0,-77.0,39.0,5.0,-246.0,-246.0,1278.0,-13.0,173.0
-69.0,228.0,-36.0,38.0,-85.0,-188.0,-21.0,1182.0,-4.0,110.0
-44.0,106.0,-22.0,51.0,-135.0,-210.0,59.0,679.0,-9.0,56.0
-29.0,82.0,9.0,106.0,51.0,-277.0,32.0,-515.0,-5.0,18.0
-30.0,43.0,0.0,108.0,126.0,-198.0,-41.0,-1230.0,15.0,-17.0
-33.0,-155.0,-51.0,74.0,66.0,-98.0,-95.0,-851.0,25.0,-33.0
-29.0,-64.0,34.0,38.0,57.0,-86.0,9.0,188.0,38.0,-10.0
-45.0,11.0,23.0,-24.0,137.0,-157.0,230.0,764.0,45.0,30.0
-41.0,-236.0,-13.0,-74.0,129.0,-212.0,459.0,750.0,54.0,67.0
-17.0,-282.0,7.0,-113.0,41.0,-69.0,659.0,842.0,70.0,138.0
5.0,-101.0,6.0,-168.0,56.0,91.0,812.0,606.0,86.0,217.0
12.0,-134.0,-16.0,-197.0,18.0,66.0,837.0,216.0,97.0,283.0
38.0,-249.0,7.0,-190.0,31.0,-45.0,741.0,-251.0,121.0,311.0
17.0,-157.0,21.0,-169.0,30.0,79.0,649.0,-613.0,163.0,315.0
-20.0,-99.0,13.0,-155.0,-68.0,319.0,554.0,-735.0,196.0,324.0
-24.0,45.0,15.0,-131.0,-79.0,220.0,456.0,-668.0,223.0,303.0
-27.0,112.0,-40.0,-62.0,-13.0,-118.0,424.0,49.0,227.0,255.0
-15.0,118.0,-35.0,-8.0,61.0,-383.0,380.0,894.0,232.0,209.0
-47.0,244.0,-45.0,38.0,-18.0,-388.0,222.0,1359.0,239.0,160.0
-61.0,239.0,-45.0,126.0,7.0,-221.0,-3.0,925.0,227.0,83.0
-60.0,254.0,-77.0,146.0,86.0,-173.0,-78.0,-400.0,233.0,31.0
-54.0,163.0,-128.0,141.0,3.0,-279.0,14.0,-1563.0,217.0,-3.0
-24.0,82.0,-94.0,211.0,38.0,-398.0,7.0,-1877.0,204.0,-42.0
-6.0,78.0,-107.0,214.0,17.0,-482.0,-167.0,-1038.0,194.0,-53.0
31.0,-42.0,-119.0,197.0,13.0,-459.0,-464.0,463.0,158.0,-60.0
41.0,-165.0,-165.0,189.0,95.0,-372.0,-737.0,2113.0,121.0,-42.0
58.0,-164.0,-149.0,154.0,-79.0,-416.0,-805.0,2795.0,95.0,-22.0
91.0,-161.0,-130.0,128.0,-87.0,-469.0,-593.0,1546.0,89.0,-7.0
98.0,-179.0,-121.0,88.0,100.0,-346.0,-224.0,-576.0,70.0,7.0
83.0,-176.0,-103.0,100.0,-34.0,-247.0,-7.0,-2150.0,59.0,-2.0
34.0,-114.0,-164.0,124.0,-107.0,-266.0,91.0,-2220.0,67.0,-13.0
12.0,96.0,-112.0,155.0,-55.0,-238.0,181.0,-1103.0,78.0,-47.0
-2.0,267.0,-87.0,190.0,-51.0,-185.0,114.0,362.0,79.0,-102.0
-1.0,364.0,-68.0,218.0,112.0,-269.0,-70.0,1572.0,88.0,-165.0
10.0,342.0,-66.0,247.0,74.0,-494.0,-178.0,1964.0,88.0,-227.0
11.0,321.0,-70.0,233.0,-70.0,-563.0,-308.0,1553.0,83.0,-293.0
21.0,199.0,-61.0,228.0,78.0,-436.0,-551.0,266.0,96.0,-357.0
2.0,162.0,-97.0,205.0,63.0,-418.0,-798.0,-1080.0,102.0,-381.0
-16.0,39.0,-38.0,176.0,-45.0,-519.0,-889.0,-1400.0,109.0,-404.0
-27.0,-258.0,-47.0,169.0,59.0,-571.0,-606.0,-508.0,107.0,-411.0
-24.0,-183.0,-21.0,166.0,14.0,-446.0,-162.0,720.0,108.0,-385.0
-21.0,-252.0,-42.0,170.0,30.0,-208.0,44.0,968.0,85.0,-362.0
-22.0,-256.0,-33.0,147.0,140.0,-101.0,11.0,613.0,56.0,-330.0
-28.0,-247.0,52.0,130.0,-30.0,-196.0,31.0,9.0,26.0,-292.0
-31.0,-351.0,13.0,86.0,3.0,-352.0,144.0,-687.0,-9.0,-242.0
-45.0,-309.0,69.0,5.0,98.0,-412.0,138.0,-864.0,-17.0,-182.0
-73.0,-228.0,46.0,-24.0,-40.0,-258.0,28.0,-299.0,-32.0,-136.0
-84.0,-112.0,35.0,5.0,-8.0,-41.0,-8.0,768.0,-32.0,-82.0
-81.0,-277.0,84.0,49.0,-45.0,-18.0,112.0,1210.0,-42.0,-33.0
-66.0,-111.0,61.0,78.0,1.0,-144.0,253.0,999.0,-43.0,11.0
-56.0,132.0,61.0,149.0,71.0,-260.0,241.0,574.0,-20.0,45.0
-26.0,-55.0,48.0,200.0,-76.0,-151.0,119.0,186.0,-17.0,60.0
-15.0,-92.0,83.0,239.0,-52.0,129.0,152.0,57.0,1.0,93.0
-16.0,-141.0,6.0,276.0,-32.0,277.0,329.0,-225.0,13.0,101.0
-50.0,-112.0,-23.0,235.0,-39.0,262.0,400.0,-341.0,29.0,88.0
-74.0,-87.0,0.0,197.0,-14.0,258.0,235.0,-395.0,54.0,64.0
-42.0,-139.0,-56.0,120.0,-98.0,323.0,-141.0,-14.0,64.0,39.0
-16.0,-14.0,-36.0,40.0,-123.0,337.0,-494.0,798.0,78.0,15.0
6.0,-37.0,-60.0,16.0,35.0,212.0,-697.0,982.0,77.0,-18.0
10.0,55.0,-24.0,6.0,15.0,-22.0,-822.0,894.0,76.0,-20.0
40.0,-2.0,-49.0,-10.0,-70.0,-281.0,-911.0,665.0,81.0,-6.0
72.0,-166.0,-76.0,1.0,62.0,-373.0,-870.0,395.0,86.0,8.0
88.0,5.0,-61.0,23.0,-15.0,-228.0,-760.0,-97.0,83.0,29.0
97.0,34.0,-122.0,22.0,-8.0,-17.0,-664.0,-727.0,55.0,59.0
118.0,79.0,-68.0,54.0,74.0,8.0,-549.0,-715.0,36.0,68.0
136.0,98.0,-61.0,44.0,-37.0,-327.0,-390.0,-145.0,24.0,72.0
114.0,154.0,-75.0,46.0,77.0,-550.0,-158.0,794.0,12.0,89.0
105.0,294.0,-58.0,92.0,81.0,-373.0,-81.0,1225.0,-12.0,84.0
119.0,224.0,-47.0,142.0,-71.0,-203.0,-285.0,1047.0,-40.0,74.0
144.0,91.0,-54.0,214.0,96.0,-102.0,-550.0,508.0,-45.0,50.0
128.0,-103.0,-74.0,224.0,34.0,-277.0,-550.0,-208.0,-55.0,22.0
101.0,-161.0,-33.0,196.0,-119.0,-591.0,-288.0,-443.0,-52.0,-8.0
92.0,39.0,-32.0,151.0,68.0,-488.0,-10.0,-341.0,-41.0,-34.0
101.0,-130.0,-23.0,122.0,-81.0,-89.0,62.0,227.0,-21.0,-60.0
97.0,-202.0,23.0,141.0,-88.0,130.0,-189.0,630.0,-29.0,-112.0
92.0,141.0,31.0,152.0,72.0,-3.0,-403.0,600.0,-49.0,-133.0
92.0,78.0,26.0,124.0,-122.0,-33.0,-403.0,602.0,-47.0,-155.0
71.0,105.0,43.0,57.0,-80.0,254.0,-347.0,314.0,-63.0,-202.0
64.0,131.0,18.0,30.0,-35.0,589.0,-282.0,-351.0,-53.0,-239.0
40.0,0.0,0.0,13.0,-100.0,583.0,-212.0,-1060.0,-34.0,-264.0
43.0,-90.0,0.0,-24.0,-1.0,264.0,-87.0,-814.0,-22.0,-273.0
54.0,-148.0,-36.0,-48.0,-5.0,108.0,78.0,293.0,-3.0,-265.0
70.0,-22.0,-21.0,-49.0,-31.0,158.0,124.0,1446.0,11.0,-243.0
82.0,-156.0,-50.0,-43.0,49.0,301.0,-105.0,2013.0,20.0,-202.0
95.0,-33.0,-68.0,-37.0,-3.0,423.0,-449.0,1426.0,28.0,-150.0
133.0,-28.0,-43.0,12.0,30.0,378.0,-648.0,190.0,55.0,-94.0
132.0,-415.0,-85.0,38.0,95.0,191.0,-596.0,-1219.0,58.0,-23.0
152.0,-223.0,-97.0,55.0,-4.0,108.0,-418.0,-1784.0,77.0,39.0
134.0,-71.0,-107.0,71.0,85.0,266.0,-306.0,-1001.0,90.0,80.0
126.0,-175.0,-90.0,105.0,45.0,358.0,-112.0,371.0,90.0,119.0
127.0,-65.0,-87.0,173.0,-14.0,198.0,216.0,1540.0,103.0,145.0
103.0,5.0,-62.0,197.0,83.0,82.0,414.0,1374.0,104.0,157.0
98.0,69.0,-10.0,201.0,-149.0,132.0,415.0,46.0,124.0,136.0
81.0,209.0,4.0,196.0,-155.0,127.0,291.0,-1345.0,130.0,96.0
115.0,320.0,58.0,157.0,60.0,156.0,49.0,-1589.0,120.0,70.0
138.0,281.0,39.0,110.0,-143.0,288.0,-191.0,-393.0,116.0,35.0
152.0,209.0,44.0,57.0,-99.0,323.0,-380.0,1095.0,112.0,-11.0
141.0,164.0,27.0,-34.0,69.0,116.0,-590.0,1978.0,93.0,-41.0
112.0,18.0,32.0,-53.0,-59.0,-185.0,-704.0,1620.0,62.0,-53.0
70.0,87.0,38.0,-44.0,34.0,-212.0,-482.0,822.0,19.0,-66.0
23.0,109.0,30.0,-64.0,50.0,11.0,-57.0,513.0,-24.0,-65.0
2.0,-166.0,76.0,-17.0,-65.0,120.0,104.0,668.0,-59.0,-37.0
-19.0,-152.0,23.0,-6.0,-45.0,9.0,-135.0,1055.0,-106.0,0.0
-30.0,-27.0,68.0,16.0,-121.0,-41.0,-400.0,781.0,-141.0,24.0
-48.0,-35.0,60.0,96.0,-79.0,27.0,-305.0,-11.0,-174.0,50.0
-25.0,25.0,100.0,129.0,18.0,114.0,-67.0,-896.0,-191.0,93.0
-36.0,22.0,162.0,171.0,-97.0,165.0,7.0,-1448.0,-192.0,108.0
-40.0,30.0,80.0,183.0,-80.0,-29.0,-23.0,-1117.0,-181.0,111.0
-57.0,0.0,134.0,163.0,25.0,-273.0,-162.0,-120.0,-145.0,108.0
-90.0,-2.0,87.0,197.0,-92.0,-311.0,-410.0,1101.0,-120.0,86.0
-98.0,145.0,39.0,212.0,-125.0,-191.0,-532.0,1492.0,-73.0,34.0
-102.0,58.0,104.0,216.0,-32.0,-124.0,-404.0,1043.0,-22.0,-42.0
-66.0,83.0,117.0,199.0,-64.0,-269.0,-239.0,280.0,16.0,-80.0
-57.0,198.0,112.0,142.0,-33.0,-360.0,-139.0,-471.0,73.0,-118.0
-12.0,84.0,106.0,95.0,40.0,-229.0,-96.0,-509.0,90.0,-171.0
-4.0,138.0,125.0,32.0,29.0,60.0,-120.0,53.0,95.0,-189.0
20.0,150.0,104.0,-29.0,26.0,277.0,-149.0,964.0,113.0,-177.0
50.0,102.0,123.0,-42.0,7.0,248.0,-40.0,1387.0,112.0,-138.0
50.0,-58.0,122.0,5.0,-20.0,89.0,157.0,818.0,95.0,-82.0
52.0,-242.0,80.0,17.0,-46.0,-67.0,207.0,-267.0,66.0,-8.0
24.0,-88.0,87.0,13.0,-58.0,-116.0,163.0,-1093.0,61.0,54.0
44.0,-214.0,82.0,72.0,-71.0,-129.0,85.0,-853.0,27.0,109.0
33.0,-330.0,79.0,110.0,-25.0,-262.0,72.0,-155.0,-10.0,153.0
48.0,-158.0,57.0,93.0,-14.0,-333.0,180.0,491.0,-25.0,188.0
53.0,-164.0,51.0,107.0,-85.0,-315.0,200.0,973.0,-44.0,203.0
74.0,-35.0,113.0,121.0,-10.0,-383.0,42.0,1145.0,-40.0,187.0
66.0,49.0,123.0,68.0,-18.0,-347.0,-72.0,788.0,-33.0,174.0
67.0,-70.0,83.0,55.0,-121.0,-251.0,18.0,-206.0,20.0,147.0
113.0,-28.0,62.0,80.0,-61.0,-195.0,149.0,-776.0,58.0,106.0
96.0,125.0,12.0,90.0,3.0,-155.0,213.0,-683.0,86.0,47.0
104.0,82.0,21.0,62.0,-54.0,-155.0,180.0,-162.0,151.0,8.0
87.0,-4.0,-14.0,0.0,-29.0,-116.0,0.0,469.0,171.0,11.0
105.0,224.0,-25.0,19.0,27.0,-146.0,-391.0,678.0,188.0,24.0
108.0,228.0,0.0,43.0,-21.0,-207.0,-678.0,633.0,214.0,30.0
114.0,-20.0,-59.0,28.0,-8.0,-175.0,-601.0,341.0,223.0,46.0
129.0,-46.0,-59.0,34.0,-10.0,-87.0,-426.0,186.0,204.0,81.0
127.0,-45.0,-69.0,16.0,44.0,-14.0,-457.0,166.0,189.0,92.0
124.0,0.0,-66.0,-21.0,38.0,82.0,-790.0,7.0,195.0,95.0
88.0,-81.0,-104.0,-43.0,-1.0,296.0,-1031.0,-199.0,140.0,80.0
98.0,-203.0,-92.0,-55.0,3.0,478.0,-894.0,-293.0,108.0,37.0
102.0,-136.0,-120.0,-79.0,-72.0,445.0,-445.0,105.0,89.0,0.0
115.0,-92.0,-92.0,-78.0,11.0,277.0,76.0,522.0,29.0,-32.0
110.0,-82.0,-21.0,-12.0,-29.0,262.0,359.0,846.0,10.0,-90.0
116.0,-101.0,-114.0,1.0,-34.0,375.0,403.0,942.0,-10.0,-154.0
101.0,15.0,-98.0,51.0,51.0,431.0,359.0,598.0,-29.0,-176.0
80.0,42.0,-104.0,193.0,-68.0,517.0,282.0,336.0,-8.0,-198.0
72.0,30.0,-52.0,265.0,23.0,479.0,135.0,110.0,-2.0,-205.0
57.0,70.0,-4.0,308.0,50.0,184.0,21.0,145.0,0.0,-183.0
65.0,21.0,1.0,306.0,-81.0,-50.0,60.0,262.0,51.0,-154.0
46.0,79.0,54.0,276.0,25.0,-20.0,252.0,253.0,84.0,-128.0
49.0,-71.0,36.0,245.0,-35.0,127.0,381.0,140.0,82.0,-103.0
41.0,-66.0,12.0,215.0,-144.0,182.0,298.0,-175.0,111.0,-77.0
36.0,-2.0,20.0,193.0,109.0,66.0,136.0,-60.0,125.0,-84.0
6.0,-146.0,59.0,101.0,-17.0,-167.0,83.0,269.0,121.0,-86.0
0.0,-2.0,34.0,2.0,-162.0,-359.0,230.0,402.0,138.0,-89.0
8.0,116.0,48.0,-100.0,59.0,-329.0,306.0,151.0,132.0,-85.0
19.0,73.0,66.0,-199.0,-115.0,-66.0,176.0,-214.0,105.0,-85.0
38.0,38.0,55.0,-236.0,-111.0,51.0,31.0,-155.0,101.0,-91.0
29.0,38.0,75.0,-225.0,20.0,-156.0,-114.0,164.0,88.0,-60.0
49.0,28.0,78.0,-188.0,-60.0,-359.0,-266.0,875.0,69.0,-29.0
30.0,-43.0,83.0,-119.0,81.0,-258.0,-297.0,1395.0,74.0,6.0
31.0,-180.0,106.0,-76.0,64.0,121.0,-115.0,1274.0,80.0,29.0
-7.0,-215.0,92.0,-88.0,7.0,235.0,101.0,628.0,104.0,71.0
-61.0,-180.0,124.0,-53.0,81.0,58.0,57.0,-360.0,142.0,117.0
-82.0,-149.0,180.0,-51.0,-47.0,37.0,-282.0,-783.0,154.0,116.0
-108.0,-176.0,164.0,-26.0,73.0,234.0,-687.0,-583.0,164.0,123.0
-119.0,-280.0,208.0,51.0,199.0,430.0,-813.0,-83.0,205.0,127.0
-122.0,-143.0,181.0,81.0,-82.0,369.0,-651.0,99.0,209.0,108.0
-88.0,-37.0,124.0,126.0,88.0,226.0,-481.0,-251.0,183.0,67.0
-80.0,-64.0,88.0,146.0,254.0,106.0,-330.0,-519.0,176.0,41.0
-82.0,-98.0,40.0,164.0,81.0,71.0,-202.0,-548.0,158.0,0.0
-105.0,-63.0,55.0,167.0,198.0,171.0,-70.0,11.0,121.0,-41.0
-114.0,-106.0,76.0,148.0,87.0,327.0,99.0,589.0,81.0,-40.0
-109.0,-175.0,73.0,107.0,30.0,376.0,146.0,761.0,54.0,-50.0
-83.0,-65.0,36.0,43.0,146.0,221.0,32.0,618.0,8.0,-33.0
-44.0,-7.0,47.0,-13.0,-35.0,295.0,7.0,144.0,-12.0,-13.0
-18.0,242.0,4.0,-76.0,45.0,557.0,164.0,-12.0,-36.0,25.0
5.0,394.0,20.0,-106.0,96.0,583.0,206.0,101.0,-75.0,84.0
6.0,307.0,102.0,-97.0,-89.0,385.0,118.0,587.0,-73.0,106.0
18.0,296.0,57.0,-44.0,129.0,250.0,110.0,1036.0,-119.0,138.0
0.0,399.0,88.0,-3.0,104.0,315.0,208.0,1012.0,-149.0,172.0
1.0,444.0,95.0,43.0,-110.0,431.0,333.0,700.0,-161.0,194.0
-7.0,276.0,36.0,95.0,126.0,438.0,414.0,-1.0,-197.0,183.0
-25.0,118.0,65.0,127.0,49.0,424.0,486.0,-563.0,-212.0,156.0
-11.0,11.0,66.0,129.0,-101.0,527.0,455.0,-750.0,-228.0,145.0
5.0,183.0,51.0,99.0,-3.0,560.0,265.0,-434.0,-217.0,112.0
27.0,207.0,65.0,84.0,4.0,439.0,-36.0,86.0,-202.0,61.0
27.0,-129.0,68.0,84.0,123.0,342.0,-227.0,447.0,-183.0,25.0
34.0,-105.0,57.0,48.0,22.0,290.0,-110.0,742.0,-171.0,-8.0
24.0,-113.0,115.0,-43.0,-100.0,137.0,49.0,724.0,-157.0,-73.0
27.0,-307.0,129.0,-80.0,16.0,4.0,-1.0,561.0,-135.0,-116.0
30.0,-264.0,82.0,-155.0,-149.0,-14.0,-167.0,99.0,-135.0,-121.0
44.0,-205.0,125.0,-231.0,-92.0,73.0,-230.0,-299.0,-126.0,-142.0
77.0,-104.0,96.0,-219.0,57.0,143.0,-189.0,-3.0,-125.0,-163.0
81.0,-51.0,111.0,-213.0,-206.0,102.0,-157.0,646.0,-117.0,-161.0
86.0,-48.0,182.0,-194.0,-70.0,122.0,-192.0,1090.0,-115.0,-132.0
73.0,-149.0,99.0,-185.0,79.0,160.0,-219.0,635.0,-123.0,-94.0
64.0,-21.0,85.0,-127.0,-74.0,173.0,-59.0,-129.0,-121.0,-82.0
59.0,256.0,136.0,-60.0,3.0,185.0,257.0,-598.0,-138.0,-46.0
49.0,1.0,91.0,-13.0,-26.0,254.0,480.0,-822.0,-143.0,-22.0
46.0,13.0,26.0,31.0,-33.0,359.0,416.0,-707.0,-135.0,-40.0
21.0,32.0,-18.0,43.0,39.0,340.0,244.0,-639.0,-132.0,-49.0
9.0,22.0,-23.0,77.0,-89.0,210.0,255.0,-485.0,-117.0,-63.0
11.0,114.0,6.0,143.0,24.0,118.0,321.0,-291.0,-116.0,-82.0
2.0,38.0,34.0,188.0,142.0,25.0,165.0,22.0,-97.0,-118.0
9.0,97.0,7.0,208.0,-71.0,-77.0,-122.0,482.0,-66.0,-133.0
20.0,-106.0,-51.0,245.0,11.0,43.0,-304.0,727.0,-67.0,-124.0
27.0,-9.0,-28.0,223.0,45.0,250.0,-313.0,921.0,-44.0,-134.0
-8.0,59.0,2.0,162.0,-149.0,291.0,-205.0,668.0,-23.0,-135.0
-51.0,-45.0,-39.0,129.0,17.0,143.0,-59.0,321.0,-18.0,-124.0
-67.0,206.0,5.0,91.0,61.0,-54.0,85.0,162.0,-17.0,-101.0
-89.0,253.0,69.0,89.0,-51.0,-83.0,167.0,-88.0,-10.0,-83.0
-98.0,157.0,28.0,88.0,-14.0,-22.0,153.0,-232.0,-7.0,-52.0
-87.0,55.0,52.0,4.0,-14.0,-33.0,15.0,-473.0,-23.0,8.0
-43.0,27.0,48.0,-89.0,103.0,-25.0,-130.0,-521.0,-23.0,52.0
-34.0,273.0,24.0,-149.0,59.0,87.0,-78.0,-473.0,-40.0,97.0
-37.0,251.0,117.0,-190.0,-119.0,142.0,82.0,-389.0,-49.0,171.0
-13.0,69.0,113.0,-210.0,10.0,243.0,53.0,-125.0,-71.0,228.0
6.0,92.0,74.0,-231.0,-18.0,482.0,-114.0,190.0,-107.0,251.0
-1.0,-72.0,117.0,-214.0,-100.0,607.0,-81.0,779.0,-113.0,263.0
-13.0,120.0,70.0,-191.0,50.0,468.0,83.0,1066.0,-121.0,266.0
-1.0,132.0,54.0,-182.0,-50.0,283.0,79.0,986.0,-105.0,264.0
0.0,-225.0,84.0,-142.0,-146.0,415.0,-105.0,681.0,-86.0,221.0
8.0,-178.0,47.0,-107.0,-48.0,557.0,-185.0,262.0,-84.0,175.0
-20.0,-235.0,100.0,-73.0,-25.0,371.0,-21.0,42.0,-79.0,145.0
-49.0,-289.0,121.0,-24.0,-6.0,148.0,152.0,-301.0,-44.0,80.0
-84.0,-326.0,115.0,21.0,-81.0,103.0,94.0,-434.0,-5.0,9.0
-111.0,-209.0,162.0,31.0,-46.0,159.0,-183.0,-297.0,9.0,-42.0
-138.0,-244.0,120.0,-12.0,119.0,121.0,-416.0,-144.0,46.0,-89.0
-173.0,-472.0,116.0,-51.0,-33.0,62.0,-338.0,-169.0,62.0,-136.0
-177.0,-172.0,86.0,-36.0,-88.0,171.0,10.0,-363.0,77.0,-164.0
-193.0,-269.0,69.0,-1.0,105.0,195.0,193.0,-454.0,93.0,-153.0
-178.0,-300.0,79.0,20.0,-21.0,-37.0,47.0,-759.0,79.0,-115.0
-168.0,137.0,39.0,38.0,-75.0,-229.0,-182.0,-596.0,80.0,-71.0
-128.0,-70.0,92.0,51.0,40.0,-227.0,-270.0,264.0,56.0,1.0
-97.0,15.0,114.0,14.0,-23.0,-160.0,-213.0,1117.0,9.0,97.0
-82.0,235.0,73.0,-28.0,37.0,-163.0,-249.0,1380.0,-20.0,185.0
-49.0,26.0,38.0,-48.0,38.0,-211.0,-291.0,561.0,-67.0,265.0
-46.0,205.0,59.0,-111.0,-64.0,-108.0,-176.0,-563.0,-137.0,323.0
-17.0,232.0,71.0,-137.0,-32.0,51.0,0.0,-1422.0,-196.0,354.0
16.0,39.0,35.0,-96.0,-31.0,110.0,105.0,-1564.0,-228.0,350.0
29.0,-175.0,50.0,-48.0,26.0,129.0,62.0,-942.0,-242.0,342.0
30.0,-48.0,56.0,-10.0,75.0,164.0,-27.0,-166.0,-254.0,307.0
35.0,152.0,66.0,47.0,-32.0,171.0,63.0,570.0,-262.0,240.0
30.0,-153.0,69.0,79.0,19.0,119.0,243.0,783.0,-249.0,169.0
0.0,-165.0,-10.0,27.0,116.0,79.0,199.0,628.0,-219.0,92.0
-31.0,-350.0,-44.0,17.0,10.0,22.0,15.0,317.0,-197.0,44.0
-45.0,-362.0,-18.0,23.0,2.0,-35.0,-164.0,51.0,-182.0,-23.0
-62.0,-122.0,-24.0,16.0,51.0,-35.0,-144.0,-84.0,-142.0,-95.0
-48.0,-441.0,-80.0,28.0,-64.0,39.0,3.0,-293.0,-107.0,-126.0
-24.0,-263.0,-97.0,30.0,-115.0,48.0,-44.0,-136.0,-93.0,-154.0
-15.0,53.0,-47.0,-21.0,23.0,-49.0,-123.0,11.0,-66.0,-161.0
-9.0,-156.0,-31.0,-35.0,31.0,-55.0,-20.0,31.0,-48.0,-147.0
-19.0,-137.0,13.0,-37.0,-11.0,-2.0,155.0,-14.0,-38.0,-112.0
0.0,52.0,-24.0,-102.0,42.0,-18.0,186.0,-312.0,-23.0,-75.0
-21.0,189.0,-88.0,-115.0,9.0,-163.0,84.0,-456.0,-4.0,-35.0
-40.0,57.0,-75.0,-157.0,2.0,-228.0,-102.0,-376.0,22.0,31.0
-57.0,-69.0,-63.0,-151.0,0.0,-92.0,-264.0,-27.0,45.0,82.0
-77.0,101.0,-58.0,-157.0,-73.0,72.0,-328.0,210.0,60.0,86.0
-62.0,-45.0,-30.0,-191.0,-55.0,131.0,-416.0,277.0,71.0,67.0
-76.0,111.0,-1.0,-106.0,36.0,152.0,-450.0,308.0,95.0,41.0
-66.0,74.0,-53.0,-68.0,-65.0,231.0,-347.0,179.0,118.0,-14.0
-49.0,-265.0,-8.0,-105.0,-95.0,137.0,-139.0,136.0,130.0,-100.0
-49.0,-28.0,20.0,-103.0,-11.0,57.0,-29.0,-175.0,126.0,-190.0
-55.0,-125.0,19.0,-51.0,-145.0,123.0,-122.0,-463.0,131.0,-276.0
-69.0,-163.0,53.0,-67.0,-125.0,56.0,-229.0,-570.0,134.0,-340.0
-69.0,-155.0,24.0,-98.0,-96.0,-81.0,-221.0,-644.0,111.0,-376.0
-45.0,-216.0,24.0,-119.0,-189.0,-181.0,-112.0,-284.0,115.0,-389.0
-28.0,-172.0,10.0,-148.0,-71.0,-83.0,0.0,88.0,103.0,-375.0
-42.0,-252.0,18.0,-173.0,49.0,68.0,-56.0,323.0,102.0,-351.0
-53.0,32.0,11.0,-190.0,-32.0,49.0,-286.0,232.0,134.0,-305.0
-50.0,-87.0,46.0,-177.0,-74.0,-6.0,-472.0,-97.0,120.0,-228.0
-58.0,-91.0,87.0,-216.0,-53.0,-25.0,-566.0,-343.0,99.0,-154.0
-70.0,317.0,26.0,-194.0,-62.0,-38.0,-624.0,-522.0,78.0,-93.0
-54.0,-84.0,8.0,-134.0,-22.0,-64.0,-615.0,-487.0,54.0,-36.0
-32.0,-103.0,12.0,-115.0,-2.0,-25.0,-481.0,-583.0,38.0,0.0
10.0,223.0,6.0,-83.0,31.0,2.0,-278.0,-384.0,0.0,-3.0
41.0,55.0,-41.0,-72.0,34.0,1.0,-126.0,77.0,-28.0,-2.0
68.0,87.0,-35.0,-75.0,19.0,-22.0,-31.0,439.0,-53.0,-6.0
90.0,-90.0,-60.0,-66.0,-42.0,-63.0,12.0,896.0,-64.0,-59.0
79.0,-135.0,-164.0,-37.0,-11.0,-14.0,-1.0,995.0,-61.0,-128.0
79.0,48.0,-157.0,-26.0,87.0,20.0,24.0,912.0,-66.0,-172.0
64.0,-74.0,-145.0,-25.0,-50.0,20.0,153.0,491.0,-46.0,-206.0
90.0,-18.0,-143.0,-3.0,7.0,2.0,206.0,-267.0,-52.0,-250.0
122.0,-65.0,-92.0,13.0,75.0,-43.0,96.0,-776.0,-52.0,-272.0
120.0,-70.0,-27.0,6.0,-46.0,-43.0,-84.0,-840.0,-30.0,-269.0
92.0,-10.0,-49.0,1.0,58.0,-4.0,-229.0,-447.0,-16.0,-255.0
38.0,-24.0,-12.0,-5.0,-43.0,-38.0,-183.0,-301.0,-22.0,-238.0
10.0,107.0,25.0,-38.0,-169.0,-155.0,-20.0,-513.0,-37.0,-211.0
-11.0,133.0,4.0,-62.0,73.0,-219.0,-23.0,-872.0,-16.0,-198.0
-13.0,280.0,97.0,-116.0,47.0,-202.0,-208.0,-1012.0,-26.0,-190.0
-26.0,41.0,92.0,-206.0,-137.0,-115.0,-296.0,-685.0,-40.0,-160.0
-54.0,9.0,87.0,-230.0,-7.0,-80.0,-220.0,-279.0,-22.0,-149.0
-83.0,538.0,128.0,-236.0,143.0,-98.0,-137.0,133.0,-30.0,-139.0
-105.0,155.0,109.0,-205.0,49.0,-5.0,-96.0,-46.0,-40.0,-141.0
-90.0,-221.0,135.0,-151.0,16.0,112.0,-54.0,-546.0,-20.0,-149.0
-65.0,134.0,150.0,-121.0,68.0,202.0,-36.0,-744.0,-21.0,-132.0
-37.0,87.0,131.0,-94.0,71.0,252.0,-99.0,-657.0,-18.0,-123.0
-28.0,-119.0,114.0,-79.0,30.0,169.0,-268.0,-203.0,19.0,-109.0
-23.0,-94.0,53.0,-41.0,-53.0,94.0,-442.0,75.0,50.0,-105.0
-10.0,-105.0,0.0,-43.0,88.0,183.0,-442.0,177.0,84.0,-88.0
-5.0,-95.0,-48.0,-44.0,91.0,254.0,-280.0,-5.0,89.0,-71.0
-23.0,-351.0,-102.0,-51.0,-71.0,230.0,-177.0,-434.0,84.0,-63.0
-26.0,-138.0,-105.0,-63.0,-85.0,303.0,-297.0,-790.0,85.0,-54.0
-29.0,180.0,-144.0,-62.0,-54.0,345.0,-439.0,-1001.0,84.0,-77.0
-51.0,31.0,-142.0,-111.0,-22.0,212.0,-377.0,-744.0,82.0,-91.0
-47.0,284.0,-93.0,-162.0,-66.0,58.0,-226.0,-450.0,82.0,-101.0
-45.0,148.0,-131.0,-196.0,-8.0,18.0,-186.0,-64.0,86.0,-127.0
-37.0,-59.0,-167.0,-183.0,0.0,21.0,-250.0,258.0,76.0,-151.0
-55.0,143.0,-108.0,-161.0,-39.0,31.0,-233.0,282.0,83.0,-159.0
-58.0,268.0,-108.0,-100.0,43.0,-56.0,-26.0,242.0,74.0,-157.0
-59.0,124.0,-78.0,-33.0,24.0,-369.0,253.0,-68.0,40.0,-154.0
-87.0,-202.0,-1.0,-34.0,-52.0,-507.0,319.0,-195.0,20.0,-142.0
-84.0,-27.0,-22.0,-17.0,41.0,-417.0,197.0,-112.0,7.0,-133.0
-75.0,86.0,16.0,29.0,125.0,-302.0,237.0,40.0,7.0,-108.0
-63.0,-149.0,23.0,41.0,-35.0,-301.0,428.0,24.0,-14.0,-94.0
-81.0,0.0,11.0,46.0,-5.0,-457.0,431.0,-162.0,-36.0,-89.0
-79.0,120.0,2.0,72.0,145.0,-457.0,228.0,-160.0,-42.0,-66.0
-77.0,-82.0,1.0,31.0,112.0,-341.0,79.0,-275.0,-47.0,-48.0
-112.0,-56.0,14.0,-24.0,39.0,-265.0,60.0,-214.0,-38.0,-44.0
-115.0,87.0,-7.0,-94.0,-24.0,-338.0,17.0,-197.0,-47.0,-47.0
-88.0,276.0,9.0,-196.0,28.0,-431.0,-140.0,-380.0,-56.0,-32.0
-48.0,249.0,-37.0,-232.0,53.0,-402.0,-266.0,-556.0,-47.0,-25.0
-39.0,124.0,-45.0,-261.0,-13.0,-300.0,-288.0,-761.0,-32.0,-19.0
-46.0,180.0,-19.0,-285.0,-37.0,-160.0,-298.0,-604.0,-11.0,-10.0
-37.0,313.0,-57.0,-275.0,1.0,-104.0,-301.0,-402.0,-12.0,7.0
-22.0,470.0,-63.0,-283.0,22.0,-111.0,-197.0,-88.0,5.0,38.0
-22.0,282.0,-65.0,-232.0,20.0,-233.0,37.0,317.0,31.0,77.0
-31.0,491.0,-83.0,-144.0,0.0,-308.0,310.0,345.0,46.0,115.0
-34.0,657.0,-110.0,-117.0,-25.0,-277.0,471.0,136.0,70.0,141.0
-37.0,205.0,-109.0,-80.0,29.0,-247.0,458.0,-413.0,91.0,176.0
-35.0,122.0,-133.0,-56.0,85.0,-194.0,350.0,-818.0,121.0,199.0
-40.0,89.0,-116.0,-59.0,45.0,-190.0,251.0,-914.0,136.0,210.0
-17.0,-57.0,-42.0,-56.0,-33.0,-130.0,181.0,-663.0,145.0,195.0
6.0,-94.0,-59.0,-110.0,90.0,-101.0,80.0,44.0,161.0,153.0
6.0,-283.0,-39.0,-165.0,132.0,-41.0,53.0,561.0,168.0,100.0
-8.0,-345.0,-8.0,-207.0,-33.0,23.0,110.0,840.0,175.0,26.0
-27.0,-156.0,-63.0,-228.0,-71.0,-98.0,162.0,465.0,182.0,-36.0
-31.0,-41.0,-67.0,-223.0,-21.0,-218.0,326.0,-258.0,181.0,-109.0
-50.0,-9.0,-24.0,-182.0,13.0,-278.0,492.0,-681.0,159.0,-184.0
-71.0,-124.0,-41.0,-103.0,-23.0,-204.0,483.0,-820.0,133.0,-236.0
-104.0,-43.0,-17.0,-33.0,-71.0,-196.0,251.0,-552.0,111.0,-284.0
-121.0,132.0,18.0,8.0,-66.0,-321.0,-126.0,-254.0,98.0,-312.0
-136.0,-27.0,-33.0,12.0,-37.0,-346.0,-400.0,73.0,76.0,-315.0
-159.0,-81.0,-2.0,78.0,-60.0,-388.0,-458.0,330.0,38.0,-318.0
-163.0,15.0,-20.0,117.0,-45.0,-366.0,-312.0,487.0,-2.0,-320.0
-154.0,172.0,0.0,140.0,8.0,-266.0,-188.0,423.0,-17.0,-314.0
-137.0,23.0,-6.0,107.0,19.0,-242.0,-226.0,-42.0,-29.0,-285.0
-146.0,-98.0,-98.0,60.0,51.0,-323.0,-228.0,-400.0,-51.0,-256.0
-130.0,193.0,-48.0,43.0,-1.0,-457.0,-15.0,-504.0,-50.0,-240.0
-104.0,157.0,-83.0,-51.0,2.0,-502.0,292.0,-369.0,-63.0,-214.0
-82.0,-49.0,-43.0,-73.0,113.0,-512.0,444.0,-325.0,-55.0,-187.0
-83.0,-55.0,-40.0,-98.0,55.0,-490.0,430.0,-491.0,-23.0,-137.0
-88.0,102.0,-97.0,-117.0,-101.0,-413.0,395.0,-872.0,-5.0,-88.0
-68.0,37.0,-87.0,-69.0,-112.0,-367.0,358.0,-1622.0,23.0,-58.0
-82.0,-107.0,-124.0,-44.0,76.0,-237.0,233.0,-1897.0,67.0,-13.0
-58.0,31.0,-81.0,-31.0,92.0,4.0,94.0,-1225.0,102.0,11.0
-4.0,-3.0,-84.0,-17.0,-108.0,273.0,33.0,-57.0,124.0,42.0
25.0,-77.0,-94.0,19.0,-47.0,445.0,62.0,840.0,146.0,76.0
43.0,31.0,-49.0,50.0,83.0,376.0,177.0,801.0,146.0,60.0
29.0,-1.0,-13.0,65.0,0.0,286.0,264.0,169.0,141.0,36.0
-7.0,1.0,-26.0,72.0,-83.0,102.0,236.0,-376.0,131.0,22.0
-22.0,242.0,19.0,81.0,-12.0,-100.0,188.0,-273.0,112.0,9.0
-24.0,213.0,34.0,92.0,31.0,30.0,214.0,90.0,99.0,-4.0
-26.0,79.0,23.0,62.0,25.0,115.0,277.0,291.0,93.0,-17.0
-21.0,216.0,72.0,21.0,2.0,37.0,403.0,426.0,77.0,-34.0
-18.0,165.0,63.0,-63.0,-33.0,-66.0,529.0,12.0,51.0,-23.0
-26.0,-35.0,76.0,-106.0,67.0,-225.0,520.0,-533.0,49.0,10.0
-45.0,-47.0,65.0,-64.0,102.0,-347.0,348.0,-903.0,36.0,20.0
-46.0,-18.0,57.0,-73.0,33.0,-405.0,149.0,-848.0,19.0,38.0
-58.0,-182.0,44.0,-47.0,-65.0,-362.0,106.0,-225.0,24.0,54.0
-53.0,-338.0,108.0,-15.0,3.0,-373.0,84.0,345.0,6.0,80.0
-56.0,-170.0,122.0,27.0,138.0,-423.0,-26.0,764.0,-24.0,97.0
-61.0,-104.0,89.0,20.0,19.0,-436.0,-95.0,642.0,-20.0,104.0
-50.0,-173.0,124.0,-31.0,-68.0,-391.0,-33.0,279.0,1.0,104.0
-56.0,-162.0,77.0,-50.0,20.0,-254.0,63.0,-109.0,22.0,83.0
-48.0,-158.0,94.0,-82.0,25.0,-148.0,107.0,-197.0,36.0,82.0
-75.0,145.0,65.0,-43.0,-15.0,-8.0,7.0,221.0,36.0,63.0
-82.0,211.0,31.0,-23.0,-6.0,81.0,-266.0,408.0,40.0,41.0
-71.0,5.0,23.0,-39.0,-74.0,225.0,-398.0,539.0,27.0,12.0
-65.0,57.0,37.0,-90.0,28.0,271.0,-262.0,388.0,-4.0,-27.0
-51.0,115.0,69.0,-157.0,83.0,122.0,-96.0,116.0,-31.0,-41.0
-14.0,133.0,3.0,-193.0,-2.0,106.0,-92.0,-112.0,-40.0,-41.0
21.0,0.0,13.0,-200.0,16.0,-73.0,-191.0,-388.0,-73.0,-40.0
-4.0,-80.0,38.0,-185.0,49.0,-216.0,-170.0,-308.0,-93.0,-27.0
-19.0,-42.0,55.0,-196.0,73.0,-127.0,31.0,-254.0,-65.0,-24.0
-29.0,-58.0,5.0,-149.0,-8.0,-21.0,299.0,-382.0,-72.0,-23.0
-10.0,-118.0,-40.0,-96.0,-78.0,-65.0,382.0,-947.0,-72.0,22.0
0.0,-198.0,6.0,-26.0,-6.0,-321.0,251.0,-1515.0,-44.0,48.0
15.0,4.0,31.0,65.0,126.0,-446.0,211.0,-1300.0,-23.0,68.0
51.0,49.0,31.0,118.0,1.0,-402.0,439.0,-696.0,-14.0,79.0
57.0,-133.0,16.0,151.0,-95.0,-296.0,744.0,81.0,8.0,92.0
85.0,-66.0,33.0,190.0,84.0,-242.0,727.0,772.0,28.0,116.0
105.0,50.0,-17.0,272.0,89.0,-340.0,414.0,1197.0,9.0,102.0
104.0,193.0,-36.0,321.0,-55.0,-519.0,174.0,940.0,14.0,91.0
96.0,250.0,-14.0,304.0,-77.0,-552.0,157.0,-22.0,-5.0,62.0
83.0,164.0,-54.0,253.0,93.0,-361.0,198.0,-698.0,-26.0,23.0
82.0,163.0,-12.0,167.0,154.0,-98.0,51.0,-940.0,-23.0,-3.0
88.0,299.0,2.0,66.0,13.0,-16.0,-144.0,-493.0,-33.0,-40.0
81.0,270.0,4.0,5.0,-26.0,-114.0,-179.0,362.0,-17.0,-103.0
79.0,219.0,1.0,-31.0,39.0,-131.0,-168.0,822.0,-19.0,-174.0
67.0,400.0,-42.0,-33.0,38.0,-62.0,-235.0,668.0,-14.0,-225.0
70.0,296.0,-35.0,14.0,31.0,125.0,-325.0,49.0,6.0,-261.0
73.0,176.0,-55.0,22.0,-38.0,219.0,-332.0,-184.0,-3.0,-284.0
66.0,196.0,-65.0,0.0,-77.0,247.0,-205.0,-86.0,2.0,-299.0
66.0,115.0,-43.0,-22.0,80.0,307.0,-8.0,301.0,29.0,-277.0
53.0,147.0,-51.0,-51.0,64.0,278.0,98.0,600.0,32.0,-227.0
39.0,-51.0,-68.0,-47.0,-19.0,248.0,134.0,424.0,35.0,-182.0
11.0,-113.0,-10.0,-14.0,6.0,275.0,249.0,64.0,31.0,-123.0
25.0,122.0,-18.0,63.0,10.0,355.0,469.0,-476.0,31.0,-33.0
15.0,-4.0,-47.0,122.0,88.0,335.0,628.0,-428.0,47.0,35.0
14.0,-167.0,-18.0,92.0,6.0,298.0,564.0,-88.0,32.0,81.0
25.0,-15.0,-86.0,79.0,-129.0,252.0,341.0,33.0,3.0,146.0
-16.0,239.0,-87.0,55.0,0.0,315.0,185.0,33.0,-19.0,210.0
-36.0,116.0,-76.0,57.0,52.0,441.0,166.0,49.0,-17.0,235.0
-56.0,21.0,-46.0,48.0,-67.0,313.0,53.0,395.0,-16.0,247.0
-75.0,75.0,23.0,22.0,-33.0,80.0,-177.0,563.0,-39.0,259.0
-91.0,-148.0,73.0,3.0,68.0,-70.0,-353.0,569.0,-47.0,263.0
-85.0,14.0,93.0,-108.0,-15.0,12.0,-369.0,275.0,-72.0,247.0
-72.0,115.0,86.0,-161.0,-43.0,100.0,-272.0,-182.0,-93.0,212.0
-71.0,-225.0,93.0,-211.0,-22.0,123.0,-242.0,-303.0,-94.0,201.0
-67.0,-261.0,52.0,-245.0,-13.0,1.0,-224.0,-264.0,-91.0,142.0
-74.0,-172.0,74.0,-209.0,89.0,-249.0,-142.0,-36.0,-96.0,64.0
-90.0,-320.0,68.0,-164.0,34.0,-253.0,-24.0,-230.0,-102.0,31.0
-90.0,-296.0,-11.0,-127.0,-31.0,-164.0,38.0,-574.0,-71.0,-17.0
-71.0,-26.0,-34.0,-121.0,4.0,0.0,106.0,-417.0,-54.0,-70.0
-47.0,22.0,-17.0,-50.0,50.0,-57.0,309.0,57.0,-32.0,-88.0
8.0,-110.0,-58.0,16.0,63.0,-122.0,546.0,698.0,-12.0,-69.0
45.0,-46.0,-62.0,55.0,17.0,56.0,645.0,800.0,0.0,-46.0
42.0,88.0,-32.0,102.0,52.0,64.0,528.0,495.0,29.0,-5.0
33.0,31.0,-94.0,157.0,118.0,51.0,387.0,90.0,34.0,35.0
30.0,62.0,-97.0,151.0,52.0,-2.0,272.0,-14.0,56.0,91.0
12.0,124.0,-98.0,122.0,-62.0,166.0,129.0,408.0,78.0,141.0
4.0,151.0,-165.0,130.0,-3.0,390.0,-31.0,772.0,96.0,160.0
32.0,328.0,-166.0,121.0,44.0,415.0,-149.0,1025.0,107.0,189.0
59.0,241.0,-123.0,105.0,-5.0,517.0,-123.0,755.0,106.0,179.0
45.0,-11.0,-144.0,59.0,-105.0,565.0,-43.0,24.0,102.0,135.0
24.0,180.0,-92.0,70.0,-96.0,561.0,-2.0,-727.0,82.0,82.0
18.0,335.0,-62.0,53.0,83.0,424.0,-106.0,-881.0,119.0,56.0
28.0,103.0,-103.0,7.0,-43.0,329.0,-311.0,-177.0,121.0,18.0
39.0,-5.0,-36.0,-21.0,-147.0,303.0,-440.0,506.0,108.0,-30.0
32.0,81.0,-50.0,-73.0,-72.0,236.0,-436.0,992.0,109.0,-19.0
58.0,88.0,-53.0,-92.0,-64.0,371.0,-406.0,984.0,84.0,9.0
78.0,-154.0,-81.0,-84.0,-14.0,490.0,-411.0,508.0,79.0,45.0
98.0,-273.0,-107.0,-23.0,-61.0,509.0,-294.0,-194.0,54.0,91.0
88.0,-80.0,-102.0,-7.0,-14.0,522.0,-66.0,-1080.0,34.0,153.0
94.0,59.0,-153.0,53.0,90.0,563.0,149.0,-1480.0,4.0,217.0
121.0,43.0,-89.0,116.0,115.0,738.0,292.0,-1116.0,9.0,269.0
115.0,-177.0,-100.0,55.0,64.0,634.0,359.0,-46.0,25.0,332.0
129.0,-75.0,-109.0,12.0,-42.0,356.0,336.0,897.0,19.0,381.0
142.0,196.0,-80.0,3.0,36.0,241.0,276.0,1189.0,36.0,365.0
159.0,25.0,-77.0,-3.0,83.0,187.0,253.0,933.0,25.0,336.0
135.0,-59.0,-100.0,-4.0,-44.0,263.0,225.0,147.0,26.0,340.0
123.0,-160.0,-129.0,-4.0,-15.0,179.0,160.0,-471.0,37.0,309.0
95.0,-18.0,-119.0,-32.0,78.0,111.0,76.0,-897.0,44.0,251.0
67.0,40.0,-136.0,-44.0,23.0,168.0,38.0,-883.0,48.0,199.0
58.0,-220.0,-61.0,-57.0,48.0,86.0,107.0,-94.0,40.0,158.0
34.0,0.0,-68.0,-55.0,-4.0,16.0,243.0,970.0,72.0,114.0
54.0,-124.0,-119.0,-52.0,-88.0,-90.0,290.0,1625.0,84.0,57.0
40.0,-334.0,-76.0,-48.0,53.0,-40.0,241.0,1018.0,62.0,7.0
52.0,-172.0,-112.0,-13.0,0.0,194.0,131.0,51.0,68.0,-27.0
58.0,-194.0,-128.0,-3.0,-125.0,362.0,1.0,-314.0,65.0,-68.0
75.0,-320.0,-81.0,7.0,24.0,257.0,-81.0,53.0,68.0,-89.0
82.0,-289.0,-74.0,20.0,10.0,55.0,-77.0,703.0,78.0,-81.0
68.0,-57.0,-51.0,73.0,-96.0,61.0,29.0,763.0,79.0,-95.0
84.0,-68.0,-34.0,97.0,-4.0,22.0,42.0,447.0,91.0,-102.0
85.0,-131.0,-47.0,121.0,-98.0,-4.0,10.0,-319.0,85.0,-82.0
105.0,116.0,-39.0,175.0,-89.0,-74.0,9.0,-918.0,91.0,-62.0
79.0,89.0,-10.0,197.0,58.0,-146.0,-110.0,-923.0,93.0,-62.0
68.0,-23.0,-8.0,235.0,-87.0,75.0,-384.0,-576.0,64.0,-71.0
59.0,-9.0,-16.0,245.0,-52.0,225.0,-729.0,-40.0,60.0,-57.0
55.0,-91.0,-13.0,217.0,107.0,114.0,-946.0,121.0,72.0,-44.0
45.0,107.0,-42.0,165.0,5.0,-18.0,-945.0,162.0,63.0,-61.0
3.0,-2.0,-47.0,139.0,-27.0,-32.0,-745.0,-44.0,53.0,-75.0
-1.0,-12.0,-56.0,103.0,14.0,223.0,-481.0,-109.0,28.0,-85.0
-13.0,34.0,-59.0,48.0,15.0,469.0,-314.0,214.0,15.0,-104.0
-21.0,-203.0,-79.0,9.0,82.0,376.0,-221.0,358.0,-11.0,-115.0
-54.0,-88.0,-121.0,-17.0,24.0,239.0,-24.0,229.0,-51.0,-133.0
-78.0,-27.0,-128.0,-50.0,-32.0,205.0,254.0,-288.0,-47.0,-127.0
-72.0,42.0,-119.0,-85.0,67.0,269.0,454.0,-480.0,-80.0,-133.0
-63.0,-101.0,-138.0,-51.0,72.0,265.0,526.0,-412.0,-100.0,-137.0
-56.0,-152.0,-139.0,-34.0,43.0,97.0,495.0,-376.0,-91.0,-114.0
-35.0,-184.0,-116.0,0.0,54.0,15.0,515.0,-234.0,-113.0,-112.0
-32.0,-237.0,-125.0,54.0,3.0,10.0,667.0,-190.0,-96.0,-90.0
-63.0,-144.0,-67.0,25.0,70.0,-73.0,864.0,133.0,-60.0,-72.0
-84.0,-136.0,-30.0,-13.0,88.0,-227.0,971.0,277.0,-46.0,-46.0
-101.0,-5.0,6.0,-20.0,-16.0,-181.0,822.0,177.0,-35.0,-30.0
-85.0,-101.0,21.0,14.0,8.0,53.0,462.0,157.0,-27.0,-25.0
-91.0,33.0,-11.0,68.0,-15.0,239.0,216.0,279.0,-23.0,14.0
-73.0,14.0,23.0,138.0,122.0,298.0,179.0,652.0,-4.0,40.0
-50.0,44.0,22.0,197.0,89.0,244.0,167.0,528.0,0.0,65.0
-66.0,201.0,9.0,195.0,-148.0,223.0,-9.0,134.0,-29.0,92.0
-93.0,-113.0,51.0,189.0,116.0,347.0,-355.0,-399.0,-46.0,117.0
-127.0,-114.0,58.0,138.0,59.0,488.0,-573.0,-735.0,-58.0,155.0
-131.0,28.0,48.0,96.0,-176.0,437.0,-616.0,-321.0,-82.0,199.0
-147.0,100.0,101.0,82.0,11.0,245.0,-758.0,86.0,-85.0,243.0
-126.0,116.0,76.0,29.0,-22.0,98.0,-1011.0,445.0,-115.0,272.0
-119.0,-47.0,25.0,-22.0,-52.0,179.0,-1075.0,600.0,-156.0,295.0
-104.0,-81.0,88.0,-65.0,35.0,240.0,-958.0,574.0,-167.0,305.0
-79.0,79.0,81.0,-72.0,-83.0,-6.0,-850.0,295.0,-175.0,288.0
-101.0,8.0,31.0,-46.0,-67.0,-173.0,-735.0,-452.0,-178.0,259.0
-102.0,0.0,47.0,3.0,65.0,-128.0,-563.0,-742.0,-190.0,213.0
-92.0,116.0,35.0,77.0,-52.0,-79.0,-205.0,-445.0,-179.0,143.0
-49.0,116.0,74.0,117.0,-83.0,-26.0,137.0,123.0,-156.0,83.0
-25.0,53.0,113.0,118.0,-41.0,-77.0,204.0,266.0,-107.0,10.0
8.0,-11.0,92.0,138.0,-44.0,-233.0,197.0,-175.0,-70.0,-75.0
21.0,216.0,114.0,114.0,28.0,-299.0,354.0,-365.0,-41.0,-137.0
-2.0,189.0,119.0,135.0,-71.0,-290.0,549.0,-234.0,16.0,-176.0
-18.0,7.0,109.0,205.0,-44.0,-170.0,522.0,48.0,49.0,-188.0
-46.0,29.0,102.0,162.0,87.0,8.0,371.0,-18.0,82.0,-191.0
-30.0,219.0,54.0,132.0,105.0,12.0,327.0,-315.0,82.0,-175.0
-10.0,313.0,47.0,152.0,65.0,-22.0,465.0,-478.0,88.0,-157.0
12.0,173.0,35.0,134.0,-26.0,-129.0,654.0,-327.0,84.0,-127.0
18.0,162.0,17.0,128.0,119.0,-247.0,632.0,175.0,50.0,-87.0
45.0,162.0,47.0,117.0,248.0,-26.0,388.0,380.0,52.0,-68.0
59.0,162.0,1.0,67.0,21.0,144.0,176.0,493.0,20.0,-52.0
37.0,148.0,6.0,31.0,-54.0,110.0,180.0,432.0,-16.0,-67.0
42.0,57.0,34.0,-20.0,140.0,-25.0,222.0,16.0,-24.0,-84.0
52.0,-161.0,38.0,-47.0,38.0,-171.0,60.0,-487.0,-40.0,-101.0
100.0,-237.0,-11.0,-58.0,-82.0,-14.0,-252.0,-705.0,-49.0,-133.0
96.0,-239.0,-39.0,-61.0,-19.0,148.0,-603.0,-323.0,-65.0,-167.0
83.0,-168.0,17.0,-27.0,21.0,225.0,-758.0,-12.0,-64.0,-194.0
74.0,-47.0,-22.0,-104.0,45.0,140.0,-686.0,22.0,-56.0,-185.0
41.0,-176.0,17.0,-139.0,-46.0,-44.0,-667.0,-430.0,-62.0,-174.0
35.0,41.0,79.0,-90.0,-62.0,-41.0,-702.0,-757.0,-41.0,-146.0
25.0,45.0,31.0,-90.0,-73.0,-2.0,-633.0,-277.0,-41.0,-113.0
32.0,0.0,30.0,-92.0,-18.0,4.0,-420.0,201.0,-43.0,-82.0
25.0,300.0,26.0,-66.0,140.0,-111.0,-174.0,539.0,-23.0,-48.0
-5.0,-55.0,0.0,-30.0,24.0,-106.0,59.0,545.0,-40.0,-12.0
-22.0,-58.0,33.0,-6.0,-36.0,-18.0,290.0,341.0,-46.0,23.0
-8.0,240.0,4.0,40.0,122.0,23.0,356.0,157.0,-57.0,37.0
0.0,-57.0,5.0,79.0,78.0,127.0,294.0,-33.0,-59.0,51.0
-3.0,-89.0,64.0,110.0,-84.0,161.0,198.0,-25.0,-38.0,62.0
0.0,190.0,67.0,87.0,-32.0,85.0,38.0,-60.0,-51.0,63.0
0.0,158.0,76.0,56.0,35.0,-260.0,-210.0,20.0,-43.0,53.0
4.0,-84.0,89.0,96.0,14.0,-528.0,-447.0,-173.0,-14.0,39.0
-19.0,84.0,83.0,110.0,1.0,-436.0,-438.0,-502.0,3.0,20.0
-29.0,52.0,87.0,111.0,-41.0,-239.0,-232.0,-354.0,19.0,-11.0
-18.0,-48.0,85.0,95.0,31.0,-226.0,39.0,-107.0,27.0,-30.0
5.0,85.0,37.0,40.0,18.0,-313.0,236.0,197.0,42.0,-52.0
27.0,-157.0,49.0,0.0,-133.0,-266.0,234.0,83.0,63.0,-86.0
15.0,6.0,30.0,-32.0,-50.0,-217.0,209.0,-393.0,74.0,-123.0
20.0,108.0,38.0,-92.0,50.0,-25.0,244.0,-805.0,79.0,-149.0
28.0,-45.0,48.0,-121.0,-9.0,114.0,327.0,-740.0,86.0,-168.0
29.0,127.0,43.0,-131.0,-5.0,35.0,376.0,116.0,77.0,-196.0
6.0,57.0,61.0,-115.0,-35.0,-195.0,188.0,654.0,94.0,-207.0
13.0,122.0,45.0,-69.0,28.0,-544.0,-23.0,602.0,101.0,-205.0
40.0,322.0,95.0,-58.0,110.0,-542.0,38.0,230.0,86.0,-196.0
36.0,79.0,49.0,-84.0,-52.0,-272.0,149.0,51.0,78.0,-177.0
48.0,-153.0,2.0,-118.0,-8.0,-148.0,131.0,223.0,60.0,-150.0
52.0,-76.0,-20.0,-117.0,14.0,-219.0,76.0,164.0,44.0,-128.0
65.0,-20.0,-43.0,-114.0,-32.0,-258.0,60.0,9.0,3.0,-120.0
47.0,-73.0,-15.0,-126.0,82.0,-50.0,143.0,-524.0,-23.0,-85.0
18.0,-70.0,-42.0,-135.0,-95.0,248.0,166.0,-844.0,-53.0,-56.0
2.0,-33.0,-63.0,-185.0,-34.0,381.0,40.0,-489.0,-85.0,-45.0
7.0,-286.0,-66.0,-266.0,180.0,262.0,21.0,83.0,-106.0,-17.0
6.0,-301.0,-52.0,-285.0,-112.0,100.0,149.0,674.0,-130.0,4.0
-13.0,-7.0,12.0,-249.0,-121.0,80.0,211.0,661.0,-131.0,22.0
-12.0,-150.0,15.0,-223.0,61.0,133.0,137.0,240.0,-126.0,29.0
-15.0,-22.0,-34.0,-190.0,-32.0,219.0,-99.0,-341.0,-111.0,28.0
-17.0,22.0,16.0,-150.0,74.0,193.0,-257.0,-533.0,-102.0,28.0
-36.0,-91.0,18.0,-81.0,11.0,55.0,-191.0,-62.0,-87.0,17.0
0.0,282.0,59.0,19.0,-124.0,-11.0,-186.0,238.0,-66.0,2.0
11.0,7.0,118.0,110.0,59.0,-135.0,-343.0,62.0,-59.0,-17.0
10.0,-136.0,70.0,161.0,47.0,-222.0,-523.0,-735.0,-37.0,-39.0
19.0,201.0,115.0,206.0,-65.0,-135.0,-588.0,-1269.0,1.0,-53.0
17.0,-64.0,169.0,236.0,-22.0,-43.0,-539.0,-848.0,0.0,-62.0
47.0,-194.0,170.0,269.0,25.0,-88.0,-441.0,299.0,7.0,-61.0
47.0,48.0,150.0,328.0,38.0,-248.0,-440.0,1489.0,43.0,-78.0
78.0,34.0,108.0,337.0,28.0,-287.0,-473.0,1642.0,50.0,-87.0
85.0,-228.0,92.0,317.0,-77.0,-128.0,-313.0,805.0,76.0,-80.0
108.0,22.0,106.0,269.0,65.0,-2.0,-140.0,-628.0,86.0,-79.0
116.0,39.0,113.0,169.0,170.0,-147.0,-29.0,-1483.0,82.0,-66.0
93.0,-374.0,84.0,63.0,-83.0,-457.0,147.0,-1335.0,101.0,-53.0
95.0,-117.0,63.0,13.0,-110.0,-588.0,420.0,-816.0,115.0,-7.0
86.0,-131.0,69.0,-7.0,-88.0,-413.0,659.0,-243.0,116.0,29.0
86.0,-278.0,38.0,-4.0,16.0,-203.0,791.0,-356.0,111.0,37.0
67.0,-21.0,36.0,-13.0,18.0,-189.0,963.0,-724.0,114.0,69.0
75.0,-61.0,3.0,-41.0,-153.0,-303.0,1101.0,-825.0,115.0,88.0
70.0,-146.0,-4.0,-44.0,-56.0,-361.0,1113.0,-347.0,119.0,92.0
54.0,11.0,50.0,-45.0,-46.0,-210.0,1062.0,578.0,118.0,84.0
46.0,-95.0,9.0,6.0,-53.0,-106.0,991.0,1055.0,104.0,65.0
45.0,-131.0,25.0,21.0,-126.0,-167.0,869.0,1042.0,100.0,50.0
31.0,61.0,18.0,14.0,-94.0,-192.0,631.0,471.0,84.0,36.0
10.0,-217.0,25.0,29.0,148.0,-117.0,338.0,-101.0,63.0,17.0
9.0,-121.0,106.0,19.0,49.0,-35.0,0.0,-327.0,37.0,9.0
2.0,239.0,78.0,5.0,-89.0,3.0,-302.0,-319.0,10.0,-3.0
14.0,1.0,96.0,-4.0,0.0,159.0,-353.0,-149.0,9.0,11.0
14.0,16.0,147.0,30.0,63.0,290.0,-345.0,-362.0,-4.0,48.0
16.0,92.0,71.0,64.0,32.0,313.0,-418.0,-456.0,-15.0,69.0
5.0,-18.0,68.0,58.0,-32.0,296.0,-445.0,-83.0,-21.0,102.0
0.0,-3.0,141.0,66.0,-163.0,187.0,-352.0,556.0,-27.0,123.0
-5.0,-103.0,101.0,100.0,22.0,175.0,-227.0,994.0,-4.0,165.0
0.0,-70.0,164.0,76.0,178.0,81.0,-243.0,713.0,-11.0,190.0
-2.0,-69.0,211.0,43.0,-149.0,-73.0,-148.0,-20.0,-37.0,195.0
-25.0,-122.0,211.0,61.0,-104.0,-92.0,95.0,-1021.0,-54.0,202.0
-40.0,-138.0,247.0,58.0,65.0,-133.0,272.0,-1509.0,-52.0,195.0
-53.0,73.0,171.0,41.0,53.0,-74.0,390.0,-1154.0,-23.0,217.0
-28.0,39.0,185.0,29.0,43.0,123.0,434.0,-419.0,0.0,209.0
-24.0,-300.0,188.0,57.0,-62.0,265.0,385.0,360.0,11.0,205.0
-15.0,6.0,175.0,78.0,-24.0,199.0,367.0,515.0,31.0,212.0
-18.0,-46.0,226.0,69.0,67.0,85.0,464.0,336.0,59.0,209.0
0.0,-59.0,193.0,91.0,163.0,13.0,461.0,35.0,79.0,209.0
27.0,122.0,192.0,55.0,13.0,13.0,402.0,-321.0,96.0,188.0
11.0,-48.0,212.0,41.0,-97.0,79.0,373.0,-400.0,106.0,175.0
24.0,-95.0,180.0,65.0,92.0,18.0,263.0,-341.0,116.0,147.0
33.0,-107.0,145.0,64.0,80.0,-47.0,121.0,-35.0,137.0,116.0
70.0,58.0,105.0,128.0,-54.0,-81.0,-12.0,68.0,135.0,68.0
64.0,-19.0,65.0,110.0,-29.0,-156.0,-48.0,1.0,102.0,17.0
53.0,260.0,59.0,72.0,86.0,-144.0,171.0,-55.0,93.0,-35.0
52.0,402.0,35.0,69.0,-30.0,24.0,534.0,-173.0,78.0,-103.0
21.0,13.0,0.0,22.0,-28.0,22.0,674.0,-136.0,46.0,-143.0
9.0,161.0,-31.0,12.0,0.0,-33.0,540.0,-303.0,30.0,-183.0
-18.0,265.0,-52.0,12.0,-36.0,98.0,353.0,-297.0,-1.0,-224.0
-9.0,182.0,-33.0,-51.0,91.0,109.0,399.0,-84.0,-39.0,-231.0
-7.0,207.0,-54.0,-150.0,-125.0,95.0,592.0,258.0,-57.0,-207.0
-20.0,187.0,-51.0,-206.0,-134.0,70.0,556.0,580.0,-76.0,-186.0
-23.0,54.0,8.0,-210.0,70.0,47.0,233.0,240.0,-97.0,-158.0
0.0,138.0,15.0,-128.0,48.0,96.0,-137.0,-402.0,-109.0,-104.0
-3.0,230.0,-19.0,-55.0,-58.0,45.0,-243.0,-946.0,-101.0,-53.0
-31.0,135.0,-15.0,0.0,-123.0,16.0,-141.0,-875.0,-86.0,11.0
-34.0,123.0,-10.0,45.0,-2.0,195.0,18.0,-424.0,-97.0,74.0
-52.0,183.0,0.0,69.0,49.0,419.0,97.0,147.0,-121.0,99.0
-40.0,166.0,5.0,107.0,6.0,417.0,74.0,872.0,-123.0,121.0
-23.0,-316.0,-20.0,101.0,-108.0,346.0,67.0,1043.0,-114.0,144.0
6.0,-247.0,-4.0,136.0,-5.0,368.0,27.0,692.0,-107.0,149.0
17.0,12.0,12.0,147.0,137.0,404.0,-14.0,112.0,-116.0,128.0
23.0,-485.0,2.0,128.0,6.0,443.0,-13.0,-182.0,-127.0,93.0
7.0,-314.0,-20.0,109.0,-51.0,434.0,-14.0,-203.0,-119.0,62.0
-2.0,-91.0,-7.0,38.0,19.0,278.0,-56.0,-266.0,-119.0,36.0
28.0,-322.0,37.0,-20.0,126.0,114.0,-115.0,-186.0,-107.0,9.0
36.0,-135.0,69.0,-53.0,102.0,-9.0,-177.0,-323.0,-75.0,-12.0
74.0,-2.0,79.0,-41.0,-44.0,-178.0,-46.0,-336.0,-57.0,-18.0
99.0,-136.0,95.0,-48.0,10.0,-147.0,331.0,86.0,-33.0,-4.0
116.0,-110.0,76.0,-68.0,171.0,37.0,678.0,705.0,-2.0,22.0
106.0,92.0,58.0,-88.0,107.0,-47.0,881.0,1055.0,27.0,54.0
75.0,73.0,134.0,-176.0,-51.0,-209.0,995.0,731.0,48.0,100.0
57.0,233.0,87.0,-190.0,-38.0,-114.0,1110.0,419.0,79.0,128.0
63.0,249.0,40.0,-152.0,98.0,-166.0,1194.0,164.0,104.0,133.0
63.0,38.0,88.0,-96.0,89.0,-370.0,1102.0,-145.0,105.0,148.0
46.0,107.0,31.0,-5.0,-14.0,-331.0,809.0,-539.0,108.0,138.0
43.0,-76.0,71.0,12.0,-99.0,-244.0,545.0,-781.0,86.0,95.0
45.0,-205.0,99.0,61.0,-27.0,-155.0,357.0,-521.0,94.0,64.0
61.0,-20.0,19.0,69.0,12.0,93.0,220.0,-424.0,84.0,36.0
35.0,95.0,77.0,45.0,-48.0,125.0,20.0,-212.0,30.0,-3.0
21.0,-108.0,43.0,65.0,-7.0,-5.0,-415.0,147.0,20.0,-46.0
5.0,-170.0,2.0,72.0,-32.0,81.0,-734.0,410.0,-14.0,-86.0
-6.0,-39.0,74.0,81.0,98.0,82.0,-798.0,509.0,-51.0,-118.0
-22.0,74.0,39.0,65.0,8.0,-17.0,-807.0,205.0,-59.0,-128.0
-17.0,255.0,43.0,53.0,-121.0,56.0,-767.0,-31.0,-100.0,-103.0
26.0,45.0,69.0,-3.0,81.0,106.0,-640.0,-410.0,-139.0,-74.0
39.0,18.0,85.0,-72.0,16.0,-28.0,-498.0,-691.0,-139.0,-51.0
41.0,203.0,90.0,-114.0,-20.0,-52.0,-370.0,-569.0,-156.0,-17.0
3.0,165.0,92.0,-110.0,85.0,-107.0,-272.0,-62.0,-176.0,46.0
11.0,99.0,113.0,-96.0,-35.0,-314.0,-182.0,759.0,-164.0,106.0
23.0,79.0,85.0,-87.0,-54.0,-149.0,21.0,1202.0,-158.0,147.0
17.0,188.0,105.0,-5.0,96.0,110.0,278.0,1178.0,-144.0,211.0
7.0,211.0,133.0,44.0,-57.0,75.0,303.0,487.0,-146.0,271.0
2.0,72.0,117.0,83.0,-98.0,-141.0,158.0,-330.0,-130.0,315.0
42.0,42.0,74.0,126.0,0.0,-283.0,302.0,-692.0,-100.0,318.0
62.0,332.0,91.0,157.0,-78.0,-128.0,641.0,-672.0,-83.0,311.0
80.0,315.0,83.0,207.0,57.0,118.0,903.0,-120.0,-40.0,305.0
86.0,66.0,61.0,233.0,30.0,150.0,1183.0,371.0,-12.0,266.0
92.0,124.0,89.0,246.0,-23.0,-164.0,1578.0,720.0,24.0,224.0
83.0,112.0,63.0,210.0,94.0,-343.0,1777.0,755.0,46.0,175.0
72.0,103.0,78.0,144.0,-65.0,-273.0,1503.0,332.0,62.0,119.0
73.0,168.0,38.0,134.0,-113.0,-257.0,1133.0,-35.0,117.0,69.0
73.0,48.0,-1.0,121.0,-1.0,-179.0,785.0,-352.0,143.0,42.0
107.0,-163.0,28.0,81.0,-36.0,-259.0,326.0,-315.0,131.0,26.0
139.0,-227.0,10.0,79.0,-30.0,-413.0,-203.0,-77.0,112.0,-1.0
144.0,-290.0,6.0,68.0,-16.0,-275.0,-711.0,260.0,118.0,-4.0
151.0,-179.0,39.0,35.0,-20.0,-111.0,-1075.0,521.0,105.0,25.0
117.0,-27.0,51.0,42.0,17.0,-31.0,-1111.0,430.0,75.0,48.0
62.0,-181.0,11.0,63.0,-12.0,54.0,-881.0,434.0,51.0,59.0
36.0,-27.0,36.0,55.0,-5.0,87.0,-838.0,452.0,33.0,88.0
9.0,81.0,48.0,55.0,-6.0,99.0,-959.0,533.0,15.0,122.0
31.0,-72.0,1.0,88.0,-7.0,102.0,-957.0,299.0,10.0,143.0
46.0,64.0,59.0,91.0,97.0,196.0,-805.0,-186.0,18.0,155.0
32.0,163.0,70.0,72.0,55.0,375.0,-606.0,-345.0,-5.0,142.0
35.0,141.0,44.0,103.0,10.0,474.0,-431.0,-238.0,-13.0,125.0
30.0,115.0,102.0,85.0,16.0,390.0,-455.0,136.0,-13.0,116.0
21.0,157.0,113.0,10.0,-38.0,209.0,-599.0,173.0,0.0,103.0
17.0,66.0,77.0,-13.0,41.0,221.0,-515.0,-77.0,5.0,89.0
23.0,-172.0,58.0,-63.0,22.0,368.0,-174.0,-362.0,10.0,59.0
41.0,-49.0,100.0,-106.0,-56.0,410.0,291.0,-478.0,38.0,52.0
53.0,-73.0,90.0,-104.0,55.0,293.0,709.0,-123.0,50.0,78.0
50.0,-322.0,63.0,-109.0,38.0,125.0,967.0,399.0,87.0,94.0
61.0,-236.0,146.0,-106.0,-35.0,-29.0,934.0,966.0,101.0,106.0
87.0,-17.0,119.0,-63.0,62.0,-134.0,751.0,982.0,120.0,112.0
111.0,106.0,133.0,-39.0,-2.0,-117.0,710.0,561.0,154.0,144.0
107.0,-44.0,139.0,-34.0,-114.0,-83.0,827.0,86.0,168.0,184.0
110.0,-119.0,80.0,-71.0,-2.0,-129.0,924.0,-373.0,201.0,193.0
108.0,77.0,131.0,-122.0,7.0,-118.0,819.0,-293.0,201.0,201.0
66.0,186.0,77.0,-100.0,0.0,-45.0,507.0,38.0,180.0,202.0
25.0,9.0,88.0,-70.0,-33.0,-13.0,-35.0,362.0,167.0,204.0
12.0,-272.0,107.0,27.0,-164.0,99.0,-425.0,498.0,167.0,205.0
35.0,-27.0,78.0,91.0,-52.0,194.0,-378.0,467.0,164.0,196.0
31.0,86.0,64.0,143.0,45.0,200.0,-188.0,532.0,148.0,171.0
2.0,-216.0,52.0,194.0,-52.0,196.0,-87.0,410.0,159.0,130.0
-2.0,-128.0,87.0,189.0,-90.0,148.0,-77.0,279.0,171.0,110.0
-14.0,71.0,1.0,254.0,56.0,27.0,-203.0,75.0,174.0,93.0
-35.0,24.0,32.0,313.0,118.0,-58.0,-546.0,-24.0,177.0,62.0
-56.0,-44.0,46.0,322.0,18.0,-122.0,-815.0,160.0,167.0,17.0
-44.0,163.0,-42.0,294.0,-21.0,-329.0,-797.0,162.0,162.0,-19.0
-21.0,58.0,-8.0,302.0,-83.0,-500.0,-584.0,49.0,161.0,-52.0
-33.0,-84.0,12.0,290.0,-44.0,-536.0,-316.0,-175.0,155.0,-87.0
-37.0,216.0,10.0,256.0,-9.0,-370.0,-176.0,-182.0,126.0,-121.0
-35.0,-53.0,50.0,233.0,-2.0,-177.0,-221.0,42.0,94.0,-164.0
-26.0,-356.0,63.0,163.0,32.0,-214.0,-256.0,312.0,73.0,-199.0
-14.0,-12.0,1.0,87.0,85.0,-297.0,-85.0,713.0,27.0,-238.0
-30.0,-8.0,38.0,-20.0,133.0,-331.0,186.0,755.0,-2.0,-249.0
-52.0,-361.0,53.0,-69.0,-12.0,-199.0,286.0,545.0,-16.0,-253.0
-46.0,-145.0,22.0,-43.0,-15.0,-111.0,179.0,173.0,-42.0,-284.0
-28.0,101.0,48.0,-21.0,57.0,-266.0,54.0,-25.0,-48.0,-280.0
-30.0,-212.0,32.0,-52.0,19.0,-323.0,-194.0,44.0,-68.0,-266.0
-16.0,-169.0,28.0,-80.0,-7.0,-305.0,-493.0,60.0,-85.0,-269.0
-12.0,93.0,36.0,-30.0,32.0,-218.0,-467.0,188.0,-73.0,-266.0
-35.0,11.0,63.0,30.0,96.0,38.0,-175.0,73.0,-73.0,-247.0
-61.0,-20.0,69.0,20.0,60.0,141.0,1.0,35.0,-74.0,-216.0
-69.0,164.0,100.0,-26.0,24.0,76.0,-43.0,81.0,-76.0,-194.0
-61.0,347.0,93.0,-11.0,-53.0,144.0,-193.0,49.0,-69.0,-162.0
-70.0,215.0,73.0,1.0,-44.0,280.0,-341.0,223.0,-43.0,-125.0
-74.0,218.0,131.0,-10.0,-2.0,198.0,-301.0,186.0,4.0,-91.0
-84.0,366.0,99.0,-30.0,-65.0,22.0,-208.0,22.0,40.0,-45.0
-87.0,290.0,111.0,-32.0,-37.0,-52.0,-292.0,-236.0,76.0,-20.0
-80.0,271.0,136.0,22.0,6.0,-2.0,-404.0,-328.0,126.0,18.0
-50.0,111.0,106.0,55.0,19.0,2.0,-356.0,-181.0,128.0,45.0
-14.0,-75.0,110.0,44.0,25.0,-162.0,-280.0,-16.0,133.0,59.0
-6.0,-20.0,82.0,24.0,-106.0,-214.0,-270.0,225.0,152.0,106.0
1.0,-29.0,61.0,5.0,-172.0,-193.0,-287.0,103.0,157.0,130.0
-12.0,-258.0,39.0,-21.0,5.0,-204.0,-411.0,3.0,134.0,127.0
-7.0,-243.0,44.0,-31.0,-58.0,-219.0,-538.0,44.0,124.0,135.0
0.0,6.0,87.0,15.0,-137.0,-212.0,-472.0,114.0,136.0,180.0
2.0,32.0,110.0,48.0,116.0,-164.0,-233.0,332.0,104.0,197.0
13.0,78.0,89.0,32.0,101.0,-165.0,-62.0,389.0,93.0,182.0
20.0,122.0,52.0,-11.0,14.0,-199.0,83.0,574.0,93.0,207.0
38.0,122.0,42.0,-32.0,-11.0,-171.0,222.0,561.0,65.0,238.0
34.0,175.0,55.0,23.0,-45.0,-75.0,180.0,240.0,34.0,243.0
44.0,-13.0,73.0,38.0,33.0,33.0,130.0,-127.0,29.0,244.0
48.0,-249.0,83.0,21.0,-78.0,39.0,204.0,-352.0,20.0,292.0
49.0,-54.0,110.0,44.0,-80.0,-177.0,151.0,-114.0,3.0,302.0
24.0,82.0,85.0,94.0,49.0,-267.0,-82.0,160.0,-8.0,275.0
-2.0,-160.0,91.0,103.0,37.0,-137.0,-201.0,436.0,-27.0,276.0
4.0,-123.0,148.0,34.0,48.0,-15.0,-189.0,443.0,-40.0,266.0
-9.0,14.0,129.0,10.0,52.0,-10.0,-94.0,109.0,-71.0,223.0
-30.0,-10.0,118.0,-41.0,-67.0,-91.0,30.0,-227.0,-60.0,182.0
-46.0,29.0,109.0,-96.0,-7.0,-62.0,73.0,-576.0,-44.0,184.0
-21.0,43.0,79.0,-90.0,75.0,-56.0,18.0,-641.0,-44.0,164.0
-29.0,-54.0,91.0,-76.0,-105.0,-58.0,-24.0,-578.0,-42.0,112.0
-35.0,-96.0,55.0,-41.0,-11.0,-189.0,108.0,-291.0,-65.0,80.0
-42.0,164.0,46.0,-11.0,64.0,-421.0,235.0,114.0,-56.0,77.0
-51.0,90.0,60.0,13.0,33.0,-333.0,187.0,391.0,-43.0,63.0
-44.0,-96.0,19.0,-10.0,103.0,-103.0,54.0,611.0,-32.0,10.0
-70.0,94.0,49.0,-53.0,-61.0,53.0,-127.0,367.0,-27.0,-9.0
-57.0,143.0,42.0,-72.0,-17.0,29.0,-278.0,-145.0,-41.0,-9.0
-64.0,188.0,69.0,-88.0,87.0,-82.0,-352.0,-661.0,-33.0,-36.0
-60.0,144.0,85.0,-105.0,-136.0,-68.0,-520.0,-807.0,-5.0,-64.0
-53.0,170.0,76.0,-91.0,-48.0,182.0,-631.0,-526.0,1.0,-67.0
-41.0,260.0,107.0,-46.0,111.0,521.0,-465.0,-103.0,10.0,-71.0
-30.0,180.0,52.0,-31.0,-9.0,397.0,-239.0,500.0,42.0,-88.0
-19.0,100.0,92.0,-8.0,85.0,154.0,-336.0,631.0,65.0,-88.0
3.0,31.0,95.0,23.0,37.0,76.0,-757.0,275.0,82.0,-82.0
2.0,30.0,46.0,45.0,-15.0,22.0,-912.0,-336.0,102.0,-99.0
9.0,-24.0,57.0,86.0,115.0,196.0,-635.0,-868.0,121.0,-115.0
-11.0,75.0,-21.0,112.0,-41.0,254.0,-300.0,-914.0,127.0,-99.0
-7.0,135.0,-13.0,81.0,-49.0,56.0,-205.0,-637.0,116.0,-83.0
-13.0,0.0,22.0,14.0,42.0,-216.0,-278.0,44.0,73.0,-113.0
0.0,0.0,-52.0,-19.0,-31.0,-348.0,-367.0,441.0,16.0,-134.0
16.0,-2.0,-14.0,12.0,38.0,-242.0,-371.0,384.0,-13.0,-124.0
17.0,-111.0,15.0,33.0,34.0,-103.0,-57.0,145.0,-55.0,-135.0
29.0,-225.0,11.0,51.0,-148.0,-15.0,480.0,-127.0,-81.0,-161.0
28.0,-158.0,30.0,96.0,53.0,-93.0,976.0,22.0,-81.0,-151.0
16.0,-89.0,-15.0,126.0,101.0,-203.0,1142.0,212.0,-135.0,-114.0
-2.0,-187.0,-6.0,89.0,-191.0,-241.0,942.0,395.0,-170.0,-127.0
8.0,-139.0,2.0,44.0,5.0,-189.0,674.0,306.0,-161.0,-111.0
-8.0,-71.0,4.0,34.0,42.0,-52.0,493.0,-16.0,-165.0,-29.0
10.0,-71.0,36.0,-13.0,-101.0,-93.0,465.0,-131.0,-169.0,2.0
5.0,-27.0,59.0,-16.0,25.0,-356.0,423.0,-166.0,-183.0,1.0
6.0,-89.0,84.0,-10.0,-23.0,-530.0,59.0,81.0,-164.0,50.0
0.0,-204.0,91.0,-34.0,-54.0,-448.0,-454.0,66.0,-130.0,102.0
-39.0,-185.0,83.0,1.0,24.0,-276.0,-735.0,-247.0,-136.0,84.0
-53.0,-19.0,93.0,87.0,-8.0,-92.0,-867.0,-471.0,-118.0,79.0
-85.0,-117.0,127.0,105.0,-110.0,-92.0,-871.0,-487.0,-97.0,137.0
-73.0,-187.0,121.0,79.0,-66.0,-187.0,-709.0,-42.0,-77.0,180.0
-92.0,56.0,139.0,103.0,85.0,-115.0,-581.0,384.0,-43.0,153.0
-78.0,139.0,148.0,78.0,-69.0,-27.0,-504.0,524.0,-39.0,124.0
-79.0,68.0,87.0,70.0,-146.0,89.0,-366.0,166.0,-22.0,138.0
-63.0,133.0,75.0,79.0,11.0,102.0,-112.0,-338.0,-19.0,124.0
-50.0,287.0,100.0,71.0,4.0,-50.0,205.0,-659.0,-40.0,71.0
-64.0,171.0,65.0,27.0,111.0,-149.0,589.0,-921.0,-42.0,35.0
-44.0,56.0,62.0,-52.0,42.0,-161.0,984.0,-589.0,-62.0,22.0
-49.0,61.0,91.0,-82.0,-136.0,-150.0,1134.0,70.0,-94.0,-22.0
-40.0,64.0,34.0,-109.0,61.0,-183.0,833.0,654.0,-116.0,-57.0
-75.0,-39.0,78.0,-117.0,68.0,-204.0,374.0,807.0,-141.0,-33.0
-78.0,-131.0,82.0,-114.0,-92.0,-194.0,201.0,410.0,-145.0,-22.0
-82.0,12.0,57.0,-145.0,1.0,-150.0,193.0,-57.0,-161.0,-66.0
-67.0,-59.0,81.0,-183.0,2.0,-38.0,155.0,-535.0,-175.0,-66.0
-51.0,-132.0,33.0,-128.0,-25.0,65.0,35.0,-622.0,-162.0,-15.0
-25.0,-94.0,73.0,-100.0,40.0,81.0,-174.0,-421.0,-179.0,-11.0
8.0,-115.0,36.0,-85.0,-109.0,25.0,-316.0,-75.0,-174.0,-16.0
-11.0,-195.0,34.0,-13.0,-37.0,-173.0,-252.0,225.0,-140.0,30.0
-3.0,-246.0,66.0,-3.0,65.0,-342.0,-178.0,92.0,-133.0,87.0
-2.0,-78.0,26.0,14.0,-100.0,-281.0,-254.0,-84.0,-103.0,97.0
33.0,-43.0,10.0,6.0,-71.0,-169.0,-338.0,-362.0,-69.0,104.0
44.0,-125.0,-15.0,8.0,-41.0,-116.0,-359.0,-297.0,-65.0,138.0
57.0,-77.0,12.0,-37.0,13.0,-202.0,-367.0,75.0,-40.0,168.0
64.0,10.0,-25.0,-73.0,127.0,-318.0,-420.0,262.0,-20.0,157.0
67.0,-30.0,-36.0,-41.0,31.0,-285.0,-375.0,142.0,-16.0,130.0
75.0,18.0,-7.0,-32.0,-10.0,-112.0,-204.0,-363.0,0.0,130.0
56.0,24.0,-27.0,-49.0,13.0,32.0,-66.0,-565.0,2.0,118.0
53.0,-203.0,-17.0,-100.0,12.0,-114.0,-90.0,-500.0,1.0,91.0
35.0,-135.0,-33.0,-103.0,81.0,-269.0,-215.0,-120.0,-1.0,83.0
48.0,78.0,-74.0,-84.0,-54.0,-231.0,-235.0,214.0,0.0,81.0
56.0,29.0,-97.0,-13.0,9.0,-199.0,-96.0,175.0,13.0,40.0
83.0,-113.0,-101.0,50.0,130.0,-106.0,128.0,153.0,37.0,35.0
83.0,-37.0,-100.0,75.0,-31.0,-14.0,212.0,-105.0,62.0,65.0
73.0,17.0,-102.0,50.0,107.0,-4.0,176.0,-140.0,75.0,53.0
38.0,-176.0,-31.0,10.0,63.0,-116.0,143.0,-11.0,85.0,39.0
-9.0,-149.0,19.0,5.0,-70.0,-262.0,95.0,5.0,85.0,19.0
-27.0,34.0,-35.0,-61.0,42.0,-169.0,92.0,-262.0,96.0,28.0
-65.0,82.0,-55.0,-97.0,-7.0,-43.0,208.0,-864.0,103.0,4.0
-81.0,213.0,-81.0,-128.0,-57.0,-39.0,313.0,-973.0,110.0,-54.0
-106.0,243.0,-108.0,-179.0,53.0,-184.0,282.0,-748.0,119.0,-57.0
-88.0,109.0,-117.0,-202.0,59.0,-372.0,95.0,-127.0,125.0,-88.0
-83.0,144.0,-81.0,-167.0,4.0,-272.0,-241.0,668.0,134.0,-114.0
-93.0,195.0,-49.0,-113.0,38.0,-54.0,-442.0,907.0,121.0,-139.0
-102.0,84.0,-90.0,-91.0,-13.0,63.0,-423.0,652.0,114.0,-176.0
-97.0,-88.0,-78.0,-50.0,64.0,29.0,-270.0,-127.0,97.0,-171.0
-80.0,-115.0,-78.0,17.0,59.0,-79.0,-217.0,-796.0,42.0,-175.0
-104.0,-152.0,-82.0,69.0,-16.0,-97.0,-466.0,-981.0,23.0,-176.0
-124.0,-165.0,-123.0,16.0,4.0,-98.0,-694.0,-517.0,36.0,-166.0
-126.0,-26.0,-126.0,-82.0,27.0,-61.0,-627.0,365.0,16.0,-147.0
-90.0,-121.0,-109.0,-174.0,61.0,-129.0,-356.0,726.0,0.0,-129.0
-99.0,-289.0,-155.0,-267.0,-33.0,-304.0,-68.0,548.0,-13.0,-94.0
-101.0,-259.0,-137.0,-253.0,44.0,-332.0,225.0,-157.0,-36.0,-56.0
-87.0,-94.0,-165.0,-169.0,43.0,-400.0,358.0,-700.0,-70.0,-37.0
-78.0,-97.0,-162.0,-153.0,-54.0,-460.0,375.0,-659.0,-88.0,-18.0
-77.0,-188.0,-165.0,-140.0,79.0,-472.0,582.0,-358.0,-92.0,-11.0
-81.0,8.0,-166.0,-99.0,78.0,-469.0,891.0,60.0,-96.0,0.0
-44.0,86.0,-106.0,-96.0,-32.0,-435.0,1202.0,86.0,-84.0,-30.0
-19.0,-13.0,-90.0,-19.0,47.0,-446.0,1421.0,11.0,-94.0,-64.0
4.0,11.0,-52.0,138.0,65.0,-207.0,1255.0,-25.0,-85.0,-88.0
-7.0,165.0,-81.0,240.0,63.0,56.0,665.0,90.0,-82.0,-129.0
19.0,257.0,-105.0,210.0,71.0,183.0,82.0,273.0,-105.0,-167.0
40.0,250.0,-84.0,103.0,17.0,86.0,-160.0,155.0,-135.0,-213.0
17.0,275.0,-80.0,21.0,134.0,-219.0,-151.0,-33.0,-157.0,-231.0
-6.0,208.0,-32.0,-94.0,-2.0,-235.0,-160.0,-288.0,-160.0,-241.0
-54.0,216.0,-8.0,-178.0,-132.0,-159.0,-381.0,-177.0,-155.0,-258.0
-69.0,136.0,-10.0,-221.0,-10.0,38.0,-815.0,59.0,-142.0,-259.0
-87.0,30.0,24.0,-225.0,-42.0,175.0,-1121.0,177.0,-145.0,-247.0
-98.0,81.0,24.0,-147.0,9.0,24.0,-1040.0,290.0,-148.0,-239.0
-134.0,21.0,8.0,-102.0,24.0,-216.0,-789.0,70.0,-169.0,-235.0
-140.0,33.0,22.0,-34.0,-118.0,-367.0,-585.0,-286.0,-181.0,-212.0
-125.0,-79.0,21.0,27.0,9.0,0.0,-442.0,-803.0,-168.0,-189.0
-132.0,-84.0,47.0,67.0,34.0,344.0,-272.0,-971.0,-141.0,-183.0
-110.0,66.0,57.0,113.0,-103.0,335.0,-143.0,-609.0,-111.0,-166.0
-93.0,-123.0,67.0,81.0,-33.0,204.0,-145.0,-9.0,-93.0,-142.0
-53.0,-299.0,52.0,7.0,-146.0,127.0,-210.0,633.0,-67.0,-138.0
-39.0,-227.0,0.0,-138.0,-17.0,331.0,-129.0,578.0,-54.0,-124.0
-57.0,18.0,6.0,-283.0,119.0,423.0,53.0,59.0,-45.0,-92.0
-80.0,-38.0,-24.0,-341.0,-86.0,417.0,-7.0,-556.0,-42.0,-68.0
-95.0,-129.0,-60.0,-352.0,91.0,377.0,-274.0,-816.0,-40.0,-49.0
-97.0,-11.0,-87.0,-311.0,129.0,256.0,-485.0,-497.0,0.0,-34.0
-90.0,-69.0,-107.0,-269.0,-40.0,118.0,-409.0,116.0,36.0,-6.0
-67.0,-71.0,-123.0,-219.0,31.0,-99.0,-170.0,905.0,35.0,13.0
-55.0,-131.0,-89.0,-112.0,-42.0,-16.0,66.0,897.0,44.0,11.0
-38.0,-118.0,-41.0,-73.0,-22.0,46.0,194.0,133.0,54.0,41.0
-30.0,-42.0,-89.0,-79.0,96.0,-91.0,-65.0,-727.0,40.0,66.0
-26.0,-61.0,-76.0,-46.0,2.0,-204.0,-472.0,-1091.0,29.0,65.0
-34.0,49.0,-72.0,-54.0,93.0,-389.0,-628.0,-574.0,15.0,61.0
-54.0,109.0,-55.0,-67.0,121.0,-341.0,-585.0,60.0,5.0,67.0
-95.0,112.0,-33.0,-23.0,-65.0,-257.0,-529.0,600.0,1.0,88.0
-129.0,198.0,-62.0,8.0,35.0,-73.0,-492.0,652.0,3.0,86.0
-106.0,61.0,-59.0,-62.0,-23.0,117.0,-554.0,327.0,1.0,74.0
-96.0,-46.0,-57.0,-83.0,-165.0,-51.0,-526.0,36.0,-28.0,87.0
-73.0,-50.0,-48.0,-55.0,105.0,-208.0,-199.0,-223.0,-67.0,111.0
-65.0,-163.0,-44.0,-53.0,34.0,-113.0,173.0,-127.0,-98.0,105.0
-77.0,-42.0,12.0,-31.0,-106.0,234.0,437.0,-157.0,-112.0,119.0
-65.0,-115.0,39.0,-5.0,113.0,325.0,793.0,-306.0,-101.0,141.0
-65.0,-28.0,35.0,-10.0,8.0,189.0,1302.0,-473.0,-100.0,134.0
-71.0,159.0,35.0,-138.0,-107.0,25.0,1533.0,-445.0,-85.0,152.0
-87.0,-120.0,17.0,-252.0,26.0,-63.0,1475.0,42.0,-66.0,164.0
-68.0,-53.0,16.0,-322.0,-2.0,196.0,1382.0,482.0,-73.0,168.0
-40.0,143.0,22.0,-336.0,-106.0,335.0,1284.0,885.0,-56.0,149.0
-52.0,42.0,40.0,-263.0,-39.0,271.0,1227.0,733.0,-46.0,122.0
-66.0,9.0,28.0,-238.0,14.0,41.0,1044.0,90.0,-47.0,108.0
-69.0,152.0,10.0,-205.0,29.0,-146.0,472.0,-506.0,-27.0,68.0
-82.0,256.0,-27.0,-183.0,43.0,-8.0,-388.0,-920.0,-17.0,31.0
-113.0,176.0,-58.0,-177.0,-35.0,178.0,-1076.0,-661.0,11.0,4.0
-138.0,120.0,-76.0,-174.0,-56.0,263.0,-1346.0,-92.0,30.0,-20.0
-136.0,103.0,-123.0,-169.0,-36.0,60.0,-1365.0,436.0,2.0,-34.0
-122.0,72.0,-142.0,-128.0,-46.0,-33.0,-1582.0,393.0,-21.0,-41.0
-114.0,136.0,-185.0,-93.0,-56.0,37.0,-1986.0,-171.0,-52.0,-22.0
-120.0,27.0,-161.0,-76.0,16.0,-74.0,-2248.0,-495.0,-73.0,5.0
-134.0,-45.0,-97.0,-126.0,39.0,-163.0,-2256.0,-521.0,-75.0,37.0
-113.0,-27.0,-101.0,-133.0,12.0,-274.0,-2022.0,-72.0,-80.0,88.0
-96.0,-195.0,-38.0,-78.0,79.0,-330.0,-1693.0,378.0,-80.0,118.0
-91.0,-240.0,-58.0,-31.0,8.0,-440.0,-1194.0,484.0,-81.0,135.0
-76.0,-209.0,-87.0,-7.0,-78.0,-486.0,-593.0,109.0,-69.0,149.0
-42.0,-30.0,-26.0,-40.0,110.0,-273.0,-246.0,-630.0,-81.0,164.0
-14.0,66.0,3.0,-76.0,77.0,-83.0,-224.0,-897.0,-98.0,155.0
-16.0,-33.0,8.0,-84.0,-141.0,-19.0,-197.0,-652.0,-87.0,108.0
-5.0,98.0,5.0,-84.0,22.0,-62.0,26.0,-25.0,-96.0,81.0
-22.0,241.0,43.0,-183.0,72.0,1.0,398.0,445.0,-89.0,41.0
-44.0,210.0,17.0,-253.0,-8.0,42.0,771.0,533.0,-68.0,-25.0
-74.0,159.0,10.0,-251.0,74.0,-66.0,958.0,306.0,-47.0,-71.0
-84.0,149.0,-1.0,-227.0,25.0,-189.0,1062.0,-192.0,-16.0,-99.0
-60.0,28.0,-61.0,-174.0,13.0,-187.0,1277.0,-273.0,10.0,-141.0
-43.0,-88.0,-76.0,-204.0,125.0,-98.0,1465.0,-273.0,27.0,-175.0
-13.0,-109.0,-80.0,-254.0,54.0,-103.0,1414.0,-219.0,55.0,-174.0
-33.0,-41.0,-40.0,-293.0,-33.0,-103.0,1254.0,-53.0,73.0,-154.0
-61.0,78.0,-78.0,-309.0,71.0,-3.0,1037.0,59.0,75.0,-127.0
-87.0,-95.0,-64.0,-298.0,52.0,70.0,797.0,321.0,93.0,-97.0
-113.0,-164.0,1.0,-256.0,36.0,-62.0,574.0,345.0,100.0,-55.0
-110.0,-20.0,-50.0,-216.0,103.0,-27.0,311.0,221.0,100.0,-18.0
-96.0,-69.0,-36.0,-251.0,-22.0,133.0,82.0,-55.0,100.0,-7.0
-78.0,-143.0,-29.0,-237.0,-18.0,271.0,-141.0,-160.0,102.0,3.0
-57.0,-71.0,-81.0,-152.0,76.0,490.0,-212.0,-149.0,111.0,28.0
-32.0,41.0,-55.0,-90.0,-120.0,481.0,-151.0,-363.0,117.0,27.0
-15.0,-114.0,-15.0,-62.0,-122.0,319.0,-81.0,-360.0,118.0,-1.0
3.0,-144.0,-14.0,-53.0,11.0,135.0,-77.0,-360.0,99.0,-28.0
4.0,18.0,22.0,-59.0,-139.0,205.0,-287.0,-225.0,94.0,-53.0
3.0,1.0,39.0,-24.0,-105.0,283.0,-684.0,-188.0,82.0,-84.0
-8.0,31.0,13.0,-24.0,15.0,137.0,-1157.0,-273.0,67.0,-126.0
-23.0,66.0,28.0,-81.0,3.0,5.0,-1269.0,-171.0,31.0,-151.0
-3.0,57.0,0.0,-124.0,43.0,-170.0,-877.0,-205.0,-24.0,-149.0
37.0,-19.0,-7.0,-150.0,-11.0,-106.0,-370.0,11.0,-28.0,-151.0
70.0,24.0,42.0,-96.0,-11.0,135.0,-201.0,118.0,-25.0,-137.0
69.0,200.0,11.0,-51.0,10.0,342.0,-322.0,-90.0,-37.0,-108.0
51.0,99.0,10.0,-28.0,-48.0,350.0,-294.0,-273.0,-47.0,-96.0
35.0,57.0,22.0,21.0,-26.0,216.0,-143.0,-354.0,-62.0,-76.0
31.0,100.0,-10.0,48.0,-69.0,143.0,-26.0,-168.0,-73.0,-55.0
18.0,-17.0,17.0,2.0,-59.0,118.0,161.0,-206.0,-79.0,-48.0
23.0,-22.0,49.0,-42.0,-21.0,169.0,529.0,-312.0,-61.0,-39.0
42.0,-77.0,58.0,-22.0,-90.0,142.0,789.0,-434.0,-54.0,-41.0
64.0,-177.0,68.0,-58.0,-52.0,66.0,645.0,-482.0,-76.0,-50.0
63.0,-263.0,64.0,-141.0,-103.0,-16.0,312.0,-118.0,-104.0,-65.0
47.0,-307.0,11.0,-141.0,-128.0,-26.0,105.0,169.0,-132.0,-91.0
45.0,-131.0,39.0,-110.0,-27.0,114.0,70.0,408.0,-133.0,-125.0
40.0,-71.0,111.0,-110.0,-135.0,315.0,42.0,336.0,-148.0,-149.0
40.0,-213.0,118.0,-48.0,-60.0,358.0,-68.0,-1.0,-166.0,-175.0
26.0,-162.0,167.0,-3.0,84.0,208.0,-181.0,-245.0,-147.0,-198.0
39.0,38.0,150.0,0.0,-4.0,141.0,-227.0,-308.0,-161.0,-215.0
51.0,34.0,122.0,38.0,32.0,217.0,-69.0,33.0,-162.0,-254.0
45.0,-21.0,168.0,69.0,42.0,500.0,296.0,245.0,-146.0,-276.0
30.0,199.0,155.0,38.0,-30.0,761.0,576.0,182.0,-128.0,-270.0
2.0,181.0,112.0,-55.0,25.0,690.0,645.0,-114.0,-100.0,-267.0
-16.0,-62.0,86.0,-106.0,37.0,352.0,509.0,-341.0,-87.0,-248.0
-42.0,221.0,30.0,-92.0,-67.0,148.0,352.0,-240.0,-48.0,-209.0
-44.0,183.0,9.0,-30.0,79.0,263.0,186.0,-116.0,-25.0,-166.0
-47.0,-2.0,-33.0,44.0,155.0,342.0,-27.0,35.0,5.0,-123.0
-30.0,76.0,-115.0,105.0,-35.0,254.0,-130.0,-121.0,26.0,-75.0
-30.0,-175.0,-132.0,83.0,1.0,45.0,-196.0,-280.0,35.0,-8.0
-57.0,-225.0,-156.0,43.0,21.0,-83.0,-202.0,-190.0,58.0,41.0
-85.0,-236.0,-134.0,43.0,-41.0,-131.0,-146.0,-107.0,57.0,51.0
-116.0,-172.0,-122.0,33.0,5.0,-156.0,-95.0,-7.0,75.0,90.0
-100.0,-255.0,-112.0,31.0,38.0,-12.0,-114.0,-168.0,98.0,134.0
-86.0,-260.0,-91.0,-34.0,7.0,69.0,-80.0,-371.0,117.0,130.0
-67.0,-22.0,-96.0,-50.0,56.0,-10.0,109.0,-550.0,123.0,118.0
-60.0,-172.0,-107.0,-44.0,44.0,-98.0,233.0,-526.0,123.0,124.0
-65.0,1.0,-112.0,-77.0,-14.0,-68.0,296.0,-306.0,133.0,119.0
-70.0,190.0,-86.0,-44.0,61.0,6.0,270.0,-325.0,153.0,77.0
-88.0,265.0,-97.0,-17.0,11.0,-41.0,136.0,-306.0,167.0,48.0
-86.0,424.0,-44.0,10.0,-16.0,-130.0,88.0,-306.0,175.0,33.0
-98.0,344.0,-45.0,56.0,1.0,-62.0,281.0,-120.0,200.0,-13.0
-110.0,417.0,-29.0,69.0,38.0,46.0,517.0,160.0,188.0,-39.0
-113.0,382.0,22.0,45.0,77.0,20.0,646.0,304.0,166.0,-31.0
-113.0,34.0,-33.0,52.0,-1.0,-67.0,785.0,412.0,159.0,-44.0
-123.0,-7.0,-2.0,34.0,22.0,-134.0,777.0,145.0,158.0,-42.0
-132.0,35.0,-32.0,-28.0,6.0,0.0,529.0,22.0,145.0,-24.0
-109.0,-80.0,-36.0,-58.0,-32.0,95.0,188.0,51.0,132.0,-6.0
-78.0,-95.0,14.0,-46.0,31.0,32.0,71.0,75.0,128.0,-13.0
-62.0,-96.0,-18.0,-24.0,-55.0,161.0,83.0,73.0,97.0,-32.0
-56.0,-125.0,-6.0,-11.0,-142.0,411.0,-102.0,-190.0,90.0,-19.0
-32.0,-206.0,-41.0,3.0,57.0,513.0,-328.0,-325.0,81.0,-22.0
-11.0,-105.0,-19.0,-47.0,45.0,405.0,-507.0,-380.0,51.0,-39.0
11.0,-166.0,-51.0,-117.0,-162.0,214.0,-662.0,-59.0,26.0,-53.0
42.0,-201.0,-99.0,-145.0,47.0,145.0,-705.0,360.0,-2.0,-61.0
63.0,-10.0,-55.0,-154.0,90.0,309.0,-477.0,596.0,-10.0,-92.0
62.0,33.0,-146.0,-134.0,-41.0,326.0,-53.0,663.0,-20.0,-141.0
39.0,54.0,-127.0,-100.0,115.0,52.0,136.0,253.0,-34.0,-171.0
7.0,-35.0,-105.0,-69.0,-15.0,-74.0,-94.0,49.0,-17.0,-214.0
4.0,51.0,-132.0,17.0,6.0,-34.0,-367.0,-25.0,-15.0,-266.0
31.0,-43.0,-96.0,64.0,206.0,-18.0,-471.0,-25.0,-22.0,-301.0
46.0,-69.0,-113.0,28.0,-51.0,68.0,-562.0,27.0,0.0,-302.0
65.0,45.0,-73.0,27.0,-10.0,112.0,-466.0,-123.0,32.0,-331.0
68.0,-119.0,-94.0,-8.0,145.0,112.0,-43.0,-184.0,51.0,-376.0
63.0,21.0,-161.0,-28.0,-81.0,250.0,464.0,-408.0,63.0,-380.0
60.0,72.0,-203.0,-20.0,-33.0,273.0,794.0,-461.0,88.0,-371.0
60.0,-68.0,-204.0,-7.0,-17.0,190.0,908.0,-284.0,104.0,-367.0
82.0,74.0,-215.0,1.0,-146.0,236.0,917.0,-140.0,106.0,-371.0
115.0,184.0,-210.0,-30.0,85.0,300.0,1017.0,-73.0,142.0,-332.0
138.0,75.0,-170.0,-41.0,-30.0,259.0,1311.0,-232.0,171.0,-296.0
165.0,131.0,-227.0,-17.0,-174.0,187.0,1552.0,-110.0,170.0,-274.0
203.0,74.0,-211.0,13.0,97.0,89.0,1537.0,90.0,168.0,-227.0
204.0,-121.0,-187.0,10.0,-9.0,102.0,1204.0,188.0,147.0,-192.0
189.0,-184.0,-166.0,-5.0,19.0,266.0,579.0,192.0,108.0,-161.0
172.0,-188.0,-139.0,-25.0,116.0,225.0,-114.0,-7.0,73.0,-132.0
154.0,-180.0,-116.0,-6.0,-101.0,143.0,-596.0,14.0,63.0,-81.0
127.0,-219.0,-126.0,76.0,59.0,175.0,-805.0,57.0,40.0,-54.0
112.0,-96.0,-185.0,144.0,93.0,204.0,-895.0,173.0,37.0,-52.0
112.0,-72.0,-145.0,162.0,-104.0,292.0,-1044.0,229.0,40.0,-14.0
109.0,-28.0,-174.0,140.0,27.0,344.0,-1265.0,147.0,32.0,11.0
107.0,-25.0,-155.0,92.0,-31.0,326.0,-1495.0,97.0,33.0,27.0
76.0,-130.0,-79.0,59.0,-45.0,279.0,-1590.0,-66.0,2.0,44.0
44.0,-57.0,-112.0,46.0,127.0,255.0,-1229.0,44.0,-20.0,77.0
19.0,-85.0,-137.0,-18.0,-70.0,292.0,-617.0,107.0,-27.0,109.0
-10.0,-191.0,-143.0,-73.0,-51.0,316.0,-224.0,88.0,-16.0,97.0
-17.0,-122.0,-162.0,-89.0,48.0,250.0,-91.0,18.0,12.0,101.0
-26.0,63.0,-152.0,-108.0,-182.0,139.0,48.0,-144.0,17.0,104.0
-29.0,-21.0,-121.0,-82.0,-25.0,254.0,393.0,20.0,12.0,78.0
-28.0,-27.0,-132.0,-70.0,0.0,551.0,863.0,160.0,8.0,58.0
-34.0,119.0,-102.0,-79.0,-153.0,611.0,1227.0,334.0,-6.0,46.0
-16.0,29.0,-46.0,-69.0,93.0,511.0,1226.0,306.0,-14.0,36.0
-19.0,116.0,-16.0,-72.0,-26.0,518.0,947.0,175.0,-4.0,14.0
-32.0,166.0,32.0,-97.0,-11.0,537.0,799.0,206.0,15.0,18.0
-44.0,-106.0,56.0,-84.0,155.0,496.0,896.0,142.0,18.0,13.0
-54.0,-99.0,51.0,13.0,-46.0,440.0,849.0,221.0,18.0,-25.0
-51.0,-48.0,106.0,57.0,41.0,345.0,466.0,219.0,18.0,-44.0
-57.0,-206.0,99.0,74.0,5.0,244.0,-65.0,205.0,18.0,-66.0
-48.0,-83.0,54.0,138.0,-80.0,266.0,-442.0,86.0,24.0,-91.0
-39.0,-28.0,56.0,156.0,102.0,321.0,-544.0,-83.0,15.0,-126.0
6.0,-59.0,0.0,158.0,48.0,273.0,-623.0,16.0,43.0,-181.0
32.0,161.0,0.0,166.0,19.0,208.0,-743.0,36.0,71.0,-216.0
36.0,165.0,-24.0,142.0,102.0,239.0,-763.0,70.0,94.0,-241.0
39.0,-145.0,-49.0,120.0,-46.0,177.0,-640.0,-7.0,141.0,-262.0
3.0,6.0,-58.0,124.0,-32.0,-11.0,-583.0,-29.0,166.0,-263.0
5.0,289.0,-105.0,102.0,51.0,-45.0,-665.0,112.0,204.0,-265.0
1.0,-37.0,-90.0,96.0,-46.0,28.0,-635.0,212.0,216.0,-239.0
-5.0,-86.0,-150.0,51.0,118.0,142.0,-282.0,404.0,206.0,-193.0
0.0,3.0,-158.0,13.0,45.0,242.0,163.0,351.0,208.0,-146.0
8.0,-153.0,-144.0,69.0,-70.0,225.0,211.0,210.0,203.0,-94.0
1.0,-86.0,-165.0,65.0,127.0,229.0,-6.0,-16.0,207.0,-73.0
-41.0,-141.0,-111.0,79.0,-8.0,276.0,-105.0,-206.0,177.0,-40.0
-70.0,-178.0,-115.0,117.0,-79.0,333.0,-193.0,-44.0,152.0,8.0
-85.0,-71.0,-104.0,93.0,-5.0,393.0,-366.0,123.0,153.0,23.0
-81.0,-122.0,-67.0,58.0,-90.0,266.0,-231.0,415.0,132.0,4.0
-77.0,-220.0,-98.0,48.0,-49.0,83.0,174.0,336.0,109.0,-4.0
-69.0,-208.0,-60.0,16.0,-74.0,41.0,501.0,-16.0,97.0,-21.0
-52.0,-195.0,-50.0,-13.0,-185.0,110.0,670.0,-282.0,85.0,-56.0
-63.0,-76.0,-83.0,40.0,16.0,263.0,688.0,-417.0,84.0,-74.0
-93.0,62.0,-60.0,66.0,25.0,259.0,607.0,-109.0,92.0,-102.0
-116.0,-139.0,-82.0,59.0,-70.0,135.0,561.0,24.0,88.0,-120.0
-124.0,-53.0,-71.0,13.0,56.0,154.0,705.0,153.0,97.0,-134.0
-110.0,94.0,-66.0,-55.0,-43.0,191.0,805.0,310.0,112.0,-137.0
-77.0,-79.0,-56.0,-95.0,22.0,25.0,758.0,480.0,94.0,-138.0
-41.0,6.0,-30.0,-131.0,54.0,-75.0,596.0,676.0,100.0,-170.0
-3.0,4.0,-39.0,-104.0,-58.0,94.0,390.0,497.0,125.0,-174.0
14.0,0.0,-26.0,-65.0,98.0,256.0,230.0,404.0,128.0,-173.0
9.0,246.0,-14.0,-68.0,93.0,329.0,35.0,181.0,107.0,-198.0
-14.0,331.0,-28.0,-62.0,-15.0,131.0,-219.0,1.0,85.0,-228.0
-40.0,26.0,-57.0,-55.0,22.0,-179.0,-492.0,48.0,88.0,-225.0
-48.0,35.0,-33.0,-56.0,-10.0,-217.0,-525.0,190.0,104.0,-225.0
-53.0,348.0,-59.0,-19.0,-20.0,-192.0,-411.0,448.0,132.0,-236.0
-32.0,-102.0,-71.0,18.0,26.0,-177.0,-482.0,306.0,153.0,-224.0
25.0,-145.0,-40.0,55.0,-115.0,-268.0,-807.0,136.0,177.0,-215.0
81.0,106.0,-27.0,82.0,-58.0,-429.0,-1000.0,72.0,174.0,-214.0
98.0,-218.0,-10.0,74.0,93.0,-507.0,-765.0,44.0,157.0,-204.0
103.0,-237.0,-40.0,99.0,-16.0,-436.0,-385.0,192.0,154.0,-176.0
83.0,-291.0,-30.0,103.0,21.0,-225.0,-108.0,386.0,139.0,-141.0
68.0,-427.0,-37.0,60.0,45.0,-227.0,27.0,720.0,137.0,-120.0
77.0,-163.0,-26.0,62.0,5.0,-316.0,95.0,820.0,127.0,-103.0
66.0,82.0,-8.0,92.0,100.0,-328.0,88.0,687.0,107.0,-53.0
86.0,-128.0,-26.0,85.0,18.0,-294.0,76.0,484.0,71.0,-19.0
81.0,-85.0,71.0,78.0,-62.0,-150.0,39.0,339.0,46.0,7.0
82.0,224.0,67.0,90.0,33.0,-76.0,-105.0,484.0,32.0,53.0
81.0,118.0,40.0,119.0,6.0,-108.0,-262.0,609.0,3.0,74.0
40.0,101.0,90.0,124.0,-9.0,-58.0,-274.0,598.0,6.0,93.0
23.0,166.0,47.0,94.0,30.0,34.0,-142.0,169.0,8.0,98.0
-7.0,93.0,89.0,80.0,-4.0,-22.0,-110.0,-349.0,-6.0,115.0
8.0,4.0,83.0,30.0,66.0,-70.0,-56.0,-598.0,-26.0,125.0
23.0,-73.0,44.0,-3.0,63.0,-71.0,179.0,-644.0,-29.0,127.0
34.0,115.0,168.0,-24.0,-125.0,-102.0,375.0,-312.0,-41.0,146.0
62.0,105.0,136.0,-83.0,-94.0,-90.0,342.0,-88.0,-63.0,130.0
68.0,-85.0,69.0,-80.0,55.0,-47.0,172.0,66.0,-55.0,122.0
77.0,208.0,141.0,-65.0,-19.0,-92.0,122.0,121.0,-49.0,120.0
48.0,336.0,98.0,-71.0,31.0,-156.0,364.0,118.0,-33.0,100.0
24.0,6.0,75.0,-35.0,83.0,-38.0,668.0,332.0,-11.0,86.0
-1.0,29.0,65.0,77.0,-52.0,64.0,506.0,452.0,12.0,62.0
-16.0,371.0,-29.0,159.0,14.0,-41.0,-26.0,511.0,29.0,46.0
-29.0,100.0,-36.0,149.0,-1.0,-213.0,-246.0,264.0,48.0,41.0
-19.0,-106.0,-12.0,184.0,-123.0,-261.0,38.0,18.0,81.0,18.0
15.0,87.0,-18.0,186.0,-33.0,-298.0,285.0,-118.0,116.0,-25.0
30.0,-132.0,22.0,171.0,20.0,-367.0,175.0,-273.0,145.0,-75.0
12.0,-106.0,30.0,212.0,-37.0,-369.0,-14.0,-129.0,141.0,-100.0
-28.0,130.0,-18.0,178.0,0.0,-256.0,30.0,53.0,125.0,-126.0
-46.0,-19.0,-10.0,111.0,38.0,-157.0,277.0,358.0,117.0,-160.0
-75.0,-140.0,26.0,62.0,30.0,-289.0,476.0,474.0,84.0,-179.0
-59.0,0.0,17.0,-10.0,-6.0,-352.0,353.0,417.0,49.0,-197.0
-17.0,-60.0,36.0,-55.0,-90.0,-205.0,-17.0,347.0,31.0,-177.0
44.0,-84.0,95.0,-63.0,-27.0,-43.0,-203.0,169.0,6.0,-154.0
93.0,-21.0,32.0,-78.0,68.0,-131.0,-216.0,356.0,-10.0,-149.0
81.0,-33.0,15.0,-104.0,43.0,-355.0,-253.0,489.0,-7.0,-114.0
57.0,66.0,88.0,-112.0,-26.0,-402.0,-247.0,469.0,11.0,-78.0
10.0,-68.0,76.0,-84.0,21.0,-263.0,-206.0,282.0,6.0,-33.0
-13.0,-63.0,55.0,-31.0,111.0,6.0,-288.0,7.0,-20.0,12.0
-34.0,76.0,64.0,30.0,46.0,229.0,-451.0,-18.0,-49.0,40.0
-4.0,130.0,64.0,89.0,-45.0,379.0,-371.0,-62.0,-80.0,74.0
32.0,-52.0,67.0,121.0,33.0,340.0,-47.0,269.0,-89.0,92.0
41.0,-120.0,99.0,152.0,90.0,155.0,180.0,606.0,-89.0,119.0
41.0,184.0,37.0,169.0,-24.0,77.0,198.0,672.0,-80.0,143.0
11.0,78.0,20.0,114.0,45.0,219.0,226.0,554.0,-73.0,151.0
-15.0,33.0,68.0,103.0,137.0,357.0,324.0,-3.0,-66.0,167.0
-22.0,121.0,10.0,113.0,30.0,190.0,302.0,-325.0,-61.0,183.0
2.0,34.0,-21.0,56.0,14.0,-12.0,4.0,-319.0,-78.0,212.0
20.0,-50.0,-20.0,-5.0,40.0,-175.0,-346.0,60.0,-84.0,230.0
38.0,12.0,-28.0,-42.0,3.0,-294.0,-302.0,622.0,-61.0,257.0
57.0,255.0,40.0,-79.0,68.0,-262.0,7.0,960.0,-41.0,285.0
60.0,96.0,57.0,-114.0,58.0,-241.0,206.0,975.0,-42.0,303.0
36.0,-62.0,22.0,-110.0,-76.0,-340.0,186.0,441.0,-19.0,340.0
11.0,99.0,99.0,-109.0,43.0,-405.0,223.0,22.0,-9.0,358.0
9.0,13.0,118.0,-98.0,55.0,-299.0,461.0,-90.0,0.0,376.0
15.0,-19.0,99.0,-79.0,-57.0,-175.0,411.0,57.0,39.0,363.0
20.0,156.0,116.0,-24.0,32.0,-98.0,-62.0,293.0,60.0,340.0
32.0,-25.0,112.0,4.0,-71.0,22.0,-419.0,221.0,92.0,342.0
40.0,-2.0,100.0,-38.0,2.0,168.0,-375.0,48.0,109.0,291.0
20.0,371.0,102.0,-77.0,160.0,187.0,-296.0,-234.0,121.0,242.0
21.0,200.0,142.0,-119.0,-57.0,131.0,-343.0,-208.0,133.0,199.0
19.0,117.0,152.0,-86.0,72.0,39.0,-198.0,97.0,111.0,146.0
18.0,404.0,148.0,-10.0,157.0,52.0,147.0,271.0,102.0,101.0
6.0,282.0,147.0,45.0,-59.0,235.0,463.0,262.0,93.0,56.0
-10.0,20.0,119.0,84.0,25.0,342.0,598.0,120.0,71.0,30.0
-7.0,21.0,115.0,111.0,3.0,550.0,447.0,201.0,40.0,14.0
2.0,66.0,132.0,106.0,-34.0,567.0,210.0,206.0,16.0,-3.0
32.0,250.0,159.0,65.0,60.0,359.0,181.0,230.0,-20.0,-14.0
45.0,340.0,128.0,70.0,-68.0,207.0,369.0,288.0,-43.0,-13.0
65.0,-71.0,130.0,85.0,-99.0,-66.0,559.0,155.0,-34.0,-26.0
67.0,-115.0,206.0,70.0,29.0,-105.0,609.0,144.0,-47.0,-41.0
44.0,219.0,169.0,58.0,-67.0,-202.0,456.0,103.0,-50.0,-52.0
23.0,-21.0,170.0,58.0,-10.0,-396.0,80.0,133.0,-61.0,-68.0
17.0,-390.0,178.0,73.0,68.0,-313.0,-277.0,49.0,-68.0,-67.0
42.0,-248.0,122.0,106.0,-110.0,-228.0,-377.0,20.0,-54.0,-63.0
64.0,-124.0,164.0,134.0,84.0,-102.0,-325.0,210.0,-51.0,-47.0
89.0,-287.0,156.0,140.0,167.0,-58.0,-325.0,223.0,-47.0,-37.0
95.0,-237.0,125.0,123.0,-71.0,-135.0,-172.0,314.0,-40.0,-31.0
92.0,-117.0,121.0,93.0,-2.0,-234.0,319.0,242.0,-11.0,-8.0
72.0,-139.0,107.0,100.0,46.0,-321.0,700.0,194.0,8.0,-2.0
43.0,-159.0,114.0,100.0,-18.0,-275.0,607.0,208.0,13.0,1.0
66.0,-180.0,139.0,57.0,11.0,-207.0,268.0,162.0,13.0,4.0
94.0,-288.0,91.0,96.0,14.0,-217.0,-5.0,230.0,-6.0,26.0
116.0,-104.0,41.0,138.0,69.0,-223.0,-114.0,129.0,-20.0,59.0
118.0,276.0,59.0,105.0,42.0,-225.0,10.0,214.0,-39.0,70.0
119.0,12.0,28.0,87.0,-64.0,-185.0,220.0,219.0,-58.0,82.0
137.0,-184.0,47.0,84.0,51.0,20.0,200.0,160.0,-77.0,102.0
119.0,171.0,29.0,97.0,-35.0,87.0,-18.0,229.0,-89.0,119.0
119.0,244.0,-6.0,75.0,-136.0,-113.0,-244.0,229.0,-100.0,125.0
119.0,-17.0,10.0,42.0,20.0,-233.0,-403.0,388.0,-135.0,139.0
98.0,15.0,5.0,13.0,-40.0,-212.0,-512.0,321.0,-159.0,139.0
66.0,201.0,27.0,-18.0,11.0,-225.0,-612.0,182.0,-181.0,134.0
32.0,0.0,56.0,-34.0,15.0,-298.0,-543.0,9.0,-189.0,145.0
17.0,-66.0,67.0,-63.0,-145.0,-398.0,-134.0,-36.0,-162.0,135.0
15.0,85.0,47.0,-63.0,3.0,-465.0,313.0,155.0,-125.0,128.0
21.0,151.0,37.0,-24.0,15.0,-396.0,532.0,195.0,-109.0,109.0
12.0,84.0,12.0,-34.0,-48.0,-132.0,548.0,391.0,-108.0,114.0
11.0,49.0,34.0,-97.0,24.0,177.0,493.0,484.0,-84.0,152.0
18.0,198.0,96.0,-100.0,-118.0,246.0,461.0,474.0,-62.0,181.0
40.0,12.0,25.0,-76.0,-20.0,132.0,261.0,341.0,-52.0,206.0
44.0,121.0,30.0,-51.0,182.0,204.0,-17.0,68.0,-38.0,224.0
37.0,124.0,66.0,17.0,-45.0,375.0,-74.0,36.0,-5.0,271.0
11.0,-54.0,-18.0,79.0,-55.0,222.0,101.0,-38.0,13.0,303.0
-19.0,283.0,21.0,124.0,76.0,-165.0,305.0,9.0,23.0,323.0
-29.0,-1.0,64.0,163.0,-14.0,-316.0,367.0,12.0,31.0,351.0
-43.0,-73.0,67.0,185.0,-54.0,-229.0,310.0,-149.0,21.0,354.0
-39.0,129.0,71.0,191.0,-63.0,-259.0,276.0,-338.0,18.0,335.0
-47.0,28.0,50.0,181.0,15.0,-431.0,270.0,-576.0,0.0,286.0
-19.0,131.0,101.0,145.0,62.0,-590.0,84.0,-399.0,0.0,246.0
18.0,110.0,102.0,89.0,2.0,-598.0,-69.0,-53.0,-1.0,203.0
36.0,52.0,129.0,24.0,-29.0,-542.0,51.0,389.0,-13.0,132.0
38.0,-90.0,140.0,2.0,15.0,-568.0,263.0,696.0,-21.0,86.0
17.0,148.0,108.0,0.0,5.0,-734.0,243.0,476.0,-25.0,72.0
-17.0,30.0,141.0,-14.0,-31.0,-976.0,-192.0,-7.0,-34.0,45.0
-64.0,-397.0,162.0,34.0,-6.0,-857.0,-652.0,-642.0,-54.0,14.0
-83.0,81.0,172.0,87.0,16.0,-553.0,-816.0,-920.0,-50.0,22.0
-96.0,161.0,187.0,141.0,178.0,-511.0,-659.0,-859.0,-40.0,32.0
-88.0,-66.0,198.0,203.0,96.0,-390.0,-317.0,-478.0,-38.0,20.0
-79.0,135.0,151.0,207.0,-26.0,-127.0,-57.0,99.0,-36.0,33.0
-47.0,282.0,116.0,192.0,15.0,-56.0,96.0,317.0,-12.0,72.0
-30.0,418.0,130.0,150.0,-90.0,-41.0,284.0,269.0,-7.0,101.0
-49.0,75.0,127.0,86.0,-7.0,8.0,487.0,-48.0,-3.0,107.0
-65.0,-173.0,146.0,21.0,19.0,30.0,431.0,-242.0,19.0,110.0
-93.0,147.0,127.0,-3.0,7.0,177.0,272.0,-299.0,22.0,131.0
-113.0,175.0,106.0,-3.0,121.0,413.0,349.0,-256.0,58.0,151.0
-116.0,82.0,161.0,20.0,46.0,367.0,498.0,-66.0,60.0,148.0
-77.0,-39.0,136.0,38.0,-32.0,131.0,566.0,-88.0,55.0,148.0
-55.0,49.0,162.0,-4.0,54.0,181.0,559.0,20.0,80.0,160.0
-40.0,156.0,185.0,-57.0,94.0,312.0,440.0,-33.0,77.0,162.0
-17.0,-80.0,124.0,-89.0,100.0,175.0,303.0,-62.0,78.0,174.0
2.0,-113.0,165.0,-73.0,85.0,-202.0,220.0,234.0,75.0,181.0
33.0,-91.0,180.0,-25.0,-32.0,-457.0,132.0,461.0,62.0,183.0
62.0,-3.0,171.0,13.0,81.0,-368.0,-66.0,674.0,65.0,191.0
68.0,-32.0,144.0,40.0,93.0,-231.0,-416.0,582.0,74.0,193.0
60.0,-75.0,128.0,39.0,-14.0,-346.0,-680.0,303.0,61.0,199.0
77.0,3.0,89.0,34.0,49.0,-550.0,-718.0,-144.0,53.0,197.0
84.0,-99.0,85.0,69.0,-37.0,-494.0,-631.0,-369.0,56.0,190.0
124.0,154.0,147.0,76.0,66.0,-419.0,-598.0,-118.0,63.0,194.0
143.0,187.0,146.0,80.0,119.0,-366.0,-575.0,5.0,60.0,195.0
137.0,-123.0,163.0,121.0,-95.0,-191.0,-525.0,5.0,49.0,178.0
127.0,238.0,122.0,110.0,-16.0,-221.0,-516.0,-408.0,54.0,164.0
116.0,259.0,109.0,102.0,82.0,-390.0,-423.0,-835.0,32.0,161.0
129.0,-51.0,135.0,88.0,-12.0,-328.0,-256.0,-881.0,5.0,154.0
112.0,253.0,101.0,51.0,-78.0,-216.0,1.0,-635.0,-30.0,171.0
109.0,175.0,129.0,44.0,-85.0,-223.0,368.0,-46.0,-58.0,160.0
104.0,39.0,146.0,17.0,20.0,-248.0,746.0,303.0,-60.0,137.0
111.0,133.0,109.0,24.0,14.0,-327.0,925.0,402.0,-91.0,135.0
117.0,85.0,136.0,38.0,-109.0,-356.0,755.0,27.0,-126.0,123.0
101.0,76.0,112.0,8.0,-54.0,-317.0,434.0,-537.0,-141.0,100.0
75.0,-143.0,73.0,21.0,-39.0,-247.0,325.0,-670.0,-152.0,83.0
52.0,-79.0,54.0,48.0,12.0,-189.0,542.0,-545.0,-170.0,69.0
62.0,-107.0,21.0,57.0,18.0,-262.0,690.0,-35.0,-169.0,44.0
61.0,-153.0,18.0,81.0,-210.0,-315.0,414.0,328.0,-159.0,22.0
73.0,142.0,23.0,100.0,-43.0,-276.0,-126.0,376.0,-153.0,10.0
69.0,88.0,75.0,71.0,216.0,-407.0,-335.0,153.0,-133.0,0.0
57.0,196.0,52.0,48.0,22.0,-487.0,-119.0,-284.0,-111.0,-10.0
50.0,322.0,102.0,50.0,41.0,-347.0,-21.0,-513.0,-92.0,-9.0
32.0,188.0,108.0,69.0,108.0,-221.0,-210.0,-574.0,-79.0,18.0
18.0,105.0,89.0,110.0,-38.0,-100.0,-227.0,-188.0,-69.0,44.0
-4.0,144.0,177.0,124.0,89.0,-120.0,146.0,140.0,-68.0,57.0
-3.0,108.0,137.0,143.0,12.0,-186.0,334.0,197.0,-75.0,96.0
-6.0,-159.0,129.0,109.0,-53.0,-143.0,6.0,7.0,-63.0,138.0
-16.0,-159.0,160.0,37.0,181.0,-70.0,-495.0,-569.0,-49.0,173.0
-26.0,-69.0,134.0,56.0,-22.0,-162.0,-735.0,-761.0,-55.0,220.0
-28.0,-14.0,141.0,24.0,-110.0,-357.0,-718.0,-461.0,-48.0,258.0
-31.0,-51.0,151.0,-40.0,136.0,-260.0,-568.0,151.0,-56.0,276.0
-62.0,-168.0,109.0,-51.0,-7.0,-79.0,-232.0,517.0,-71.0,275.0
-78.0,-117.0,109.0,-42.0,-107.0,-114.0,78.0,522.0,-63.0,278.0
-77.0,-34.0,74.0,-5.0,24.0,-304.0,127.0,399.0,-64.0,286.0
-58.0,46.0,93.0,15.0,-69.0,-287.0,-110.0,116.0,-47.0,281.0
-53.0,22.0,95.0,69.0,14.0,16.0,-265.0,90.0,-24.0,264.0
-61.0,155.0,57.0,83.0,180.0,137.0,-60.0,-73.0,2.0,263.0
-65.0,397.0,76.0,76.0,64.0,34.0,223.0,-301.0,22.0,257.0
-67.0,281.0,48.0,78.0,94.0,-159.0,367.0,-445.0,42.0,237.0
-91.0,24.0,100.0,37.0,129.0,-196.0,388.0,-631.0,53.0,231.0
-115.0,210.0,104.0,0.0,-5.0,-14.0,272.0,-458.0,56.0,225.0
-114.0,363.0,129.0,-35.0,-50.0,-35.0,82.0,-175.0,68.0,211.0
-132.0,86.0,136.0,-25.0,47.0,-117.0,-29.0,120.0,69.0,185.0
-127.0,101.0,111.0,-23.0,111.0,-39.0,3.0,138.0,89.0,159.0
-117.0,93.0,125.0,-41.0,27.0,45.0,177.0,-131.0,100.0,142.0
-98.0,70.0,82.0,-59.0,22.0,-113.0,363.0,-341.0,121.0,118.0
-73.0,306.0,89.0,-17.0,59.0,-342.0,454.0,-458.0,100.0,87.0
-41.0,184.0,112.0,55.0,30.0,-283.0,479.0,-203.0,73.0,76.0
-23.0,103.0,127.0,109.0,34.0,-106.0,553.0,-96.0,89.0,75.0
-24.0,164.0,141.0,169.0,-59.0,50.0,504.0,-88.0,73.0,66.0
-13.0,75.0,157.0,145.0,-163.0,-20.0,110.0,-12.0,67.0,57.0
-5.0,72.0,121.0,113.0,-60.0,-182.0,-439.0,-16.0,51.0,52.0
27.0,90.0,126.0,103.0,-76.0,-256.0,-766.0,84.0,35.0,46.0
44.0,228.0,107.0,94.0,-104.0,-236.0,-638.0,-11.0,46.0,47.0
67.0,119.0,35.0,85.0,95.0,-153.0,-363.0,36.0,26.0,52.0
89.0,-141.0,44.0,42.0,-44.0,-244.0,-274.0,14.0,9.0,48.0
77.0,-95.0,22.0,0.0,-90.0,-231.0,-341.0,-234.0,7.0,51.0
65.0,-198.0,15.0,-22.0,166.0,-75.0,-394.0,-365.0,-4.0,77.0
45.0,-101.0,60.0,-15.0,-32.0,50.0,-400.0,-456.0,-6.0,112.0
15.0,23.0,112.0,-3.0,-44.0,57.0,-327.0,-343.0,-30.0,133.0
5.0,-89.0,92.0,27.0,210.0,13.0,-17.0,-363.0,-42.0,136.0
16.0,12.0,85.0,37.0,-34.0,192.0,332.0,-321.0,-27.0,144.0
14.0,69.0,97.0,13.0,-102.0,287.0,565.0,-151.0,-50.0,168.0
19.0,185.0,76.0,18.0,142.0,283.0,740.0,66.0,-81.0,189.0
11.0,75.0,99.0,38.0,25.0,446.0,872.0,515.0,-90.0,188.0
6.0,-47.0,24.0,48.0,-63.0,553.0,820.0,657.0,-77.0,194.0
-1.0,-3.0,1.0,42.0,16.0,431.0,621.0,535.0,-84.0,192.0
-18.0,-169.0,72.0,3.0,-28.0,282.0,531.0,140.0,-83.0,182.0
-17.0,-81.0,70.0,-35.0,0.0,269.0,549.0,-317.0,-55.0,178.0
0.0,71.0,64.0,-31.0,-11.0,264.0,459.0,-567.0,-35.0,160.0
4.0,88.0,79.0,-46.0,-95.0,212.0,165.0,-644.0,-6.0,136.0
-17.0,1.0,120.0,-67.0,10.0,151.0,-236.0,-306.0,20.0,109.0
-19.0,-21.0,90.0,-69.0,57.0,124.0,-649.0,60.0,41.0,110.0
-36.0,106.0,79.0,-103.0,-38.0,126.0,-819.0,341.0,70.0,99.0
-49.0,72.0,79.0,-110.0,-23.0,10.0,-603.0,360.0,74.0,81.0
-65.0,45.0,30.0,-103.0,56.0,-168.0,-290.0,179.0,63.0,82.0
-93.0,110.0,48.0,-107.0,61.0,-152.0,-285.0,145.0,73.0,78.0
-115.0,-4.0,34.0,-94.0,-12.0,-116.0,-395.0,-20.0,87.0,92.0
-122.0,-109.0,67.0,-73.0,17.0,-204.0,-326.0,-84.0,114.0,106.0
-67.0,89.0,86.0,-50.0,12.0,-104.0,-219.0,-144.0,110.0,136.0
-45.0,75.0,63.0,-55.0,-58.0,194.0,-138.0,-280.0,84.0,155.0
-61.0,65.0,43.0,-37.0,87.0,371.0,-93.0,-476.0,89.0,179.0
-54.0,190.0,6.0,3.0,60.0,331.0,-57.0,-665.0,105.0,221.0
-48.0,44.0,-26.0,20.0,-107.0,334.0,-19.0,-391.0,98.0,244.0
-58.0,-39.0,-80.0,22.0,46.0,367.0,91.0,7.0,93.0,279.0
-90.0,76.0,-27.0,39.0,22.0,300.0,297.0,375.0,131.0,290.0
-95.0,199.0,-64.0,64.0,-108.0,304.0,509.0,376.0,141.0,298.0
-57.0,-31.0,-65.0,60.0,23.0,359.0,527.0,-5.0,117.0,310.0
-31.0,-129.0,6.0,121.0,-102.0,277.0,411.0,-328.0,121.0,301.0
-44.0,63.0,-27.0,173.0,-102.0,4.0,447.0,-633.0,113.0,285.0
-57.0,25.0,-9.0,141.0,69.0,-135.0,606.0,-521.0,76.0,274.0
-48.0,-11.0,-51.0,97.0,-119.0,137.0,858.0,-158.0,64.0,246.0
-32.0,-17.0,-74.0,82.0,-48.0,357.0,925.0,197.0,47.0,191.0
-39.0,-38.0,-95.0,96.0,88.0,150.0,668.0,234.0,39.0,174.0
-43.0,-165.0,-54.0,82.0,-97.0,6.0,173.0,-133.0,53.0,148.0
-19.0,-292.0,-31.0,59.0,-55.0,219.0,-349.0,-365.0,42.0,103.0
5.0,-197.0,-77.0,13.0,32.0,396.0,-469.0,-506.0,31.0,59.0
23.0,-128.0,5.0,-29.0,-112.0,329.0,-197.0,-62.0,17.0,26.0
22.0,-28.0,-17.0,-54.0,-52.0,277.0,51.0,598.0,-10.0,6.0
35.0,38.0,-26.0,-69.0,60.0,329.0,-14.0,742.0,-36.0,-36.0
57.0,-106.0,-31.0,-48.0,-19.0,188.0,-144.0,545.0,-50.0,-59.0
45.0,-19.0,-70.0,-22.0,21.0,25.0,-41.0,24.0,-66.0,-82.0
19.0,159.0,-76.0,14.0,24.0,68.0,182.0,-423.0,-53.0,-104.0
18.0,191.0,-74.0,19.0,-66.0,169.0,171.0,-679.0,-40.0,-124.0
19.0,135.0,-97.0,-10.0,-74.0,289.0,59.0,-607.0,-65.0,-141.0
6.0,-75.0,-140.0,-3.0,-23.0,320.0,127.0,-391.0,-78.0,-150.0
-3.0,54.0,-83.0,25.0,-13.0,255.0,154.0,-216.0,-76.0,-175.0
-28.0,111.0,-132.0,50.0,-76.0,217.0,57.0,64.0,-52.0,-164.0
-48.0,-45.0,-78.0,93.0,80.0,251.0,-149.0,140.0,-31.0,-132.0
-77.0,102.0,-65.0,135.0,117.0,206.0,-328.0,234.0,-33.0,-110.0
-95.0,121.0,-134.0,172.0,-62.0,-58.0,-310.0,129.0,-32.0,-94.0
-100.0,-55.0,-26.0,180.0,64.0,-151.0,-169.0,-7.0,-15.0,-56.0
-89.0,-236.0,-73.0,177.0,52.0,78.0,-218.0,125.0,40.0,-10.0
-74.0,-168.0,-122.0,199.0,-58.0,102.0,-516.0,177.0,51.0,19.0
-78.0,89.0,-78.0,201.0,124.0,-98.0,-648.0,109.0,16.0,47.0
-63.0,80.0,-80.0,163.0,65.0,-159.0,-423.0,-295.0,9.0,67.0
-59.0,-107.0,-48.0,136.0,-52.0,-44.0,-70.0,-485.0,-13.0,86.0
-39.0,-182.0,-3.0,105.0,63.0,19.0,-16.0,-358.0,-15.0,80.0
-17.0,-92.0,-20.0,62.0,0.0,-43.0,-333.0,-86.0,10.0,90.0
1.0,38.0,-32.0,47.0,55.0,4.0,-589.0,253.0,46.0,115.0
6.0,113.0,-2.0,10.0,115.0,71.0,-433.0,194.0,86.0,109.0
-16.0,50.0,-3.0,-23.0,-116.0,142.0,-77.0,144.0,99.0,111.0
-2.0,4.0,-11.0,-13.0,51.0,277.0,78.0,-18.0,112.0,130.0
5.0,-15.0,8.0,-25.0,174.0,332.0,105.0,-92.0,97.0,130.0
18.0,-42.0,12.0,-38.0,-104.0,238.0,250.0,35.0,97.0,123.0
29.0,80.0,52.0,-21.0,-11.0,100.0,487.0,16.0,139.0,126.0
49.0,191.0,36.0,-47.0,79.0,163.0,526.0,16.0,161.0,127.0
84.0,84.0,24.0,-49.0,-81.0,174.0,324.0,-334.0,141.0,131.0
99.0,-184.0,57.0,-24.0,-22.0,-54.0,239.0,-661.0,125.0,124.0
112.0,-198.0,8.0,10.0,-11.0,-137.0,455.0,-716.0,132.0,126.0
89.0,-124.0,29.0,47.0,-35.0,-48.0,801.0,-412.0,117.0,142.0
77.0,-116.0,-42.0,20.0,40.0,-16.0,872.0,251.0,77.0,143.0
88.0,-30.0,-71.0,24.0,-28.0,28.0,464.0,585.0,50.0,149.0
85.0,-117.0,-27.0,36.0,12.0,95.0,-138.0,576.0,38.0,153.0
81.0,-82.0,-90.0,83.0,48.0,156.0,-665.0,109.0,5.0,164.0
58.0,98.0,-67.0,138.0,-1.0,86.0,-894.0,-410.0,-23.0,148.0
29.0,148.0,-66.0,113.0,126.0,-70.0,-744.0,-729.0,-67.0,113.0
9.0,155.0,-79.0,104.0,79.0,95.0,-403.0,-831.0,-98.0,110.0
-4.0,195.0,-45.0,83.0,-48.0,273.0,-167.0,-328.0,-106.0,92.0
-27.0,97.0,30.0,44.0,-8.0,141.0,-218.0,149.0,-138.0,68.0
-51.0,-59.0,9.0,5.0,9.0,52.0,-323.0,404.0,-164.0,40.0
-49.0,15.0,-6.0,-1.0,7.0,325.0,-343.0,325.0,-172.0,23.0
-32.0,14.0,57.0,27.0,-40.0,647.0,-113.0,9.0,-151.0,6.0
-26.0,-107.0,11.0,29.0,-57.0,499.0,371.0,-127.0,-116.0,-24.0
-40.0,-176.0,65.0,50.0,35.0,382.0,662.0,-168.0,-89.0,-17.0
-69.0,-317.0,32.0,65.0,14.0,474.0,553.0,31.0,-73.0,-22.0
-71.0,-436.0,-6.0,65.0,21.0,401.0,89.0,210.0,-47.0,-59.0
-55.0,-227.0,39.0,38.0,158.0,171.0,-400.0,415.0,-38.0,-93.0
-48.0,-85.0,13.0,15.0,29.0,12.0,-606.0,535.0,-64.0,-109.0
-25.0,-251.0,52.0,50.0,-21.0,131.0,-536.0,436.0,-71.0,-128.0
-10.0,-85.0,35.0,68.0,73.0,-6.0,-384.0,341.0,-56.0,-167.0
-2.0,94.0,45.0,97.0,-63.0,-268.0,-330.0,53.0,-39.0,-181.0
-14.0,34.0,4.0,147.0,-23.0,-205.0,-365.0,-101.0,-48.0,-169.0
-32.0,118.0,-24.0,148.0,51.0,-83.0,-405.0,-175.0,-49.0,-160.0
-43.0,160.0,-13.0,144.0,-19.0,0.0,-211.0,-166.0,-31.0,-156.0
-65.0,37.0,-66.0,117.0,47.0,62.0,176.0,-116.0,-33.0,-133.0
-60.0,-114.0,-25.0,96.0,4.0,196.0,525.0,-168.0,-24.0,-115.0
-50.0,-62.0,7.0,107.0,-44.0,235.0,718.0,-3.0,-18.0,-120.0
-25.0,-86.0,-9.0,58.0,73.0,200.0,699.0,-83.0,-28.0,-115.0
-11.0,-158.0,3.0,29.0,-80.0,174.0,675.0,-205.0,-44.0,-99.0
-19.0,-96.0,9.0,-69.0,-101.0,18.0,677.0,-295.0,-50.0,-92.0
-32.0,-316.0,52.0,-154.0,84.0,-39.0,588.0,-491.0,-25.0,-110.0
-61.0,-420.0,136.0,-139.0,-58.0,-9.0,390.0,-589.0,-23.0,-115.0
-65.0,-368.0,91.0,-129.0,29.0,111.0,-6.0,-613.0,-55.0,-108.0
-71.0,-285.0,97.0,-85.0,50.0,348.0,-411.0,-192.0,-57.0,-116.0
-75.0,-59.0,36.0,-51.0,-130.0,287.0,-556.0,186.0,-53.0,-130.0
-59.0,-37.0,-40.0,-28.0,-27.0,-6.0,-623.0,312.0,-53.0,-130.0
-43.0,16.0,-28.0,-67.0,-87.0,12.0,-698.0,90.0,-52.0,-130.0
-15.0,110.0,-77.0,-87.0,-95.0,234.0,-576.0,-465.0,-58.0,-148.0
25.0,151.0,2.0,-81.0,-28.0,250.0,-291.0,-672.0,-54.0,-136.0
32.0,285.0,-48.0,-67.0,-78.0,268.0,-86.0,-694.0,-78.0,-120.0
30.0,204.0,-46.0,-33.0,23.0,317.0,-13.0,-267.0,-80.0,-130.0
12.0,85.0,42.0,-27.0,55.0,150.0,19.0,253.0,-90.0,-142.0
-4.0,131.0,7.0,10.0,-11.0,-107.0,38.0,365.0,-133.0,-122.0
5.0,33.0,28.0,16.0,31.0,-148.0,69.0,219.0,-145.0,-97.0
2.0,69.0,-9.0,9.0,2.0,41.0,206.0,-243.0,-161.0,-91.0
33.0,217.0,-54.0,-15.0,-54.0,16.0,490.0,-515.0,-154.0,-85.0
61.0,93.0,-20.0,-34.0,54.0,-266.0,611.0,-628.0,-147.0,-82.0
86.0,-42.0,2.0,-17.0,61.0,-363.0,403.0,-367.0,-152.0,-73.0
94.0,-94.0,-16.0,-34.0,100.0,-152.0,40.0,107.0,-153.0,-74.0
85.0,-132.0,36.0,-31.0,111.0,-43.0,-136.0,376.0,-134.0,-66.0
80.0,11.0,17.0,-3.0,-47.0,-261.0,95.0,655.0,-119.0,-63.0
59.0,-7.0,-1.0,-17.0,43.0,-283.0,322.0,532.0,-126.0,-78.0
38.0,-134.0,5.0,-49.0,64.0,100.0,175.0,267.0,-108.0,-96.0
23.0,-19.0,-56.0,-32.0,-68.0,375.0,-222.0,-121.0,-74.0,-119.0
31.0,-102.0,-77.0,0.0,38.0,250.0,-377.0,-565.0,-23.0,-121.0
45.0,-160.0,-119.0,0.0,2.0,85.0,-145.0,-796.0,6.0,-125.0
65.0,-179.0,-104.0,10.0,-78.0,194.0,51.0,-909.0,0.0,-122.0
73.0,-101.0,-93.0,52.0,59.0,300.0,123.0,-484.0,-8.0,-108.0
80.0,-28.0,-75.0,57.0,-49.0,282.0,107.0,151.0,2.0,-94.0
57.0,-120.0,-79.0,66.0,-45.0,321.0,-146.0,800.0,18.0,-98.0
59.0,9.0,-57.0,82.0,89.0,332.0,-490.0,896.0,20.0,-89.0
81.0,-84.0,-19.0,90.0,-44.0,219.0,-591.0,279.0,43.0,-59.0
93.0,74.0,-59.0,69.0,-54.0,114.0,-505.0,-319.0,52.0,-52.0
129.0,121.0,-44.0,-14.0,7.0,216.0,-416.0,-689.0,26.0,-47.0
111.0,-215.0,-56.0,-70.0,40.0,335.0,-432.0,-497.0,5.0,-34.0
125.0,-110.0,-66.0,-107.0,70.0,271.0,-398.0,-223.0,0.0,-14.0
133.0,-49.0,-103.0,-110.0,18.0,329.0,-223.0,-79.0,-13.0,-8.0
138.0,-85.0,-111.0,-107.0,21.0,548.0,-137.0,-123.0,-26.0,-7.0
131.0,-92.0,-107.0,-94.0,81.0,521.0,-167.0,-334.0,-26.0,-7.0
116.0,-87.0,-123.0,-84.0,-50.0,180.0,-247.0,-339.0,-33.0,-17.0
127.0,-197.0,-120.0,-72.0,-88.0,-62.0,-254.0,-511.0,-41.0,-15.0
116.0,-356.0,-149.0,-33.0,33.0,-33.0,-82.0,-554.0,-64.0,-25.0
123.0,-232.0,-76.0,-43.0,-56.0,138.0,101.0,-349.0,-84.0,-31.0
86.0,-147.0,-59.0,-50.0,-16.0,337.0,36.0,5.0,-72.0,-28.0
79.0,-131.0,-63.0,-27.0,-25.0,486.0,-62.0,426.0,-69.0,-27.0
74.0,-64.0,-61.0,-6.0,-158.0,592.0,-20.0,646.0,-79.0,-29.0
82.0,-131.0,-94.0,-26.0,-62.0,383.0,174.0,707.0,-68.0,-28.0
99.0,-137.0,-89.0,-62.0,-37.0,83.0,581.0,218.0,-55.0,-35.0
90.0,51.0,-114.0,-70.0,-63.0,143.0,802.0,-338.0,-38.0,-51.0
71.0,39.0,-56.0,-60.0,26.0,35.0,624.0,-537.0,-23.0,-69.0
28.0,-83.0,-68.0,-38.0,14.0,-338.0,317.0,-413.0,-7.0,-98.0
28.0,-37.0,-70.0,-3.0,-13.0,-476.0,285.0,-25.0,-4.0,-129.0
19.0,70.0,-66.0,17.0,-3.0,-131.0,490.0,55.0,-46.0,-162.0
37.0,-34.0,-97.0,34.0,-54.0,356.0,490.0,134.0,-48.0,-175.0
15.0,-160.0,-44.0,38.0,21.0,309.0,140.0,72.0,-28.0,-188.0
1.0,-19.0,-104.0,3.0,51.0,204.0,-153.0,-192.0,-21.0,-213.0
1.0,-66.0,-86.0,-31.0,-25.0,510.0,-112.0,-279.0,3.0,-226.0
-21.0,-122.0,-96.0,-38.0,-38.0,707.0,-46.0,-323.0,0.0,-246.0
-39.0,-145.0,-173.0,-15.0,-59.0,494.0,-18.0,-151.0,13.0,-262.0
-72.0,-236.0,-138.0,-35.0,-44.0,244.0,63.0,-138.0,39.0,-283.0
-54.0,35.0,-168.0,-77.0,-60.0,328.0,241.0,-181.0,40.0,-300.0
-38.0,206.0,-139.0,-97.0,-100.0,421.0,339.0,-182.0,41.0,-324.0
6.0,17.0,-132.0,-102.0,-23.0,329.0,72.0,-160.0,12.0,-351.0
26.0,-146.0,-152.0,-110.0,-23.0,300.0,-372.0,57.0,-2.0,-344.0
25.0,-44.0,-106.0,-98.0,-58.0,482.0,-691.0,44.0,-8.0,-331.0
0.0,64.0,-174.0,-85.0,-31.0,701.0,-701.0,110.0,-20.0,-322.0
-33.0,-126.0,-148.0,-123.0,-81.0,568.0,-512.0,88.0,-17.0,-300.0
-28.0,-87.0,-122.0,-136.0,47.0,269.0,-523.0,16.0,-27.0,-259.0
-34.0,61.0,-181.0,-163.0,89.0,191.0,-753.0,72.0,-38.0,-218.0
-9.0,-29.0,-171.0,-163.0,-95.0,208.0,-794.0,-24.0,-64.0,-186.0
13.0,-4.0,-144.0,-140.0,70.0,233.0,-609.0,-18.0,-99.0,-152.0
38.0,-122.0,-125.0,-134.0,86.0,229.0,-377.0,-299.0,-85.0,-104.0
27.0,-281.0,-174.0,-137.0,-57.0,235.0,-135.0,-661.0,-73.0,-57.0
31.0,-202.0,-125.0,-137.0,57.0,181.0,94.0,-766.0,-92.0,-35.0
41.0,-243.0,-156.0,-113.0,-113.0,125.0,228.0,-558.0,-102.0,-18.0
43.0,-305.0,-154.0,-114.0,-68.0,147.0,224.0,-49.0,-91.0,-14.0
65.0,-182.0,-39.0,-128.0,125.0,-6.0,172.0,199.0,-57.0,-7.0
77.0,47.0,-74.0,-135.0,-93.0,-116.0,179.0,212.0,-39.0,-18.0
114.0,-63.0,-38.0,-133.0,-52.0,-14.0,364.0,1.0,-20.0,-61.0
117.0,-245.0,-6.0,-133.0,8.0,170.0,610.0,-75.0,23.0,-89.0
111.0,-82.0,-31.0,-103.0,-29.0,139.0,694.0,88.0,58.0,-133.0
74.0,-24.0,-12.0,-95.0,61.0,-128.0,472.0,155.0,103.0,-183.0
45.0,-16.0,71.0,-110.0,-68.0,-239.0,163.0,232.0,145.0,-220.0
41.0,-50.0,24.0,-114.0,-69.0,-130.0,134.0,72.0,168.0,-268.0
49.0,6.0,15.0,-123.0,76.0,47.0,311.0,-123.0,196.0,-306.0
63.0,129.0,104.0,-91.0,32.0,-33.0,472.0,-254.0,218.0,-330.0
69.0,143.0,42.0,-75.0,-27.0,-184.0,345.0,-304.0,229.0,-334.0
75.0,114.0,43.0,-54.0,-14.0,-164.0,-83.0,-120.0,221.0,-309.0
46.0,75.0,-44.0,-27.0,87.0,-43.0,-485.0,0.0,193.0,-296.0
41.0,142.0,-95.0,-15.0,89.0,40.0,-655.0,118.0,160.0,-279.0
7.0,21.0,-9.0,-23.0,-75.0,34.0,-637.0,77.0,128.0,-237.0
-27.0,4.0,-29.0,-69.0,-45.0,233.0,-512.0,96.0,96.0,-196.0
-38.0,-19.0,-54.0,-77.0,103.0,569.0,-368.0,199.0,71.0,-153.0
-47.0,-169.0,8.0,-79.0,16.0,807.0,-330.0,168.0,53.0,-129.0
-32.0,-157.0,5.0,-89.0,0.0,715.0,-391.0,291.0,47.0,-105.0
-28.0,-296.0,-11.0,-86.0,-1.0,413.0,-469.0,352.0,40.0,-87.0
-30.0,-357.0,9.0,-138.0,-141.0,148.0,-486.0,400.0,26.0,-90.0
-39.0,-231.0,-59.0,-180.0,-2.0,-50.0,-350.0,227.0,-1.0,-72.0
-40.0,-78.0,-74.0,-183.0,-36.0,-181.0,-60.0,24.0,-36.0,-66.0
-51.0,-45.0,-62.0,-184.0,-115.0,-316.0,118.0,40.0,-22.0,-82.0
-45.0,139.0,-74.0,-138.0,31.0,-143.0,88.0,-1.0,-6.0,-76.0
-49.0,307.0,-128.0,-138.0,-31.0,327.0,12.0,101.0,6.0,-51.0
-33.0,-7.0,-100.0,-122.0,-18.0,778.0,-36.0,-16.0,6.0,-32.0
-24.0,-78.0,-31.0,-34.0,-22.0,931.0,-40.0,-151.0,9.0,-22.0
-58.0,72.0,-39.0,11.0,-51.0,727.0,124.0,-310.0,17.0,5.0
-61.0,-39.0,6.0,34.0,83.0,486.0,471.0,-487.0,-4.0,35.0
-52.0,-195.0,-37.0,69.0,106.0,385.0,662.0,-310.0,-26.0,43.0
-42.0,-153.0,-48.0,97.0,-28.0,271.0,482.0,-142.0,-68.0,53.0
-65.0,19.0,8.0,85.0,12.0,40.0,62.0,199.0,-70.0,66.0
-74.0,112.0,-17.0,82.0,144.0,-239.0,-116.0,297.0,-69.0,69.0
-62.0,150.0,-41.0,39.0,47.0,-380.0,99.0,66.0,-84.0,47.0
-23.0,5.0,-46.0,5.0,-22.0,-248.0,315.0,-279.0,-93.0,15.0
-2.0,-48.0,-56.0,-6.0,-28.0,-271.0,380.0,-663.0,-119.0,10.0
-7.0,29.0,-40.0,-51.0,70.0,-290.0,239.0,-461.0,-129.0,-20.0
17.0,-79.0,23.0,-34.0,75.0,-68.0,-114.0,-96.0,-152.0,-62.0
22.0,-121.0,44.0,-43.0,-57.0,-2.0,-400.0,205.0,-143.0,-74.0
23.0,-155.0,-5.0,-54.0,-2.0,-287.0,-428.0,96.0,-127.0,-91.0
15.0,-106.0,-17.0,-69.0,24.0,-630.0,-372.0,-389.0,-118.0,-105.0
52.0,-116.0,22.0,-110.0,-1.0,-534.0,-308.0,-570.0,-109.0,-119.0
96.0,-259.0,73.0,-114.0,-68.0,-438.0,-85.0,-550.0,-121.0,-120.0
100.0,-133.0,59.0,-97.0,-131.0,-642.0,205.0,-81.0,-114.0,-105.0
110.0,-44.0,19.0,-50.0,-11.0,-707.0,162.0,432.0,-130.0,-115.0
115.0,6.0,28.0,-24.0,109.0,-442.0,-102.0,606.0,-133.0,-107.0
142.0,50.0,47.0,-21.0,-51.0,-73.0,-237.0,410.0,-113.0,-85.0
142.0,-79.0,36.0,-11.0,-117.0,41.0,-408.0,-38.0,-108.0,-87.0
129.0,-66.0,-13.0,4.0,33.0,85.0,-452.0,-118.0,-93.0,-97.0
135.0,111.0,-5.0,34.0,27.0,212.0,-194.0,-101.0,-68.0,-97.0
138.0,96.0,-11.0,64.0,-58.0,127.0,98.0,86.0,-61.0,-83.0
136.0,24.0,-37.0,74.0,-49.0,-69.0,126.0,249.0,-60.0,-83.0
117.0,132.0,-30.0,30.0,47.0,-60.0,-73.0,72.0,-55.0,-83.0
108.0,142.0,-55.0,-8.0,20.0,78.0,15.0,-151.0,-86.0,-70.0
100.0,86.0,-58.0,-12.0,47.0,74.0,369.0,-317.0,-97.0,-53.0
90.0,32.0,-63.0,-24.0,34.0,83.0,450.0,-99.0,-72.0,-55.0
71.0,-23.0,-49.0,-1.0,-38.0,325.0,224.0,158.0,-55.0,-54.0
47.0,-48.0,-54.0,0.0,41.0,444.0,-68.0,271.0,-33.0,-39.0
48.0,-99.0,-78.0,27.0,-38.0,286.0,-244.0,94.0,-28.0,-50.0
41.0,-159.0,-39.0,56.0,-153.0,154.0,-86.0,-321.0,-24.0,-66.0
36.0,-170.0,-74.0,51.0,-19.0,79.0,87.0,-460.0,-7.0,-74.0
41.0,-81.0,-68.0,64.0,145.0,-143.0,57.0,-511.0,0.0,-93.0
55.0,-60.0,-39.0,28.0,22.0,-452.0,12.0,-338.0,7.0,-108.0
72.0,25.0,-101.0,15.0,-59.0,-653.0,-2.0,-188.0,4.0,-109.0
84.0,100.0,-107.0,-4.0,-38.0,-650.0,134.0,-83.0,-7.0,-103.0
96.0,18.0,-147.0,-15.0,0.0,-648.0,355.0,105.0,-6.0,-92.0
89.0,0.0,-139.0,-10.0,84.0,-719.0,421.0,24.0,-8.0,-86.0
66.0,107.0,-96.0,-54.0,-33.0,-736.0,213.0,-62.0,-6.0,-85.0
43.0,252.0,-94.0,-91.0,-54.0,-719.0,-13.0,-225.0,-2.0,-89.0
43.0,139.0,-73.0,-114.0,117.0,-700.0,-74.0,-330.0,-14.0,-91.0
54.0,95.0,-96.0,-145.0,104.0,-736.0,-17.0,-325.0,-23.0,-97.0
59.0,249.0,-80.0,-173.0,-40.0,-673.0,92.0,-225.0,-20.0,-108.0
43.0,167.0,-97.0,-164.0,16.0,-561.0,102.0,-33.0,-22.0,-120.0
21.0,21.0,-145.0,-140.0,36.0,-425.0,124.0,-107.0,-19.0,-127.0
-9.0,-13.0,-151.0,-120.0,-12.0,-229.0,186.0,-129.0,2.0,-127.0
-14.0,5.0,-108.0,-114.0,30.0,-173.0,207.0,-277.0,7.0,-127.0
-5.0,19.0,-97.0,-86.0,-91.0,-329.0,209.0,-339.0,5.0,-112.0
-27.0,0.0,-136.0,-39.0,-49.0,-594.0,163.0,-208.0,14.0,-97.0
-12.0,-34.0,-92.0,40.0,158.0,-553.0,27.0,-327.0,34.0,-102.0
-1.0,-108.0,-116.0,120.0,-8.0,-429.0,-141.0,-319.0,40.0,-86.0
4.0,-174.0,-77.0,115.0,-87.0,-542.0,-265.0,-338.0,60.0,-47.0
0.0,-193.0,-5.0,90.0,97.0,-530.0,-299.0,-177.0,102.0,-43.0
-19.0,-333.0,-28.0,19.0,85.0,-328.0,-302.0,14.0,127.0,-51.0
-41.0,-273.0,0.0,-76.0,11.0,-150.0,-405.0,38.0,146.0,-36.0
-56.0,37.0,-60.0,-127.0,-46.0,-185.0,-479.0,90.0,174.0,-29.0
-45.0,145.0,-130.0,-166.0,-7.0,-403.0,-325.0,-46.0,196.0,-37.0
-46.0,92.0,-140.0,-170.0,81.0,-535.0,60.0,-68.0,193.0,-47.0
-26.0,44.0,-139.0,-107.0,29.0,-418.0,359.0,-234.0,188.0,-32.0
-29.0,162.0,-111.0,-58.0,-77.0,-199.0,421.0,-363.0,173.0,-41.0
-35.0,158.0,-73.0,-70.0,-45.0,-55.0,328.0,-295.0,156.0,-81.0
-22.0,187.0,-68.0,-44.0,60.0,0.0,176.0,-123.0,128.0,-67.0
-12.0,85.0,-85.0,-6.0,-28.0,29.0,132.0,206.0,102.0,-49.0
5.0,-66.0,-66.0,23.0,-80.0,1.0,80.0,96.0,80.0,-82.0
7.0,186.0,-69.0,50.0,-112.0,-56.0,-48.0,-51.0,33.0,-112.0
1.0,-21.0,-81.0,65.0,-84.0,-54.0,-119.0,-105.0,-6.0,-93.0
1.0,-210.0,-60.0,107.0,86.0,-171.0,-102.0,-97.0,-40.0,-85.0
-1.0,11.0,-57.0,100.0,-72.0,-426.0,-34.0,14.0,-55.0,-128.0
-11.0,-107.0,-77.0,82.0,-126.0,-645.0,90.0,9.0,-74.0,-123.0
3.0,-331.0,-76.0,35.0,95.0,-724.0,204.0,136.0,-93.0,-73.0
18.0,-118.0,-42.0,-36.0,1.0,-690.0,268.0,35.0,-97.0,-71.0
53.0,-5.0,15.0,-18.0,-177.0,-730.0,395.0,-201.0,-95.0,-71.0
97.0,-74.0,36.0,-15.0,-95.0,-860.0,587.0,-443.0,-89.0,-22.0
115.0,130.0,15.0,-17.0,-2.0,-895.0,660.0,-655.0,-83.0,14.0
124.0,30.0,3.0,-3.0,18.0,-864.0,530.0,-561.0,-63.0,4.0
121.0,-99.0,-17.0,-33.0,80.0,-724.0,362.0,-436.0,-59.0,33.0
115.0,53.0,-47.0,-34.0,-53.0,-414.0,148.0,-177.0,-58.0,93.0
104.0,96.0,-60.0,-39.0,56.0,-246.0,-179.0,-22.0,-45.0,99.0
107.0,-4.0,-71.0,-44.0,259.0,-321.0,-546.0,72.0,-39.0,87.0
94.0,199.0,-41.0,10.0,31.0,-435.0,-778.0,249.0,-35.0,106.0
83.0,204.0,-25.0,47.0,-34.0,-379.0,-808.0,166.0,-30.0,124.0
86.0,57.0,-4.0,57.0,9.0,-254.0,-709.0,142.0,-19.0,90.0
83.0,258.0,49.0,58.0,28.0,-172.0,-539.0,153.0,-2.0,77.0
79.0,36.0,53.0,41.0,32.0,-178.0,-335.0,219.0,28.0,102.0
69.0,64.0,104.0,16.0,-29.0,-272.0,-17.0,181.0,58.0,91.0
44.0,142.0,105.0,25.0,35.0,-130.0,219.0,-35.0,82.0,61.0
36.0,0.0,85.0,40.0,155.0,66.0,220.0,-83.0,115.0,64.0
51.0,-51.0,106.0,8.0,42.0,124.0,-10.0,-101.0,130.0,89.0
57.0,-93.0,55.0,18.0,-149.0,96.0,-151.0,72.0,141.0,54.0
73.0,-16.0,98.0,32.0,-58.0,-127.0,104.0,173.0,147.0,15.0
54.0,-108.0,124.0,21.0,58.0,-229.0,489.0,205.0,139.0,37.0
45.0,105.0,45.0,-1.0,39.0,-177.0,767.0,145.0,150.0,32.0
44.0,103.0,97.0,3.0,-65.0,-200.0,666.0,-286.0,175.0,-13.0
36.0,-107.0,83.0,40.0,-62.0,-249.0,382.0,-650.0,177.0,-7.0
41.0,-93.0,23.0,47.0,91.0,-296.0,246.0,-824.0,168.0,23.0
46.0,-82.0,65.0,113.0,100.0,-214.0,197.0,-596.0,174.0,7.0
65.0,-81.0,7.0,147.0,-8.0,-173.0,258.0,-317.0,169.0,-5.0
52.0,-130.0,2.0,125.0,-20.0,-67.0,446.0,-114.0,162.0,28.0
42.0,-46.0,25.0,133.0,40.0,121.0,619.0,171.0,152.0,58.0
41.0,-90.0,-28.0,110.0,77.0,110.0,436.0,221.0,131.0,21.0
27.0,-27.0,-16.0,69.0,30.0,12.0,-35.0,162.0,109.0,9.0
3.0,121.0,1.0,21.0,-73.0,-117.0,-391.0,-151.0,88.0,47.0
-4.0,43.0,-60.0,-24.0,32.0,-89.0,-497.0,-347.0,89.0,39.0
6.0,-126.0,-29.0,-42.0,132.0,-51.0,-613.0,-253.0,74.0,-12.0
7.0,-93.0,-7.0,-58.0,-57.0,-103.0,-808.0,-11.0,81.0,-15.0
17.0,-39.0,-65.0,-72.0,-160.0,-22.0,-787.0,328.0,103.0,21.0
18.0,-126.0,-16.0,-89.0,-40.0,68.0,-523.0,201.0,98.0,-12.0
1.0,29.0,-4.0,-74.0,16.0,112.0,-62.0,-36.0,109.0,-35.0
5.0,-33.0,55.0,-45.0,-33.0,89.0,479.0,-260.0,100.0,-5.0
-3.0,-225.0,81.0,-52.0,-97.0,-26.0,649.0,-400.0,86.0,3.0
-22.0,-265.0,94.0,-13.0,-23.0,-194.0,237.0,-279.0,94.0,-29.0
-18.0,-117.0,134.0,26.0,76.0,-338.0,-234.0,-182.0,104.0,-29.0
-35.0,9.0,108.0,43.0,-58.0,-379.0,-302.0,-16.0,112.0,18.0
-27.0,-78.0,159.0,45.0,-68.0,-283.0,-101.0,-79.0,112.0,-1.0
-38.0,53.0,204.0,11.0,5.0,4.0,82.0,-162.0,116.0,-31.0
-30.0,24.0,193.0,17.0,16.0,227.0,135.0,-134.0,118.0,-1.0
-9.0,23.0,196.0,34.0,11.0,154.0,112.0,-157.0,123.0,27.0
-10.0,25.0,260.0,68.0,-62.0,39.0,144.0,-49.0,126.0,15.0
-20.0,-135.0,207.0,39.0,-39.0,118.0,287.0,-109.0,113.0,19.0
-47.0,19.0,192.0,-33.0,10.0,309.0,342.0,-51.0,114.0,65.0
-13.0,-22.0,228.0,-44.0,35.0,388.0,198.0,79.0,115.0,85.0
0.0,-84.0,181.0,-9.0,-70.0,348.0,-53.0,308.0,93.0,65.0
18.0,18.0,189.0,62.0,-82.0,146.0,-219.0,617.0,85.0,82.0
25.0,-98.0,74.0,86.0,76.0,4.0,-149.0,489.0,73.0,124.0
51.0,-36.0,84.0,75.0,115.0,166.0,87.0,186.0,60.0,112.0
69.0,115.0,165.0,46.0,42.0,327.0,210.0,-251.0,60.0,99.0
40.0,58.0,151.0,58.0,-8.0,265.0,-26.0,-458.0,38.0,119.0
42.0,3.0,136.0,104.0,40.0,91.0,-420.0,-388.0,6.0,145.0
28.0,116.0,82.0,134.0,83.0,150.0,-701.0,-279.0,-29.0,137.0
50.0,216.0,90.0,138.0,42.0,320.0,-684.0,-103.0,-48.0,127.0
42.0,193.0,45.0,87.0,-109.0,368.0,-376.0,-27.0,-51.0,157.0
43.0,267.0,42.0,76.0,0.0,332.0,-31.0,221.0,-56.0,150.0
42.0,338.0,18.0,86.0,148.0,325.0,148.0,238.0,-74.0,122.0
28.0,254.0,10.0,94.0,-47.0,453.0,174.0,168.0,-86.0,131.0
11.0,113.0,44.0,87.0,-27.0,346.0,271.0,267.0,-80.0,149.0
-29.0,43.0,16.0,60.0,175.0,75.0,447.0,262.0,-86.0,138.0
-46.0,-105.0,64.0,55.0,54.0,43.0,506.0,375.0,-79.0,132.0
-78.0,-237.0,63.0,72.0,-8.0,142.0,408.0,354.0,-67.0,168.0
-79.0,-75.0,116.0,108.0,65.0,181.0,347.0,325.0,-56.0,172.0
-78.0,20.0,132.0,128.0,15.0,62.0,381.0,260.0,-46.0,134.0
-71.0,-23.0,93.0,142.0,99.0,-63.0,518.0,120.0,-46.0,128.0
-48.0,-11.0,130.0,121.0,42.0,-7.0,621.0,179.0,-40.0,148.0
-41.0,-3.0,157.0,88.0,-67.0,127.0,551.0,179.0,-36.0,147.0
-41.0,-70.0,183.0,92.0,-25.0,121.0,576.0,227.0,-28.0,116.0
-44.0,-181.0,183.0,81.0,44.0,125.0,641.0,245.0,-38.0,117.0
-48.0,-115.0,202.0,72.0,50.0,258.0,305.0,286.0,-38.0,139.0
-35.0,-53.0,169.0,102.0,-84.0,340.0,-329.0,319.0,-5.0,131.0
-13.0,-39.0,199.0,109.0,-101.0,243.0,-670.0,279.0,20.0,115.0
0.0,2.0,210.0,72.0,-50.0,-18.0,-727.0,297.0,25.0,125.0
19.0,-67.0,146.0,43.0,52.0,-83.0,-852.0,55.0,17.0,130.0
28.0,-17.0,153.0,13.0,24.0,-15.0,-953.0,-12.0,26.0,92.0
30.0,10.0,124.0,-11.0,-89.0,91.0,-622.0,51.0,33.0,75.0
30.0,153.0,132.0,-47.0,15.0,139.0,31.0,60.0,25.0,89.0
38.0,233.0,95.0,-60.0,96.0,29.0,374.0,297.0,47.0,75.0
19.0,157.0,77.0,-73.0,-29.0,133.0,418.0,513.0,54.0,16.0
10.0,258.0,59.0,-121.0,-64.0,231.0,282.0,646.0,49.0,5.0
-1.0,226.0,10.0,-118.0,124.0,254.0,-80.0,485.0,63.0,29.0
-3.0,345.0,74.0,-145.0,133.0,314.0,-230.0,190.0,59.0,1.0
0.0,353.0,78.0,-164.0,21.0,321.0,-34.0,-88.0,69.0,-7.0
-25.0,216.0,59.0,-124.0,-60.0,354.0,10.0,-205.0,66.0,-1.0
-32.0,93.0,70.0,-124.0,-56.0,404.0,-154.0,-140.0,55.0,17.0
-54.0,51.0,52.0,-126.0,91.0,488.0,-291.0,-153.0,73.0,42.0
-75.0,19.0,12.0,-74.0,3.0,550.0,-345.0,1.0,67.0,58.0
-98.0,-294.0,-7.0,32.0,-142.0,570.0,9.0,-77.0,48.0,99.0
-81.0,-188.0,-7.0,96.0,0.0,592.0,683.0,-173.0,57.0,104.0
-68.0,-54.0,8.0,127.0,72.0,442.0,1031.0,-131.0,73.0,107.0
-57.0,-191.0,74.0,125.0,42.0,200.0,965.0,-99.0,74.0,147.0
-41.0,-75.0,62.0,89.0,19.0,204.0,712.0,301.0,84.0,172.0
-65.0,101.0,76.0,78.0,-85.0,215.0,394.0,624.0,73.0,168.0
-76.0,0.0,108.0,51.0,-18.0,106.0,253.0,822.0,58.0,159.0
-94.0,115.0,103.0,45.0,93.0,89.0,213.0,685.0,70.0,185.0
-84.0,356.0,93.0,30.0,-50.0,156.0,84.0,277.0,72.0,202.0
-68.0,194.0,22.0,44.0,-117.0,319.0,-121.0,-20.0,74.0,185.0
-82.0,204.0,12.0,77.0,72.0,360.0,-395.0,-168.0,63.0,200.0
-103.0,441.0,-4.0,72.0,146.0,135.0,-511.0,179.0,69.0,229.0
-110.0,427.0,4.0,87.0,17.0,18.0,-408.0,375.0,81.0,218.0
-125.0,165.0,12.0,62.0,-35.0,44.0,-222.0,317.0,93.0,209.0
-126.0,129.0,-28.0,35.0,31.0,35.0,-249.0,153.0,100.0,232.0
-99.0,85.0,-5.0,31.0,80.0,-20.0,-554.0,-118.0,76.0,234.0
-78.0,-129.0,-6.0,35.0,16.0,-248.0,-636.0,-92.0,67.0,213.0
-69.0,-186.0,27.0,35.0,-96.0,-361.0,-356.0,-20.0,54.0,210.0
-89.0,-200.0,28.0,28.0,5.0,-233.0,-143.0,279.0,51.0,212.0
-94.0,-174.0,42.0,34.0,176.0,-36.0,-212.0,528.0,54.0,186.0
-117.0,-32.0,80.0,38.0,61.0,20.0,-194.0,644.0,19.0,153.0
-138.0,23.0,49.0,61.0,-93.0,-154.0,-73.0,770.0,1.0,144.0
-144.0,-124.0,83.0,40.0,-31.0,-110.0,66.0,545.0,0.0,138.0
-143.0,-112.0,91.0,-31.0,62.0,116.0,158.0,339.0,-17.0,109.0
-114.0,54.0,123.0,-101.0,2.0,285.0,-194.0,127.0,-28.0,73.0
-119.0,112.0,158.0,-136.0,-51.0,335.0,-374.0,230.0,-30.0,71.0
-135.0,61.0,102.0,-111.0,-1.0,200.0,84.0,589.0,-58.0,76.0
-143.0,222.0,84.0,-24.0,121.0,287.0,475.0,742.0,-67.0,49.0
-139.0,479.0,73.0,72.0,216.0,498.0,538.0,812.0,-56.0,32.0
-136.0,447.0,52.0,93.0,-28.0,387.0,790.0,487.0,-73.0,46.0
-155.0,356.0,64.0,41.0,-113.0,286.0,1148.0,144.0,-77.0,59.0
-145.0,362.0,74.0,-9.0,129.0,296.0,799.0,-68.0,-75.0,63.0
-113.0,250.0,61.0,-11.0,8.0,171.0,-51.0,-18.0,-90.0,82.0
-111.0,104.0,110.0,9.0,-175.0,57.0,-503.0,282.0,-93.0,89.0
-116.0,168.0,68.0,44.0,-44.0,106.0,-411.0,363.0,-88.0,95.0
-118.0,151.0,14.0,74.0,-30.0,374.0,-175.0,363.0,-101.0,107.0
-105.0,128.0,36.0,83.0,15.0,506.0,-140.0,210.0,-109.0,133.0
-118.0,59.0,-14.0,78.0,131.0,329.0,-72.0,232.0,-118.0,147.0
-132.0,-172.0,9.0,76.0,-147.0,233.0,219.0,288.0,-138.0,138.0
-97.0,-164.0,8.0,107.0,-141.0,272.0,294.0,147.0,-153.0,157.0
-73.0,-148.0,-22.0,95.0,76.0,128.0,120.0,29.0,-159.0,153.0
-66.0,-296.0,15.0,91.0,-49.0,-231.0,-17.0,-84.0,-165.0,123.0
-90.0,-262.0,27.0,97.0,-61.0,-389.0,-130.0,81.0,-166.0,87.0
-106.0,-64.0,21.0,2.0,14.0,-244.0,-355.0,133.0,-139.0,52.0
-114.0,-108.0,27.0,-75.0,95.0,-100.0,-463.0,79.0,-129.0,33.0
-130.0,-71.0,26.0,-125.0,56.0,-102.0,-283.0,120.0,-117.0,-5.0
-124.0,174.0,-11.0,-131.0,-44.0,2.0,-188.0,66.0,-98.0,-50.0
-107.0,147.0,33.0,-64.0,-3.0,270.0,-168.0,59.0,-96.0,-75.0
-101.0,312.0,32.0,-23.0,71.0,380.0,-35.0,-53.0,-85.0,-93.0
-138.0,318.0,44.0,10.0,92.0,294.0,313.0,-1.0,-79.0,-93.0
-159.0,1.0,124.0,20.0,0.0,138.0,707.0,251.0,-91.0,-86.0
-157.0,171.0,75.0,11.0,-28.0,120.0,790.0,620.0,-96.0,-90.0
-140.0,220.0,97.0,-8.0,47.0,231.0,729.0,984.0,-95.0,-93.0
-116.0,-117.0,98.0,14.0,90.0,231.0,501.0,988.0,-109.0,-99.0
-112.0,-183.0,30.0,46.0,-8.0,197.0,88.0,862.0,-92.0,-90.0
-107.0,93.0,33.0,31.0,-81.0,206.0,-253.0,301.0,-87.0,-107.0
-112.0,-39.0,13.0,25.0,-43.0,250.0,-542.0,-234.0,-97.0,-135.0
-107.0,-307.0,-31.0,12.0,-75.0,306.0,-646.0,-330.0,-68.0,-127.0
-125.0,-29.0,-10.0,27.0,-29.0,302.0,-524.0,-219.0,-52.0,-133.0
-130.0,54.0,34.0,59.0,-24.0,239.0,-478.0,219.0,-46.0,-137.0
-119.0,-97.0,-8.0,70.0,-82.0,181.0,-486.0,308.0,-30.0,-130.0
-108.0,-208.0,9.0,34.0,20.0,198.0,-397.0,264.0,-17.0,-122.0
-77.0,-293.0,55.0,-1.0,-15.0,245.0,-222.0,214.0,-7.0,-103.0
-71.0,-303.0,7.0,-25.0,-73.0,192.0,115.0,120.0,2.0,-77.0
-44.0,-180.0,17.0,-26.0,-72.0,124.0,636.0,164.0,5.0,-33.0
-41.0,-145.0,-5.0,-12.0,-14.0,206.0,1024.0,24.0,14.0,2.0
-60.0,-462.0,-27.0,-21.0,150.0,210.0,1126.0,9.0,37.0,37.0
-60.0,-256.0,-7.0,-55.0,29.0,37.0,900.0,-38.0,43.0,80.0
-66.0,62.0,-24.0,-111.0,29.0,-130.0,353.0,36.0,57.0,124.0
-59.0,-222.0,-19.0,-99.0,151.0,-145.0,61.0,144.0,68.0,152.0
-59.0,-143.0,-6.0,-75.0,-19.0,-54.0,1.0,118.0,60.0,135.0
-42.0,142.0,25.0,-41.0,-36.0,-158.0,7.0,188.0,53.0,129.0
-45.0,34.0,38.0,-27.0,52.0,-220.0,176.0,-22.0,40.0,133.0
-68.0,-28.0,122.0,-31.0,2.0,-77.0,139.0,-109.0,16.0,106.0
-78.0,51.0,69.0,-13.0,-12.0,14.0,-43.0,-44.0,12.0,83.0
-95.0,29.0,19.0,-4.0,42.0,18.0,-185.0,114.0,6.0,74.0
-104.0,112.0,106.0,2.0,103.0,-131.0,-376.0,317.0,-32.0,59.0
-86.0,135.0,53.0,0.0,111.0,-290.0,-668.0,247.0,-32.0,37.0
-44.0,-77.0,76.0,44.0,39.0,-279.0,-892.0,105.0,-28.0,28.0
-20.0,-59.0,36.0,27.0,2.0,-244.0,-1143.0,-279.0,-51.0,27.0
-4.0,-20.0,-2.0,-16.0,-54.0,-235.0,-1358.0,-641.0,-61.0,13.0
-6.0,-203.0,27.0,-30.0,-140.0,-291.0,-1271.0,-848.0,-80.0,2.0
-12.0,-290.0,-20.0,-30.0,4.0,-325.0,-1153.0,-724.0,-83.0,3.0
-27.0,-243.0,-22.0,-27.0,84.0,-198.0,-802.0,-169.0,-100.0,8.0
-28.0,-352.0,-41.0,-76.0,16.0,31.0,-164.0,199.0,-123.0,13.0
1.0,-516.0,-39.0,-102.0,62.0,296.0,389.0,504.0,-125.0,12.0
14.0,-371.0,6.0,-135.0,9.0,265.0,693.0,691.0,-143.0,22.0
9.0,-290.0,1.0,-171.0,-39.0,102.0,643.0,759.0,-139.0,20.0
-15.0,-220.0,-55.0,-171.0,-8.0,70.0,384.0,532.0,-111.0,3.0
-32.0,-36.0,-31.0,-157.0,-27.0,0.0,110.0,-114.0,-107.0,9.0
-37.0,49.0,-5.0,-136.0,48.0,-68.0,-103.0,-458.0,-96.0,13.0
-42.0,280.0,2.0,-100.0,66.0,-258.0,-110.0,-500.0,-78.0,14.0
-50.0,356.0,22.0,-70.0,-2.0,-379.0,181.0,-133.0,-41.0,15.0
-47.0,323.0,30.0,-70.0,55.0,-243.0,440.0,349.0,-20.0,18.0
-10.0,449.0,53.0,-40.0,-11.0,-33.0,573.0,530.0,-27.0,27.0
-3.0,561.0,46.0,-30.0,18.0,77.0,806.0,388.0,4.0,39.0
-12.0,590.0,47.0,-44.0,71.0,133.0,953.0,-181.0,0.0,56.0
-16.0,482.0,-24.0,-44.0,-124.0,220.0,786.0,-591.0,-5.0,63.0
-27.0,412.0,-8.0,-62.0,-66.0,137.0,560.0,-711.0,23.0,72.0
-34.0,429.0,7.0,-77.0,36.0,14.0,387.0,-354.0,31.0,69.0
-24.0,443.0,-26.0,-86.0,-4.0,-102.0,127.0,133.0,45.0,71.0
0.0,325.0,31.0,-87.0,6.0,-270.0,-95.0,293.0,54.0,86.0
7.0,133.0,-30.0,-101.0,0.0,-224.0,-224.0,349.0,62.0,74.0
-3.0,92.0,-9.0,-159.0,20.0,2.0,-155.0,158.0,62.0,68.0
-7.0,135.0,-5.0,-181.0,-38.0,167.0,-64.0,44.0,55.0,76.0
14.0,-96.0,-13.0,-184.0,-109.0,199.0,-183.0,-181.0,36.0,77.0
39.0,-301.0,21.0,-192.0,24.0,212.0,-305.0,-504.0,16.0,59.0
49.0,-132.0,-52.0,-156.0,114.0,256.0,-324.0,-635.0,-10.0,47.0
49.0,-36.0,-10.0,-131.0,64.0,263.0,-272.0,-685.0,-33.0,58.0
35.0,0.0,-43.0,-89.0,35.0,102.0,-384.0,-384.0,-60.0,51.0
23.0,27.0,-67.0,-81.0,14.0,-43.0,-724.0,-48.0,-96.0,36.0
9.0,218.0,-4.0,-89.0,8.0,128.0,-964.0,197.0,-99.0,16.0
30.0,261.0,14.0,-21.0,-9.0,221.0,-924.0,131.0,-104.0,-11.0
76.0,20.0,62.0,39.0,-71.0,87.0,-906.0,-190.0,-111.0,-46.0
119.0,84.0,96.0,59.0,-9.0,-93.0,-981.0,-349.0,-118.0,-77.0
144.0,211.0,107.0,33.0,49.0,-137.0,-870.0,-528.0,-111.0,-99.0
138.0,323.0,105.0,-36.0,-51.0,-73.0,-728.0,-428.0,-99.0,-142.0
127.0,324.0,78.0,-113.0,-9.0,-223.0,-589.0,-242.0,-94.0,-170.0
97.0,253.0,76.0,-119.0,-42.0,-354.0,-303.0,-31.0,-89.0,-187.0
78.0,303.0,102.0,-93.0,-58.0,-463.0,121.0,158.0,-93.0,-199.0
75.0,387.0,93.0,-75.0,13.0,-411.0,598.0,-24.0,-73.0,-190.0
86.0,425.0,94.0,-69.0,-89.0,-205.0,902.0,-219.0,-57.0,-196.0
96.0,148.0,51.0,-86.0,12.0,-131.0,915.0,-495.0,-51.0,-187.0
81.0,-33.0,51.0,-88.0,70.0,-6.0,821.0,-533.0,-59.0,-175.0
70.0,-16.0,17.0,-117.0,8.0,-27.0,886.0,-352.0,-49.0,-168.0
36.0,-100.0,-42.0,-92.0,7.0,-137.0,951.0,-96.0,-41.0,-152.0
1.0,-195.0,-5.0,-48.0,-42.0,-150.0,768.0,321.0,-47.0,-154.0
-40.0,-236.0,-13.0,-38.0,29.0,-132.0,486.0,336.0,-26.0,-137.0
-63.0,-19.0,-3.0,4.0,21.0,-178.0,216.0,129.0,-34.0,-119.0
-66.0,-68.0,15.0,33.0,-144.0,-313.0,-76.0,-238.0,-26.0,-127.0
-64.0,-139.0,30.0,44.0,-156.0,-272.0,-254.0,-439.0,-18.0,-112.0
-38.0,3.0,30.0,44.0,-33.0,-53.0,-218.0,-351.0,-23.0,-96.0
-21.0,-143.0,58.0,38.0,7.0,106.0,-176.0,-282.0,-4.0,-96.0
3.0,-20.0,58.0,38.0,59.0,37.0,-225.0,-7.0,-11.0,-69.0
-13.0,-54.0,52.0,32.0,5.0,-198.0,-330.0,36.0,-8.0,-41.0
-30.0,-202.0,78.0,24.0,-93.0,-314.0,-569.0,-44.0,7.0,-24.0
-40.0,-105.0,58.0,47.0,-35.0,-177.0,-933.0,-218.0,2.0,-2.0
-56.0,-133.0,88.0,79.0,-110.0,-74.0,-1151.0,-456.0,-2.0,4.0
-53.0,-31.0,44.0,72.0,-103.0,-82.0,-948.0,-397.0,-8.0,14.0
-49.0,-15.0,79.0,61.0,12.0,-79.0,-588.0,-269.0,-25.0,11.0
-16.0,98.0,118.0,6.0,-54.0,-87.0,-375.0,-14.0,-45.0,10.0
-5.0,148.0,81.0,-72.0,-42.0,-121.0,-244.0,-92.0,-73.0,5.0
11.0,-9.0,155.0,-100.0,13.0,-132.0,-115.0,-343.0,-97.0,-27.0
14.0,89.0,142.0,-123.0,-22.0,-37.0,150.0,-448.0,-117.0,-45.0
0.0,109.0,162.0,-145.0,13.0,43.0,364.0,-482.0,-144.0,-63.0
-14.0,58.0,174.0,-131.0,60.0,120.0,341.0,-230.0,-156.0,-96.0
-43.0,48.0,126.0,-118.0,40.0,143.0,311.0,-121.0,-149.0,-124.0
-11.0,48.0,179.0,-114.0,105.0,121.0,317.0,-12.0,-133.0,-146.0
42.0,-28.0,205.0,-103.0,107.0,119.0,218.0,-31.0,-121.0,-168.0
74.0,-44.0,169.0,-99.0,57.0,80.0,-28.0,-229.0,-132.0,-169.0
79.0,107.0,138.0,-77.0,124.0,80.0,-176.0,-214.0,-122.0,-167.0
49.0,202.0,178.0,-72.0,44.0,68.0,-168.0,-120.0,-80.0,-176.0
11.0,250.0,146.0,-66.0,-61.0,87.0,-142.0,121.0,-62.0,-173.0
4.0,160.0,133.0,-27.0,-48.0,114.0,-166.0,88.0,-56.0,-172.0
6.0,117.0,168.0,-14.0,-30.0,36.0,-426.0,-96.0,-24.0,-157.0
29.0,-63.0,128.0,0.0,25.0,-114.0,-679.0,-253.0,-19.0,-147.0
50.0,-393.0,155.0,27.0,-5.0,-284.0,-544.0,-380.0,-34.0,-139.0
49.0,-589.0,121.0,35.0,-43.0,-452.0,-123.0,-323.0,-20.0,-118.0
12.0,-651.0,106.0,49.0,-14.0,-531.0,235.0,-332.0,-19.0,-107.0
-25.0,-544.0,68.0,69.0,-47.0,-407.0,366.0,-38.0,-18.0,-93.0
-19.0,-247.0,48.0,62.0,-93.0,-294.0,448.0,125.0,-16.0,-74.0
7.0,49.0,81.0,63.0,-79.0,-292.0,626.0,48.0,-27.0,-71.0
53.0,151.0,63.0,70.0,-86.0,-285.0,802.0,-107.0,6.0,-74.0
43.0,337.0,80.0,65.0,-51.0,-210.0,768.0,-434.0,25.0,-75.0
31.0,303.0,51.0,45.0,71.0,-118.0,439.0,-528.0,34.0,-83.0
-4.0,128.0,89.0,55.0,37.0,-281.0,-89.0,-705.0,60.0,-82.0
-34.0,27.0,64.0,69.0,2.0,-553.0,-595.0,-713.0,69.0,-95.0
-4.0,-102.0,79.0,22.0,9.0,-612.0,-853.0,-558.0,73.0,-115.0
14.0,-199.0,107.0,-2.0,-88.0,-479.0,-710.0,-347.0,93.0,-112.0
21.0,-372.0,57.0,-6.0,-26.0,-321.0,-275.0,0.0,94.0,-114.0
0.0,-440.0,72.0,1.0,-3.0,-359.0,108.0,142.0,70.0,-121.0
0.0,-360.0,26.0,-9.0,-63.0,-317.0,163.0,254.0,80.0,-139.0
-18.0,-168.0,37.0,-7.0,101.0,-68.0,27.0,153.0,66.0,-144.0
-19.0,-250.0,11.0,22.0,172.0,-37.0,76.0,-3.0,51.0,-126.0
-27.0,-278.0,11.0,8.0,73.0,-183.0,121.0,-201.0,31.0,-128.0
-27.0,-21.0,35.0,0.0,14.0,-319.0,-9.0,-358.0,-19.0,-125.0
-23.0,11.0,31.0,-9.0,-9.0,-388.0,-203.0,-107.0,-14.0,-102.0
-24.0,113.0,64.0,21.0,28.0,-391.0,-423.0,-22.0,-24.0,-74.0
-5.0,209.0,66.0,55.0,29.0,-415.0,-520.0,-1.0,-42.0,-59.0
-18.0,213.0,57.0,15.0,-13.0,-419.0,-440.0,-92.0,-31.0,-64.0
0.0,165.0,26.0,-13.0,-25.0,-543.0,-325.0,-286.0,-40.0,-47.0
-15.0,123.0,29.0,-11.0,3.0,-703.0,-248.0,-232.0,-40.0,-33.0
-14.0,39.0,-37.0,-4.0,-34.0,-676.0,-218.0,-269.0,-32.0,-49.0
-13.0,-119.0,-47.0,-1.0,-130.0,-505.0,-228.0,-225.0,-38.0,-54.0
-2.0,-48.0,-42.0,14.0,-111.0,-336.0,-210.0,-234.0,-34.0,-56.0
25.0,-153.0,-70.0,-13.0,-96.0,-307.0,-160.0,-264.0,-14.0,-56.0
13.0,-198.0,-20.0,-62.0,-102.0,-275.0,-43.0,-234.0,-1.0,-58.0
-18.0,-134.0,-28.0,-53.0,-50.0,-267.0,74.0,-238.0,0.0,-44.0
-59.0,-302.0,-21.0,-68.0,9.0,-402.0,111.0,38.0,7.0,-21.0
-33.0,-263.0,-8.0,-76.0,-11.0,-573.0,171.0,225.0,34.0,-31.0
-14.0,-257.0,16.0,-44.0,-4.0,-649.0,302.0,277.0,50.0,-29.0
28.0,-226.0,14.0,-46.0,77.0,-553.0,455.0,-79.0,39.0,-31.0
49.0,-136.0,12.0,-49.0,5.0,-400.0,487.0,-522.0,34.0,-63.0
61.0,-189.0,49.0,-5.0,-39.0,-377.0,370.0,-526.0,27.0,-106.0
60.0,29.0,24.0,0.0,19.0,-331.0,280.0,-443.0,5.0,-128.0
35.0,268.0,37.0,14.0,69.0,-213.0,342.0,-16.0,-4.0,-143.0
57.0,486.0,77.0,62.0,97.0,-178.0,440.0,234.0,-13.0,-199.0
53.0,525.0,104.0,43.0,47.0,-219.0,384.0,155.0,-11.0,-235.0
76.0,416.0,122.0,34.0,50.0,-306.0,14.0,-51.0,11.0,-245.0
66.0,509.0,120.0,31.0,6.0,-303.0,-564.0,-277.0,22.0,-245.0
74.0,305.0,85.0,17.0,-71.0,-313.0,-935.0,-190.0,13.0,-250.0
79.0,177.0,75.0,20.0,-44.0,-306.0,-943.0,-44.0,11.0,-247.0
44.0,78.0,68.0,7.0,-35.0,-248.0,-769.0,365.0,24.0,-220.0
22.0,7.0,1.0,10.0,-18.0,-256.0,-688.0,537.0,18.0,-213.0
27.0,111.0,0.0,11.0,-7.0,-252.0,-667.0,367.0,7.0,-192.0
57.0,-13.0,42.0,13.0,-21.0,-311.0,-466.0,103.0,6.0,-173.0
31.0,41.0,26.0,55.0,-21.0,-321.0,-122.0,-314.0,-2.0,-165.0
18.0,77.0,33.0,29.0,-29.0,-294.0,101.0,-371.0,-11.0,-162.0
-2.0,18.0,26.0,-22.0,-76.0,-361.0,134.0,-284.0,-32.0,-147.0
12.0,-226.0,-11.0,-1.0,-100.0,-389.0,118.0,-118.0,-55.0,-93.0
24.0,-384.0,-2.0,31.0,-77.0,-358.0,14.0,-92.0,-65.0,-70.0
23.0,-15.0,-17.0,43.0,-16.0,-376.0,-143.0,-212.0,-80.0,-84.0
23.0,43.0,-18.0,27.0,37.0,-481.0,-328.0,-295.0,-94.0,-82.0
-1.0,-37.0,0.0,25.0,-22.0,-463.0,-447.0,-509.0,-98.0,-60.0
11.0,163.0,-19.0,26.0,-11.0,-344.0,-313.0,-373.0,-86.0,-55.0
0.0,171.0,-24.0,36.0,27.0,-431.0,35.0,-64.0,-86.0,-52.0
29.0,287.0,15.0,36.0,-82.0,-535.0,464.0,304.0,-87.0,-36.0
46.0,467.0,20.0,27.0,-124.0,-421.0,759.0,580.0,-91.0,-29.0
51.0,248.0,8.0,17.0,-31.0,-367.0,819.0,548.0,-100.0,-14.0
24.0,140.0,25.0,-21.0,6.0,-484.0,632.0,463.0,-80.0,17.0
-39.0,173.0,11.0,-1.0,-3.0,-570.0,350.0,221.0,-75.0,33.0
-54.0,111.0,67.0,28.0,27.0,-459.0,64.0,103.0,-84.0,20.0
-63.0,79.0,102.0,37.0,44.0,-383.0,-258.0,-51.0,-80.0,7.0
-27.0,267.0,56.0,43.0,81.0,-450.0,-475.0,-271.0,-73.0,0.0
0.0,311.0,83.0,36.0,98.0,-446.0,-438.0,-436.0,-57.0,-17.0
0.0,1.0,79.0,-1.0,1.0,-414.0,-317.0,-642.0,-34.0,-61.0
-17.0,70.0,89.0,-49.0,-46.0,-308.0,-442.0,-421.0,-7.0,-87.0
-42.0,119.0,95.0,-55.0,11.0,-196.0,-670.0,-40.0,12.0,-89.0
-58.0,-41.0,55.0,-42.0,28.0,-132.0,-761.0,293.0,20.0,-106.0
-46.0,55.0,67.0,7.0,6.0,-37.0,-673.0,454.0,40.0,-125.0
-26.0,190.0,30.0,34.0,-38.0,-55.0,-491.0,284.0,57.0,-113.0
-26.0,219.0,12.0,43.0,-77.0,-104.0,-260.0,83.0,52.0,-93.0
-22.0,160.0,23.0,81.0,-51.0,-62.0,23.0,-123.0,67.0,-104.0
-12.0,24.0,42.0,94.0,-50.0,-33.0,194.0,33.0,66.0,-80.0
21.0,-274.0,58.0,93.0,-114.0,-158.0,242.0,269.0,60.0,-43.0
46.0,-473.0,77.0,52.0,-95.0,-332.0,297.0,458.0,72.0,-47.0
67.0,-434.0,92.0,31.0,4.0,-363.0,348.0,556.0,73.0,-50.0
61.0,-521.0,50.0,44.0,69.0,-371.0,188.0,229.0,97.0,-27.0
42.0,-570.0,53.0,57.0,80.0,-404.0,-51.0,-24.0,85.0,-7.0
11.0,-316.0,20.0,57.0,115.0,-416.0,-63.0,-343.0,75.0,-5.0
9.0,-100.0,2.0,31.0,83.0,-374.0,139.0,-497.0,68.0,34.0
52.0,-63.0,3.0,48.0,45.0,-363.0,364.0,-279.0,49.0,59.0
84.0,-51.0,-13.0,43.0,144.0,-433.0,359.0,42.0,49.0,81.0
121.0,74.0,-28.0,34.0,-14.0,-379.0,145.0,317.0,24.0,104.0
104.0,-35.0,-30.0,39.0,-49.0,-322.0,-18.0,197.0,21.0,119.0
86.0,-135.0,-47.0,-7.0,156.0,-332.0,-30.0,72.0,20.0,155.0
72.0,123.0,-49.0,-63.0,61.0,-391.0,-143.0,-101.0,4.0,134.0
44.0,-22.0,15.0,-61.0,5.0,-369.0,-492.0,-107.0,-2.0,128.0
29.0,-69.0,21.0,-30.0,-4.0,-206.0,-902.0,133.0,-15.0,142.0
10.0,30.0,82.0,-12.0,26.0,-213.0,-1130.0,75.0,-6.0,130.0
14.0,-83.0,104.0,15.0,76.0,-147.0,-998.0,-7.0,1.0,118.0
25.0,-1.0,95.0,0.0,2.0,9.0,-586.0,-96.0,5.0,97.0
56.0,-66.0,77.0,-12.0,0.0,29.0,-162.0,1.0,7.0,92.0
84.0,-127.0,85.0,7.0,39.0,91.0,76.0,151.0,-10.0,75.0
83.0,-97.0,82.0,44.0,-5.0,206.0,218.0,77.0,-4.0,44.0
63.0,25.0,5.0,59.0,-19.0,329.0,419.0,60.0,8.0,29.0
36.0,85.0,64.0,57.0,43.0,348.0,584.0,-68.0,16.0,19.0
26.0,-116.0,55.0,73.0,-32.0,210.0,554.0,-64.0,35.0,-10.0
13.0,-204.0,23.0,62.0,-34.0,27.0,421.0,31.0,20.0,-29.0
17.0,-293.0,31.0,78.0,9.0,-2.0,345.0,134.0,15.0,-41.0
32.0,-306.0,7.0,108.0,-87.0,35.0,471.0,188.0,22.0,-54.0
29.0,-306.0,-8.0,84.0,-110.0,-79.0,606.0,11.0,22.0,-64.0
3.0,-444.0,-3.0,79.0,-51.0,-182.0,531.0,9.0,16.0,-62.0
-32.0,-272.0,-16.0,100.0,-60.0,-156.0,434.0,-33.0,12.0,-41.0
-51.0,151.0,-42.0,93.0,-97.0,-108.0,383.0,49.0,19.0,-33.0
-70.0,380.0,0.0,85.0,-142.0,-294.0,314.0,197.0,20.0,-3.0
-40.0,224.0,-6.0,85.0,-121.0,-471.0,34.0,269.0,43.0,26.0
-6.0,98.0,2.0,96.0,41.0,-375.0,-425.0,541.0,61.0,40.0
-18.0,186.0,-19.0,80.0,-6.0,-296.0,-777.0,707.0,62.0,57.0
-35.0,60.0,-53.0,53.0,-51.0,-274.0,-846.0,811.0,67.0,68.0
-60.0,81.0,4.0,76.0,77.0,-429.0,-712.0,648.0,114.0,86.0
-52.0,169.0,-3.0,72.0,37.0,-634.0,-558.0,434.0,141.0,80.0
-40.0,177.0,-53.0,28.0,-24.0,-651.0,-361.0,243.0,136.0,67.0
-25.0,282.0,-29.0,-8.0,-12.0,-586.0,-212.0,64.0,147.0,67.0
-1.0,161.0,-15.0,-41.0,-27.0,-459.0,-118.0,125.0,139.0,71.0
19.0,36.0,-41.0,-65.0,11.0,-344.0,1.0,81.0,147.0,75.0
43.0,22.0,10.0,-70.0,97.0,-398.0,208.0,253.0,131.0,74.0
41.0,79.0,25.0,-51.0,64.0,-548.0,425.0,343.0,102.0,76.0
34.0,-17.0,1.0,-34.0,1.0,-378.0,503.0,223.0,97.0,73.0
22.0,-312.0,-15.0,-26.0,61.0,-63.0,448.0,125.0,78.0,68.0
0.0,-433.0,-64.0,-18.0,89.0,-56.0,387.0,-182.0,55.0,63.0
-24.0,-445.0,-26.0,-7.0,-12.0,-133.0,378.0,-243.0,21.0,33.0
-32.0,-518.0,-36.0,0.0,-60.0,53.0,369.0,-166.0,0.0,0.0
-7.0,-523.0,-47.0,-9.0,-22.0,226.0,536.0,-14.0,-8.0,-16.0
15.0,-367.0,31.0,-28.0,-25.0,130.0,740.0,212.0,1.0,-40.0
1.0,-243.0,6.0,-56.0,-30.0,162.0,758.0,419.0,3.0,-54.0
-27.0,-93.0,-44.0,-62.0,-39.0,252.0,571.0,633.0,15.0,-62.0
-63.0,98.0,-43.0,-72.0,-22.0,195.0,308.0,408.0,41.0,-72.0
-84.0,163.0,-57.0,-58.0,105.0,294.0,144.0,83.0,55.0,-63.0
-78.0,185.0,-80.0,-10.0,38.0,462.0,29.0,-160.0,70.0,-55.0
-43.0,305.0,-57.0,21.0,-150.0,434.0,-53.0,-96.0,75.0,-42.0
-3.0,229.0,-23.0,37.0,-89.0,361.0,-140.0,288.0,85.0,-35.0
33.0,156.0,-12.0,37.0,27.0,372.0,-252.0,434.0,88.0,-10.0
36.0,408.0,-6.0,45.0,52.0,313.0,-461.0,450.0,99.0,44.0
-5.0,424.0,-9.0,38.0,-45.0,192.0,-610.0,144.0,101.0,79.0
-35.0,319.0,-21.0,79.0,-61.0,141.0,-556.0,3.0,82.0,102.0
-61.0,401.0,-4.0,85.0,43.0,130.0,-376.0,73.0,77.0,138.0
-69.0,407.0,-20.0,29.0,22.0,181.0,-126.0,169.0,78.0,177.0
-63.0,223.0,-49.0,6.0,-59.0,143.0,44.0,624.0,51.0,203.0
-29.0,93.0,-36.0,-32.0,-64.0,-141.0,138.0,763.0,31.0,220.0
-5.0,141.0,-124.0,-28.0,37.0,-290.0,224.0,589.0,42.0,242.0
3.0,-35.0,-121.0,-34.0,100.0,-297.0,373.0,208.0,8.0,257.0
15.0,-172.0,-112.0,-36.0,78.0,-360.0,595.0,-147.0,-4.0,251.0
12.0,-176.0,-136.0,-20.0,120.0,-319.0,813.0,-288.0,15.0,258.0
3.0,-344.0,-36.0,-30.0,173.0,-218.0,965.0,-315.0,-1.0,267.0
-29.0,-392.0,-26.0,-33.0,35.0,-77.0,1036.0,-20.0,7.0,260.0
-28.0,-349.0,-49.0,-57.0,1.0,-29.0,957.0,251.0,33.0,249.0
-30.0,-233.0,-28.0,-24.0,28.0,2.0,776.0,587.0,25.0,246.0
-15.0,-100.0,-29.0,-3.0,-91.0,116.0,694.0,644.0,31.0,245.0
-7.0,58.0,-17.0,-24.0,-54.0,194.0,651.0,365.0,41.0,219.0
-12.0,74.0,69.0,-51.0,-118.0,248.0,562.0,314.0,21.0,185.0
-16.0,-40.0,86.0,-77.0,-115.0,298.0,435.0,334.0,12.0,151.0
-32.0,127.0,110.0,-17.0,15.0,347.0,288.0,424.0,19.0,117.0
-40.0,226.0,135.0,48.0,-172.0,343.0,263.0,253.0,18.0,79.0
-92.0,234.0,74.0,124.0,-173.0,482.0,378.0,-72.0,36.0,62.0
-110.0,273.0,90.0,138.0,-3.0,626.0,358.0,-275.0,50.0,62.0
-100.0,362.0,70.0,103.0,-39.0,685.0,196.0,-282.0,43.0,38.0
-85.0,414.0,68.0,82.0,51.0,801.0,59.0,68.0,55.0,15.0
-65.0,313.0,38.0,58.0,95.0,785.0,-34.0,260.0,77.0,9.0
-45.0,329.0,-16.0,112.0,100.0,751.0,-32.0,219.0,87.0,11.0
-40.0,339.0,-26.0,93.0,258.0,820.0,-109.0,-5.0,92.0,20.0
-54.0,263.0,-32.0,60.0,89.0,824.0,-231.0,-116.0,112.0,41.0
-78.0,106.0,-63.0,54.0,-54.0,621.0,-168.0,79.0,113.0,82.0
-110.0,-124.0,-77.0,-3.0,78.0,559.0,5.0,314.0,119.0,121.0
-107.0,-297.0,-38.0,2.0,29.0,774.0,52.0,652.0,140.0,169.0
-94.0,-236.0,-113.0,7.0,41.0,749.0,-1.0,559.0,111.0,219.0
-64.0,-260.0,-128.0,-3.0,63.0,509.0,118.0,177.0,107.0,239.0
-39.0,-398.0,-132.0,-3.0,-14.0,442.0,367.0,-53.0,105.0,245.0
4.0,-162.0,-172.0,-23.0,117.0,483.0,460.0,-83.0,80.0,243.0
40.0,48.0,-124.0,-34.0,137.0,477.0,310.0,72.0,70.0,250.0
26.0,244.0,-134.0,-36.0,10.0,498.0,84.0,94.0,50.0,266.0
-7.0,292.0,-152.0,-41.0,101.0,583.0,8.0,245.0,33.0,260.0
-29.0,221.0,-109.0,-50.0,37.0,569.0,164.0,242.0,5.0,251.0
-20.0,451.0,-84.0,-35.0,-86.0,507.0,341.0,64.0,0.0,235.0
-25.0,407.0,-59.0,-18.0,-7.0,549.0,520.0,-79.0,-11.0,234.0
-19.0,252.0,-26.0,11.0,-21.0,578.0,706.0,-160.0,-27.0,231.0
-2.0,179.0,-14.0,49.0,97.0,611.0,737.0,223.0,-25.0,204.0
44.0,242.0,11.0,62.0,109.0,664.0,613.0,485.0,-40.0,183.0
76.0,281.0,3.0,55.0,-110.0,683.0,450.0,539.0,-34.0,179.0
53.0,-1.0,39.0,69.0,-43.0,713.0,411.0,404.0,-30.0,186.0
18.0,-76.0,93.0,94.0,15.0,785.0,394.0,121.0,-35.0,183.0
-16.0,-182.0,93.0,83.0,-80.0,838.0,433.0,120.0,-46.0,190.0
-17.0,-205.0,126.0,106.0,-25.0,882.0,436.0,112.0,-40.0,222.0
-19.0,-24.0,135.0,119.0,77.0,1064.0,301.0,181.0,-20.0,252.0
8.0,-35.0,109.0,69.0,105.0,1204.0,311.0,116.0,-22.0,266.0
31.0,2.0,122.0,7.0,33.0,1253.0,392.0,-16.0,-27.0,272.0
23.0,26.0,108.0,-26.0,-68.0,1263.0,428.0,-53.0,-45.0,252.0
-13.0,-39.0,59.0,-27.0,125.0,1173.0,416.0,-151.0,-45.0,211.0
-77.0,2.0,5.0,-42.0,109.0,1038.0,384.0,-59.0,-58.0,173.0
-89.0,74.0,-53.0,-21.0,-149.0,881.0,339.0,-129.0,-72.0,119.0
-105.0,128.0,-51.0,18.0,52.0,868.0,245.0,-221.0,-49.0,54.0
-95.0,243.0,-48.0,31.0,117.0,980.0,153.0,-212.0,-36.0,17.0
-79.0,164.0,-55.0,24.0,-19.0,997.0,183.0,-79.0,-35.0,-12.0
-73.0,68.0,-79.0,44.0,10.0,907.0,258.0,291.0,-35.0,-34.0
-54.0,128.0,-86.0,59.0,-29.0,832.0,207.0,463.0,-20.0,-30.0
-50.0,213.0,-56.0,23.0,-60.0,793.0,217.0,478.0,-9.0,-32.0
-22.0,259.0,-42.0,5.0,20.0,703.0,243.0,164.0,-11.0,-21.0
-22.0,-1.0,-43.0,28.0,-2.0,546.0,221.0,-68.0,-14.0,-6.0
-19.0,-161.0,-59.0,69.0,4.0,532.0,178.0,44.0,-12.0,-2.0
-14.0,-189.0,-61.0,77.0,171.0,694.0,93.0,121.0,0.0,5.0
0.0,-275.0,-66.0,93.0,106.0,681.0,30.0,356.0,-1.0,9.0
27.0,-287.0,-34.0,131.0,108.0,519.0,-24.0,319.0,2.0,18.0
40.0,-436.0,0.0,138.0,54.0,578.0,-25.0,38.0,30.0,16.0
58.0,-484.0,25.0,152.0,-81.0,749.0,-2.0,-249.0,51.0,-7.0
88.0,-420.0,28.0,153.0,70.0,603.0,75.0,-356.0,48.0,-14.0
110.0,-226.0,44.0,104.0,-11.0,452.0,154.0,-153.0,45.0,-27.0
90.0,81.0,58.0,77.0,-116.0,635.0,183.0,-86.0,38.0,-51.0
81.0,73.0,-7.0,55.0,-63.0,714.0,289.0,-31.0,27.0,-63.0
78.0,-27.0,-9.0,39.0,26.0,612.0,453.0,-227.0,27.0,-75.0
89.0,44.0,37.0,77.0,105.0,590.0,614.0,-397.0,7.0,-59.0
87.0,130.0,73.0,70.0,-86.0,757.0,679.0,-247.0,-8.0,-34.0
90.0,29.0,10.0,37.0,-71.0,859.0,565.0,-70.0,-28.0,-17.0
116.0,-73.0,-3.0,11.0,69.0,755.0,411.0,151.0,-36.0,13.0
124.0,-24.0,44.0,-21.0,-68.0,711.0,289.0,116.0,-28.0,28.0
132.0,90.0,10.0,-21.0,-66.0,801.0,156.0,11.0,-47.0,58.0
115.0,306.0,-8.0,-17.0,-33.0,870.0,126.0,-90.0,-63.0,97.0
97.0,473.0,0.0,9.0,-39.0,813.0,42.0,-46.0,-78.0,108.0
83.0,521.0,-1.0,53.0,87.0,841.0,-247.0,81.0,-82.0,108.0
87.0,565.0,-29.0,81.0,-62.0,933.0,-460.0,-12.0,-97.0,93.0
111.0,603.0,-16.0,129.0,-155.0,851.0,-461.0,12.0,-103.0,91.0
134.0,472.0,-28.0,175.0,91.0,683.0,-294.0,38.0,-100.0,90.0
131.0,299.0,5.0,189.0,72.0,641.0,-135.0,219.0,-118.0,75.0
126.0,250.0,16.0,183.0,-68.0,632.0,-180.0,317.0,-119.0,58.0
108.0,259.0,-20.0,140.0,47.0,420.0,-303.0,49.0,-116.0,61.0
81.0,196.0,-38.0,112.0,106.0,265.0,-310.0,-155.0,-121.0,80.0
86.0,-81.0,-44.0,103.0,143.0,361.0,-163.0,-291.0,-114.0,86.0
82.0,-132.0,-26.0,87.0,149.0,450.0,-2.0,-158.0,-86.0,94.0
93.0,35.0,-29.0,83.0,-55.0,327.0,84.0,120.0,-60.0,73.0
94.0,-39.0,-12.0,55.0,-86.0,187.0,247.0,325.0,-38.0,40.0
91.0,-139.0,-50.0,33.0,12.0,223.0,490.0,240.0,-14.0,17.0
76.0,-62.0,-18.0,-6.0,10.0,340.0,694.0,-206.0,12.0,-13.0
62.0,71.0,13.0,-41.0,-49.0,310.0,634.0,-437.0,49.0,-23.0
46.0,3.0,4.0,16.0,-27.0,191.0,403.0,-476.0,74.0,-45.0
58.0,-205.0,-35.0,84.0,67.0,246.0,355.0,-171.0,93.0,-59.0
100.0,-202.0,-3.0,110.0,20.0,338.0,381.0,203.0,98.0,-58.0
116.0,-33.0,58.0,126.0,-71.0,364.0,335.0,243.0,87.0,-84.0
158.0,66.0,49.0,156.0,-126.0,432.0,247.0,299.0,90.0,-112.0
161.0,10.0,96.0,163.0,-71.0,538.0,50.0,179.0,90.0,-153.0
163.0,49.0,54.0,188.0,-7.0,528.0,-316.0,48.0,96.0,-175.0
153.0,193.0,64.0,201.0,-83.0,573.0,-478.0,-136.0,117.0,-164.0
147.0,296.0,58.0,131.0,-71.0,706.0,-271.0,-275.0,113.0,-140.0
156.0,357.0,39.0,130.0,86.0,609.0,-59.0,-315.0,109.0,-74.0
153.0,76.0,65.0,174.0,150.0,379.0,65.0,-465.0,116.0,-9.0
194.0,115.0,-8.0,179.0,58.0,191.0,221.0,-225.0,104.0,27.0
210.0,393.0,-46.0,155.0,-37.0,257.0,451.0,73.0,90.0,52.0
208.0,119.0,-61.0,72.0,-41.0,367.0,524.0,242.0,62.0,58.0
207.0,-28.0,-85.0,0.0,65.0,335.0,360.0,142.0,52.0,67.0
256.0,108.0,-94.0,-69.0,155.0,333.0,205.0,-64.0,67.0,59.0
285.0,27.0,-106.0,-149.0,57.0,461.0,127.0,-1.0,56.0,46.0
267.0,-158.0,-129.0,-224.0,26.0,630.0,-24.0,18.0,53.0,56.0
263.0,-86.0,-90.0,-256.0,188.0,510.0,-236.0,190.0,41.0,56.0
248.0,-146.0,-49.0,-222.0,174.0,438.0,-353.0,195.0,7.0,52.0
239.0,-212.0,-56.0,-183.0,0.0,517.0,-360.0,114.0,3.0,65.0
212.0,-104.0,-6.0,-134.0,-53.0,462.0,-165.0,53.0,-6.0,89.0
192.0,-179.0,39.0,-122.0,55.0,310.0,79.0,-245.0,-20.0,85.0
193.0,-169.0,40.0,-107.0,48.0,206.0,194.0,-304.0,-19.0,79.0
187.0,-51.0,33.0,-51.0,-65.0,327.0,227.0,-253.0,-24.0,81.0
188.0,14.0,32.0,0.0,-7.0,410.0,266.0,-79.0,-25.0,43.0
195.0,31.0,46.0,69.0,-39.0,398.0,321.0,31.0,-40.0,2.0
197.0,141.0,97.0,152.0,-21.0,384.0,163.0,62.0,-43.0,-33.0
209.0,89.0,68.0,194.0,29.0,371.0,-59.0,134.0,-40.0,-40.0
180.0,105.0,41.0,170.0,-199.0,318.0,-138.0,-14.0,-60.0,-53.0
140.0,168.0,97.0,143.0,-120.0,171.0,-134.0,1.0,-76.0,-77.0
145.0,17.0,111.0,126.0,82.0,184.0,-91.0,-99.0,-94.0,-66.0
151.0,111.0,135.0,98.0,11.0,222.0,-12.0,-109.0,-94.0,-50.0
145.0,267.0,136.0,58.0,47.0,138.0,76.0,16.0,-83.0,-29.0
111.0,188.0,146.0,27.0,37.0,79.0,58.0,-129.0,-75.0,-26.0
100.0,163.0,133.0,21.0,-8.0,114.0,68.0,-262.0,-62.0,0.0
72.0,421.0,75.0,14.0,16.0,210.0,143.0,-478.0,-41.0,7.0
33.0,278.0,56.0,13.0,-2.0,146.0,82.0,-319.0,-22.0,-26.0
-3.0,44.0,31.0,29.0,9.0,161.0,-80.0,-16.0,-5.0,-14.0
-12.0,210.0,61.0,56.0,53.0,266.0,-166.0,160.0,-6.0,7.0
11.0,216.0,85.0,99.0,51.0,157.0,-153.0,216.0,-28.0,27.0
22.0,128.0,75.0,133.0,-3.0,-14.0,-137.0,38.0,-22.0,63.0
36.0,166.0,101.0,155.0,2.0,-178.0,-136.0,59.0,-36.0,106.0
12.0,249.0,73.0,186.0,27.0,-164.0,-42.0,40.0,-55.0,132.0
40.0,219.0,49.0,165.0,-24.0,6.0,238.0,120.0,-48.0,145.0
53.0,108.0,60.0,141.0,-71.0,24.0,534.0,134.0,-45.0,132.0
56.0,-163.0,15.0,125.0,31.0,-203.0,572.0,24.0,-47.0,98.0
87.0,-176.0,7.0,75.0,68.0,-398.0,497.0,-1.0,-64.0,52.0
106.0,-45.0,2.0,-11.0,18.0,-438.0,503.0,-144.0,-74.0,-13.0
145.0,-267.0,-29.0,-93.0,88.0,-486.0,470.0,-105.0,-76.0,-52.0
140.0,-157.0,-34.0,-98.0,64.0,-352.0,359.0,-175.0,-74.0,-95.0
142.0,19.0,14.0,-79.0,23.0,-227.0,219.0,-153.0,-69.0,-139.0
130.0,-127.0,73.0,-50.0,22.0,-339.0,166.0,48.0,-56.0,-164.0
115.0,-86.0,59.0,-5.0,-61.0,-456.0,105.0,138.0,-39.0,-181.0
116.0,-239.0,88.0,32.0,-29.0,-410.0,-121.0,380.0,-51.0,-172.0
111.0,-524.0,93.0,67.0,117.0,-227.0,-225.0,413.0,-55.0,-158.0
95.0,-434.0,79.0,121.0,20.0,-81.0,-149.0,181.0,-38.0,-139.0
73.0,-253.0,108.0,121.0,-46.0,-6.0,-308.0,-227.0,-54.0,-113.0
88.0,-69.0,88.0,64.0,101.0,155.0,-612.0,-498.0,-60.0,-94.0
107.0,108.0,69.0,28.0,28.0,159.0,-492.0,-400.0,-44.0,-89.0
130.0,348.0,108.0,20.0,-70.0,-143.0,-152.0,-118.0,-56.0,-89.0
136.0,456.0,149.0,-3.0,-111.0,-231.0,21.0,417.0,-37.0,-79.0
124.0,392.0,100.0,-20.0,-165.0,-230.0,177.0,532.0,-29.0,-73.0
109.0,341.0,84.0,38.0,-14.0,-226.0,287.0,245.0,-41.0,-74.0
82.0,320.0,116.0,95.0,96.0,-169.0,201.0,-7.0,-27.0,-59.0
50.0,432.0,101.0,120.0,9.0,-225.0,64.0,-295.0,-28.0,-44.0
35.0,137.0,119.0,121.0,-3.0,-229.0,-2.0,-297.0,-31.0,-36.0
47.0,-197.0,140.0,103.0,96.0,-388.0,-63.0,-301.0,-40.0,-14.0
66.0,-90.0,123.0,91.0,-2.0,-546.0,-79.0,-218.0,-20.0,22.0
60.0,-7.0,102.0,26.0,-166.0,-535.0,-23.0,-24.0,-12.0,64.0
43.0,21.0,128.0,-52.0,-62.0,-490.0,140.0,-5.0,-20.0,88.0
29.0,-2.0,145.0,-72.0,37.0,-445.0,133.0,-42.0,17.0,129.0
7.0,-57.0,95.0,-55.0,69.0,-533.0,1.0,-236.0,33.0,167.0
2.0,74.0,58.0,-10.0,58.0,-569.0,138.0,-225.0,41.0,175.0
17.0,131.0,69.0,48.0,-67.0,-459.0,271.0,-175.0,50.0,182.0
31.0,27.0,59.0,72.0,15.0,-336.0,327.0,-42.0,38.0,169.0
24.0,219.0,-3.0,79.0,130.0,-315.0,294.0,142.0,33.0,152.0
38.0,344.0,-3.0,75.0,-35.0,-377.0,160.0,40.0,38.0,124.0
23.0,142.0,4.0,42.0,-115.0,-446.0,138.0,33.0,40.0,103.0
9.0,-116.0,-1.0,29.0,45.0,-550.0,124.0,-179.0,40.0,84.0
37.0,-210.0,-26.0,53.0,84.0,-559.0,31.0,-325.0,39.0,39.0
60.0,-157.0,-69.0,68.0,29.0,-403.0,-129.0,-225.0,8.0,-11.0
83.0,-276.0,-58.0,29.0,11.0,-210.0,-271.0,-44.0,-14.0,-40.0
92.0,-343.0,-48.0,-24.0,-35.0,-218.0,-260.0,229.0,-36.0,-53.0
117.0,-419.0,-64.0,-26.0,14.0,-409.0,-124.0,182.0,-41.0,-59.0
99.0,-433.0,-63.0,-29.0,1.0,-458.0,-54.0,-3.0,-18.0,-44.0
63.0,-374.0,-15.0,10.0,-164.0,-493.0,-22.0,-269.0,-31.0,-13.0
29.0,-396.0,36.0,132.0,-156.0,-540.0,72.0,-352.0,-38.0,29.0
22.0,-242.0,51.0,194.0,-25.0,-512.0,-27.0,-319.0,-45.0,51.0
41.0,-215.0,24.0,180.0,-17.0,-507.0,-381.0,-339.0,-55.0,56.0
26.0,-247.0,73.0,123.0,-41.0,-534.0,-694.0,-184.0,-30.0,63.0
17.0,-191.0,55.0,40.0,-40.0,-644.0,-707.0,-157.0,-16.0,47.0
20.0,64.0,41.0,-58.0,34.0,-680.0,-511.0,-92.0,-6.0,46.0
34.0,354.0,79.0,-167.0,49.0,-692.0,-346.0,-48.0,4.0,47.0
23.0,132.0,35.0,-213.0,-31.0,-717.0,-62.0,12.0,18.0,22.0
16.0,52.0,66.0,-191.0,-35.0,-653.0,194.0,144.0,22.0,0.0
8.0,122.0,63.0,-170.0,-37.0,-663.0,212.0,38.0,18.0,-13.0
17.0,-4.0,72.0,-132.0,69.0,-786.0,374.0,-118.0,24.0,-28.0
12.0,49.0,74.0,-64.0,112.0,-880.0,724.0,-417.0,0.0,-24.0
-3.0,70.0,73.0,-11.0,-31.0,-864.0,900.0,-476.0,-39.0,-2.0
0.0,81.0,84.0,52.0,33.0,-743.0,786.0,-251.0,-58.0,24.0
0.0,72.0,129.0,79.0,174.0,-628.0,654.0,75.0,-76.0,74.0
4.0,17.0,125.0,48.0,58.0,-719.0,472.0,424.0,-90.0,123.0
-8.0,45.0,98.0,-72.0,4.0,-815.0,211.0,343.0,-96.0,145.0
-10.0,280.0,159.0,-228.0,86.0,-790.0,299.0,203.0,-97.0,153.0
-21.0,463.0,54.0,-217.0,38.0,-768.0,433.0,-90.0,-93.0,157.0
0.0,341.0,63.0,-97.0,31.0,-786.0,155.0,-275.0,-86.0,150.0
17.0,305.0,73.0,29.0,0.0,-803.0,-232.0,-256.0,-77.0,142.0
18.0,200.0,28.0,128.0,-96.0,-594.0,-308.0,-330.0,-60.0,125.0
22.0,155.0,94.0,206.0,-35.0,-444.0,-142.0,-199.0,-55.0,74.0
15.0,86.0,70.0,245.0,-1.0,-571.0,-136.0,-208.0,-47.0,30.0
9.0,9.0,54.0,210.0,-95.0,-676.0,-341.0,-131.0,-27.0,0.0
-25.0,-12.0,59.0,113.0,-4.0,-536.0,-576.0,-96.0,8.0,-54.0
-41.0,-48.0,30.0,-6.0,95.0,-315.0,-703.0,-186.0,63.0,-87.0
-54.0,76.0,29.0,-170.0,-12.0,-356.0,-779.0,-214.0,93.0,-93.0
-24.0,-66.0,50.0,-290.0,74.0,-461.0,-836.0,-388.0,106.0,-90.0
-1.0,38.0,-14.0,-221.0,29.0,-500.0,-790.0,-375.0,133.0,-69.0
6.0,68.0,-5.0,-133.0,-57.0,-517.0,-712.0,-376.0,141.0,-40.0
17.0,-201.0,-17.0,14.0,75.0,-563.0,-567.0,-282.0,118.0,8.0
7.0,-289.0,-80.0,166.0,-103.0,-605.0,-464.0,-256.0,122.0,59.0
-4.0,-267.0,-54.0,138.0,-90.0,-631.0,-434.0,-310.0,121.0,104.0
-27.0,101.0,-89.0,59.0,90.0,-763.0,-303.0,-169.0,90.0,149.0
-25.0,3.0,-109.0,-26.0,-6.0,-771.0,-253.0,-271.0,65.0,160.0
-7.0,-199.0,-46.0,-90.0,-28.0,-684.0,-18.0,-238.0,21.0,137.0
16.0,-113.0,-44.0,-133.0,-84.0,-590.0,531.0,-247.0,-6.0,105.0
26.0,-236.0,-82.0,-132.0,-76.0,-624.0,745.0,-332.0,-17.0,83.0
49.0,-181.0,-37.0,-9.0,98.0,-770.0,507.0,-243.0,-46.0,37.0
71.0,-168.0,-55.0,104.0,-60.0,-706.0,283.0,-157.0,-97.0,-35.0
86.0,-230.0,-68.0,101.0,-132.0,-638.0,493.0,79.0,-117.0,-74.0
90.0,-192.0,-42.0,83.0,165.0,-633.0,633.0,188.0,-117.0,-92.0
93.0,-71.0,-83.0,-13.0,132.0,-616.0,262.0,251.0,-127.0,-131.0
85.0,-140.0,-59.0,-194.0,30.0,-568.0,100.0,25.0,-107.0,-165.0
53.0,-199.0,-64.0,-273.0,18.0,-486.0,86.0,-323.0,-98.0,-166.0
49.0,64.0,-95.0,-207.0,23.0,-569.0,-269.0,-334.0,-80.0,-139.0
50.0,-82.0,-105.0,-105.0,81.0,-675.0,-595.0,-358.0,-54.0,-85.0
69.0,-348.0,-159.0,-53.0,-37.0,-649.0,-606.0,-155.0,-26.0,-29.0
63.0,-136.0,-172.0,-38.0,-40.0,-637.0,-398.0,-68.0,15.0,18.0
55.0,-6.0,-159.0,-41.0,40.0,-642.0,-234.0,-153.0,46.0,70.0
38.0,-79.0,-154.0,-55.0,64.0,-598.0,-255.0,-173.0,48.0,117.0
9.0,0.0,-141.0,-52.0,37.0,-556.0,-370.0,-201.0,29.0,153.0
12.0,-7.0,-113.0,-35.0,-55.0,-417.0,-576.0,94.0,33.0,161.0
24.0,-78.0,-85.0,-58.0,-97.0,-310.0,-591.0,376.0,16.0,131.0
56.0,-79.0,-116.0,-65.0,43.0,-443.0,-224.0,521.0,11.0,85.0
85.0,17.0,-78.0,-55.0,-63.0,-440.0,23.0,419.0,33.0,41.0
87.0,193.0,-59.0,-76.0,-278.0,-198.0,62.0,201.0,25.0,-17.0
74.0,173.0,-119.0,-117.0,26.0,-106.0,204.0,62.0,25.0,-89.0
77.0,18.0,-84.0,-163.0,77.0,-161.0,306.0,-110.0,40.0,-114.0
88.0,-158.0,-104.0,-193.0,-39.0,-169.0,258.0,-42.0,22.0,-86.0
114.0,9.0,-93.0,-193.0,7.0,-141.0,74.0,-184.0,3.0,-39.0
106.0,243.0,-47.0,-175.0,-83.0,-98.0,-210.0,-404.0,4.0,17.0
105.0,192.0,-62.0,-169.0,26.0,-57.0,-465.0,-511.0,-7.0,66.0
110.0,181.0,-26.0,-154.0,58.0,-57.0,-409.0,-613.0,-12.0,97.0
85.0,169.0,-13.0,-94.0,-123.0,-73.0,-276.0,-391.0,-19.0,125.0
56.0,308.0,-2.0,-16.0,-6.0,-206.0,-623.0,-223.0,-27.0,140.0
34.0,191.0,-11.0,50.0,144.0,-371.0,-829.0,-44.0,-25.0,121.0
46.0,-49.0,11.0,67.0,26.0,-365.0,-436.0,24.0,-15.0,99.0
20.0,113.0,7.0,-76.0,11.0,-290.0,-183.0,-11.0,-11.0,64.0
0.0,-20.0,-23.0,-257.0,41.0,-211.0,-567.0,73.0,-25.0,27.0
-15.0,-183.0,-2.0,-288.0,-18.0,-164.0,-964.0,51.0,-20.0,-7.0
-21.0,-269.0,-38.0,-277.0,-22.0,-137.0,-957.0,136.0,-16.0,-60.0
-33.0,-262.0,-46.0,-229.0,-13.0,-135.0,-836.0,101.0,-30.0,-123.0
-56.0,-1.0,-78.0,-132.0,-147.0,-55.0,-553.0,-53.0,-43.0,-179.0
-72.0,-103.0,-83.0,-38.0,-67.0,0.0,-110.0,-279.0,-54.0,-208.0
-112.0,-146.0,-75.0,58.0,196.0,-220.0,411.0,-376.0,-53.0,-226.0
-122.0,-163.0,-96.0,120.0,9.0,-446.0,684.0,-197.0,-41.0,-230.0
-122.0,-149.0,-137.0,219.0,-88.0,-555.0,629.0,-138.0,-12.0,-242.0
-133.0,-61.0,-150.0,263.0,100.0,-484.0,604.0,84.0,7.0,-250.0
-149.0,-185.0,-58.0,178.0,126.0,-347.0,568.0,210.0,1.0,-266.0
-126.0,-165.0,-120.0,55.0,12.0,-262.0,395.0,169.0,1.0,-310.0
-114.0,-62.0,-109.0,-104.0,-73.0,-95.0,156.0,114.0,1.0,-337.0
-95.0,32.0,-70.0,-186.0,-36.0,-62.0,111.0,-96.0,-12.0,-348.0
-65.0,-71.0,-110.0,-250.0,49.0,-74.0,100.0,-94.0,-21.0,-326.0
-44.0,16.0,-82.0,-402.0,77.0,-14.0,-160.0,-118.0,-18.0,-311.0
-42.0,234.0,-123.0,-488.0,-131.0,-2.0,-207.0,-55.0,-19.0,-280.0
-84.0,21.0,-82.0,-372.0,-110.0,32.0,85.0,1.0,-28.0,-226.0
-102.0,-58.0,-66.0,-154.0,74.0,37.0,-31.0,-20.0,-18.0,-198.0
-126.0,57.0,-60.0,14.0,-39.0,80.0,-258.0,134.0,0.0,-151.0
-143.0,39.0,-34.0,71.0,-31.0,50.0,-176.0,48.0,6.0,-102.0
-171.0,221.0,-55.0,92.0,66.0,-29.0,-238.0,-73.0,13.0,-69.0
-174.0,321.0,-65.0,83.0,24.0,-61.0,-524.0,-230.0,15.0,-52.0
-170.0,200.0,-94.0,-7.0,29.0,-195.0,-959.0,-232.0,14.0,-30.0
-165.0,330.0,-79.0,-29.0,-98.0,-194.0,-1097.0,-62.0,10.0,-18.0
-150.0,339.0,-97.0,-73.0,-251.0,-202.0,-857.0,-72.0,9.0,-11.0
-163.0,152.0,-94.0,-66.0,38.0,-150.0,-568.0,38.0,10.0,16.0
-165.0,16.0,-74.0,3.0,76.0,-41.0,-315.0,7.0,20.0,52.0
-164.0,-32.0,-89.0,-54.0,-95.0,-101.0,-202.0,9.0,19.0,113.0
-157.0,-179.0,-52.0,-33.0,44.0,54.0,-33.0,70.0,11.0,158.0
-172.0,-242.0,-19.0,27.0,-6.0,112.0,126.0,-9.0,26.0,184.0
-167.0,-210.0,-4.0,-38.0,35.0,16.0,67.0,5.0,22.0,231.0
-190.0,-327.0,40.0,-173.0,44.0,44.0,13.0,24.0,26.0,252.0
-197.0,-423.0,58.0,-183.0,-152.0,16.0,6.0,182.0,42.0,245.0
-196.0,-598.0,59.0,-71.0,-37.0,-10.0,-1.0,218.0,60.0,236.0
-196.0,-505.0,67.0,-118.0,150.0,6.0,44.0,216.0,83.0,195.0
-151.0,-270.0,35.0,-160.0,57.0,109.0,81.0,188.0,120.0,147.0
-131.0,-71.0,20.0,-27.0,-14.0,246.0,233.0,-84.0,145.0,112.0
-81.0,26.0,11.0,71.0,81.0,317.0,442.0,-181.0,124.0,80.0
-76.0,223.0,-45.0,91.0,4.0,315.0,406.0,-214.0,110.0,51.0
-57.0,519.0,-35.0,65.0,-81.0,260.0,175.0,-64.0,97.0,11.0
-45.0,313.0,-60.0,13.0,-188.0,218.0,-49.0,107.0,69.0,-2.0
-37.0,-9.0,-118.0,-86.0,-206.0,160.0,-155.0,84.0,37.0,1.0
-32.0,19.0,-83.0,-119.0,8.0,66.0,-33.0,60.0,-2.0,-2.0
-49.0,283.0,-93.0,-96.0,47.0,-26.0,-17.0,-48.0,-38.0,-7.0
-51.0,80.0,-101.0,-115.0,-65.0,-125.0,-263.0,16.0,-62.0,-11.0
-107.0,-95.0,-79.0,-75.0,-69.0,-231.0,-270.0,75.0,-68.0,11.0
-117.0,72.0,-104.0,-78.0,78.0,-150.0,-60.0,140.0,-74.0,44.0
-150.0,109.0,-157.0,-114.0,-69.0,12.0,82.0,84.0,-81.0,57.0
-175.0,235.0,-139.0,-79.0,-137.0,166.0,69.0,-121.0,-78.0,57.0
-188.0,179.0,-127.0,-82.0,-11.0,281.0,9.0,-160.0,-54.0,63.0
-207.0,70.0,-133.0,-141.0,-109.0,214.0,-102.0,-232.0,-33.0,65.0
-197.0,200.0,-38.0,-175.0,9.0,114.0,-326.0,-31.0,-32.0,68.0
-191.0,257.0,-37.0,-171.0,16.0,-19.0,-439.0,116.0,-17.0,64.0
-166.0,-57.0,-45.0,-107.0,-18.0,-33.0,-493.0,51.0,-11.0,50.0
-179.0,-169.0,-38.0,-16.0,148.0,-77.0,-467.0,-40.0,-6.0,48.0
-158.0,18.0,-38.0,-13.0,64.0,-170.0,-423.0,-158.0,15.0,59.0
-155.0,-110.0,-18.0,-76.0,-89.0,-53.0,-363.0,-7.0,24.0,78.0
-149.0,-258.0,-69.0,-101.0,-43.0,35.0,-104.0,48.0,48.0,75.0
-144.0,-243.0,-45.0,-38.0,32.0,117.0,179.0,212.0,66.0,84.0
-168.0,-220.0,-24.0,6.0,28.0,139.0,362.0,308.0,68.0,111.0
-172.0,-193.0,-16.0,-10.0,12.0,91.0,400.0,145.0,72.0,127.0
-221.0,-179.0,3.0,3.0,8.0,92.0,170.0,64.0,68.0,138.0
-252.0,-166.0,32.0,65.0,120.0,77.0,-177.0,-134.0,93.0,123.0
-245.0,-122.0,33.0,126.0,114.0,134.0,-314.0,-177.0,113.0,96.0
-227.0,-25.0,-11.0,82.0,-6.0,273.0,-274.0,-242.0,128.0,53.0
-219.0,-31.0,-21.0,13.0,9.0,355.0,-289.0,-240.0,144.0,-5.0
-172.0,-82.0,-74.0,-45.0,-1.0,346.0,-506.0,-73.0,139.0,-56.0
-126.0,37.0,-101.0,-188.0,14.0,346.0,-693.0,-73.0,134.0,-114.0
-128.0,-16.0,-105.0,-293.0,26.0,396.0,-607.0,-29.0,116.0,-138.0
-141.0,-120.0,-112.0,-358.0,-57.0,381.0,-211.0,-142.0,92.0,-121.0
-146.0,28.0,-137.0,-366.0,57.0,258.0,316.0,-121.0,62.0,-105.0
-111.0,81.0,-102.0,-286.0,110.0,135.0,571.0,49.0,30.0,-94.0
-83.0,-2.0,-40.0,-106.0,-53.0,154.0,574.0,177.0,-6.0,-75.0
-64.0,75.0,-91.0,107.0,-73.0,123.0,370.0,312.0,-31.0,-40.0
-75.0,225.0,-38.0,194.0,-156.0,20.0,98.0,168.0,-47.0,-22.0
-93.0,30.0,3.0,260.0,-41.0,177.0,-49.0,77.0,-80.0,-21.0
-80.0,-227.0,25.0,214.0,66.0,304.0,-50.0,-116.0,-97.0,-21.0
-72.0,-228.0,76.0,-13.0,-183.0,275.0,90.0,-219.0,-106.0,-24.0
-75.0,-220.0,88.0,-179.0,-52.0,271.0,189.0,-151.0,-105.0,-25.0
-71.0,-144.0,116.0,-212.0,149.0,304.0,169.0,-225.0,-101.0,-29.0
-80.0,-90.0,97.0,-154.0,55.0,407.0,-77.0,-107.0,-93.0,-18.0
-100.0,-158.0,89.0,-77.0,70.0,314.0,-361.0,-171.0,-71.0,-3.0
-122.0,-117.0,62.0,-46.0,71.0,143.0,-450.0,-192.0,-63.0,2.0
-141.0,67.0,90.0,-83.0,46.0,129.0,-527.0,-81.0,-51.0,32.0
-140.0,269.0,94.0,-135.0,104.0,0.0,-683.0,62.0,-44.0,45.0
-137.0,115.0,59.0,-172.0,-18.0,-175.0,-775.0,325.0,-31.0,11.0
-130.0,-23.0,63.0,-227.0,-85.0,-204.0,-720.0,242.0,-2.0,-16.0
-146.0,119.0,-14.0,-259.0,42.0,-198.0,-512.0,97.0,3.0,-49.0
-150.0,-12.0,-26.0,-223.0,-21.0,-273.0,-121.0,-145.0,0.0,-119.0
-164.0,-132.0,-34.0,-133.0,-95.0,-287.0,174.0,-291.0,-19.0,-204.0
-187.0,-175.0,-66.0,-40.0,-101.0,-87.0,175.0,-194.0,-48.0,-276.0
-182.0,-223.0,-47.0,34.0,-99.0,85.0,23.0,-1.0,-64.0,-332.0
-156.0,-53.0,-58.0,21.0,-36.0,28.0,-44.0,266.0,-72.0,-370.0
-108.0,-66.0,-62.0,-99.0,-59.0,-51.0,51.0,151.0,-82.0,-393.0
-126.0,-185.0,-1.0,-189.0,-70.0,12.0,192.0,12.0,-90.0,-399.0
-141.0,-186.0,38.0,-148.0,-107.0,6.0,409.0,-149.0,-96.0,-370.0
-126.0,-181.0,24.0,17.0,-69.0,19.0,639.0,-168.0,-93.0,-329.0
-106.0,0.0,80.0,125.0,42.0,222.0,800.0,99.0,-91.0,-267.0
-88.0,-49.0,69.0,121.0,-82.0,402.0,828.0,256.0,-96.0,-190.0
-59.0,-188.0,47.0,115.0,-55.0,473.0,810.0,489.0,-82.0,-143.0
-8.0,-35.0,80.0,62.0,2.0,454.0,798.0,404.0,-77.0,-108.0
-14.0,91.0,54.0,22.0,-144.0,433.0,509.0,129.0,-73.0,-82.0
-45.0,27.0,50.0,34.0,-30.0,232.0,149.0,-18.0,-58.0,-82.0
-76.0,-74.0,39.0,4.0,5.0,2.0,14.0,60.0,-59.0,-117.0
-96.0,295.0,69.0,-80.0,-74.0,35.0,-36.0,330.0,-51.0,-150.0
-101.0,283.0,78.0,-190.0,-9.0,100.0,-191.0,275.0,-46.0,-158.0
-81.0,17.0,113.0,-271.0,-45.0,116.0,-542.0,169.0,-65.0,-143.0
-58.0,229.0,90.0,-279.0,-74.0,-26.0,-996.0,-60.0,-74.0,-140.0
-32.0,115.0,58.0,-175.0,24.0,-1.0,-1355.0,-182.0,-94.0,-139.0
-2.0,-175.0,144.0,-17.0,39.0,290.0,-1346.0,-94.0,-103.0,-104.0
-1.0,-349.0,42.0,98.0,-77.0,411.0,-1143.0,-219.0,-99.0,-81.0
-22.0,-407.0,37.0,179.0,12.0,416.0,-1095.0,-221.0,-108.0,-72.0
-66.0,-438.0,77.0,249.0,70.0,409.0,-1074.0,-295.0,-101.0,-65.0
-91.0,-392.0,72.0,238.0,-63.0,557.0,-863.0,-288.0,-104.0,-69.0
-130.0,-130.0,75.0,138.0,-70.0,578.0,-451.0,-216.0,-89.0,-75.0
-160.0,-87.0,77.0,38.0,-25.0,286.0,-84.0,-229.0,-57.0,-71.0
-152.0,-92.0,139.0,-48.0,0.0,70.0,114.0,-195.0,-38.0,-43.0
-155.0,185.0,61.0,-58.0,27.0,-10.0,345.0,-349.0,-40.0,-24.0
-153.0,294.0,50.0,51.0,38.0,-11.0,606.0,-317.0,-44.0,-27.0
-138.0,370.0,24.0,206.0,-54.0,20.0,579.0,-286.0,-37.0,-28.0
-124.0,370.0,21.0,278.0,76.0,212.0,426.0,-133.0,-42.0,-23.0
-116.0,232.0,65.0,226.0,80.0,440.0,561.0,210.0,-15.0,-30.0
-104.0,357.0,27.0,124.0,-121.0,356.0,754.0,275.0,-2.0,-77.0
-100.0,180.0,7.0,-20.0,42.0,154.0,622.0,181.0,-21.0,-127.0
-85.0,9.0,-4.0,-74.0,52.0,95.0,225.0,-203.0,-17.0,-147.0
-73.0,105.0,-15.0,-22.0,15.0,85.0,-134.0,-413.0,0.0,-177.0
-78.0,152.0,-30.0,16.0,64.0,20.0,-123.0,-356.0,5.0,-215.0
-67.0,38.0,17.0,53.0,4.0,6.0,134.0,-99.0,15.0,-232.0
-83.0,-154.0,3.0,64.0,-4.0,32.0,114.0,210.0,26.0,-228.0
-111.0,-134.0,24.0,86.0,64.0,9.0,-176.0,68.0,12.0,-212.0
-122.0,-166.0,63.0,103.0,44.0,4.0,-378.0,35.0,16.0,-186.0
-126.0,-84.0,34.0,79.0,-62.0,98.0,-395.0,57.0,-9.0,-142.0
-115.0,-133.0,75.0,16.0,-7.0,252.0,-300.0,101.0,-57.0,-114.0
-118.0,-315.0,116.0,-65.0,23.0,306.0,-201.0,262.0,-69.0,-90.0
-107.0,-192.0,158.0,-149.0,67.0,224.0,-251.0,269.0,-85.0,-49.0
-76.0,-67.0,154.0,-148.0,2.0,202.0,-455.0,223.0,-102.0,-21.0
-56.0,-108.0,132.0,-2.0,-16.0,340.0,-509.0,9.0,-85.0,5.0
-61.0,39.0,118.0,134.0,120.0,397.0,-379.0,-75.0,-73.0,16.0
-51.0,133.0,130.0,199.0,-38.0,258.0,-252.0,-173.0,-59.0,33.0
-19.0,-145.0,129.0,177.0,-115.0,281.0,-65.0,-179.0,-42.0,72.0
-6.0,-275.0,136.0,81.0,34.0,557.0,167.0,14.0,-63.0,81.0
-2.0,-206.0,168.0,-6.0,79.0,663.0,283.0,-36.0,-64.0,82.0
-14.0,21.0,165.0,-48.0,39.0,494.0,232.0,3.0,-72.0,84.0
-8.0,188.0,158.0,-84.0,33.0,273.0,124.0,-92.0,-75.0,89.0
8.0,198.0,88.0,-71.0,15.0,235.0,1.0,-169.0,-45.0,93.0
34.0,164.0,122.0,-36.0,61.0,309.0,-161.0,-57.0,-35.0,77.0
72.0,115.0,103.0,-20.0,84.0,247.0,-129.0,-94.0,-38.0,60.0
107.0,157.0,98.0,24.0,-67.0,192.0,82.0,-134.0,-39.0,42.0
121.0,148.0,121.0,20.0,-43.0,143.0,84.0,-254.0,-28.0,0.0
111.0,174.0,96.0,18.0,23.0,46.0,-84.0,-258.0,-24.0,-44.0
93.0,95.0,151.0,67.0,-33.0,-41.0,-249.0,-339.0,-24.0,-66.0
87.0,47.0,105.0,125.0,-16.0,-64.0,-399.0,-334.0,-40.0,-100.0
77.0,82.0,107.0,141.0,-74.0,9.0,-547.0,-181.0,-45.0,-140.0
58.0,102.0,77.0,133.0,51.0,-82.0,-658.0,-194.0,-64.0,-176.0
68.0,216.0,89.0,109.0,168.0,-174.0,-505.0,-147.0,-83.0,-218.0
53.0,98.0,114.0,55.0,-58.0,-63.0,-260.0,-260.0,-78.0,-249.0
39.0,-60.0,85.0,46.0,3.0,22.0,-233.0,-219.0,-108.0,-263.0
18.0,-145.0,111.0,61.0,115.0,-29.0,-238.0,-194.0,-112.0,-249.0
24.0,-150.0,89.0,97.0,-22.0,-101.0,-177.0,-291.0,-106.0,-218.0
34.0,-36.0,115.0,130.0,4.0,22.0,-27.0,-304.0,-104.0,-168.0
13.0,-55.0,99.0,145.0,58.0,50.0,243.0,-376.0,-80.0,-103.0
26.0,48.0,106.0,141.0,12.0,-47.0,258.0,-245.0,-64.0,-25.0
24.0,219.0,123.0,100.0,36.0,102.0,20.0,-253.0,-32.0,53.0
40.0,287.0,90.0,41.0,66.0,266.0,-115.0,-251.0,-27.0,102.0
33.0,202.0,93.0,-17.0,4.0,278.0,-179.0,-216.0,-36.0,131.0
35.0,36.0,86.0,-66.0,-14.0,206.0,-241.0,-192.0,-2.0,146.0
30.0,96.0,77.0,-72.0,32.0,135.0,-302.0,55.0,21.0,135.0
26.0,41.0,62.0,0.0,-10.0,137.0,-303.0,109.0,33.0,105.0
42.0,-4.0,56.0,65.0,-113.0,139.0,-305.0,171.0,57.0,71.0
22.0,152.0,58.0,124.0,-61.0,203.0,-436.0,234.0,54.0,27.0
33.0,197.0,54.0,159.0,77.0,191.0,-504.0,280.0,47.0,-12.0
42.0,81.0,53.0,116.0,50.0,81.0,-341.0,303.0,57.0,-42.0
73.0,-93.0,42.0,53.0,-25.0,102.0,6.0,48.0,39.0,-61.0
71.0,-19.0,61.0,14.0,0.0,212.0,244.0,-142.0,22.0,-86.0
76.0,55.0,85.0,62.0,0.0,256.0,227.0,-384.0,14.0,-112.0
89.0,-51.0,82.0,160.0,-34.0,45.0,206.0,-497.0,-29.0,-101.0
86.0,-98.0,90.0,215.0,-70.0,-229.0,176.0,-406.0,-59.0,-82.0
101.0,-40.0,88.0,207.0,-69.0,-349.0,38.0,-295.0,-68.0,-65.0
92.0,-10.0,87.0,179.0,36.0,-284.0,-18.0,-83.0,-96.0,-29.0
92.0,-162.0,99.0,146.0,4.0,-172.0,30.0,-116.0,-117.0,16.0
73.0,-121.0,65.0,69.0,-106.0,-262.0,72.0,-162.0,-140.0,50.0
78.0,120.0,42.0,0.0,-34.0,-278.0,49.0,-240.0,-161.0,73.0
76.0,302.0,76.0,-41.0,-64.0,-253.0,-48.0,-123.0,-182.0,95.0
67.0,413.0,44.0,-28.0,-64.0,-294.0,-18.0,262.0,-199.0,98.0
45.0,281.0,46.0,31.0,-21.0,-209.0,77.0,454.0,-195.0,89.0
40.0,46.0,65.0,48.0,-128.0,-101.0,-111.0,676.0,-201.0,70.0
60.0,57.0,50.0,38.0,52.0,-102.0,-486.0,428.0,-211.0,48.0
52.0,149.0,75.0,8.0,97.0,-263.0,-846.0,-120.0,-199.0,17.0
63.0,13.0,50.0,-26.0,0.0,-456.0,-1067.0,-508.0,-164.0,-22.0
64.0,-121.0,17.0,-46.0,141.0,-626.0,-1031.0,-585.0,-148.0,-29.0
63.0,-54.0,-24.0,-13.0,58.0,-652.0,-844.0,-243.0,-133.0,-23.0
31.0,40.0,-20.0,18.0,17.0,-546.0,-488.0,-33.0,-125.0,-28.0
19.0,-37.0,-53.0,11.0,64.0,-501.0,-141.0,79.0,-131.0,-47.0
20.0,-29.0,-74.0,-10.0,-96.0,-364.0,57.0,-83.0,-126.0,-71.0
46.0,232.0,-18.0,-72.0,11.0,-137.0,125.0,-269.0,-127.0,-82.0
74.0,210.0,-32.0,-131.0,117.0,-39.0,-7.0,-223.0,-95.0,-88.0
88.0,108.0,15.0,-169.0,-91.0,-102.0,-45.0,-179.0,-56.0,-77.0
123.0,199.0,21.0,-190.0,-6.0,-158.0,174.0,-7.0,-40.0,-71.0
122.0,199.0,9.0,-164.0,1.0,-169.0,236.0,-9.0,-7.0,-71.0
129.0,328.0,25.0,-61.0,-5.0,-249.0,141.0,59.0,42.0,-50.0
97.0,390.0,-53.0,53.0,115.0,-239.0,490.0,99.0,63.0,-37.0
87.0,189.0,-40.0,173.0,-86.0,-73.0,758.0,-77.0,65.0,-28.0
79.0,16.0,-14.0,297.0,-2.0,-25.0,450.0,-205.0,85.0,-68.0
66.0,-20.0,-67.0,396.0,83.0,-187.0,5.0,-454.0,80.0,-117.0
66.0,-182.0,-16.0,473.0,-96.0,-402.0,-309.0,-482.0,85.0,-161.0
54.0,-305.0,15.0,472.0,-51.0,-445.0,-291.0,-336.0,103.0,-232.0
68.0,-209.0,9.0,397.0,-69.0,-382.0,-177.0,-53.0,104.0,-265.0
52.0,-410.0,74.0,242.0,-42.0,-394.0,-137.0,206.0,90.0,-280.0
40.0,-542.0,59.0,118.0,86.0,-373.0,-163.0,171.0,38.0,-292.0
15.0,-340.0,47.0,85.0,-81.0,-375.0,-61.0,75.0,0.0,-318.0
12.0,-162.0,77.0,60.0,-61.0,-423.0,98.0,-201.0,-20.0,-330.0
-21.0,-88.0,46.0,83.0,120.0,-374.0,146.0,-275.0,-48.0,-314.0
-41.0,-47.0,28.0,168.0,-4.0,-224.0,317.0,-273.0,-63.0,-303.0
-22.0,0.0,81.0,242.0,-8.0,-212.0,188.0,-284.0,-62.0,-278.0
-16.0,173.0,79.0,238.0,31.0,-388.0,-173.0,-171.0,-79.0,-261.0
7.0,347.0,52.0,158.0,48.0,-491.0,-330.0,-210.0,-104.0,-230.0
10.0,68.0,44.0,49.0,95.0,-490.0,-339.0,-51.0,-98.0,-194.0
57.0,-73.0,19.0,-37.0,-88.0,-365.0,-260.0,7.0,-92.0,-155.0
89.0,-4.0,38.0,-110.0,-60.0,-187.0,-115.0,-1.0,-79.0,-92.0
104.0,-152.0,39.0,-159.0,103.0,-196.0,136.0,57.0,-60.0,-47.0
110.0,-122.0,50.0,-170.0,-31.0,-226.0,164.0,59.0,-51.0,-14.0
113.0,95.0,67.0,-201.0,-3.0,-154.0,-34.0,118.0,-27.0,29.0
107.0,141.0,14.0,-233.0,44.0,-70.0,-110.0,73.0,-17.0,78.0
78.0,63.0,-6.0,-184.0,-43.0,81.0,-38.0,197.0,21.0,106.0
82.0,-19.0,-6.0,-51.0,78.0,-56.0,197.0,158.0,38.0,120.0
85.0,-116.0,-28.0,82.0,34.0,-396.0,261.0,66.0,39.0,124.0
82.0,12.0,-16.0,156.0,-98.0,-384.0,-29.0,145.0,57.0,123.0
51.0,73.0,-16.0,178.0,-6.0,-204.0,-221.0,11.0,38.0,122.0
50.0,-74.0,22.0,149.0,27.0,-193.0,-243.0,-60.0,37.0,112.0
66.0,-81.0,36.0,143.0,-86.0,-235.0,-87.0,-229.0,48.0,87.0
68.0,-12.0,10.0,146.0,-132.0,-29.0,313.0,-360.0,52.0,56.0
48.0,-71.0,3.0,115.0,-28.0,219.0,570.0,-437.0,45.0,40.0
52.0,-68.0,-25.0,144.0,91.0,463.0,471.0,-400.0,68.0,10.0
88.0,8.0,-5.0,185.0,44.0,662.0,188.0,-57.0,76.0,-18.0
96.0,-3.0,14.0,139.0,-18.0,724.0,-177.0,110.0,75.0,-35.0
87.0,30.0,-19.0,24.0,64.0,684.0,-514.0,210.0,79.0,-41.0
57.0,-75.0,-26.0,-42.0,55.0,291.0,-681.0,22.0,41.0,-30.0
57.0,-63.0,58.0,-130.0,-11.0,-191.0,-746.0,-336.0,20.0,-21.0
46.0,55.0,35.0,-321.0,-82.0,-544.0,-568.0,-558.0,2.0,-7.0
28.0,119.0,35.0,-360.0,-39.0,-673.0,-330.0,-630.0,0.0,19.0
7.0,11.0,83.0,-249.0,99.0,-580.0,-297.0,-290.0,-8.0,58.0
9.0,-303.0,-7.0,-55.0,-42.0,-409.0,-229.0,-59.0,-7.0,77.0
29.0,-268.0,-22.0,256.0,-127.0,-310.0,-60.0,88.0,-23.0,62.0
39.0,-198.0,28.0,522.0,-12.0,-381.0,280.0,101.0,-54.0,33.0
77.0,-370.0,16.0,634.0,-6.0,-411.0,551.0,-109.0,-39.0,-14.0
93.0,-436.0,28.0,605.0,-1.0,-462.0,613.0,-110.0,-54.0,-78.0
114.0,-218.0,45.0,536.0,-20.0,-564.0,593.0,-64.0,-67.0,-106.0
125.0,-83.0,-13.0,447.0,-7.0,-740.0,442.0,138.0,-49.0,-124.0
138.0,133.0,20.0,307.0,106.0,-949.0,383.0,177.0,-11.0,-136.0
120.0,297.0,-14.0,94.0,52.0,-1026.0,405.0,147.0,7.0,-120.0
84.0,318.0,-36.0,-150.0,-60.0,-768.0,403.0,386.0,32.0,-68.0
67.0,709.0,23.0,-343.0,-12.0,-294.0,472.0,565.0,68.0,13.0
50.0,690.0,-55.0,-477.0,64.0,-142.0,353.0,648.0,93.0,59.0
69.0,629.0,-7.0,-497.0,105.0,-155.0,-177.0,447.0,123.0,107.0
44.0,766.0,40.0,-372.0,-19.0,-3.0,-560.0,282.0,116.0,153.0
15.0,533.0,0.0,-156.0,-154.0,252.0,-479.0,60.0,105.0,160.0
-8.0,239.0,8.0,1.0,-63.0,387.0,-275.0,-186.0,94.0,141.0
-23.0,-24.0,-10.0,106.0,-49.0,340.0,-91.0,-245.0,85.0,119.0
-36.0,92.0,-46.0,174.0,-70.0,170.0,-34.0,-454.0,56.0,117.0
-74.0,62.0,-44.0,148.0,-82.0,-52.0,-190.0,-493.0,14.0,86.0
-75.0,-305.0,-44.0,147.0,-76.0,63.0,-249.0,-417.0,-17.0,32.0
-85.0,-377.0,-44.0,138.0,35.0,406.0,60.0,-199.0,-59.0,-22.0
-98.0,-437.0,0.0,110.0,18.0,696.0,385.0,0.0,-44.0,-58.0
-95.0,-323.0,-2.0,88.0,-54.0,746.0,432.0,-16.0,-18.0,-101.0
-83.0,-190.0,-16.0,64.0,-57.0,488.0,284.0,-31.0,-9.0,-138.0
-69.0,-361.0,8.0,51.0,88.0,427.0,179.0,-27.0,14.0,-127.0
-55.0,-253.0,13.0,41.0,84.0,640.0,123.0,282.0,27.0,-113.0
-29.0,-78.0,-11.0,62.0,-51.0,693.0,57.0,461.0,39.0,-66.0
-21.0,-270.0,-23.0,2.0,-30.0,479.0,165.0,423.0,60.0,-25.0
-2.0,-475.0,-32.0,-104.0,24.0,272.0,353.0,264.0,66.0,4.0
23.0,-185.0,-58.0,-159.0,131.0,29.0,688.0,-68.0,70.0,47.0
41.0,224.0,-29.0,-193.0,-20.0,-140.0,836.0,-153.0,66.0,52.0
66.0,171.0,-56.0,-207.0,-126.0,-178.0,550.0,-247.0,69.0,53.0
74.0,125.0,-71.0,-191.0,-6.0,-298.0,224.0,-249.0,90.0,21.0
75.0,205.0,-58.0,-151.0,28.0,-350.0,-57.0,-260.0,98.0,-37.0
68.0,329.0,-117.0,-139.0,-13.0,-315.0,-42.0,-327.0,134.0,-91.0
79.0,383.0,-88.0,-200.0,-97.0,-154.0,144.0,-186.0,179.0,-123.0
110.0,208.0,-98.0,-235.0,81.0,-100.0,15.0,-173.0,194.0,-127.0
120.0,181.0,-121.0,-154.0,170.0,-50.0,-403.0,-29.0,201.0,-127.0
112.0,153.0,-148.0,-31.0,102.0,151.0,-605.0,88.0,183.0,-117.0
75.0,-42.0,-160.0,89.0,95.0,185.0,-525.0,149.0,171.0,-96.0
36.0,-57.0,-159.0,145.0,55.0,50.0,-567.0,216.0,172.0,-57.0
15.0,223.0,-194.0,97.0,117.0,-206.0,-490.0,249.0,162.0,-34.0
3.0,254.0,-172.0,44.0,119.0,-206.0,-275.0,533.0,156.0,-26.0
-19.0,-56.0,-221.0,23.0,-36.0,-133.0,-50.0,458.0,144.0,0.0
-38.0,-214.0,-172.0,9.0,-24.0,-329.0,127.0,205.0,137.0,11.0
-46.0,-62.0,-114.0,0.0,132.0,-469.0,71.0,-105.0,129.0,0.0
-67.0,78.0,-138.0,48.0,-3.0,-329.0,114.0,-428.0,128.0,2.0
-87.0,-30.0,-83.0,132.0,-48.0,29.0,263.0,-308.0,106.0,7.0
-132.0,-69.0,-56.0,184.0,19.0,268.0,398.0,-86.0,59.0,0.0
-164.0,-20.0,-50.0,212.0,-18.0,357.0,564.0,258.0,39.0,-11.0
-159.0,7.0,-31.0,152.0,36.0,177.0,515.0,454.0,17.0,-35.0
-157.0,-269.0,-46.0,51.0,-77.0,-85.0,388.0,408.0,1.0,-54.0
-135.0,-433.0,-22.0,-2.0,-101.0,-167.0,532.0,171.0,-27.0,-89.0
-110.0,-153.0,-49.0,-72.0,20.0,-208.0,648.0,-136.0,-54.0,-145.0
-86.0,67.0,-56.0,-92.0,-23.0,-156.0,344.0,-103.0,-62.0,-170.0
-47.0,99.0,-6.0,-83.0,-13.0,-183.0,10.0,64.0,-63.0,-177.0
-37.0,9.0,-117.0,-98.0,4.0,-89.0,-109.0,426.0,-48.0,-192.0
-11.0,290.0,-65.0,-117.0,-6.0,164.0,-33.0,574.0,-47.0,-205.0
10.0,543.0,-53.0,-160.0,112.0,452.0,135.0,460.0,-7.0,-198.0
21.0,345.0,-119.0,-159.0,11.0,812.0,37.0,256.0,30.0,-172.0
41.0,47.0,-56.0,-135.0,0.0,904.0,-91.0,-254.0,63.0,-154.0
29.0,-77.0,-90.0,-111.0,47.0,760.0,-14.0,-515.0,106.0,-124.0
28.0,68.0,-64.0,-103.0,-93.0,484.0,252.0,-508.0,146.0,-94.0
1.0,41.0,-59.0,-149.0,72.0,290.0,503.0,-205.0,187.0,-75.0
1.0,-160.0,-68.0,-184.0,-18.0,214.0,299.0,238.0,193.0,-51.0
5.0,-182.0,-63.0,-162.0,-31.0,154.0,54.0,399.0,189.0,-30.0
-11.0,-156.0,-81.0,-83.0,203.0,231.0,0.0,393.0,162.0,-9.0
-13.0,-409.0,-66.0,-3.0,-56.0,248.0,-82.0,121.0,136.0,19.0
-35.0,-543.0,-74.0,60.0,-132.0,273.0,15.0,-84.0,121.0,47.0
-45.0,-191.0,-49.0,113.0,71.0,357.0,60.0,-262.0,103.0,67.0
-74.0,21.0,-71.0,142.0,-69.0,417.0,-30.0,-275.0,89.0,95.0
-79.0,-21.0,-58.0,131.0,-107.0,379.0,-29.0,62.0,74.0,112.0
-58.0,49.0,-32.0,79.0,62.0,110.0,60.0,304.0,60.0,109.0
-35.0,137.0,-51.0,45.0,-26.0,-123.0,204.0,552.0,47.0,116.0
-23.0,200.0,11.0,30.0,21.0,-191.0,272.0,521.0,44.0,129.0
-38.0,178.0,5.0,33.0,-34.0,-229.0,282.0,404.0,27.0,127.0
-62.0,49.0,18.0,45.0,-150.0,-217.0,361.0,282.0,17.0,111.0
-107.0,-55.0,74.0,42.0,69.0,-59.0,522.0,66.0,23.0,100.0
-155.0,115.0,34.0,2.0,6.0,116.0,529.0,12.0,33.0,122.0
-181.0,173.0,14.0,-57.0,-56.0,123.0,483.0,-306.0,57.0,119.0
-187.0,-42.0,37.0,-156.0,35.0,102.0,435.0,-502.0,100.0,109.0
-195.0,47.0,25.0,-257.0,9.0,189.0,63.0,-493.0,125.0,123.0
-179.0,36.0,43.0,-218.0,83.0,362.0,-394.0,-267.0,132.0,107.0
-170.0,19.0,59.0,-141.0,48.0,386.0,-541.0,245.0,157.0,88.0
-141.0,26.0,8.0,-95.0,-52.0,303.0,-168.0,583.0,177.0,68.0
-97.0,-38.0,59.0,-51.0,28.0,282.0,402.0,702.0,191.0,52.0
-61.0,114.0,53.0,-7.0,56.0,217.0,636.0,473.0,214.0,14.0
-14.0,5.0,-16.0,35.0,-39.0,214.0,493.0,388.0,228.0,-38.0
-10.0,-131.0,-16.0,40.0,-89.0,279.0,324.0,317.0,196.0,-68.0
-36.0,39.0,-24.0,11.0,-48.0,348.0,372.0,105.0,170.0,-87.0
-76.0,118.0,-54.0,-28.0,-25.0,346.0,319.0,188.0,142.0,-119.0
-89.0,4.0,-68.0,-72.0,16.0,339.0,243.0,317.0,122.0,-165.0
-98.0,66.0,-65.0,-86.0,11.0,436.0,341.0,489.0,143.0,-181.0
-102.0,243.0,-125.0,-41.0,-27.0,467.0,460.0,312.0,115.0,-196.0
-88.0,336.0,-92.0,12.0,49.0,260.0,456.0,-59.0,98.0,-188.0
-64.0,417.0,-122.0,41.0,56.0,49.0,55.0,-297.0,80.0,-139.0
-50.0,299.0,-176.0,17.0,-2.0,285.0,-419.0,-582.0,16.0,-65.0
-72.0,62.0,-155.0,-19.0,27.0,600.0,-672.0,-546.0,2.0,0.0
-68.0,74.0,-166.0,-107.0,94.0,538.0,-604.0,-254.0,-20.0,47.0
-53.0,24.0,-109.0,-189.0,23.0,346.0,-224.0,356.0,-63.0,107.0
-30.0,-370.0,-164.0,-199.0,3.0,201.0,-62.0,853.0,-59.0,131.0
-14.0,-302.0,-168.0,-183.0,15.0,219.0,95.0,953.0,-60.0,154.0
2.0,-126.0,-117.0,-128.0,-24.0,377.0,500.0,801.0,-57.0,172.0
17.0,-406.0,-111.0,-108.0,8.0,430.0,841.0,203.0,-39.0,194.0
21.0,-348.0,-87.0,-101.0,-72.0,365.0,675.0,-171.0,-60.0,226.0
41.0,-207.0,-57.0,-172.0,-148.0,223.0,265.0,-391.0,-63.0,225.0
51.0,-304.0,-5.0,-278.0,-96.0,196.0,317.0,-426.0,-37.0,247.0
41.0,-303.0,-1.0,-301.0,67.0,292.0,531.0,-164.0,-26.0,276.0
19.0,-155.0,72.0,-289.0,55.0,275.0,492.0,-1.0,-16.0,285.0
16.0,-163.0,96.0,-198.0,-56.0,89.0,126.0,144.0,-7.0,283.0
1.0,-149.0,153.0,-108.0,42.0,-92.0,-210.0,84.0,-3.0,270.0
-9.0,189.0,164.0,-69.0,125.0,56.0,-235.0,5.0,5.0,246.0
-31.0,139.0,78.0,-68.0,65.0,225.0,-49.0,-192.0,11.0,186.0
-55.0,81.0,116.0,-72.0,-30.0,167.0,85.0,-279.0,19.0,111.0
-58.0,270.0,93.0,-69.0,16.0,38.0,15.0,-121.0,31.0,46.0
-70.0,169.0,112.0,-65.0,60.0,127.0,35.0,18.0,39.0,-6.0
-60.0,115.0,90.0,-29.0,45.0,262.0,49.0,539.0,53.0,-59.0
-59.0,88.0,32.0,-41.0,4.0,125.0,171.0,916.0,58.0,-80.0
-40.0,265.0,22.0,-86.0,13.0,33.0,405.0,897.0,49.0,-61.0
-26.0,411.0,-14.0,-118.0,32.0,-42.0,402.0,450.0,49.0,-48.0
-14.0,126.0,-13.0,-137.0,25.0,-62.0,373.0,-79.0,49.0,-32.0
21.0,62.0,-89.0,-188.0,55.0,41.0,311.0,-197.0,23.0,-2.0
36.0,240.0,-108.0,-223.0,-123.0,227.0,261.0,-301.0,-2.0,20.0
52.0,271.0,-101.0,-161.0,-76.0,472.0,164.0,-120.0,-21.0,23.0
48.0,260.0,-97.0,-94.0,105.0,490.0,14.0,125.0,-59.0,40.0
49.0,325.0,-76.0,-15.0,-99.0,454.0,222.0,197.0,-90.0,65.0
38.0,207.0,-86.0,31.0,-106.0,516.0,420.0,186.0,-112.0,84.0
20.0,-32.0,-9.0,-30.0,-37.0,504.0,412.0,99.0,-128.0,104.0
5.0,-61.0,-22.0,-131.0,-39.0,344.0,292.0,36.0,-142.0,121.0
4.0,-183.0,-33.0,-168.0,83.0,56.0,-34.0,-264.0,-144.0,145.0
33.0,-444.0,18.0,-172.0,-103.0,-59.0,-258.0,-315.0,-136.0,140.0
39.0,-389.0,-26.0,-168.0,-149.0,51.0,-254.0,-44.0,-146.0,130.0
48.0,-213.0,0.0,-101.0,80.0,179.0,-303.0,262.0,-143.0,120.0
30.0,-125.0,31.0,-48.0,-46.0,225.0,-375.0,541.0,-146.0,96.0
15.0,-134.0,-7.0,-8.0,-121.0,218.0,-294.0,545.0,-167.0,66.0
4.0,-235.0,29.0,3.0,12.0,196.0,-34.0,482.0,-164.0,36.0
-9.0,-246.0,29.0,3.0,6.0,153.0,317.0,118.0,-162.0,28.0
-20.0,-198.0,-3.0,3.0,66.0,126.0,433.0,-243.0,-162.0,16.0
-29.0,-44.0,34.0,-43.0,26.0,-65.0,464.0,-330.0,-150.0,-1.0
-24.0,59.0,40.0,-110.0,-68.0,-357.0,440.0,-389.0,-123.0,2.0
0.0,193.0,48.0,-167.0,28.0,-472.0,314.0,-223.0,-87.0,26.0
28.0,327.0,48.0,-142.0,3.0,-323.0,236.0,-88.0,-40.0,37.0
24.0,366.0,38.0,-115.0,15.0,-138.0,15.0,138.0,13.0,17.0
40.0,467.0,52.0,-89.0,61.0,-246.0,-39.0,221.0,35.0,16.0
37.0,292.0,76.0,8.0,72.0,-438.0,230.0,131.0,59.0,27.0
31.0,189.0,88.0,116.0,140.0,-468.0,493.0,129.0,72.0,30.0
6.0,228.0,81.0,189.0,1.0,-317.0,394.0,38.0,62.0,51.0
7.0,-43.0,62.0,163.0,-21.0,-147.0,-19.0,134.0,70.0,59.0
27.0,-212.0,32.0,145.0,48.0,-135.0,-412.0,49.0,62.0,72.0
23.0,-324.0,49.0,216.0,-95.0,-167.0,-525.0,114.0,48.0,108.0
29.0,-493.0,-1.0,249.0,-11.0,-120.0,-235.0,319.0,41.0,138.0
22.0,-468.0,2.0,216.0,17.0,-37.0,-81.0,230.0,25.0,176.0
45.0,-680.0,49.0,125.0,-90.0,-53.0,-134.0,299.0,-7.0,180.0
23.0,-676.0,7.0,-6.0,127.0,-110.0,-204.0,352.0,-26.0,188.0
27.0,-279.0,69.0,-36.0,140.0,-75.0,-147.0,360.0,-20.0,208.0
25.0,-149.0,63.0,24.0,15.0,-106.0,143.0,-7.0,-21.0,208.0
26.0,27.0,57.0,69.0,119.0,-233.0,324.0,-452.0,-12.0,219.0
42.0,197.0,144.0,133.0,35.0,-321.0,470.0,-546.0,-3.0,204.0
34.0,257.0,87.0,188.0,-32.0,-342.0,299.0,-491.0,-14.0,215.0
35.0,318.0,113.0,169.0,63.0,-125.0,-227.0,-31.0,-15.0,244.0
12.0,427.0,182.0,103.0,-57.0,109.0,-576.0,330.0,-8.0,266.0
17.0,310.0,144.0,58.0,16.0,74.0,-622.0,463.0,-14.0,288.0
-8.0,53.0,159.0,51.0,120.0,-29.0,-361.0,343.0,-7.0,265.0
-20.0,169.0,169.0,-26.0,-130.0,-51.0,140.0,77.0,19.0,258.0
-26.0,218.0,132.0,-101.0,39.0,58.0,601.0,171.0,20.0,248.0
-17.0,183.0,123.0,-66.0,96.0,60.0,618.0,225.0,22.0,209.0
-24.0,224.0,114.0,-134.0,-98.0,-137.0,391.0,266.0,17.0,175.0
-38.0,386.0,15.0,-234.0,45.0,-261.0,138.0,295.0,0.0,123.0
-39.0,348.0,2.0,-228.0,-54.0,-167.0,-65.0,347.0,-4.0,86.0
-60.0,38.0,29.0,-269.0,-52.0,-110.0,83.0,243.0,-21.0,64.0
-52.0,-71.0,-21.0,-324.0,134.0,-300.0,487.0,-144.0,-40.0,34.0
-69.0,-58.0,22.0,-214.0,11.0,-459.0,536.0,-153.0,-44.0,29.0
-37.0,101.0,8.0,3.0,0.0,-528.0,-50.0,9.0,-37.0,49.0
-5.0,-13.0,-34.0,103.0,104.0,-484.0,-751.0,201.0,-47.0,82.0
27.0,-316.0,-2.0,135.0,-11.0,-438.0,-1099.0,195.0,-42.0,92.0
39.0,-312.0,-16.0,128.0,26.0,-411.0,-1121.0,36.0,-50.0,92.0
43.0,-180.0,-21.0,24.0,15.0,-372.0,-798.0,-12.0,-74.0,97.0
50.0,-206.0,5.0,16.0,-59.0,-404.0,-187.0,-199.0,-60.0,69.0
42.0,-235.0,21.0,49.0,86.0,-367.0,322.0,3.0,-75.0,39.0
61.0,-107.0,37.0,-21.0,-28.0,-375.0,570.0,362.0,-82.0,-8.0
57.0,-165.0,63.0,-76.0,-53.0,-285.0,477.0,630.0,-62.0,-51.0
92.0,-123.0,65.0,-93.0,66.0,-317.0,366.0,650.0,-60.0,-79.0
105.0,20.0,104.0,-110.0,66.0,-569.0,447.0,288.0,-46.0,-113.0
135.0,11.0,130.0,-88.0,24.0,-559.0,522.0,96.0,-44.0,-121.0
134.0,54.0,79.0,-62.0,-34.0,-362.0,409.0,-22.0,-48.0,-112.0
105.0,123.0,59.0,-114.0,47.0,-178.0,-113.0,109.0,-29.0,-83.0
101.0,135.0,56.0,-156.0,95.0,-285.0,-565.0,253.0,-19.0,-27.0
87.0,8.0,50.0,-129.0,11.0,-511.0,-700.0,153.0,-4.0,42.0
88.0,-2.0,41.0,-166.0,-51.0,-392.0,-701.0,-22.0,0.0,85.0
75.0,37.0,29.0,-221.0,45.0,-210.0,-605.0,-271.0,-7.0,133.0
86.0,-55.0,-47.0,-212.0,19.0,-83.0,-532.0,-297.0,-26.0,193.0
82.0,2.0,-48.0,-144.0,40.0,105.0,-397.0,-465.0,-34.0,216.0
84.0,85.0,-14.0,-34.0,-27.0,246.0,-89.0,-476.0,-33.0,214.0
77.0,-9.0,-45.0,39.0,-137.0,330.0,343.0,-92.0,-51.0,189.0
83.0,-140.0,-27.0,31.0,74.0,252.0,703.0,212.0,-45.0,164.0
64.0,-43.0,-69.0,-14.0,-56.0,149.0,764.0,463.0,-60.0,131.0
42.0,35.0,-53.0,-55.0,-90.0,115.0,430.0,594.0,-60.0,86.0
45.0,-17.0,-30.0,-124.0,22.0,-120.0,-73.0,687.0,-56.0,38.0
43.0,-21.0,-53.0,-192.0,-12.0,-238.0,-254.0,432.0,-70.0,-14.0
56.0,20.0,-89.0,-225.0,79.0,2.0,-221.0,77.0,-53.0,-50.0
41.0,151.0,-105.0,-224.0,-38.0,252.0,-267.0,-129.0,-46.0,-48.0
75.0,31.0,-88.0,-141.0,-69.0,217.0,-298.0,-463.0,-28.0,-37.0
84.0,12.0,-71.0,6.0,148.0,-23.0,-182.0,-580.0,-9.0,-40.0
110.0,133.0,-13.0,88.0,104.0,-77.0,26.0,-541.0,7.0,-26.0
125.0,48.0,-54.0,90.0,2.0,-37.0,-76.0,-35.0,25.0,5.0
140.0,103.0,-87.0,84.0,120.0,-236.0,-355.0,624.0,27.0,55.0
155.0,173.0,-117.0,28.0,1.0,-458.0,-475.0,920.0,26.0,66.0
120.0,292.0,-140.0,-29.0,75.0,-411.0,-540.0,936.0,18.0,71.0
127.0,295.0,-169.0,-22.0,174.0,-296.0,-522.0,436.0,2.0,80.0
86.0,242.0,-168.0,3.0,-34.0,-294.0,-336.0,-79.0,-6.0,68.0
70.0,204.0,-138.0,26.0,53.0,-349.0,-150.0,-467.0,-4.0,78.0
24.0,-13.0,-162.0,6.0,87.0,-415.0,-95.0,-376.0,-27.0,48.0
-8.0,55.0,-121.0,-18.0,-41.0,-452.0,85.0,147.0,-38.0,0.0
-14.0,98.0,-117.0,26.0,-94.0,-465.0,190.0,378.0,-46.0,-25.0
-31.0,-76.0,-78.0,101.0,-83.0,-479.0,78.0,456.0,-70.0,-27.0
-24.0,-141.0,-18.0,171.0,-66.0,-532.0,198.0,236.0,-59.0,-16.0
-52.0,-32.0,11.0,214.0,-19.0,-506.0,271.0,-12.0,-38.0,-16.0
-40.0,-139.0,38.0,263.0,-129.0,-256.0,104.0,-253.0,-19.0,-5.0
-47.0,-363.0,47.0,298.0,-92.0,-10.0,38.0,-460.0,0.0,7.0
-27.0,-109.0,65.0,260.0,97.0,-58.0,143.0,-460.0,3.0,40.0
-6.0,-42.0,60.0,199.0,-46.0,-171.0,296.0,-574.0,36.0,63.0
15.0,-170.0,88.0,128.0,-50.0,-131.0,306.0,-393.0,69.0,53.0
45.0,-17.0,106.0,39.0,-81.0,-1.0,269.0,-125.0,74.0,45.0
32.0,348.0,99.0,-10.0,-83.0,37.0,68.0,136.0,81.0,21.0
21.0,452.0,106.0,-25.0,48.0,-91.0,-344.0,399.0,73.0,7.0
-1.0,181.0,76.0,13.0,3.0,33.0,-659.0,343.0,58.0,14.0
-10.0,161.0,50.0,21.0,-49.0,308.0,-729.0,264.0,18.0,7.0
-20.0,-33.0,27.0,-24.0,15.0,250.0,-585.0,68.0,-7.0,0.0
-20.0,-127.0,-17.0,-36.0,68.0,-54.0,-385.0,11.0,-31.0,-5.0
-8.0,31.0,-14.0,-52.0,-71.0,-165.0,-55.0,149.0,-71.0,-5.0
22.0,-169.0,-27.0,-37.0,-34.0,41.0,93.0,297.0,-89.0,-19.0
36.0,-346.0,-14.0,-10.0,-40.0,56.0,-54.0,339.0,-123.0,-40.0
29.0,-300.0,-10.0,-3.0,-74.0,-190.0,-149.0,236.0,-145.0,-34.0
27.0,-117.0,-35.0,3.0,84.0,-308.0,-122.0,402.0,-164.0,-19.0
47.0,64.0,-6.0,16.0,-23.0,-163.0,-10.0,399.0,-171.0,7.0
74.0,198.0,-7.0,41.0,-59.0,-60.0,-26.0,242.0,-188.0,48.0
62.0,203.0,8.0,58.0,62.0,-203.0,-33.0,182.0,-196.0,89.0
86.0,160.0,14.0,93.0,-18.0,-349.0,185.0,44.0,-176.0,124.0
109.0,163.0,4.0,130.0,-86.0,-437.0,400.0,12.0,-178.0,160.0
107.0,135.0,-15.0,170.0,-36.0,-337.0,116.0,70.0,-141.0,200.0
90.0,91.0,-4.0,182.0,27.0,-282.0,-532.0,303.0,-109.0,227.0
99.0,-77.0,-26.0,153.0,49.0,-316.0,-690.0,312.0,-96.0,228.0
100.0,-205.0,-53.0,125.0,34.0,-344.0,-289.0,51.0,-68.0,213.0
39.0,-353.0,13.0,87.0,-40.0,-533.0,223.0,-162.0,-20.0,192.0
2.0,-436.0,-5.0,27.0,-54.0,-394.0,493.0,-310.0,39.0,150.0
-18.0,-386.0,11.0,-15.0,110.0,-183.0,512.0,-155.0,77.0,89.0
-24.0,-271.0,62.0,31.0,-60.0,-216.0,504.0,-107.0,105.0,28.0
-37.0,-76.0,42.0,117.0,-155.0,-444.0,332.0,-99.0,117.0,-17.0
-51.0,-23.0,43.0,190.0,161.0,-630.0,65.0,-62.0,146.0,-54.0
-24.0,229.0,82.0,215.0,59.0,-273.0,-222.0,-90.0,177.0,-73.0
-18.0,462.0,92.0,155.0,-34.0,-101.0,-280.0,-53.0,198.0,-70.0
-41.0,465.0,96.0,78.0,55.0,-281.0,166.0,-254.0,227.0,-67.0
-76.0,413.0,115.0,-27.0,-10.0,-346.0,454.0,-201.0,233.0,-62.0
-66.0,173.0,83.0,-103.0,-18.0,-248.0,275.0,48.0,239.0,-69.0
-36.0,59.0,80.0,-94.0,-18.0,-68.0,8.0,290.0,243.0,-91.0
-5.0,-81.0,51.0,-13.0,-60.0,-40.0,-296.0,436.0,239.0,-111.0
32.0,-337.0,67.0,96.0,-50.0,-17.0,-483.0,273.0,241.0,-124.0
52.0,-524.0,59.0,123.0,184.0,-30.0,-336.0,134.0,241.0,-143.0
101.0,-604.0,11.0,190.0,145.0,-171.0,-168.0,-179.0,235.0,-181.0
108.0,-709.0,96.0,237.0,-97.0,-302.0,-286.0,-356.0,224.0,-203.0
103.0,-674.0,62.0,186.0,123.0,-251.0,-386.0,-467.0,212.0,-213.0
113.0,-186.0,58.0,119.0,134.0,-206.0,-239.0,-445.0,181.0,-212.0
106.0,82.0,141.0,27.0,-60.0,-221.0,-171.0,0.0,161.0,-206.0
111.0,121.0,52.0,-20.0,53.0,-112.0,-71.0,336.0,143.0,-209.0
103.0,202.0,87.0,5.0,63.0,-86.0,144.0,631.0,112.0,-187.0
125.0,152.0,147.0,104.0,110.0,-56.0,151.0,570.0,92.0,-136.0
124.0,21.0,105.0,190.0,162.0,-30.0,132.0,306.0,55.0,-101.0
124.0,91.0,147.0,221.0,18.0,-56.0,216.0,77.0,30.0,-89.0
130.0,211.0,132.0,194.0,12.0,-41.0,153.0,-96.0,19.0,-70.0
149.0,-204.0,133.0,162.0,103.0,-85.0,14.0,188.0,-5.0,-43.0
191.0,-521.0,115.0,141.0,-3.0,-116.0,58.0,439.0,-17.0,-7.0
165.0,-501.0,113.0,107.0,-39.0,-56.0,117.0,482.0,-12.0,32.0
154.0,-359.0,146.0,97.0,103.0,-74.0,4.0,175.0,-3.0,71.0
137.0,-67.0,101.0,138.0,20.0,-181.0,-81.0,-293.0,1.0,119.0
108.0,86.0,85.0,228.0,36.0,-159.0,-39.0,-546.0,24.0,143.0
95.0,-6.0,73.0,251.0,32.0,-93.0,-66.0,-674.0,46.0,165.0
84.0,-170.0,23.0,242.0,-108.0,-40.0,-118.0,-238.0,59.0,199.0
82.0,148.0,-2.0,200.0,-5.0,-82.0,13.0,315.0,77.0,179.0
49.0,353.0,-11.0,94.0,20.0,-248.0,74.0,515.0,96.0,145.0
44.0,209.0,-31.0,47.0,-117.0,-265.0,-29.0,314.0,120.0,139.0
38.0,82.0,18.0,92.0,-175.0,-165.0,-27.0,-72.0,149.0,112.0
28.0,-13.0,24.0,124.0,90.0,-224.0,24.0,-109.0,158.0,54.0
30.0,121.0,9.0,69.0,147.0,-327.0,-63.0,-72.0,156.0,-23.0
30.0,86.0,49.0,-17.0,-129.0,-169.0,-180.0,168.0,186.0,-75.0
57.0,87.0,61.0,-93.0,-33.0,36.0,-341.0,399.0,185.0,-94.0
68.0,57.0,25.0,-116.0,16.0,105.0,-487.0,447.0,178.0,-103.0
82.0,-56.0,-7.0,-75.0,-80.0,43.0,-93.0,447.0,181.0,-104.0
78.0,-86.0,-7.0,30.0,9.0,12.0,618.0,158.0,135.0,-123.0
71.0,-190.0,-14.0,99.0,-61.0,96.0,760.0,-33.0,84.0,-142.0
43.0,-139.0,-13.0,94.0,-82.0,118.0,378.0,-186.0,60.0,-143.0
-18.0,-102.0,-36.0,124.0,88.0,118.0,-36.0,-277.0,46.0,-134.0
-51.0,-72.0,-7.0,114.0,9.0,123.0,-276.0,-243.0,5.0,-119.0
-81.0,-115.0,-23.0,93.0,-126.0,331.0,-143.0,-83.0,-27.0,-99.0
-110.0,-111.0,-13.0,123.0,-42.0,494.0,135.0,177.0,-26.0,-75.0
-142.0,-241.0,32.0,112.0,54.0,415.0,253.0,118.0,-39.0,-37.0
-170.0,-358.0,-20.0,44.0,7.0,298.0,206.0,51.0,-33.0,0.0
-170.0,-312.0,-32.0,40.0,-51.0,85.0,35.0,-57.0,-26.0,3.0
-177.0,-654.0,4.0,61.0,3.0,-30.0,-34.0,-79.0,-44.0,4.0
-182.0,-618.0,63.0,47.0,58.0,-171.0,28.0,134.0,-35.0,29.0
-161.0,-560.0,78.0,82.0,32.0,-313.0,-35.0,232.0,-33.0,37.0
-138.0,-726.0,116.0,55.0,14.0,-396.0,6.0,236.0,-28.0,28.0
-113.0,-449.0,108.0,12.0,-50.0,-500.0,303.0,35.0,4.0,27.0
-108.0,-292.0,79.0,17.0,-99.0,-413.0,297.0,-59.0,16.0,9.0
-92.0,-253.0,104.0,56.0,24.0,-370.0,110.0,-138.0,33.0,-3.0
-76.0,29.0,66.0,111.0,-54.0,-311.0,-48.0,-138.0,54.0,-2.0
-80.0,470.0,62.0,145.0,-94.0,-204.0,-216.0,164.0,72.0,-4.0
-68.0,518.0,50.0,146.0,151.0,-296.0,-79.0,308.0,76.0,-18.0
-66.0,441.0,12.0,93.0,82.0,-454.0,-21.0,474.0,85.0,-33.0
-38.0,613.0,45.0,90.0,-15.0,-642.0,-358.0,511.0,105.0,-35.0
-25.0,630.0,50.0,76.0,-3.0,-762.0,-732.0,563.0,93.0,-49.0
-11.0,667.0,-43.0,24.0,-59.0,-724.0,-728.0,620.0,98.0,-65.0
0.0,570.0,-27.0,-7.0,138.0,-615.0,-313.0,367.0,99.0,-89.0
6.0,253.0,-65.0,-19.0,119.0,-442.0,104.0,53.0,85.0,-89.0
7.0,-2.0,-151.0,19.0,-82.0,-256.0,83.0,-437.0,80.0,-80.0
-5.0,-39.0,-79.0,106.0,81.0,-127.0,-141.0,-591.0,69.0,-74.0
15.0,-54.0,-103.0,166.0,84.0,-49.0,74.0,-498.0,61.0,-52.0
11.0,-124.0,-66.0,135.0,-17.0,1.0,533.0,-240.0,64.0,-31.0
39.0,-38.0,-1.0,119.0,-4.0,70.0,769.0,242.0,75.0,14.0
44.0,-102.0,-26.0,109.0,-113.0,42.0,630.0,426.0,76.0,30.0
41.0,-127.0,-16.0,100.0,56.0,-98.0,339.0,498.0,95.0,31.0
16.0,-132.0,-26.0,137.0,74.0,-156.0,88.0,181.0,107.0,49.0
-20.0,-214.0,-28.0,211.0,-138.0,-59.0,-186.0,-153.0,88.0,45.0
-9.0,-262.0,-4.0,273.0,-26.0,73.0,-367.0,-297.0,88.0,24.0
-19.0,-295.0,31.0,268.0,-49.0,172.0,-428.0,-404.0,67.0,-8.0
-3.0,-177.0,-12.0,232.0,-43.0,331.0,-215.0,-210.0,45.0,-31.0
12.0,-48.0,-13.0,148.0,-11.0,346.0,268.0,-48.0,48.0,-58.0
42.0,217.0,32.0,61.0,-165.0,187.0,643.0,230.0,31.0,-90.0
37.0,327.0,19.0,-10.0,-54.0,103.0,820.0,382.0,49.0,-117.0
32.0,257.0,86.0,-76.0,25.0,15.0,693.0,399.0,65.0,-142.0
29.0,263.0,93.0,-103.0,-107.0,-66.0,343.0,376.0,60.0,-145.0
8.0,259.0,54.0,-121.0,-89.0,-152.0,235.0,109.0,60.0,-144.0
12.0,220.0,44.0,-107.0,-76.0,-148.0,183.0,-5.0,51.0,-130.0
6.0,147.0,2.0,-60.0,-39.0,143.0,-70.0,-123.0,53.0,-126.0
26.0,286.0,17.0,-49.0,24.0,475.0,-394.0,-110.0,42.0,-149.0
25.0,354.0,36.0,-93.0,-118.0,550.0,-511.0,36.0,36.0,-139.0
20.0,511.0,27.0,-124.0,-76.0,301.0,-210.0,192.0,37.0,-105.0
20.0,762.0,28.0,-100.0,56.0,45.0,-97.0,352.0,25.0,-112.0
30.0,702.0,31.0,-51.0,-11.0,-90.0,-233.0,133.0,16.0,-160.0
32.0,533.0,12.0,-3.0,48.0,-182.0,-37.0,-81.0,14.0,-184.0
47.0,284.0,-19.0,88.0,102.0,-185.0,219.0,-279.0,3.0,-189.0
54.0,98.0,-60.0,210.0,4.0,-193.0,166.0,-328.0,-5.0,-223.0
61.0,1.0,-93.0,275.0,-6.0,-241.0,-77.0,-182.0,-16.0,-260.0
62.0,-95.0,-66.0,274.0,-72.0,-389.0,-355.0,-166.0,-30.0,-286.0
35.0,-215.0,-72.0,217.0,-77.0,-345.0,-577.0,-44.0,-18.0,-291.0
33.0,-339.0,-51.0,132.0,61.0,-105.0,-450.0,55.0,-9.0,-284.0
-4.0,-264.0,-15.0,25.0,36.0,-43.0,-196.0,315.0,-5.0,-273.0
-22.0,-49.0,-60.0,-1.0,62.0,-98.0,-186.0,437.0,7.0,-263.0
-45.0,169.0,-4.0,34.0,49.0,-226.0,-115.0,354.0,14.0,-266.0
-49.0,290.0,-22.0,-12.0,-43.0,-219.0,-82.0,334.0,29.0,-279.0
-70.0,347.0,-37.0,-35.0,65.0,-121.0,-210.0,48.0,60.0,-284.0
-114.0,593.0,37.0,-43.0,-19.0,-37.0,-86.0,-242.0,59.0,-276.0
-137.0,731.0,-19.0,-65.0,-88.0,69.0,253.0,-591.0,45.0,-286.0
-152.0,482.0,29.0,-36.0,99.0,38.0,386.0,-709.0,63.0,-276.0
-134.0,273.0,41.0,0.0,20.0,87.0,232.0,-493.0,55.0,-234.0
-128.0,185.0,-5.0,31.0,-42.0,256.0,196.0,-238.0,36.0,-166.0
-99.0,7.0,9.0,69.0,65.0,360.0,308.0,-3.0,28.0,-110.0
-98.0,-18.0,-28.0,91.0,-21.0,392.0,151.0,-97.0,0.0,-75.0
-81.0,-36.0,-103.0,95.0,-50.0,448.0,42.0,-160.0,-2.0,-26.0
-57.0,-186.0,-84.0,116.0,2.0,524.0,84.0,-245.0,-1.0,11.0
-53.0,-253.0,-74.0,98.0,-143.0,456.0,24.0,-279.0,-19.0,24.0
-49.0,-455.0,-162.0,114.0,-63.0,266.0,-23.0,-97.0,-22.0,3.0
-48.0,-768.0,-81.0,128.0,113.0,154.0,17.0,35.0,-30.0,-12.0
-28.0,-869.0,-125.0,134.0,-129.0,211.0,15.0,205.0,-37.0,-26.0
-32.0,-749.0,-177.0,175.0,-62.0,202.0,-85.0,118.0,-52.0,-59.0
-8.0,-648.0,-88.0,124.0,121.0,149.0,270.0,166.0,-54.0,-78.0
4.0,-473.0,-113.0,90.0,26.0,228.0,595.0,363.0,-63.0,-88.0
18.0,-346.0,-87.0,91.0,113.0,387.0,472.0,447.0,-80.0,-104.0
8.0,-481.0,-55.0,54.0,-23.0,517.0,453.0,532.0,-56.0,-113.0
12.0,-406.0,-60.0,6.0,-17.0,352.0,339.0,249.0,-52.0,-99.0
35.0,-112.0,-15.0,22.0,214.0,85.0,0.0,3.0,-43.0,-89.0
37.0,109.0,18.0,67.0,41.0,175.0,-359.0,-273.0,-20.0,-89.0
38.0,161.0,44.0,71.0,-4.0,369.0,-496.0,-487.0,-25.0,-94.0
13.0,98.0,105.0,48.0,86.0,340.0,-577.0,-332.0,-40.0,-98.0
23.0,73.0,54.0,61.0,26.0,155.0,-531.0,-151.0,-45.0,-114.0
3.0,-66.0,44.0,73.0,79.0,2.0,-375.0,160.0,-43.0,-134.0
-11.0,-196.0,72.0,22.0,25.0,83.0,-382.0,208.0,-46.0,-141.0
-24.0,-269.0,26.0,66.0,-6.0,235.0,-337.0,129.0,-40.0,-143.0
-46.0,-403.0,35.0,127.0,184.0,302.0,-385.0,59.0,-53.0,-154.0
-58.0,-109.0,56.0,157.0,41.0,239.0,-534.0,-72.0,-29.0,-186.0
-70.0,500.0,43.0,179.0,-92.0,207.0,-702.0,-114.0,-15.0,-176.0
-50.0,777.0,11.0,204.0,94.0,440.0,-692.0,-282.0,-32.0,-166.0
-39.0,813.0,19.0,246.0,95.0,642.0,-493.0,-175.0,-23.0,-176.0
-26.0,806.0,0.0,265.0,30.0,605.0,-463.0,-94.0,-20.0,-156.0
-27.0,464.0,-12.0,294.0,-91.0,397.0,-561.0,-116.0,-15.0,-126.0
-17.0,40.0,-34.0,271.0,-123.0,228.0,-663.0,-31.0,-37.0,-97.0
-2.0,-61.0,-37.0,219.0,-24.0,344.0,-421.0,-114.0,-28.0,-70.0
10.0,-81.0,-41.0,132.0,-137.0,473.0,325.0,-121.0,-30.0,-32.0
5.0,-23.0,-51.0,71.0,-117.0,385.0,917.0,-177.0,-51.0,-23.0
-1.0,15.0,28.0,37.0,-107.0,348.0,831.0,-206.0,-40.0,-23.0
3.0,-75.0,20.0,10.0,-157.0,428.0,471.0,-288.0,-51.0,-5.0
12.0,-179.0,18.0,27.0,52.0,538.0,215.0,-310.0,-57.0,18.0
21.0,-79.0,61.0,-13.0,-94.0,474.0,104.0,-182.0,-80.0,35.0
23.0,-203.0,73.0,-39.0,-283.0,261.0,50.0,-240.0,-93.0,24.0
46.0,-522.0,107.0,-43.0,17.0,269.0,-207.0,-184.0,-82.0,26.0
44.0,-530.0,144.0,-8.0,-54.0,281.0,-362.0,-166.0,-75.0,44.0
31.0,-590.0,147.0,84.0,-217.0,189.0,34.0,-114.0,-76.0,61.0
-4.0,-490.0,122.0,166.0,-114.0,148.0,520.0,-33.0,-90.0,61.0
-18.0,-515.0,145.0,230.0,-108.0,180.0,607.0,-33.0,-61.0,74.0
-15.0,-671.0,129.0,211.0,80.0,319.0,398.0,147.0,-11.0,97.0
-18.0,-770.0,99.0,152.0,73.0,332.0,29.0,131.0,25.0,99.0
-15.0,-845.0,133.0,112.0,-117.0,286.0,-321.0,0.0,45.0,98.0
-31.0,-666.0,85.0,122.0,103.0,256.0,-636.0,-151.0,64.0,109.0
-43.0,-499.0,39.0,148.0,147.0,195.0,-820.0,-208.0,91.0,103.0
-67.0,-32.0,32.0,152.0,-59.0,125.0,-669.0,-129.0,108.0,40.0
-80.0,328.0,-35.0,173.0,89.0,91.0,-392.0,-136.0,111.0,-2.0
-86.0,560.0,-9.0,148.0,42.0,188.0,-297.0,62.0,104.0,-21.0
-72.0,880.0,17.0,128.0,56.0,197.0,-434.0,140.0,102.0,-66.0
-85.0,932.0,11.0,149.0,230.0,174.0,-468.0,153.0,98.0,-120.0
-94.0,976.0,35.0,131.0,53.0,208.0,-141.0,151.0,81.0,-130.0
-107.0,846.0,8.0,96.0,140.0,308.0,208.0,35.0,44.0,-104.0
-125.0,600.0,19.0,64.0,279.0,423.0,74.0,-1.0,3.0,-108.0
-132.0,531.0,41.0,4.0,111.0,388.0,-249.0,-251.0,-40.0,-89.0
-162.0,704.0,5.0,-86.0,-96.0,360.0,-365.0,-308.0,-84.0,-38.0
-147.0,898.0,44.0,-106.0,-33.0,362.0,-416.0,-256.0,-95.0,20.0
-133.0,996.0,104.0,-59.0,150.0,383.0,-304.0,-134.0,-118.0,52.0
-102.0,1013.0,77.0,-60.0,104.0,443.0,-101.0,66.0,-148.0,73.0
-89.0,656.0,100.0,-69.0,-131.0,563.0,-48.0,20.0,-141.0,97.0
-56.0,217.0,85.0,-69.0,-92.0,652.0,57.0,97.0,-152.0,86.0
-1.0,-123.0,44.0,-72.0,181.0,597.0,296.0,-7.0,-145.0,75.0
14.0,-548.0,59.0,-91.0,63.0,580.0,392.0,-127.0,-143.0,82.0
14.0,-907.0,38.0,-76.0,-81.0,816.0,312.0,-83.0,-161.0,93.0
0.0,-1132.0,31.0,-16.0,-178.0,973.0,225.0,49.0,-148.0,68.0
22.0,-1413.0,21.0,13.0,-72.0,730.0,250.0,171.0,-151.0,41.0
16.0,-1606.0,-1.0,31.0,24.0,525.0,264.0,-31.0,-132.0,48.0
16.0,-1523.0,-20.0,59.0,-212.0,488.0,67.0,-44.0,-119.0,31.0
24.0,-1559.0,15.0,94.0,-120.0,614.0,-248.0,-109.0,-107.0,-12.0
27.0,-1533.0,10.0,128.0,0.0,730.0,-562.0,-94.0,-74.0,-38.0
23.0,-1184.0,-34.0,116.0,-37.0,689.0,-603.0,118.0,-49.0,-59.0
-4.0,-599.0,17.0,91.0,-21.0,672.0,-344.0,38.0,3.0,-123.0
-2.0,-46.0,19.0,44.0,-134.0,541.0,-124.0,-44.0,40.0,-159.0
12.0,384.0,48.0,-27.0,-95.0,538.0,-180.0,-232.0,58.0,-149.0
30.0,1194.0,82.0,-63.0,106.0,655.0,-489.0,-260.0,89.0,-151.0
33.0,1524.0,63.0,-132.0,15.0,662.0,-741.0,-125.0,130.0,-151.0
48.0,1230.0,123.0,-156.0,-97.0,461.0,-636.0,-24.0,150.0,-134.0
27.0,1454.0,111.0,-117.0,20.0,246.0,-238.0,97.0,148.0,-93.0
1.0,1603.0,116.0,-69.0,138.0,396.0,-93.0,-7.0,146.0,-80.0
0.0,1443.0,160.0,6.0,57.0,407.0,-104.0,-20.0,144.0,-83.0
17.0,1511.0,98.0,70.0,-58.0,229.0,95.0,-171.0,161.0,-54.0
57.0,1354.0,92.0,124.0,15.0,95.0,140.0,-341.0,159.0,-7.0
63.0,780.0,80.0,141.0,119.0,94.0,-58.0,-345.0,146.0,23.0
69.0,193.0,40.0,167.0,159.0,217.0,-107.0,-439.0,141.0,49.0
69.0,-438.0,50.0,169.0,29.0,118.0,134.0,-317.0,112.0,102.0
54.0,-1117.0,15.0,128.0,102.0,106.0,306.0,-280.0,94.0,132.0
38.0,-1461.0,32.0,83.0,232.0,254.0,193.0,-179.0,72.0,163.0
37.0,-1605.0,52.0,40.0,143.0,435.0,0.0,5.0,39.0,224.0
42.0,-1663.0,9.0,70.0,77.0,563.0,-60.0,88.0,8.0,279.0
64.0,-1452.0,37.0,102.0,40.0,513.0,-134.0,188.0,-28.0,292.0
76.0,-1154.0,28.0,68.0,47.0,440.0,-378.0,92.0,-71.0,270.0
87.0,-1017.0,-9.0,47.0,-51.0,350.0,-645.0,127.0,-113.0,263.0
129.0,-1023.0,58.0,6.0,-64.0,407.0,-751.0,169.0,-140.0,232.0
140.0,-950.0,65.0,-60.0,-163.0,482.0,-545.0,236.0,-164.0,172.0
144.0,-575.0,28.0,-116.0,-168.0,354.0,-178.0,290.0,-159.0,114.0
118.0,-9.0,60.0,-171.0,11.0,202.0,248.0,145.0,-149.0,51.0
108.0,256.0,63.0,-156.0,-103.0,233.0,737.0,77.0,-142.0,-14.0
117.0,342.0,46.0,-126.0,-195.0,365.0,991.0,-140.0,-105.0,-69.0
113.0,548.0,82.0,-88.0,-52.0,217.0,922.0,-290.0,-99.0,-101.0
85.0,742.0,96.0,-31.0,60.0,-11.0,662.0,-439.0,-90.0,-105.0
59.0,831.0,69.0,24.0,-69.0,-99.0,146.0,-497.0,-77.0,-98.0
60.0,749.0,74.0,95.0,-119.0,2.0,-411.0,-256.0,-91.0,-93.0
14.0,994.0,60.0,137.0,-38.0,211.0,-508.0,-155.0,-94.0,-51.0
-2.0,1180.0,57.0,186.0,119.0,157.0,-222.0,-29.0,-102.0,12.0
-10.0,944.0,47.0,211.0,82.0,76.0,-186.0,-35.0,-118.0,52.0
-9.0,913.0,1.0,218.0,-67.0,207.0,-359.0,-97.0,-117.0,82.0
15.0,736.0,-12.0,221.0,29.0,363.0,-283.0,-92.0,-118.0,135.0
21.0,600.0,40.0,205.0,38.0,361.0,-164.0,-92.0,-121.0,169.0
29.0,515.0,53.0,176.0,111.0,335.0,-143.0,-44.0,-130.0,168.0
21.0,229.0,38.0,128.0,-20.0,366.0,-195.0,-125.0,-135.0,172.0
7.0,-186.0,78.0,83.0,-166.0,419.0,-286.0,-44.0,-110.0,157.0
-3.0,-637.0,62.0,3.0,8.0,481.0,-480.0,-94.0,-103.0,141.0
3.0,-774.0,111.0,-76.0,9.0,382.0,-853.0,-230.0,-110.0,123.0
4.0,-970.0,55.0,-120.0,-78.0,352.0,-1070.0,-144.0,-92.0,106.0
10.0,-841.0,33.0,-103.0,-48.0,356.0,-977.0,-112.0,-70.0,86.0
22.0,-554.0,102.0,-48.0,2.0,250.0,-542.0,-27.0,-56.0,54.0
23.0,-454.0,21.0,-5.0,38.0,230.0,-3.0,-7.0,-29.0,53.0
13.0,-248.0,79.0,19.0,52.0,183.0,356.0,118.0,9.0,60.0
41.0,93.0,72.0,45.0,-105.0,172.0,529.0,175.0,13.0,74.0
67.0,489.0,64.0,51.0,19.0,146.0,576.0,73.0,28.0,73.0
74.0,446.0,97.0,3.0,135.0,85.0,628.0,144.0,44.0,49.0
78.0,295.0,58.0,-48.0,-124.0,169.0,592.0,88.0,43.0,52.0
66.0,140.0,75.0,-127.0,-61.0,181.0,370.0,116.0,69.0,42.0
77.0,105.0,94.0,-155.0,55.0,256.0,-84.0,88.0,70.0,5.0
24.0,191.0,128.0,-72.0,-19.0,324.0,-467.0,68.0,82.0,-30.0
0.0,172.0,119.0,3.0,3.0,152.0,-487.0,155.0,93.0,-63.0
-2.0,298.0,130.0,67.0,-17.0,-121.0,-282.0,75.0,90.0,-100.0
21.0,390.0,95.0,119.0,-53.0,-262.0,123.0,64.0,109.0,-131.0
42.0,301.0,93.0,118.0,108.0,-70.0,446.0,-92.0,106.0,-132.0
29.0,-21.0,110.0,81.0,54.0,4.0,324.0,-149.0,94.0,-126.0
43.0,-38.0,96.0,23.0,-112.0,-45.0,-49.0,-112.0,77.0,-124.0
34.0,59.0,134.0,-3.0,86.0,-98.0,-367.0,-158.0,46.0,-92.0
47.0,-192.0,119.0,-13.0,138.0,-160.0,-653.0,-138.0,14.0,-52.0
8.0,-203.0,134.0,-17.0,-115.0,-79.0,-928.0,-182.0,-33.0,-26.0
12.0,-158.0,144.0,-34.0,-153.0,-22.0,-995.0,-3.0,-90.0,-3.0
16.0,-202.0,141.0,-83.0,-83.0,110.0,-621.0,75.0,-125.0,24.0
9.0,-218.0,104.0,-122.0,-147.0,12.0,104.0,-11.0,-156.0,57.0
3.0,-532.0,108.0,-125.0,-57.0,-262.0,764.0,-120.0,-181.0,92.0
-21.0,-871.0,156.0,-112.0,-116.0,-293.0,1043.0,-266.0,-192.0,142.0
-25.0,-831.0,119.0,-127.0,-208.0,-87.0,776.0,-155.0,-197.0,202.0
-49.0,-605.0,104.0,-154.0,90.0,95.0,235.0,-171.0,-185.0,284.0
-19.0,-491.0,77.0,-179.0,29.0,-121.0,-177.0,-184.0,-181.0,356.0
-18.0,-281.0,74.0,-176.0,-154.0,-310.0,-427.0,-230.0,-178.0,407.0
20.0,29.0,76.0,-187.0,93.0,-228.0,-493.0,-338.0,-151.0,439.0
34.0,208.0,56.0,-224.0,121.0,-78.0,-195.0,-175.0,-139.0,427.0
47.0,379.0,102.0,-244.0,-3.0,-104.0,341.0,-179.0,-133.0,391.0
51.0,316.0,113.0,-252.0,74.0,-290.0,546.0,-88.0,-99.0,329.0
25.0,307.0,97.0,-247.0,1.0,-323.0,225.0,68.0,-82.0,265.0
45.0,376.0,105.0,-226.0,12.0,-349.0,-283.0,42.0,-76.0,202.0
24.0,405.0,86.0,-155.0,173.0,-267.0,-665.0,-73.0,-39.0,127.0
52.0,618.0,70.0,-104.0,-13.0,-196.0,-816.0,-264.0,-26.0,60.0
45.0,733.0,61.0,-63.0,-51.0,-259.0,-796.0,-195.0,-29.0,-18.0
60.0,885.0,39.0,-25.0,123.0,-327.0,-738.0,-138.0,-19.0,-103.0
61.0,775.0,19.0,-56.0,52.0,-474.0,-687.0,-27.0,-26.0,-160.0
45.0,686.0,50.0,-94.0,-23.0,-505.0,-631.0,-11.0,-20.0,-200.0
28.0,791.0,20.0,-108.0,-6.0,-394.0,-583.0,-144.0,-6.0,-243.0
-25.0,558.0,-39.0,-71.0,-33.0,-99.0,-495.0,-97.0,-18.0,-265.0
-49.0,577.0,10.0,-38.0,-38.0,87.0,-234.0,-179.0,-29.0,-261.0
-81.0,790.0,-68.0,-3.0,68.0,-117.0,431.0,-131.0,-26.0,-233.0
-76.0,652.0,-89.0,31.0,-82.0,-335.0,1062.0,-38.0,-19.0,-201.0
-110.0,355.0,-27.0,41.0,-135.0,-319.0,1011.0,24.0,-37.0,-179.0
-113.0,130.0,-82.0,74.0,127.0,-137.0,476.0,46.0,-41.0,-156.0
-133.0,-283.0,-26.0,70.0,-56.0,-112.0,-32.0,-60.0,-53.0,-124.0
-146.0,-769.0,-55.0,69.0,-237.0,-277.0,-195.0,-60.0,-67.0,-65.0
-148.0,-886.0,-85.0,16.0,44.0,-404.0,-197.0,-169.0,-60.0,-10.0
-168.0,-1244.0,3.0,-41.0,40.0,-261.0,-195.0,-125.0,-106.0,18.0
-129.0,-1865.0,-10.0,-24.0,-95.0,39.0,-81.0,-18.0,-120.0,47.0
-119.0,-1814.0,-46.0,-40.0,60.0,131.0,235.0,9.0,-110.0,83.0
-63.0,-1598.0,0.0,-48.0,-56.0,17.0,564.0,-5.0,-128.0,119.0
-32.0,-1740.0,-17.0,-79.0,-72.0,-72.0,512.0,-142.0,-110.0,131.0
13.0,-1466.0,-45.0,-96.0,178.0,14.0,334.0,-70.0,-92.0,121.0
45.0,-1066.0,-33.0,-88.0,3.0,84.0,261.0,-24.0,-88.0,119.0
43.0,-730.0,-60.0,-104.0,-17.0,16.0,133.0,96.0,-88.0,136.0
68.0,36.0,-6.0,-87.0,151.0,-14.0,-82.0,138.0,-68.0,134.0
72.0,604.0,-39.0,-89.0,36.0,15.0,-319.0,0.0,-45.0,106.0
92.0,942.0,-29.0,-107.0,25.0,-59.0,-495.0,73.0,-40.0,103.0
85.0,1118.0,24.0,-138.0,77.0,-192.0,-571.0,57.0,-31.0,132.0
115.0,1037.0,16.0,-178.0,75.0,-185.0,-366.0,33.0,-22.0,162.0
106.0,984.0,82.0,-228.0,124.0,-84.0,-77.0,-72.0,-4.0,181.0
121.0,960.0,68.0,-240.0,132.0,-96.0,-34.0,-208.0,9.0,167.0
127.0,1145.0,24.0,-198.0,30.0,-283.0,-37.0,-219.0,27.0,160.0
98.0,1282.0,54.0,-161.0,39.0,-464.0,18.0,-223.0,24.0,172.0
80.0,1299.0,28.0,-91.0,156.0,-492.0,40.0,-164.0,26.0,146.0
29.0,1264.0,23.0,-37.0,22.0,-427.0,16.0,-273.0,32.0,110.0
21.0,1086.0,76.0,29.0,-93.0,-369.0,15.0,-123.0,7.0,67.0
1.0,905.0,8.0,69.0,84.0,-374.0,53.0,94.0,-16.0,18.0
7.0,461.0,0.0,37.0,130.0,-459.0,71.0,118.0,-41.0,-8.0
1.0,-104.0,-5.0,0.0,-101.0,-458.0,67.0,195.0,-72.0,4.0
1.0,-715.0,-82.0,-34.0,-128.0,-365.0,-11.0,25.0,-115.0,12.0
-16.0,-1304.0,-68.0,-20.0,-17.0,-347.0,-141.0,-22.0,-141.0,0.0
-44.0,-1388.0,-80.0,-6.0,-127.0,-359.0,-137.0,-177.0,-168.0,23.0
-19.0,-1403.0,-133.0,-1.0,-181.0,-379.0,-1.0,-384.0,-194.0,60.0
-27.0,-1325.0,-130.0,11.0,-191.0,-272.0,-21.0,-275.0,-192.0,95.0
-20.0,-1265.0,-125.0,-27.0,-195.0,-214.0,-208.0,-195.0,-194.0,107.0
0.0,-1283.0,-157.0,-110.0,-106.0,-373.0,-320.0,-77.0,-168.0,123.0
31.0,-932.0,-140.0,-148.0,-81.0,-381.0,-264.0,-86.0,-140.0,153.0
61.0,-570.0,-116.0,-136.0,-66.0,-227.0,37.0,-22.0,-130.0,139.0
85.0,-292.0,-103.0,-133.0,-23.0,-131.0,466.0,-53.0,-111.0,125.0
78.0,-147.0,-62.0,-127.0,70.0,-251.0,855.0,-145.0,-102.0,116.0
79.0,91.0,-65.0,-152.0,68.0,-357.0,1070.0,31.0,-80.0,112.0
74.0,173.0,-90.0,-226.0,-63.0,-179.0,962.0,51.0,-37.0,130.0
90.0,135.0,-18.0,-318.0,-28.0,-77.0,656.0,125.0,-13.0,163.0
112.0,352.0,-33.0,-387.0,101.0,-155.0,306.0,171.0,6.0,204.0
127.0,489.0,-77.0,-362.0,75.0,-204.0,74.0,186.0,37.0,234.0
156.0,602.0,-30.0,-301.0,-35.0,-169.0,-76.0,155.0,54.0,279.0
121.0,734.0,-31.0,-299.0,-49.0,-148.0,-234.0,-36.0,60.0,313.0
119.0,981.0,16.0,-301.0,98.0,-233.0,-274.0,-60.0,65.0,316.0
97.0,1120.0,57.0,-255.0,176.0,-212.0,-197.0,-107.0,80.0,304.0
76.0,755.0,75.0,-183.0,6.0,-120.0,-81.0,-62.0,82.0,275.0
47.0,348.0,8.0,-123.0,-2.0,-173.0,-76.0,-31.0,60.0,247.0
34.0,237.0,-26.0,-49.0,114.0,-316.0,-137.0,-60.0,36.0,190.0
34.0,-265.0,-23.0,10.0,100.0,-493.0,-326.0,18.0,11.0,109.0
32.0,-454.0,-78.0,20.0,108.0,-503.0,-494.0,57.0,-20.0,63.0
40.0,-220.0,-45.0,52.0,31.0,-411.0,-366.0,127.0,-32.0,59.0
-6.0,-485.0,-59.0,75.0,22.0,-376.0,-149.0,1.0,-21.0,41.0
-10.0,-426.0,-39.0,16.0,128.0,-394.0,257.0,-101.0,-15.0,0.0
-61.0,-224.0,-30.0,-65.0,-6.0,-467.0,545.0,-179.0,-14.0,-2.0
-71.0,-324.0,-30.0,-94.0,-88.0,-359.0,514.0,-277.0,6.0,0.0
-69.0,-465.0,18.0,-107.0,-48.0,-244.0,609.0,-133.0,34.0,6.0
-83.0,-457.0,8.0,-83.0,-83.0,-242.0,777.0,-120.0,37.0,23.0
-85.0,-327.0,1.0,-33.0,25.0,-295.0,857.0,-33.0,53.0,18.0
-100.0,-364.0,25.0,15.0,-128.0,-277.0,768.0,25.0,60.0,3.0
-67.0,-360.0,31.0,23.0,-178.0,-21.0,664.0,31.0,48.0,-6.0
-77.0,-208.0,-17.0,-21.0,142.0,188.0,481.0,60.0,62.0,14.0
-46.0,-14.0,0.0,-46.0,28.0,111.0,3.0,-27.0,55.0,18.0
-50.0,141.0,35.0,-137.0,-12.0,-235.0,-383.0,53.0,57.0,6.0
-47.0,-6.0,48.0,-168.0,98.0,-423.0,-510.0,-46.0,73.0,-6.0
-27.0,-47.0,34.0,-107.0,72.0,-381.0,-391.0,-46.0,69.0,-8.0
-33.0,338.0,37.0,-103.0,114.0,-243.0,7.0,33.0,88.0,-13.0
0.0,453.0,67.0,-84.0,82.0,-185.0,374.0,-14.0,104.0,-65.0
0.0,667.0,54.0,-59.0,77.0,-359.0,571.0,68.0,96.0,-123.0
11.0,1076.0,83.0,-13.0,62.0,-374.0,730.0,-49.0,75.0,-173.0
9.0,1026.0,117.0,35.0,134.0,-232.0,761.0,-14.0,48.0,-179.0
22.0,850.0,79.0,41.0,57.0,-127.0,694.0,14.0,26.0,-181.0
31.0,783.0,5.0,23.0,-39.0,-149.0,574.0,11.0,11.0,-205.0
18.0,506.0,13.0,0.0,74.0,-188.0,266.0,138.0,0.0,-201.0
13.0,273.0,-25.0,3.0,-10.0,-210.0,20.0,201.0,-9.0,-186.0
-2.0,342.0,8.0,3.0,-99.0,-233.0,-243.0,328.0,-9.0,-153.0
-1.0,178.0,76.0,-24.0,-126.0,-265.0,-589.0,144.0,-14.0,-131.0
-19.0,-52.0,-16.0,-51.0,56.0,-342.0,-520.0,-35.0,-25.0,-145.0
-17.0,-125.0,44.0,-112.0,167.0,-231.0,-223.0,-158.0,-28.0,-161.0
-28.0,-341.0,0.0,-197.0,43.0,-98.0,-34.0,-269.0,-16.0,-157.0
-40.0,-567.0,-63.0,-253.0,-27.0,-27.0,-120.0,-109.0,-20.0,-137.0
-19.0,-621.0,-17.0,-282.0,-119.0,-80.0,-389.0,-105.0,-21.0,-136.0
0.0,-718.0,-89.0,-294.0,76.0,-181.0,-279.0,-73.0,-22.0,-137.0
10.0,-622.0,-104.0,-289.0,28.0,-43.0,52.0,-105.0,-59.0,-107.0
-9.0,-233.0,-84.0,-237.0,-223.0,68.0,202.0,-79.0,-80.0,-60.0
-18.0,119.0,-116.0,-179.0,-79.0,-69.0,266.0,51.0,-101.0,-2.0
-29.0,476.0,-131.0,-90.0,20.0,-289.0,265.0,-11.0,-106.0,40.0
-10.0,546.0,-48.0,-25.0,-20.0,-250.0,160.0,62.0,-98.0,68.0
-6.0,313.0,-105.0,-41.0,24.0,-9.0,185.0,16.0,-84.0,112.0
5.0,138.0,-78.0,-79.0,125.0,15.0,372.0,-40.0,-70.0,138.0
24.0,55.0,-34.0,-166.0,138.0,-201.0,503.0,-44.0,-63.0,152.0
28.0,-79.0,-122.0,-208.0,178.0,-221.0,509.0,-90.0,-21.0,140.0
64.0,-263.0,-62.0,-198.0,73.0,-47.0,475.0,-55.0,7.0,113.0
57.0,-367.0,-125.0,-158.0,-93.0,111.0,461.0,-110.0,45.0,95.0
68.0,-365.0,-132.0,-102.0,109.0,121.0,369.0,-27.0,71.0,83.0
55.0,-492.0,-87.0,-63.0,166.0,-100.0,212.0,-81.0,83.0,71.0
67.0,-558.0,-136.0,-27.0,-59.0,-183.0,-48.0,-53.0,109.0,59.0
66.0,-171.0,-84.0,-51.0,-76.0,-181.0,-358.0,22.0,110.0,60.0
51.0,28.0,-79.0,-102.0,23.0,-93.0,-484.0,-186.0,122.0,58.0
77.0,-28.0,-126.0,-123.0,44.0,-83.0,-309.0,-107.0,128.0,68.0
62.0,180.0,-109.0,-131.0,-28.0,-231.0,82.0,-73.0,138.0,49.0
64.0,300.0,-103.0,-151.0,-75.0,-133.0,331.0,-68.0,132.0,51.0
33.0,283.0,-178.0,-148.0,-98.0,84.0,166.0,5.0,113.0,95.0
40.0,371.0,-164.0,-138.0,-47.0,180.0,-293.0,77.0,105.0,101.0
9.0,365.0,-163.0,-129.0,-40.0,-86.0,-363.0,179.0,78.0,104.0
-34.0,201.0,-216.0,-126.0,-168.0,-277.0,119.0,73.0,53.0,96.0
-60.0,213.0,-133.0,-93.0,11.0,-260.0,439.0,40.0,32.0,95.0
-89.0,429.0,-139.0,-30.0,100.0,-304.0,197.0,-92.0,20.0,107.0
-92.0,344.0,-129.0,0.0,-69.0,-283.0,-279.0,-97.0,7.0,99.0
-111.0,369.0,-55.0,23.0,-64.0,-353.0,-380.0,-38.0,-8.0,104.0
-81.0,511.0,-82.0,-17.0,-76.0,-319.0,-143.0,-101.0,-22.0,111.0
-106.0,330.0,-17.0,-95.0,-20.0,-298.0,92.0,-18.0,-31.0,117.0
-105.0,142.0,21.0,-148.0,58.0,-277.0,304.0,-151.0,-6.0,126.0
-93.0,-191.0,-33.0,-139.0,-126.0,-256.0,671.0,-201.0,18.0,111.0
-88.0,-210.0,11.0,-132.0,-187.0,-406.0,1125.0,-205.0,21.0,67.0
-54.0,-117.0,92.0,-148.0,91.0,-361.0,1394.0,-216.0,30.0,27.0
-50.0,-411.0,55.0,-77.0,135.0,-191.0,1288.0,-60.0,44.0,10.0
-21.0,-413.0,36.0,-73.0,-2.0,-40.0,715.0,60.0,40.0,11.0
4.0,-231.0,107.0,-121.0,46.0,-68.0,62.0,238.0,23.0,10.0
47.0,-148.0,99.0,-123.0,85.0,-108.0,-316.0,153.0,27.0,-7.0
77.0,-59.0,69.0,-124.0,134.0,44.0,-398.0,79.0,40.0,-5.0
90.0,-95.0,52.0,-79.0,77.0,58.0,-633.0,103.0,41.0,38.0
109.0,-101.0,18.0,-32.0,-28.0,-130.0,-981.0,68.0,63.0,54.0
126.0,-89.0,68.0,-14.0,112.0,-242.0,-608.0,177.0,62.0,29.0
112.0,-138.0,69.0,-6.0,171.0,-185.0,-36.0,131.0,53.0,33.0
90.0,-164.0,2.0,-33.0,97.0,-189.0,35.0,101.0,45.0,56.0
74.0,-366.0,31.0,-111.0,15.0,-103.0,113.0,31.0,25.0,50.0
89.0,-420.0,4.0,-189.0,-85.0,-75.0,68.0,-75.0,30.0,52.0
84.0,-312.0,-20.0,-256.0,27.0,-81.0,-359.0,-197.0,5.0,56.0
55.0,-232.0,-58.0,-303.0,-72.0,-22.0,-749.0,-376.0,7.0,40.0
39.0,-222.0,-122.0,-281.0,-319.0,-132.0,-804.0,-288.0,12.0,25.0
4.0,-153.0,-88.0,-245.0,-198.0,-179.0,-423.0,-299.0,-8.0,-2.0
1.0,-48.0,-74.0,-197.0,-49.0,-150.0,206.0,-136.0,-7.0,-10.0
-34.0,-115.0,-106.0,-170.0,-27.0,-1.0,506.0,112.0,-27.0,-33.0
-40.0,-115.0,-133.0,-141.0,-130.0,125.0,397.0,123.0,-30.0,-89.0
-51.0,-264.0,-60.0,-104.0,-144.0,59.0,338.0,212.0,-20.0,-96.0
-76.0,-350.0,-50.0,-44.0,-49.0,-47.0,265.0,205.0,-23.0,-93.0
-89.0,-173.0,-89.0,44.0,30.0,-67.0,336.0,144.0,-26.0,-125.0
-94.0,188.0,-52.0,44.0,-25.0,-16.0,298.0,-121.0,-20.0,-163.0
-59.0,243.0,-39.0,28.0,-92.0,8.0,37.0,-238.0,-24.0,-166.0
-38.0,406.0,-22.0,2.0,138.0,-14.0,-20.0,-166.0,-32.0,-148.0
-17.0,909.0,3.0,-52.0,138.0,-64.0,-367.0,-240.0,-32.0,-157.0
-24.0,536.0,13.0,-62.0,62.0,-21.0,-662.0,-147.0,-27.0,-155.0
1.0,350.0,-3.0,-96.0,155.0,22.0,-421.0,-155.0,-20.0,-140.0
-12.0,474.0,-30.0,-107.0,155.0,181.0,357.0,-92.0,-36.0,-126.0
-14.0,186.0,-24.0,-36.0,153.0,288.0,862.0,-5.0,-41.0,-95.0
-6.0,62.0,-10.0,34.0,78.0,191.0,624.0,-42.0,-29.0,-31.0
-15.0,-126.0,-32.0,93.0,-80.0,108.0,837.0,49.0,-10.0,23.0
-2.0,-276.0,28.0,112.0,-53.0,144.0,1158.0,55.0,16.0,43.0
-6.0,-248.0,14.0,107.0,106.0,327.0,1019.0,133.0,30.0,106.0
47.0,-148.0,-35.0,110.0,28.0,302.0,755.0,112.0,35.0,176.0
43.0,-252.0,19.0,85.0,17.0,343.0,565.0,68.0,39.0,214.0
61.0,-462.0,11.0,83.0,107.0,457.0,440.0,155.0,31.0,232.0
60.0,-317.0,12.0,73.0,76.0,370.0,177.0,120.0,33.0,251.0
36.0,-168.0,0.0,50.0,13.0,402.0,-21.0,136.0,42.0,270.0
39.0,18.0,-50.0,26.0,-142.0,429.0,20.0,9.0,35.0,256.0
13.0,105.0,-58.0,0.0,-110.0,455.0,73.0,-36.0,45.0,228.0
30.0,83.0,17.0,-13.0,21.0,342.0,-138.0,-18.0,50.0,175.0
-10.0,516.0,-4.0,-64.0,-136.0,158.0,-398.0,-120.0,53.0,127.0
-56.0,689.0,29.0,-143.0,-168.0,135.0,-674.0,-118.0,67.0,67.0
-91.0,445.0,43.0,-200.0,-5.0,147.0,-928.0,-145.0,71.0,10.0
-114.0,399.0,-56.0,-198.0,-79.0,208.0,-1125.0,12.0,76.0,-14.0
-110.0,326.0,24.0,-166.0,-57.0,295.0,-1160.0,79.0,54.0,-42.0
-110.0,255.0,-37.0,-99.0,-116.0,462.0,-892.0,59.0,46.0,-46.0
-93.0,268.0,-39.0,-45.0,-229.0,447.0,-526.0,33.0,70.0,-52.0
-83.0,-46.0,22.0,-40.0,-8.0,319.0,43.0,-57.0,79.0,-64.0
-84.0,-365.0,-60.0,-53.0,-65.0,266.0,422.0,29.0,88.0,-67.0
-106.0,-233.0,-13.0,-81.0,-65.0,279.0,655.0,-109.0,83.0,-46.0
-117.0,-128.0,58.0,-23.0,103.0,322.0,1156.0,-140.0,81.0,0.0
-110.0,-330.0,65.0,22.0,56.0,214.0,1478.0,-35.0,103.0,36.0
-89.0,-543.0,66.0,15.0,231.0,158.0,1037.0,38.0,87.0,58.0
-67.0,-392.0,54.0,24.0,235.0,139.0,-99.0,79.0,81.0,78.0
-45.0,-293.0,39.0,49.0,-45.0,146.0,-751.0,-38.0,82.0,103.0
-37.0,-481.0,65.0,81.0,144.0,223.0,-356.0,-14.0,60.0,95.0
-18.0,-567.0,36.0,76.0,262.0,343.0,280.0,-73.0,77.0,59.0
0.0,-487.0,16.0,117.0,-80.0,370.0,506.0,-38.0,98.0,30.0
1.0,-314.0,31.0,147.0,18.0,327.0,359.0,-12.0,103.0,15.0
15.0,-37.0,28.0,156.0,239.0,431.0,-1.0,-57.0,97.0,2.0
8.0,54.0,46.0,179.0,68.0,490.0,-201.0,33.0,88.0,-11.0
7.0,-63.0,48.0,177.0,-66.0,344.0,-173.0,-29.0,102.0,-18.0
-3.0,247.0,17.0,203.0,-70.0,101.0,-201.0,-49.0,106.0,-17.0
-11.0,436.0,-38.0,180.0,-84.0,92.0,-307.0,-179.0,100.0,-16.0
-8.0,179.0,-53.0,143.0,-50.0,235.0,-534.0,-151.0,101.0,-21.0
-18.0,133.0,-76.0,118.0,-84.0,306.0,-437.0,12.0,109.0,-27.0
-24.0,233.0,-75.0,42.0,-190.0,332.0,-237.0,-68.0,100.0,-46.0
-38.0,97.0,-109.0,-20.0,-46.0,352.0,-179.0,11.0,75.0,-59.0
-48.0,-97.0,-144.0,-72.0,-40.0,417.0,-63.0,1.0,53.0,-85.0
-50.0,-118.0,-108.0,-130.0,-150.0,339.0,98.0,-9.0,40.0,-114.0
-31.0,-184.0,-89.0,-134.0,-132.0,179.0,414.0,9.0,49.0,-136.0
-12.0,-210.0,-56.0,-96.0,-106.0,127.0,311.0,-7.0,43.0,-175.0
-4.0,-99.0,-94.0,-58.0,-71.0,189.0,-222.0,101.0,42.0,-199.0
2.0,-116.0,-42.0,17.0,-23.0,227.0,-742.0,49.0,45.0,-195.0
0.0,-224.0,6.0,100.0,-22.0,138.0,-813.0,90.0,27.0,-189.0
-4.0,26.0,-42.0,152.0,-107.0,115.0,-221.0,44.0,34.0,-194.0
-33.0,312.0,1.0,172.0,12.0,149.0,488.0,57.0,38.0,-198.0
-42.0,440.0,0.0,125.0,21.0,135.0,666.0,149.0,43.0,-193.0
-23.0,408.0,-1.0,60.0,-101.0,35.0,168.0,44.0,40.0,-176.0
-5.0,320.0,0.0,10.0,-41.0,-88.0,-489.0,92.0,26.0,-178.0
34.0,412.0,0.0,-42.0,77.0,-139.0,-591.0,-3.0,36.0,-183.0
40.0,280.0,-54.0,-81.0,148.0,-185.0,-81.0,35.0,25.0,-172.0
45.0,172.0,-83.0,-100.0,23.0,-244.0,185.0,114.0,29.0,-151.0
38.0,222.0,-34.0,-79.0,-29.0,-310.0,359.0,35.0,28.0,-112.0
40.0,202.0,-89.0,-38.0,208.0,-271.0,347.0,105.0,23.0,-89.0
42.0,-88.0,-109.0,-20.0,245.0,-259.0,112.0,96.0,45.0,-85.0
21.0,-161.0,-123.0,14.0,125.0,-390.0,64.0,188.0,65.0,-85.0
7.0,-64.0,-122.0,41.0,113.0,-429.0,-169.0,118.0,98.0,-45.0
-6.0,-433.0,-123.0,55.0,66.0,-417.0,-59.0,27.0,103.0,0.0
2.0,-536.0,-105.0,25.0,124.0,-413.0,213.0,49.0,93.0,18.0
-10.0,-404.0,-118.0,-46.0,10.0,-336.0,155.0,20.0,107.0,50.0
-16.0,-690.0,-207.0,-89.0,-69.0,-169.0,-381.0,86.0,120.0,70.0
-45.0,-1026.0,-144.0,-86.0,10.0,32.0,-1089.0,-29.0,118.0,72.0
-69.0,-578.0,-147.0,-45.0,55.0,140.0,-1060.0,51.0,121.0,44.0
-99.0,-354.0,-148.0,-56.0,31.0,198.0,-663.0,197.0,100.0,7.0
-132.0,-696.0,-135.0,-73.0,-100.0,305.0,-551.0,206.0,74.0,-56.0
-129.0,-328.0,-187.0,-71.0,-14.0,300.0,-772.0,123.0,80.0,-128.0
-138.0,31.0,-148.0,-66.0,109.0,226.0,-719.0,-175.0,88.0,-156.0
-128.0,-1.0,-118.0,-63.0,113.0,261.0,-288.0,-195.0,98.0,-209.0
-131.0,69.0,-122.0,-59.0,-126.0,245.0,-31.0,-279.0,129.0,-286.0
-95.0,222.0,-104.0,-28.0,-36.0,132.0,-64.0,-362.0,158.0,-357.0
-89.0,198.0,-61.0,-15.0,123.0,-106.0,-179.0,-328.0,146.0,-382.0
-85.0,316.0,-62.0,27.0,-96.0,-209.0,-32.0,-360.0,133.0,-404.0
-80.0,543.0,-28.0,78.0,-57.0,-25.0,567.0,-184.0,101.0,-446.0
-59.0,471.0,-42.0,118.0,-75.0,2.0,1269.0,-129.0,75.0,-447.0
-12.0,431.0,-98.0,180.0,-22.0,4.0,1200.0,-79.0,66.0,-435.0
14.0,428.0,-48.0,188.0,73.0,-27.0,464.0,-49.0,36.0,-399.0
58.0,608.0,-37.0,152.0,-17.0,-176.0,109.0,-11.0,20.0,-366.0
53.0,463.0,4.0,117.0,-70.0,-110.0,487.0,11.0,0.0,-325.0
77.0,159.0,24.0,103.0,-16.0,-57.0,738.0,-134.0,-9.0,-264.0
61.0,287.0,-24.0,86.0,0.0,-92.0,277.0,-62.0,-34.0,-220.0
72.0,139.0,-19.0,55.0,-59.0,-216.0,-317.0,-84.0,-57.0,-162.0
60.0,-210.0,-23.0,83.0,-102.0,-323.0,-858.0,-127.0,-77.0,-98.0
30.0,-269.0,-35.0,119.0,-99.0,-189.0,-1150.0,-227.0,-93.0,-48.0
35.0,-199.0,-32.0,100.0,131.0,-202.0,-868.0,-362.0,-69.0,-35.0
2.0,-185.0,20.0,84.0,30.0,-401.0,-506.0,-173.0,-53.0,-29.0
10.0,-109.0,37.0,89.0,-198.0,-479.0,-359.0,-22.0,-21.0,-41.0
-29.0,-76.0,22.0,76.0,-23.0,-392.0,-388.0,97.0,5.0,-81.0
-30.0,-106.0,4.0,62.0,64.0,-301.0,-525.0,109.0,14.0,-120.0
-49.0,31.0,-48.0,40.0,-65.0,-358.0,-606.0,157.0,29.0,-176.0
-59.0,101.0,-19.0,38.0,-191.0,-475.0,-766.0,179.0,64.0,-230.0
-57.0,-142.0,37.0,115.0,14.0,-549.0,-1050.0,-68.0,112.0,-273.0
-66.0,-399.0,75.0,147.0,184.0,-523.0,-702.0,-208.0,141.0,-304.0
-42.0,-342.0,82.0,105.0,-19.0,-439.0,346.0,-282.0,172.0,-334.0
-46.0,-171.0,112.0,68.0,-72.0,-398.0,905.0,-48.0,194.0,-336.0
-6.0,-70.0,86.0,27.0,-20.0,-479.0,706.0,164.0,187.0,-309.0
0.0,-30.0,39.0,1.0,13.0,-558.0,314.0,94.0,172.0,-280.0
23.0,-38.0,71.0,15.0,45.0,-525.0,57.0,151.0,168.0,-204.0
7.0,285.0,25.0,72.0,-89.0,-517.0,-216.0,105.0,165.0,-117.0
-29.0,427.0,26.0,155.0,-117.0,-473.0,-505.0,68.0,146.0,-46.0
-33.0,-16.0,43.0,198.0,23.0,-444.0,-529.0,-75.0,124.0,25.0
-21.0,-146.0,12.0,169.0,42.0,-453.0,-678.0,-103.0,117.0,78.0
20.0,127.0,58.0,180.0,-78.0,-362.0,-751.0,86.0,95.0,96.0
29.0,248.0,46.0,232.0,-84.0,-308.0,-326.0,136.0,49.0,108.0
59.0,217.0,22.0,239.0,-26.0,-217.0,202.0,229.0,13.0,120.0
85.0,221.0,49.0,200.0,12.0,-152.0,562.0,73.0,-31.0,102.0
104.0,126.0,4.0,162.0,-88.0,-177.0,807.0,48.0,-77.0,78.0
76.0,14.0,6.0,167.0,-202.0,-122.0,1064.0,68.0,-85.0,45.0
75.0,90.0,11.0,162.0,107.0,-143.0,950.0,-125.0,-99.0,22.0
91.0,122.0,-27.0,144.0,190.0,-204.0,177.0,-164.0,-120.0,1.0
86.0,1.0,36.0,103.0,-43.0,-160.0,-719.0,-229.0,-133.0,-37.0
110.0,51.0,71.0,23.0,11.0,-96.0,-986.0,-153.0,-150.0,-52.0
92.0,193.0,7.0,-38.0,90.0,-127.0,-529.0,-203.0,-156.0,-66.0
95.0,9.0,0.0,-67.0,31.0,-186.0,-9.0,-206.0,-147.0,-77.0
105.0,-301.0,27.0,-77.0,-32.0,-153.0,181.0,-118.0,-148.0,-110.0
119.0,-96.0,14.0,-26.0,-97.0,-165.0,85.0,-168.0,-143.0,-139.0
132.0,216.0,24.0,36.0,-40.0,-373.0,-63.0,-35.0,-130.0,-164.0
129.0,-153.0,47.0,36.0,79.0,-531.0,-205.0,-125.0,-120.0,-213.0
121.0,-257.0,53.0,31.0,-34.0,-468.0,-527.0,-182.0,-76.0,-234.0
109.0,71.0,121.0,37.0,-148.0,-411.0,-980.0,-136.0,-46.0,-236.0
92.0,57.0,147.0,79.0,-104.0,-235.0,-1142.0,-105.0,-37.0,-239.0
77.0,88.0,100.0,111.0,1.0,-130.0,-868.0,-59.0,-13.0,-241.0
109.0,239.0,115.0,85.0,6.0,-127.0,-720.0,-162.0,-18.0,-198.0
147.0,34.0,70.0,44.0,-123.0,-16.0,-794.0,-1.0,-18.0,-135.0
159.0,-292.0,98.0,17.0,-85.0,-71.0,-412.0,105.0,-3.0,-99.0
149.0,24.0,167.0,9.0,105.0,-141.0,517.0,107.0,9.0,-70.0
160.0,201.0,146.0,31.0,18.0,-328.0,1303.0,70.0,44.0,-41.0
150.0,-149.0,136.0,50.0,-124.0,-445.0,1439.0,-36.0,54.0,-31.0
129.0,144.0,76.0,50.0,48.0,-340.0,885.0,24.0,34.0,-41.0
113.0,595.0,42.0,110.0,120.0,-267.0,200.0,-81.0,42.0,-27.0
107.0,377.0,-2.0,131.0,122.0,-127.0,-23.0,-86.0,51.0,-7.0
119.0,35.0,11.0,150.0,0.0,-187.0,4.0,18.0,35.0,-12.0
86.0,66.0,32.0,234.0,-13.0,-290.0,-98.0,97.0,29.0,-32.0
77.0,-38.0,13.0,266.0,176.0,-255.0,-110.0,142.0,20.0,-20.0
82.0,-223.0,50.0,235.0,97.0,-109.0,152.0,-22.0,4.0,-12.0
94.0,35.0,26.0,182.0,26.0,76.0,389.0,-33.0,6.0,-18.0
92.0,-25.0,4.0,131.0,92.0,37.0,355.0,-9.0,0.0,8.0
60.0,-227.0,-7.0,86.0,151.0,-43.0,96.0,36.0,0.0,44.0
44.0,-40.0,-21.0,25.0,79.0,-98.0,-146.0,-60.0,4.0,74.0
4.0,-64.0,-4.0,-31.0,47.0,0.0,-484.0,-199.0,5.0,82.0
-26.0,-113.0,-9.0,-44.0,-32.0,162.0,-773.0,-11.0,18.0,113.0
-44.0,-11.0,0.0,-38.0,-50.0,89.0,-995.0,35.0,40.0,149.0
-53.0,86.0,17.0,45.0,64.0,-173.0,-1308.0,77.0,61.0,164.0
-46.0,308.0,-26.0,159.0,-79.0,-303.0,-1026.0,59.0,79.0,202.0
-35.0,19.0,-5.0,228.0,-125.0,-157.0,-260.0,25.0,86.0,260.0
-13.0,-264.0,10.0,254.0,1.0,-200.0,158.0,24.0,71.0,295.0
-22.0,112.0,0.0,171.0,43.0,-372.0,186.0,-77.0,48.0,292.0
-35.0,-134.0,49.0,74.0,-156.0,-406.0,472.0,-1.0,40.0,289.0
-32.0,-495.0,-8.0,-4.0,-198.0,-372.0,947.0,-66.0,34.0,270.0
-26.0,-468.0,-57.0,-113.0,26.0,-330.0,963.0,12.0,19.0,227.0
-6.0,-618.0,-55.0,-172.0,-109.0,-239.0,530.0,55.0,6.0,167.0
1.0,-314.0,-44.0,-172.0,-167.0,-109.0,-116.0,-42.0,2.0,141.0
24.0,96.0,-10.0,-159.0,-95.0,-62.0,-790.0,55.0,-17.0,135.0
41.0,81.0,46.0,-113.0,-157.0,50.0,-1111.0,46.0,-33.0,91.0
51.0,103.0,81.0,-72.0,88.0,93.0,-761.0,112.0,-14.0,64.0
40.0,620.0,70.0,-65.0,79.0,10.0,-229.0,-49.0,-15.0,68.0
45.0,640.0,88.0,-22.0,-140.0,-64.0,17.0,-83.0,-15.0,59.0
67.0,133.0,41.0,6.0,138.0,-122.0,159.0,145.0,-17.0,34.0
65.0,473.0,73.0,-2.0,144.0,-79.0,345.0,138.0,-37.0,27.0
68.0,613.0,102.0,20.0,16.0,-114.0,486.0,123.0,-40.0,33.0
53.0,281.0,71.0,78.0,128.0,-155.0,610.0,-55.0,-49.0,26.0
57.0,400.0,103.0,134.0,-43.0,-71.0,752.0,-73.0,-49.0,8.0
38.0,447.0,132.0,204.0,54.0,12.0,660.0,-57.0,-52.0,29.0
8.0,361.0,195.0,267.0,251.0,-50.0,438.0,-129.0,-48.0,52.0
-7.0,396.0,184.0,231.0,-70.0,-205.0,204.0,-107.0,-47.0,36.0
-18.0,256.0,175.0,125.0,-79.0,-137.0,-86.0,-160.0,-41.0,39.0
-23.0,-45.0,157.0,17.0,152.0,64.0,-263.0,7.0,-22.0,56.0
-40.0,-71.0,102.0,-54.0,-100.0,87.0,-92.0,59.0,-34.0,68.0
-33.0,96.0,78.0,-110.0,-130.0,18.0,243.0,29.0,-36.0,71.0
-25.0,41.0,27.0,-106.0,5.0,89.0,223.0,60.0,-49.0,93.0
-4.0,104.0,23.0,24.0,-71.0,100.0,-133.0,90.0,-69.0,127.0
-9.0,68.0,43.0,153.0,75.0,16.0,-448.0,210.0,-74.0,110.0
-1.0,-48.0,53.0,211.0,71.0,-50.0,-592.0,46.0,-88.0,75.0
16.0,119.0,63.0,242.0,-144.0,-90.0,-656.0,16.0,-92.0,71.0
15.0,29.0,30.0,231.0,-5.0,-173.0,-585.0,112.0,-83.0,46.0
7.0,-112.0,-9.0,176.0,61.0,-340.0,-436.0,147.0,-77.0,-4.0
-13.0,-148.0,-26.0,137.0,-135.0,-302.0,-344.0,186.0,-66.0,-24.0
-11.0,-89.0,-73.0,47.0,-127.0,-221.0,-316.0,62.0,-42.0,-28.0
-21.0,-130.0,-67.0,-48.0,-133.0,-154.0,-357.0,118.0,-38.0,-22.0
-29.0,-321.0,-60.0,-76.0,-27.0,-148.0,-261.0,142.0,-48.0,-2.0
-48.0,-235.0,-115.0,-130.0,-1.0,-71.0,-6.0,162.0,-28.0,25.0
-58.0,-14.0,-78.0,-122.0,-218.0,139.0,347.0,155.0,-2.0,61.0
-56.0,61.0,-115.0,-36.0,-70.0,102.0,728.0,177.0,-9.0,80.0
-52.0,0.0,-131.0,34.0,90.0,61.0,980.0,432.0,1.0,87.0
-31.0,108.0,-21.0,60.0,-67.0,83.0,855.0,447.0,8.0,99.0
-31.0,123.0,-32.0,77.0,-205.0,266.0,373.0,367.0,-2.0,82.0
-10.0,100.0,-15.0,100.0,-147.0,454.0,225.0,134.0,7.0,52.0
-12.0,125.0,99.0,101.0,37.0,400.0,430.0,-57.0,14.0,49.0
-30.0,-86.0,96.0,112.0,88.0,281.0,496.0,-125.0,13.0,43.0
-25.0,-319.0,53.0,107.0,-115.0,182.0,386.0,-251.0,11.0,33.0
-16.0,-254.0,125.0,114.0,-63.0,201.0,259.0,-149.0,-10.0,9.0
-12.0,-131.0,78.0,101.0,65.0,111.0,246.0,-62.0,-38.0,-17.0
-17.0,-329.0,52.0,58.0,-40.0,83.0,110.0,160.0,-58.0,-21.0
-9.0,-342.0,97.0,27.0,10.0,83.0,-131.0,288.0,-80.0,-52.0
0.0,-213.0,62.0,10.0,-43.0,18.0,-182.0,221.0,-92.0,-86.0
-4.0,-22.0,88.0,38.0,21.0,162.0,-191.0,264.0,-93.0,-105.0
-35.0,-6.0,62.0,96.0,231.0,315.0,-151.0,251.0,-86.0,-135.0
-73.0,-322.0,61.0,141.0,-6.0,491.0,12.0,256.0,-80.0,-168.0
-87.0,-111.0,20.0,125.0,-99.0,501.0,3.0,16.0,-72.0,-195.0
-81.0,79.0,14.0,39.0,141.0,425.0,-173.0,-35.0,-48.0,-208.0
-84.0,-82.0,13.0,0.0,3.0,513.0,-313.0,162.0,-40.0,-237.0
-65.0,70.0,-43.0,41.0,-47.0,525.0,-403.0,133.0,-36.0,-229.0
-18.0,206.0,-35.0,66.0,31.0,465.0,-517.0,153.0,-37.0,-198.0
18.0,177.0,-116.0,61.0,-117.0,289.0,-495.0,96.0,-69.0,-189.0
20.0,-111.0,-70.0,69.0,107.0,236.0,-139.0,190.0,-72.0,-179.0
-14.0,-563.0,-66.0,86.0,131.0,282.0,211.0,286.0,-69.0,-184.0
-36.0,-432.0,-79.0,17.0,-55.0,250.0,311.0,243.0,-90.0,-172.0
-61.0,-278.0,-13.0,-89.0,93.0,252.0,305.0,279.0,-91.0,-167.0
-60.0,-398.0,-44.0,-100.0,132.0,313.0,391.0,234.0,-129.0,-163.0
-24.0,-359.0,16.0,-66.0,80.0,433.0,406.0,284.0,-135.0,-145.0
-2.0,-270.0,-2.0,-51.0,-27.0,377.0,177.0,127.0,-107.0,-135.0
12.0,273.0,-3.0,-6.0,9.0,444.0,129.0,36.0,-129.0,-115.0
23.0,681.0,65.0,-3.0,157.0,592.0,272.0,155.0,-121.0,-119.0
31.0,699.0,37.0,-79.0,73.0,644.0,400.0,238.0,-100.0,-129.0
8.0,966.0,110.0,-76.0,-92.0,676.0,315.0,454.0,-91.0,-146.0
-16.0,945.0,114.0,-79.0,-127.0,567.0,-149.0,402.0,-82.0,-186.0
-17.0,759.0,109.0,-136.0,58.0,602.0,-555.0,375.0,-55.0,-202.0
-20.0,758.0,147.0,-71.0,124.0,725.0,-532.0,288.0,-24.0,-207.0
-17.0,484.0,77.0,45.0,-7.0,907.0,-109.0,110.0,-20.0,-221.0
-24.0,-175.0,120.0,100.0,71.0,997.0,431.0,99.0,-27.0,-230.0
-23.0,-490.0,128.0,169.0,95.0,874.0,750.0,-62.0,-21.0,-212.0
2.0,-406.0,121.0,217.0,-9.0,775.0,641.0,25.0,-8.0,-180.0
10.0,-615.0,193.0,121.0,14.0,734.0,410.0,175.0,-1.0,-149.0
5.0,-565.0,155.0,64.0,-21.0,721.0,283.0,229.0,18.0,-94.0
16.0,-270.0,107.0,120.0,37.0,498.0,88.0,134.0,22.0,-36.0
29.0,-369.0,95.0,86.0,203.0,333.0,-58.0,-7.0,37.0,11.0
36.0,-543.0,67.0,89.0,47.0,302.0,-141.0,62.0,46.0,59.0
32.0,-547.0,23.0,134.0,-165.0,144.0,-91.0,24.0,34.0,110.0
34.0,-610.0,58.0,104.0,20.0,2.0,84.0,225.0,24.0,153.0
52.0,-716.0,91.0,76.0,67.0,-18.0,225.0,417.0,1.0,160.0
53.0,-481.0,36.0,43.0,-157.0,149.0,345.0,445.0,-24.0,154.0
49.0,-471.0,98.0,-6.0,-128.0,208.0,410.0,369.0,-49.0,155.0
42.0,-679.0,70.0,-39.0,-53.0,149.0,352.0,179.0,-79.0,138.0
73.0,-324.0,-1.0,-35.0,-42.0,114.0,49.0,197.0,-92.0,128.0
119.0,37.0,61.0,-51.0,28.0,23.0,-336.0,86.0,-81.0,120.0
122.0,315.0,0.0,-34.0,-52.0,6.0,-451.0,16.0,-80.0,116.0
133.0,463.0,-7.0,-3.0,-36.0,56.0,-384.0,-49.0,-67.0,106.0
149.0,340.0,55.0,-50.0,144.0,134.0,-357.0,-70.0,-40.0,85.0
165.0,768.0,21.0,-43.0,38.0,183.0,-218.0,3.0,4.0,75.0
146.0,882.0,63.0,89.0,-134.0,229.0,23.0,-112.0,28.0,34.0
124.0,585.0,116.0,176.0,-56.0,255.0,209.0,-27.0,20.0,-13.0
136.0,609.0,61.0,113.0,75.0,282.0,426.0,49.0,11.0,-44.0
132.0,570.0,104.0,78.0,46.0,374.0,629.0,181.0,-9.0,-67.0
111.0,633.0,92.0,92.0,1.0,382.0,657.0,336.0,-23.0,-113.0
108.0,442.0,55.0,83.0,-50.0,413.0,532.0,291.0,-40.0,-150.0
144.0,274.0,95.0,22.0,-35.0,500.0,441.0,347.0,-46.0,-152.0
144.0,-52.0,-2.0,-97.0,49.0,555.0,308.0,286.0,-78.0,-184.0
135.0,-214.0,-26.0,-117.0,-121.0,628.0,14.0,290.0,-141.0,-211.0
120.0,-230.0,-63.0,-102.0,-111.0,664.0,-186.0,247.0,-165.0,-224.0
80.0,-965.0,-97.0,-76.0,92.0,623.0,-241.0,212.0,-186.0,-225.0
60.0,-835.0,-86.0,-64.0,32.0,605.0,-149.0,227.0,-205.0,-222.0
32.0,-688.0,-81.0,-156.0,-27.0,536.0,168.0,14.0,-221.0,-222.0
29.0,-1068.0,-67.0,-98.0,57.0,350.0,420.0,-12.0,-248.0,-181.0
17.0,-634.0,-85.0,-1.0,28.0,327.0,439.0,-101.0,-240.0,-134.0
23.0,-561.0,-81.0,-106.0,19.0,390.0,266.0,-151.0,-226.0,-93.0
38.0,-794.0,-112.0,-187.0,55.0,457.0,-66.0,-88.0,-218.0,-50.0
32.0,-531.0,-45.0,-101.0,-53.0,356.0,-345.0,-60.0,-177.0,-4.0
25.0,-399.0,-82.0,-64.0,50.0,93.0,-545.0,101.0,-163.0,37.0
-5.0,-452.0,-90.0,-159.0,124.0,123.0,-665.0,107.0,-140.0,64.0
-13.0,-315.0,-2.0,-116.0,-6.0,191.0,-599.0,138.0,-79.0,100.0
-19.0,13.0,-17.0,106.0,23.0,129.0,-379.0,60.0,-42.0,134.0
-8.0,-178.0,37.0,117.0,120.0,-43.0,-50.0,-22.0,-6.0,157.0
2.0,-161.0,60.0,-10.0,79.0,-67.0,355.0,99.0,36.0,189.0
6.0,323.0,43.0,1.0,-38.0,83.0,661.0,107.0,62.0,210.0
38.0,307.0,65.0,-82.0,-81.0,124.0,674.0,168.0,72.0,207.0
38.0,780.0,98.0,-197.0,-110.0,202.0,560.0,153.0,69.0,194.0
44.0,1123.0,92.0,-138.0,-59.0,221.0,327.0,118.0,69.0,185.0
75.0,1092.0,91.0,-53.0,-51.0,254.0,-42.0,-14.0,73.0,187.0
71.0,1231.0,80.0,-96.0,-231.0,271.0,-270.0,-151.0,48.0,160.0
52.0,974.0,69.0,-44.0,-226.0,383.0,-372.0,-46.0,5.0,127.0
46.0,838.0,50.0,170.0,15.0,407.0,-297.0,-48.0,-27.0,119.0
41.0,645.0,-1.0,197.0,-76.0,260.0,-124.0,120.0,-64.0,94.0
52.0,334.0,-1.0,165.0,-208.0,331.0,56.0,221.0,-93.0,71.0
45.0,15.0,-50.0,184.0,44.0,389.0,376.0,284.0,-116.0,54.0
31.0,-402.0,-76.0,157.0,45.0,485.0,510.0,432.0,-131.0,25.0
30.0,-570.0,-28.0,81.0,-13.0,553.0,322.0,275.0,-147.0,-3.0
14.0,-789.0,-69.0,-2.0,-20.0,751.0,199.0,186.0,-176.0,-23.0
0.0,-1061.0,-90.0,-51.0,-115.0,868.0,239.0,48.0,-169.0,-29.0
-3.0,-1177.0,-55.0,-78.0,77.0,578.0,221.0,70.0,-162.0,-36.0
-1.0,-1197.0,-41.0,-86.0,103.0,332.0,199.0,162.0,-151.0,-58.0
4.0,-1065.0,11.0,-150.0,-34.0,179.0,205.0,97.0,-121.0,-71.0
22.0,-1051.0,20.0,-103.0,3.0,237.0,183.0,153.0,-107.0,-67.0
23.0,-831.0,4.0,51.0,28.0,218.0,250.0,66.0,-71.0,-63.0
21.0,-442.0,5.0,85.0,158.0,79.0,284.0,36.0,-56.0,-55.0
19.0,-357.0,-34.0,28.0,99.0,65.0,266.0,-101.0,-64.0,-28.0
21.0,-87.0,-24.0,44.0,-27.0,48.0,293.0,-138.0,-52.0,4.0
15.0,85.0,8.0,42.0,141.0,-9.0,317.0,5.0,-60.0,39.0
-18.0,404.0,8.0,-72.0,131.0,-118.0,204.0,-73.0,-74.0,90.0
-35.0,839.0,35.0,-146.0,68.0,-98.0,-95.0,-38.0,-99.0,145.0
-50.0,598.0,70.0,-185.0,104.0,-46.0,-278.0,-107.0,-100.0,175.0
-44.0,778.0,100.0,-290.0,45.0,-18.0,-383.0,-64.0,-81.0,175.0
-39.0,943.0,114.0,-339.0,95.0,8.0,-579.0,24.0,-93.0,179.0
-37.0,658.0,121.0,-176.0,147.0,146.0,-637.0,-24.0,-85.0,177.0
-17.0,446.0,42.0,38.0,-70.0,189.0,-403.0,9.0,-76.0,148.0
1.0,26.0,3.0,300.0,-55.0,-25.0,66.0,49.0,-78.0,126.0
40.0,60.0,-16.0,433.0,79.0,-35.0,501.0,315.0,-66.0,117.0
42.0,29.0,-64.0,243.0,-93.0,82.0,653.0,343.0,-71.0,113.0
35.0,-27.0,-5.0,58.0,-90.0,150.0,640.0,251.0,-81.0,113.0
32.0,-34.0,-52.0,6.0,-7.0,21.0,710.0,227.0,-95.0,128.0
29.0,-41.0,-56.0,-71.0,79.0,-103.0,766.0,138.0,-109.0,159.0
3.0,297.0,-49.0,-121.0,-10.0,31.0,542.0,144.0,-103.0,166.0
-12.0,148.0,-47.0,-41.0,-181.0,189.0,96.0,-49.0,-106.0,147.0
20.0,13.0,25.0,-18.0,-60.0,307.0,-169.0,-118.0,-111.0,136.0
19.0,-1.0,2.0,51.0,-108.0,244.0,-146.0,-105.0,-93.0,118.0
31.0,-164.0,-11.0,174.0,-132.0,274.0,-109.0,-31.0,-74.0,75.0
38.0,-337.0,35.0,155.0,-47.0,421.0,-180.0,90.0,-62.0,41.0
37.0,-397.0,53.0,141.0,-88.0,453.0,-372.0,-24.0,-38.0,7.0
28.0,-379.0,44.0,238.0,20.0,464.0,-571.0,9.0,-22.0,-36.0
4.0,-330.0,127.0,265.0,97.0,427.0,-615.0,11.0,-16.0,-63.0
-3.0,-210.0,111.0,124.0,-121.0,282.0,-551.0,72.0,18.0,-66.0
-14.0,-240.0,122.0,48.0,-105.0,-39.0,-542.0,90.0,33.0,-60.0
4.0,-315.0,158.0,-73.0,18.0,-112.0,-634.0,16.0,40.0,-56.0
1.0,-363.0,119.0,-352.0,-125.0,-40.0,-456.0,99.0,53.0,-36.0
-8.0,-265.0,140.0,-522.0,-66.0,-75.0,249.0,48.0,65.0,3.0
-26.0,-594.0,100.0,-442.0,-59.0,-91.0,894.0,81.0,87.0,39.0
-47.0,-672.0,75.0,-172.0,-54.0,-66.0,857.0,-96.0,80.0,61.0
-36.0,-259.0,47.0,96.0,148.0,18.0,305.0,-282.0,73.0,71.0
-38.0,-201.0,31.0,142.0,22.0,-52.0,-76.0,-214.0,66.0,77.0
-22.0,166.0,60.0,148.0,-67.0,-33.0,-108.0,-258.0,64.0,82.0
-22.0,839.0,64.0,257.0,33.0,172.0,88.0,-121.0,77.0,74.0
-19.0,1140.0,34.0,16.0,-11.0,422.0,410.0,-90.0,60.0,72.0
-24.0,1165.0,55.0,-326.0,-63.0,429.0,517.0,-18.0,59.0,84.0
-19.0,1408.0,5.0,-402.0,-96.0,290.0,532.0,97.0,54.0,88.0
-8.0,1492.0,-52.0,-299.0,5.0,258.0,427.0,97.0,50.0,112.0
-32.0,1255.0,-23.0,-137.0,137.0,106.0,203.0,171.0,73.0,130.0
-19.0,1056.0,-30.0,-65.0,99.0,54.0,15.0,138.0,49.0,112.0
6.0,862.0,1.0,72.0,62.0,119.0,-230.0,208.0,12.0,112.0
27.0,647.0,-70.0,131.0,33.0,220.0,-433.0,101.0,-9.0,117.0
41.0,545.0,-106.0,31.0,27.0,175.0,-532.0,53.0,-7.0,104.0
65.0,169.0,-95.0,-87.0,3.0,93.0,-437.0,116.0,-3.0,89.0
79.0,-435.0,-141.0,5.0,-99.0,164.0,-61.0,-55.0,-16.0,78.0
78.0,-599.0,-117.0,291.0,-33.0,114.0,414.0,-90.0,-8.0,61.0
74.0,-877.0,-125.0,276.0,90.0,50.0,572.0,-253.0,-2.0,41.0
74.0,-1120.0,-134.0,25.0,-20.0,-70.0,388.0,-260.0,-9.0,30.0
88.0,-1297.0,-101.0,75.0,-132.0,-193.0,38.0,-109.0,-48.0,23.0
85.0,-1412.0,-125.0,256.0,-182.0,-325.0,-183.0,-77.0,-60.0,29.0
82.0,-1333.0,-138.0,108.0,-130.0,-438.0,-118.0,12.0,-66.0,37.0
87.0,-1555.0,-98.0,-37.0,-6.0,-262.0,-123.0,49.0,-92.0,36.0
115.0,-1429.0,-120.0,-79.0,-131.0,-59.0,-293.0,157.0,-80.0,37.0
123.0,-1030.0,-93.0,-175.0,-148.0,-129.0,-592.0,81.0,-68.0,37.0
127.0,-353.0,-91.0,-137.0,20.0,-369.0,-642.0,16.0,-45.0,14.0
135.0,201.0,-118.0,-68.0,-63.0,-459.0,-409.0,94.0,-31.0,3.0
128.0,442.0,-87.0,-334.0,-140.0,-352.0,-253.0,164.0,-24.0,14.0
136.0,1149.0,-132.0,-401.0,-8.0,-313.0,-155.0,267.0,-9.0,-3.0
127.0,1612.0,-182.0,-26.0,44.0,-518.0,-169.0,138.0,-16.0,-32.0
128.0,1706.0,-181.0,14.0,31.0,-637.0,-178.0,73.0,-31.0,-46.0
125.0,1758.0,-193.0,68.0,-7.0,-427.0,-193.0,0.0,-19.0,-60.0
117.0,1553.0,-242.0,367.0,-29.0,-233.0,-221.0,-3.0,-15.0,-71.0
103.0,1312.0,-202.0,378.0,103.0,-124.0,-330.0,29.0,-22.0,-74.0
78.0,1079.0,-228.0,108.0,166.0,-83.0,-577.0,-160.0,-18.0,-72.0
73.0,570.0,-227.0,-117.0,60.0,-35.0,-556.0,-127.0,-15.0,-72.0
29.0,416.0,-160.0,-204.0,-14.0,64.0,-304.0,-96.0,8.0,-60.0
-27.0,308.0,-234.0,-258.0,122.0,-26.0,-111.0,-83.0,34.0,-46.0
-66.0,-80.0,-176.0,-372.0,192.0,-158.0,86.0,-127.0,59.0,-57.0
-94.0,-561.0,-174.0,-476.0,49.0,-240.0,336.0,-133.0,100.0,-66.0
-119.0,-1131.0,-242.0,-224.0,51.0,-276.0,517.0,25.0,142.0,-79.0
-153.0,-1221.0,-219.0,17.0,84.0,-196.0,604.0,-90.0,160.0,-125.0
-153.0,-1703.0,-200.0,-62.0,102.0,-85.0,522.0,-129.0,191.0,-169.0
-154.0,-2158.0,-183.0,-55.0,109.0,2.0,309.0,-99.0,221.0,-192.0
-149.0,-2271.0,-131.0,89.0,-48.0,-91.0,149.0,86.0,226.0,-203.0
-159.0,-2172.0,-100.0,246.0,18.0,-256.0,-112.0,277.0,240.0,-208.0
-179.0,-1827.0,-136.0,115.0,221.0,-336.0,-467.0,125.0,237.0,-214.0
-203.0,-1640.0,-96.0,-67.0,49.0,-352.0,-614.0,99.0,235.0,-195.0
-242.0,-853.0,-134.0,-8.0,-72.0,-465.0,-497.0,33.0,247.0,-158.0
-242.0,-238.0,-145.0,-29.0,108.0,-652.0,-420.0,11.0,251.0,-143.0
-244.0,416.0,-151.0,-121.0,82.0,-619.0,-562.0,-75.0,247.0,-121.0
-198.0,1280.0,-247.0,-235.0,10.0,-559.0,-581.0,-194.0,250.0,-89.0
-147.0,1733.0,-233.0,-183.0,65.0,-682.0,-459.0,-72.0,229.0,-52.0
-118.0,2172.0,-264.0,37.0,5.0,-781.0,-444.0,-136.0,213.0,-14.0
-125.0,2098.0,-282.0,113.0,121.0,-674.0,-396.0,-190.0,201.0,20.0
-136.0,1872.0,-250.0,100.0,198.0,-495.0,-185.0,-315.0,164.0,84.0
-118.0,1760.0,-281.0,304.0,52.0,-402.0,200.0,-264.0,133.0,130.0
-133.0,1225.0,-232.0,470.0,118.0,-465.0,338.0,24.0,80.0,157.0
-102.0,627.0,-227.0,278.0,158.0,-401.0,145.0,-3.0,58.0,186.0
-80.0,202.0,-273.0,77.0,25.0,-153.0,16.0,0.0,57.0,200.0
-47.0,-289.0,-218.0,-89.0,-69.0,-31.0,-140.0,-83.0,54.0,193.0
-57.0,-816.0,-204.0,-234.0,-133.0,53.0,-266.0,-86.0,80.0,172.0
-82.0,-1374.0,-191.0,-73.0,-127.0,-38.0,-420.0,-11.0,97.0,158.0
-84.0,-1795.0,-118.0,95.0,-7.0,-131.0,-411.0,-88.0,126.0,134.0
-109.0,-1983.0,-83.0,-183.0,-54.0,-137.0,93.0,-51.0,162.0,104.0
-103.0,-2005.0,-51.0,-162.0,-233.0,-225.0,470.0,-44.0,167.0,78.0
-124.0,-1868.0,-12.0,158.0,-122.0,-204.0,433.0,94.0,165.0,82.0
-117.0,-1824.0,10.0,100.0,3.0,-181.0,328.0,-73.0,181.0,98.0
-114.0,-1567.0,18.0,110.0,-199.0,-122.0,322.0,-306.0,180.0,106.0
-94.0,-1049.0,12.0,325.0,-331.0,-11.0,370.0,-166.0,161.0,131.0
-95.0,-698.0,30.0,402.0,-84.0,97.0,360.0,-125.0,162.0,162.0
-106.0,-335.0,70.0,117.0,48.0,-13.0,161.0,-99.0,145.0,209.0
-95.0,211.0,89.0,-264.0,-34.0,-291.0,-28.0,-247.0,123.0,239.0
-105.0,846.0,58.0,-546.0,14.0,-410.0,17.0,-175.0,130.0,268.0
-81.0,1344.0,52.0,-598.0,32.0,-396.0,71.0,-1.0,135.0,291.0
-73.0,1494.0,16.0,-440.0,140.0,-284.0,-74.0,83.0,121.0,300.0
-68.0,1673.0,2.0,-222.0,256.0,-411.0,-423.0,218.0,76.0,328.0
-74.0,2002.0,40.0,54.0,33.0,-479.0,-702.0,105.0,56.0,346.0
-52.0,1972.0,0.0,284.0,30.0,-408.0,-763.0,151.0,48.0,351.0
-52.0,1698.0,19.0,400.0,343.0,-423.0,-763.0,120.0,3.0,338.0
-65.0,1481.0,8.0,242.0,319.0,-354.0,-715.0,57.0,-15.0,322.0
-68.0,1153.0,-34.0,83.0,175.0,-333.0,-662.0,83.0,-51.0,286.0
-88.0,561.0,-17.0,44.0,160.0,-263.0,-620.0,51.0,-81.0,233.0
-94.0,-121.0,-65.0,72.0,164.0,-315.0,-496.0,109.0,-76.0,214.0
-110.0,-703.0,-80.0,106.0,191.0,-418.0,-350.0,-107.0,-80.0,183.0
-108.0,-1214.0,-98.0,-55.0,14.0,-383.0,-165.0,-251.0,-69.0,146.0
-89.0,-1533.0,-107.0,-180.0,-212.0,-270.0,132.0,-203.0,-48.0,141.0
-43.0,-1655.0,-97.0,-111.0,-96.0,-238.0,375.0,-79.0,-25.0,145.0
-15.0,-1719.0,-127.0,24.0,44.0,-346.0,398.0,44.0,7.0,150.0
22.0,-1495.0,-121.0,192.0,-106.0,-393.0,285.0,16.0,37.0,144.0
28.0,-1113.0,-175.0,311.0,-156.0,-497.0,264.0,194.0,47.0,140.0
15.0,-948.0,-171.0,229.0,-127.0,-388.0,232.0,247.0,39.0,129.0
0.0,-770.0,-71.0,100.0,-106.0,-161.0,53.0,201.0,34.0,99.0
-31.0,-401.0,-63.0,-18.0,-100.0,-40.0,-37.0,88.0,41.0,87.0
-25.0,-59.0,-50.0,-168.0,-321.0,-39.0,-77.0,-79.0,33.0,56.0
-31.0,-51.0,-98.0,-216.0,-294.0,-171.0,-90.0,-11.0,36.0,7.0
1.0,-53.0,-120.0,-94.0,-60.0,54.0,119.0,-9.0,24.0,-33.0
6.0,278.0,-45.0,31.0,-58.0,345.0,345.0,60.0,3.0,-70.0
-24.0,388.0,-69.0,128.0,-89.0,329.0,185.0,-5.0,-2.0,-97.0
-49.0,459.0,-30.0,317.0,10.0,64.0,-271.0,1.0,-48.0,-124.0
-69.0,698.0,-4.0,349.0,50.0,-132.0,-665.0,97.0,-81.0,-135.0
-91.0,739.0,-39.0,129.0,-78.0,7.0,-755.0,-49.0,-103.0,-143.0
-111.0,777.0,17.0,-89.0,-155.0,-20.0,-353.0,49.0,-140.0,-143.0
-124.0,637.0,-26.0,-191.0,-105.0,-310.0,263.0,103.0,-169.0,-143.0
-141.0,630.0,-58.0,-309.0,35.0,-345.0,699.0,162.0,-205.0,-138.0
-148.0,732.0,-43.0,-316.0,124.0,-22.0,722.0,157.0,-240.0,-121.0
-171.0,453.0,-66.0,-82.0,84.0,128.0,434.0,42.0,-234.0,-127.0
-161.0,224.0,-94.0,41.0,46.0,92.0,135.0,96.0,-236.0,-120.0
-161.0,86.0,-65.0,57.0,136.0,-18.0,-139.0,203.0,-257.0,-107.0
-165.0,109.0,-13.0,42.0,140.0,-137.0,-110.0,436.0,-255.0,-104.0
-190.0,-38.0,-46.0,-176.0,-75.0,-102.0,176.0,360.0,-246.0,-113.0
-207.0,-197.0,-20.0,-287.0,-81.0,-148.0,272.0,234.0,-221.0,-115.0
-212.0,-49.0,-26.0,-100.0,104.0,-98.0,-8.0,72.0,-171.0,-112.0
-224.0,-2.0,-58.0,138.0,121.0,-87.0,-416.0,-273.0,-108.0,-132.0
-196.0,230.0,-80.0,325.0,29.0,-232.0,-408.0,-410.0,-60.0,-141.0
-184.0,367.0,-73.0,422.0,66.0,-280.0,89.0,-545.0,-4.0,-139.0
-130.0,360.0,-45.0,403.0,110.0,-221.0,367.0,-362.0,44.0,-141.0
-107.0,414.0,-50.0,247.0,104.0,-91.0,-3.0,-182.0,72.0,-130.0
-99.0,317.0,-50.0,89.0,129.0,25.0,-500.0,-157.0,105.0,-111.0
-98.0,8.0,-112.0,97.0,-21.0,129.0,-592.0,-27.0,134.0,-98.0
-99.0,-244.0,-54.0,155.0,-55.0,52.0,-196.0,-64.0,164.0,-89.0
-77.0,-174.0,-51.0,80.0,116.0,-260.0,87.0,11.0,175.0,-77.0
-97.0,-158.0,-86.0,-111.0,48.0,-438.0,-66.0,44.0,175.0,-76.0
-81.0,-343.0,-27.0,-210.0,-43.0,-217.0,-336.0,99.0,170.0,-63.0
-72.0,-413.0,-71.0,-124.0,65.0,-56.0,-559.0,249.0,151.0,-62.0
-73.0,-225.0,-92.0,45.0,123.0,-87.0,-519.0,273.0,102.0,-62.0
-92.0,-275.0,-80.0,144.0,74.0,-124.0,-294.0,338.0,46.0,-48.0
-94.0,-332.0,-65.0,94.0,-72.0,-224.0,61.0,269.0,21.0,-32.0
-77.0,-464.0,-5.0,-41.0,-112.0,-195.0,298.0,223.0,-16.0,-32.0
-71.0,-708.0,12.0,-152.0,36.0,-10.0,119.0,136.0,-49.0,-36.0
-24.0,-625.0,-10.0,-191.0,-30.0,173.0,-136.0,79.0,-88.0,-19.0
-21.0,-792.0,1.0,-240.0,-131.0,110.0,-130.0,184.0,-141.0,-18.0
-6.0,-754.0,18.0,-258.0,-28.0,46.0,358.0,129.0,-167.0,-1.0
-1.0,-343.0,45.0,-218.0,60.0,13.0,793.0,229.0,-195.0,12.0
-9.0,-78.0,-10.0,-234.0,19.0,-157.0,622.0,299.0,-215.0,4.0
-14.0,142.0,-10.0,-213.0,-158.0,-210.0,285.0,214.0,-207.0,0.0
-22.0,364.0,44.0,-166.0,-237.0,-300.0,40.0,90.0,-175.0,-4.0
-4.0,661.0,-14.0,-227.0,-113.0,-354.0,-86.0,-20.0,-145.0,17.0
-38.0,1006.0,11.0,-235.0,-65.0,-279.0,-52.0,84.0,-127.0,35.0
-15.0,1156.0,4.0,-115.0,-177.0,-210.0,52.0,109.0,-96.0,35.0
-24.0,1312.0,7.0,41.0,-189.0,-183.0,215.0,142.0,-76.0,43.0
-33.0,1637.0,5.0,138.0,-35.0,-231.0,450.0,105.0,-79.0,63.0
-18.0,1593.0,-11.0,169.0,64.0,-210.0,548.0,86.0,-83.0,80.0
-36.0,1456.0,25.0,113.0,-19.0,-129.0,161.0,33.0,-85.0,86.0
3.0,1509.0,-18.0,-12.0,-75.0,-92.0,-144.0,-230.0,-94.0,97.0
4.0,1352.0,-9.0,-50.0,90.0,-126.0,106.0,-194.0,-94.0,108.0
33.0,1085.0,-16.0,-23.0,110.0,-175.0,388.0,-75.0,-59.0,106.0
42.0,794.0,-40.0,-7.0,9.0,-179.0,556.0,27.0,-8.0,100.0
40.0,90.0,-7.0,-86.0,-34.0,-296.0,448.0,49.0,24.0,106.0
11.0,-372.0,37.0,-131.0,-68.0,-512.0,-26.0,12.0,30.0,97.0
-23.0,-503.0,55.0,-86.0,123.0,-548.0,-472.0,90.0,55.0,74.0
-37.0,-1049.0,1.0,-81.0,29.0,-352.0,-552.0,83.0,89.0,59.0
-46.0,-1328.0,-5.0,-99.0,-150.0,-194.0,-476.0,195.0,92.0,36.0
-15.0,-1463.0,0.0,-143.0,-28.0,-288.0,-616.0,258.0,108.0,18.0
-19.0,-1817.0,-20.0,-159.0,-82.0,-358.0,-617.0,332.0,128.0,42.0
37.0,-1956.0,-9.0,-100.0,-122.0,-259.0,-364.0,399.0,127.0,71.0
55.0,-1833.0,-21.0,-13.0,-127.0,-190.0,-24.0,321.0,121.0,87.0
89.0,-1573.0,-5.0,-52.0,-132.0,-191.0,459.0,288.0,128.0,113.0
70.0,-1093.0,48.0,-160.0,-68.0,-234.0,734.0,134.0,121.0,148.0
45.0,-694.0,49.0,-200.0,-25.0,-263.0,267.0,147.0,87.0,180.0
46.0,-315.0,73.0,-207.0,-86.0,-328.0,-458.0,83.0,85.0,180.0
-2.0,299.0,37.0,-186.0,-101.0,-302.0,-537.0,0.0,70.0,189.0
-5.0,642.0,6.0,-110.0,47.0,-110.0,-389.0,94.0,47.0,217.0
-38.0,1023.0,42.0,-23.0,51.0,-75.0,-482.0,-12.0,28.0,224.0
22.0,1103.0,0.0,-13.0,-93.0,-146.0,-281.0,60.0,-13.0,235.0
10.0,948.0,17.0,-18.0,-77.0,-103.0,16.0,1.0,-38.0,244.0
14.0,950.0,12.0,-49.0,70.0,-73.0,-59.0,-134.0,-66.0,260.0
8.0,613.0,5.0,-86.0,16.0,-123.0,-3.0,-107.0,-100.0,263.0
1.0,458.0,61.0,-138.0,14.0,-248.0,126.0,-107.0,-112.0,260.0
18.0,347.0,28.0,-209.0,42.0,-329.0,401.0,-31.0,-103.0,285.0
-10.0,31.0,-38.0,-185.0,33.0,-321.0,1092.0,-83.0,-111.0,284.0
45.0,-210.0,-91.0,-92.0,87.0,-285.0,950.0,101.0,-108.0,264.0
45.0,-426.0,-125.0,38.0,-14.0,-282.0,302.0,188.0,-93.0,257.0
119.0,-606.0,-143.0,155.0,-15.0,-423.0,193.0,46.0,-87.0,261.0
114.0,-546.0,-182.0,241.0,-5.0,-528.0,-115.0,35.0,-79.0,223.0
135.0,-456.0,-124.0,264.0,12.0,-517.0,43.0,-42.0,-75.0,174.0
140.0,-714.0,-97.0,259.0,25.0,-436.0,632.0,18.0,-71.0,172.0
119.0,-394.0,-131.0,289.0,-133.0,-446.0,696.0,-46.0,-65.0,140.0
154.0,162.0,-105.0,371.0,-53.0,-538.0,306.0,-110.0,-54.0,104.0
115.0,94.0,-184.0,419.0,102.0,-552.0,-411.0,-109.0,-50.0,115.0
175.0,136.0,-207.0,304.0,-6.0,-578.0,-497.0,-219.0,-36.0,122.0
154.0,79.0,-240.0,94.0,-106.0,-622.0,-83.0,-251.0,-27.0,100.0
180.0,-127.0,-281.0,-105.0,-92.0,-688.0,328.0,-321.0,-40.0,88.0
152.0,-132.0,-224.0,-148.0,-29.0,-528.0,-184.0,-160.0,-26.0,94.0
131.0,-116.0,-232.0,-110.0,-45.0,-217.0,-1500.0,-53.0,-16.0,78.0
121.0,-61.0,-186.0,-74.0,-96.0,-133.0,-1597.0,-59.0,-8.0,39.0
64.0,-82.0,-176.0,-53.0,15.0,-223.0,-777.0,7.0,10.0,12.0
100.0,-41.0,-180.0,-23.0,42.0,-303.0,-141.0,-44.0,27.0,13.0
66.0,-85.0,-175.0,86.0,-27.0,-388.0,83.0,31.0,49.0,-27.0
90.0,-35.0,-185.0,89.0,-40.0,-384.0,56.0,35.0,74.0,-71.0
41.0,262.0,-147.0,48.0,0.0,-278.0,-32.0,182.0,82.0,-92.0
46.0,280.0,-161.0,21.0,148.0,-279.0,135.0,395.0,73.0,-131.0
27.0,304.0,-157.0,-27.0,184.0,-329.0,493.0,447.0,81.0,-152.0
-12.0,300.0,-115.0,-82.0,2.0,-366.0,759.0,469.0,80.0,-176.0
0.0,306.0,-125.0,-128.0,91.0,-260.0,536.0,205.0,84.0,-186.0
-48.0,502.0,-131.0,-115.0,191.0,-256.0,350.0,22.0,86.0,-186.0
-32.0,603.0,-122.0,-45.0,-19.0,-378.0,842.0,-179.0,61.0,-184.0
-74.0,625.0,-138.0,58.0,61.0,-444.0,800.0,-341.0,77.0,-155.0
-38.0,445.0,-129.0,-41.0,17.0,-481.0,897.0,-312.0,102.0,-111.0
-29.0,496.0,-126.0,-145.0,-67.0,-363.0,814.0,-286.0,101.0,-62.0
-4.0,606.0,-106.0,-79.0,146.0,-254.0,-194.0,-173.0,101.0,-36.0
12.0,426.0,-108.0,-114.0,-25.0,-153.0,-292.0,-262.0,128.0,18.0
0.0,548.0,-87.0,-235.0,-94.0,-24.0,5.0,-225.0,135.0,71.0
27.0,435.0,-69.0,-220.0,143.0,105.0,-221.0,-194.0,131.0,71.0
12.0,61.0,-88.0,-29.0,89.0,-6.0,-393.0,-147.0,156.0,80.0
60.0,81.0,30.0,-14.0,30.0,-140.0,-596.0,7.0,167.0,67.0
67.0,95.0,0.0,-74.0,15.0,0.0,-703.0,-81.0,172.0,26.0
120.0,-85.0,0.0,-106.0,1.0,39.0,-464.0,36.0,161.0,-15.0
127.0,-360.0,71.0,-220.0,156.0,-7.0,-257.0,90.0,158.0,-66.0
155.0,-526.0,-27.0,-230.0,78.0,-45.0,-419.0,55.0,151.0,-112.0
186.0,-751.0,18.0,-244.0,-116.0,-54.0,-851.0,-24.0,132.0,-153.0
196.0,-1064.0,17.0,-267.0,-18.0,-236.0,-811.0,-123.0,109.0,-185.0
219.0,-979.0,-45.0,-195.0,46.0,-426.0,-273.0,27.0,80.0,-208.0
198.0,-768.0,-24.0,-149.0,-53.0,-346.0,-4.0,-38.0,80.0,-224.0
234.0,-798.0,-87.0,-224.0,-78.0,-277.0,218.0,-92.0,59.0,-233.0
191.0,-799.0,-142.0,-172.0,-18.0,-184.0,243.0,-184.0,48.0,-244.0
189.0,-484.0,-102.0,27.0,18.0,-43.0,87.0,-271.0,73.0,-240.0
147.0,-307.0,-103.0,131.0,-88.0,-46.0,297.0,-140.0,65.0,-225.0
121.0,-362.0,-106.0,187.0,-106.0,-194.0,277.0,-157.0,60.0,-204.0
109.0,-68.0,-86.0,157.0,-58.0,-396.0,194.0,-66.0,70.0,-160.0
110.0,-71.0,-121.0,88.0,-100.0,-419.0,164.0,-29.0,50.0,-97.0
122.0,-354.0,-112.0,-36.0,26.0,-69.0,-134.0,40.0,35.0,-51.0
85.0,-134.0,-142.0,-165.0,-125.0,260.0,-438.0,81.0,32.0,-5.0
90.0,-221.0,-115.0,-171.0,-279.0,293.0,-255.0,-109.0,25.0,41.0
16.0,-285.0,-121.0,-158.0,-33.0,34.0,549.0,-101.0,28.0,67.0
11.0,87.0,-133.0,-99.0,-81.0,-268.0,652.0,-216.0,33.0,90.0
-12.0,127.0,-28.0,-20.0,-196.0,-281.0,-28.0,-358.0,46.0,104.0
3.0,36.0,-25.0,71.0,-150.0,-171.0,-413.0,-478.0,53.0,113.0
5.0,213.0,18.0,153.0,-176.0,6.0,-16.0,-558.0,60.0,109.0
29.0,461.0,44.0,186.0,-97.0,197.0,584.0,-511.0,66.0,87.0
58.0,384.0,28.0,261.0,-47.0,229.0,593.0,-591.0,70.0,87.0
34.0,550.0,42.0,244.0,-139.0,141.0,369.0,-487.0,71.0,61.0
50.0,718.0,29.0,114.0,-34.0,82.0,-155.0,-412.0,71.0,18.0
18.0,653.0,35.0,22.0,61.0,111.0,-880.0,-199.0,88.0,-1.0
60.0,771.0,53.0,-119.0,5.0,169.0,-1088.0,20.0,92.0,-22.0
26.0,581.0,60.0,-285.0,66.0,143.0,-788.0,1.0,84.0,-54.0
67.0,502.0,48.0,-325.0,57.0,12.0,-423.0,120.0,82.0,-86.0
76.0,680.0,55.0,-234.0,109.0,-87.0,-112.0,62.0,66.0,-105.0
112.0,807.0,18.0,-125.0,197.0,-93.0,-203.0,53.0,47.0,-136.0
153.0,591.0,0.0,-51.0,131.0,-60.0,-169.0,-3.0,60.0,-145.0
159.0,413.0,11.0,21.0,146.0,30.0,356.0,-112.0,73.0,-150.0
221.0,510.0,-30.0,92.0,221.0,35.0,631.0,-101.0,85.0,-150.0
206.0,21.0,-55.0,155.0,322.0,-160.0,550.0,-251.0,101.0,-128.0
231.0,-348.0,-47.0,168.0,243.0,-347.0,18.0,-275.0,101.0,-113.0
177.0,-554.0,-37.0,133.0,125.0,-369.0,-194.0,-365.0,102.0,-84.0
214.0,-808.0,-9.0,44.0,224.0,-262.0,-24.0,-393.0,95.0,-76.0
188.0,-659.0,17.0,-7.0,76.0,-285.0,-149.0,-367.0,87.0,-89.0
208.0,-649.0,18.0,60.0,-84.0,-256.0,2.0,-408.0,45.0,-102.0
200.0,-559.0,52.0,91.0,-113.0,-59.0,179.0,-277.0,14.0,-170.0
188.0,-199.0,69.0,68.0,-290.0,-27.0,71.0,-267.0,-3.0,-254.0
241.0,74.0,34.0,19.0,-191.0,-175.0,338.0,-145.0,-41.0,-313.0
188.0,191.0,1.0,-61.0,-71.0,-285.0,805.0,-70.0,-46.0,-386.0
212.0,398.0,-17.0,-121.0,-259.0,-195.0,422.0,-121.0,-63.0,-456.0
126.0,650.0,-5.0,-47.0,-226.0,-29.0,-322.0,-38.0,-87.0,-514.0
143.0,497.0,34.0,84.0,-185.0,110.0,-382.0,-5.0,-98.0,-554.0
83.0,426.0,42.0,174.0,-346.0,135.0,-539.0,68.0,-106.0,-589.0
65.0,382.0,56.0,159.0,-220.0,73.0,-964.0,35.0,-106.0,-624.0
84.0,103.0,60.0,-69.0,-141.0,-87.0,-970.0,83.0,-90.0,-610.0
58.0,34.0,25.0,-216.0,-169.0,-169.0,-955.0,79.0,-46.0,-587.0
102.0,-125.0,41.0,-211.0,-34.0,-21.0,-899.0,-114.0,-16.0,-568.0
35.0,-221.0,20.0,-157.0,-106.0,41.0,-488.0,-168.0,22.0,-520.0
50.0,-166.0,3.0,-50.0,-38.0,-18.0,119.0,-284.0,70.0,-450.0
-2.0,-285.0,6.0,60.0,177.0,-111.0,581.0,-282.0,114.0,-390.0
21.0,-501.0,-3.0,192.0,151.0,-111.0,327.0,-280.0,155.0,-334.0
27.0,-546.0,50.0,236.0,167.0,39.0,-246.0,-253.0,193.0,-261.0
49.0,-358.0,81.0,192.0,163.0,226.0,-525.0,-184.0,226.0,-179.0
115.0,-495.0,126.0,106.0,131.0,338.0,-390.0,-186.0,230.0,-111.0
84.0,-543.0,123.0,58.0,162.0,340.0,-35.0,-70.0,227.0,-44.0
85.0,-264.0,95.0,41.0,114.0,222.0,-21.0,-221.0,206.0,50.0
34.0,-68.0,127.0,-41.0,137.0,63.0,-263.0,-317.0,195.0,102.0
23.0,8.0,116.0,-105.0,200.0,-78.0,-221.0,-301.0,204.0,117.0
-19.0,-200.0,130.0,-89.0,149.0,-139.0,180.0,-266.0,181.0,148.0
-12.0,-216.0,166.0,-14.0,122.0,-31.0,470.0,-112.0,165.0,150.0
29.0,-15.0,227.0,93.0,81.0,43.0,810.0,-73.0,160.0,111.0
40.0,202.0,291.0,232.0,30.0,9.0,1166.0,120.0,140.0,41.0
63.0,280.0,355.0,269.0,65.0,4.0,889.0,121.0,132.0,-17.0
59.0,257.0,402.0,185.0,40.0,77.0,512.0,60.0,117.0,-79.0
54.0,685.0,343.0,66.0,7.0,18.0,518.0,-9.0,100.0,-168.0
28.0,767.0,355.0,-64.0,81.0,-57.0,412.0,-245.0,95.0,-249.0
13.0,521.0,341.0,-132.0,101.0,110.0,72.0,-273.0,85.0,-314.0
22.0,641.0,279.0,-200.0,86.0,369.0,-66.0,-410.0,77.0,-376.0
45.0,688.0,301.0,-256.0,87.0,372.0,92.0,-375.0,42.0,-447.0
93.0,445.0,258.0,-194.0,23.0,214.0,129.0,-343.0,13.0,-466.0
132.0,146.0,246.0,-76.0,24.0,263.0,-8.0,-325.0,-2.0,-455.0
130.0,-144.0,284.0,36.0,-29.0,212.0,92.0,-14.0,-20.0,-469.0
116.0,-473.0,285.0,82.0,-61.0,66.0,122.0,70.0,-30.0,-448.0
85.0,-609.0,271.0,38.0,6.0,60.0,51.0,60.0,-39.0,-394.0
69.0,-705.0,233.0,17.0,-126.0,185.0,-6.0,-88.0,-51.0,-348.0
35.0,-865.0,161.0,11.0,-139.0,367.0,-364.0,-110.0,-82.0,-334.0
19.0,-875.0,93.0,-19.0,-73.0,355.0,-523.0,-83.0,-123.0,-313.0
12.0,-574.0,65.0,11.0,-209.0,348.0,-440.0,-208.0,-141.0,-275.0
-2.0,-317.0,19.0,88.0,-197.0,542.0,-523.0,-197.0,-140.0,-276.0
13.0,-186.0,30.0,88.0,-158.0,536.0,-890.0,-301.0,-144.0,-288.0
-3.0,144.0,15.0,30.0,-270.0,340.0,-1188.0,-144.0,-144.0,-288.0
-14.0,517.0,8.0,-9.0,-241.0,321.0,-1075.0,-86.0,-143.0,-277.0
-45.0,565.0,46.0,-13.0,-191.0,264.0,-905.0,-236.0,-139.0,-277.0
-85.0,414.0,5.0,39.0,-207.0,85.0,-559.0,-112.0,-136.0,-278.0
-128.0,816.0,34.0,90.0,-87.0,-57.0,71.0,-90.0,-144.0,-263.0
-166.0,878.0,33.0,148.0,-75.0,106.0,610.0,-103.0,-134.0,-249.0
-172.0,363.0,6.0,156.0,-149.0,244.0,980.0,-242.0,-140.0,-240.0
-148.0,191.0,24.0,89.0,-51.0,137.0,1118.0,-260.0,-157.0,-209.0
-121.0,209.0,24.0,24.0,-35.0,164.0,894.0,-155.0,-176.0,-151.0
-146.0,50.0,30.0,-55.0,-61.0,137.0,591.0,-151.0,-161.0,-128.0
-160.0,-476.0,24.0,-90.0,6.0,142.0,473.0,-24.0,-116.0,-102.0
-148.0,-555.0,92.0,-71.0,38.0,191.0,569.0,38.0,-99.0,-53.0
-134.0,-467.0,112.0,-90.0,1.0,302.0,590.0,157.0,-85.0,-17.0
-141.0,-740.0,107.0,-120.0,13.0,340.0,377.0,151.0,-72.0,-17.0
-138.0,-834.0,139.0,-71.0,138.0,201.0,228.0,70.0,-56.0,-9.0
-136.0,-681.0,85.0,-21.0,58.0,139.0,233.0,22.0,-25.0,25.0
-135.0,-297.0,59.0,0.0,-3.0,37.0,338.0,-110.0,-1.0,29.0
-121.0,-102.0,9.0,3.0,93.0,90.0,255.0,-68.0,-8.0,35.0
-85.0,-47.0,-27.0,-64.0,3.0,200.0,-126.0,-190.0,15.0,36.0
-49.0,154.0,2.0,-161.0,13.0,241.0,-515.0,-349.0,40.0,28.0
-40.0,291.0,-12.0,-225.0,127.0,329.0,-531.0,-382.0,30.0,3.0
-46.0,514.0,-7.0,-184.0,112.0,421.0,-81.0,-321.0,34.0,-35.0
-97.0,522.0,23.0,-113.0,96.0,414.0,243.0,-125.0,20.0,-35.0
-108.0,365.0,0.0,-65.0,90.0,332.0,59.0,-44.0,32.0,-18.0
-105.0,590.0,12.0,10.0,39.0,428.0,-250.0,151.0,68.0,5.0
-96.0,531.0,22.0,76.0,49.0,428.0,-463.0,275.0,88.0,32.0
-103.0,274.0,10.0,102.0,52.0,192.0,-582.0,312.0,84.0,57.0
-101.0,58.0,42.0,109.0,-41.0,-45.0,-294.0,201.0,50.0,64.0
-94.0,-242.0,0.0,119.0,-52.0,-98.0,215.0,-73.0,40.0,57.0
-117.0,-121.0,24.0,78.0,-73.0,33.0,380.0,-138.0,12.0,79.0
-90.0,-264.0,51.0,6.0,-70.0,139.0,238.0,-218.0,-31.0,99.0
-101.0,-524.0,-27.0,-13.0,54.0,206.0,107.0,-77.0,-41.0,84.0
-62.0,-483.0,-6.0,3.0,-3.0,279.0,-39.0,55.0,-63.0,63.0
-63.0,-519.0,-24.0,0.0,-52.0,344.0,37.0,103.0,-64.0,52.0
-68.0,-601.0,-115.0,25.0,29.0,250.0,511.0,238.0,-60.0,29.0
-53.0,-860.0,-80.0,65.0,-64.0,142.0,746.0,81.0,-105.0,-12.0
-85.0,-899.0,-107.0,17.0,-94.0,250.0,551.0,9.0,-130.0,-45.0
-86.0,-756.0,-128.0,-80.0,4.0,349.0,231.0,-62.0,-143.0,-67.0
-134.0,-605.0,-48.0,-214.0,-8.0,304.0,74.0,-27.0,-171.0,-86.0
-114.0,-617.0,-79.0,-288.0,-44.0,193.0,221.0,83.0,-180.0,-87.0
-108.0,-457.0,-51.0,-312.0,4.0,102.0,614.0,84.0,-191.0,-88.0
-98.0,143.0,-40.0,-337.0,0.0,-22.0,986.0,177.0,-181.0,-110.0
-122.0,90.0,-44.0,-320.0,-58.0,-103.0,944.0,42.0,-140.0,-142.0
-139.0,-75.0,-22.0,-311.0,-34.0,52.0,556.0,48.0,-97.0,-156.0
-95.0,539.0,-36.0,-259.0,-24.0,228.0,-29.0,-33.0,-60.0,-129.0
-96.0,827.0,20.0,-184.0,1.0,219.0,-446.0,-136.0,-39.0,-125.0
-75.0,557.0,10.0,-121.0,32.0,148.0,-413.0,24.0,-40.0,-134.0
-97.0,771.0,13.0,-79.0,44.0,79.0,-127.0,16.0,-63.0,-108.0
-46.0,823.0,41.0,-56.0,14.0,149.0,-35.0,186.0,-73.0,-80.0
-37.0,672.0,43.0,-40.0,-22.0,197.0,-364.0,260.0,-43.0,-70.0
-44.0,773.0,71.0,-3.0,35.0,-41.0,-693.0,325.0,-14.0,-71.0
-41.0,713.0,76.0,96.0,16.0,-145.0,-769.0,345.0,-2.0,-57.0
-65.0,642.0,76.0,151.0,-56.0,-93.0,-546.0,70.0,19.0,-50.0
-41.0,516.0,94.0,175.0,-60.0,-104.0,-314.0,-83.0,26.0,-64.0
-74.0,585.0,75.0,189.0,31.0,-96.0,-330.0,-249.0,18.0,-67.0
-73.0,177.0,71.0,149.0,55.0,58.0,-434.0,-192.0,33.0,-88.0
-62.0,-73.0,67.0,100.0,5.0,346.0,-315.0,-136.0,39.0,-123.0
-28.0,132.0,64.0,30.0,35.0,355.0,248.0,-120.0,27.0,-135.0
3.0,-387.0,108.0,-15.0,67.0,233.0,753.0,24.0,38.0,-123.0
39.0,-689.0,59.0,-59.0,43.0,149.0,705.0,66.0,39.0,-107.0
70.0,-775.0,38.0,-125.0,-25.0,1.0,318.0,273.0,37.0,-113.0
83.0,-908.0,71.0,-126.0,-42.0,-77.0,38.0,291.0,38.0,-90.0
83.0,-893.0,87.0,-98.0,-79.0,54.0,48.0,267.0,19.0,-43.0
78.0,-915.0,105.0,-79.0,-58.0,261.0,423.0,291.0,16.0,-28.0
112.0,-942.0,82.0,-86.0,-42.0,297.0,897.0,186.0,23.0,-9.0
110.0,-882.0,53.0,-142.0,-101.0,235.0,992.0,142.0,29.0,12.0
113.0,-797.0,27.0,-148.0,-64.0,166.0,674.0,20.0,10.0,16.0
80.0,-692.0,30.0,-147.0,-78.0,252.0,270.0,121.0,-44.0,8.0
88.0,-546.0,21.0,-193.0,-114.0,276.0,171.0,238.0,-71.0,-10.0
86.0,-298.0,35.0,-203.0,-88.0,184.0,306.0,314.0,-87.0,-17.0
53.0,22.0,43.0,-207.0,-44.0,233.0,342.0,330.0,-119.0,-27.0
22.0,-85.0,-14.0,-179.0,-32.0,345.0,121.0,232.0,-139.0,-55.0
-15.0,-39.0,-57.0,-102.0,9.0,346.0,-88.0,328.0,-169.0,-73.0
-11.0,467.0,-92.0,-61.0,26.0,102.0,5.0,203.0,-203.0,-82.0
-49.0,850.0,-104.0,-50.0,16.0,62.0,176.0,129.0,-221.0,-82.0
-52.0,697.0,-162.0,-30.0,131.0,240.0,153.0,51.0,-230.0,-76.0
-47.0,834.0,-222.0,-31.0,113.0,379.0,-82.0,-38.0,-231.0,-55.0
-60.0,1210.0,-237.0,-41.0,-22.0,599.0,-282.0,-33.0,-193.0,-12.0
-81.0,779.0,-267.0,-31.0,-9.0,729.0,-241.0,-232.0,-113.0,38.0
-78.0,641.0,-224.0,3.0,57.0,628.0,-155.0,-225.0,-61.0,94.0
-36.0,767.0,-215.0,24.0,17.0,437.0,-171.0,-164.0,-25.0,138.0
-26.0,414.0,-205.0,3.0,-8.0,394.0,-205.0,66.0,11.0,171.0
-9.0,76.0,-137.0,36.0,6.0,444.0,-207.0,336.0,20.0,188.0
0.0,25.0,-156.0,101.0,-5.0,419.0,62.0,498.0,25.0,187.0
-18.0,12.0,-152.0,131.0,73.0,314.0,305.0,633.0,40.0,196.0
-7.0,-92.0,-123.0,166.0,2.0,219.0,112.0,421.0,96.0,191.0
-15.0,162.0,-144.0,177.0,-53.0,262.0,-37.0,271.0,148.0,163.0
0.0,101.0,-146.0,138.0,73.0,335.0,-12.0,27.0,178.0,119.0
-4.0,-210.0,-103.0,76.0,-30.0,177.0,8.0,-164.0,204.0,59.0
-47.0,157.0,-73.0,17.0,-137.0,93.0,-97.0,-88.0,204.0,12.0
-49.0,47.0,-41.0,22.0,-78.0,295.0,-346.0,-86.0,230.0,-45.0
-113.0,-200.0,0.0,61.0,-30.0,228.0,-417.0,-44.0,251.0,-131.0
-99.0,-118.0,-25.0,94.0,-66.0,73.0,-188.0,-96.0,213.0,-198.0
-101.0,-364.0,-1.0,95.0,-77.0,153.0,249.0,-25.0,135.0,-275.0
-78.0,-295.0,27.0,72.0,-66.0,256.0,581.0,55.0,55.0,-370.0
-59.0,-410.0,17.0,44.0,-57.0,358.0,521.0,81.0,8.0,-422.0
-77.0,-465.0,33.0,-39.0,90.0,362.0,197.0,205.0,-9.0,-463.0
-53.0,-368.0,37.0,-103.0,43.0,434.0,0.0,236.0,-19.0,-501.0
-106.0,-575.0,100.0,-131.0,-30.0,479.0,99.0,450.0,-57.0,-505.0
-86.0,-470.0,89.0,-90.0,34.0,365.0,302.0,521.0,-111.0,-473.0
-128.0,-591.0,67.0,-13.0,138.0,416.0,343.0,478.0,-158.0,-407.0
-100.0,-502.0,113.0,55.0,153.0,611.0,213.0,458.0,-183.0,-328.0
-101.0,-222.0,90.0,162.0,5.0,761.0,123.0,406.0,-209.0,-232.0
-122.0,-440.0,71.0,215.0,131.0,797.0,-27.0,565.0,-249.0,-131.0
-113.0,-390.0,77.0,241.0,174.0,818.0,-272.0,412.0,-272.0,-37.0
-167.0,-143.0,58.0,270.0,85.0,836.0,-268.0,267.0,-262.0,59.0
-143.0,-1.0,43.0,238.0,102.0,950.0,-15.0,219.0,-243.0,160.0
-188.0,-143.0,46.0,200.0,92.0,1179.0,76.0,11.0,-254.0,271.0
-156.0,134.0,48.0,204.0,148.0,1278.0,40.0,-73.0,-276.0,366.0
-149.0,643.0,74.0,223.0,80.0,1091.0,196.0,-160.0,-277.0,447.0
-127.0,306.0,29.0,221.0,-8.0,788.0,450.0,-88.0,-242.0,530.0
-112.0,464.0,28.0,188.0,30.0,714.0,443.0,-31.0,-195.0,575.0
-137.0,797.0,59.0,156.0,51.0,771.0,172.0,79.0,-165.0,597.0
-148.0,442.0,51.0,119.0,4.0,860.0,40.0,199.0,-144.0,613.0
-168.0,545.0,44.0,85.0,-58.0,848.0,17.0,182.0,-110.0,582.0
-138.0,736.0,-10.0,79.0,-101.0,715.0,-65.0,267.0,-89.0,506.0
-144.0,339.0,0.0,45.0,-90.0,706.0,-126.0,216.0,-55.0,429.0
-101.0,370.0,-45.0,-8.0,-58.0,671.0,-95.0,219.0,-9.0,359.0
-81.0,710.0,-28.0,-61.0,-126.0,392.0,120.0,96.0,-1.0,271.0
-51.0,342.0,9.0,-120.0,-104.0,109.0,229.0,-79.0,16.0,168.0
-64.0,136.0,-58.0,-128.0,7.0,146.0,103.0,22.0,27.0,78.0
-57.0,127.0,-49.0,-102.0,23.0,197.0,-7.0,-12.0,24.0,-18.0
-45.0,-235.0,-43.0,-100.0,30.0,127.0,-203.0,68.0,40.0,-142.0
-37.0,-354.0,-98.0,-76.0,10.0,200.0,-258.0,197.0,48.0,-265.0
-12.0,-439.0,-114.0,-45.0,-3.0,397.0,138.0,236.0,51.0,-375.0
-34.0,-592.0,-116.0,-11.0,44.0,510.0,465.0,260.0,70.0,-484.0
12.0,-438.0,-191.0,18.0,27.0,484.0,174.0,290.0,67.0,-592.0
39.0,-344.0,-172.0,58.0,-18.0,431.0,-412.0,424.0,50.0,-662.0
48.0,-448.0,-178.0,145.0,37.0,323.0,-499.0,352.0,44.0,-702.0
0.0,-492.0,-174.0,153.0,129.0,340.0,-42.0,293.0,51.0,-709.0
0.0,-550.0,-106.0,144.0,77.0,473.0,364.0,218.0,75.0,-679.0
10.0,-342.0,-107.0,169.0,-42.0,418.0,305.0,153.0,75.0,-614.0
57.0,-214.0,-70.0,166.0,-13.0,386.0,-190.0,216.0,65.0,-512.0
103.0,-363.0,-65.0,175.0,79.0,542.0,-585.0,179.0,40.0,-396.0
96.0,-213.0,-36.0,145.0,-41.0,651.0,-736.0,297.0,24.0,-271.0
124.0,32.0,-34.0,68.0,-88.0,691.0,-776.0,415.0,30.0,-155.0
92.0,199.0,-38.0,10.0,55.0,767.0,-547.0,546.0,30.0,-42.0
117.0,102.0,5.0,-9.0,42.0,853.0,-110.0,504.0,37.0,59.0
104.0,90.0,-57.0,-29.0,42.0,830.0,356.0,356.0,16.0,144.0
119.0,287.0,-48.0,-51.0,-17.0,757.0,740.0,399.0,-3.0,220.0
130.0,197.0,3.0,-78.0,17.0,728.0,1014.0,260.0,-10.0,265.0
118.0,313.0,-38.0,-103.0,170.0,596.0,1345.0,175.0,-39.0,303.0
94.0,637.0,-61.0,-107.0,39.0,542.0,1452.0,9.0,-69.0,338.0
34.0,620.0,-76.0,-103.0,-25.0,738.0,980.0,-73.0,-88.0,359.0
15.0,421.0,-71.0,-96.0,55.0,918.0,327.0,-57.0,-93.0,365.0
-23.0,518.0,-100.0,-94.0,136.0,818.0,-126.0,-158.0,-87.0,374.0
-3.0,516.0,-119.0,-96.0,156.0,573.0,-358.0,-31.0,-78.0,390.0
-4.0,269.0,-143.0,-161.0,109.0,546.0,-445.0,-62.0,-63.0,382.0
6.0,546.0,-163.0,-246.0,45.0,598.0,-516.0,-46.0,-33.0,365.0
-16.0,573.0,-108.0,-215.0,85.0,512.0,-466.0,46.0,28.0,351.0
-43.0,47.0,-123.0,-117.0,136.0,322.0,-268.0,121.0,92.0,337.0
-48.0,179.0,-57.0,-8.0,-66.0,158.0,-310.0,352.0,139.0,278.0
-68.0,500.0,-66.0,79.0,-73.0,70.0,-708.0,465.0,169.0,213.0
-60.0,145.0,-122.0,117.0,-27.0,-33.0,-1014.0,618.0,180.0,183.0
-77.0,-131.0,-103.0,124.0,-136.0,-108.0,-914.0,565.0,181.0,160.0
-58.0,109.0,-148.0,136.0,-142.0,-122.0,-733.0,482.0,168.0,157.0
-60.0,-29.0,-176.0,161.0,-199.0,-84.0,-793.0,415.0,141.0,147.0
-34.0,-469.0,-197.0,188.0,-180.0,-50.0,-729.0,157.0,114.0,161.0
-37.0,-44.0,-156.0,173.0,-136.0,-68.0,-349.0,110.0,104.0,172.0
-40.0,96.0,-195.0,134.0,-196.0,-68.0,141.0,70.0,97.0,163.0
-25.0,-418.0,-174.0,179.0,-233.0,-77.0,523.0,144.0,64.0,179.0
-23.0,-59.0,-153.0,210.0,-149.0,-191.0,673.0,194.0,22.0,157.0
21.0,-6.0,-204.0,228.0,-35.0,-166.0,922.0,229.0,0.0,114.0
37.0,-427.0,-154.0,290.0,-88.0,-25.0,1336.0,417.0,-24.0,72.0
52.0,-14.0,-180.0,335.0,-114.0,58.0,1576.0,415.0,-55.0,19.0
39.0,336.0,-179.0,365.0,-25.0,131.0,1504.0,469.0,-50.0,-49.0
45.0,-95.0,-171.0,326.0,90.0,131.0,1282.0,330.0,-40.0,-126.0
30.0,-27.0,-150.0,269.0,74.0,173.0,906.0,195.0,-40.0,-172.0
17.0,307.0,-114.0,152.0,15.0,126.0,252.0,214.0,-51.0,-209.0
17.0,-132.0,-96.0,-17.0,118.0,112.0,-391.0,142.0,-56.0,-238.0
15.0,-122.0,-61.0,-136.0,170.0,210.0,-799.0,177.0,-41.0,-261.0
57.0,-34.0,-77.0,-252.0,198.0,308.0,-826.0,144.0,-19.0,-266.0
39.0,-286.0,-51.0,-283.0,62.0,383.0,-531.0,277.0,15.0,-255.0
26.0,-411.0,-29.0,-248.0,10.0,344.0,-300.0,293.0,35.0,-243.0
17.0,-548.0,-14.0,-228.0,184.0,301.0,-223.0,182.0,38.0,-202.0
42.0,-500.0,10.0,-148.0,92.0,292.0,-255.0,190.0,12.0,-142.0
88.0,-523.0,38.0,-72.0,8.0,323.0,-560.0,81.0,4.0,-78.0
101.0,-671.0,32.0,-19.0,43.0,228.0,-855.0,68.0,28.0,26.0
112.0,-480.0,38.0,84.0,48.0,291.0,-610.0,-24.0,29.0,177.0
116.0,-211.0,71.0,188.0,22.0,413.0,-194.0,59.0,51.0,320.0
131.0,-269.0,66.0,221.0,-44.0,362.0,-197.0,243.0,74.0,436.0
107.0,-76.0,120.0,264.0,-48.0,373.0,-727.0,295.0,65.0,566.0
101.0,84.0,116.0,349.0,33.0,316.0,-1274.0,317.0,68.0,692.0
127.0,45.0,142.0,405.0,63.0,279.0,-1308.0,173.0,67.0,761.0
178.0,104.0,119.0,393.0,-65.0,186.0,-1030.0,145.0,90.0,786.0
231.0,355.0,67.0,322.0,-84.0,129.0,-444.0,22.0,123.0,793.0
252.0,338.0,130.0,302.0,4.0,-39.0,444.0,-68.0,138.0,753.0
278.0,293.0,83.0,273.0,52.0,-190.0,967.0,-36.0,154.0,684.0
289.0,835.0,84.0,243.0,-10.0,-38.0,614.0,3.0,137.0,606.0
297.0,642.0,77.0,266.0,-94.0,-43.0,-37.0,186.0,96.0,509.0
276.0,364.0,37.0,270.0,-1.0,-43.0,15.0,53.0,64.0,405.0
249.0,541.0,59.0,300.0,3.0,-54.0,754.0,-33.0,39.0,290.0
231.0,445.0,39.0,335.0,-33.0,-202.0,1237.0,84.0,5.0,204.0
226.0,215.0,-14.0,349.0,-19.0,-330.0,945.0,221.0,-6.0,131.0
225.0,-94.0,-40.0,324.0,-14.0,-403.0,332.0,417.0,-2.0,38.0
232.0,-185.0,-18.0,278.0,85.0,-427.0,-179.0,473.0,-2.0,-16.0
232.0,-330.0,-60.0,224.0,94.0,-411.0,-511.0,570.0,20.0,-44.0
204.0,-281.0,-87.0,158.0,-26.0,-356.0,-451.0,546.0,20.0,-57.0
184.0,-256.0,-71.0,100.0,-40.0,-354.0,-21.0,554.0,11.0,-70.0
129.0,-415.0,-58.0,62.0,121.0,-345.0,321.0,533.0,37.0,-75.0
94.0,-199.0,-3.0,56.0,168.0,-367.0,249.0,434.0,34.0,-40.0
52.0,-80.0,16.0,55.0,94.0,-302.0,-182.0,526.0,20.0,-24.0
32.0,-134.0,70.0,77.0,99.0,-164.0,-592.0,362.0,36.0,-2.0
20.0,-5.0,123.0,91.0,82.0,-117.0,-662.0,232.0,27.0,11.0
6.0,343.0,151.0,109.0,47.0,-78.0,-624.0,133.0,36.0,-12.0
25.0,289.0,218.0,138.0,-66.0,-17.0,-642.0,125.0,71.0,-9.0
-5.0,166.0,213.0,117.0,-81.0,60.0,-625.0,232.0,67.0,6.0
0.0,377.0,232.0,92.0,47.0,212.0,-581.0,77.0,59.0,7.0
-4.0,243.0,231.0,81.0,25.0,385.0,-425.0,123.0,54.0,-14.0
0.0,367.0,207.0,38.0,-46.0,401.0,-275.0,123.0,33.0,-9.0
3.0,494.0,188.0,8.0,-51.0,402.0,-90.0,70.0,26.0,23.0
26.0,302.0,141.0,6.0,42.0,362.0,125.0,-12.0,41.0,34.0
63.0,459.0,108.0,5.0,73.0,183.0,142.0,-57.0,43.0,42.0
48.0,247.0,30.0,-4.0,-78.0,-22.0,253.0,84.0,51.0,56.0
55.0,157.0,8.0,-33.0,-84.0,-165.0,476.0,29.0,45.0,86.0
50.0,343.0,-64.0,-42.0,86.0,-212.0,591.0,179.0,53.0,103.0
68.0,-135.0,-105.0,-17.0,88.0,-250.0,577.0,203.0,73.0,96.0
32.0,-364.0,-115.0,27.0,25.0,-217.0,243.0,164.0,44.0,103.0
17.0,-237.0,-188.0,96.0,16.0,-183.0,-264.0,247.0,35.0,97.0
42.0,-151.0,-189.0,182.0,5.0,-186.0,-365.0,131.0,36.0,93.0
52.0,-382.0,-216.0,235.0,143.0,-131.0,-113.0,83.0,55.0,128.0
73.0,-425.0,-258.0,283.0,59.0,-81.0,-154.0,-96.0,81.0,146.0
52.0,-17.0,-255.0,261.0,-141.0,-22.0,-377.0,-105.0,78.0,134.0
64.0,-226.0,-218.0,181.0,38.0,-22.0,-286.0,-24.0,68.0,125.0
51.0,-185.0,-191.0,150.0,123.0,-61.0,-93.0,-9.0,80.0,152.0
28.0,9.0,-147.0,99.0,28.0,-64.0,4.0,142.0,95.0,184.0
2.0,-75.0,-96.0,72.0,4.0,-194.0,204.0,162.0,73.0,193.0
-9.0,-50.0,-50.0,36.0,-28.0,-297.0,91.0,251.0,58.0,223.0
0.0,21.0,-14.0,-7.0,71.0,-256.0,-449.0,221.0,29.0,274.0
14.0,-26.0,12.0,-25.0,58.0,-187.0,-686.0,164.0,12.0,318.0
33.0,-197.0,48.0,-13.0,-154.0,-154.0,-565.0,197.0,33.0,309.0
24.0,129.0,16.0,59.0,-79.0,-196.0,-426.0,184.0,32.0,306.0
16.0,89.0,25.0,79.0,87.0,-196.0,-192.0,229.0,13.0,332.0
-7.0,-275.0,21.0,70.0,44.0,-152.0,174.0,86.0,2.0,324.0
-21.0,72.0,4.0,65.0,-60.0,-130.0,520.0,97.0,-4.0,315.0
-37.0,402.0,70.0,69.0,-113.0,-206.0,654.0,116.0,-15.0,282.0
-51.0,163.0,96.0,73.0,58.0,-154.0,301.0,-25.0,-24.0,235.0
-70.0,328.0,61.0,67.0,91.0,20.0,-303.0,-48.0,-32.0,196.0
-96.0,389.0,33.0,64.0,-123.0,24.0,-390.0,-169.0,-28.0,180.0
-106.0,267.0,29.0,58.0,-74.0,-16.0,-70.0,-125.0,-14.0,199.0
-98.0,440.0,-24.0,83.0,10.0,-81.0,-149.0,-14.0,0.0,203.0
-91.0,25.0,-89.0,111.0,0.0,-101.0,-450.0,86.0,15.0,206.0
-101.0,-188.0,-85.0,136.0,35.0,-101.0,-426.0,166.0,49.0,237.0
-103.0,-222.0,-74.0,123.0,4.0,-173.0,-273.0,133.0,80.0,285.0
-126.0,-226.0,-94.0,120.0,61.0,-329.0,-207.0,232.0,121.0,304.0
-146.0,-360.0,-111.0,115.0,51.0,-448.0,-89.0,227.0,162.0,303.0
-171.0,-500.0,-140.0,80.0,-119.0,-419.0,136.0,201.0,179.0,326.0
-177.0,-162.0,-127.0,83.0,-115.0,-352.0,298.0,77.0,217.0,336.0
-179.0,-239.0,-88.0,79.0,-44.0,-306.0,405.0,5.0,242.0,321.0
-150.0,-295.0,-145.0,90.0,-13.0,-396.0,433.0,33.0,259.0,298.0
-113.0,-64.0,-123.0,91.0,-3.0,-457.0,319.0,-175.0,245.0,285.0
-112.0,-87.0,-77.0,66.0,-151.0,-494.0,258.0,-253.0,218.0,261.0
-103.0,-209.0,-102.0,67.0,-139.0,-482.0,317.0,-286.0,206.0,230.0
-137.0,170.0,-33.0,60.0,5.0,-434.0,414.0,-194.0,172.0,218.0
-156.0,366.0,-20.0,30.0,-58.0,-465.0,405.0,-77.0,147.0,179.0
-166.0,13.0,-29.0,-4.0,-72.0,-395.0,144.0,-57.0,107.0,125.0
-144.0,93.0,-2.0,-17.0,-40.0,-358.0,-200.0,83.0,62.0,100.0
-95.0,288.0,-18.0,-20.0,-1.0,-318.0,-218.0,40.0,0.0,110.0
-66.0,-13.0,-39.0,-33.0,55.0,-308.0,139.0,68.0,-54.0,113.0
-46.0,-109.0,-86.0,-18.0,-88.0,-354.0,402.0,11.0,-90.0,101.0
-63.0,257.0,-17.0,-13.0,-65.0,-265.0,195.0,-22.0,-154.0,89.0
-85.0,158.0,6.0,-24.0,143.0,-165.0,-238.0,109.0,-210.0,84.0
-107.0,69.0,-23.0,-22.0,81.0,-152.0,-576.0,-57.0,-246.0,74.0
-109.0,278.0,34.0,-34.0,-38.0,-199.0,-727.0,-162.0,-272.0,48.0
-111.0,218.0,-10.0,-23.0,-34.0,-308.0,-788.0,-223.0,-294.0,31.0
-106.0,326.0,-15.0,-25.0,15.0,-358.0,-779.0,-145.0,-280.0,19.0
-91.0,263.0,-1.0,-25.0,114.0,-333.0,-439.0,-90.0,-263.0,36.0
-49.0,104.0,-73.0,7.0,48.0,-271.0,9.0,-212.0,-255.0,63.0
-8.0,159.0,-78.0,58.0,-59.0,-135.0,300.0,-223.0,-245.0,79.0
2.0,-156.0,-71.0,96.0,99.0,-74.0,405.0,-400.0,-221.0,102.0
16.0,-74.0,-61.0,124.0,157.0,-49.0,428.0,-399.0,-143.0,135.0
21.0,-37.0,-47.0,145.0,28.0,-75.0,467.0,-413.0,-78.0,183.0
44.0,-433.0,-59.0,117.0,23.0,-58.0,290.0,-454.0,-16.0,220.0
36.0,-351.0,-56.0,71.0,72.0,-66.0,62.0,-290.0,46.0,228.0
51.0,-389.0,-19.0,19.0,199.0,-212.0,121.0,-214.0,85.0,225.0
52.0,-246.0,15.0,15.0,180.0,-221.0,364.0,-70.0,123.0,233.0
50.0,-208.0,-20.0,40.0,-31.0,-194.0,388.0,-158.0,180.0,224.0
49.0,-192.0,-62.0,51.0,21.0,-173.0,48.0,-182.0,226.0,210.0
12.0,18.0,-92.0,55.0,137.0,-118.0,-373.0,-127.0,259.0,190.0
30.0,-29.0,-73.0,50.0,30.0,2.0,-542.0,-194.0,284.0,162.0
30.0,194.0,-71.0,89.0,-129.0,81.0,-513.0,-131.0,298.0,148.0
30.0,-3.0,-92.0,112.0,-163.0,-84.0,-468.0,-97.0,322.0,126.0
19.0,-16.0,-65.0,96.0,-10.0,-377.0,-372.0,70.0,319.0,79.0
23.0,197.0,-91.0,81.0,82.0,-500.0,-130.0,18.0,315.0,33.0
20.0,210.0,-28.0,44.0,-125.0,-546.0,134.0,-138.0,309.0,30.0
13.0,-1.0,14.0,54.0,-240.0,-656.0,3.0,-225.0,269.0,-7.0
21.0,-170.0,8.0,96.0,-25.0,-625.0,-257.0,-319.0,188.0,-67.0
7.0,447.0,39.0,93.0,52.0,-573.0,-185.0,-249.0,113.0,-86.0
8.0,267.0,44.0,98.0,-123.0,-541.0,100.0,-315.0,65.0,-99.0
0.0,22.0,25.0,106.0,-180.0,-642.0,341.0,-238.0,1.0,-130.0
28.0,138.0,-36.0,104.0,-29.0,-717.0,450.0,-75.0,-43.0,-145.0
30.0,-38.0,4.0,137.0,52.0,-686.0,541.0,-5.0,-88.0,-132.0
45.0,185.0,-20.0,161.0,0.0,-801.0,497.0,-66.0,-129.0,-119.0
34.0,329.0,-73.0,146.0,-78.0,-900.0,122.0,-288.0,-157.0,-82.0
3.0,264.0,-46.0,132.0,0.0,-798.0,-310.0,-219.0,-172.0,-40.0
4.0,72.0,-79.0,109.0,171.0,-559.0,-197.0,-181.0,-161.0,25.0
20.0,229.0,-94.0,37.0,85.0,-613.0,448.0,-171.0,-173.0,74.0
48.0,497.0,-73.0,-65.0,-64.0,-792.0,860.0,-214.0,-160.0,108.0
36.0,259.0,-64.0,-141.0,54.0,-771.0,573.0,-404.0,-109.0,203.0
42.0,124.0,-63.0,-202.0,209.0,-607.0,-88.0,-395.0,-85.0,273.0
26.0,185.0,-14.0,-218.0,94.0,-407.0,-635.0,-432.0,-42.0,304.0
30.0,-120.0,-19.0,-183.0,3.0,-305.0,-766.0,-386.0,7.0,337.0
16.0,-379.0,-6.0,-134.0,50.0,-246.0,-453.0,-334.0,39.0,380.0
14.0,-256.0,72.0,-22.0,83.0,-181.0,-73.0,-203.0,101.0,419.0
11.0,-334.0,28.0,63.0,125.0,-214.0,87.0,-33.0,133.0,414.0
-2.0,-520.0,47.0,59.0,-69.0,-375.0,-102.0,-133.0,140.0,386.0
6.0,-478.0,72.0,17.0,-185.0,-358.0,-373.0,-121.0,157.0,365.0
-11.0,-252.0,0.0,12.0,35.0,-285.0,-297.0,-177.0,157.0,322.0
16.0,-238.0,16.0,38.0,35.0,-379.0,-36.0,-107.0,145.0,270.0
8.0,-339.0,-29.0,34.0,-163.0,-429.0,103.0,-105.0,141.0,250.0
5.0,-293.0,-61.0,51.0,-147.0,-376.0,183.0,-236.0,141.0,203.0
16.0,-104.0,-52.0,39.0,-43.0,-388.0,154.0,-109.0,116.0,142.0
26.0,-7.0,-100.0,16.0,16.0,-515.0,-70.0,-127.0,111.0,116.0
34.0,-322.0,-113.0,30.0,-11.0,-574.0,-149.0,-9.0,100.0,96.0
40.0,-234.0,-148.0,58.0,-134.0,-398.0,-130.0,-36.0,61.0,65.0
58.0,32.0,-160.0,100.0,-53.0,-303.0,-322.0,-267.0,48.0,35.0
56.0,-162.0,-160.0,141.0,103.0,-461.0,-605.0,-399.0,49.0,41.0
48.0,-72.0,-199.0,173.0,14.0,-427.0,-660.0,-489.0,36.0,54.0
13.0,17.0,-230.0,179.0,-150.0,-194.0,-417.0,-315.0,2.0,49.0
31.0,-121.0,-228.0,164.0,-36.0,-84.0,-20.0,-303.0,-39.0,62.0
45.0,284.0,-279.0,129.0,129.0,-235.0,464.0,-147.0,-76.0,63.0
56.0,197.0,-265.0,89.0,-10.0,-393.0,938.0,53.0,-89.0,41.0
26.0,-398.0,-213.0,31.0,-103.0,-341.0,1217.0,-1.0,-93.0,25.0
-13.0,13.0,-258.0,-37.0,-4.0,-282.0,915.0,-14.0,-86.0,5.0
-36.0,440.0,-232.0,-109.0,-9.0,-415.0,151.0,-216.0,-77.0,-18.0
-84.0,242.0,-229.0,-165.0,-88.0,-519.0,-392.0,-293.0,-91.0,-59.0
-115.0,108.0,-208.0,-190.0,-79.0,-467.0,-408.0,-293.0,-110.0,-100.0
-140.0,337.0,-166.0,-197.0,-134.0,-473.0,-136.0,-236.0,-118.0,-118.0
-117.0,711.0,-163.0,-183.0,-3.0,-406.0,-28.0,-83.0,-120.0,-139.0
-136.0,521.0,-157.0,-179.0,118.0,-271.0,-123.0,-68.0,-121.0,-164.0
-150.0,47.0,-151.0,-181.0,-96.0,-200.0,-278.0,-3.0,-93.0,-192.0
-144.0,212.0,-113.0,-185.0,5.0,-313.0,-434.0,-20.0,-69.0,-179.0
-124.0,505.0,-91.0,-208.0,119.0,-419.0,-522.0,38.0,-39.0,-146.0
-101.0,335.0,-56.0,-231.0,73.0,-306.0,-385.0,-24.0,10.0,-143.0
-100.0,129.0,-47.0,-204.0,171.0,-157.0,28.0,-182.0,43.0,-101.0
-74.0,-95.0,-15.0,-152.0,53.0,-103.0,359.0,-210.0,95.0,-62.0
-44.0,119.0,13.0,-128.0,42.0,-198.0,359.0,-367.0,127.0,-62.0
-23.0,62.0,-33.0,-115.0,273.0,-199.0,156.0,-242.0,139.0,-40.0
-12.0,-585.0,-27.0,-99.0,145.0,-148.0,-48.0,-120.0,150.0,0.0
36.0,-612.0,6.0,-102.0,-107.0,-200.0,-161.0,-38.0,155.0,14.0
57.0,-493.0,-21.0,-87.0,34.0,-253.0,-229.0,129.0,150.0,3.0
64.0,-589.0,-56.0,-41.0,86.0,-245.0,-362.0,123.0,131.0,9.0
57.0,-632.0,-79.0,-79.0,-9.0,-335.0,-483.0,169.0,101.0,7.0
77.0,-280.0,-115.0,-132.0,24.0,-455.0,-579.0,105.0,71.0,-24.0
122.0,-236.0,-116.0,-134.0,-67.0,-308.0,-549.0,72.0,57.0,-78.0
122.0,-503.0,-134.0,-165.0,-62.0,-129.0,-178.0,-49.0,28.0,-110.0
122.0,-225.0,-111.0,-190.0,1.0,-100.0,394.0,-179.0,19.0,-121.0
126.0,-312.0,-114.0,-157.0,-54.0,-154.0,1021.0,-197.0,19.0,-182.0
155.0,-246.0,-166.0,-90.0,-67.0,-252.0,1262.0,-312.0,13.0,-259.0
121.0,91.0,-114.0,-71.0,-9.0,-303.0,787.0,-273.0,10.0,-278.0
90.0,-70.0,-96.0,-71.0,73.0,-338.0,23.0,-267.0,6.0,-304.0
70.0,-300.0,-95.0,-77.0,-63.0,-406.0,-355.0,-103.0,21.0,-399.0
66.0,7.0,-102.0,-95.0,-141.0,-327.0,-194.0,-20.0,14.0,-458.0
57.0,308.0,-83.0,-98.0,114.0,-150.0,77.0,-105.0,14.0,-475.0
23.0,-171.0,-46.0,-105.0,141.0,-191.0,159.0,-46.0,7.0,-518.0
21.0,-10.0,-59.0,-120.0,6.0,-371.0,-69.0,-155.0,0.0,-541.0
2.0,659.0,-41.0,-133.0,-11.0,-447.0,-302.0,-136.0,16.0,-489.0
26.0,429.0,-105.0,-133.0,-22.0,-396.0,-79.0,-90.0,5.0,-424.0
18.0,-163.0,-111.0,-173.0,120.0,-292.0,439.0,-79.0,0.0,-418.0
17.0,277.0,-85.0,-193.0,33.0,-178.0,652.0,-64.0,4.0,-351.0
23.0,623.0,-101.0,-209.0,-175.0,-36.0,290.0,-184.0,0.0,-237.0
24.0,-124.0,-81.0,-268.0,-51.0,12.0,-359.0,-258.0,-7.0,-181.0
-13.0,-315.0,-69.0,-248.0,-86.0,-146.0,-788.0,-358.0,-8.0,-143.0
-62.0,-157.0,35.0,-221.0,-195.0,-329.0,-648.0,-221.0,-2.0,-80.0
-36.0,-127.0,5.0,-229.0,-150.0,-442.0,-87.0,-129.0,11.0,-3.0
-47.0,-69.0,-36.0,-248.0,-155.0,-399.0,374.0,-103.0,0.0,11.0
-7.0,27.0,39.0,-290.0,-67.0,-259.0,321.0,29.0,-5.0,1.0
1.0,-334.0,-28.0,-297.0,-66.0,-121.0,-77.0,-103.0,10.0,31.0
4.0,-402.0,-53.0,-259.0,-177.0,37.0,-433.0,-171.0,23.0,60.0
-5.0,138.0,-32.0,-188.0,-93.0,27.0,-412.0,-284.0,47.0,41.0
-28.0,-292.0,-51.0,-90.0,0.0,-51.0,-9.0,-352.0,58.0,20.0
-8.0,-609.0,-24.0,-5.0,-26.0,-66.0,223.0,-323.0,65.0,31.0
-31.0,-104.0,-50.0,20.0,-75.0,-19.0,-163.0,-352.0,65.0,13.0
-13.0,231.0,-51.0,15.0,-19.0,-43.0,-869.0,-208.0,52.0,0.0
-22.0,-366.0,-55.0,32.0,128.0,-112.0,-1207.0,-129.0,35.0,30.0
-5.0,-401.0,-77.0,70.0,156.0,31.0,-954.0,9.0,36.0,53.0
35.0,280.0,-97.0,98.0,43.0,221.0,-366.0,38.0,38.0,38.0
69.0,28.0,-147.0,116.0,56.0,118.0,7.0,68.0,4.0,49.0
104.0,-85.0,-135.0,89.0,114.0,-152.0,178.0,96.0,-35.0,115.0
119.0,-96.0,-134.0,41.0,56.0,-123.0,483.0,-96.0,-69.0,134.0
144.0,-102.0,-114.0,19.0,29.0,-51.0,659.0,22.0,-100.0,94.0
159.0,89.0,-138.0,-38.0,-28.0,-187.0,473.0,24.0,-129.0,82.0
186.0,-97.0,-149.0,-88.0,101.0,-258.0,296.0,-48.0,-155.0,89.0
207.0,-293.0,-136.0,-91.0,121.0,-121.0,566.0,-121.0,-177.0,56.0
214.0,-190.0,-194.0,-113.0,-70.0,51.0,932.0,-293.0,-195.0,12.0
202.0,-123.0,-194.0,-175.0,12.0,-51.0,869.0,-214.0,-225.0,-26.0
181.0,-198.0,-219.0,-204.0,32.0,-119.0,402.0,-232.0,-259.0,-56.0
136.0,-68.0,-210.0,-219.0,38.0,6.0,-48.0,-242.0,-289.0,-65.0
106.0,139.0,-178.0,-237.0,45.0,73.0,-250.0,-251.0,-306.0,-37.0
69.0,400.0,-163.0,-197.0,-108.0,-4.0,-278.0,-138.0,-309.0,0.0
19.0,353.0,-136.0,-168.0,-76.0,-25.0,-157.0,14.0,-333.0,13.0
-5.0,25.0,-139.0,-135.0,58.0,135.0,-53.0,-24.0,-332.0,52.0
-40.0,353.0,-115.0,-113.0,-29.0,302.0,-213.0,116.0,-304.0,101.0
-49.0,706.0,-88.0,-95.0,-72.0,366.0,-565.0,114.0,-285.0,130.0
-62.0,319.0,-58.0,-86.0,19.0,358.0,-705.0,147.0,-269.0,138.0
-59.0,186.0,-36.0,-112.0,-45.0,217.0,-514.0,127.0,-244.0,144.0
-41.0,257.0,46.0,-119.0,-35.0,31.0,-60.0,-94.0,-198.0,177.0
-37.0,75.0,99.0,-157.0,-31.0,102.0,241.0,-77.0,-142.0,206.0
-45.0,31.0,117.0,-166.0,-112.0,252.0,43.0,-140.0,-99.0,199.0
-52.0,-28.0,216.0,-176.0,8.0,363.0,-183.0,-79.0,-61.0,186.0
-60.0,-306.0,191.0,-220.0,9.0,359.0,-194.0,-3.0,-20.0,175.0
-65.0,-352.0,175.0,-224.0,-136.0,236.0,-134.0,-84.0,11.0,139.0
-53.0,-291.0,182.0,-235.0,-44.0,298.0,-61.0,-116.0,18.0,90.0
-40.0,-687.0,134.0,-193.0,67.0,338.0,47.0,-151.0,26.0,28.0
-7.0,-617.0,89.0,-110.0,21.0,98.0,70.0,-68.0,36.0,-39.0
6.0,-343.0,37.0,-46.0,-69.0,-98.0,-68.0,-90.0,11.0,-112.0
20.0,-356.0,10.0,-38.0,-41.0,-22.0,-156.0,60.0,-11.0,-175.0
38.0,-406.0,-42.0,-83.0,66.0,159.0,-157.0,190.0,-11.0,-237.0
63.0,-325.0,25.0,-110.0,114.0,203.0,-135.0,166.0,-10.0,-321.0
68.0,111.0,38.0,-113.0,131.0,53.0,55.0,221.0,-5.0,-399.0
69.0,-151.0,-40.0,-101.0,78.0,-39.0,342.0,60.0,-18.0,-458.0
86.0,-418.0,-74.0,-74.0,70.0,-64.0,354.0,1.0,-27.0,-461.0
82.0,-134.0,-124.0,-62.0,66.0,-181.0,124.0,-92.0,-4.0,-471.0
95.0,102.0,-142.0,-72.0,38.0,-274.0,-90.0,-164.0,31.0,-497.0
93.0,-25.0,-138.0,-41.0,24.0,-177.0,-105.0,-151.0,49.0,-470.0
93.0,95.0,-93.0,-23.0,42.0,-81.0,6.0,-188.0,87.0,-425.0
77.0,450.0,-109.0,-16.0,83.0,-162.0,67.0,-97.0,150.0,-417.0
72.0,-5.0,-85.0,8.0,67.0,-164.0,71.0,-118.0,181.0,-424.0
62.0,254.0,-56.0,-10.0,-24.0,-61.0,26.0,-42.0,204.0,-377.0
42.0,394.0,-57.0,-20.0,-139.0,-90.0,0.0,-5.0,204.0,-319.0
33.0,-197.0,-16.0,-34.0,6.0,-139.0,-164.0,12.0,188.0,-287.0
20.0,-117.0,-35.0,-50.0,7.0,-5.0,-518.0,44.0,180.0,-239.0
33.0,-20.0,-66.0,-42.0,-157.0,83.0,-900.0,-103.0,153.0,-152.0
21.0,-385.0,-50.0,-49.0,-17.0,64.0,-1020.0,-49.0,102.0,-83.0
28.0,-568.0,-39.0,-45.0,-4.0,52.0,-656.0,-79.0,39.0,-25.0
13.0,27.0,-68.0,-41.0,-118.0,4.0,-47.0,-57.0,0.0,68.0
-16.0,-106.0,-52.0,-72.0,-54.0,-47.0,359.0,9.0,-36.0,135.0
-6.0,-435.0,-24.0,-106.0,-45.0,-102.0,242.0,-118.0,-90.0,168.0
-19.0,21.0,-11.0,-107.0,1.0,-99.0,-167.0,-35.0,-136.0,195.0
-41.0,135.0,-31.0,-127.0,100.0,39.0,-245.0,27.0,-178.0,248.0
-72.0,104.0,-28.0,-140.0,-31.0,239.0,275.0,55.0,-214.0,273.0
-91.0,85.0,-85.0,-107.0,-57.0,162.0,892.0,9.0,-231.0,231.0
-88.0,45.0,-115.0,-86.0,47.0,-83.0,1099.0,-42.0,-218.0,204.0
-81.0,89.0,-106.0,-79.0,-7.0,-47.0,825.0,1.0,-202.0,199.0
-62.0,-5.0,-97.0,-64.0,-44.0,109.0,366.0,-53.0,-186.0,173.0
-42.0,-224.0,0.0,-44.0,-44.0,126.0,72.0,9.0,-157.0,88.0
-28.0,-1.0,-88.0,-79.0,-43.0,111.0,-32.0,16.0,-97.0,-16.0
-21.0,149.0,-77.0,-138.0,-43.0,141.0,105.0,158.0,-47.0,-89.0
-23.0,12.0,-77.0,-176.0,-84.0,21.0,224.0,197.0,-37.0,-173.0
-28.0,-71.0,-145.0,-210.0,-120.0,-183.0,97.0,44.0,2.0,-280.0
-28.0,-182.0,-116.0,-200.0,-106.0,-223.0,-183.0,158.0,48.0,-379.0
-8.0,62.0,-164.0,-139.0,-16.0,-182.0,-551.0,94.0,77.0,-464.0
5.0,-32.0,-125.0,-81.0,-10.0,-204.0,-806.0,86.0,104.0,-550.0
4.0,-382.0,-129.0,-69.0,-144.0,-145.0,-944.0,38.0,110.0,-596.0
4.0,-109.0,-154.0,-61.0,-54.0,-1.0,-1198.0,-118.0,103.0,-585.0
4.0,32.0,-157.0,-45.0,99.0,83.0,-1615.0,-53.0,112.0,-600.0
17.0,-212.0,-141.0,5.0,-10.0,14.0,-1801.0,42.0,117.0,-630.0
36.0,-40.0,-153.0,58.0,-3.0,-133.0,-1486.0,166.0,102.0,-587.0
39.0,216.0,-174.0,51.0,76.0,-171.0,-975.0,96.0,92.0,-498.0
44.0,161.0,-117.0,31.0,47.0,-151.0,-491.0,153.0,55.0,-472.0
48.0,59.0,-179.0,11.0,42.0,-76.0,20.0,208.0,14.0,-472.0
50.0,232.0,-223.0,10.0,-39.0,-66.0,426.0,116.0,-5.0,-400.0
49.0,313.0,-203.0,19.0,14.0,-20.0,697.0,101.0,-44.0,-317.0
44.0,288.0,-209.0,10.0,164.0,6.0,847.0,-16.0,-85.0,-305.0
72.0,427.0,-220.0,0.0,71.0,-82.0,806.0,1.0,-112.0,-295.0
81.0,151.0,-229.0,-5.0,51.0,31.0,747.0,-110.0,-132.0,-243.0
73.0,158.0,-250.0,-25.0,93.0,145.0,766.0,-212.0,-141.0,-222.0
74.0,121.0,-251.0,-78.0,4.0,105.0,793.0,-118.0,-115.0,-223.0
63.0,-72.0,-224.0,-155.0,7.0,-20.0,675.0,-40.0,-91.0,-183.0
51.0,-69.0,-224.0,-189.0,26.0,-109.0,489.0,129.0,-87.0,-120.0
38.0,-264.0,-155.0,-216.0,-48.0,-150.0,302.0,77.0,-60.0,-110.0
12.0,-106.0,-118.0,-259.0,-38.0,-183.0,-48.0,79.0,-34.0,-79.0
-35.0,-221.0,-140.0,-254.0,-23.0,-164.0,-344.0,145.0,0.0,11.0
-87.0,-405.0,-140.0,-260.0,-95.0,-119.0,-302.0,144.0,26.0,61.0
-134.0,-288.0,-124.0,-239.0,-50.0,13.0,51.0,184.0,53.0,84.0
-142.0,-304.0,-87.0,-159.0,-4.0,58.0,228.0,145.0,100.0,102.0
-144.0,-273.0,-90.0,-76.0,-33.0,-37.0,-137.0,258.0,134.0,177.0
-141.0,-310.0,-72.0,-50.0,-63.0,-30.0,-813.0,144.0,152.0,225.0
-134.0,-344.0,-80.0,-41.0,-61.0,149.0,-1309.0,-29.0,175.0,203.0
-129.0,-129.0,-65.0,-27.0,20.0,255.0,-1258.0,-73.0,204.0,215.0
-121.0,119.0,-11.0,-22.0,-2.0,133.0,-910.0,-142.0,205.0,200.0
-124.0,202.0,-25.0,-10.0,-19.0,-15.0,-772.0,20.0,206.0,155.0
-93.0,261.0,-18.0,-27.0,74.0,12.0,-942.0,83.0,205.0,96.0
-73.0,286.0,-25.0,-24.0,69.0,-27.0,-1012.0,147.0,189.0,37.0
-45.0,418.0,-14.0,-10.0,15.0,-139.0,-699.0,151.0,177.0,-14.0
-48.0,322.0,24.0,18.0,6.0,10.0,-239.0,129.0,153.0,-96.0
-29.0,401.0,5.0,68.0,2.0,205.0,95.0,123.0,117.0,-140.0
-8.0,491.0,-17.0,79.0,45.0,154.0,213.0,-120.0,73.0,-171.0
-18.0,305.0,-50.0,38.0,65.0,-81.0,42.0,-147.0,38.0,-234.0
-8.0,428.0,-91.0,-31.0,29.0,-142.0,-324.0,-136.0,10.0,-270.0
-13.0,9.0,-71.0,-114.0,37.0,-147.0,-507.0,-31.0,-10.0,-268.0
3.0,-78.0,-90.0,-209.0,45.0,-215.0,-104.0,114.0,-55.0,-269.0
-16.0,248.0,-140.0,-294.0,71.0,-110.0,662.0,155.0,-87.0,-298.0
-9.0,18.0,-140.0,-363.0,46.0,-124.0,956.0,325.0,-87.0,-314.0
-25.0,-209.0,-176.0,-377.0,-29.0,-279.0,513.0,245.0,-110.0,-315.0
-37.0,-125.0,-155.0,-376.0,-35.0,-420.0,-103.0,118.0,-113.0,-323.0
-27.0,-161.0,-121.0,-382.0,-31.0,-441.0,-90.0,-9.0,-86.0,-342.0
-35.0,-624.0,-140.0,-376.0,-89.0,-344.0,609.0,-46.0,-44.0,-355.0
-16.0,-433.0,-107.0,-343.0,-177.0,-378.0,1242.0,14.0,-23.0,-345.0
-43.0,-373.0,-102.0,-307.0,-75.0,-393.0,1203.0,-77.0,-14.0,-343.0
-42.0,-665.0,-94.0,-268.0,16.0,-290.0,465.0,-27.0,-1.0,-338.0
-69.0,-437.0,-14.0,-215.0,-119.0,-131.0,-307.0,-138.0,13.0,-350.0
-79.0,-278.0,41.0,-194.0,-156.0,-125.0,-552.0,-184.0,47.0,-376.0
-62.0,-100.0,44.0,-166.0,-112.0,-382.0,-330.0,-131.0,51.0,-379.0
-71.0,-40.0,82.0,-138.0,-88.0,-414.0,-197.0,-66.0,58.0,-369.0
-79.0,-84.0,137.0,-88.0,-55.0,-213.0,-598.0,190.0,56.0,-360.0
-89.0,41.0,178.0,-65.0,-71.0,-79.0,-1274.0,253.0,40.0,-360.0
-90.0,67.0,186.0,-53.0,-92.0,-26.0,-1592.0,371.0,29.0,-342.0
-121.0,-31.0,152.0,14.0,-31.0,33.0,-1221.0,354.0,6.0,-314.0
-137.0,-88.0,173.0,45.0,41.0,172.0,-437.0,284.0,-7.0,-257.0
-149.0,199.0,177.0,69.0,21.0,146.0,259.0,282.0,-22.0,-211.0
-141.0,279.0,129.0,83.0,4.0,72.0,506.0,164.0,-12.0,-203.0
-129.0,-111.0,115.0,107.0,30.0,25.0,409.0,240.0,-1.0,-164.0
-128.0,56.0,74.0,116.0,145.0,10.0,352.0,142.0,10.0,-109.0
-131.0,109.0,21.0,127.0,52.0,66.0,322.0,53.0,25.0,-71.0
-140.0,75.0,29.0,129.0,-144.0,77.0,-14.0,0.0,26.0,-73.0
-138.0,100.0,31.0,110.0,19.0,124.0,-499.0,-99.0,19.0,-93.0
-157.0,-47.0,60.0,117.0,71.0,-45.0,-603.0,-184.0,7.0,-92.0
-155.0,238.0,104.0,55.0,-16.0,-237.0,-261.0,-356.0,16.0,-93.0
-116.0,277.0,67.0,6.0,-42.0,-166.0,157.0,-238.0,5.0,-118.0
-70.0,206.0,27.0,-62.0,-71.0,-79.0,283.0,-223.0,-1.0,-147.0
-51.0,241.0,19.0,-105.0,63.0,-26.0,152.0,-169.0,14.0,-184.0
-34.0,309.0,17.0,-104.0,85.0,-61.0,38.0,-25.0,37.0,-207.0
-4.0,211.0,10.0,-147.0,-102.0,-103.0,202.0,49.0,25.0,-217.0
-4.0,265.0,18.0,-141.0,-78.0,-34.0,629.0,240.0,-5.0,-264.0
-17.0,302.0,0.0,-110.0,80.0,-101.0,903.0,157.0,-24.0,-298.0
0.0,0.0,23.0,-51.0,-23.0,-376.0,708.0,83.0,-40.0,-323.0
61.0,165.0,107.0,-4.0,-96.0,-527.0,196.0,-22.0,-49.0,-339.0
91.0,19.0,93.0,26.0,-25.0,-442.0,-115.0,-84.0,-50.0,-345.0
109.0,-331.0,96.0,65.0,28.0,-329.0,59.0,-44.0,-11.0,-373.0
123.0,-134.0,113.0,82.0,98.0,-382.0,416.0,-218.0,7.0,-375.0
126.0,35.0,94.0,98.0,-17.0,-433.0,358.0,-323.0,9.0,-366.0
116.0,-185.0,73.0,138.0,-27.0,-363.0,-212.0,-432.0,7.0,-334.0
82.0,-490.0,47.0,132.0,150.0,-405.0,-708.0,-310.0,7.0,-288.0
68.0,-309.0,77.0,121.0,72.0,-487.0,-712.0,-129.0,13.0,-260.0
33.0,-30.0,94.0,159.0,-29.0,-362.0,-419.0,-36.0,-20.0,-212.0
19.0,-290.0,87.0,140.0,65.0,-156.0,-158.0,134.0,-34.0,-145.0
-21.0,-105.0,107.0,96.0,124.0,-108.0,-123.0,107.0,-21.0,-77.0
-73.0,-55.0,97.0,86.0,97.0,-117.0,-302.0,201.0,-27.0,-22.0
-103.0,-397.0,87.0,105.0,25.0,-80.0,-426.0,181.0,-47.0,29.0
-131.0,-80.0,63.0,89.0,-73.0,-73.0,-163.0,59.0,-61.0,76.0
-129.0,-263.0,40.0,51.0,-93.0,-21.0,458.0,48.0,-69.0,128.0
-171.0,-281.0,54.0,20.0,-49.0,240.0,923.0,-31.0,-78.0,184.0
-188.0,44.0,42.0,-35.0,-50.0,576.0,902.0,20.0,-85.0,206.0
-215.0,-168.0,60.0,-77.0,-102.0,640.0,624.0,27.0,-104.0,203.0
-214.0,-305.0,61.0,-112.0,-68.0,438.0,434.0,197.0,-100.0,199.0
-207.0,-196.0,71.0,-175.0,-49.0,421.0,286.0,236.0,-124.0,202.0
-222.0,137.0,56.0,-239.0,-135.0,602.0,140.0,142.0,-175.0,183.0
-226.0,225.0,43.0,-202.0,-157.0,550.0,52.0,225.0,-188.0,155.0
-252.0,205.0,92.0,-146.0,-114.0,283.0,-8.0,96.0,-221.0,136.0
-243.0,363.0,83.0,-138.0,-14.0,44.0,-35.0,94.0,-245.0,109.0
-258.0,384.0,161.0,-103.0,29.0,45.0,-143.0,-48.0,-245.0,82.0
-256.0,434.0,184.0,-105.0,-24.0,109.0,-159.0,-208.0,-272.0,47.0
-251.0,238.0,174.0,-169.0,7.0,100.0,-144.0,-192.0,-289.0,21.0
-216.0,151.0,235.0,-193.0,201.0,154.0,-364.0,-304.0,-295.0,-19.0
-195.0,566.0,216.0,-135.0,205.0,148.0,-794.0,-243.0,-304.0,-75.0
-199.0,144.0,233.0,-62.0,47.0,150.0,-1056.0,-293.0,-286.0,-104.0
-177.0,37.0,222.0,-5.0,123.0,245.0,-699.0,-234.0,-276.0,-144.0
-158.0,339.0,174.0,52.0,112.0,402.0,-81.0,-144.0,-276.0,-173.0
-120.0,-77.0,211.0,121.0,92.0,399.0,368.0,-120.0,-245.0,-160.0
-110.0,-168.0,225.0,137.0,115.0,244.0,471.0,-14.0,-208.0,-133.0
-71.0,-369.0,175.0,142.0,-8.0,261.0,390.0,-90.0,-179.0,-108.0
-51.0,-256.0,178.0,152.0,23.0,261.0,595.0,-7.0,-140.0,-98.0
-28.0,-215.0,146.0,107.0,8.0,151.0,1073.0,-3.0,-86.0,-74.0
-3.0,-377.0,87.0,89.0,-87.0,141.0,1379.0,22.0,-32.0,-45.0
27.0,-195.0,72.0,48.0,-62.0,269.0,1178.0,73.0,44.0,-10.0
47.0,-172.0,-6.0,8.0,-109.0,471.0,748.0,-46.0,104.0,6.0
41.0,66.0,9.0,24.0,-74.0,524.0,260.0,-86.0,115.0,2.0
52.0,-76.0,0.0,50.0,-55.0,368.0,-219.0,-264.0,137.0,31.0
39.0,-112.0,-23.0,60.0,-165.0,300.0,-399.0,-301.0,178.0,54.0
80.0,147.0,53.0,5.0,-96.0,367.0,-285.0,-325.0,213.0,64.0
96.0,118.0,29.0,-48.0,-17.0,235.0,-46.0,-362.0,221.0,44.0
117.0,267.0,29.0,-66.0,-43.0,31.0,16.0,-223.0,213.0,22.0
127.0,132.0,7.0,-79.0,-56.0,131.0,-253.0,-147.0,223.0,9.0
130.0,189.0,-54.0,-77.0,-71.0,294.0,-463.0,11.0,204.0,-22.0
126.0,475.0,-114.0,-34.0,-47.0,348.0,-238.0,79.0,144.0,-53.0
107.0,153.0,-182.0,-1.0,61.0,315.0,171.0,149.0,84.0,-127.0
99.0,189.0,-199.0,9.0,32.0,314.0,260.0,120.0,32.0,-182.0
67.0,10.0,-183.0,18.0,-14.0,457.0,-40.0,-12.0,-15.0,-241.0
90.0,-186.0,-144.0,0.0,103.0,464.0,-408.0,-53.0,-60.0,-313.0
79.0,127.0,-137.0,-7.0,83.0,388.0,-503.0,-227.0,-100.0,-379.0
99.0,-138.0,-103.0,-18.0,92.0,294.0,-237.0,-171.0,-126.0,-471.0
108.0,-128.0,-99.0,-16.0,65.0,237.0,230.0,-181.0,-121.0,-509.0
87.0,107.0,-138.0,-1.0,37.0,315.0,603.0,-230.0,-116.0,-537.0
78.0,113.0,-151.0,30.0,156.0,371.0,635.0,-107.0,-124.0,-553.0
65.0,-284.0,-158.0,75.0,32.0,304.0,529.0,-35.0,-116.0,-543.0
64.0,-450.0,-162.0,91.0,6.0,162.0,542.0,83.0,-115.0,-494.0
25.0,177.0,-134.0,99.0,115.0,168.0,631.0,-11.0,-101.0,-383.0
16.0,124.0,-74.0,74.0,7.0,254.0,697.0,33.0,-54.0,-273.0
-23.0,-202.0,-93.0,38.0,-52.0,263.0,678.0,18.0,-3.0,-145.0
-54.0,108.0,-66.0,6.0,-38.0,269.0,472.0,-70.0,48.0,-26.0
-89.0,366.0,-31.0,-31.0,-28.0,246.0,118.0,-57.0,81.0,82.0
-86.0,336.0,-22.0,-111.0,12.0,225.0,77.0,-264.0,100.0,179.0
-61.0,187.0,20.0,-176.0,-22.0,350.0,522.0,-223.0,157.0,243.0
-67.0,56.0,-11.0,-193.0,-49.0,431.0,892.0,-229.0,194.0,297.0
-54.0,33.0,-57.0,-201.0,26.0,310.0,715.0,-238.0,203.0,308.0
-55.0,-3.0,-56.0,-155.0,53.0,333.0,244.0,-243.0,197.0,298.0
-23.0,125.0,-48.0,-109.0,-27.0,528.0,-115.0,-358.0,178.0,294.0
-39.0,-21.0,-58.0,-79.0,-79.0,575.0,-358.0,-212.0,181.0,284.0
-22.0,-38.0,-8.0,-38.0,-5.0,524.0,-406.0,-151.0,205.0,243.0
7.0,78.0,-7.0,19.0,3.0,542.0,-146.0,42.0,214.0,203.0
25.0,-250.0,-46.0,84.0,-39.0,562.0,157.0,238.0,192.0,200.0
41.0,-240.0,-14.0,141.0,8.0,445.0,222.0,288.0,182.0,185.0
35.0,-165.0,-59.0,179.0,0.0,354.0,141.0,238.0,148.0,175.0
69.0,-85.0,-83.0,215.0,32.0,429.0,102.0,-14.0,105.0,166.0
84.0,-39.0,-66.0,240.0,1.0,531.0,118.0,-60.0,74.0,134.0
118.0,-49.0,-76.0,281.0,-77.0,578.0,208.0,-203.0,32.0,127.0
107.0,135.0,-51.0,329.0,1.0,381.0,278.0,-334.0,-11.0,125.0
94.0,182.0,-41.0,303.0,27.0,139.0,303.0,-386.0,-62.0,104.0
88.0,7.0,-38.0,290.0,4.0,87.0,240.0,-452.0,-74.0,86.0
80.0,-59.0,-15.0,281.0,28.0,143.0,23.0,-317.0,-98.0,64.0
108.0,62.0,-26.0,243.0,-3.0,263.0,-154.0,-360.0,-108.0,44.0
94.0,-131.0,-46.0,176.0,-9.0,242.0,-303.0,-310.0,-81.0,38.0
83.0,-165.0,-46.0,106.0,96.0,117.0,-322.0,-218.0,-103.0,36.0
63.0,214.0,-57.0,74.0,-33.0,-75.0,-204.0,-68.0,-115.0,24.0
40.0,187.0,-58.0,79.0,-66.0,-67.0,-102.0,168.0,-97.0,26.0
23.0,-95.0,-47.0,113.0,118.0,116.0,-1.0,96.0,-100.0,41.0
12.0,-11.0,-88.0,100.0,-9.0,148.0,267.0,103.0,-94.0,37.0
10.0,-3.0,-97.0,68.0,-63.0,186.0,903.0,114.0,-80.0,43.0
19.0,-43.0,-91.0,44.0,46.0,263.0,1491.0,142.0,-82.0,48.0
24.0,1.0,-163.0,-4.0,63.0,292.0,1627.0,90.0,-47.0,50.0
18.0,-35.0,-131.0,-61.0,38.0,172.0,1418.0,-36.0,-22.0,58.0
23.0,-138.0,-129.0,-72.0,-13.0,57.0,1082.0,-55.0,-20.0,40.0
13.0,-273.0,-169.0,-88.0,-25.0,21.0,655.0,-223.0,9.0,30.0
0.0,-116.0,-143.0,-107.0,55.0,0.0,240.0,-199.0,21.0,33.0
-26.0,-192.0,-130.0,-107.0,127.0,17.0,112.0,-219.0,68.0,22.0
-29.0,-441.0,-88.0,-145.0,31.0,30.0,240.0,-258.0,121.0,22.0
-39.0,-257.0,-96.0,-148.0,16.0,85.0,380.0,-214.0,143.0,10.0
-38.0,-122.0,-69.0,-138.0,102.0,137.0,300.0,-286.0,176.0,-3.0
-21.0,-367.0,-70.0,-179.0,3.0,168.0,32.0,-219.0,181.0,15.0
-33.0,-178.0,-72.0,-187.0,-108.0,148.0,-250.0,-168.0,194.0,52.0
-25.0,209.0,4.0,-161.0,-73.0,116.0,-331.0,27.0,203.0,86.0
-44.0,121.0,25.0,-168.0,-30.0,171.0,-105.0,168.0,209.0,100.0
-74.0,29.0,29.0,-157.0,-75.0,206.0,185.0,184.0,222.0,143.0
-96.0,33.0,58.0,-107.0,-142.0,170.0,359.0,195.0,231.0,198.0
-107.0,174.0,88.0,-33.0,-172.0,239.0,507.0,-7.0,245.0,225.0
-93.0,214.0,58.0,1.0,-124.0,363.0,694.0,-112.0,240.0,246.0
-73.0,342.0,101.0,18.0,-40.0,279.0,606.0,-273.0,219.0,254.0
-54.0,249.0,103.0,51.0,-143.0,152.0,110.0,-369.0,183.0,280.0
-51.0,-122.0,74.0,32.0,-191.0,159.0,-160.0,-266.0,141.0,300.0
-58.0,33.0,107.0,27.0,-49.0,112.0,71.0,-109.0,93.0,306.0
-50.0,84.0,72.0,41.0,-17.0,25.0,299.0,55.0,52.0,295.0
-26.0,93.0,90.0,86.0,-30.0,-46.0,315.0,-84.0,28.0,264.0
-2.0,97.0,113.0,124.0,-11.0,-132.0,279.0,-75.0,-5.0,243.0
37.0,-57.0,99.0,93.0,2.0,-1.0,399.0,5.0,-36.0,215.0
68.0,67.0,114.0,75.0,68.0,143.0,618.0,-5.0,-53.0,187.0
88.0,102.0,124.0,90.0,123.0,126.0,709.0,64.0,-51.0,132.0
83.0,28.0,95.0,112.0,18.0,112.0,532.0,99.0,-52.0,109.0
76.0,5.0,102.0,92.0,7.0,11.0,191.0,295.0,-55.0,111.0
70.0,139.0,107.0,62.0,174.0,-135.0,32.0,260.0,-45.0,86.0
79.0,191.0,43.0,50.0,145.0,-228.0,146.0,149.0,-48.0,74.0
110.0,-194.0,36.0,60.0,46.0,-252.0,326.0,57.0,-54.0,50.0
138.0,-170.0,11.0,69.0,105.0,-377.0,261.0,-75.0,-62.0,55.0
151.0,2.0,-53.0,73.0,59.0,-479.0,116.0,-42.0,-77.0,54.0
123.0,-115.0,-80.0,69.0,-47.0,-225.0,102.0,-240.0,-87.0,28.0
101.0,-118.0,-116.0,27.0,-32.0,143.0,85.0,-293.0,-80.0,14.0
45.0,-250.0,-129.0,7.0,-126.0,231.0,82.0,-310.0,-67.0,-15.0
3.0,-171.0,-118.0,42.0,-98.0,96.0,98.0,-277.0,-69.0,-32.0
-48.0,9.0,-128.0,86.0,24.0,22.0,111.0,-53.0,-82.0,-40.0
-101.0,99.0,-142.0,103.0,-69.0,41.0,67.0,22.0,-106.0,-49.0
-120.0,59.0,-136.0,118.0,-91.0,93.0,98.0,214.0,-126.0,-67.0
-156.0,-23.0,-135.0,130.0,-64.0,107.0,218.0,273.0,-160.0,-74.0
-160.0,56.0,-128.0,138.0,-84.0,58.0,282.0,321.0,-210.0,-59.0
-182.0,-45.0,-105.0,160.0,-3.0,-11.0,355.0,330.0,-241.0,-49.0
-190.0,-40.0,-104.0,176.0,-5.0,-48.0,531.0,214.0,-249.0,-47.0
-225.0,34.0,-52.0,188.0,-126.0,44.0,908.0,236.0,-259.0,-48.0
-250.0,79.0,-47.0,202.0,-42.0,206.0,1180.0,136.0,-272.0,-23.0
-268.0,258.0,-71.0,198.0,57.0,214.0,1142.0,173.0,-298.0,5.0
-275.0,407.0,-15.0,183.0,-11.0,127.0,993.0,118.0,-349.0,30.0
-255.0,293.0,-53.0,180.0,-5.0,177.0,790.0,-79.0,-377.0,53.0
-253.0,257.0,-53.0,173.0,68.0,217.0,483.0,-129.0,-377.0,70.0
-208.0,329.0,-15.0,144.0,16.0,276.0,92.0,-164.0,-374.0,115.0
-194.0,230.0,-70.0,83.0,-51.0,392.0,-92.0,-31.0,-359.0,130.0
-161.0,86.0,-51.0,30.0,15.0,358.0,-2.0,22.0,-338.0,119.0
-152.0,-223.0,-40.0,36.0,-14.0,310.0,-14.0,90.0,-302.0,115.0
-135.0,-134.0,-87.0,39.0,-57.0,327.0,-221.0,168.0,-271.0,101.0
-96.0,176.0,-99.0,43.0,64.0,398.0,-326.0,157.0,-207.0,87.0
-66.0,117.0,-94.0,85.0,68.0,550.0,-171.0,310.0,-129.0,76.0
-22.0,-45.0,-116.0,80.0,-32.0,616.0,54.0,323.0,-72.0,76.0
-7.0,29.0,-85.0,103.0,35.0,538.0,185.0,247.0,-13.0,81.0
55.0,276.0,-85.0,121.0,69.0,443.0,191.0,123.0,38.0,95.0
95.0,124.0,-108.0,90.0,49.0,465.0,93.0,27.0,95.0,142.0
113.0,36.0,-66.0,58.0,55.0,501.0,190.0,-101.0,141.0,188.0
109.0,122.0,-147.0,8.0,4.0,381.0,461.0,-249.0,161.0,222.0
99.0,-4.0,-145.0,-11.0,51.0,223.0,518.0,-201.0,177.0,265.0
106.0,-37.0,-154.0,-40.0,43.0,205.0,333.0,-365.0,194.0,328.0
104.0,-206.0,-222.0,-3.0,72.0,280.0,113.0,-415.0,194.0,380.0
123.0,-316.0,-168.0,51.0,97.0,201.0,-49.0,-339.0,204.0,386.0
141.0,-202.0,-182.0,55.0,-31.0,95.0,-233.0,-349.0,223.0,407.0
181.0,-290.0,-162.0,116.0,-16.0,125.0,-255.0,-262.0,211.0,445.0
194.0,-255.0,-138.0,176.0,41.0,201.0,-45.0,-169.0,181.0,457.0
181.0,-160.0,-152.0,144.0,52.0,275.0,170.0,12.0,152.0,456.0
174.0,-66.0,-151.0,76.0,-52.0,139.0,347.0,-1.0,136.0,445.0
156.0,253.0,-122.0,60.0,-120.0,62.0,541.0,-16.0,121.0,436.0
129.0,282.0,-123.0,47.0,16.0,315.0,738.0,-59.0,105.0,425.0
93.0,108.0,-103.0,40.0,13.0,588.0,841.0,-101.0,83.0,413.0
68.0,166.0,-48.0,48.0,-131.0,593.0,891.0,110.0,49.0,406.0
59.0,214.0,-78.0,24.0,-137.0,507.0,870.0,33.0,-2.0,390.0
20.0,-9.0,-38.0,19.0,12.0,462.0,822.0,-46.0,-28.0,358.0
-22.0,84.0,-52.0,21.0,39.0,302.0,652.0,-116.0,-19.0,344.0
-61.0,283.0,-99.0,2.0,-59.0,223.0,199.0,-229.0,-32.0,358.0
-86.0,-110.0,-61.0,-17.0,-83.0,171.0,-266.0,-134.0,-43.0,327.0
-101.0,-165.0,-95.0,-50.0,15.0,93.0,-410.0,-125.0,-40.0,291.0
-138.0,1.0,-153.0,-81.0,87.0,99.0,-243.0,42.0,-40.0,295.0
-149.0,-191.0,-117.0,-130.0,15.0,153.0,-173.0,160.0,-33.0,299.0
-170.0,-186.0,-149.0,-190.0,0.0,231.0,-285.0,151.0,-37.0,273.0
-187.0,22.0,-158.0,-173.0,63.0,198.0,-421.0,107.0,-46.0,248.0
-207.0,-93.0,-83.0,-124.0,148.0,137.0,-535.0,27.0,-43.0,239.0
-208.0,-236.0,-158.0,-66.0,100.0,202.0,-529.0,121.0,-25.0,223.0
-176.0,-74.0,-128.0,-51.0,-46.0,273.0,-335.0,107.0,-10.0,193.0
-160.0,-38.0,-126.0,-112.0,50.0,180.0,-176.0,136.0,6.0,153.0
-147.0,35.0,-163.0,-130.0,204.0,-27.0,-199.0,75.0,21.0,134.0
-164.0,-47.0,-108.0,-121.0,91.0,-201.0,-82.0,36.0,7.0,104.0
-139.0,-163.0,-70.0,-70.0,-17.0,-101.0,153.0,136.0,-8.0,71.0
-125.0,-243.0,-16.0,-6.0,44.0,70.0,252.0,-42.0,-32.0,56.0
-129.0,-191.0,-5.0,29.0,46.0,25.0,245.0,-101.0,-45.0,46.0
-81.0,153.0,24.0,80.0,12.0,-74.0,297.0,-94.0,-57.0,15.0
-30.0,-81.0,0.0,117.0,-38.0,-110.0,378.0,-12.0,-69.0,-23.0
22.0,-172.0,-6.0,132.0,-123.0,-62.0,402.0,53.0,-61.0,-18.0
55.0,181.0,-21.0,89.0,-105.0,-110.0,421.0,-38.0,-60.0,-54.0
78.0,219.0,-29.0,82.0,-72.0,-206.0,347.0,42.0,-53.0,-122.0
105.0,10.0,0.0,159.0,-116.0,-138.0,191.0,79.0,-63.0,-147.0
112.0,7.0,-13.0,251.0,-125.0,69.0,2.0,97.0,-70.0,-129.0
130.0,218.0,24.0,342.0,-92.0,200.0,-199.0,-20.0,-80.0,-128.0
150.0,71.0,18.0,404.0,-20.0,181.0,-275.0,-14.0,-102.0,-165.0
163.0,-89.0,15.0,438.0,-45.0,214.0,-58.0,79.0,-103.0,-145.0
169.0,-44.0,5.0,404.0,-177.0,306.0,383.0,-11.0,-101.0,-110.0
160.0,-78.0,1.0,338.0,-102.0,326.0,635.0,118.0,-97.0,-97.0
140.0,-134.0,-9.0,305.0,58.0,353.0,534.0,105.0,-111.0,-75.0
101.0,-84.0,-37.0,294.0,-14.0,410.0,334.0,177.0,-126.0,-40.0
99.0,-60.0,-10.0,286.0,-99.0,436.0,200.0,277.0,-146.0,-12.0
84.0,28.0,-61.0,245.0,38.0,510.0,153.0,109.0,-175.0,10.0
59.0,356.0,-52.0,143.0,83.0,542.0,188.0,3.0,-175.0,59.0
50.0,386.0,-55.0,40.0,58.0,498.0,159.0,-129.0,-164.0,107.0
24.0,167.0,-132.0,-38.0,87.0,371.0,-49.0,-73.0,-154.0,130.0
9.0,225.0,-110.0,-85.0,28.0,369.0,-337.0,-107.0,-110.0,143.0
-37.0,317.0,-145.0,-117.0,54.0,436.0,-478.0,-110.0,-55.0,194.0
-68.0,167.0,-178.0,-179.0,117.0,165.0,-409.0,66.0,-32.0,221.0
-99.0,-23.0,-166.0,-201.0,99.0,-146.0,-183.0,184.0,-4.0,198.0
-123.0,-83.0,-178.0,-197.0,100.0,-246.0,20.0,397.0,18.0,187.0
-113.0,-25.0,-189.0,-177.0,61.0,-174.0,-185.0,325.0,26.0,171.0
-100.0,-118.0,-150.0,-131.0,42.0,-212.0,-697.0,225.0,45.0,153.0
-61.0,-245.0,-166.0,-109.0,38.0,-421.0,-1011.0,243.0,66.0,126.0
-40.0,-132.0,-228.0,-77.0,-27.0,-425.0,-941.0,277.0,87.0,93.0
-38.0,-107.0,-113.0,-27.0,-20.0,-166.0,-659.0,412.0,101.0,65.0
-36.0,-116.0,-148.0,6.0,-8.0,-56.0,-439.0,327.0,125.0,54.0
-32.0,-115.0,-162.0,48.0,-9.0,-198.0,-282.0,282.0,142.0,57.0
-10.0,-83.0,-73.0,107.0,-38.0,-162.0,-64.0,114.0,147.0,57.0
35.0,126.0,-162.0,206.0,-58.0,59.0,206.0,-103.0,156.0,73.0
85.0,185.0,-150.0,287.0,-16.0,276.0,518.0,-147.0,161.0,97.0
136.0,173.0,-122.0,297.0,-44.0,198.0,658.0,-203.0,181.0,134.0
157.0,158.0,-161.0,303.0,-50.0,-26.0,415.0,-129.0,196.0,173.0
154.0,-86.0,-164.0,304.0,-17.0,-31.0,126.0,-16.0,190.0,207.0
150.0,-196.0,-134.0,276.0,22.0,87.0,51.0,240.0,198.0,243.0
146.0,-51.0,-145.0,255.0,-16.0,152.0,-29.0,319.0,213.0,276.0
155.0,-28.0,-134.0,279.0,-37.0,1.0,-210.0,314.0,218.0,329.0
189.0,-65.0,-109.0,238.0,-10.0,-126.0,-311.0,382.0,223.0,359.0
253.0,-162.0,-144.0,139.0,3.0,-93.0,-294.0,286.0,235.0,363.0
276.0,-146.0,-113.0,72.0,15.0,83.0,-219.0,378.0,238.0,396.0
292.0,47.0,-105.0,8.0,-89.0,145.0,-97.0,271.0,221.0,418.0
284.0,171.0,-115.0,-9.0,-15.0,-40.0,-115.0,118.0,188.0,420.0
242.0,171.0,-71.0,-24.0,63.0,-148.0,-183.0,92.0,156.0,425.0
215.0,91.0,-89.0,-47.0,-1.0,-166.0,-101.0,59.0,123.0,419.0
185.0,256.0,-92.0,-41.0,15.0,-166.0,-105.0,105.0,90.0,419.0
166.0,183.0,-70.0,-13.0,16.0,-223.0,-308.0,18.0,55.0,400.0
143.0,103.0,-81.0,31.0,83.0,-352.0,-541.0,121.0,0.0,359.0
135.0,249.0,-36.0,37.0,40.0,-371.0,-650.0,205.0,-60.0,326.0
121.0,112.0,-58.0,3.0,-133.0,-182.0,-702.0,291.0,-97.0,269.0
94.0,126.0,-13.0,-2.0,-69.0,33.0,-798.0,371.0,-127.0,185.0
65.0,-183.0,51.0,4.0,68.0,26.0,-860.0,249.0,-142.0,108.0
40.0,-543.0,29.0,6.0,1.0,17.0,-631.0,218.0,-171.0,26.0
12.0,-470.0,118.0,51.0,-22.0,237.0,-121.0,-62.0,-201.0,-75.0
-16.0,-391.0,97.0,104.0,19.0,348.0,269.0,-175.0,-199.0,-174.0
-28.0,-324.0,118.0,161.0,13.0,221.0,355.0,-83.0,-193.0,-236.0
-43.0,-296.0,181.0,194.0,53.0,21.0,201.0,-125.0,-170.0,-281.0
-62.0,-72.0,156.0,197.0,-18.0,-45.0,182.0,-18.0,-137.0,-336.0
-81.0,115.0,185.0,183.0,-61.0,-6.0,402.0,-53.0,-108.0,-370.0
-96.0,229.0,170.0,153.0,85.0,-86.0,463.0,-51.0,-78.0,-366.0
-113.0,465.0,174.0,126.0,126.0,-103.0,252.0,-49.0,-41.0,-346.0
-103.0,618.0,192.0,105.0,47.0,50.0,-104.0,-1.0,17.0,-323.0
-94.0,616.0,180.0,115.0,26.0,195.0,-356.0,88.0,77.0,-278.0
-92.0,701.0,151.0,89.0,50.0,130.0,-422.0,9.0,124.0,-202.0
-84.0,619.0,127.0,68.0,116.0,42.0,-521.0,114.0,174.0,-124.0
-70.0,409.0,75.0,72.0,132.0,-80.0,-560.0,73.0,211.0,-46.0
-40.0,545.0,6.0,73.0,103.0,-306.0,-388.0,79.0,232.0,5.0
-24.0,282.0,8.0,69.0,115.0,-283.0,-107.0,169.0,233.0,39.0
5.0,-229.0,0.0,56.0,163.0,-107.0,88.0,169.0,231.0,76.0
25.0,-320.0,-41.0,45.0,156.0,-166.0,65.0,254.0,243.0,105.0
71.0,-55.0,-12.0,12.0,17.0,-363.0,43.0,149.0,244.0,127.0
105.0,149.0,-45.0,-1.0,31.0,-252.0,42.0,190.0,244.0,119.0
99.0,8.0,-76.0,-5.0,144.0,-110.0,-191.0,232.0,237.0,119.0
97.0,-59.0,-20.0,-1.0,32.0,-207.0,-612.0,186.0,203.0,126.0
104.0,-265.0,-93.0,17.0,-63.0,-462.0,-991.0,105.0,181.0,134.0
139.0,-259.0,-78.0,44.0,40.0,-603.0,-1149.0,-36.0,161.0,131.0
160.0,35.0,-78.0,74.0,94.0,-315.0,-1160.0,-57.0,108.0,121.0
202.0,18.0,-145.0,116.0,83.0,-127.0,-1220.0,-97.0,53.0,130.0
217.0,72.0,-94.0,147.0,73.0,-210.0,-1179.0,38.0,-4.0,145.0
218.0,4.0,-100.0,127.0,9.0,-258.0,-886.0,136.0,-72.0,168.0
226.0,-163.0,-54.0,117.0,75.0,-159.0,-550.0,336.0,-142.0,175.0
217.0,-393.0,-23.0,132.0,93.0,-64.0,-242.0,604.0,-212.0,198.0
208.0,-559.0,-54.0,107.0,-10.0,-99.0,-74.0,576.0,-251.0,198.0
217.0,-321.0,-54.0,100.0,118.0,-26.0,-34.0,533.0,-307.0,198.0
223.0,-317.0,-56.0,116.0,208.0,66.0,162.0,282.0,-369.0,220.0
202.0,-193.0,-45.0,94.0,162.0,84.0,545.0,103.0,-392.0,197.0
195.0,99.0,-75.0,83.0,138.0,241.0,804.0,-20.0,-374.0,179.0
175.0,331.0,-90.0,78.0,63.0,430.0,708.0,-230.0,-328.0,168.0
160.0,618.0,-69.0,68.0,81.0,459.0,472.0,-238.0,-291.0,158.0
133.0,535.0,-86.0,41.0,49.0,414.0,210.0,-314.0,-213.0,131.0
114.0,444.0,-106.0,6.0,-45.0,447.0,-35.0,-290.0,-123.0,107.0
102.0,370.0,-110.0,-10.0,-76.0,547.0,-178.0,-254.0,-50.0,89.0
97.0,396.0,-125.0,14.0,-56.0,361.0,-341.0,-166.0,54.0,41.0
89.0,676.0,-168.0,32.0,-30.0,101.0,-630.0,-14.0,165.0,-1.0
73.0,655.0,-176.0,27.0,-144.0,98.0,-944.0,24.0,269.0,-33.0
78.0,343.0,-170.0,62.0,-153.0,121.0,-1156.0,245.0,372.0,-76.0
56.0,-156.0,-199.0,109.0,-69.0,44.0,-1294.0,304.0,456.0,-135.0
48.0,-475.0,-162.0,115.0,-87.0,-75.0,-1187.0,432.0,503.0,-164.0
15.0,-299.0,-124.0,96.0,-74.0,-26.0,-809.0,489.0,538.0,-183.0
28.0,-147.0,-119.0,118.0,-131.0,-12.0,-373.0,266.0,544.0,-208.0
57.0,-237.0,-72.0,115.0,-136.0,-121.0,-157.0,173.0,543.0,-211.0
66.0,-389.0,-39.0,114.0,33.0,-309.0,-150.0,-25.0,524.0,-209.0
71.0,-417.0,-40.0,93.0,-1.0,-410.0,34.0,-79.0,467.0,-204.0
41.0,-374.0,-27.0,44.0,-107.0,-367.0,330.0,-112.0,437.0,-174.0
34.0,-375.0,-6.0,57.0,0.0,-396.0,444.0,-116.0,380.0,-118.0
0.0,-334.0,-34.0,34.0,60.0,-289.0,258.0,-66.0,313.0,-68.0
-1.0,-488.0,-17.0,6.0,49.0,-169.0,-29.0,-112.0,237.0,-24.0
-15.0,-759.0,-16.0,-17.0,79.0,-68.0,-210.0,-42.0,131.0,37.0
-37.0,-767.0,-60.0,-38.0,11.0,-77.0,-335.0,-75.0,25.0,109.0
-44.0,-635.0,-55.0,-62.0,0.0,-225.0,-503.0,40.0,-85.0,168.0
-66.0,-502.0,-44.0,-100.0,59.0,-212.0,-657.0,160.0,-161.0,230.0
-78.0,-429.0,-46.0,-114.0,-13.0,-127.0,-667.0,277.0,-249.0,277.0
-116.0,-540.0,-6.0,-159.0,15.0,-77.0,-676.0,373.0,-322.0,314.0
-126.0,-588.0,12.0,-174.0,78.0,-31.0,-810.0,208.0,-350.0,345.0
-148.0,-544.0,-10.0,-151.0,90.0,36.0,-927.0,164.0,-383.0,338.0
-179.0,-568.0,43.0,-152.0,61.0,125.0,-784.0,75.0,-374.0,319.0
-167.0,-659.0,41.0,-176.0,-44.0,164.0,-426.0,103.0,-353.0,265.0
-126.0,-710.0,32.0,-145.0,-53.0,6.0,-132.0,162.0,-338.0,184.0
-81.0,-343.0,72.0,-89.0,-72.0,-95.0,-90.0,88.0,-279.0,96.0
-51.0,13.0,26.0,-90.0,-106.0,-125.0,-251.0,83.0,-212.0,-12.0
-38.0,120.0,35.0,-41.0,-92.0,-230.0,-412.0,-57.0,-166.0,-124.0
-17.0,162.0,38.0,31.0,-67.0,-251.0,-431.0,-14.0,-84.0,-224.0
25.0,283.0,10.0,59.0,-4.0,-287.0,-336.0,-12.0,0.0,-317.0
63.0,773.0,4.0,103.0,-41.0,-340.0,-459.0,-90.0,50.0,-410.0
105.0,938.0,10.0,144.0,-150.0,-320.0,-635.0,-25.0,111.0,-468.0
144.0,687.0,-3.0,140.0,-46.0,-190.0,-522.0,-110.0,161.0,-508.0
189.0,698.0,-20.0,106.0,-32.0,-164.0,-349.0,-73.0,216.0,-544.0
225.0,815.0,2.0,45.0,-144.0,-359.0,-286.0,-35.0,269.0,-547.0
256.0,1005.0,-34.0,-17.0,-57.0,-372.0,-103.0,44.0,308.0,-527.0
253.0,1060.0,-13.0,-71.0,-95.0,-150.0,263.0,62.0,328.0,-467.0
222.0,580.0,-2.0,-150.0,-43.0,39.0,445.0,-107.0,340.0,-396.0
213.0,162.0,-1.0,-204.0,61.0,36.0,359.0,-73.0,334.0,-321.0
182.0,52.0,18.0,-242.0,-100.0,-95.0,186.0,-59.0,297.0,-236.0
153.0,120.0,-7.0,-241.0,-16.0,18.0,23.0,48.0,276.0,-169.0
124.0,178.0,-4.0,-197.0,34.0,183.0,-120.0,44.0,248.0,-71.0
128.0,91.0,2.0,-204.0,-169.0,19.0,-254.0,-101.0,225.0,8.0
139.0,-104.0,11.0,-200.0,-104.0,-245.0,-315.0,-205.0,199.0,52.0
119.0,-339.0,-13.0,-209.0,-141.0,-293.0,-243.0,-358.0,150.0,93.0
100.0,-253.0,-13.0,-246.0,-237.0,-202.0,-134.0,-267.0,121.0,123.0
70.0,-513.0,-6.0,-242.0,-67.0,-300.0,-174.0,-264.0,103.0,133.0
51.0,-705.0,-43.0,-239.0,-197.0,-333.0,-350.0,-123.0,64.0,112.0
35.0,-230.0,-64.0,-222.0,-299.0,-106.0,-534.0,109.0,24.0,108.0
46.0,58.0,-25.0,-146.0,-119.0,101.0,-578.0,51.0,14.0,94.0
64.0,266.0,-12.0,-124.0,-190.0,206.0,-511.0,-68.0,3.0,37.0
77.0,337.0,14.0,-117.0,-285.0,158.0,-463.0,-219.0,11.0,-5.0
107.0,107.0,27.0,-75.0,-150.0,56.0,-494.0,-208.0,28.0,-11.0
134.0,-94.0,26.0,-56.0,-89.0,-33.0,-604.0,-219.0,33.0,-22.0
114.0,-143.0,79.0,-26.0,-118.0,-257.0,-682.0,-203.0,58.0,-49.0
84.0,33.0,31.0,-10.0,-100.0,-459.0,-610.0,-201.0,83.0,-59.0
67.0,283.0,20.0,15.0,-101.0,-441.0,-511.0,-131.0,87.0,-28.0
30.0,387.0,-19.0,27.0,-67.0,-438.0,-543.0,112.0,84.0,8.0
11.0,171.0,-25.0,27.0,-72.0,-346.0,-460.0,72.0,112.0,8.0
-10.0,-362.0,-8.0,23.0,-111.0,5.0,-320.0,118.0,134.0,31.0
-30.0,-594.0,-36.0,-25.0,-75.0,131.0,-431.0,179.0,135.0,82.0
-82.0,-461.0,-5.0,-30.0,90.0,-101.0,-570.0,184.0,139.0,122.0
-116.0,-481.0,-30.0,-27.0,169.0,-241.0,-444.0,164.0,124.0,155.0
-122.0,-691.0,-14.0,-17.0,19.0,-216.0,-301.0,-20.0,113.0,183.0
-141.0,-956.0,-30.0,34.0,50.0,-212.0,-281.0,25.0,98.0,201.0
-139.0,-750.0,-42.0,78.0,68.0,-262.0,-115.0,-29.0,67.0,199.0
-152.0,-455.0,-50.0,116.0,70.0,-308.0,144.0,-120.0,45.0,190.0
-170.0,-270.0,-75.0,129.0,145.0,-25.0,400.0,-232.0,24.0,210.0
-173.0,96.0,-66.0,107.0,-1.0,254.0,634.0,-397.0,-3.0,210.0
-168.0,90.0,-66.0,117.0,119.0,31.0,807.0,-260.0,-14.0,163.0
-161.0,516.0,-55.0,160.0,396.0,-262.0,733.0,-251.0,-34.0,137.0
-122.0,1220.0,-42.0,133.0,245.0,-252.0,362.0,-186.0,-74.0,130.0
-97.0,1158.0,-31.0,110.0,131.0,-149.0,-7.0,-168.0,-101.0,105.0
-81.0,1058.0,-57.0,117.0,252.0,-236.0,-431.0,-219.0,-139.0,44.0
-70.0,1012.0,-8.0,89.0,89.0,-291.0,-843.0,-112.0,-171.0,-14.0
-81.0,488.0,0.0,76.0,-110.0,-191.0,-894.0,-175.0,-179.0,-67.0
-74.0,-224.0,11.0,48.0,-63.0,-160.0,-684.0,-116.0,-176.0,-139.0
-72.0,-211.0,40.0,18.0,-33.0,-262.0,-524.0,-107.0,-169.0,-210.0
-63.0,261.0,21.0,18.0,75.0,-215.0,-359.0,-48.0,-159.0,-302.0
-61.0,400.0,61.0,-17.0,139.0,-42.0,-151.0,11.0,-141.0,-409.0
-51.0,623.0,6.0,-48.0,-31.0,-161.0,-150.0,-125.0,-107.0,-497.0
-46.0,465.0,0.0,-86.0,18.0,-388.0,-299.0,-36.0,-64.0,-586.0
-56.0,-9.0,39.0,-132.0,157.0,-262.0,-367.0,-35.0,-30.0,-663.0
-87.0,106.0,36.0,-167.0,15.0,50.0,-335.0,-70.0,11.0,-720.0
-110.0,310.0,24.0,-206.0,-39.0,50.0,-279.0,-79.0,77.0,-788.0
-126.0,386.0,18.0,-181.0,17.0,49.0,-350.0,-62.0,131.0,-806.0
-136.0,104.0,5.0,-169.0,97.0,226.0,-571.0,42.0,176.0,-781.0
-119.0,-228.0,-59.0,-173.0,146.0,183.0,-656.0,55.0,229.0,-762.0
-118.0,-361.0,-41.0,-114.0,20.0,-96.0,-532.0,20.0,265.0,-714.0
-100.0,-824.0,-59.0,-61.0,-112.0,-317.0,-356.0,-99.0,282.0,-643.0
-94.0,-833.0,-26.0,-50.0,-35.0,-131.0,-137.0,-1.0,296.0,-562.0
-91.0,-562.0,47.0,-36.0,51.0,77.0,152.0,9.0,302.0,-484.0
-102.0,-478.0,-10.0,-7.0,-131.0,-168.0,355.0,-190.0,288.0,-407.0
-99.0,-387.0,-19.0,-9.0,-138.0,-325.0,317.0,-160.0,287.0,-325.0
-74.0,-390.0,51.0,-10.0,38.0,-52.0,242.0,-112.0,284.0,-229.0
-59.0,-512.0,59.0,11.0,1.0,52.0,269.0,-38.0,279.0,-127.0
-24.0,-939.0,70.0,25.0,-25.0,-106.0,247.0,-103.0,282.0,-29.0
4.0,-1036.0,171.0,28.0,-5.0,-89.0,-16.0,-258.0,261.0,59.0
35.0,-836.0,127.0,-6.0,-57.0,-74.0,-325.0,-386.0,243.0,115.0
41.0,-735.0,137.0,-24.0,80.0,-305.0,-433.0,-426.0,203.0,168.0
38.0,-456.0,157.0,-6.0,173.0,-475.0,-416.0,-267.0,153.0,210.0
27.0,-119.0,105.0,-16.0,-20.0,-316.0,-310.0,-264.0,121.0,222.0
28.0,26.0,207.0,-41.0,70.0,-53.0,-224.0,-197.0,67.0,245.0
13.0,20.0,178.0,-89.0,169.0,-62.0,-182.0,-212.0,20.0,265.0
-4.0,-27.0,183.0,-115.0,-42.0,-181.0,-115.0,-266.0,5.0,261.0
0.0,-61.0,212.0,-121.0,-130.0,-169.0,-56.0,-162.0,2.0,211.0
-13.0,58.0,138.0,-141.0,-197.0,-225.0,1.0,-179.0,-28.0,159.0
-26.0,100.0,185.0,-137.0,-181.0,-377.0,109.0,-14.0,-65.0,124.0
-63.0,51.0,155.0,-133.0,-106.0,-374.0,207.0,12.0,-66.0,62.0
-89.0,-74.0,84.0,-154.0,-143.0,-142.0,207.0,12.0,-68.0,-7.0
-107.0,-17.0,148.0,-193.0,-81.0,-107.0,123.0,90.0,-73.0,-90.0
-145.0,228.0,107.0,-214.0,0.0,-336.0,36.0,57.0,-54.0,-157.0
-160.0,180.0,7.0,-225.0,-7.0,-475.0,-57.0,131.0,-40.0,-202.0
-150.0,212.0,42.0,-227.0,-45.0,-352.0,-154.0,5.0,-25.0,-231.0
-151.0,340.0,0.0,-176.0,-18.0,-150.0,-165.0,20.0,-12.0,-242.0
-157.0,387.0,-36.0,-80.0,132.0,-185.0,-86.0,64.0,4.0,-268.0
-159.0,343.0,-4.0,-45.0,81.0,-117.0,35.0,-3.0,9.0,-256.0
-148.0,280.0,-30.0,-26.0,-123.0,8.0,51.0,11.0,-14.0,-233.0
-142.0,356.0,-58.0,34.0,-21.0,-208.0,16.0,-121.0,-20.0,-213.0
-129.0,464.0,-47.0,32.0,-6.0,-551.0,-77.0,-88.0,-22.0,-179.0
-88.0,498.0,-18.0,3.0,-25.0,-625.0,-286.0,-73.0,-17.0,-147.0
-69.0,284.0,-101.0,10.0,166.0,-468.0,-389.0,-83.0,-40.0,-103.0
-52.0,256.0,-131.0,48.0,-37.0,-315.0,-368.0,-97.0,-74.0,-61.0
-49.0,526.0,-100.0,32.0,-63.0,-171.0,-216.0,-94.0,-94.0,-36.0
-42.0,519.0,-74.0,7.0,130.0,-83.0,-69.0,97.0,-123.0,-29.0
-18.0,182.0,-28.0,-14.0,-48.0,-224.0,-20.0,1.0,-137.0,-9.0
0.0,-143.0,-44.0,-61.0,46.0,-468.0,58.0,-153.0,-162.0,11.0
4.0,-115.0,27.0,-76.0,118.0,-434.0,211.0,-271.0,-193.0,15.0
-6.0,-87.0,31.0,-81.0,1.0,-339.0,545.0,-288.0,-209.0,18.0
-3.0,-242.0,-6.0,-100.0,98.0,-231.0,917.0,-140.0,-202.0,18.0
0.0,-93.0,48.0,-158.0,50.0,-129.0,1242.0,-116.0,-195.0,11.0
-4.0,156.0,24.0,-168.0,47.0,-225.0,1436.0,-99.0,-185.0,11.0
-1.0,151.0,32.0,-145.0,251.0,-166.0,1230.0,-243.0,-173.0,41.0
4.0,199.0,49.0,-162.0,209.0,16.0,755.0,-253.0,-161.0,55.0
-8.0,159.0,11.0,-178.0,53.0,85.0,252.0,-203.0,-137.0,43.0
-29.0,-155.0,36.0,-143.0,140.0,30.0,-164.0,-203.0,-138.0,35.0
-48.0,-252.0,61.0,-127.0,98.0,-10.0,-552.0,-55.0,-131.0,21.0
-29.0,-213.0,12.0,-144.0,-21.0,-6.0,-911.0,-7.0,-104.0,-11.0
-14.0,-233.0,46.0,-117.0,1.0,-62.0,-1114.0,138.0,-99.0,-48.0
-12.0,-179.0,52.0,-139.0,-32.0,-125.0,-1169.0,99.0,-115.0,-75.0
8.0,-375.0,-7.0,-182.0,28.0,-112.0,-987.0,66.0,-125.0,-82.0
31.0,-656.0,1.0,-178.0,72.0,-218.0,-636.0,127.0,-145.0,-65.0
51.0,-297.0,-39.0,-128.0,65.0,-459.0,-271.0,81.0,-178.0,-42.0
31.0,28.0,-65.0,-124.0,41.0,-346.0,59.0,247.0,-197.0,-9.0
31.0,29.0,-72.0,-135.0,76.0,-62.0,313.0,218.0,-208.0,0.0
31.0,484.0,-104.0,-75.0,219.0,-47.0,473.0,138.0,-208.0,1.0
26.0,912.0,-106.0,-52.0,77.0,-256.0,487.0,38.0,-250.0,31.0
31.0,927.0,-80.0,-17.0,-74.0,-409.0,557.0,-40.0,-288.0,48.0
53.0,816.0,-118.0,-2.0,93.0,-479.0,830.0,5.0,-263.0,22.0
108.0,835.0,-126.0,2.0,127.0,-651.0,1056.0,-83.0,-259.0,-17.0
133.0,840.0,-60.0,38.0,-18.0,-760.0,1031.0,40.0,-258.0,-50.0
148.0,686.0,-131.0,55.0,-23.0,-619.0,809.0,62.0,-217.0,-71.0
157.0,543.0,-138.0,100.0,-119.0,-259.0,604.0,55.0,-180.0,-91.0
162.0,403.0,-91.0,145.0,-96.0,-37.0,414.0,101.0,-158.0,-107.0
144.0,260.0,-130.0,144.0,-44.0,-112.0,123.0,38.0,-127.0,-114.0
119.0,2.0,-136.0,124.0,-203.0,-273.0,-227.0,112.0,-78.0,-131.0
115.0,-215.0,-88.0,129.0,17.0,-379.0,-568.0,25.0,-34.0,-132.0
106.0,-117.0,-61.0,113.0,84.0,-363.0,-877.0,-48.0,-21.0,-114.0
87.0,202.0,-92.0,80.0,-96.0,-232.0,-948.0,-145.0,-3.0,-99.0
77.0,352.0,-66.0,31.0,-10.0,-113.0,-667.0,-192.0,40.0,-95.0
88.0,265.0,-66.0,-20.0,-53.0,-132.0,-384.0,-110.0,57.0,-76.0
101.0,-28.0,-68.0,-34.0,-78.0,-292.0,-180.0,-116.0,45.0,-34.0
107.0,-216.0,-61.0,-13.0,-5.0,-313.0,197.0,42.0,39.0,-3.0
117.0,38.0,-124.0,31.0,-223.0,-118.0,677.0,48.0,8.0,10.0
99.0,202.0,-134.0,33.0,-230.0,-36.0,855.0,144.0,-12.0,21.0
66.0,241.0,-141.0,55.0,73.0,12.0,782.0,325.0,-31.0,44.0
40.0,448.0,-141.0,33.0,-54.0,75.0,817.0,327.0,-60.0,59.0
10.0,367.0,-65.0,-52.0,-143.0,85.0,827.0,352.0,-85.0,75.0
-8.0,-44.0,-20.0,-58.0,-26.0,-35.0,707.0,107.0,-107.0,98.0
-29.0,-321.0,-48.0,-67.0,-49.0,-246.0,560.0,-73.0,-120.0,119.0
-32.0,-532.0,-22.0,-118.0,14.0,-197.0,425.0,-162.0,-158.0,129.0
-41.0,-601.0,0.0,-160.0,-63.0,-41.0,317.0,-144.0,-172.0,134.0
-50.0,-581.0,-32.0,-198.0,-113.0,-32.0,228.0,59.0,-181.0,157.0
-68.0,-724.0,-13.0,-238.0,79.0,-102.0,22.0,199.0,-207.0,157.0
-96.0,-963.0,-46.0,-241.0,150.0,-64.0,-324.0,299.0,-208.0,136.0
-86.0,-909.0,-58.0,-245.0,95.0,-2.0,-527.0,149.0,-207.0,146.0
-75.0,-682.0,-58.0,-259.0,119.0,-46.0,-457.0,155.0,-198.0,146.0
-55.0,-519.0,-56.0,-216.0,192.0,-77.0,-232.0,175.0,-182.0,127.0
-37.0,-216.0,-6.0,-145.0,144.0,-38.0,-79.0,157.0,-183.0,150.0
-27.0,1.0,0.0,-108.0,-33.0,63.0,40.0,336.0,-178.0,170.0
-13.0,226.0,25.0,-120.0,-84.0,69.0,282.0,253.0,-155.0,177.0
5.0,185.0,35.0,-97.0,-4.0,-27.0,405.0,136.0,-142.0,188.0
21.0,-22.0,70.0,-93.0,-32.0,-54.0,364.0,-53.0,-144.0,205.0
41.0,-158.0,39.0,-96.0,-45.0,1.0,386.0,-158.0,-134.0,245.0
81.0,-399.0,5.0,-61.0,-127.0,106.0,495.0,-94.0,-118.0,253.0
104.0,-478.0,23.0,-20.0,-174.0,228.0,640.0,3.0,-116.0,233.0
117.0,-398.0,-50.0,19.0,103.0,334.0,694.0,269.0,-114.0,240.0
126.0,-228.0,-43.0,69.0,28.0,361.0,590.0,306.0,-108.0,246.0
125.0,-20.0,-60.0,138.0,-228.0,291.0,423.0,317.0,-96.0,229.0
122.0,193.0,-100.0,179.0,0.0,320.0,269.0,195.0,-73.0,209.0
118.0,349.0,-91.0,219.0,-36.0,409.0,193.0,27.0,-60.0,186.0
112.0,289.0,-106.0,256.0,-212.0,324.0,79.0,109.0,-50.0,147.0
111.0,158.0,-153.0,298.0,-83.0,169.0,-129.0,70.0,-31.0,104.0
84.0,276.0,-176.0,306.0,-148.0,294.0,-239.0,90.0,-8.0,60.0
53.0,245.0,-147.0,289.0,-12.0,544.0,-201.0,-12.0,26.0,5.0
43.0,348.0,-193.0,273.0,119.0,402.0,-52.0,-22.0,56.0,-56.0
35.0,575.0,-168.0,214.0,-145.0,166.0,129.0,64.0,54.0,-85.0
36.0,541.0,-113.0,169.0,-54.0,131.0,305.0,-145.0,60.0,-87.0
41.0,610.0,-148.0,132.0,69.0,44.0,540.0,-264.0,64.0,-104.0
38.0,346.0,-82.0,114.0,-59.0,-95.0,732.0,-356.0,49.0,-120.0
14.0,109.0,-42.0,75.0,1.0,-79.0,626.0,-223.0,48.0,-145.0
-18.0,15.0,-100.0,49.0,-47.0,304.0,422.0,25.0,33.0,-149.0
-53.0,-124.0,-73.0,73.0,-33.0,600.0,416.0,242.0,1.0,-149.0
-73.0,-191.0,-80.0,27.0,165.0,356.0,419.0,521.0,11.0,-179.0
-89.0,-410.0,-136.0,-42.0,21.0,27.0,219.0,524.0,8.0,-179.0
-80.0,-493.0,-97.0,-89.0,-124.0,-133.0,-73.0,410.0,-23.0,-175.0
-54.0,-511.0,-129.0,-109.0,-28.0,-183.0,-126.0,90.0,-20.0,-162.0
-49.0,-471.0,-170.0,-124.0,20.0,-221.0,-6.0,-118.0,-35.0,-118.0
-34.0,-335.0,-132.0,-167.0,-80.0,-12.0,2.0,-133.0,-48.0,-62.0
-39.0,-405.0,-168.0,-231.0,-178.0,459.0,-109.0,-149.0,-35.0,-11.0
-55.0,-509.0,-159.0,-290.0,-19.0,599.0,-140.0,-42.0,-23.0,16.0
-76.0,-567.0,-95.0,-320.0,-16.0,532.0,22.0,-145.0,-27.0,49.0
-75.0,-536.0,-112.0,-321.0,-107.0,527.0,162.0,-144.0,-34.0,77.0
-40.0,-408.0,-117.0,-268.0,121.0,325.0,143.0,-105.0,-16.0,80.0
-22.0,-528.0,-76.0,-226.0,93.0,-106.0,-6.0,-103.0,-23.0,79.0
5.0,-471.0,-95.0,-182.0,52.0,-183.0,-109.0,123.0,-49.0,77.0
18.0,-387.0,-56.0,-121.0,240.0,110.0,-51.0,352.0,-67.0,65.0
23.0,-432.0,-10.0,-76.0,-18.0,310.0,195.0,474.0,-65.0,38.0
33.0,-345.0,-73.0,-10.0,-72.0,290.0,516.0,310.0,-72.0,-7.0
22.0,-312.0,-22.0,59.0,244.0,179.0,596.0,216.0,-87.0,-36.0
8.0,-208.0,-4.0,138.0,123.0,201.0,590.0,129.0,-106.0,-58.0
3.0,-286.0,-44.0,187.0,77.0,115.0,760.0,53.0,-129.0,-79.0
7.0,-283.0,-10.0,203.0,184.0,-156.0,822.0,197.0,-130.0,-67.0
16.0,-158.0,-40.0,255.0,-23.0,-356.0,606.0,212.0,-132.0,-61.0
32.0,-4.0,-19.0,299.0,24.0,-179.0,394.0,279.0,-128.0,-50.0
21.0,291.0,-28.0,273.0,86.0,141.0,245.0,223.0,-145.0,-21.0
15.0,642.0,-142.0,226.0,-120.0,205.0,65.0,83.0,-150.0,-3.0
16.0,860.0,-155.0,185.0,32.0,88.0,-152.0,-79.0,-141.0,0.0
-3.0,849.0,-167.0,148.0,93.0,18.0,-456.0,-297.0,-160.0,-2.0
-41.0,852.0,-210.0,146.0,-62.0,-171.0,-632.0,-266.0,-177.0,3.0
-93.0,671.0,-190.0,120.0,-37.0,-515.0,-522.0,-286.0,-191.0,13.0
-122.0,462.0,-196.0,105.0,14.0,-412.0,-450.0,-144.0,-190.0,13.0
-142.0,587.0,-198.0,84.0,75.0,-46.0,-478.0,62.0,-206.0,9.0
-146.0,859.0,-191.0,31.0,-13.0,184.0,-302.0,182.0,-222.0,28.0
-143.0,628.0,-180.0,48.0,-113.0,102.0,107.0,158.0,-209.0,37.0
-121.0,416.0,-165.0,58.0,-39.0,68.0,530.0,-249.0,-191.0,48.0
-98.0,206.0,-214.0,41.0,60.0,203.0,763.0,-402.0,-189.0,81.0
-109.0,-34.0,-219.0,26.0,72.0,123.0,886.0,-419.0,-177.0,102.0
-110.0,-115.0,-220.0,10.0,-72.0,81.0,888.0,-256.0,-132.0,97.0
-110.0,-430.0,-240.0,-15.0,-28.0,66.0,666.0,83.0,-128.0,93.0
-107.0,-309.0,-211.0,-62.0,184.0,238.0,324.0,280.0,-121.0,103.0
-113.0,-306.0,-177.0,-121.0,103.0,336.0,-12.0,491.0,-109.0,99.0
-89.0,-295.0,-118.0,-185.0,-34.0,256.0,-119.0,384.0,-111.0,111.0
-74.0,-138.0,-100.0,-217.0,24.0,362.0,-7.0,223.0,-100.0,139.0
-71.0,-168.0,-98.0,-277.0,-100.0,465.0,94.0,59.0,-108.0,172.0
-86.0,-189.0,-47.0,-336.0,-120.0,453.0,148.0,31.0,-105.0,174.0
-105.0,-200.0,-50.0,-347.0,-44.0,338.0,146.0,160.0,-105.0,166.0
-97.0,-302.0,-48.0,-357.0,-294.0,400.0,62.0,46.0,-122.0,206.0
-111.0,-513.0,-27.0,-329.0,-51.0,440.0,95.0,94.0,-126.0,194.0
-74.0,-286.0,-30.0,-288.0,143.0,277.0,211.0,68.0,-109.0,162.0
-61.0,-107.0,14.0,-226.0,-150.0,186.0,179.0,59.0,-102.0,162.0
-62.0,-214.0,39.0,-123.0,-43.0,277.0,129.0,64.0,-114.0,175.0
-58.0,-355.0,59.0,-53.0,-102.0,420.0,130.0,-136.0,-109.0,171.0
-49.0,-117.0,60.0,-24.0,-122.0,233.0,169.0,-127.0,-90.0,144.0
-50.0,209.0,23.0,-48.0,52.0,-43.0,171.0,-125.0,-72.0,142.0
-66.0,420.0,3.0,-92.0,-183.0,-83.0,135.0,-118.0,-72.0,108.0
-58.0,535.0,-15.0,-124.0,-59.0,-59.0,165.0,-162.0,-50.0,72.0
-75.0,444.0,-47.0,-111.0,205.0,-170.0,162.0,-131.0,-32.0,66.0
-65.0,414.0,-100.0,-55.0,-54.0,-214.0,37.0,83.0,-31.0,43.0
-76.0,337.0,-60.0,-30.0,-96.0,66.0,-197.0,201.0,0.0,6.0
-69.0,268.0,-85.0,-41.0,35.0,321.0,-377.0,286.0,1.0,-39.0
-66.0,-27.0,-103.0,-51.0,-31.0,338.0,-425.0,212.0,-1.0,-47.0
-81.0,11.0,-41.0,-19.0,-30.0,183.0,-460.0,256.0,9.0,-37.0
-117.0,223.0,-76.0,-39.0,-153.0,-5.0,-607.0,262.0,18.0,-56.0
-154.0,277.0,-64.0,-44.0,-148.0,-223.0,-693.0,46.0,33.0,-67.0
-159.0,112.0,-97.0,-7.0,10.0,-261.0,-534.0,-232.0,11.0,-55.0
-187.0,-29.0,-127.0,-38.0,-162.0,134.0,-240.0,-552.0,-7.0,-41.0
-186.0,24.0,-115.0,-23.0,-204.0,360.0,26.0,-513.0,-18.0,-41.0
-198.0,-232.0,-123.0,3.0,-84.0,294.0,113.0,-478.0,-25.0,-14.0
-180.0,-189.0,-125.0,-24.0,-84.0,281.0,210.0,-386.0,-27.0,29.0
-205.0,-277.0,-115.0,-13.0,-26.0,324.0,445.0,-210.0,-40.0,39.0
-235.0,-235.0,-77.0,20.0,-152.0,261.0,523.0,-181.0,-18.0,74.0
-242.0,115.0,-100.0,9.0,-199.0,137.0,408.0,46.0,-6.0,138.0
-262.0,146.0,-116.0,-2.0,8.0,342.0,431.0,33.0,1.0,176.0
-257.0,2.0,-153.0,-10.0,-87.0,775.0,567.0,-72.0,29.0,192.0
-274.0,-71.0,-159.0,-2.0,-152.0,972.0,643.0,-88.0,56.0,234.0
-256.0,-133.0,-178.0,-12.0,0.0,820.0,699.0,-38.0,77.0,293.0
-246.0,-285.0,-208.0,-51.0,40.0,685.0,683.0,46.0,97.0,298.0
-237.0,-189.0,-177.0,-30.0,155.0,645.0,685.0,-40.0,146.0,289.0
-252.0,-140.0,-196.0,-24.0,116.0,490.0,798.0,70.0,160.0,295.0
-245.0,-181.0,-176.0,-2.0,24.0,260.0,853.0,40.0,151.0,270.0
-211.0,-332.0,-195.0,55.0,292.0,239.0,671.0,38.0,176.0,226.0
-204.0,-308.0,-185.0,87.0,245.0,480.0,408.0,42.0,190.0,195.0
-199.0,-250.0,-159.0,104.0,0.0,591.0,331.0,-103.0,190.0,190.0
-201.0,-176.0,-191.0,113.0,100.0,397.0,351.0,33.0,188.0,182.0
-201.0,15.0,-129.0,98.0,139.0,196.0,258.0,-73.0,175.0,156.0
-207.0,55.0,-105.0,34.0,171.0,225.0,109.0,-201.0,152.0,146.0
-177.0,265.0,-136.0,17.0,156.0,250.0,-68.0,-203.0,139.0,149.0
-167.0,406.0,-116.0,33.0,-11.0,183.0,-315.0,-194.0,117.0,125.0
-143.0,611.0,-114.0,63.0,63.0,47.0,-487.0,-171.0,86.0,91.0
-131.0,574.0,-101.0,86.0,253.0,-175.0,-593.0,-284.0,47.0,62.0
-126.0,291.0,-82.0,75.0,91.0,-349.0,-634.0,-206.0,1.0,22.0
-115.0,129.0,-82.0,38.0,-72.0,-294.0,-626.0,-208.0,-18.0,-11.0
-116.0,137.0,-66.0,-13.0,71.0,-73.0,-588.0,-84.0,-48.0,-52.0
-98.0,93.0,-74.0,11.0,91.0,82.0,-523.0,25.0,-91.0,-86.0
-116.0,-164.0,-44.0,28.0,94.0,263.0,-562.0,-109.0,-107.0,-117.0
-98.0,-191.0,-24.0,4.0,11.0,557.0,-561.0,-55.0,-100.0,-145.0
-70.0,-228.0,-30.0,-2.0,-22.0,707.0,-384.0,-96.0,-100.0,-131.0
-41.0,-212.0,-19.0,-8.0,156.0,330.0,-105.0,-110.0,-92.0,-120.0
-16.0,-170.0,-48.0,13.0,13.0,-289.0,214.0,-168.0,-80.0,-107.0
-26.0,-156.0,-53.0,46.0,-76.0,-482.0,525.0,-201.0,-91.0,-97.0
-22.0,-129.0,-33.0,44.0,-7.0,-194.0,736.0,-97.0,-62.0,-102.0
-49.0,-187.0,-47.0,48.0,-7.0,3.0,854.0,-181.0,-48.0,-97.0
-86.0,-324.0,-33.0,17.0,36.0,-27.0,911.0,-216.0,-41.0,-95.0
-85.0,-473.0,-24.0,-100.0,-95.0,96.0,1002.0,-288.0,16.0,-93.0
-51.0,-539.0,-46.0,-186.0,-235.0,346.0,1136.0,-175.0,40.0,-119.0
-6.0,-438.0,-24.0,-217.0,-92.0,469.0,1161.0,-83.0,94.0,-139.0
31.0,-67.0,-16.0,-245.0,-5.0,254.0,1037.0,-251.0,170.0,-157.0
64.0,-26.0,-1.0,-271.0,-225.0,-202.0,657.0,-182.0,192.0,-196.0
78.0,-205.0,-6.0,-281.0,-253.0,-517.0,219.0,-86.0,223.0,-253.0
90.0,-114.0,2.0,-245.0,-51.0,-422.0,-52.0,59.0,256.0,-325.0
96.0,225.0,14.0,-215.0,0.0,26.0,-172.0,94.0,250.0,-345.0
96.0,295.0,-29.0,-211.0,-120.0,422.0,-238.0,147.0,260.0,-333.0
136.0,47.0,13.0,-169.0,-196.0,402.0,-309.0,254.0,255.0,-350.0
173.0,147.0,-10.0,-114.0,-6.0,214.0,-263.0,125.0,229.0,-363.0
170.0,399.0,-48.0,-20.0,114.0,194.0,-203.0,46.0,215.0,-351.0
168.0,619.0,-13.0,81.0,29.0,168.0,-91.0,-221.0,168.0,-357.0
193.0,771.0,-2.0,145.0,1.0,-188.0,12.0,-334.0,134.0,-373.0
207.0,637.0,18.0,220.0,-4.0,-502.0,-65.0,-290.0,119.0,-365.0
195.0,262.0,6.0,252.0,124.0,-216.0,-100.0,-319.0,84.0,-381.0
168.0,91.0,23.0,248.0,131.0,340.0,31.0,-190.0,48.0,-414.0
142.0,102.0,106.0,252.0,-130.0,693.0,172.0,-97.0,34.0,-429.0
135.0,2.0,120.0,229.0,-14.0,507.0,338.0,42.0,19.0,-425.0
112.0,-15.0,111.0,224.0,215.0,46.0,563.0,16.0,10.0,-423.0
94.0,159.0,161.0,226.0,163.0,-372.0,660.0,88.0,32.0,-415.0
89.0,373.0,131.0,204.0,78.0,-613.0,718.0,203.0,27.0,-380.0
86.0,341.0,141.0,175.0,76.0,-419.0,668.0,194.0,45.0,-339.0
58.0,180.0,157.0,107.0,128.0,-6.0,553.0,332.0,79.0,-302.0
34.0,12.0,155.0,64.0,175.0,316.0,593.0,212.0,108.0,-273.0
25.0,-79.0,195.0,13.0,-12.0,446.0,579.0,118.0,168.0,-242.0
26.0,35.0,194.0,-38.0,-116.0,565.0,401.0,3.0,190.0,-214.0
21.0,179.0,240.0,-72.0,163.0,400.0,156.0,-162.0,182.0,-183.0
14.0,269.0,240.0,-147.0,83.0,-79.0,-11.0,-249.0,171.0,-129.0
34.0,388.0,237.0,-165.0,-30.0,-496.0,-45.0,-378.0,179.0,-34.0
28.0,500.0,249.0,-161.0,44.0,-634.0,-12.0,-125.0,177.0,80.0
33.0,355.0,225.0,-148.0,67.0,-345.0,-36.0,127.0,153.0,189.0
33.0,173.0,185.0,-110.0,83.0,62.0,-83.0,291.0,165.0,300.0
12.0,222.0,153.0,-93.0,-37.0,475.0,-94.0,297.0,147.0,408.0
8.0,198.0,108.0,-95.0,-64.0,665.0,24.0,127.0,122.0,482.0
41.0,-7.0,82.0,-79.0,-106.0,376.0,213.0,116.0,121.0,521.0
85.0,-146.0,86.0,-78.0,63.0,-90.0,169.0,-84.0,108.0,550.0
123.0,-208.0,24.0,-121.0,29.0,-348.0,103.0,-116.0,101.0,546.0
165.0,-200.0,42.0,-105.0,-235.0,-420.0,158.0,-96.0,111.0,530.0
170.0,-202.0,6.0,-67.0,-19.0,-376.0,199.0,-118.0,130.0,526.0
163.0,-333.0,-60.0,-10.0,44.0,-216.0,177.0,-62.0,128.0,526.0
137.0,-217.0,-52.0,56.0,-133.0,-49.0,150.0,-184.0,114.0,525.0
122.0,161.0,-120.0,79.0,-97.0,142.0,218.0,-147.0,98.0,515.0
111.0,397.0,-134.0,91.0,-48.0,114.0,282.0,-160.0,100.0,508.0
88.0,154.0,-114.0,56.0,-47.0,-74.0,275.0,-18.0,127.0,480.0
59.0,99.0,-140.0,29.0,45.0,-263.0,272.0,123.0,122.0,413.0
33.0,233.0,-134.0,27.0,-105.0,-348.0,366.0,97.0,108.0,335.0
9.0,-51.0,-116.0,-3.0,-226.0,-78.0,402.0,192.0,100.0,277.0
0.0,57.0,-103.0,-6.0,118.0,200.0,355.0,35.0,80.0,228.0
1.0,277.0,-100.0,-5.0,88.0,365.0,349.0,-59.0,63.0,176.0
-44.0,253.0,-81.0,-24.0,-203.0,427.0,309.0,-205.0,43.0,113.0
-84.0,212.0,-50.0,3.0,-19.0,290.0,311.0,-304.0,-10.0,78.0
-114.0,76.0,-59.0,21.0,103.0,60.0,338.0,-227.0,-42.0,68.0
-130.0,-296.0,-40.0,-12.0,42.0,-147.0,208.0,-205.0,-41.0,42.0
-141.0,-429.0,-10.0,-35.0,-1.0,-54.0,-1.0,14.0,-60.0,37.0
-117.0,-19.0,-40.0,-76.0,-99.0,105.0,-177.0,68.0,-65.0,42.0
-77.0,-121.0,9.0,-117.0,63.0,121.0,-266.0,134.0,-60.0,27.0
-55.0,-231.0,42.0,-100.0,249.0,98.0,-202.0,177.0,-41.0,14.0
-56.0,24.0,9.0,-62.0,31.0,139.0,-158.0,79.0,-17.0,33.0
-89.0,170.0,85.0,-40.0,-66.0,262.0,-95.0,94.0,-13.0,67.0
-66.0,252.0,62.0,-27.0,211.0,-8.0,136.0,118.0,-30.0,100.0
-55.0,253.0,39.0,9.0,228.0,-411.0,350.0,282.0,-40.0,119.0
-28.0,236.0,57.0,14.0,101.0,-321.0,335.0,236.0,-27.0,140.0
-8.0,114.0,2.0,3.0,117.0,39.0,190.0,190.0,-30.0,173.0
10.0,114.0,3.0,14.0,40.0,186.0,232.0,208.0,-24.0,182.0
51.0,140.0,-59.0,-1.0,133.0,17.0,425.0,51.0,-23.0,189.0
50.0,48.0,-71.0,9.0,163.0,-123.0,537.0,59.0,-21.0,194.0
38.0,-263.0,-54.0,104.0,-140.0,-146.0,466.0,12.0,12.0,174.0
13.0,-498.0,-48.0,155.0,-98.0,-129.0,321.0,0.0,19.0,179.0
12.0,-347.0,-27.0,123.0,157.0,-178.0,231.0,-7.0,11.0,213.0
0.0,-232.0,-61.0,126.0,-54.0,-302.0,171.0,-22.0,1.0,208.0
13.0,-195.0,-69.0,137.0,-171.0,-275.0,103.0,-35.0,0.0,186.0
16.0,-26.0,-106.0,134.0,5.0,-56.0,-21.0,-142.0,17.0,169.0
15.0,161.0,-97.0,139.0,13.0,219.0,-151.0,-36.0,2.0,151.0
42.0,237.0,-94.0,115.0,43.0,188.0,-296.0,-35.0,-11.0,130.0
46.0,367.0,-109.0,67.0,-107.0,-52.0,-398.0,-31.0,-6.0,99.0
43.0,45.0,-104.0,13.0,-249.0,-103.0,-500.0,-25.0,-12.0,89.0
23.0,-183.0,-103.0,-11.0,59.0,-22.0,-608.0,-94.0,-4.0,85.0
11.0,130.0,-26.0,6.0,120.0,14.0,-526.0,-12.0,0.0,73.0
6.0,267.0,-15.0,31.0,-167.0,-118.0,-238.0,-24.0,-8.0,43.0
11.0,265.0,-5.0,40.0,-112.0,-221.0,127.0,9.0,-28.0,2.0
23.0,232.0,61.0,60.0,152.0,-105.0,339.0,-49.0,-38.0,-42.0
44.0,321.0,71.0,65.0,96.0,70.0,353.0,-116.0,-26.0,-95.0
42.0,181.0,80.0,68.0,-71.0,121.0,236.0,-127.0,-32.0,-134.0
49.0,-85.0,135.0,51.0,-129.0,17.0,74.0,-210.0,-43.0,-177.0
54.0,-251.0,176.0,27.0,-103.0,83.0,-49.0,-177.0,-53.0,-235.0
54.0,-240.0,139.0,33.0,95.0,336.0,-63.0,-290.0,-22.0,-293.0
75.0,-158.0,205.0,19.0,0.0,346.0,21.0,-303.0,5.0,-318.0
92.0,-202.0,180.0,33.0,-123.0,4.0,123.0,-219.0,-7.0,-353.0
124.0,-88.0,170.0,34.0,130.0,-321.0,130.0,-138.0,1.0,-392.0
140.0,-11.0,266.0,35.0,256.0,-349.0,35.0,11.0,14.0,-406.0
164.0,77.0,171.0,52.0,29.0,-330.0,9.0,90.0,9.0,-409.0
152.0,-9.0,214.0,27.0,-203.0,-349.0,-63.0,325.0,16.0,-398.0
143.0,-43.0,192.0,20.0,-4.0,-471.0,-208.0,423.0,38.0,-384.0
139.0,74.0,134.0,20.0,129.0,-618.0,-315.0,415.0,31.0,-350.0
141.0,138.0,157.0,9.0,-41.0,-393.0,-358.0,304.0,47.0,-325.0
164.0,70.0,97.0,-36.0,-157.0,-53.0,-292.0,157.0,83.0,-285.0
150.0,-161.0,114.0,-88.0,-148.0,-50.0,-114.0,249.0,103.0,-212.0
151.0,-179.0,60.0,-128.0,59.0,-396.0,53.0,107.0,129.0,-130.0
140.0,-112.0,55.0,-175.0,67.0,-573.0,97.0,-27.0,137.0,-36.0
120.0,-181.0,39.0,-195.0,-290.0,-387.0,143.0,-90.0,153.0,61.0
83.0,-616.0,16.0,-202.0,-284.0,-265.0,243.0,-123.0,165.0,156.0
48.0,-732.0,5.0,-161.0,59.0,-338.0,282.0,-44.0,157.0,199.0
29.0,-648.0,2.0,-83.0,11.0,-532.0,151.0,9.0,151.0,221.0
4.0,-647.0,59.0,-9.0,-211.0,-561.0,-154.0,169.0,144.0,273.0
-24.0,-468.0,32.0,111.0,-134.0,-294.0,-495.0,120.0,126.0,320.0
-61.0,-371.0,99.0,167.0,104.0,-116.0,-672.0,181.0,109.0,357.0
-76.0,-86.0,91.0,190.0,199.0,-58.0,-715.0,182.0,80.0,381.0
-81.0,-54.0,38.0,251.0,-29.0,-4.0,-646.0,-88.0,32.0,395.0
-69.0,-131.0,90.0,245.0,-224.0,-32.0,-498.0,-60.0,-4.0,407.0
-46.0,-96.0,60.0,219.0,77.0,-64.0,-406.0,-68.0,-30.0,390.0
-31.0,37.0,41.0,198.0,188.0,-112.0,-252.0,-55.0,-33.0,367.0
-35.0,61.0,52.0,227.0,-63.0,-164.0,-151.0,-84.0,-40.0,365.0
-47.0,-126.0,30.0,235.0,-24.0,-224.0,-177.0,-158.0,-36.0,368.0
-53.0,-24.0,8.0,204.0,108.0,-239.0,-108.0,-101.0,-21.0,359.0
-72.0,-145.0,-18.0,231.0,160.0,-135.0,-38.0,-94.0,-14.0,327.0
-89.0,-292.0,-53.0,209.0,-9.0,105.0,-74.0,44.0,0.0,275.0
-69.0,-144.0,-57.0,166.0,-207.0,269.0,-53.0,14.0,-15.0,197.0
-50.0,-8.0,-99.0,130.0,-29.0,128.0,29.0,49.0,-8.0,127.0
-29.0,162.0,-101.0,63.0,117.0,-22.0,30.0,75.0,15.0,81.0
-1.0,255.0,-91.0,10.0,-79.0,-194.0,-54.0,-105.0,8.0,31.0
6.0,74.0,-107.0,33.0,-248.0,-386.0,-184.0,-75.0,0.0,-31.0
13.0,109.0,-72.0,57.0,-128.0,-318.0,-149.0,-121.0,-3.0,-101.0
30.0,109.0,-75.0,35.0,81.0,-100.0,78.0,-62.0,-3.0,-144.0
53.0,-67.0,-60.0,12.0,50.0,-32.0,168.0,1.0,-14.0,-199.0
65.0,-15.0,-35.0,-9.0,-175.0,-137.0,-16.0,33.0,-23.0,-288.0
102.0,0.0,-24.0,24.0,-47.0,-93.0,-308.0,145.0,-51.0,-376.0
148.0,146.0,-23.0,38.0,202.0,95.0,-404.0,105.0,-78.0,-437.0
166.0,-18.0,-9.0,41.0,89.0,81.0,-286.0,175.0,-100.0,-463.0
160.0,-164.0,0.0,80.0,-172.0,-107.0,-240.0,136.0,-137.0,-467.0
162.0,-141.0,1.0,60.0,-178.0,-212.0,-369.0,162.0,-170.0,-441.0
153.0,-122.0,25.0,31.0,45.0,-208.0,-571.0,253.0,-218.0,-406.0
139.0,-186.0,-7.0,-12.0,42.0,-138.0,-626.0,256.0,-232.0,-362.0
140.0,-490.0,-11.0,-76.0,-136.0,-72.0,-435.0,334.0,-227.0,-291.0
133.0,-339.0,-12.0,-122.0,-123.0,-52.0,-292.0,266.0,-235.0,-182.0
124.0,-282.0,-18.0,-177.0,158.0,-51.0,-356.0,280.0,-261.0,-82.0
85.0,-319.0,25.0,-215.0,172.0,-139.0,-425.0,293.0,-276.0,-49.0
52.0,-310.0,23.0,-214.0,-71.0,-121.0,-308.0,321.0,-260.0,-3.0
39.0,-156.0,26.0,-167.0,-93.0,23.0,-62.0,256.0,-247.0,69.0
47.0,86.0,31.0,-86.0,63.0,-24.0,76.0,53.0,-221.0,111.0
41.0,67.0,67.0,-20.0,241.0,-114.0,-18.0,16.0,-204.0,122.0
48.0,-12.0,144.0,32.0,56.0,-158.0,-242.0,-243.0,-180.0,129.0
74.0,168.0,140.0,74.0,-102.0,-248.0,-301.0,-393.0,-128.0,141.0
73.0,470.0,153.0,106.0,159.0,-491.0,-291.0,-269.0,-65.0,128.0
75.0,180.0,158.0,100.0,246.0,-823.0,-458.0,-109.0,-21.0,106.0
87.0,-31.0,178.0,58.0,29.0,-778.0,-654.0,109.0,21.0,83.0
112.0,-178.0,217.0,50.0,-87.0,-444.0,-735.0,238.0,92.0,37.0
100.0,-105.0,189.0,0.0,53.0,-155.0,-652.0,336.0,133.0,-46.0
94.0,330.0,165.0,-7.0,167.0,-100.0,-492.0,279.0,175.0,-127.0
115.0,387.0,105.0,75.0,-15.0,-247.0,-363.0,328.0,203.0,-192.0
136.0,324.0,94.0,137.0,-228.0,-205.0,-281.0,230.0,221.0,-282.0
147.0,344.0,39.0,184.0,-70.0,-66.0,-256.0,-46.0,261.0,-372.0
163.0,284.0,-7.0,192.0,165.0,-148.0,-342.0,42.0,284.0,-431.0
174.0,86.0,0.0,204.0,31.0,-251.0,-450.0,38.0,280.0,-456.0
190.0,135.0,-55.0,210.0,-229.0,-143.0,-414.0,-14.0,256.0,-473.0
205.0,330.0,-74.0,160.0,-202.0,93.0,-286.0,-46.0,225.0,-487.0
190.0,320.0,-68.0,134.0,133.0,351.0,-141.0,72.0,178.0,-498.0
207.0,183.0,-76.0,157.0,135.0,463.0,-51.0,328.0,117.0,-501.0
221.0,246.0,-156.0,150.0,-217.0,476.0,85.0,306.0,50.0,-503.0
250.0,141.0,-196.0,159.0,-145.0,457.0,256.0,277.0,-14.0,-479.0
245.0,66.0,-166.0,170.0,123.0,308.0,262.0,162.0,-64.0,-400.0
244.0,212.0,-123.0,159.0,148.0,158.0,88.0,127.0,-91.0,-332.0
249.0,184.0,-75.0,158.0,-87.0,-56.0,-152.0,75.0,-106.0,-270.0
235.0,359.0,-64.0,121.0,-237.0,-171.0,-246.0,-75.0,-138.0,-171.0
239.0,107.0,-38.0,71.0,11.0,18.0,-151.0,-1.0,-162.0,-53.0
204.0,-219.0,-37.0,26.0,134.0,126.0,-158.0,12.0,-179.0,37.0
188.0,-190.0,-47.0,8.0,-81.0,159.0,-416.0,114.0,-204.0,74.0
134.0,-341.0,-13.0,-17.0,-183.0,146.0,-583.0,109.0,-218.0,115.0
81.0,-664.0,3.0,-45.0,101.0,69.0,-570.0,125.0,-243.0,181.0
40.0,-784.0,-6.0,-62.0,309.0,95.0,-509.0,369.0,-261.0,194.0
-4.0,-444.0,40.0,-65.0,65.0,-75.0,-483.0,424.0,-266.0,187.0
-26.0,-334.0,30.0,-35.0,-163.0,-223.0,-697.0,487.0,-274.0,217.0
-38.0,-294.0,0.0,31.0,-12.0,-164.0,-992.0,417.0,-257.0,204.0
-37.0,-129.0,13.0,64.0,155.0,-177.0,-1077.0,461.0,-241.0,155.0
-80.0,-176.0,-22.0,43.0,4.0,-101.0,-986.0,554.0,-214.0,157.0
-101.0,-62.0,-43.0,52.0,-151.0,-76.0,-866.0,319.0,-176.0,169.0
-119.0,178.0,-87.0,15.0,-70.0,-94.0,-721.0,136.0,-141.0,115.0
-126.0,92.0,-92.0,12.0,196.0,22.0,-631.0,16.0,-102.0,32.0
-129.0,268.0,-96.0,79.0,189.0,59.0,-582.0,96.0,-52.0,9.0
-124.0,383.0,-73.0,124.0,-161.0,-8.0,-418.0,64.0,2.0,-5.0
-82.0,41.0,-33.0,122.0,-110.0,-109.0,-188.0,-11.0,53.0,-71.0
-82.0,-48.0,-15.0,129.0,214.0,-160.0,15.0,94.0,101.0,-142.0
-61.0,-10.0,32.0,160.0,107.0,-110.0,230.0,182.0,149.0,-183.0
-36.0,121.0,30.0,156.0,-193.0,-109.0,366.0,295.0,191.0,-242.0
0.0,-86.0,108.0,145.0,-53.0,-259.0,324.0,103.0,210.0,-313.0
44.0,-138.0,169.0,94.0,196.0,-319.0,343.0,1.0,215.0,-333.0
51.0,69.0,205.0,39.0,134.0,-173.0,324.0,79.0,201.0,-295.0
60.0,109.0,231.0,0.0,-48.0,-7.0,40.0,66.0,209.0,-269.0
69.0,223.0,201.0,-22.0,-133.0,99.0,-387.0,35.0,199.0,-258.0
70.0,-89.0,230.0,-58.0,82.0,122.0,-675.0,-83.0,159.0,-164.0
56.0,-189.0,234.0,-141.0,214.0,169.0,-636.0,-46.0,163.0,-73.0
59.0,-58.0,240.0,-181.0,-93.0,143.0,-426.0,-72.0,151.0,-45.0
70.0,65.0,248.0,-181.0,-255.0,10.0,-159.0,-107.0,132.0,-9.0
80.0,168.0,236.0,-128.0,-18.0,-12.0,3.0,-127.0,121.0,79.0
86.0,63.0,187.0,-42.0,120.0,-130.0,60.0,-227.0,100.0,157.0
76.0,259.0,130.0,10.0,-70.0,-237.0,90.0,-110.0,77.0,183.0
69.0,217.0,132.0,60.0,-225.0,-47.0,173.0,-27.0,63.0,217.0
47.0,-210.0,88.0,83.0,1.0,252.0,305.0,134.0,47.0,233.0
17.0,-161.0,41.0,100.0,217.0,397.0,220.0,267.0,11.0,237.0
-14.0,47.0,47.0,141.0,74.0,266.0,116.0,325.0,-11.0,223.0
-45.0,8.0,5.0,145.0,-123.0,182.0,153.0,406.0,-19.0,205.0
-47.0,280.0,3.0,158.0,27.0,338.0,170.0,203.0,-25.0,175.0
-23.0,189.0,-21.0,183.0,278.0,461.0,-18.0,94.0,-49.0,103.0
-21.0,27.0,-64.0,180.0,91.0,383.0,-448.0,-49.0,-58.0,74.0
-24.0,354.0,-71.0,166.0,-78.0,239.0,-864.0,-144.0,-58.0,52.0
-27.0,147.0,-125.0,117.0,112.0,177.0,-1022.0,-173.0,-65.0,-7.0
-29.0,-113.0,-159.0,59.0,280.0,221.0,-902.0,-271.0,-94.0,-90.0
-32.0,7.0,-221.0,43.0,176.0,259.0,-651.0,-110.0,-138.0,-158.0
-40.0,64.0,-232.0,50.0,-64.0,308.0,-396.0,-57.0,-172.0,-206.0
-32.0,-27.0,-230.0,42.0,-34.0,483.0,-300.0,97.0,-207.0,-284.0
-16.0,220.0,-246.0,21.0,160.0,555.0,-336.0,192.0,-205.0,-367.0
-18.0,285.0,-190.0,-9.0,143.0,362.0,-289.0,280.0,-210.0,-416.0
-58.0,-165.0,-209.0,-61.0,-74.0,83.0,-90.0,546.0,-204.0,-463.0
-65.0,-105.0,-208.0,-65.0,-97.0,-34.0,127.0,572.0,-171.0,-506.0
-78.0,-147.0,-181.0,-42.0,140.0,-29.0,238.0,624.0,-154.0,-500.0
-85.0,-337.0,-195.0,-38.0,150.0,-9.0,275.0,550.0,-123.0,-485.0
-61.0,-230.0,-147.0,-20.0,-95.0,-2.0,317.0,543.0,-80.0,-490.0
-8.0,-107.0,-128.0,-23.0,-122.0,-21.0,365.0,543.0,-46.0,-486.0
37.0,170.0,-125.0,-61.0,27.0,-2.0,349.0,445.0,-12.0,-441.0
22.0,305.0,-87.0,-81.0,58.0,-2.0,289.0,439.0,35.0,-416.0
18.0,331.0,-81.0,-38.0,-97.0,19.0,261.0,293.0,65.0,-413.0
8.0,206.0,-82.0,3.0,-167.0,22.0,314.0,315.0,91.0,-377.0
14.0,103.0,-63.0,11.0,115.0,-94.0,324.0,277.0,131.0,-355.0
0.0,258.0,-44.0,51.0,225.0,-235.0,126.0,133.0,181.0,-347.0
11.0,9.0,-24.0,97.0,-11.0,-183.0,-160.0,38.0,209.0,-323.0
63.0,-310.0,-22.0,92.0,-110.0,-29.0,-378.0,-138.0,226.0,-268.0
68.0,-99.0,-19.0,90.0,58.0,-41.0,-564.0,-157.0,244.0,-200.0
77.0,-74.0,30.0,109.0,127.0,-182.0,-585.0,-247.0,238.0,-162.0
52.0,-286.0,73.0,85.0,-8.0,-240.0,-418.0,-195.0,224.0,-137.0
39.0,-316.0,102.0,42.0,-139.0,-25.0,-311.0,-40.0,197.0,-94.0
27.0,-423.0,128.0,33.0,-98.0,160.0,-353.0,-49.0,176.0,-75.0
0.0,-464.0,119.0,43.0,118.0,235.0,-427.0,44.0,165.0,-57.0
3.0,-428.0,96.0,34.0,4.0,222.0,-457.0,90.0,150.0,-23.0
16.0,-385.0,115.0,45.0,-238.0,201.0,-526.0,218.0,139.0,3.0
0.0,-489.0,125.0,48.0,-68.0,375.0,-546.0,291.0,117.0,53.0
-31.0,-387.0,124.0,2.0,127.0,465.0,-420.0,328.0,111.0,137.0
-64.0,-134.0,177.0,-17.0,-64.0,428.0,-255.0,339.0,123.0,250.0
-78.0,-329.0,167.0,31.0,-278.0,291.0,-133.0,186.0,125.0,342.0
-72.0,-55.0,161.0,77.0,-159.0,164.0,-31.0,149.0,121.0,426.0
-91.0,374.0,152.0,125.0,79.0,261.0,143.0,-18.0,111.0,527.0
-118.0,404.0,113.0,174.0,117.0,514.0,433.0,-97.0,89.0,637.0
-163.0,394.0,141.0,130.0,-72.0,561.0,769.0,-121.0,80.0,701.0
-171.0,441.0,138.0,80.0,-71.0,369.0,907.0,-142.0,83.0,704.0
-184.0,594.0,126.0,60.0,128.0,260.0,830.0,-49.0,70.0,723.0
-181.0,594.0,98.0,24.0,147.0,225.0,823.0,-103.0,54.0,704.0
-162.0,440.0,105.0,-17.0,-54.0,220.0,858.0,9.0,35.0,635.0
-150.0,267.0,104.0,-45.0,-143.0,163.0,730.0,97.0,27.0,549.0
-117.0,360.0,101.0,-22.0,46.0,139.0,401.0,179.0,45.0,449.0
-101.0,444.0,95.0,-32.0,188.0,114.0,47.0,258.0,53.0,347.0
-63.0,372.0,25.0,-38.0,38.0,-73.0,-260.0,256.0,53.0,256.0
-83.0,139.0,24.0,59.0,-86.0,-229.0,-568.0,356.0,54.0,215.0
-99.0,-84.0,-73.0,140.0,101.0,-82.0,-751.0,297.0,61.0,187.0
-84.0,-165.0,-79.0,174.0,257.0,267.0,-880.0,288.0,69.0,126.0
-80.0,-287.0,-37.0,187.0,27.0,412.0,-884.0,206.0,81.0,74.0
-57.0,-140.0,-108.0,171.0,-278.0,367.0,-613.0,147.0,68.0,69.0
-52.0,-146.0,-67.0,149.0,-10.0,297.0,-280.0,221.0,59.0,63.0
-25.0,-182.0,-52.0,130.0,197.0,223.0,43.0,40.0,93.0,8.0
-17.0,-38.0,-49.0,114.0,-95.0,140.0,166.0,33.0,101.0,-62.0
-22.0,-96.0,-54.0,88.0,-145.0,128.0,3.0,160.0,117.0,-96.0
-32.0,-385.0,-60.0,40.0,-7.0,199.0,-51.0,273.0,115.0,-117.0
-37.0,-598.0,-45.0,-8.0,96.0,114.0,99.0,253.0,97.0,-144.0
-36.0,-431.0,-53.0,-31.0,-8.0,-26.0,277.0,125.0,99.0,-162.0
-39.0,-528.0,-84.0,-62.0,-197.0,83.0,375.0,238.0,68.0,-159.0
-29.0,-483.0,-86.0,-66.0,-67.0,264.0,264.0,232.0,54.0,-135.0
-29.0,-218.0,-52.0,-41.0,97.0,257.0,-9.0,291.0,32.0,-118.0
-15.0,-223.0,-80.0,-7.0,-32.0,100.0,-242.0,343.0,-8.0,-79.0
-23.0,61.0,-98.0,38.0,-243.0,73.0,-243.0,266.0,-31.0,-37.0
-32.0,222.0,-61.0,63.0,-128.0,289.0,70.0,201.0,-42.0,-10.0
-20.0,232.0,-12.0,77.0,132.0,277.0,394.0,38.0,-65.0,67.0
-15.0,327.0,-12.0,93.0,57.0,90.0,389.0,66.0,-89.0,144.0
-31.0,369.0,-13.0,116.0,-184.0,100.0,252.0,-48.0,-85.0,175.0
-33.0,418.0,-15.0,126.0,-155.0,233.0,211.0,-145.0,-107.0,183.0
-36.0,391.0,-57.0,96.0,62.0,171.0,222.0,-131.0,-129.0,184.0
-59.0,230.0,-105.0,60.0,107.0,-198.0,195.0,-199.0,-137.0,164.0
-64.0,41.0,-115.0,51.0,-82.0,-343.0,54.0,-40.0,-135.0,109.0
-69.0,176.0,-108.0,-9.0,-152.0,-39.0,-101.0,49.0,-113.0,38.0
-53.0,113.0,-123.0,-86.0,-4.0,270.0,-174.0,225.0,-88.0,-48.0
-38.0,120.0,-159.0,-69.0,104.0,320.0,-67.0,279.0,-62.0,-144.0
-6.0,360.0,-230.0,-76.0,-72.0,295.0,160.0,173.0,-60.0,-229.0
21.0,303.0,-166.0,-102.0,-136.0,338.0,301.0,173.0,-44.0,-280.0
44.0,409.0,-170.0,-100.0,122.0,350.0,277.0,40.0,-22.0,-307.0
76.0,447.0,-187.0,-127.0,75.0,282.0,148.0,25.0,-18.0,-319.0
87.0,195.0,-115.0,-110.0,-66.0,254.0,151.0,-48.0,-16.0,-287.0
111.0,-14.0,-161.0,-109.0,-140.0,83.0,146.0,-48.0,-41.0,-229.0
127.0,-75.0,-115.0,-136.0,-66.0,-114.0,-31.0,-9.0,-64.0,-183.0
167.0,-248.0,-57.0,-129.0,174.0,-50.0,-146.0,-51.0,-78.0,-157.0
179.0,-177.0,-31.0,-121.0,67.0,127.0,-212.0,14.0,-86.0,-107.0
171.0,100.0,-3.0,-107.0,-118.0,218.0,-314.0,-46.0,-68.0,-41.0
167.0,43.0,16.0,-97.0,-30.0,49.0,-294.0,99.0,-83.0,-11.0
157.0,123.0,53.0,-93.0,194.0,101.0,-203.0,184.0,-101.0,20.0
145.0,79.0,44.0,-96.0,69.0,323.0,-137.0,184.0,-94.0,70.0
101.0,-193.0,70.0,-76.0,-155.0,347.0,-87.0,314.0,-97.0,107.0
77.0,-271.0,79.0,-35.0,-70.0,240.0,-165.0,275.0,-98.0,122.0
36.0,-198.0,53.0,9.0,99.0,290.0,-84.0,295.0,-113.0,132.0
-5.0,-316.0,52.0,18.0,138.0,457.0,386.0,291.0,-102.0,160.0
-39.0,-414.0,30.0,6.0,-65.0,140.0,934.0,312.0,-78.0,172.0
-74.0,-157.0,28.0,-17.0,-4.0,-258.0,1122.0,214.0,-60.0,203.0
-98.0,-220.0,23.0,-53.0,168.0,-321.0,885.0,114.0,-30.0,226.0
-104.0,-305.0,-52.0,-40.0,130.0,-121.0,537.0,230.0,-5.0,192.0
-92.0,-308.0,-18.0,-48.0,-42.0,-148.0,321.0,168.0,23.0,177.0
-71.0,-368.0,-6.0,-28.0,-191.0,-462.0,292.0,179.0,22.0,173.0
-75.0,-253.0,-15.0,32.0,131.0,-421.0,295.0,49.0,25.0,154.0
-114.0,-233.0,36.0,62.0,195.0,-155.0,222.0,-125.0,37.0,104.0
-134.0,-119.0,18.0,91.0,-92.0,41.0,35.0,-153.0,24.0,41.0
-158.0,-33.0,42.0,147.0,32.0,114.0,-194.0,-225.0,7.0,3.0
-161.0,147.0,65.0,209.0,121.0,139.0,-292.0,-158.0,-9.0,-46.0
-156.0,213.0,79.0,205.0,60.0,-24.0,-216.0,-138.0,-23.0,-91.0
-147.0,125.0,104.0,164.0,70.0,-283.0,-98.0,70.0,-40.0,-134.0
-133.0,313.0,111.0,151.0,-154.0,-269.0,-121.0,197.0,-32.0,-153.0
-118.0,359.0,98.0,141.0,-201.0,34.0,-235.0,206.0,-23.0,-125.0
-89.0,374.0,99.0,150.0,127.0,213.0,-317.0,247.0,-13.0,-83.0
-85.0,270.0,109.0,190.0,-4.0,83.0,-289.0,125.0,2.0,-18.0
-100.0,106.0,110.0,239.0,-170.0,10.0,-118.0,247.0,5.0,26.0
-102.0,38.0,131.0,259.0,72.0,20.0,182.0,199.0,26.0,44.0
-93.0,-74.0,90.0,211.0,16.0,-113.0,391.0,59.0,52.0,67.0
-89.0,-116.0,49.0,176.0,-27.0,-363.0,322.0,31.0,78.0,88.0
-73.0,-163.0,6.0,139.0,-62.0,-328.0,231.0,-11.0,109.0,97.0
-59.0,30.0,-37.0,82.0,-170.0,-171.0,378.0,88.0,147.0,81.0
-26.0,159.0,-62.0,49.0,76.0,-179.0,518.0,-11.0,170.0,83.0
-14.0,127.0,-81.0,-2.0,97.0,-198.0,272.0,-86.0,188.0,117.0
-9.0,252.0,-93.0,-44.0,-78.0,-95.0,-89.0,-105.0,221.0,136.0
28.0,276.0,-138.0,-52.0,-25.0,202.0,-247.0,-5.0,223.0,124.0
49.0,247.0,-172.0,-34.0,108.0,348.0,-301.0,171.0,199.0,127.0
71.0,148.0,-190.0,-15.0,140.0,331.0,-275.0,184.0,185.0,152.0
102.0,-106.0,-195.0,11.0,-21.0,245.0,-180.0,391.0,163.0,196.0
138.0,-224.0,-216.0,38.0,-77.0,27.0,-55.0,426.0,147.0,290.0
169.0,-187.0,-197.0,30.0,106.0,-129.0,186.0,339.0,150.0,352.0
181.0,-233.0,-124.0,12.0,116.0,-240.0,490.0,258.0,140.0,378.0
192.0,-190.0,-142.0,-6.0,-44.0,-205.0,598.0,110.0,125.0,437.0
182.0,-73.0,-135.0,-26.0,21.0,-93.0,583.0,131.0,121.0,516.0
150.0,-246.0,-68.0,-4.0,31.0,-101.0,573.0,22.0,103.0,561.0
135.0,-322.0,-85.0,60.0,67.0,-108.0,519.0,-12.0,92.0,562.0
130.0,-108.0,-58.0,104.0,44.0,-41.0,465.0,-105.0,92.0,591.0
141.0,-120.0,-6.0,119.0,-120.0,91.0,428.0,-158.0,76.0,627.0
148.0,-142.0,0.0,75.0,138.0,33.0,333.0,-20.0,61.0,639.0
127.0,68.0,59.0,6.0,163.0,-132.0,186.0,-155.0,34.0,623.0
76.0,204.0,97.0,-34.0,-113.0,-133.0,68.0,-177.0,21.0,586.0
27.0,293.0,70.0,-87.0,-71.0,-155.0,-36.0,-149.0,11.0,549.0
-14.0,366.0,41.0,-107.0,-68.0,-137.0,-60.0,-92.0,3.0,498.0
-51.0,114.0,24.0,-117.0,-50.0,-14.0,-15.0,-79.0,30.0,434.0
-45.0,53.0,8.0,-135.0,0.0,128.0,95.0,-171.0,26.0,370.0
-44.0,377.0,-29.0,-150.0,-207.0,161.0,242.0,-96.0,47.0,322.0
-40.0,285.0,-38.0,-137.0,-68.0,37.0,194.0,-190.0,80.0,291.0
-33.0,108.0,-7.0,-93.0,186.0,3.0,-13.0,-280.0,89.0,278.0
-40.0,304.0,-76.0,-19.0,-72.0,181.0,-230.0,-447.0,99.0,236.0
-42.0,573.0,-120.0,52.0,-74.0,328.0,-395.0,-482.0,83.0,160.0
-46.0,416.0,-76.0,29.0,-4.0,212.0,-427.0,-280.0,64.0,109.0
-57.0,166.0,-89.0,33.0,-55.0,70.0,-296.0,-216.0,45.0,93.0
-56.0,279.0,-76.0,56.0,45.0,13.0,-123.0,-107.0,38.0,97.0
-42.0,344.0,-77.0,65.0,-120.0,-74.0,-28.0,-127.0,44.0,101.0
-25.0,331.0,-117.0,61.0,-132.0,-173.0,-112.0,-73.0,39.0,127.0
-23.0,276.0,-115.0,46.0,103.0,-235.0,-253.0,-51.0,23.0,180.0
-21.0,222.0,-105.0,60.0,77.0,-212.0,-137.0,-153.0,9.0,228.0
-10.0,86.0,-107.0,35.0,-104.0,-302.0,160.0,-158.0,-7.0,259.0
-30.0,-8.0,-50.0,31.0,-83.0,-311.0,363.0,-138.0,-41.0,270.0
-20.0,-234.0,-44.0,3.0,69.0,-68.0,325.0,109.0,-54.0,288.0
-15.0,-577.0,-82.0,-45.0,86.0,9.0,160.0,94.0,-59.0,276.0
9.0,-375.0,-42.0,-68.0,-20.0,-41.0,160.0,16.0,-78.0,222.0
11.0,-343.0,-100.0,-83.0,-72.0,-75.0,345.0,94.0,-87.0,188.0
-34.0,-626.0,-121.0,-59.0,70.0,-18.0,330.0,-1.0,-96.0,150.0
-31.0,-501.0,-90.0,-84.0,145.0,-60.0,59.0,40.0,-83.0,89.0
-51.0,-201.0,-90.0,-86.0,-21.0,-261.0,-9.0,-27.0,-73.0,37.0
-70.0,-292.0,-54.0,-38.0,-170.0,-252.0,265.0,-77.0,-82.0,-11.0
-100.0,-500.0,-80.0,-47.0,-15.0,-174.0,603.0,-107.0,-76.0,-89.0
-105.0,-340.0,-78.0,-63.0,31.0,-142.0,653.0,-186.0,-65.0,-188.0
-119.0,-279.0,-79.0,-60.0,-164.0,-114.0,412.0,-155.0,-54.0,-280.0
-130.0,-225.0,-87.0,-89.0,-109.0,-33.0,209.0,-212.0,-41.0,-366.0
-143.0,-122.0,-69.0,-126.0,-16.0,-20.0,199.0,-35.0,-48.0,-493.0
-165.0,-103.0,-51.0,-99.0,0.0,-110.0,276.0,40.0,-47.0,-625.0
-148.0,143.0,-26.0,-80.0,35.0,-95.0,251.0,-12.0,-54.0,-692.0
-173.0,379.0,-62.0,-94.0,-90.0,62.0,96.0,-16.0,-78.0,-724.0
-184.0,343.0,-42.0,-92.0,-100.0,300.0,-156.0,-101.0,-63.0,-770.0
-193.0,341.0,-3.0,-82.0,133.0,237.0,-404.0,-162.0,-64.0,-781.0
-189.0,356.0,-16.0,-119.0,4.0,-71.0,-453.0,-432.0,-102.0,-707.0
-195.0,86.0,-31.0,-120.0,-136.0,-272.0,-265.0,-532.0,-106.0,-628.0
-194.0,22.0,-21.0,-81.0,70.0,-181.0,-15.0,-574.0,-100.0,-568.0
-200.0,56.0,0.0,-99.0,143.0,70.0,95.0,-570.0,-118.0,-490.0
-203.0,86.0,3.0,-117.0,110.0,141.0,93.0,-419.0,-119.0,-439.0
-182.0,242.0,27.0,-145.0,-40.0,86.0,86.0,-474.0,-118.0,-425.0
-191.0,142.0,19.0,-137.0,-66.0,-58.0,76.0,-413.0,-129.0,-377.0
-152.0,59.0,-8.0,-126.0,113.0,-143.0,70.0,-373.0,-133.0,-306.0
-139.0,190.0,-22.0,-145.0,50.0,-87.0,137.0,-328.0,-148.0,-287.0
-115.0,255.0,17.0,-157.0,-183.0,-77.0,225.0,-295.0,-151.0,-291.0
-111.0,4.0,47.0,-174.0,-145.0,-114.0,227.0,-225.0,-136.0,-275.0
-95.0,6.0,25.0,-200.0,50.0,-223.0,161.0,-55.0,-99.0,-237.0
-57.0,226.0,64.0,-201.0,42.0,-356.0,158.0,-254.0,-51.0,-218.0
-26.0,105.0,61.0,-158.0,-75.0,-549.0,222.0,-417.0,-1.0,-211.0
29.0,-29.0,92.0,-141.0,-56.0,-794.0,207.0,-528.0,44.0,-175.0
65.0,-56.0,128.0,-100.0,50.0,-728.0,51.0,-558.0,82.0,-137.0
115.0,24.0,82.0,-67.0,-32.0,-404.0,-146.0,-408.0,127.0,-95.0
125.0,49.0,100.0,-27.0,-90.0,-159.0,-192.0,-399.0,147.0,-80.0
147.0,-144.0,92.0,65.0,-97.0,-196.0,-96.0,-362.0,161.0,-68.0
151.0,-325.0,69.0,121.0,-31.0,-398.0,22.0,-473.0,176.0,-54.0
148.0,-333.0,90.0,115.0,105.0,-369.0,-37.0,-474.0,187.0,-90.0
156.0,-273.0,81.0,93.0,-103.0,-140.0,-286.0,-354.0,195.0,-91.0
157.0,-324.0,92.0,86.0,-211.0,33.0,-286.0,-380.0,193.0,-62.0
171.0,-275.0,137.0,35.0,64.0,37.0,90.0,-249.0,188.0,-68.0
163.0,108.0,108.0,14.0,102.0,-36.0,532.0,-155.0,165.0,-70.0
176.0,297.0,129.0,38.0,-46.0,-115.0,710.0,7.0,139.0,-39.0
150.0,145.0,159.0,6.0,-101.0,-258.0,558.0,31.0,119.0,4.0
132.0,156.0,116.0,0.0,-105.0,-356.0,282.0,-107.0,75.0,36.0
113.0,242.0,144.0,7.0,24.0,-97.0,98.0,-142.0,24.0,82.0
98.0,240.0,107.0,-8.0,-22.0,328.0,95.0,-363.0,-20.0,140.0
75.0,95.0,89.0,0.0,-160.0,344.0,223.0,-511.0,-67.0,186.0
61.0,5.0,82.0,-15.0,-6.0,80.0,285.0,-624.0,-85.0,234.0
71.0,55.0,39.0,-31.0,124.0,-112.0,106.0,-480.0,-108.0,296.0
45.0,91.0,25.0,-40.0,-38.0,-58.0,-180.0,-269.0,-109.0,351.0
57.0,47.0,25.0,-54.0,-185.0,133.0,-241.0,-293.0,-102.0,376.0
63.0,-134.0,47.0,-55.0,-88.0,157.0,28.0,-245.0,-136.0,384.0
71.0,-133.0,28.0,-76.0,25.0,47.0,301.0,-310.0,-129.0,409.0
70.0,-99.0,42.0,-58.0,0.0,-23.0,264.0,-155.0,-113.0,415.0
86.0,-225.0,52.0,-56.0,-97.0,-167.0,0.0,-99.0,-101.0,381.0
106.0,-242.0,71.0,-83.0,-43.0,-402.0,-276.0,-173.0,-74.0,344.0
107.0,-33.0,98.0,-96.0,120.0,-433.0,-375.0,-136.0,-44.0,321.0
115.0,95.0,112.0,-102.0,175.0,-300.0,-194.0,-221.0,2.0,274.0
93.0,-18.0,104.0,-95.0,0.0,28.0,98.0,-253.0,42.0,202.0
80.0,-171.0,87.0,-58.0,-90.0,207.0,199.0,-478.0,75.0,168.0
51.0,-125.0,96.0,-2.0,111.0,4.0,63.0,-545.0,100.0,101.0
44.0,-50.0,35.0,27.0,88.0,-246.0,-51.0,-554.0,117.0,-16.0
54.0,-206.0,56.0,58.0,-103.0,-387.0,96.0,-611.0,114.0,-78.0
64.0,-158.0,74.0,29.0,-58.0,-189.0,422.0,-522.0,100.0,-105.0
51.0,-85.0,53.0,-19.0,80.0,-61.0,534.0,-589.0,90.0,-145.0
19.0,-109.0,98.0,-48.0,102.0,-108.0,225.0,-426.0,78.0,-218.0
4.0,-59.0,64.0,-78.0,75.0,-215.0,-199.0,-291.0,62.0,-261.0
-19.0,-41.0,125.0,-69.0,-71.0,-280.0,-239.0,-230.0,30.0,-259.0
-56.0,156.0,156.0,-68.0,-56.0,-122.0,81.0,-192.0,-16.0,-278.0
-92.0,319.0,97.0,-107.0,129.0,-198.0,204.0,-153.0,-64.0,-286.0
-105.0,181.0,135.0,-163.0,-33.0,-331.0,-124.0,90.0,-120.0,-264.0
-107.0,118.0,58.0,-192.0,-139.0,-252.0,-631.0,-46.0,-170.0,-234.0
-91.0,233.0,19.0,-223.0,-7.0,-20.0,-832.0,-227.0,-214.0,-218.0
-116.0,267.0,-11.0,-232.0,98.0,-1.0,-553.0,-356.0,-255.0,-170.0
-119.0,140.0,-114.0,-210.0,53.0,-300.0,-164.0,-354.0,-290.0,-113.0
-108.0,-98.0,-67.0,-205.0,-47.0,-234.0,-17.0,-164.0,-322.0,-103.0
-126.0,-91.0,-93.0,-252.0,31.0,164.0,-24.0,-308.0,-344.0,-99.0
-114.0,25.0,-146.0,-273.0,99.0,391.0,20.0,-319.0,-351.0,-60.0
-100.0,130.0,-130.0,-256.0,23.0,244.0,79.0,-273.0,-360.0,-19.0
-47.0,166.0,-194.0,-314.0,-33.0,-14.0,269.0,-254.0,-374.0,-34.0
-17.0,116.0,-181.0,-340.0,35.0,-33.0,637.0,-282.0,-391.0,-55.0
0.0,197.0,-188.0,-342.0,76.0,-41.0,783.0,-367.0,-401.0,-79.0
13.0,90.0,-197.0,-330.0,97.0,-139.0,554.0,-269.0,-403.0,-115.0
12.0,-82.0,-145.0,-319.0,47.0,-106.0,158.0,-315.0,-415.0,-157.0
16.0,-101.0,-184.0,-328.0,24.0,37.0,1.0,-273.0,-417.0,-192.0
20.0,-105.0,-142.0,-315.0,121.0,284.0,132.0,-308.0,-406.0,-164.0
48.0,-279.0,-128.0,-326.0,58.0,287.0,193.0,-301.0,-391.0,-134.0
77.0,-401.0,-144.0,-326.0,-70.0,18.0,90.0,-138.0,-365.0,-112.0
101.0,-364.0,-109.0,-328.0,-110.0,-81.0,-228.0,-249.0,-306.0,-65.0
105.0,-364.0,-88.0,-242.0,19.0,-53.0,-565.0,-269.0,-232.0,-18.0
93.0,-271.0,-68.0,-136.0,102.0,67.0,-609.0,-388.0,-175.0,-3.0
63.0,-333.0,-62.0,-98.0,6.0,112.0,-271.0,-458.0,-120.0,0.0
35.0,-448.0,-58.0,-27.0,-10.0,26.0,165.0,-426.0,-69.0,21.0
6.0,-249.0,-91.0,11.0,88.0,-12.0,258.0,-478.0,-3.0,21.0
-6.0,-164.0,-54.0,46.0,90.0,-19.0,29.0,-380.0,48.0,3.0
-8.0,-255.0,-69.0,59.0,-42.0,-96.0,-211.0,-369.0,96.0,0.0
-41.0,57.0,-63.0,47.0,-79.0,-141.0,-166.0,-306.0,160.0,3.0
-67.0,317.0,-31.0,39.0,16.0,-20.0,55.0,-347.0,209.0,-27.0
-51.0,452.0,-70.0,-18.0,147.0,118.0,277.0,-360.0,242.0,-53.0
-40.0,563.0,-13.0,-51.0,30.0,144.0,346.0,-182.0,247.0,-40.0
-52.0,444.0,-6.0,-55.0,-91.0,43.0,109.0,-133.0,262.0,-22.0
-50.0,617.0,14.0,-62.0,82.0,50.0,-184.0,-51.0,263.0,-3.0
-44.0,640.0,45.0,-54.0,120.0,58.0,-278.0,-83.0,242.0,35.0
-57.0,649.0,77.0,-40.0,-80.0,114.0,-24.0,-31.0,211.0,93.0
-76.0,599.0,121.0,-4.0,-197.0,250.0,257.0,-7.0,191.0,127.0
-63.0,419.0,127.0,20.0,-91.0,228.0,162.0,-142.0,187.0,152.0
-65.0,434.0,181.0,17.0,13.0,183.0,-149.0,-105.0,157.0,176.0
-74.0,174.0,146.0,-17.0,-28.0,66.0,-314.0,-142.0,128.0,174.0
-65.0,20.0,162.0,-31.0,-132.0,152.0,-187.0,-169.0,89.0,168.0
-49.0,-209.0,164.0,1.0,-79.0,214.0,39.0,-194.0,36.0,165.0
-38.0,-309.0,121.0,-6.0,47.0,94.0,156.0,-168.0,2.0,177.0
-48.0,-450.0,162.0,-28.0,4.0,110.0,115.0,-157.0,-15.0,158.0
-47.0,-725.0,144.0,-75.0,-95.0,113.0,80.0,-206.0,-39.0,125.0
-44.0,-514.0,128.0,-137.0,-83.0,196.0,182.0,-140.0,-59.0,145.0
-40.0,-402.0,110.0,-183.0,71.0,133.0,397.0,-249.0,-84.0,166.0
-50.0,-241.0,119.0,-177.0,122.0,23.0,557.0,-256.0,-108.0,148.0
-74.0,-178.0,78.0,-110.0,-50.0,54.0,443.0,-277.0,-115.0,123.0
-100.0,-200.0,88.0,-142.0,-98.0,114.0,136.0,-349.0,-138.0,154.0
-123.0,1.0,72.0,-184.0,106.0,209.0,-93.0,-303.0,-145.0,189.0
-129.0,101.0,16.0,-149.0,172.0,213.0,-288.0,-308.0,-153.0,161.0
-104.0,119.0,58.0,-150.0,20.0,304.0,-556.0,-166.0,-181.0,139.0
-83.0,98.0,9.0,-163.0,5.0,238.0,-743.0,-162.0,-193.0,120.0
-62.0,140.0,51.0,-135.0,158.0,49.0,-813.0,-116.0,-199.0,67.0
-55.0,169.0,22.0,-63.0,177.0,-37.0,-790.0,-107.0,-205.0,21.0
-32.0,35.0,-42.0,-8.0,106.0,-121.0,-802.0,-236.0,-234.0,0.0
4.0,-48.0,-62.0,13.0,6.0,-66.0,-706.0,-199.0,-262.0,-52.0
-3.0,-118.0,-44.0,27.0,-16.0,-19.0,-289.0,-352.0,-283.0,-128.0
-2.0,-170.0,-20.0,64.0,196.0,45.0,88.0,-345.0,-305.0,-166.0
0.0,-30.0,-56.0,101.0,103.0,83.0,171.0,-223.0,-310.0,-179.0
18.0,-2.0,0.0,121.0,-112.0,4.0,56.0,-99.0,-312.0,-201.0
11.0,46.0,-67.0,130.0,45.0,-35.0,49.0,12.0,-310.0,-235.0
17.0,148.0,-99.0,119.0,116.0,4.0,360.0,-97.0,-296.0,-217.0
39.0,218.0,-59.0,148.0,12.0,123.0,798.0,-70.0,-269.0,-170.0
72.0,244.0,-68.0,166.0,-138.0,257.0,917.0,-177.0,-232.0,-168.0
116.0,44.0,-122.0,128.0,-180.0,201.0,613.0,-243.0,-204.0,-174.0
118.0,144.0,-105.0,105.0,37.0,-89.0,104.0,-245.0,-170.0,-159.0
148.0,274.0,-118.0,69.0,80.0,-189.0,-305.0,-328.0,-134.0,-154.0
161.0,79.0,-151.0,40.0,-114.0,-139.0,-335.0,-249.0,-112.0,-205.0
159.0,69.0,-50.0,-6.0,-114.0,-33.0,-124.0,-304.0,-77.0,-240.0
135.0,53.0,-102.0,-76.0,121.0,23.0,78.0,-205.0,-58.0,-248.0
146.0,-100.0,-68.0,-117.0,149.0,-14.0,34.0,-184.0,-23.0,-298.0
168.0,-151.0,-21.0,-124.0,-92.0,62.0,-231.0,-293.0,-3.0,-340.0
185.0,0.0,-48.0,-111.0,-126.0,-75.0,-319.0,-245.0,-15.0,-332.0
215.0,20.0,-17.0,-122.0,28.0,-279.0,-97.0,-312.0,23.0,-297.0
199.0,-194.0,-1.0,-138.0,44.0,-409.0,154.0,-299.0,47.0,-311.0
204.0,-60.0,-10.0,-179.0,-5.0,-367.0,135.0,-363.0,73.0,-309.0
171.0,90.0,-39.0,-196.0,-59.0,-156.0,-148.0,-253.0,102.0,-237.0
139.0,119.0,-52.0,-179.0,19.0,-140.0,-440.0,-64.0,120.0,-190.0
136.0,374.0,-88.0,-187.0,163.0,-158.0,-440.0,-109.0,129.0,-167.0
110.0,365.0,-94.0,-150.0,-5.0,-118.0,-201.0,-59.0,129.0,-111.0
83.0,129.0,-97.0,-124.0,-101.0,30.0,-109.0,-131.0,138.0,-34.0
66.0,213.0,-71.0,-151.0,17.0,115.0,-296.0,-136.0,120.0,1.0
35.0,307.0,-95.0,-154.0,79.0,62.0,-553.0,-86.0,125.0,28.0
14.0,42.0,-135.0,-168.0,50.0,27.0,-644.0,12.0,118.0,59.0
5.0,-136.0,-156.0,-187.0,-52.0,-52.0,-455.0,105.0,108.0,75.0
2.0,-182.0,-196.0,-197.0,20.0,-190.0,-189.0,-5.0,110.0,55.0
-3.0,-477.0,-197.0,-218.0,138.0,-208.0,-116.0,-11.0,76.0,22.0
-45.0,-821.0,-211.0,-184.0,43.0,-135.0,-211.0,-125.0,64.0,9.0
-80.0,-833.0,-181.0,-128.0,-158.0,-151.0,-204.0,-109.0,49.0,-33.0
-130.0,-776.0,-136.0,-102.0,-121.0,-104.0,-1.0,-84.0,19.0,-69.0
-157.0,-795.0,-98.0,-69.0,27.0,-137.0,149.0,-134.0,-11.0,-109.0
-182.0,-615.0,-93.0,-78.0,3.0,-197.0,174.0,-29.0,-27.0,-153.0
-178.0,-365.0,-91.0,-98.0,-46.0,-434.0,193.0,-149.0,-29.0,-197.0
-178.0,-218.0,-73.0,-81.0,-56.0,-681.0,215.0,-249.0,-45.0,-233.0
-221.0,-47.0,-101.0,-94.0,13.0,-443.0,136.0,-338.0,-43.0,-234.0
-245.0,232.0,-75.0,-103.0,23.0,-221.0,27.0,-236.0,-47.0,-259.0
-285.0,200.0,-13.0,-126.0,-90.0,-175.0,12.0,-90.0,-49.0,-294.0
-284.0,104.0,-3.0,-121.0,-213.0,-262.0,17.0,-138.0,-21.0,-313.0
-287.0,197.0,24.0,-69.0,-105.0,-287.0,-71.0,-36.0,-20.0,-327.0
-288.0,164.0,43.0,-34.0,40.0,-151.0,-222.0,-16.0,-16.0,-362.0
-266.0,187.0,40.0,38.0,-113.0,-70.0,-205.0,90.0,2.0,-382.0
-244.0,184.0,82.0,83.0,-94.0,-39.0,-74.0,66.0,7.0,-373.0
-227.0,111.0,114.0,86.0,107.0,65.0,-98.0,-123.0,20.0,-391.0
-225.0,-44.0,132.0,111.0,19.0,146.0,-314.0,-225.0,7.0,-394.0
-229.0,-223.0,138.0,100.0,-75.0,-56.0,-585.0,-369.0,-11.0,-368.0
-244.0,-133.0,168.0,55.0,-57.0,-288.0,-752.0,-304.0,6.0,-337.0
-235.0,13.0,177.0,39.0,-129.0,-252.0,-711.0,-362.0,-13.0,-307.0
-217.0,-112.0,137.0,-13.0,40.0,63.0,-523.0,-365.0,-49.0,-258.0
-194.0,-157.0,162.0,-67.0,62.0,145.0,-375.0,-247.0,-62.0,-179.0
-186.0,-22.0,157.0,-106.0,-138.0,16.0,-317.0,-169.0,-85.0,-108.0
-155.0,-70.0,141.0,-159.0,35.0,-47.0,-197.0,-35.0,-87.0,-54.0
-118.0,-125.0,179.0,-204.0,78.0,-135.0,14.0,-116.0,-77.0,-17.0
-82.0,-145.0,153.0,-279.0,-75.0,-166.0,124.0,-44.0,-69.0,4.0
-40.0,-205.0,151.0,-324.0,-87.0,-188.0,31.0,44.0,-67.0,19.0
-11.0,-239.0,158.0,-340.0,-99.0,62.0,10.0,73.0,-58.0,17.0
14.0,-176.0,130.0,-324.0,-99.0,265.0,206.0,38.0,-34.0,-23.0
21.0,-34.0,172.0,-288.0,-6.0,116.0,204.0,-133.0,-24.0,-81.0
45.0,125.0,171.0,-311.0,-61.0,-115.0,-73.0,-57.0,-26.0,-117.0
45.0,221.0,174.0,-322.0,-125.0,-205.0,-292.0,-36.0,-20.0,-127.0
53.0,121.0,204.0,-298.0,82.0,-69.0,-354.0,66.0,-17.0,-125.0
76.0,99.0,153.0,-271.0,22.0,-31.0,-305.0,158.0,-13.0,-107.0
98.0,220.0,134.0,-211.0,-124.0,28.0,-268.0,195.0,1.0,-62.0
103.0,172.0,130.0,-155.0,-62.0,156.0,-280.0,273.0,5.0,7.0
95.0,266.0,100.0,-93.0,-9.0,120.0,-322.0,97.0,28.0,73.0
102.0,482.0,114.0,-44.0,38.0,-91.0,-393.0,121.0,21.0,110.0
66.0,210.0,99.0,-38.0,-62.0,-242.0,-490.0,175.0,8.0,159.0
21.0,-10.0,81.0,-53.0,-126.0,-125.0,-517.0,157.0,27.0,202.0
-28.0,162.0,51.0,-56.0,-26.0,41.0,-415.0,44.0,17.0,246.0
-61.0,112.0,37.0,-17.0,42.0,114.0,-300.0,-158.0,22.0,287.0
-68.0,-248.0,12.0,22.0,-111.0,56.0,-223.0,-88.0,26.0,296.0
-70.0,-281.0,-18.0,64.0,-163.0,-21.0,-139.0,-62.0,27.0,301.0
-95.0,-128.0,-4.0,90.0,38.0,-31.0,68.0,-46.0,35.0,286.0
-141.0,-337.0,-53.0,100.0,10.0,-33.0,283.0,-75.0,61.0,268.0
-167.0,-126.0,-31.0,106.0,-130.0,30.0,385.0,-42.0,103.0,240.0
-188.0,42.0,-63.0,131.0,-145.0,177.0,355.0,164.0,133.0,177.0
-173.0,-286.0,-86.0,160.0,-60.0,297.0,112.0,175.0,171.0,125.0
-137.0,-164.0,-58.0,176.0,57.0,310.0,-91.0,118.0,190.0,105.0
-108.0,-90.0,-99.0,217.0,97.0,409.0,-45.0,-31.0,215.0,79.0
-96.0,-244.0,-89.0,248.0,-13.0,598.0,28.0,-38.0,233.0,21.0
-98.0,-139.0,-131.0,253.0,-3.0,632.0,-194.0,1.0,249.0,-18.0
-134.0,185.0,-97.0,249.0,170.0,498.0,-439.0,-184.0,255.0,-58.0
-145.0,280.0,-70.0,257.0,48.0,415.0,-349.0,-149.0,246.0,-102.0
-131.0,-28.0,-66.0,289.0,-58.0,440.0,-82.0,-20.0,249.0,-138.0
-121.0,14.0,-12.0,296.0,32.0,417.0,145.0,179.0,256.0,-187.0
-84.0,228.0,-56.0,273.0,97.0,367.0,178.0,249.0,283.0,-226.0
-41.0,91.0,-49.0,251.0,109.0,290.0,29.0,125.0,290.0,-275.0
4.0,-112.0,-11.0,250.0,-43.0,204.0,-60.0,44.0,295.0,-314.0
3.0,-193.0,-34.0,263.0,-38.0,65.0,149.0,-97.0,289.0,-334.0
8.0,-240.0,-30.0,234.0,100.0,-144.0,345.0,-88.0,270.0,-377.0
1.0,-138.0,-8.0,178.0,72.0,-151.0,241.0,-164.0,274.0,-399.0
0.0,68.0,-19.0,111.0,-74.0,-75.0,-61.0,-136.0,248.0,-393.0
25.0,71.0,-10.0,26.0,-198.0,-146.0,-396.0,18.0,211.0,-389.0
34.0,42.0,0.0,-28.0,-50.0,-275.0,-508.0,38.0,168.0,-395.0
78.0,106.0,48.0,-48.0,19.0,-475.0,-455.0,96.0,122.0,-388.0
72.0,173.0,82.0,-55.0,-137.0,-542.0,-459.0,99.0,82.0,-345.0
54.0,79.0,41.0,-55.0,-45.0,-345.0,-706.0,208.0,48.0,-335.0
34.0,194.0,18.0,-53.0,84.0,-177.0,-972.0,184.0,30.0,-340.0
2.0,418.0,9.0,-1.0,63.0,-204.0,-1067.0,121.0,-3.0,-321.0
-19.0,260.0,48.0,58.0,62.0,-397.0,-1075.0,127.0,-20.0,-300.0
-30.0,51.0,28.0,78.0,-69.0,-450.0,-861.0,20.0,-25.0,-286.0
-14.0,-28.0,-41.0,99.0,-48.0,-362.0,-486.0,1.0,-24.0,-278.0
-39.0,122.0,-26.0,114.0,158.0,-510.0,-132.0,-86.0,-7.0,-239.0
-53.0,54.0,-27.0,102.0,38.0,-625.0,129.0,25.0,-1.0,-186.0
-94.0,-194.0,-45.0,88.0,-55.0,-452.0,389.0,145.0,-9.0,-142.0
-132.0,-210.0,-12.0,61.0,103.0,-274.0,710.0,134.0,-25.0,-93.0
-142.0,-89.0,19.0,33.0,117.0,-287.0,969.0,199.0,-28.0,-33.0
-155.0,-44.0,24.0,41.0,94.0,-331.0,909.0,79.0,-49.0,-9.0
-137.0,-162.0,37.0,78.0,17.0,-175.0,556.0,145.0,-58.0,2.0
-137.0,-82.0,37.0,77.0,-81.0,8.0,265.0,179.0,-65.0,53.0
-119.0,-173.0,64.0,58.0,102.0,27.0,152.0,35.0,-102.0,78.0
-103.0,-205.0,75.0,75.0,105.0,41.0,9.0,-112.0,-115.0,54.0
-100.0,153.0,93.0,23.0,-116.0,6.0,-377.0,-205.0,-136.0,35.0
-92.0,184.0,102.0,-29.0,0.0,-81.0,-785.0,-64.0,-159.0,26.0
-92.0,147.0,102.0,-19.0,130.0,-102.0,-964.0,-92.0,-177.0,15.0
-92.0,234.0,142.0,44.0,-13.0,-79.0,-942.0,-22.0,-183.0,-22.0
-86.0,73.0,147.0,140.0,-64.0,114.0,-864.0,25.0,-191.0,-82.0
-40.0,9.0,199.0,256.0,-24.0,116.0,-778.0,64.0,-208.0,-129.0
4.0,204.0,158.0,404.0,-7.0,-114.0,-618.0,290.0,-216.0,-177.0
36.0,93.0,182.0,463.0,40.0,-77.0,-368.0,199.0,-211.0,-214.0
28.0,-278.0,207.0,466.0,-20.0,23.0,-38.0,197.0,-178.0,-255.0
13.0,-19.0,162.0,423.0,-114.0,64.0,201.0,216.0,-147.0,-318.0
34.0,257.0,262.0,413.0,-19.0,-41.0,370.0,253.0,-121.0,-378.0
48.0,77.0,206.0,429.0,108.0,-104.0,572.0,384.0,-87.0,-418.0
76.0,127.0,189.0,369.0,9.0,121.0,784.0,363.0,-50.0,-446.0
99.0,149.0,215.0,332.0,-95.0,159.0,1000.0,452.0,-19.0,-476.0
122.0,61.0,189.0,287.0,4.0,59.0,1102.0,471.0,6.0,-486.0
140.0,-140.0,213.0,211.0,97.0,-59.0,931.0,500.0,13.0,-452.0
144.0,-216.0,174.0,129.0,-16.0,-17.0,534.0,386.0,16.0,-388.0
120.0,-255.0,176.0,57.0,-178.0,191.0,94.0,234.0,51.0,-327.0
89.0,-185.0,193.0,60.0,-58.0,175.0,-323.0,242.0,80.0,-254.0
76.0,52.0,198.0,72.0,130.0,241.0,-652.0,83.0,102.0,-160.0
53.0,-315.0,169.0,87.0,38.0,306.0,-815.0,11.0,119.0,-68.0
57.0,-349.0,197.0,145.0,-56.0,254.0,-819.0,-66.0,139.0,28.0
38.0,12.0,207.0,172.0,62.0,173.0,-808.0,22.0,161.0,125.0
8.0,-72.0,154.0,166.0,85.0,118.0,-765.0,199.0,203.0,194.0
5.0,-59.0,164.0,166.0,17.0,151.0,-641.0,219.0,261.0,267.0
0.0,73.0,117.0,157.0,-15.0,14.0,-459.0,299.0,292.0,334.0
-17.0,87.0,113.0,156.0,-24.0,-93.0,-216.0,236.0,316.0,373.0
-30.0,147.0,79.0,171.0,44.0,-118.0,-166.0,295.0,314.0,418.0
-58.0,253.0,52.0,171.0,8.0,8.0,-203.0,321.0,302.0,439.0
-76.0,166.0,50.0,144.0,-84.0,135.0,-96.0,199.0,287.0,458.0
-80.0,-79.0,-12.0,106.0,-154.0,17.0,82.0,242.0,277.0,471.0
-110.0,8.0,-7.0,59.0,-73.0,22.0,144.0,262.0,258.0,454.0
-120.0,-50.0,-26.0,0.0,40.0,-112.0,21.0,190.0,191.0,441.0
-131.0,-345.0,-18.0,-27.0,-142.0,-393.0,-4.0,33.0,151.0,430.0
-113.0,33.0,7.0,-50.0,-114.0,-404.0,146.0,123.0,123.0,390.0
-99.0,163.0,23.0,-51.0,2.0,-202.0,302.0,219.0,76.0,317.0
-102.0,145.0,24.0,-22.0,-71.0,10.0,288.0,205.0,51.0,255.0
-112.0,331.0,46.0,-5.0,-85.0,30.0,211.0,304.0,35.0,188.0
-137.0,-42.0,66.0,27.0,-95.0,82.0,127.0,142.0,12.0,130.0
-119.0,-168.0,16.0,6.0,31.0,301.0,100.0,138.0,-12.0,80.0
-121.0,-110.0,93.0,5.0,62.0,300.0,275.0,208.0,-32.0,18.0
-114.0,-119.0,115.0,28.0,-39.0,77.0,450.0,201.0,-30.0,-46.0
-117.0,-161.0,107.0,3.0,4.0,58.0,606.0,249.0,-16.0,-76.0
-118.0,-89.0,170.0,20.0,123.0,279.0,705.0,308.0,0.0,-75.0
-106.0,292.0,160.0,57.0,138.0,465.0,716.0,460.0,19.0,-102.0
-114.0,223.0,196.0,63.0,1.0,415.0,710.0,410.0,18.0,-116.0
-83.0,188.0,227.0,105.0,50.0,196.0,659.0,463.0,24.0,-115.0
-57.0,118.0,201.0,161.0,134.0,274.0,515.0,389.0,67.0,-99.0
-29.0,-50.0,221.0,145.0,88.0,554.0,274.0,290.0,91.0,-95.0
-8.0,59.0,253.0,148.0,65.0,569.0,35.0,356.0,98.0,-109.0
8.0,-152.0,237.0,206.0,-27.0,431.0,-191.0,160.0,104.0,-98.0
48.0,-160.0,260.0,230.0,36.0,316.0,-310.0,136.0,93.0,-91.0
55.0,45.0,258.0,268.0,198.0,214.0,-387.0,129.0,93.0,-55.0
37.0,212.0,232.0,276.0,66.0,94.0,-593.0,190.0,98.0,-37.0
36.0,349.0,220.0,201.0,-99.0,150.0,-831.0,284.0,95.0,-47.0
48.0,85.0,183.0,125.0,-12.0,190.0,-947.0,229.0,110.0,-55.0
74.0,-92.0,156.0,65.0,99.0,79.0,-914.0,395.0,131.0,-59.0
105.0,29.0,126.0,14.0,34.0,108.0,-740.0,415.0,137.0,-11.0
128.0,150.0,126.0,-29.0,-38.0,60.0,-448.0,328.0,134.0,21.0
153.0,91.0,102.0,-51.0,26.0,-37.0,-180.0,175.0,141.0,26.0
147.0,-169.0,73.0,-43.0,131.0,-87.0,28.0,12.0,121.0,41.0
140.0,-306.0,67.0,-10.0,85.0,-162.0,214.0,11.0,80.0,63.0
121.0,-177.0,54.0,25.0,-98.0,-233.0,353.0,-5.0,60.0,80.0
148.0,-195.0,58.0,37.0,-91.0,-422.0,388.0,184.0,44.0,51.0
185.0,-360.0,80.0,40.0,80.0,-530.0,395.0,230.0,30.0,20.0
191.0,-276.0,89.0,58.0,94.0,-315.0,403.0,251.0,26.0,11.0
200.0,-19.0,78.0,96.0,11.0,-121.0,415.0,240.0,5.0,-6.0
180.0,175.0,90.0,131.0,-3.0,-134.0,498.0,86.0,-20.0,-5.0
191.0,240.0,77.0,131.0,61.0,-245.0,584.0,190.0,-23.0,3.0
175.0,243.0,37.0,135.0,154.0,-251.0,548.0,134.0,-19.0,2.0
166.0,369.0,40.0,155.0,44.0,-4.0,347.0,177.0,-12.0,7.0
182.0,434.0,55.0,193.0,-112.0,88.0,172.0,247.0,-20.0,15.0
199.0,158.0,53.0,235.0,-22.0,49.0,58.0,254.0,-20.0,28.0
202.0,-10.0,104.0,220.0,79.0,27.0,-44.0,347.0,9.0,9.0
162.0,12.0,90.0,224.0,-5.0,0.0,-223.0,310.0,27.0,-1.0
141.0,85.0,84.0,228.0,-73.0,-26.0,-481.0,371.0,46.0,-4.0
119.0,241.0,143.0,223.0,122.0,-93.0,-526.0,323.0,73.0,-22.0
122.0,85.0,102.0,276.0,179.0,-54.0,-306.0,386.0,83.0,-8.0
122.0,-45.0,125.0,333.0,27.0,93.0,81.0,393.0,104.0,3.0
115.0,14.0,182.0,345.0,20.0,383.0,331.0,260.0,121.0,27.0
119.0,-189.0,141.0,339.0,10.0,446.0,260.0,277.0,110.0,62.0
121.0,-237.0,167.0,368.0,67.0,241.0,76.0,188.0,121.0,95.0
116.0,-40.0,200.0,356.0,38.0,141.0,51.0,260.0,135.0,135.0
113.0,-23.0,150.0,339.0,-116.0,142.0,316.0,232.0,158.0,184.0
111.0,-64.0,199.0,356.0,-5.0,195.0,624.0,73.0,181.0,235.0
82.0,-113.0,183.0,336.0,91.0,112.0,668.0,27.0,179.0,248.0
72.0,-88.0,115.0,266.0,8.0,-177.0,482.0,18.0,201.0,284.0
70.0,-29.0,118.0,170.0,-23.0,-358.0,357.0,127.0,220.0,339.0
63.0,-4.0,66.0,110.0,-28.0,-181.0,361.0,153.0,237.0,384.0
52.0,-8.0,67.0,80.0,12.0,-71.0,305.0,299.0,246.0,421.0
47.0,49.0,61.0,83.0,-4.0,-149.0,157.0,358.0,234.0,431.0
21.0,189.0,76.0,87.0,-120.0,-294.0,-49.0,290.0,225.0,446.0
-4.0,104.0,67.0,90.0,-53.0,-431.0,-255.0,371.0,212.0,445.0
-10.0,151.0,73.0,117.0,116.0,-424.0,-226.0,343.0,200.0,429.0
-29.0,79.0,116.0,129.0,109.0,-484.0,-77.0,362.0,201.0,411.0
-52.0,-315.0,123.0,140.0,-7.0,-535.0,-111.0,264.0,169.0,359.0
-69.0,-275.0,185.0,153.0,-66.0,-538.0,-219.0,197.0,102.0,298.0
-82.0,80.0,160.0,208.0,7.0,-358.0,-380.0,218.0,80.0,257.0
-90.0,50.0,185.0,217.0,-15.0,-68.0,-603.0,199.0,59.0,220.0
-80.0,-54.0,190.0,205.0,-169.0,-15.0,-726.0,330.0,24.0,156.0
-94.0,253.0,123.0,231.0,-108.0,-2.0,-569.0,227.0,-8.0,76.0
-83.0,51.0,152.0,256.0,11.0,29.0,-243.0,158.0,-60.0,25.0
-85.0,-43.0,159.0,296.0,5.0,109.0,-75.0,101.0,-81.0,-19.0
-100.0,114.0,155.0,264.0,-57.0,191.0,-116.0,1.0,-94.0,-95.0
-96.0,-250.0,165.0,196.0,-105.0,62.0,-202.0,-53.0,-113.0,-189.0
-100.0,-206.0,151.0,132.0,-52.0,-157.0,-71.0,-147.0,-121.0,-246.0
-63.0,-253.0,116.0,86.0,8.0,-160.0,232.0,29.0,-124.0,-286.0
-51.0,8.0,106.0,64.0,-71.0,108.0,493.0,36.0,-142.0,-321.0
-32.0,276.0,62.0,51.0,-152.0,153.0,588.0,88.0,-142.0,-313.0
-28.0,-30.0,1.0,51.0,-13.0,31.0,535.0,171.0,-118.0,-291.0
-29.0,201.0,0.0,9.0,67.0,206.0,466.0,153.0,-105.0,-269.0
-11.0,269.0,-2.0,-50.0,64.0,321.0,523.0,371.0,-83.0,-207.0
-28.0,11.0,-14.0,-81.0,19.0,194.0,716.0,391.0,-57.0,-92.0
-24.0,-169.0,16.0,-95.0,-54.0,59.0,735.0,447.0,-37.0,-4.0
-12.0,86.0,27.0,-103.0,33.0,-40.0,646.0,493.0,-28.0,41.0
-14.0,27.0,17.0,-111.0,39.0,-7.0,761.0,467.0,7.0,102.0
-20.0,-140.0,28.0,-96.0,-78.0,33.0,1041.0,467.0,41.0,165.0
-20.0,273.0,22.0,-40.0,-72.0,-59.0,1132.0,308.0,64.0,224.0
-26.0,34.0,34.0,29.0,127.0,-188.0,872.0,273.0,120.0,275.0
-26.0,14.0,22.0,84.0,131.0,-325.0,553.0,162.0,146.0,310.0
-36.0,285.0,35.0,137.0,-34.0,-406.0,360.0,144.0,144.0,345.0
-53.0,21.0,84.0,168.0,-41.0,-452.0,203.0,210.0,149.0,385.0
-63.0,-172.0,84.0,148.0,3.0,-463.0,-122.0,262.0,159.0,421.0
-43.0,-29.0,136.0,142.0,28.0,-383.0,-663.0,448.0,153.0,467.0
-3.0,61.0,157.0,121.0,-54.0,-330.0,-1234.0,310.0,132.0,512.0
8.0,-37.0,111.0,100.0,-22.0,-244.0,-1525.0,214.0,135.0,512.0
25.0,-72.0,127.0,68.0,117.0,-156.0,-1394.0,223.0,143.0,520.0
33.0,-38.0,110.0,1.0,89.0,-145.0,-885.0,162.0,136.0,558.0
73.0,93.0,44.0,31.0,69.0,-11.0,-357.0,205.0,120.0,544.0
119.0,-71.0,56.0,68.0,105.0,143.0,-132.0,203.0,81.0,501.0
157.0,-121.0,70.0,62.0,68.0,219.0,-130.0,225.0,53.0,482.0
169.0,114.0,26.0,54.0,76.0,279.0,-156.0,140.0,25.0,465.0
176.0,11.0,7.0,8.0,93.0,346.0,62.0,168.0,-7.0,435.0
176.0,-203.0,6.0,-44.0,0.0,483.0,314.0,162.0,4.0,411.0
146.0,-114.0,-23.0,-98.0,25.0,628.0,337.0,73.0,9.0,384.0
149.0,-75.0,-60.0,-122.0,144.0,650.0,221.0,192.0,5.0,343.0
138.0,-156.0,-80.0,-95.0,74.0,499.0,260.0,164.0,13.0,319.0
134.0,-18.0,-103.0,-82.0,-41.0,335.0,566.0,125.0,15.0,299.0
98.0,-21.0,-90.0,-70.0,106.0,143.0,805.0,110.0,19.0,265.0
70.0,65.0,-123.0,-48.0,175.0,-37.0,835.0,225.0,15.0,233.0
33.0,14.0,-151.0,-10.0,-3.0,-81.0,697.0,321.0,10.0,176.0
-5.0,-52.0,-36.0,58.0,-62.0,-85.0,683.0,253.0,24.0,116.0
-19.0,105.0,-15.0,57.0,37.0,39.0,900.0,341.0,55.0,73.0
-26.0,-121.0,16.0,33.0,129.0,127.0,1160.0,360.0,68.0,1.0
8.0,-289.0,85.0,73.0,-12.0,45.0,1259.0,460.0,67.0,-84.0
24.0,-325.0,75.0,55.0,-41.0,-72.0,1134.0,439.0,55.0,-148.0
55.0,-266.0,145.0,-2.0,138.0,-109.0,993.0,362.0,32.0,-208.0
40.0,-122.0,154.0,-11.0,83.0,18.0,749.0,448.0,0.0,-263.0
20.0,-253.0,145.0,-21.0,1.0,18.0,313.0,369.0,-33.0,-287.0
-3.0,-252.0,156.0,-28.0,-21.0,-83.0,-105.0,306.0,-23.0,-294.0
-10.0,-39.0,148.0,-84.0,-42.0,-110.0,-287.0,109.0,-8.0,-315.0
17.0,101.0,167.0,-121.0,64.0,-194.0,-280.0,97.0,-24.0,-306.0
40.0,61.0,120.0,-110.0,103.0,-118.0,-333.0,206.0,-19.0,-254.0
99.0,-107.0,115.0,-126.0,-50.0,83.0,-578.0,169.0,-11.0,-195.0
118.0,128.0,158.0,-118.0,-43.0,18.0,-916.0,280.0,-16.0,-137.0
146.0,267.0,127.0,-50.0,161.0,-118.0,-1206.0,258.0,-2.0,-65.0
133.0,4.0,123.0,18.0,56.0,-2.0,-1366.0,319.0,26.0,25.0
122.0,-154.0,137.0,55.0,-51.0,158.0,-1320.0,288.0,55.0,112.0
117.0,-21.0,103.0,93.0,63.0,89.0,-1019.0,229.0,85.0,217.0
96.0,166.0,105.0,111.0,17.0,-72.0,-637.0,280.0,107.0,299.0
99.0,59.0,93.0,145.0,-8.0,-58.0,-397.0,195.0,112.0,350.0
93.0,149.0,84.0,175.0,-78.0,15.0,-208.0,234.0,133.0,384.0
98.0,58.0,59.0,131.0,-129.0,83.0,-29.0,101.0,149.0,402.0
87.0,-137.0,82.0,89.0,-2.0,131.0,151.0,112.0,146.0,420.0
126.0,16.0,79.0,70.0,-2.0,16.0,384.0,221.0,140.0,380.0
134.0,-38.0,24.0,37.0,-31.0,-89.0,659.0,199.0,134.0,320.0
127.0,42.0,89.0,23.0,-4.0,-150.0,849.0,238.0,137.0,258.0
111.0,107.0,45.0,38.0,56.0,-48.0,819.0,70.0,128.0,191.0
102.0,-163.0,4.0,34.0,82.0,136.0,841.0,125.0,94.0,141.0
93.0,-83.0,-1.0,24.0,-40.0,79.0,976.0,192.0,69.0,78.0
56.0,170.0,-50.0,6.0,-29.0,-66.0,942.0,214.0,76.0,41.0
55.0,291.0,30.0,8.0,64.0,-26.0,733.0,271.0,80.0,20.0
40.0,264.0,26.0,35.0,-4.0,146.0,624.0,240.0,73.0,22.0
58.0,64.0,-17.0,18.0,-9.0,160.0,742.0,476.0,67.0,49.0
48.0,136.0,25.0,-3.0,-26.0,60.0,886.0,487.0,42.0,79.0
76.0,222.0,-38.0,-2.0,-51.0,-4.0,839.0,378.0,22.0,93.0
101.0,166.0,-46.0,2.0,73.0,36.0,553.0,267.0,0.0,129.0
103.0,87.0,-18.0,9.0,-33.0,127.0,126.0,46.0,-32.0,209.0
111.0,-131.0,-104.0,18.0,-115.0,193.0,-253.0,-25.0,-48.0,269.0
98.0,-196.0,-51.0,6.0,38.0,193.0,-459.0,-103.0,-86.0,308.0
104.0,-160.0,-13.0,-3.0,-7.0,118.0,-448.0,-109.0,-118.0,364.0
83.0,-211.0,-67.0,-12.0,1.0,121.0,-333.0,-90.0,-121.0,445.0
99.0,47.0,-61.0,-50.0,14.0,58.0,-349.0,138.0,-142.0,497.0
86.0,272.0,-19.0,-86.0,-37.0,-41.0,-489.0,286.0,-159.0,539.0
97.0,-13.0,-14.0,-107.0,85.0,-52.0,-601.0,166.0,-161.0,606.0
110.0,-172.0,5.0,-79.0,-59.0,93.0,-585.0,253.0,-166.0,637.0
132.0,-20.0,65.0,-62.0,-128.0,377.0,-616.0,208.0,-167.0,643.0
163.0,55.0,60.0,-51.0,5.0,417.0,-833.0,271.0,-157.0,664.0
160.0,-108.0,92.0,-56.0,-48.0,208.0,-968.0,424.0,-152.0,685.0
160.0,-68.0,105.0,-57.0,59.0,5.0,-961.0,347.0,-153.0,635.0
125.0,75.0,104.0,-26.0,90.0,-25.0,-824.0,339.0,-156.0,547.0
131.0,3.0,126.0,-45.0,-34.0,34.0,-579.0,367.0,-135.0,504.0
108.0,21.0,109.0,-31.0,80.0,-10.0,-255.0,393.0,-102.0,445.0
127.0,-33.0,97.0,1.0,154.0,48.0,75.0,230.0,-78.0,315.0
154.0,29.0,110.0,46.0,59.0,191.0,284.0,177.0,-46.0,197.0
187.0,171.0,72.0,98.0,48.0,234.0,637.0,221.0,-8.0,118.0
215.0,120.0,61.0,125.0,24.0,158.0,1102.0,162.0,31.0,2.0
193.0,230.0,100.0,153.0,100.0,-34.0,1346.0,238.0,48.0,-119.0
178.0,309.0,92.0,99.0,159.0,-141.0,1368.0,216.0,76.0,-184.0
143.0,191.0,120.0,-10.0,-11.0,-125.0,1294.0,328.0,108.0,-222.0
146.0,160.0,145.0,-76.0,30.0,-55.0,1209.0,375.0,125.0,-273.0
106.0,-125.0,202.0,-112.0,171.0,-47.0,1075.0,273.0,140.0,-287.0
117.0,-171.0,179.0,-141.0,121.0,79.0,754.0,227.0,143.0,-247.0
133.0,35.0,164.0,-177.0,29.0,375.0,358.0,70.0,131.0,-218.0
157.0,-260.0,197.0,-211.0,14.0,384.0,79.0,99.0,100.0,-199.0
161.0,-233.0,135.0,-205.0,55.0,287.0,-99.0,53.0,82.0,-148.0
137.0,44.0,113.0,-209.0,109.0,150.0,-286.0,0.0,66.0,-81.0
152.0,75.0,93.0,-165.0,14.0,75.0,-558.0,99.0,31.0,-74.0
122.0,-102.0,92.0,-76.0,-37.0,177.0,-815.0,186.0,-6.0,-64.0
123.0,-6.0,92.0,-18.0,137.0,99.0,-948.0,210.0,-37.0,8.0
82.0,218.0,104.0,20.0,101.0,110.0,-860.0,64.0,-68.0,36.0
78.0,138.0,99.0,-7.0,9.0,260.0,-603.0,164.0,-113.0,29.0
63.0,317.0,116.0,-41.0,-100.0,383.0,-440.0,188.0,-151.0,69.0
54.0,167.0,138.0,-52.0,-146.0,362.0,-522.0,105.0,-178.0,137.0
46.0,297.0,105.0,-75.0,62.0,200.0,-606.0,79.0,-204.0,164.0
19.0,620.0,112.0,-97.0,-3.0,255.0,-515.0,-46.0,-245.0,160.0
12.0,261.0,114.0,-84.0,-97.0,173.0,-363.0,44.0,-266.0,205.0
-33.0,136.0,88.0,-43.0,73.0,-129.0,-124.0,11.0,-251.0,243.0
-45.0,132.0,92.0,-39.0,112.0,-229.0,104.0,-9.0,-235.0,230.0
-83.0,54.0,107.0,-68.0,-20.0,-123.0,278.0,12.0,-226.0,243.0
-74.0,-74.0,5.0,-93.0,-84.0,-2.0,308.0,-107.0,-221.0,250.0
-87.0,-192.0,-25.0,-96.0,-32.0,-35.0,274.0,-116.0,-207.0,222.0
-91.0,-65.0,-13.0,-93.0,0.0,-121.0,425.0,-171.0,-185.0,193.0
-98.0,220.0,-50.0,-34.0,-24.0,-195.0,666.0,-118.0,-169.0,180.0
-121.0,212.0,-43.0,56.0,-63.0,-235.0,796.0,3.0,-148.0,192.0
-116.0,-196.0,-54.0,96.0,-63.0,-369.0,749.0,245.0,-130.0,152.0
-140.0,-172.0,-30.0,128.0,16.0,-557.0,735.0,317.0,-119.0,86.0
-108.0,94.0,-35.0,125.0,81.0,-563.0,730.0,88.0,-103.0,96.0
-94.0,-41.0,2.0,107.0,-54.0,-413.0,598.0,86.0,-102.0,112.0
-52.0,-84.0,33.0,118.0,-122.0,-291.0,270.0,-68.0,-106.0,51.0
-42.0,-71.0,7.0,114.0,78.0,-445.0,-166.0,-142.0,-84.0,-7.0
-38.0,-198.0,38.0,90.0,92.0,-492.0,-409.0,-68.0,-79.0,20.0
-31.0,-123.0,32.0,33.0,-64.0,-271.0,-357.0,-147.0,-90.0,22.0
-53.0,-207.0,67.0,-6.0,-22.0,-60.0,-184.0,-81.0,-100.0,-54.0
-61.0,-180.0,105.0,-27.0,104.0,-146.0,-122.0,-103.0,-112.0,-67.0
-51.0,-47.0,58.0,-34.0,136.0,-398.0,-84.0,-112.0,-100.0,-62.0
-7.0,-204.0,29.0,-26.0,9.0,-110.0,49.0,-75.0,-98.0,-142.0
30.0,-234.0,0.0,-56.0,-143.0,198.0,255.0,36.0,-87.0,-181.0
82.0,-88.0,2.0,-65.0,-47.0,88.0,352.0,92.0,-69.0,-146.0
101.0,124.0,-2.0,-68.0,45.0,39.0,267.0,20.0,-59.0,-163.0
109.0,203.0,-20.0,-72.0,-1.0,190.0,163.0,158.0,-34.0,-250.0
65.0,198.0,-7.0,-98.0,-72.0,334.0,28.0,216.0,-7.0,-254.0
58.0,5.0,-49.0,-186.0,-83.0,129.0,-274.0,303.0,10.0,-194.0
58.0,-11.0,-10.0,-236.0,76.0,-226.0,-696.0,275.0,32.0,-233.0
52.0,61.0,21.0,-237.0,-15.0,-327.0,-997.0,157.0,64.0,-283.0
80.0,-324.0,-17.0,-285.0,-141.0,-231.0,-1141.0,181.0,112.0,-242.0
109.0,-153.0,25.0,-315.0,-65.0,-115.0,-1113.0,57.0,161.0,-187.0
160.0,160.0,31.0,-269.0,-53.0,-52.0,-933.0,46.0,175.0,-218.0
117.0,-25.0,-24.0,-282.0,28.0,25.0,-616.0,-9.0,176.0,-228.0
80.0,76.0,-57.0,-290.0,-94.0,269.0,-149.0,-20.0,165.0,-136.0
28.0,270.0,-113.0,-197.0,-164.0,252.0,311.0,-7.0,169.0,-127.0
8.0,215.0,-137.0,-105.0,72.0,-61.0,613.0,-81.0,185.0,-163.0
0.0,232.0,-148.0,-71.0,22.0,-244.0,682.0,-53.0,171.0,-79.0
-11.0,116.0,-207.0,-58.0,-100.0,-257.0,654.0,-145.0,181.0,6.0
15.0,19.0,-228.0,-17.0,-9.0,-85.0,536.0,29.0,190.0,-7.0
0.0,379.0,-256.0,23.0,71.0,-65.0,328.0,210.0,162.0,2.0
-11.0,372.0,-285.0,38.0,110.0,10.0,113.0,177.0,136.0,121.0
-72.0,64.0,-311.0,44.0,9.0,173.0,-7.0,88.0,101.0,175.0
-83.0,108.0,-336.0,69.0,-52.0,109.0,28.0,-129.0,80.0,126.0
-109.0,263.0,-314.0,93.0,71.0,18.0,220.0,-147.0,60.0,190.0
-137.0,141.0,-296.0,141.0,42.0,-60.0,415.0,-243.0,29.0,279.0
-139.0,44.0,-276.0,169.0,-73.0,-4.0,410.0,-262.0,1.0,228.0
-150.0,49.0,-253.0,94.0,-70.0,162.0,342.0,-169.0,-29.0,173.0
-128.0,-188.0,-292.0,31.0,-48.0,372.0,305.0,-112.0,-50.0,207.0
-150.0,-49.0,-288.0,-15.0,24.0,437.0,300.0,151.0,-67.0,231.0
-140.0,43.0,-226.0,-83.0,-6.0,419.0,106.0,218.0,-72.0,141.0
-146.0,-89.0,-251.0,-104.0,-126.0,556.0,-214.0,103.0,-102.0,82.0
-141.0,112.0,-220.0,-127.0,-85.0,775.0,-419.0,-99.0,-154.0,116.0
-126.0,116.0,-188.0,-206.0,-5.0,881.0,-507.0,-136.0,-168.0,101.0
-123.0,-31.0,-197.0,-250.0,-1.0,662.0,-405.0,-48.0,-183.0,37.0
-99.0,26.0,-193.0,-258.0,-32.0,466.0,-264.0,-103.0,-195.0,30.0
-79.0,97.0,-188.0,-269.0,-29.0,475.0,-106.0,25.0,-203.0,45.0
-68.0,27.0,-185.0,-245.0,55.0,478.0,-9.0,59.0,-197.0,-30.0
-68.0,-82.0,-178.0,-205.0,115.0,325.0,32.0,118.0,-192.0,-96.0
-57.0,-202.0,-134.0,-121.0,-18.0,134.0,138.0,24.0,-201.0,-61.0
-53.0,-390.0,-157.0,-57.0,-20.0,89.0,207.0,-229.0,-205.0,-62.0
-14.0,-353.0,-120.0,-54.0,151.0,-1.0,224.0,-279.0,-215.0,-159.0
12.0,-55.0,-73.0,-55.0,4.0,-112.0,163.0,-391.0,-233.0,-190.0
26.0,-90.0,-122.0,-91.0,-127.0,-85.0,40.0,-358.0,-266.0,-125.0
24.0,-165.0,-118.0,-93.0,-19.0,-8.0,-201.0,-436.0,-283.0,-153.0
1.0,173.0,-64.0,-76.0,21.0,-37.0,-480.0,-408.0,-312.0,-228.0
-20.0,173.0,-89.0,-128.0,61.0,-139.0,-585.0,-267.0,-320.0,-206.0
-47.0,-103.0,-62.0,-134.0,35.0,-125.0,-498.0,-214.0,-320.0,-165.0
-37.0,57.0,-11.0,-139.0,-15.0,-31.0,-431.0,-22.0,-342.0,-198.0
-32.0,182.0,-38.0,-179.0,89.0,-27.0,-429.0,-105.0,-344.0,-220.0
0.0,-193.0,-18.0,-133.0,88.0,-19.0,-345.0,-147.0,-353.0,-187.0
20.0,-372.0,-37.0,-103.0,-14.0,149.0,-143.0,-238.0,-341.0,-207.0
-2.0,-5.0,-30.0,-108.0,-49.0,294.0,161.0,-354.0,-332.0,-271.0
-20.0,-74.0,6.0,-117.0,9.0,232.0,434.0,-251.0,-322.0,-290.0
-24.0,-181.0,7.0,-138.0,119.0,275.0,677.0,-192.0,-292.0,-273.0
-23.0,218.0,-26.0,-133.0,37.0,365.0,780.0,55.0,-269.0,-329.0
-38.0,86.0,9.0,-128.0,-139.0,323.0,598.0,144.0,-236.0,-410.0
-27.0,36.0,0.0,-103.0,-49.0,340.0,281.0,12.0,-195.0,-376.0
0.0,321.0,-41.0,-80.0,162.0,354.0,76.0,-145.0,-153.0,-337.0
6.0,195.0,14.0,-45.0,52.0,380.0,48.0,-277.0,-123.0,-377.0
15.0,166.0,-26.0,-27.0,-115.0,336.0,23.0,-291.0,-105.0,-388.0
4.0,458.0,-11.0,-38.0,40.0,215.0,-132.0,-406.0,-71.0,-315.0
-13.0,233.0,0.0,-35.0,207.0,178.0,-423.0,-334.0,-32.0,-258.0
-22.0,-261.0,2.0,-38.0,46.0,153.0,-578.0,-293.0,-5.0,-270.0
-43.0,63.0,18.0,-5.0,-142.0,157.0,-493.0,-301.0,20.0,-233.0
-39.0,335.0,13.0,-20.0,-17.0,203.0,-410.0,-254.0,44.0,-165.0
-26.0,-20.0,52.0,-80.0,133.0,235.0,-358.0,-362.0,42.0,-181.0
-49.0,-161.0,18.0,-60.0,69.0,275.0,-176.0,-275.0,35.0,-186.0
-80.0,16.0,15.0,-60.0,-139.0,282.0,105.0,-303.0,56.0,-128.0
-110.0,29.0,5.0,-101.0,-228.0,177.0,311.0,-393.0,71.0,-134.0
-121.0,20.0,-55.0,-130.0,0.0,116.0,405.0,-415.0,84.0,-200.0
-130.0,113.0,-107.0,-148.0,100.0,148.0,440.0,-312.0,89.0,-202.0
-144.0,-232.0,-142.0,-159.0,-233.0,75.0,480.0,-7.0,78.0,-146.0
-152.0,-280.0,-184.0,-166.0,-299.0,-14.0,491.0,49.0,67.0,-142.0
-174.0,55.0,-176.0,-152.0,-1.0,48.0,437.0,40.0,58.0,-159.0
-187.0,-487.0,-153.0,-124.0,22.0,42.0,277.0,-125.0,57.0,-105.0
-197.0,-793.0,-159.0,-101.0,-86.0,-106.0,-29.0,-312.0,47.0,-47.0
-181.0,-51.0,-157.0,-93.0,-139.0,-92.0,-356.0,-437.0,41.0,-51.0
-176.0,49.0,-203.0,-92.0,20.0,24.0,-609.0,-506.0,32.0,-21.0
-182.0,-471.0,-214.0,-121.0,248.0,0.0,-766.0,-319.0,26.0,59.0
-178.0,-91.0,-205.0,-128.0,75.0,-4.0,-903.0,-251.0,29.0,81.0
-179.0,336.0,-214.0,-134.0,-55.0,264.0,-967.0,-24.0,12.0,55.0
-173.0,109.0,-212.0,-153.0,76.0,573.0,-778.0,12.0,-3.0,74.0
-185.0,340.0,-183.0,-173.0,188.0,623.0,-430.0,-166.0,-20.0,113.0
-170.0,441.0,-178.0,-168.0,86.0,417.0,-225.0,-157.0,-40.0,89.0
-172.0,249.0,-176.0,-159.0,-159.0,139.0,-194.0,-206.0,-33.0,57.0
-165.0,377.0,-118.0,-205.0,-20.0,89.0,-152.0,-166.0,-19.0,85.0
-147.0,296.0,-116.0,-200.0,178.0,158.0,-22.0,-332.0,-38.0,90.0
-154.0,92.0,-133.0,-195.0,-25.0,79.0,113.0,-367.0,-52.0,69.0
-145.0,26.0,-123.0,-145.0,-184.0,-6.0,56.0,-314.0,-63.0,96.0
-128.0,76.0,-165.0,-107.0,-88.0,73.0,-132.0,-443.0,-73.0,141.0
-99.0,-144.0,-162.0,-128.0,86.0,146.0,-250.0,-463.0,-60.0,131.0
-93.0,-328.0,-116.0,-89.0,49.0,43.0,-126.0,-620.0,-74.0,105.0
-87.0,-156.0,-180.0,-113.0,-183.0,-133.0,187.0,-578.0,-79.0,145.0
-105.0,-115.0,-135.0,-110.0,-112.0,-230.0,456.0,-543.0,-80.0,195.0
-109.0,-152.0,-85.0,-41.0,172.0,-185.0,553.0,-476.0,-121.0,159.0
-99.0,-106.0,-169.0,37.0,148.0,-27.0,518.0,-162.0,-118.0,127.0
-62.0,62.0,-96.0,54.0,-92.0,194.0,529.0,7.0,-111.0,142.0
-15.0,95.0,-91.0,19.0,-131.0,196.0,547.0,127.0,-122.0,114.0
16.0,51.0,-88.0,42.0,70.0,-77.0,506.0,-60.0,-100.0,54.0
60.0,261.0,-5.0,29.0,114.0,-230.0,386.0,-282.0,-104.0,-2.0
66.0,573.0,-44.0,-11.0,-112.0,-251.0,160.0,-343.0,-104.0,-57.0
75.0,277.0,-27.0,-57.0,-123.0,-262.0,-155.0,-384.0,-84.0,-131.0
64.0,-65.0,-58.0,-111.0,106.0,-261.0,-418.0,-330.0,-71.0,-217.0
82.0,312.0,-110.0,-183.0,99.0,-129.0,-487.0,-421.0,-43.0,-249.0
103.0,483.0,-64.0,-200.0,-56.0,65.0,-470.0,-360.0,-9.0,-289.0
135.0,253.0,-46.0,-191.0,-122.0,39.0,-519.0,-314.0,14.0,-345.0
156.0,-177.0,-38.0,-170.0,-16.0,-74.0,-768.0,-315.0,11.0,-344.0
153.0,-514.0,30.0,-112.0,90.0,-65.0,-1060.0,-269.0,24.0,-319.0
158.0,-445.0,63.0,-100.0,-126.0,130.0,-1154.0,-328.0,50.0,-298.0
132.0,-409.0,53.0,-91.0,-228.0,260.0,-1001.0,-221.0,40.0,-302.0
130.0,-411.0,121.0,-120.0,-9.0,269.0,-708.0,-284.0,31.0,-289.0
114.0,-191.0,93.0,-152.0,-5.0,342.0,-499.0,-334.0,29.0,-248.0
122.0,-224.0,48.0,-191.0,-80.0,298.0,-452.0,-315.0,7.0,-254.0
123.0,-255.0,78.0,-216.0,-60.0,160.0,-475.0,-279.0,6.0,-272.0
129.0,-94.0,23.0,-175.0,-96.0,18.0,-439.0,-53.0,11.0,-273.0
108.0,-201.0,3.0,-117.0,23.0,-77.0,-291.0,-81.0,-21.0,-299.0
88.0,-73.0,-13.0,-108.0,61.0,-116.0,23.0,-123.0,-67.0,-325.0
85.0,43.0,-78.0,-103.0,-94.0,-182.0,410.0,-221.0,-110.0,-328.0
53.0,-295.0,-85.0,-64.0,5.0,-164.0,652.0,-328.0,-142.0,-312.0
30.0,-499.0,-84.0,-48.0,192.0,-114.0,699.0,-436.0,-173.0,-299.0
-23.0,-196.0,-138.0,-37.0,150.0,-160.0,703.0,-535.0,-221.0,-282.0
-56.0,-90.0,-173.0,-41.0,-18.0,-214.0,772.0,-437.0,-237.0,-230.0
-104.0,-148.0,-174.0,17.0,-101.0,-214.0,764.0,-493.0,-234.0,-184.0
-122.0,61.0,-214.0,62.0,-7.0,-125.0,544.0,-345.0,-246.0,-166.0
-139.0,-41.0,-196.0,63.0,7.0,25.0,155.0,-236.0,-239.0,-148.0
-123.0,81.0,-177.0,51.0,-137.0,49.0,-212.0,-284.0,-221.0,-119.0
-110.0,377.0,-223.0,-5.0,-104.0,-89.0,-520.0,-260.0,-216.0,-99.0
-134.0,125.0,-179.0,-20.0,80.0,-193.0,-769.0,-402.0,-202.0,-108.0
-139.0,116.0,-143.0,-38.0,117.0,-281.0,-926.0,-467.0,-161.0,-101.0
-177.0,423.0,-141.0,-32.0,-11.0,-389.0,-1029.0,-563.0,-124.0,-110.0
-151.0,415.0,-93.0,-13.0,-49.0,-413.0,-969.0,-460.0,-76.0,-142.0
-125.0,314.0,-56.0,-68.0,117.0,-316.0,-711.0,-314.0,-17.0,-148.0
-99.0,430.0,3.0,-110.0,135.0,-173.0,-316.0,-328.0,11.0,-156.0
-76.0,463.0,6.0,-90.0,-21.0,-261.0,56.0,-227.0,41.0,-183.0
-60.0,53.0,-51.0,-68.0,-6.0,-382.0,275.0,-277.0,76.0,-220.0
-43.0,-7.0,-68.0,-114.0,111.0,-233.0,406.0,-219.0,102.0,-243.0
-35.0,-152.0,-101.0,-163.0,182.0,-36.0,467.0,-253.0,127.0,-253.0
-7.0,-551.0,-114.0,-131.0,49.0,100.0,368.0,-391.0,144.0,-280.0
14.0,-189.0,-74.0,-169.0,-127.0,139.0,131.0,-354.0,133.0,-301.0
58.0,-214.0,-33.0,-155.0,0.0,158.0,-87.0,-330.0,117.0,-309.0
80.0,-651.0,-35.0,-57.0,61.0,196.0,-261.0,-103.0,93.0,-329.0
89.0,-767.0,5.0,-51.0,-91.0,71.0,-472.0,1.0,53.0,-347.0
83.0,-583.0,-20.0,3.0,-162.0,-164.0,-682.0,18.0,30.0,-365.0
76.0,-356.0,-78.0,62.0,-106.0,-388.0,-735.0,-14.0,-6.0,-377.0
69.0,-399.0,-42.0,84.0,-38.0,-538.0,-677.0,-214.0,-47.0,-390.0
52.0,-212.0,-58.0,114.0,-83.0,-567.0,-587.0,-297.0,-68.0,-419.0
67.0,-56.0,-24.0,207.0,-226.0,-511.0,-522.0,-511.0,-78.0,-427.0
73.0,107.0,9.0,295.0,-167.0,-431.0,-557.0,-526.0,-96.0,-411.0
64.0,479.0,40.0,275.0,72.0,-304.0,-586.0,-482.0,-112.0,-389.0
64.0,343.0,98.0,265.0,5.0,-106.0,-582.0,-522.0,-131.0,-360.0
39.0,30.0,96.0,207.0,-172.0,-34.0,-579.0,-437.0,-140.0,-292.0
19.0,186.0,78.0,149.0,-83.0,-226.0,-568.0,-352.0,-124.0,-228.0
8.0,210.0,120.0,73.0,39.0,-402.0,-406.0,-36.0,-115.0,-210.0
17.0,42.0,77.0,-13.0,0.0,-373.0,-121.0,-3.0,-74.0,-174.0
18.0,-69.0,43.0,-69.0,-104.0,-460.0,119.0,-160.0,-25.0,-132.0
6.0,12.0,110.0,-138.0,-101.0,-682.0,227.0,-242.0,0.0,-124.0
19.0,50.0,83.0,-156.0,90.0,-607.0,244.0,-304.0,20.0,-134.0
14.0,-239.0,156.0,-181.0,131.0,-289.0,372.0,-166.0,52.0,-135.0
19.0,-325.0,188.0,-220.0,-40.0,-47.0,572.0,-253.0,100.0,-120.0
-3.0,-482.0,156.0,-255.0,-20.0,-20.0,752.0,-345.0,120.0,-120.0
-2.0,-355.0,224.0,-241.0,18.0,-96.0,709.0,-295.0,140.0,-117.0
0.0,-111.0,218.0,-221.0,17.0,-41.0,429.0,-158.0,180.0,-92.0
-18.0,-319.0,213.0,-217.0,-70.0,14.0,113.0,-149.0,185.0,-70.0
-24.0,-158.0,285.0,-172.0,-195.0,-13.0,-185.0,-306.0,181.0,-45.0
-32.0,22.0,300.0,-155.0,-50.0,-41.0,-450.0,-306.0,184.0,-21.0
-5.0,105.0,279.0,-99.0,23.0,62.0,-662.0,-399.0,175.0,20.0
6.0,245.0,266.0,-27.0,-117.0,167.0,-777.0,-253.0,142.0,51.0
29.0,240.0,230.0,-35.0,-158.0,121.0,-876.0,-164.0,104.0,59.0
17.0,389.0,227.0,-49.0,-4.0,217.0,-916.0,-219.0,85.0,92.0
12.0,259.0,164.0,-30.0,79.0,290.0,-913.0,-121.0,72.0,109.0
15.0,26.0,132.0,33.0,2.0,227.0,-837.0,-164.0,42.0,108.0
10.0,25.0,164.0,51.0,-119.0,95.0,-621.0,-114.0,23.0,104.0
15.0,2.0,165.0,62.0,-90.0,-41.0,-370.0,-245.0,36.0,104.0
4.0,-116.0,174.0,96.0,141.0,-20.0,-181.0,-282.0,28.0,96.0
6.0,-244.0,150.0,67.0,73.0,-36.0,-108.0,-234.0,4.0,63.0
-18.0,-52.0,155.0,15.0,-174.0,-29.0,87.0,-384.0,-6.0,33.0
-40.0,-133.0,109.0,-9.0,-50.0,-35.0,430.0,-356.0,-20.0,-12.0
-71.0,-160.0,87.0,41.0,132.0,-131.0,664.0,-443.0,-5.0,-53.0
-83.0,297.0,65.0,100.0,-9.0,-135.0,702.0,-476.0,2.0,-89.0
-109.0,-46.0,-10.0,116.0,-126.0,-196.0,639.0,-473.0,-1.0,-147.0
-126.0,-582.0,23.0,122.0,-18.0,-422.0,503.0,-406.0,-14.0,-196.0
-137.0,-537.0,-6.0,81.0,111.0,-584.0,327.0,-245.0,-37.0,-215.0
-149.0,-460.0,40.0,69.0,145.0,-621.0,219.0,-219.0,-24.0,-205.0
-131.0,-239.0,81.0,102.0,-5.0,-617.0,154.0,-83.0,-22.0,-187.0
-139.0,-142.0,19.0,82.0,-67.0,-486.0,160.0,-166.0,-25.0,-155.0
-133.0,-148.0,36.0,83.0,162.0,-444.0,268.0,-301.0,-28.0,-138.0
-163.0,-95.0,-45.0,59.0,201.0,-534.0,395.0,-321.0,-30.0,-115.0
-169.0,-79.0,-89.0,7.0,-38.0,-567.0,338.0,-369.0,-35.0,-68.0
-157.0,32.0,-96.0,10.0,-115.0,-535.0,135.0,-277.0,-61.0,-65.0
-132.0,-20.0,-112.0,-17.0,12.0,-530.0,-66.0,-279.0,-58.0,-74.0
-107.0,-129.0,-77.0,-5.0,144.0,-592.0,-214.0,-206.0,-67.0,-70.0
-106.0,-72.0,-47.0,8.0,-23.0,-512.0,-322.0,-121.0,-97.0,-47.0
-73.0,-46.0,-8.0,-43.0,-271.0,-431.0,-408.0,-123.0,-91.0,-25.0
-72.0,-222.0,18.0,-54.0,-29.0,-313.0,-436.0,-240.0,-97.0,-43.0
-55.0,-249.0,99.0,-59.0,227.0,-154.0,-523.0,-441.0,-114.0,-62.0
-51.0,122.0,104.0,-72.0,39.0,-126.0,-629.0,-437.0,-112.0,-79.0
-49.0,164.0,117.0,-16.0,-126.0,-127.0,-741.0,-426.0,-89.0,-106.0
-44.0,-101.0,169.0,10.0,-7.0,-237.0,-688.0,-227.0,-44.0,-128.0
-38.0,33.0,128.0,-13.0,102.0,-254.0,-372.0,-31.0,3.0,-160.0
-15.0,416.0,197.0,-11.0,130.0,-203.0,23.0,140.0,37.0,-198.0
-10.0,630.0,195.0,-49.0,22.0,-181.0,325.0,297.0,54.0,-221.0
-5.0,768.0,194.0,-92.0,-71.0,-98.0,393.0,35.0,89.0,-229.0
-2.0,631.0,272.0,-87.0,197.0,28.0,296.0,-83.0,116.0,-216.0
23.0,252.0,231.0,-58.0,175.0,258.0,69.0,-157.0,126.0,-223.0
10.0,313.0,277.0,-63.0,-118.0,331.0,-91.0,-127.0,166.0,-233.0
-19.0,267.0,255.0,-117.0,-44.0,147.0,-202.0,-79.0,185.0,-221.0
-42.0,-8.0,194.0,-153.0,135.0,-31.0,-336.0,-267.0,187.0,-228.0
-39.0,-150.0,214.0,-153.0,142.0,-151.0,-395.0,-319.0,189.0,-251.0
-10.0,-233.0,164.0,-142.0,-73.0,-198.0,-420.0,-489.0,169.0,-269.0
-19.0,-191.0,180.0,-98.0,-136.0,-231.0,-391.0,-410.0,147.0,-258.0
-26.0,-323.0,198.0,-72.0,43.0,-237.0,-289.0,-332.0,121.0,-241.0
-36.0,-311.0,190.0,-98.0,87.0,-68.0,-37.0,-349.0,98.0,-222.0
-31.0,-142.0,230.0,-62.0,-75.0,-43.0,272.0,-169.0,100.0,-208.0
-33.0,-180.0,172.0,-31.0,-180.0,-143.0,446.0,-179.0,92.0,-189.0
-44.0,-143.0,169.0,-3.0,0.0,-198.0,375.0,-96.0,64.0,-140.0
-60.0,-46.0,248.0,25.0,101.0,-112.0,207.0,-144.0,69.0,-97.0
-58.0,-149.0,216.0,-41.0,-45.0,92.0,108.0,-92.0,65.0,-55.0
-39.0,-235.0,219.0,-92.0,-117.0,69.0,39.0,62.0,55.0,-32.0
-22.0,-299.0,204.0,-114.0,16.0,65.0,-38.0,-29.0,63.0,-2.0
1.0,-339.0,146.0,-93.0,124.0,27.0,-172.0,-46.0,61.0,41.0
-16.0,-300.0,112.0,-41.0,-26.0,-14.0,-230.0,-116.0,52.0,72.0
-16.0,-373.0,41.0,-26.0,-140.0,90.0,-269.0,-105.0,49.0,93.0
-13.0,-395.0,0.0,8.0,-29.0,177.0,-330.0,-162.0,46.0,97.0
-2.0,-292.0,-51.0,29.0,5.0,84.0,-310.0,-134.0,37.0,122.0
6.0,-25.0,-5.0,25.0,-87.0,-96.0,-135.0,-70.0,20.0,156.0
-2.0,4.0,28.0,10.0,-209.0,-84.0,164.0,-240.0,-13.0,185.0
6.0,2.0,51.0,17.0,-131.0,-185.0,352.0,-245.0,-21.0,189.0
-14.0,454.0,115.0,54.0,97.0,-242.0,336.0,-312.0,-22.0,193.0
-31.0,332.0,29.0,53.0,21.0,-141.0,237.0,-271.0,-35.0,229.0
-50.0,-24.0,59.0,49.0,-161.0,0.0,166.0,-181.0,-32.0,244.0
-41.0,214.0,58.0,85.0,-74.0,210.0,57.0,-247.0,-32.0,245.0
-25.0,212.0,-14.0,71.0,153.0,178.0,-76.0,-297.0,-34.0,238.0
-14.0,115.0,40.0,61.0,156.0,-120.0,-221.0,-384.0,-40.0,252.0
1.0,126.0,57.0,56.0,-11.0,-321.0,-291.0,-271.0,-55.0,278.0
-19.0,-18.0,79.0,27.0,39.0,-221.0,-179.0,-234.0,-76.0,276.0
-28.0,-307.0,95.0,51.0,193.0,-140.0,33.0,-223.0,-108.0,269.0
-31.0,-299.0,87.0,96.0,118.0,-198.0,195.0,-262.0,-136.0,260.0
-31.0,138.0,72.0,162.0,-14.0,-243.0,205.0,-408.0,-144.0,243.0
-18.0,-87.0,72.0,145.0,44.0,-216.0,183.0,-332.0,-144.0,210.0
-8.0,-221.0,86.0,65.0,166.0,-233.0,149.0,-277.0,-134.0,167.0
-11.0,54.0,102.0,19.0,186.0,-461.0,109.0,-79.0,-119.0,113.0
-3.0,-94.0,153.0,-45.0,25.0,-696.0,51.0,44.0,-91.0,59.0
-20.0,-151.0,195.0,-59.0,-12.0,-631.0,-50.0,110.0,-73.0,20.0
-51.0,-134.0,233.0,-12.0,81.0,-429.0,-139.0,253.0,-73.0,-18.0
-69.0,-21.0,276.0,-5.0,59.0,-378.0,-261.0,133.0,-56.0,-66.0
-78.0,80.0,285.0,-52.0,-8.0,-338.0,-387.0,31.0,-56.0,-100.0
-63.0,-210.0,312.0,-65.0,-147.0,-279.0,-431.0,-77.0,-61.0,-99.0
-66.0,-322.0,325.0,-68.0,-73.0,-225.0,-330.0,-55.0,-56.0,-60.0
-60.0,9.0,337.0,-97.0,90.0,-36.0,-172.0,-62.0,-52.0,-21.0
-61.0,281.0,360.0,-90.0,-49.0,171.0,-79.0,-127.0,-66.0,5.0
-72.0,210.0,337.0,-86.0,-115.0,212.0,-38.0,-81.0,-80.0,69.0
-106.0,82.0,373.0,-85.0,106.0,33.0,78.0,-273.0,-83.0,120.0
-128.0,121.0,404.0,-51.0,150.0,-106.0,269.0,-240.0,-113.0,153.0
-126.0,32.0,358.0,-31.0,-17.0,-34.0,355.0,-168.0,-145.0,196.0
-116.0,-112.0,369.0,-68.0,-50.0,-69.0,235.0,-253.0,-163.0,198.0
-90.0,-107.0,341.0,-128.0,-90.0,-162.0,-6.0,-275.0,-169.0,170.0
-84.0,-105.0,246.0,-145.0,-5.0,-212.0,-116.0,-347.0,-170.0,154.0
-62.0,71.0,266.0,-166.0,11.0,-249.0,-67.0,-230.0,-182.0,170.0
-81.0,36.0,259.0,-173.0,-194.0,-231.0,-12.0,-218.0,-180.0,147.0
-101.0,-176.0,243.0,-146.0,-111.0,-201.0,-40.0,-94.0,-185.0,95.0
-125.0,10.0,284.0,-125.0,4.0,-41.0,-6.0,166.0,-214.0,85.0
-136.0,58.0,244.0,-90.0,-9.0,132.0,207.0,136.0,-208.0,95.0
-129.0,48.0,183.0,-69.0,-98.0,29.0,507.0,99.0,-175.0,115.0
-140.0,-75.0,161.0,-43.0,-219.0,-291.0,833.0,83.0,-153.0,122.0
-121.0,-178.0,142.0,-41.0,-135.0,-362.0,1011.0,145.0,-133.0,138.0
-112.0,-12.0,132.0,-22.0,-3.0,-373.0,1034.0,49.0,-119.0,163.0
-97.0,-15.0,184.0,52.0,-64.0,-492.0,1003.0,-40.0,-104.0,146.0
-110.0,146.0,138.0,107.0,-174.0,-420.0,898.0,-123.0,-90.0,129.0
-111.0,100.0,194.0,153.0,11.0,-245.0,676.0,-382.0,-102.0,135.0
-106.0,179.0,252.0,164.0,130.0,-35.0,372.0,-262.0,-111.0,123.0
-96.0,355.0,189.0,141.0,50.0,-85.0,57.0,-201.0,-91.0,92.0
-75.0,125.0,236.0,95.0,5.0,-123.0,-238.0,-199.0,-66.0,97.0
-63.0,110.0,170.0,81.0,25.0,172.0,-403.0,-96.0,-44.0,111.0
-43.0,75.0,159.0,114.0,120.0,357.0,-436.0,22.0,-29.0,64.0
-54.0,14.0,185.0,131.0,48.0,258.0,-406.0,162.0,-6.0,34.0
-45.0,-201.0,157.0,124.0,7.0,219.0,-387.0,-7.0,4.0,45.0
-71.0,-484.0,173.0,69.0,34.0,362.0,-442.0,-20.0,26.0,19.0
-87.0,-453.0,161.0,24.0,76.0,327.0,-521.0,38.0,72.0,-11.0
-78.0,-430.0,164.0,-15.0,68.0,139.0,-542.0,140.0,100.0,-26.0
-75.0,-340.0,145.0,-63.0,-145.0,67.0,-512.0,155.0,130.0,-14.0
-64.0,-260.0,137.0,-49.0,-98.0,162.0,-486.0,-11.0,164.0,5.0
-73.0,-382.0,97.0,-34.0,85.0,27.0,-448.0,92.0,184.0,8.0
-69.0,-301.0,76.0,-24.0,10.0,-239.0,-363.0,3.0,167.0,6.0
-95.0,-156.0,86.0,27.0,-85.0,-201.0,-174.0,-140.0,151.0,5.0
-112.0,-94.0,65.0,72.0,-54.0,-139.0,89.0,-319.0,122.0,20.0
-138.0,-9.0,113.0,117.0,9.0,-100.0,369.0,-424.0,77.0,28.0
-164.0,-98.0,127.0,147.0,171.0,-59.0,624.0,-267.0,64.0,43.0
-165.0,-128.0,130.0,165.0,174.0,43.0,862.0,-223.0,44.0,37.0
-161.0,-41.0,150.0,155.0,-54.0,235.0,1070.0,-14.0,26.0,24.0
-139.0,168.0,124.0,142.0,136.0,185.0,1228.0,96.0,7.0,39.0
-136.0,300.0,120.0,189.0,187.0,-20.0,1257.0,184.0,-7.0,39.0
-118.0,218.0,117.0,200.0,-105.0,-146.0,1021.0,343.0,-27.0,13.0
-105.0,265.0,141.0,173.0,-19.0,-155.0,751.0,310.0,-53.0,-19.0
-79.0,292.0,120.0,143.0,37.0,-125.0,557.0,286.0,-78.0,-18.0
-61.0,200.0,118.0,83.0,1.0,-125.0,355.0,242.0,-92.0,-10.0
-66.0,229.0,154.0,2.0,-96.0,-18.0,126.0,332.0,-72.0,-28.0
-59.0,253.0,102.0,-27.0,-121.0,113.0,-141.0,304.0,-68.0,-49.0
-44.0,283.0,108.0,-46.0,26.0,201.0,-336.0,188.0,-58.0,-47.0
7.0,303.0,120.0,-71.0,-3.0,308.0,-428.0,158.0,-48.0,-46.0
24.0,76.0,104.0,-43.0,-72.0,351.0,-515.0,203.0,-52.0,-60.0
28.0,-68.0,118.0,-11.0,-160.0,354.0,-643.0,386.0,-50.0,-67.0
14.0,7.0,107.0,0.0,-52.0,319.0,-682.0,212.0,-29.0,-74.0
4.0,12.0,93.0,15.0,100.0,359.0,-617.0,94.0,0.0,-64.0
0.0,-354.0,74.0,50.0,-4.0,392.0,-563.0,118.0,7.0,-42.0
-16.0,-352.0,38.0,45.0,-122.0,424.0,-526.0,35.0,13.0,-20.0
-1.0,-54.0,1.0,13.0,-43.0,479.0,-406.0,22.0,38.0,-8.0
1.0,-176.0,-22.0,19.0,49.0,461.0,-218.0,7.0,62.0,-18.0
8.0,-59.0,-12.0,45.0,-60.0,521.0,-70.0,227.0,64.0,7.0
4.0,47.0,20.0,44.0,-52.0,433.0,8.0,303.0,86.0,71.0
-5.0,13.0,25.0,68.0,-6.0,340.0,82.0,282.0,97.0,101.0
-21.0,28.0,31.0,124.0,44.0,488.0,210.0,277.0,82.0,115.0
-16.0,40.0,4.0,114.0,36.0,598.0,324.0,194.0,73.0,142.0
-14.0,-35.0,-97.0,55.0,-83.0,364.0,442.0,173.0,60.0,175.0
-8.0,-55.0,-97.0,11.0,32.0,14.0,502.0,-72.0,46.0,199.0
0.0,42.0,-115.0,17.0,149.0,-37.0,537.0,-73.0,20.0,191.0
-23.0,-166.0,-186.0,56.0,52.0,-49.0,632.0,-5.0,15.0,202.0
-31.0,-55.0,-164.0,86.0,-8.0,-50.0,695.0,-53.0,12.0,232.0
-48.0,147.0,-202.0,148.0,62.0,37.0,678.0,27.0,4.0,254.0
-37.0,-85.0,-250.0,228.0,60.0,137.0,568.0,36.0,-8.0,302.0
-54.0,-273.0,-260.0,230.0,43.0,160.0,487.0,206.0,-11.0,325.0
-42.0,-342.0,-297.0,190.0,-6.0,106.0,414.0,205.0,3.0,331.0
-26.0,-385.0,-332.0,163.0,-58.0,192.0,285.0,120.0,-5.0,362.0
-31.0,-316.0,-323.0,128.0,34.0,227.0,157.0,36.0,-14.0,398.0
-32.0,-66.0,-292.0,95.0,32.0,198.0,101.0,-68.0,-9.0,422.0
-49.0,43.0,-220.0,78.0,-4.0,236.0,122.0,77.0,-4.0,423.0
-31.0,-37.0,-125.0,52.0,9.0,298.0,234.0,-5.0,0.0,443.0
-28.0,85.0,-82.0,-12.0,17.0,394.0,394.0,24.0,9.0,456.0
-18.0,279.0,-12.0,-23.0,30.0,314.0,453.0,129.0,34.0,461.0
-23.0,172.0,-15.0,5.0,-70.0,236.0,408.0,133.0,72.0,442.0
-10.0,163.0,-5.0,-3.0,-100.0,340.0,222.0,310.0,104.0,414.0
-4.0,226.0,41.0,3.0,82.0,258.0,-90.0,290.0,142.0,414.0
5.0,-142.0,-24.0,17.0,38.0,-33.0,-420.0,216.0,180.0,402.0
24.0,-249.0,0.0,27.0,-93.0,-215.0,-693.0,64.0,202.0,389.0
24.0,-16.0,0.0,27.0,-27.0,-225.0,-862.0,-29.0,226.0,361.0
25.0,-272.0,-47.0,74.0,33.0,-214.0,-902.0,42.0,252.0,346.0
11.0,-628.0,0.0,138.0,71.0,-203.0,-838.0,136.0,282.0,334.0
9.0,-478.0,-32.0,124.0,0.0,-66.0,-674.0,301.0,292.0,316.0
-23.0,-236.0,-36.0,92.0,-9.0,167.0,-364.0,249.0,287.0,305.0
-23.0,-114.0,5.0,99.0,-22.0,248.0,12.0,236.0,288.0,280.0
-17.0,69.0,-29.0,113.0,-62.0,271.0,280.0,173.0,261.0,270.0
2.0,-44.0,-40.0,104.0,-73.0,305.0,335.0,64.0,232.0,267.0
3.0,94.0,-45.0,57.0,-167.0,187.0,305.0,59.0,213.0,261.0
3.0,434.0,-69.0,3.0,-62.0,80.0,294.0,-38.0,192.0,233.0
15.0,152.0,-58.0,1.0,33.0,89.0,224.0,-5.0,173.0,196.0
-5.0,109.0,-34.0,-26.0,-16.0,193.0,91.0,-42.0,159.0,162.0
-5.0,424.0,-14.0,-24.0,-89.0,225.0,42.0,42.0,170.0,129.0
-32.0,538.0,-11.0,5.0,-38.0,53.0,129.0,293.0,169.0,82.0
-17.0,289.0,-19.0,5.0,104.0,29.0,269.0,487.0,162.0,13.0
-27.0,122.0,-36.0,12.0,52.0,208.0,370.0,591.0,152.0,-44.0
-45.0,75.0,-53.0,-21.0,29.0,272.0,453.0,471.0,122.0,-87.0
-39.0,-107.0,-42.0,-14.0,53.0,229.0,617.0,441.0,108.0,-123.0
-37.0,-11.0,-32.0,9.0,61.0,141.0,825.0,301.0,78.0,-166.0
-27.0,-236.0,-18.0,38.0,138.0,96.0,1000.0,171.0,67.0,-213.0
-16.0,-300.0,-58.0,103.0,61.0,117.0,1020.0,142.0,74.0,-243.0
1.0,-36.0,-94.0,112.0,-6.0,150.0,881.0,160.0,69.0,-273.0
17.0,-131.0,-123.0,90.0,96.0,146.0,674.0,362.0,83.0,-302.0
49.0,-89.0,-174.0,76.0,94.0,66.0,420.0,282.0,87.0,-307.0
34.0,-95.0,-114.0,60.0,14.0,-21.0,172.0,264.0,96.0,-330.0
46.0,-175.0,-83.0,56.0,0.0,-138.0,-65.0,284.0,78.0,-350.0
58.0,-133.0,-77.0,65.0,32.0,-221.0,-245.0,195.0,59.0,-330.0
68.0,-58.0,-40.0,58.0,88.0,-246.0,-379.0,236.0,54.0,-317.0
84.0,125.0,-35.0,81.0,66.0,-292.0,-469.0,134.0,19.0,-306.0
78.0,119.0,-55.0,101.0,-25.0,-321.0,-571.0,166.0,2.0,-273.0
81.0,86.0,-105.0,73.0,104.0,-128.0,-607.0,218.0,2.0,-215.0
70.0,204.0,-138.0,76.0,164.0,169.0,-464.0,232.0,6.0,-150.0
64.0,228.0,-141.0,79.0,32.0,133.0,-243.0,205.0,-1.0,-103.0
27.0,346.0,-127.0,80.0,12.0,6.0,-26.0,116.0,-10.0,-64.0
9.0,393.0,-91.0,79.0,36.0,192.0,93.0,240.0,-2.0,4.0
0.0,262.0,-64.0,76.0,102.0,386.0,150.0,147.0,4.0,106.0
-1.0,152.0,-28.0,109.0,-9.0,342.0,169.0,140.0,30.0,177.0
-9.0,358.0,17.0,129.0,-64.0,213.0,213.0,179.0,44.0,239.0
-14.0,575.0,19.0,157.0,-28.0,244.0,275.0,230.0,69.0,323.0
4.0,336.0,-15.0,178.0,-53.0,369.0,308.0,491.0,100.0,383.0
7.0,358.0,-31.0,192.0,-57.0,265.0,338.0,410.0,129.0,432.0
13.0,475.0,14.0,245.0,-137.0,232.0,257.0,393.0,169.0,491.0
1.0,168.0,18.0,285.0,-155.0,435.0,144.0,426.0,196.0,516.0
21.0,-14.0,42.0,270.0,-105.0,413.0,116.0,445.0,234.0,540.0
36.0,73.0,46.0,251.0,-16.0,245.0,180.0,380.0,262.0,592.0
43.0,2.0,-29.0,233.0,-92.0,258.0,284.0,151.0,249.0,629.0
51.0,-30.0,0.0,186.0,-101.0,290.0,369.0,212.0,251.0,645.0
42.0,-103.0,37.0,165.0,44.0,29.0,396.0,310.0,265.0,651.0
61.0,-290.0,56.0,162.0,15.0,-243.0,330.0,519.0,250.0,673.0
49.0,-130.0,116.0,182.0,-37.0,-41.0,244.0,521.0,242.0,671.0
49.0,-34.0,126.0,188.0,-73.0,248.0,180.0,406.0,224.0,624.0
38.0,-93.0,95.0,145.0,-11.0,142.0,59.0,473.0,207.0,591.0
20.0,31.0,108.0,129.0,56.0,-179.0,-98.0,380.0,209.0,555.0
32.0,104.0,85.0,110.0,-58.0,-233.0,-135.0,351.0,177.0,491.0
31.0,-62.0,22.0,119.0,-66.0,-12.0,-108.0,177.0,155.0,402.0
43.0,-72.0,46.0,145.0,87.0,-107.0,-79.0,149.0,154.0,327.0
33.0,-140.0,77.0,117.0,148.0,-380.0,-124.0,247.0,148.0,272.0
16.0,-274.0,93.0,99.0,70.0,-406.0,-166.0,197.0,122.0,211.0
-1.0,49.0,134.0,45.0,27.0,-346.0,-65.0,345.0,74.0,153.0
-4.0,64.0,161.0,-1.0,53.0,-295.0,28.0,356.0,34.0,109.0
-9.0,-205.0,170.0,13.0,8.0,-328.0,84.0,382.0,1.0,77.0
-19.0,63.0,172.0,42.0,33.0,-469.0,68.0,413.0,-24.0,51.0
0.0,234.0,123.0,55.0,22.0,-494.0,89.0,347.0,-47.0,48.0
5.0,39.0,72.0,50.0,-28.0,-465.0,168.0,245.0,-65.0,76.0
10.0,34.0,57.0,64.0,4.0,-473.0,238.0,136.0,-78.0,104.0
-17.0,-44.0,15.0,57.0,22.0,-431.0,210.0,192.0,-68.0,114.0
-31.0,-78.0,-13.0,41.0,1.0,-408.0,-7.0,72.0,-45.0,136.0
-28.0,-28.0,-33.0,53.0,-93.0,-347.0,-212.0,127.0,-42.0,172.0
-23.0,-153.0,-57.0,106.0,-32.0,-164.0,-384.0,291.0,-46.0,174.0
-25.0,-27.0,-48.0,155.0,18.0,72.0,-474.0,290.0,-29.0,134.0
-10.0,111.0,-75.0,165.0,-73.0,191.0,-445.0,389.0,-5.0,94.0
12.0,-39.0,-118.0,155.0,-36.0,130.0,-311.0,321.0,1.0,76.0
5.0,34.0,-95.0,107.0,25.0,203.0,-119.0,343.0,0.0,38.0
20.0,78.0,-60.0,85.0,-16.0,534.0,68.0,365.0,-2.0,-14.0
1.0,-32.0,-70.0,81.0,-30.0,636.0,311.0,408.0,0.0,-50.0
4.0,152.0,-60.0,57.0,-31.0,346.0,532.0,548.0,15.0,-81.0
-15.0,181.0,-61.0,51.0,-64.0,108.0,755.0,509.0,15.0,-110.0
-42.0,10.0,-40.0,48.0,-13.0,231.0,915.0,504.0,37.0,-135.0
-39.0,132.0,15.0,58.0,-83.0,406.0,877.0,391.0,72.0,-150.0
-35.0,340.0,15.0,72.0,-99.0,187.0,655.0,399.0,65.0,-159.0
0.0,58.0,6.0,51.0,-19.0,-51.0,340.0,363.0,59.0,-191.0
8.0,61.0,50.0,69.0,-74.0,-101.0,32.0,277.0,42.0,-220.0
26.0,212.0,77.0,86.0,-6.0,-242.0,-288.0,343.0,25.0,-214.0
18.0,-126.0,6.0,69.0,35.0,-443.0,-603.0,310.0,36.0,-220.0
8.0,-13.0,31.0,79.0,-15.0,-398.0,-733.0,469.0,20.0,-235.0
21.0,27.0,40.0,114.0,-43.0,-198.0,-662.0,495.0,0.0,-207.0
39.0,-97.0,-23.0,166.0,-36.0,-296.0,-490.0,461.0,-4.0,-170.0
45.0,-92.0,21.0,198.0,1.0,-394.0,-322.0,437.0,-13.0,-166.0
44.0,-138.0,-16.0,247.0,3.0,-272.0,-255.0,295.0,8.0,-166.0
53.0,-102.0,-30.0,239.0,61.0,-267.0,-197.0,232.0,20.0,-147.0
66.0,-14.0,-7.0,159.0,142.0,-505.0,-136.0,25.0,-6.0,-135.0
83.0,37.0,-3.0,148.0,88.0,-653.0,-66.0,134.0,1.0,-131.0
70.0,59.0,7.0,145.0,67.0,-494.0,-25.0,238.0,16.0,-113.0
50.0,208.0,-21.0,159.0,149.0,-518.0,-61.0,125.0,20.0,-85.0
42.0,285.0,25.0,164.0,61.0,-811.0,-183.0,164.0,40.0,-80.0
51.0,474.0,8.0,163.0,60.0,-805.0,-366.0,175.0,64.0,-74.0
26.0,405.0,-25.0,158.0,97.0,-423.0,-460.0,371.0,67.0,-56.0
33.0,219.0,5.0,90.0,21.0,-198.0,-401.0,417.0,62.0,-71.0
48.0,127.0,4.0,83.0,41.0,-208.0,-182.0,439.0,79.0,-89.0
50.0,25.0,15.0,66.0,11.0,-154.0,59.0,471.0,96.0,-104.0
52.0,-115.0,45.0,28.0,35.0,81.0,258.0,380.0,115.0,-110.0
16.0,-263.0,87.0,54.0,74.0,190.0,353.0,437.0,134.0,-114.0
10.0,-176.0,81.0,91.0,0.0,66.0,352.0,254.0,162.0,-136.0
-3.0,-288.0,83.0,117.0,8.0,104.0,297.0,258.0,178.0,-141.0
10.0,-309.0,40.0,159.0,43.0,200.0,146.0,430.0,178.0,-134.0
35.0,-289.0,50.0,207.0,9.0,288.0,-12.0,493.0,181.0,-137.0
53.0,-16.0,127.0,231.0,31.0,340.0,-149.0,558.0,184.0,-139.0
59.0,184.0,19.0,241.0,-19.0,302.0,-175.0,583.0,190.0,-118.0
49.0,117.0,60.0,242.0,-31.0,194.0,-53.0,739.0,179.0,-100.0
48.0,172.0,116.0,224.0,47.0,-47.0,74.0,641.0,187.0,-78.0
24.0,129.0,51.0,159.0,54.0,-201.0,68.0,570.0,189.0,-22.0
19.0,309.0,132.0,135.0,27.0,-157.0,67.0,545.0,190.0,32.0
20.0,354.0,124.0,87.0,-5.0,-108.0,158.0,404.0,194.0,57.0
38.0,245.0,62.0,38.0,42.0,-241.0,236.0,399.0,177.0,87.0
47.0,161.0,94.0,92.0,16.0,-259.0,246.0,258.0,153.0,142.0
39.0,4.0,118.0,102.0,25.0,-124.0,155.0,293.0,122.0,155.0
43.0,-196.0,124.0,83.0,-18.0,-155.0,63.0,395.0,124.0,162.0
36.0,-126.0,170.0,88.0,28.0,-324.0,-17.0,485.0,121.0,188.0
23.0,-193.0,179.0,97.0,112.0,-442.0,-128.0,515.0,101.0,199.0
-4.0,-419.0,177.0,79.0,-71.0,-471.0,-341.0,338.0,77.0,207.0
-13.0,-296.0,202.0,61.0,-60.0,-512.0,-561.0,308.0,46.0,200.0
-2.0,-237.0,179.0,76.0,-38.0,-560.0,-717.0,267.0,9.0,197.0
5.0,-182.0,157.0,67.0,-28.0,-536.0,-863.0,291.0,-18.0,187.0
6.0,-72.0,131.0,34.0,-69.0,-451.0,-869.0,133.0,-23.0,179.0
30.0,219.0,105.0,23.0,-157.0,-460.0,-724.0,35.0,-27.0,175.0
72.0,64.0,58.0,28.0,-38.0,-523.0,-472.0,234.0,-51.0,162.0
65.0,-94.0,34.0,-9.0,-1.0,-502.0,-298.0,171.0,-89.0,164.0
66.0,207.0,35.0,-34.0,64.0,-356.0,-247.0,160.0,-98.0,157.0
65.0,273.0,17.0,-38.0,76.0,-242.0,-247.0,168.0,-111.0,161.0
49.0,388.0,12.0,-51.0,31.0,-158.0,-252.0,375.0,-113.0,188.0
45.0,469.0,-7.0,-25.0,87.0,-102.0,-179.0,563.0,-103.0,204.0
38.0,597.0,-38.0,-3.0,76.0,-160.0,-128.0,356.0,-88.0,217.0
49.0,513.0,-57.0,0.0,25.0,-102.0,-122.0,168.0,-38.0,237.0
48.0,167.0,-18.0,21.0,-8.0,-49.0,-163.0,33.0,-14.0,243.0
52.0,55.0,-15.0,54.0,63.0,-79.0,-168.0,177.0,13.0,226.0
68.0,41.0,-7.0,93.0,100.0,0.0,-130.0,236.0,63.0,226.0
73.0,-94.0,30.0,129.0,-13.0,175.0,-129.0,253.0,91.0,212.0
76.0,-249.0,0.0,152.0,-27.0,162.0,-141.0,419.0,100.0,182.0
90.0,-322.0,50.0,156.0,67.0,50.0,-155.0,395.0,114.0,177.0
102.0,-386.0,96.0,131.0,-3.0,-37.0,-83.0,391.0,118.0,173.0
127.0,-230.0,76.0,114.0,-53.0,-103.0,60.0,216.0,116.0,156.0
167.0,-325.0,73.0,86.0,-16.0,121.0,217.0,258.0,124.0,121.0
203.0,-555.0,71.0,44.0,-105.0,286.0,307.0,408.0,100.0,96.0
237.0,-358.0,95.0,36.0,15.0,160.0,240.0,367.0,66.0,63.0
261.0,-288.0,94.0,35.0,65.0,-125.0,77.0,424.0,50.0,29.0
271.0,-173.0,51.0,52.0,-54.0,-176.0,-110.0,282.0,35.0,-7.0
266.0,109.0,13.0,61.0,75.0,1.0,-278.0,282.0,16.0,-63.0
268.0,217.0,20.0,62.0,29.0,-87.0,-379.0,299.0,-15.0,-108.0
274.0,454.0,22.0,40.0,-72.0,-191.0,-457.0,256.0,-53.0,-149.0
287.0,544.0,-27.0,6.0,0.0,-281.0,-487.0,251.0,-74.0,-197.0
294.0,306.0,-47.0,17.0,0.0,-451.0,-507.0,260.0,-80.0,-228.0
299.0,243.0,-62.0,34.0,49.0,-434.0,-557.0,460.0,-78.0,-228.0
314.0,412.0,-58.0,63.0,17.0,-258.0,-503.0,321.0,-74.0,-254.0
310.0,213.0,-18.0,113.0,-37.0,-74.0,-386.0,266.0,-77.0,-287.0
275.0,-188.0,-35.0,132.0,38.0,21.0,-321.0,339.0,-64.0,-295.0
238.0,-97.0,-46.0,131.0,52.0,74.0,-412.0,310.0,-43.0,-325.0
229.0,-71.0,-65.0,123.0,16.0,186.0,-555.0,347.0,-27.0,-369.0
213.0,-270.0,-82.0,56.0,-27.0,156.0,-584.0,251.0,-14.0,-391.0
187.0,-220.0,-88.0,13.0,-27.0,-18.0,-492.0,312.0,6.0,-420.0
168.0,-90.0,-89.0,3.0,42.0,42.0,-388.0,334.0,28.0,-470.0
157.0,-82.0,-55.0,-21.0,91.0,239.0,-373.0,304.0,32.0,-492.0
125.0,-100.0,-37.0,-65.0,5.0,277.0,-266.0,208.0,41.0,-490.0
83.0,-57.0,-9.0,-68.0,-22.0,225.0,-21.0,20.0,43.0,-501.0
49.0,-129.0,-17.0,-42.0,70.0,88.0,190.0,86.0,48.0,-510.0
12.0,-116.0,0.0,-44.0,28.0,88.0,220.0,72.0,81.0,-475.0
-49.0,109.0,35.0,-27.0,-31.0,207.0,203.0,123.0,76.0,-427.0
-109.0,-30.0,1.0,-41.0,-46.0,63.0,275.0,184.0,53.0,-389.0
-123.0,-188.0,46.0,-48.0,20.0,-54.0,352.0,181.0,60.0,-323.0
-125.0,221.0,91.0,-30.0,76.0,-27.0,347.0,288.0,71.0,-249.0
-134.0,223.0,52.0,-38.0,-32.0,-19.0,214.0,251.0,66.0,-198.0
-142.0,-69.0,109.0,-63.0,-13.0,-125.0,100.0,253.0,62.0,-173.0
-123.0,8.0,111.0,-77.0,80.0,-239.0,-28.0,101.0,72.0,-155.0
-106.0,1.0,63.0,-93.0,46.0,-220.0,-253.0,24.0,51.0,-134.0
-107.0,34.0,84.0,-89.0,34.0,-239.0,-523.0,40.0,29.0,-137.0
-107.0,125.0,12.0,-72.0,-16.0,-207.0,-720.0,-138.0,18.0,-138.0
-74.0,129.0,-1.0,-65.0,-17.0,-164.0,-761.0,-131.0,20.0,-130.0
-54.0,167.0,57.0,-24.0,104.0,-224.0,-810.0,-144.0,19.0,-105.0
-55.0,298.0,63.0,-4.0,47.0,-307.0,-913.0,-138.0,2.0,-89.0
-38.0,162.0,69.0,38.0,-29.0,-154.0,-961.0,-194.0,15.0,-90.0
-18.0,0.0,92.0,96.0,59.0,169.0,-879.0,-264.0,17.0,-51.0
25.0,312.0,96.0,75.0,65.0,225.0,-708.0,-210.0,10.0,-15.0
30.0,130.0,94.0,41.0,-17.0,-40.0,-520.0,-205.0,-1.0,-11.0
54.0,-111.0,98.0,38.0,16.0,-315.0,-328.0,-92.0,7.0,0.0
97.0,-6.0,87.0,-11.0,1.0,-197.0,-82.0,-173.0,25.0,20.0
122.0,-183.0,92.0,-43.0,-58.0,-12.0,207.0,-120.0,31.0,25.0
143.0,137.0,63.0,-11.0,-13.0,-84.0,415.0,-25.0,65.0,19.0
126.0,205.0,82.0,-4.0,-81.0,-109.0,460.0,-116.0,67.0,39.0
130.0,-279.0,69.0,-34.0,-29.0,-7.0,415.0,-64.0,67.0,33.0
100.0,79.0,58.0,-99.0,102.0,-14.0,391.0,-92.0,100.0,20.0
56.0,238.0,92.0,-124.0,44.0,-242.0,409.0,120.0,90.0,36.0
28.0,-359.0,91.0,-131.0,3.0,-231.0,410.0,267.0,65.0,35.0
27.0,-187.0,106.0,-102.0,55.0,58.0,244.0,188.0,82.0,37.0
63.0,426.0,108.0,-49.0,73.0,59.0,28.0,72.0,85.0,24.0
70.0,217.0,154.0,-47.0,24.0,-158.0,-42.0,-57.0,92.0,12.0
72.0,-106.0,117.0,-52.0,4.0,-62.0,-56.0,86.0,106.0,17.0
69.0,182.0,114.0,-76.0,-94.0,354.0,-168.0,9.0,94.0,-11.0
53.0,104.0,105.0,-75.0,-32.0,517.0,-366.0,-51.0,93.0,-43.0
23.0,-133.0,83.0,-100.0,40.0,363.0,-526.0,9.0,95.0,-41.0
0.0,-156.0,142.0,-148.0,-108.0,187.0,-604.0,16.0,76.0,-27.0
-9.0,-336.0,73.0,-153.0,-92.0,174.0,-596.0,68.0,49.0,-47.0
1.0,-402.0,112.0,-190.0,-26.0,246.0,-570.0,-84.0,31.0,-63.0
5.0,-446.0,90.0,-206.0,-32.0,93.0,-513.0,-36.0,-3.0,-56.0
15.0,-246.0,69.0,-179.0,-86.0,100.0,-423.0,42.0,-17.0,-58.0
31.0,-248.0,152.0,-205.0,-44.0,322.0,-323.0,75.0,-12.0,-80.0
26.0,-464.0,75.0,-242.0,-26.0,373.0,-210.0,92.0,-42.0,-86.0
18.0,-329.0,89.0,-240.0,-70.0,331.0,-107.0,-62.0,-63.0,-74.0
0.0,-80.0,64.0,-247.0,40.0,271.0,28.0,38.0,-85.0,-89.0
4.0,-11.0,27.0,-270.0,38.0,213.0,147.0,36.0,-113.0,-92.0
18.0,-53.0,101.0,-272.0,52.0,158.0,194.0,-31.0,-129.0,-80.0
32.0,457.0,124.0,-209.0,100.0,149.0,221.0,-70.0,-135.0,-73.0
45.0,664.0,109.0,-109.0,41.0,169.0,292.0,-75.0,-102.0,-76.0
61.0,246.0,122.0,-23.0,24.0,115.0,288.0,31.0,-82.0,-76.0
88.0,350.0,171.0,22.0,14.0,56.0,215.0,-70.0,-104.0,-60.0
106.0,556.0,102.0,58.0,59.0,216.0,183.0,-75.0,-105.0,-65.0
109.0,319.0,85.0,41.0,54.0,373.0,174.0,-186.0,-98.0,-61.0
100.0,284.0,39.0,28.0,-32.0,295.0,168.0,-236.0,-83.0,-53.0
109.0,289.0,-19.0,78.0,-45.0,146.0,155.0,-206.0,-60.0,-52.0
100.0,102.0,63.0,17.0,-18.0,175.0,80.0,-384.0,-38.0,-64.0
101.0,61.0,36.0,-33.0,33.0,299.0,-112.0,-369.0,-10.0,-85.0
97.0,-107.0,38.0,-13.0,-30.0,199.0,-229.0,-404.0,19.0,-103.0
97.0,-20.0,34.0,-30.0,-134.0,115.0,-216.0,-391.0,48.0,-136.0
104.0,-29.0,41.0,-65.0,-31.0,236.0,-179.0,-506.0,57.0,-170.0
102.0,-244.0,92.0,-111.0,11.0,367.0,-193.0,-620.0,73.0,-213.0
93.0,-175.0,81.0,-153.0,2.0,402.0,-255.0,-456.0,84.0,-245.0
64.0,-249.0,118.0,-174.0,51.0,475.0,-217.0,-327.0,93.0,-279.0
41.0,-54.0,135.0,-148.0,50.0,458.0,-70.0,-77.0,117.0,-299.0
17.0,86.0,144.0,-119.0,106.0,413.0,128.0,49.0,112.0,-267.0
4.0,-71.0,161.0,-83.0,99.0,484.0,313.0,166.0,114.0,-231.0
-10.0,-106.0,174.0,-36.0,23.0,346.0,484.0,51.0,110.0,-213.0
-15.0,-77.0,153.0,-5.0,30.0,214.0,541.0,-247.0,89.0,-185.0
-49.0,-121.0,199.0,9.0,90.0,158.0,561.0,-254.0,59.0,-128.0
-74.0,-200.0,256.0,30.0,18.0,176.0,654.0,-373.0,13.0,-91.0
-92.0,-8.0,230.0,62.0,-126.0,369.0,726.0,-408.0,-18.0,-81.0
-103.0,93.0,268.0,34.0,-103.0,490.0,766.0,-419.0,-63.0,-79.0
-106.0,109.0,216.0,-20.0,-62.0,386.0,636.0,-395.0,-89.0,-84.0
-102.0,162.0,185.0,-42.0,-58.0,210.0,349.0,-192.0,-98.0,-82.0
-69.0,116.0,252.0,-23.0,-70.0,355.0,-41.0,-66.0,-140.0,-67.0
-61.0,49.0,219.0,-23.0,-104.0,504.0,-431.0,27.0,-171.0,-46.0
-40.0,83.0,158.0,-13.0,-27.0,400.0,-638.0,-97.0,-194.0,-70.0
-62.0,72.0,146.0,26.0,28.0,303.0,-612.0,-125.0,-219.0,-90.0
-45.0,-174.0,137.0,0.0,-28.0,239.0,-528.0,-75.0,-241.0,-92.0
-33.0,-184.0,155.0,-37.0,-64.0,275.0,-556.0,-72.0,-281.0,-106.0
-17.0,57.0,175.0,-61.0,-11.0,230.0,-482.0,12.0,-317.0,-129.0
34.0,54.0,128.0,-58.0,145.0,139.0,-245.0,-12.0,-309.0,-168.0
51.0,-107.0,145.0,-60.0,90.0,265.0,26.0,131.0,-295.0,-195.0
98.0,-14.0,115.0,-80.0,-61.0,440.0,248.0,121.0,-287.0,-211.0
95.0,-136.0,3.0,-68.0,97.0,377.0,447.0,16.0,-286.0,-239.0
106.0,-408.0,-20.0,-17.0,124.0,31.0,571.0,-64.0,-290.0,-278.0
103.0,-4.0,-47.0,44.0,-17.0,-152.0,528.0,-341.0,-282.0,-301.0
102.0,64.0,-77.0,41.0,-30.0,-31.0,350.0,-450.0,-262.0,-295.0
115.0,-211.0,-97.0,32.0,51.0,60.0,137.0,-598.0,-215.0,-303.0
110.0,111.0,-91.0,6.0,94.0,22.0,0.0,-678.0,-202.0,-314.0
134.0,-54.0,-65.0,-16.0,-9.0,29.0,-119.0,-668.0,-198.0,-309.0
147.0,-114.0,-33.0,-22.0,-8.0,164.0,-195.0,-550.0,-151.0,-319.0
148.0,312.0,-22.0,-67.0,-3.0,240.0,-168.0,-338.0,-122.0,-306.0
133.0,117.0,-40.0,-78.0,20.0,277.0,-61.0,-279.0,-82.0,-274.0
111.0,-137.0,-30.0,-107.0,-4.0,253.0,69.0,-114.0,-40.0,-259.0
73.0,-241.0,-28.0,-113.0,-129.0,112.0,192.0,-88.0,-12.0,-237.0
44.0,-75.0,-9.0,-114.0,-34.0,50.0,284.0,9.0,34.0,-190.0
2.0,-98.0,72.0,-137.0,17.0,128.0,426.0,62.0,73.0,-130.0
-10.0,-96.0,111.0,-91.0,-18.0,268.0,581.0,-90.0,87.0,-87.0
-17.0,227.0,-8.0,-69.0,-66.0,285.0,537.0,-60.0,118.0,-26.0
-16.0,7.0,-19.0,-111.0,14.0,308.0,354.0,-208.0,150.0,52.0
-9.0,-46.0,65.0,-155.0,182.0,392.0,138.0,-308.0,153.0,115.0
-12.0,213.0,-40.0,-188.0,106.0,364.0,38.0,-421.0,147.0,160.0
-7.0,511.0,-41.0,-190.0,32.0,350.0,-28.0,-537.0,158.0,187.0
-35.0,524.0,44.0,-161.0,49.0,402.0,-155.0,-406.0,158.0,210.0
-29.0,327.0,-19.0,-172.0,100.0,455.0,-272.0,-306.0,132.0,218.0
-46.0,290.0,8.0,-172.0,121.0,397.0,-330.0,-118.0,112.0,217.0
-43.0,-30.0,39.0,-152.0,37.0,387.0,-241.0,-105.0,77.0,206.0
-25.0,-202.0,58.0,-146.0,-72.0,544.0,-90.0,-49.0,52.0,188.0
-3.0,37.0,93.0,-127.0,16.0,604.0,126.0,-7.0,37.0,192.0
35.0,253.0,79.0,-172.0,117.0,428.0,347.0,-168.0,2.0,192.0
43.0,144.0,95.0,-183.0,-61.0,205.0,495.0,-138.0,-22.0,198.0
42.0,34.0,57.0,-172.0,-24.0,209.0,436.0,-216.0,-74.0,210.0
32.0,189.0,20.0,-211.0,9.0,248.0,163.0,-171.0,-150.0,210.0
50.0,428.0,-19.0,-195.0,17.0,110.0,-142.0,-144.0,-205.0,229.0
45.0,489.0,-21.0,-193.0,80.0,-12.0,-356.0,-205.0,-261.0,234.0
44.0,244.0,-16.0,-197.0,-113.0,-27.0,-371.0,-184.0,-299.0,214.0
51.0,175.0,-29.0,-232.0,5.0,-14.0,-272.0,-216.0,-327.0,168.0
49.0,184.0,-18.0,-255.0,157.0,-56.0,-135.0,-97.0,-374.0,122.0
51.0,-135.0,-37.0,-224.0,7.0,-35.0,-65.0,-186.0,-394.0,98.0
53.0,-347.0,-54.0,-221.0,-79.0,128.0,11.0,-245.0,-404.0,54.0
51.0,-231.0,-83.0,-172.0,-43.0,203.0,171.0,-293.0,-412.0,5.0
31.0,-279.0,-133.0,-132.0,59.0,181.0,302.0,-447.0,-417.0,-43.0
10.0,-366.0,-173.0,-151.0,81.0,228.0,252.0,-454.0,-405.0,-97.0
-10.0,-337.0,-189.0,-190.0,-53.0,288.0,73.0,-506.0,-371.0,-132.0
6.0,-546.0,-209.0,-190.0,-116.0,246.0,-30.0,-400.0,-355.0,-165.0
11.0,-358.0,-203.0,-173.0,21.0,242.0,-84.0,-354.0,-312.0,-208.0
16.0,-93.0,-147.0,-163.0,-11.0,450.0,-155.0,-277.0,-246.0,-239.0
29.0,-300.0,-132.0,-160.0,-57.0,653.0,-276.0,-280.0,-208.0,-279.0
56.0,-277.0,-127.0,-131.0,-16.0,578.0,-216.0,-504.0,-172.0,-313.0
80.0,-212.0,-52.0,-103.0,-45.0,353.0,91.0,-485.0,-118.0,-340.0
82.0,-124.0,-76.0,-122.0,-22.0,403.0,435.0,-535.0,-72.0,-380.0
95.0,272.0,-58.0,-93.0,-27.0,540.0,584.0,-533.0,-41.0,-421.0
89.0,312.0,-12.0,-73.0,-34.0,452.0,507.0,-469.0,8.0,-464.0
90.0,-186.0,-54.0,-68.0,-56.0,431.0,424.0,-400.0,65.0,-495.0
80.0,37.0,-37.0,-76.0,-9.0,453.0,345.0,-243.0,90.0,-518.0
74.0,329.0,-103.0,-108.0,63.0,416.0,179.0,-230.0,120.0,-523.0
71.0,-43.0,-77.0,-155.0,-51.0,290.0,-49.0,-169.0,161.0,-510.0
78.0,-12.0,56.0,-174.0,-84.0,51.0,-126.0,-284.0,184.0,-473.0
83.0,20.0,-12.0,-153.0,46.0,-58.0,-113.0,-280.0,210.0,-417.0
89.0,-127.0,-11.0,-144.0,-4.0,-30.0,-179.0,-142.0,209.0,-365.0
112.0,-292.0,72.0,-119.0,-60.0,-53.0,-297.0,-166.0,208.0,-312.0
114.0,83.0,-9.0,-83.0,-47.0,-102.0,-359.0,-3.0,226.0,-252.0
100.0,441.0,-4.0,-44.0,-22.0,-34.0,-356.0,-38.0,222.0,-194.0
85.0,-63.0,-20.0,1.0,95.0,27.0,-338.0,-66.0,232.0,-162.0
73.0,-264.0,-95.0,51.0,14.0,-50.0,-243.0,-177.0,207.0,-130.0
51.0,-61.0,-140.0,42.0,-16.0,-127.0,-95.0,-415.0,169.0,-127.0
38.0,172.0,-183.0,30.0,130.0,-102.0,119.0,-384.0,154.0,-142.0
36.0,115.0,-212.0,22.0,22.0,-234.0,405.0,-397.0,124.0,-151.0
42.0,-42.0,-236.0,6.0,-134.0,-474.0,649.0,-269.0,100.0,-164.0
51.0,-180.0,-223.0,36.0,-44.0,-394.0,621.0,-225.0,72.0,-168.0
57.0,-251.0,-299.0,48.0,38.0,-120.0,444.0,-144.0,34.0,-188.0
45.0,-16.0,-247.0,43.0,35.0,-52.0,350.0,-29.0,13.0,-177.0
35.0,-192.0,-247.0,22.0,-6.0,-159.0,328.0,-77.0,-12.0,-140.0
26.0,-107.0,-279.0,-6.0,-116.0,-58.0,282.0,-99.0,-50.0,-100.0
30.0,456.0,-190.0,0.0,-74.0,181.0,81.0,-388.0,-61.0,-52.0
43.0,362.0,-231.0,10.0,12.0,191.0,-104.0,-445.0,-53.0,-24.0
40.0,206.0,-150.0,-3.0,-45.0,31.0,-209.0,-363.0,-68.0,22.0
42.0,325.0,-132.0,-24.0,-80.0,38.0,-195.0,-304.0,-105.0,84.0
38.0,152.0,-193.0,-53.0,-25.0,140.0,-138.0,-118.0,-130.0,119.0
32.0,225.0,-186.0,-72.0,4.0,-10.0,-74.0,-79.0,-153.0,145.0
20.0,16.0,-252.0,-77.0,-1.0,-208.0,51.0,-1.0,-167.0,176.0
40.0,-182.0,-227.0,-37.0,22.0,-27.0,42.0,-142.0,-179.0,207.0
59.0,86.0,-214.0,40.0,43.0,340.0,-106.0,-386.0,-201.0,221.0
60.0,-324.0,-186.0,112.0,33.0,344.0,-264.0,-558.0,-211.0,228.0
66.0,-572.0,-104.0,128.0,-1.0,205.0,-292.0,-626.0,-204.0,222.0
63.0,-344.0,-110.0,110.0,-122.0,313.0,-179.0,-456.0,-186.0,189.0
46.0,-162.0,-54.0,107.0,-139.0,318.0,-11.0,-360.0,-190.0,159.0
7.0,-466.0,-42.0,86.0,47.0,129.0,98.0,-197.0,-203.0,127.0
-10.0,-547.0,-72.0,23.0,-29.0,144.0,222.0,-155.0,-187.0,79.0
-26.0,-255.0,-23.0,-59.0,-120.0,425.0,333.0,-169.0,-169.0,27.0
-36.0,-530.0,-23.0,-72.0,41.0,538.0,271.0,-149.0,-151.0,-5.0
-45.0,3.0,-10.0,-46.0,33.0,288.0,155.0,-323.0,-123.0,-16.0
-57.0,249.0,20.0,1.0,-69.0,185.0,16.0,-225.0,-86.0,-35.0
-72.0,-65.0,56.0,55.0,-75.0,340.0,-74.0,-247.0,-32.0,-46.0
-95.0,243.0,62.0,96.0,-68.0,259.0,-120.0,-362.0,21.0,-44.0
-113.0,139.0,8.0,110.0,-12.0,5.0,-132.0,-351.0,71.0,-22.0
-131.0,162.0,62.0,93.0,60.0,-92.0,-126.0,-384.0,123.0,14.0
-150.0,226.0,70.0,142.0,-79.0,-42.0,-117.0,-240.0,159.0,38.0
-160.0,54.0,72.0,194.0,-58.0,-94.0,-91.0,-177.0,189.0,55.0
-155.0,206.0,138.0,217.0,128.0,-256.0,-91.0,1.0,224.0,73.0
-142.0,315.0,92.0,222.0,30.0,-166.0,-26.0,60.0,244.0,81.0
-137.0,297.0,65.0,212.0,-50.0,109.0,12.0,62.0,270.0,66.0
-131.0,206.0,34.0,222.0,9.0,239.0,-14.0,60.0,293.0,31.0
-122.0,87.0,3.0,206.0,108.0,209.0,-98.0,-208.0,297.0,3.0
-121.0,-128.0,-43.0,179.0,169.0,234.0,-232.0,-338.0,289.0,-2.0
-130.0,-397.0,-38.0,134.0,24.0,298.0,-437.0,-537.0,277.0,-16.0
-145.0,-44.0,-26.0,78.0,-92.0,152.0,-612.0,-456.0,275.0,-60.0
-132.0,225.0,-64.0,39.0,72.0,-14.0,-599.0,-319.0,262.0,-101.0
-130.0,-5.0,-52.0,20.0,130.0,73.0,-566.0,-351.0,244.0,-99.0
-124.0,108.0,-67.0,62.0,-104.0,289.0,-522.0,-109.0,232.0,-84.0
-105.0,141.0,-41.0,90.0,-227.0,219.0,-518.0,-48.0,213.0,-63.0
-71.0,51.0,-85.0,68.0,-87.0,4.0,-483.0,-92.0,195.0,-26.0
-65.0,41.0,-81.0,46.0,58.0,-25.0,-308.0,-206.0,152.0,15.0
-73.0,-18.0,-90.0,11.0,-53.0,-10.0,-138.0,-232.0,113.0,83.0
-49.0,-189.0,-148.0,-46.0,-131.0,119.0,151.0,-109.0,93.0,128.0
-61.0,-177.0,-122.0,-103.0,15.0,219.0,560.0,-245.0,61.0,152.0
-57.0,170.0,-144.0,-92.0,119.0,449.0,881.0,-321.0,32.0,186.0
-58.0,12.0,-114.0,-96.0,83.0,647.0,1033.0,-382.0,0.0,212.0
-36.0,-203.0,-132.0,-140.0,-95.0,392.0,998.0,-315.0,-39.0,237.0
-32.0,-15.0,-169.0,-164.0,-31.0,178.0,872.0,-44.0,-84.0,227.0
-40.0,108.0,-119.0,-217.0,187.0,160.0,756.0,-1.0,-120.0,209.0
-18.0,40.0,-70.0,-235.0,47.0,267.0,598.0,-68.0,-156.0,192.0
-2.0,-207.0,-69.0,-265.0,-71.0,286.0,430.0,-182.0,-204.0,158.0
40.0,-372.0,-20.0,-280.0,20.0,192.0,288.0,-267.0,-235.0,142.0
28.0,-420.0,-31.0,-244.0,123.0,124.0,46.0,-367.0,-254.0,130.0
34.0,-154.0,-75.0,-216.0,165.0,-117.0,-205.0,-410.0,-260.0,107.0
57.0,114.0,-56.0,-173.0,31.0,-314.0,-354.0,-321.0,-261.0,108.0
72.0,-209.0,-72.0,-162.0,-116.0,-148.0,-536.0,-151.0,-262.0,108.0
96.0,-235.0,-35.0,-158.0,40.0,135.0,-671.0,118.0,-276.0,102.0
106.0,142.0,-36.0,-125.0,155.0,37.0,-652.0,83.0,-262.0,121.0
133.0,193.0,40.0,-58.0,-76.0,-214.0,-592.0,35.0,-228.0,114.0
133.0,221.0,43.0,-3.0,-158.0,-284.0,-450.0,53.0,-217.0,104.0
138.0,163.0,27.0,53.0,-19.0,-262.0,-426.0,36.0,-182.0,92.0
125.0,0.0,92.0,127.0,110.0,-310.0,-515.0,-68.0,-148.0,67.0
95.0,129.0,65.0,153.0,29.0,-367.0,-387.0,-312.0,-119.0,33.0
76.0,374.0,98.0,169.0,-129.0,-102.0,-121.0,-134.0,-80.0,-5.0
57.0,438.0,3.0,158.0,-13.0,118.0,155.0,-97.0,-34.0,-20.0
51.0,417.0,46.0,139.0,123.0,-48.0,413.0,-116.0,8.0,-29.0
42.0,423.0,72.0,150.0,-15.0,-371.0,685.0,-11.0,33.0,-31.0
36.0,318.0,17.0,154.0,-144.0,-448.0,976.0,7.0,64.0,-20.0
6.0,380.0,138.0,155.0,54.0,-202.0,1203.0,249.0,100.0,7.0
-8.0,333.0,70.0,152.0,129.0,-69.0,1229.0,125.0,130.0,27.0
0.0,-204.0,102.0,136.0,32.0,-18.0,1125.0,-7.0,147.0,37.0
-11.0,95.0,155.0,140.0,-5.0,-10.0,1038.0,-1.0,161.0,46.0
-22.0,334.0,97.0,166.0,-38.0,-185.0,843.0,38.0,168.0,51.0
-36.0,-274.0,116.0,173.0,47.0,-294.0,522.0,134.0,183.0,50.0
-26.0,34.0,85.0,145.0,43.0,-173.0,161.0,-27.0,188.0,31.0
-20.0,3.0,81.0,127.0,-60.0,103.0,-139.0,12.0,189.0,18.0
-18.0,-283.0,95.0,141.0,-65.0,219.0,-329.0,-35.0,195.0,18.0
-22.0,303.0,110.0,121.0,11.0,66.0,-461.0,-129.0,189.0,25.0
-26.0,522.0,85.0,92.0,-15.0,-53.0,-608.0,-147.0,210.0,26.0
-24.0,310.0,127.0,72.0,-99.0,-122.0,-702.0,-251.0,202.0,41.0
-33.0,62.0,175.0,67.0,-67.0,-185.0,-659.0,-171.0,158.0,45.0
-22.0,265.0,115.0,84.0,13.0,-91.0,-502.0,-160.0,147.0,37.0
-46.0,214.0,151.0,74.0,47.0,82.0,-351.0,-253.0,132.0,52.0
-39.0,38.0,163.0,72.0,-75.0,123.0,-224.0,-432.0,95.0,36.0
-20.0,70.0,122.0,64.0,-51.0,-56.0,52.0,-382.0,59.0,12.0
-22.0,-267.0,156.0,27.0,71.0,-290.0,367.0,-158.0,8.0,12.0
-3.0,-47.0,140.0,9.0,65.0,-496.0,493.0,-169.0,-19.0,4.0
2.0,23.0,100.0,-37.0,70.0,-568.0,458.0,-99.0,-29.0,-19.0
23.0,-191.0,138.0,-92.0,36.0,-446.0,495.0,-42.0,-54.0,-42.0
23.0,-422.0,136.0,-121.0,132.0,-347.0,613.0,60.0,-51.0,-42.0
32.0,-802.0,95.0,-144.0,193.0,-271.0,754.0,46.0,-45.0,-53.0
43.0,-362.0,73.0,-89.0,-29.0,-242.0,810.0,-203.0,-43.0,-53.0
22.0,-6.0,-13.0,-21.0,-131.0,-296.0,702.0,-162.0,-20.0,-19.0
24.0,40.0,-41.0,12.0,-11.0,-412.0,565.0,-35.0,8.0,29.0
24.0,110.0,9.0,35.0,50.0,-353.0,430.0,110.0,33.0,78.0
19.0,-161.0,-11.0,11.0,-18.0,-82.0,354.0,79.0,62.0,117.0
39.0,103.0,-24.0,-19.0,-119.0,-126.0,223.0,79.0,88.0,183.0
39.0,346.0,-28.0,-17.0,-12.0,-427.0,155.0,182.0,91.0,250.0
27.0,1.0,-40.0,52.0,160.0,-628.0,271.0,72.0,105.0,287.0
0.0,-114.0,3.0,104.0,-3.0,-534.0,400.0,49.0,133.0,293.0
-22.0,-163.0,8.0,146.0,-127.0,-295.0,475.0,-96.0,159.0,298.0
-20.0,-65.0,28.0,166.0,71.0,-239.0,478.0,-90.0,176.0,306.0
-23.0,295.0,77.0,124.0,162.0,-316.0,480.0,-59.0,177.0,284.0
0.0,425.0,46.0,121.0,34.0,-459.0,455.0,-55.0,178.0,274.0
-5.0,105.0,78.0,79.0,-103.0,-484.0,439.0,18.0,193.0,280.0
-21.0,35.0,79.0,50.0,-35.0,-383.0,269.0,-84.0,197.0,284.0
-15.0,231.0,10.0,38.0,213.0,-257.0,45.0,44.0,176.0,277.0
-25.0,-246.0,62.0,20.0,172.0,-71.0,18.0,5.0,182.0,279.0
-46.0,-456.0,26.0,48.0,-61.0,8.0,42.0,0.0,192.0,297.0
-48.0,240.0,-1.0,62.0,32.0,11.0,36.0,214.0,188.0,300.0
-29.0,267.0,45.0,58.0,153.0,-52.0,4.0,267.0,197.0,288.0
-31.0,-219.0,-1.0,38.0,114.0,-208.0,-34.0,275.0,188.0,273.0
-28.0,-205.0,32.0,17.0,25.0,-271.0,-59.0,105.0,155.0,280.0
-18.0,-185.0,38.0,22.0,-44.0,-208.0,25.0,86.0,126.0,298.0
10.0,-153.0,32.0,13.0,168.0,-61.0,160.0,73.0,98.0,280.0
15.0,-334.0,43.0,13.0,257.0,-123.0,289.0,-16.0,64.0,272.0
22.0,-300.0,27.0,55.0,6.0,-429.0,449.0,-29.0,51.0,278.0
27.0,-332.0,60.0,40.0,-158.0,-457.0,617.0,-83.0,30.0,234.0
23.0,-368.0,54.0,22.0,30.0,-367.0,632.0,88.0,18.0,193.0
30.0,178.0,95.0,46.0,117.0,-375.0,501.0,101.0,5.0,172.0
3.0,201.0,89.0,96.0,-123.0,-219.0,446.0,68.0,-27.0,117.0
6.0,544.0,54.0,100.0,-170.0,-117.0,430.0,162.0,-31.0,64.0
-14.0,436.0,51.0,84.0,-37.0,-244.0,481.0,134.0,-33.0,33.0
-45.0,-150.0,30.0,128.0,75.0,-404.0,477.0,125.0,-43.0,-13.0
-66.0,86.0,46.0,94.0,30.0,-417.0,382.0,-42.0,-52.0,-76.0
-74.0,155.0,13.0,114.0,-84.0,-428.0,271.0,-127.0,-53.0,-104.0
-95.0,76.0,-2.0,121.0,-105.0,-509.0,164.0,-164.0,-38.0,-105.0
-121.0,-67.0,12.0,90.0,90.0,-462.0,81.0,-197.0,-44.0,-122.0
-115.0,-86.0,26.0,141.0,67.0,-381.0,-10.0,-210.0,-52.0,-140.0
-140.0,33.0,65.0,159.0,-246.0,-505.0,0.0,-299.0,-42.0,-151.0
-133.0,184.0,80.0,179.0,-124.0,-726.0,31.0,-166.0,-45.0,-152.0
-136.0,280.0,70.0,176.0,94.0,-556.0,38.0,-96.0,-39.0,-130.0
-137.0,201.0,96.0,186.0,20.0,-282.0,75.0,55.0,-21.0,-112.0
-147.0,218.0,68.0,224.0,-167.0,-256.0,150.0,105.0,-1.0,-99.0
-151.0,248.0,97.0,227.0,-151.0,-292.0,244.0,16.0,9.0,-79.0
-150.0,132.0,130.0,228.0,35.0,-356.0,395.0,195.0,8.0,-78.0
-160.0,188.0,32.0,177.0,148.0,-342.0,520.0,245.0,32.0,-63.0
-141.0,437.0,39.0,111.0,-18.0,-455.0,532.0,269.0,51.0,-51.0
-140.0,111.0,38.0,103.0,-169.0,-529.0,532.0,72.0,65.0,-75.0
-122.0,-428.0,58.0,66.0,77.0,-358.0,579.0,-105.0,80.0,-94.0
-118.0,-564.0,62.0,29.0,146.0,-311.0,623.0,-112.0,73.0,-78.0
-82.0,-412.0,51.0,30.0,18.0,-387.0,517.0,-297.0,66.0,-58.0
-60.0,-310.0,110.0,31.0,-87.0,-473.0,370.0,-242.0,53.0,-73.0
-56.0,-400.0,110.0,53.0,44.0,-598.0,197.0,-40.0,50.0,-71.0
-53.0,-492.0,115.0,31.0,125.0,-687.0,-46.0,308.0,49.0,-46.0
-60.0,-722.0,77.0,11.0,-39.0,-680.0,-274.0,582.0,18.0,-28.0
-41.0,-591.0,74.0,41.0,31.0,-690.0,-431.0,709.0,-11.0,-3.0
-69.0,-71.0,18.0,65.0,50.0,-723.0,-475.0,764.0,-24.0,26.0
-64.0,-95.0,1.0,25.0,113.0,-756.0,-406.0,602.0,-40.0,51.0
-48.0,70.0,-1.0,-13.0,52.0,-728.0,-306.0,570.0,-64.0,84.0
-23.0,157.0,-61.0,-8.0,-111.0,-594.0,-292.0,317.0,-79.0,115.0
5.0,-451.0,-6.0,-51.0,42.0,-529.0,-284.0,103.0,-84.0,142.0
13.0,-326.0,-76.0,-62.0,196.0,-449.0,-205.0,134.0,-80.0,181.0
15.0,243.0,-142.0,-52.0,57.0,-427.0,-38.0,0.0,-92.0,211.0
-1.0,426.0,-119.0,-93.0,-127.0,-409.0,105.0,-99.0,-108.0,242.0
-8.0,145.0,-118.0,-130.0,32.0,-333.0,257.0,-129.0,-135.0,259.0
-20.0,83.0,-130.0,-135.0,39.0,-404.0,397.0,109.0,-168.0,272.0
-18.0,151.0,-105.0,-107.0,-51.0,-340.0,408.0,260.0,-150.0,270.0
-24.0,199.0,-103.0,-65.0,-66.0,-217.0,388.0,247.0,-156.0,259.0
-17.0,623.0,-87.0,-62.0,-77.0,-156.0,369.0,328.0,-174.0,272.0
-16.0,225.0,-32.0,-71.0,60.0,-176.0,394.0,349.0,-179.0,261.0
-5.0,42.0,-65.0,-41.0,102.0,-353.0,339.0,436.0,-174.0,250.0
-6.0,379.0,-62.0,-30.0,-56.0,-383.0,177.0,251.0,-146.0,256.0
-21.0,210.0,-22.0,-32.0,-151.0,-383.0,-14.0,131.0,-131.0,255.0
-24.0,149.0,12.0,-23.0,57.0,-513.0,-127.0,168.0,-105.0,239.0
-40.0,176.0,0.0,0.0,3.0,-676.0,-165.0,73.0,-80.0,225.0
-26.0,233.0,26.0,20.0,-175.0,-703.0,-336.0,72.0,-53.0,196.0
-41.0,-114.0,0.0,37.0,-138.0,-596.0,-603.0,-7.0,-30.0,151.0
-38.0,-609.0,60.0,66.0,20.0,-523.0,-801.0,75.0,-4.0,140.0
-32.0,-276.0,151.0,112.0,164.0,-429.0,-758.0,27.0,16.0,111.0
-27.0,-109.0,99.0,148.0,-46.0,-376.0,-601.0,-105.0,33.0,50.0
-37.0,-469.0,184.0,122.0,-123.0,-217.0,-479.0,-33.0,74.0,18.0
-69.0,-313.0,193.0,106.0,65.0,-122.0,-337.0,25.0,91.0,18.0
-60.0,-211.0,207.0,165.0,97.0,-238.0,-70.0,175.0,108.0,8.0
-63.0,-318.0,197.0,211.0,-34.0,-323.0,268.0,60.0,114.0,0.0
-35.0,-133.0,115.0,195.0,-70.0,-430.0,500.0,-20.0,119.0,12.0
-28.0,-42.0,133.0,180.0,28.0,-489.0,632.0,-35.0,116.0,23.0
-4.0,-78.0,93.0,179.0,76.0,-550.0,689.0,-88.0,101.0,48.0
8.0,-145.0,112.0,146.0,-12.0,-536.0,691.0,68.0,92.0,74.0
-10.0,-237.0,145.0,100.0,-67.0,-561.0,589.0,92.0,49.0,97.0
-16.0,-134.0,55.0,89.0,22.0,-621.0,479.0,133.0,25.0,91.0
-31.0,287.0,67.0,60.0,118.0,-390.0,368.0,27.0,-20.0,92.0
-47.0,563.0,74.0,-20.0,112.0,-272.0,241.0,-133.0,-54.0,117.0
-80.0,33.0,-8.0,-53.0,-73.0,-447.0,186.0,-131.0,-68.0,110.0
-81.0,-78.0,50.0,-36.0,-28.0,-579.0,85.0,-144.0,-111.0,91.0
-85.0,642.0,62.0,-41.0,193.0,-369.0,-100.0,53.0,-125.0,74.0
-65.0,648.0,-24.0,-43.0,101.0,-77.0,-372.0,212.0,-148.0,79.0
-69.0,509.0,0.0,-41.0,55.0,46.0,-572.0,339.0,-165.0,67.0
-87.0,608.0,54.0,-36.0,173.0,112.0,-619.0,424.0,-166.0,41.0
-84.0,563.0,6.0,-73.0,73.0,154.0,-617.0,460.0,-169.0,41.0
-101.0,216.0,2.0,-107.0,73.0,175.0,-656.0,495.0,-181.0,27.0
-89.0,95.0,37.0,-104.0,23.0,93.0,-702.0,280.0,-171.0,29.0
-105.0,396.0,18.0,-113.0,-147.0,-65.0,-701.0,330.0,-170.0,42.0
-101.0,-86.0,-24.0,-103.0,98.0,-152.0,-691.0,480.0,-180.0,52.0
-84.0,-398.0,-43.0,-97.0,53.0,18.0,-727.0,485.0,-160.0,43.0
-78.0,-405.0,-47.0,-79.0,-161.0,121.0,-810.0,482.0,-153.0,26.0
-88.0,-818.0,-72.0,-64.0,-17.0,55.0,-712.0,389.0,-131.0,61.0
-112.0,-558.0,-51.0,-24.0,68.0,10.0,-456.0,341.0,-113.0,93.0
-121.0,105.0,-104.0,12.0,88.0,-6.0,-183.0,192.0,-101.0,101.0
-139.0,37.0,-104.0,41.0,29.0,42.0,-4.0,118.0,-93.0,135.0
-147.0,-222.0,-94.0,63.0,-65.0,83.0,82.0,-24.0,-88.0,178.0
-131.0,-357.0,-89.0,58.0,30.0,93.0,209.0,-88.0,-64.0,196.0
-101.0,-410.0,-73.0,97.0,156.0,-6.0,352.0,40.0,-57.0,222.0
-86.0,-224.0,-105.0,101.0,-27.0,11.0,458.0,-24.0,-46.0,249.0
-89.0,-133.0,-13.0,100.0,-58.0,39.0,491.0,3.0,-28.0,254.0
-91.0,-109.0,-57.0,95.0,102.0,-116.0,492.0,-38.0,-23.0,256.0
-87.0,-275.0,-42.0,88.0,74.0,-164.0,422.0,-105.0,-27.0,258.0
-92.0,-282.0,27.0,149.0,-65.0,-22.0,253.0,-101.0,-12.0,259.0
-71.0,-266.0,-41.0,181.0,-187.0,147.0,12.0,-145.0,-16.0,229.0
-44.0,45.0,-21.0,161.0,-95.0,158.0,-109.0,-73.0,-21.0,185.0
-10.0,401.0,-69.0,148.0,-51.0,45.0,-49.0,27.0,-3.0,163.0
27.0,-85.0,-111.0,143.0,-11.0,-62.0,-17.0,249.0,-2.0,160.0
35.0,176.0,0.0,158.0,-102.0,-6.0,-32.0,199.0,8.0,172.0
29.0,443.0,9.0,146.0,-205.0,212.0,-32.0,0.0,9.0,189.0
13.0,-223.0,-41.0,121.0,62.0,308.0,11.0,-3.0,11.0,236.0
5.0,-193.0,0.0,94.0,-10.0,146.0,23.0,-79.0,9.0,287.0
7.0,-23.0,-19.0,51.0,-209.0,104.0,-24.0,-1.0,-10.0,313.0
19.0,-314.0,-69.0,28.0,41.0,246.0,-121.0,38.0,-20.0,343.0
3.0,-232.0,-64.0,-1.0,127.0,185.0,-250.0,99.0,-27.0,366.0
-18.0,178.0,-82.0,-24.0,-14.0,98.0,-388.0,107.0,-43.0,365.0
-30.0,86.0,-165.0,-62.0,0.0,219.0,-523.0,-35.0,-60.0,344.0
-56.0,22.0,-152.0,-107.0,-47.0,336.0,-659.0,35.0,-46.0,319.0
-58.0,329.0,-84.0,-145.0,-11.0,336.0,-755.0,-36.0,-55.0,284.0
-42.0,36.0,-140.0,-183.0,45.0,351.0,-727.0,-62.0,-56.0,246.0
-36.0,-112.0,-144.0,-192.0,-151.0,335.0,-607.0,-125.0,-37.0,215.0
-40.0,-67.0,-118.0,-190.0,-83.0,167.0,-467.0,-216.0,-40.0,164.0
-55.0,-468.0,-167.0,-193.0,97.0,63.0,-420.0,-168.0,-38.0,106.0
-70.0,-629.0,-166.0,-181.0,-49.0,232.0,-374.0,-162.0,-58.0,69.0
-67.0,-206.0,-167.0,-153.0,-140.0,363.0,-262.0,55.0,-67.0,57.0
-67.0,-4.0,-190.0,-152.0,-93.0,436.0,-189.0,134.0,-58.0,33.0
-49.0,-323.0,-143.0,-123.0,-9.0,471.0,-163.0,182.0,-45.0,8.0
-39.0,-120.0,-67.0,-62.0,68.0,321.0,-152.0,214.0,-33.0,-4.0
-39.0,44.0,-33.0,-34.0,-67.0,357.0,-89.0,197.0,-32.0,-8.0
-32.0,-116.0,-81.0,-65.0,-132.0,358.0,35.0,264.0,-18.0,-9.0
-48.0,-190.0,-115.0,-53.0,-6.0,218.0,163.0,173.0,1.0,-40.0
-52.0,-267.0,-28.0,15.0,121.0,220.0,193.0,315.0,12.0,-78.0
-75.0,-314.0,-31.0,50.0,122.0,186.0,199.0,334.0,17.0,-104.0
-93.0,-134.0,-85.0,93.0,-65.0,227.0,244.0,127.0,34.0,-124.0
-93.0,312.0,-29.0,116.0,19.0,323.0,268.0,7.0,40.0,-141.0
-81.0,96.0,-142.0,117.0,153.0,285.0,184.0,-79.0,33.0,-152.0
-66.0,-126.0,-170.0,109.0,-94.0,167.0,91.0,-55.0,40.0,-164.0
-59.0,-42.0,-91.0,51.0,-206.0,102.0,77.0,-157.0,49.0,-185.0
-37.0,-87.0,-139.0,-8.0,-76.0,202.0,-8.0,-131.0,33.0,-197.0
-35.0,-28.0,-75.0,-25.0,58.0,264.0,-186.0,-66.0,21.0,-196.0
-46.0,140.0,-110.0,-23.0,14.0,196.0,-458.0,-27.0,31.0,-189.0
-68.0,189.0,-102.0,-31.0,-241.0,244.0,-616.0,94.0,26.0,-172.0
-81.0,-88.0,-95.0,-74.0,-182.0,258.0,-618.0,68.0,39.0,-138.0
-72.0,20.0,-204.0,-87.0,47.0,103.0,-618.0,75.0,47.0,-94.0
-71.0,118.0,-166.0,-34.0,-8.0,126.0,-650.0,-22.0,44.0,-74.0
-78.0,-135.0,-148.0,-27.0,-112.0,325.0,-732.0,-22.0,60.0,-66.0
-80.0,70.0,-146.0,-51.0,-70.0,282.0,-698.0,-49.0,81.0,-49.0
-76.0,427.0,-143.0,-47.0,46.0,11.0,-559.0,-195.0,67.0,-24.0
-81.0,-95.0,-160.0,-59.0,137.0,52.0,-449.0,-160.0,47.0,5.0
-111.0,-30.0,-154.0,-93.0,44.0,348.0,-413.0,-343.0,57.0,18.0
-128.0,517.0,-144.0,-134.0,-114.0,361.0,-361.0,-439.0,45.0,22.0
-124.0,-71.0,-171.0,-142.0,-5.0,135.0,-273.0,-458.0,30.0,28.0
-130.0,-106.0,-155.0,-80.0,95.0,-81.0,-166.0,-391.0,11.0,26.0
-120.0,39.0,-148.0,-31.0,-21.0,-35.0,-104.0,-75.0,-10.0,48.0
-87.0,-311.0,-186.0,-10.0,-103.0,205.0,-158.0,158.0,-27.0,59.0
-67.0,-514.0,-110.0,2.0,-14.0,207.0,-196.0,417.0,-49.0,29.0
-68.0,-154.0,-124.0,-14.0,99.0,71.0,-235.0,532.0,-63.0,27.0
-70.0,143.0,-149.0,3.0,52.0,-19.0,-272.0,637.0,-89.0,50.0
-64.0,-269.0,-109.0,20.0,-29.0,-41.0,-292.0,474.0,-107.0,54.0
-46.0,-159.0,-105.0,-4.0,21.0,-56.0,-247.0,188.0,-134.0,46.0
-32.0,-310.0,-75.0,-3.0,155.0,-59.0,-62.0,184.0,-160.0,45.0
-16.0,-550.0,-74.0,18.0,-16.0,25.0,85.0,83.0,-166.0,55.0
8.0,-205.0,-102.0,13.0,-227.0,0.0,65.0,86.0,-169.0,75.0
26.0,-172.0,-125.0,5.0,-1.0,-18.0,-60.0,-38.0,-169.0,109.0
33.0,-23.0,-84.0,-12.0,107.0,65.0,-163.0,-59.0,-174.0,132.0
30.0,66.0,-101.0,-43.0,-11.0,204.0,-229.0,162.0,-168.0,153.0
31.0,-277.0,-137.0,-72.0,2.0,207.0,-292.0,282.0,-152.0,167.0
21.0,-135.0,-111.0,-121.0,11.0,42.0,-339.0,548.0,-137.0,169.0
33.0,38.0,-139.0,-145.0,20.0,33.0,-375.0,602.0,-118.0,157.0
41.0,-298.0,-136.0,-141.0,23.0,125.0,-375.0,600.0,-94.0,124.0
46.0,-372.0,-97.0,-137.0,-141.0,254.0,-305.0,513.0,-64.0,96.0
67.0,147.0,-133.0,-138.0,-105.0,247.0,-287.0,210.0,-28.0,76.0
77.0,384.0,-125.0,-160.0,144.0,166.0,-277.0,-55.0,21.0,74.0
91.0,-22.0,-127.0,-114.0,108.0,228.0,-216.0,-310.0,45.0,76.0
62.0,463.0,-177.0,-44.0,-73.0,251.0,-218.0,-227.0,49.0,78.0
65.0,323.0,-140.0,-25.0,-74.0,277.0,-274.0,-127.0,61.0,101.0
75.0,-289.0,-212.0,13.0,64.0,363.0,-363.0,-11.0,58.0,128.0
73.0,307.0,-233.0,2.0,56.0,409.0,-372.0,129.0,60.0,137.0
89.0,205.0,-225.0,-39.0,-108.0,420.0,-331.0,16.0,58.0,136.0
113.0,351.0,-267.0,-82.0,-122.0,328.0,-306.0,-42.0,42.0,128.0
140.0,456.0,-242.0,-92.0,20.0,238.0,-327.0,-229.0,41.0,108.0
118.0,-38.0,-271.0,-97.0,151.0,202.0,-341.0,-249.0,39.0,71.0
117.0,273.0,-291.0,-121.0,-31.0,30.0,-250.0,-84.0,43.0,36.0
90.0,284.0,-288.0,-65.0,-239.0,-5.0,-217.0,96.0,35.0,12.0
79.0,31.0,-296.0,-31.0,43.0,52.0,-252.0,212.0,30.0,-20.0
89.0,-2.0,-284.0,8.0,102.0,75.0,-263.0,-40.0,39.0,-24.0
92.0,157.0,-246.0,75.0,-120.0,107.0,-169.0,-144.0,32.0,5.0
98.0,249.0,-263.0,101.0,8.0,-24.0,-24.0,-188.0,34.0,21.0
82.0,-57.0,-183.0,72.0,10.0,-106.0,19.0,-205.0,36.0,19.0
89.0,98.0,-115.0,53.0,-56.0,-188.0,-90.0,-140.0,22.0,14.0
65.0,-16.0,-137.0,37.0,12.0,-246.0,-233.0,-14.0,6.0,27.0
45.0,-630.0,-114.0,-28.0,-153.0,-125.0,-272.0,266.0,-13.0,26.0
11.0,-309.0,-147.0,-39.0,-73.0,-45.0,-336.0,210.0,-20.0,6.0
7.0,-173.0,-158.0,-33.0,248.0,-132.0,-453.0,142.0,-24.0,-3.0
3.0,-490.0,-148.0,-42.0,67.0,-204.0,-578.0,151.0,-44.0,-31.0
-6.0,90.0,-139.0,-81.0,-117.0,-104.0,-609.0,243.0,-59.0,-84.0
2.0,229.0,-99.0,-108.0,29.0,-118.0,-534.0,388.0,-64.0,-144.0
-22.0,-106.0,-117.0,-87.0,98.0,-230.0,-397.0,312.0,-58.0,-214.0
-32.0,-26.0,-118.0,-80.0,93.0,-196.0,-262.0,221.0,-82.0,-259.0
-57.0,-88.0,-90.0,-31.0,-59.0,31.0,-201.0,-55.0,-98.0,-301.0
-79.0,24.0,-149.0,13.0,-93.0,150.0,-134.0,-201.0,-77.0,-323.0
-119.0,-113.0,-84.0,0.0,83.0,-66.0,-77.0,-194.0,-101.0,-317.0
-120.0,-30.0,-61.0,-2.0,79.0,-208.0,-5.0,-99.0,-100.0,-347.0
-113.0,145.0,-80.0,-27.0,-71.0,-122.0,76.0,223.0,-96.0,-362.0
-122.0,112.0,6.0,-53.0,-67.0,77.0,173.0,491.0,-104.0,-357.0
-102.0,455.0,8.0,-65.0,87.0,145.0,279.0,750.0,-100.0,-360.0
-112.0,-16.0,-9.0,-103.0,42.0,83.0,256.0,668.0,-106.0,-384.0
-116.0,95.0,-48.0,-101.0,-103.0,303.0,132.0,565.0,-89.0,-383.0
-151.0,395.0,14.0,-65.0,-114.0,553.0,42.0,644.0,-92.0,-352.0
-167.0,-343.0,46.0,-60.0,-45.0,417.0,-55.0,511.0,-81.0,-337.0
-156.0,-419.0,40.0,-71.0,41.0,133.0,-257.0,352.0,-61.0,-307.0
-129.0,-20.0,21.0,-82.0,-11.0,-61.0,-490.0,153.0,-46.0,-259.0
-108.0,145.0,-33.0,-73.0,-134.0,-72.0,-652.0,175.0,-22.0,-205.0
-86.0,-6.0,43.0,-50.0,6.0,171.0,-774.0,206.0,6.0,-160.0
-66.0,194.0,29.0,-54.0,157.0,258.0,-893.0,107.0,30.0,-101.0
-70.0,649.0,-3.0,-16.0,-90.0,88.0,-894.0,133.0,21.0,-47.0
-48.0,549.0,-9.0,36.0,-244.0,-34.0,-810.0,120.0,17.0,-21.0
-45.0,199.0,-60.0,62.0,-67.0,-108.0,-698.0,186.0,18.0,-10.0
-27.0,448.0,-57.0,105.0,-27.0,-55.0,-511.0,62.0,35.0,-2.0
-10.0,427.0,-63.0,128.0,-43.0,-89.0,-323.0,24.0,49.0,9.0
-9.0,-172.0,-101.0,119.0,-75.0,-275.0,-190.0,94.0,54.0,-3.0
0.0,-232.0,-114.0,88.0,-72.0,-156.0,-85.0,-38.0,57.0,0.0
11.0,-218.0,-167.0,40.0,125.0,27.0,-29.0,42.0,61.0,16.0
23.0,-289.0,-183.0,13.0,30.0,-74.0,-12.0,66.0,82.0,-5.0
26.0,-139.0,-140.0,-27.0,-220.0,-231.0,30.0,136.0,84.0,-37.0
51.0,-77.0,-113.0,-96.0,-42.0,-360.0,85.0,184.0,91.0,-25.0
63.0,-534.0,-122.0,-115.0,229.0,-356.0,115.0,175.0,104.0,-17.0
47.0,-258.0,-136.0,-155.0,74.0,-230.0,71.0,162.0,101.0,-32.0
25.0,153.0,-72.0,-153.0,-84.0,-219.0,52.0,-46.0,98.0,-25.0
-4.0,-316.0,-67.0,-96.0,0.0,-237.0,36.0,-33.0,100.0,-3.0
-41.0,178.0,-68.0,-80.0,35.0,-262.0,-17.0,-177.0,101.0,-1.0
-56.0,653.0,-30.0,-41.0,67.0,-300.0,-79.0,-306.0,100.0,-12.0
-51.0,316.0,-9.0,-23.0,-44.0,-267.0,-146.0,-157.0,99.0,2.0
-39.0,174.0,12.0,-27.0,-225.0,-268.0,-156.0,-5.0,100.0,10.0
-30.0,-122.0,-13.0,-51.0,32.0,-254.0,-175.0,127.0,113.0,22.0
-9.0,-178.0,-13.0,-93.0,297.0,-133.0,-124.0,5.0,118.0,24.0
-22.0,-37.0,17.0,-66.0,-7.0,45.0,-85.0,33.0,112.0,11.0
-40.0,-361.0,1.0,-37.0,-90.0,241.0,-108.0,121.0,109.0,14.0
-34.0,-370.0,-1.0,-50.0,133.0,297.0,-168.0,160.0,82.0,3.0
-46.0,17.0,48.0,-35.0,92.0,155.0,-261.0,166.0,51.0,-4.0
-38.0,118.0,25.0,-43.0,-36.0,58.0,-316.0,134.0,24.0,-5.0
-21.0,-162.0,10.0,-74.0,-186.0,150.0,-413.0,295.0,-15.0,-18.0
-3.0,-216.0,34.0,-78.0,-116.0,277.0,-490.0,192.0,-41.0,-63.0
-26.0,-191.0,56.0,-76.0,186.0,233.0,-585.0,186.0,-49.0,-74.0
-49.0,-107.0,84.0,-87.0,100.0,213.0,-545.0,330.0,-44.0,-69.0
-46.0,298.0,41.0,-107.0,-200.0,293.0,-424.0,382.0,-49.0,-115.0
-47.0,43.0,90.0,-89.0,44.0,152.0,-326.0,561.0,-45.0,-142.0
-26.0,100.0,116.0,-79.0,217.0,-20.0,-123.0,611.0,-20.0,-104.0
-16.0,515.0,107.0,-82.0,-2.0,-4.0,46.0,582.0,-26.0,-58.0
0.0,73.0,117.0,-71.0,-69.0,107.0,200.0,354.0,-39.0,-32.0
0.0,-328.0,58.0,-56.0,-47.0,126.0,247.0,145.0,-33.0,29.0
-17.0,-146.0,92.0,-65.0,138.0,32.0,193.0,-20.0,-45.0,106.0
-6.0,-211.0,81.0,-64.0,181.0,56.0,99.0,-227.0,-66.0,147.0
0.0,-403.0,47.0,-40.0,-64.0,43.0,-3.0,-42.0,-43.0,166.0
9.0,-135.0,76.0,-4.0,-155.0,-39.0,-43.0,109.0,-14.0,186.0
6.0,-300.0,61.0,43.0,-43.0,-96.0,-108.0,162.0,-17.0,191.0
0.0,-304.0,66.0,33.0,-9.0,-141.0,-193.0,138.0,-19.0,168.0
-5.0,253.0,109.0,56.0,-242.0,-126.0,-222.0,18.0,-19.0,148.0
-30.0,257.0,130.0,64.0,-261.0,-45.0,-156.0,-1.0,4.0,117.0
-41.0,-49.0,105.0,20.0,96.0,-60.0,-47.0,-38.0,17.0,40.0
-39.0,255.0,95.0,4.0,136.0,-154.0,50.0,51.0,3.0,-38.0
-35.0,304.0,63.0,-1.0,-123.0,-227.0,109.0,0.0,11.0,-80.0
-30.0,-193.0,19.0,12.0,-131.0,-308.0,218.0,-33.0,16.0,-112.0
-20.0,-31.0,27.0,16.0,84.0,-250.0,354.0,-79.0,32.0,-154.0
-3.0,-191.0,-9.0,19.0,108.0,-248.0,448.0,-334.0,50.0,-201.0
-3.0,-404.0,-50.0,-20.0,-105.0,-267.0,442.0,-352.0,45.0,-216.0
-13.0,-41.0,-23.0,-52.0,-175.0,-221.0,345.0,-328.0,50.0,-225.0
-13.0,44.0,-44.0,-64.0,-4.0,-127.0,257.0,-164.0,56.0,-274.0
-15.0,-52.0,-48.0,-69.0,99.0,-15.0,64.0,44.0,69.0,-309.0
-24.0,-57.0,-26.0,-13.0,8.0,-114.0,-218.0,169.0,96.0,-307.0
-24.0,-11.0,-41.0,7.0,-24.0,-107.0,-462.0,256.0,98.0,-301.0
-27.0,31.0,15.0,-3.0,16.0,47.0,-541.0,182.0,99.0,-284.0
-46.0,306.0,34.0,13.0,144.0,183.0,-589.0,238.0,90.0,-242.0
-75.0,370.0,-6.0,58.0,105.0,193.0,-692.0,145.0,78.0,-209.0
-81.0,364.0,14.0,54.0,-222.0,110.0,-749.0,101.0,86.0,-185.0
-88.0,483.0,2.0,46.0,-83.0,69.0,-796.0,127.0,77.0,-130.0
-69.0,25.0,15.0,92.0,239.0,37.0,-775.0,-7.0,61.0,-74.0
-29.0,-338.0,72.0,114.0,71.0,-26.0,-711.0,-99.0,65.0,-53.0
-24.0,-27.0,103.0,114.0,-77.0,-4.0,-622.0,-347.0,74.0,-41.0
0.0,31.0,111.0,86.0,20.0,228.0,-492.0,-341.0,66.0,3.0
6.0,16.0,164.0,75.0,174.0,137.0,-263.0,-279.0,65.0,25.0
11.0,185.0,197.0,75.0,166.0,-52.0,16.0,-194.0,76.0,-6.0
26.0,-145.0,137.0,38.0,-132.0,-20.0,231.0,92.0,90.0,-26.0
20.0,-427.0,171.0,-6.0,-93.0,12.0,404.0,164.0,111.0,-21.0
31.0,211.0,106.0,-17.0,235.0,177.0,534.0,301.0,100.0,-26.0
38.0,443.0,91.0,-29.0,168.0,246.0,578.0,232.0,85.0,-62.0
51.0,-166.0,175.0,-91.0,3.0,294.0,514.0,68.0,89.0,-52.0
40.0,153.0,119.0,-148.0,25.0,349.0,418.0,-88.0,100.0,-20.0
33.0,464.0,116.0,-163.0,109.0,368.0,269.0,-262.0,107.0,-40.0
47.0,199.0,111.0,-147.0,107.0,379.0,82.0,-145.0,88.0,-81.0
34.0,223.0,132.0,-123.0,-41.0,281.0,-62.0,-88.0,80.0,-107.0
7.0,270.0,109.0,-63.0,-62.0,100.0,-179.0,51.0,82.0,-137.0
9.0,120.0,105.0,20.0,78.0,-191.0,-316.0,62.0,91.0,-226.0
37.0,144.0,157.0,48.0,208.0,-203.0,-397.0,105.0,97.0,-274.0
57.0,100.0,113.0,67.0,67.0,-20.0,-420.0,227.0,105.0,-267.0
57.0,-498.0,120.0,79.0,-184.0,100.0,-434.0,131.0,129.0,-303.0
42.0,-103.0,87.0,80.0,-46.0,112.0,-368.0,308.0,133.0,-357.0
47.0,443.0,108.0,89.0,120.0,82.0,-305.0,293.0,148.0,-368.0
39.0,-34.0,176.0,52.0,-26.0,218.0,-243.0,31.0,156.0,-322.0
43.0,-66.0,144.0,-1.0,-140.0,209.0,-191.0,-234.0,148.0,-333.0
45.0,86.0,119.0,-60.0,31.0,-4.0,-119.0,-391.0,151.0,-367.0
57.0,-9.0,80.0,-86.0,198.0,-253.0,-27.0,-388.0,164.0,-302.0
66.0,-37.0,79.0,-100.0,11.0,-208.0,32.0,-452.0,180.0,-234.0
50.0,-83.0,83.0,-105.0,-207.0,-153.0,91.0,-203.0,176.0,-237.0
62.0,-106.0,82.0,-95.0,-123.0,-237.0,134.0,3.0,183.0,-238.0
35.0,-36.0,67.0,-121.0,81.0,-110.0,162.0,118.0,167.0,-186.0
34.0,4.0,42.0,-116.0,68.0,-30.0,90.0,168.0,163.0,-144.0
11.0,-205.0,61.0,-83.0,-155.0,32.0,-33.0,-59.0,183.0,-133.0
-5.0,-307.0,30.0,-34.0,-77.0,-97.0,-166.0,-169.0,171.0,-107.0
20.0,-35.0,42.0,-20.0,163.0,-221.0,-296.0,-341.0,167.0,-74.0
-1.0,171.0,66.0,-15.0,120.0,-169.0,-338.0,-504.0,170.0,-68.0
1.0,-156.0,35.0,-6.0,-48.0,-191.0,-272.0,-670.0,182.0,-82.0
3.0,-298.0,16.0,-21.0,-130.0,-219.0,-156.0,-676.0,174.0,-60.0
20.0,92.0,60.0,-22.0,13.0,-252.0,6.0,-327.0,120.0,-36.0
13.0,-101.0,40.0,-21.0,93.0,-1.0,266.0,-11.0,74.0,-75.0
8.0,-284.0,-16.0,-31.0,-129.0,268.0,499.0,303.0,53.0,-81.0
14.0,-33.0,0.0,-45.0,-192.0,298.0,656.0,347.0,31.0,-33.0
7.0,279.0,-2.0,-62.0,123.0,190.0,692.0,253.0,9.0,-41.0
18.0,118.0,11.0,-92.0,179.0,89.0,602.0,182.0,-2.0,-83.0
20.0,-256.0,70.0,-100.0,-124.0,93.0,424.0,22.0,-29.0,-86.0
53.0,88.0,49.0,-110.0,-140.0,194.0,264.0,-114.0,-59.0,-84.0
62.0,15.0,-13.0,-65.0,42.0,424.0,188.0,-336.0,-42.0,-122.0
74.0,-44.0,107.0,-33.0,70.0,308.0,110.0,-290.0,-29.0,-168.0
67.0,187.0,116.0,-17.0,-8.0,140.0,43.0,-347.0,-47.0,-174.0
66.0,366.0,82.0,49.0,-63.0,141.0,-8.0,-506.0,-39.0,-164.0
68.0,448.0,117.0,69.0,63.0,91.0,42.0,-369.0,-15.0,-182.0
59.0,185.0,71.0,69.0,259.0,72.0,129.0,-242.0,9.0,-172.0
87.0,223.0,135.0,63.0,110.0,4.0,186.0,-31.0,26.0,-113.0
103.0,237.0,150.0,41.0,-94.0,36.0,238.0,-7.0,44.0,-52.0
129.0,44.0,138.0,20.0,38.0,88.0,241.0,36.0,63.0,-18.0
109.0,-261.0,162.0,-6.0,168.0,178.0,210.0,42.0,67.0,39.0
118.0,-127.0,169.0,-81.0,7.0,205.0,143.0,-192.0,81.0,129.0
117.0,75.0,195.0,-118.0,-123.0,249.0,67.0,-328.0,96.0,161.0
111.0,12.0,214.0,-118.0,48.0,306.0,-15.0,-474.0,111.0,186.0
123.0,119.0,221.0,-158.0,166.0,57.0,51.0,-389.0,112.0,218.0
97.0,28.0,223.0,-222.0,84.0,-184.0,177.0,-413.0,108.0,207.0
103.0,-30.0,217.0,-257.0,-62.0,-291.0,284.0,-493.0,121.0,141.0
83.0,318.0,230.0,-217.0,-69.0,-86.0,472.0,-376.0,127.0,79.0
89.0,391.0,236.0,-176.0,51.0,157.0,670.0,-347.0,102.0,54.0
85.0,-230.0,225.0,-110.0,34.0,154.0,856.0,-225.0,96.0,-21.0
68.0,44.0,254.0,-51.0,-75.0,93.0,933.0,-284.0,104.0,-97.0
51.0,591.0,237.0,-22.0,-18.0,54.0,860.0,-358.0,71.0,-146.0
37.0,297.0,242.0,8.0,160.0,181.0,694.0,-432.0,89.0,-214.0
47.0,-64.0,210.0,62.0,134.0,168.0,551.0,-532.0,102.0,-284.0
40.0,-223.0,161.0,119.0,-4.0,45.0,410.0,-410.0,85.0,-317.0
47.0,112.0,116.0,129.0,-26.0,-87.0,213.0,-349.0,113.0,-305.0
31.0,-136.0,70.0,141.0,73.0,-141.0,34.0,-168.0,95.0,-287.0
44.0,-622.0,76.0,141.0,51.0,48.0,-83.0,-84.0,80.0,-257.0
43.0,-370.0,18.0,121.0,-97.0,159.0,-155.0,-40.0,77.0,-200.0
37.0,-80.0,-2.0,99.0,-126.0,133.0,-219.0,11.0,54.0,-125.0
34.0,198.0,-22.0,85.0,81.0,-51.0,-233.0,-88.0,71.0,-89.0
35.0,98.0,-15.0,96.0,162.0,-158.0,-132.0,120.0,69.0,-57.0
47.0,-131.0,-39.0,99.0,-127.0,-137.0,37.0,166.0,60.0,-8.0
37.0,3.0,-91.0,88.0,-113.0,-266.0,192.0,55.0,81.0,0.0
71.0,262.0,-85.0,44.0,92.0,-318.0,342.0,-60.0,83.0,-16.0
69.0,264.0,-95.0,7.0,82.0,-192.0,405.0,-225.0,104.0,-13.0
70.0,-85.0,-78.0,-8.0,-64.0,22.0,444.0,-260.0,143.0,-4.0
65.0,32.0,-92.0,-17.0,-144.0,-88.0,518.0,-436.0,163.0,-33.0
66.0,346.0,-84.0,20.0,68.0,-435.0,540.0,-476.0,190.0,-59.0
71.0,301.0,-57.0,44.0,145.0,-419.0,483.0,-478.0,200.0,-42.0
54.0,-1.0,-37.0,49.0,-27.0,-135.0,341.0,-461.0,184.0,-22.0
72.0,-167.0,-2.0,34.0,-162.0,31.0,292.0,-460.0,201.0,-38.0
60.0,181.0,15.0,41.0,-91.0,-198.0,294.0,-454.0,218.0,-33.0
70.0,88.0,36.0,48.0,126.0,-361.0,236.0,-214.0,196.0,10.0
63.0,-357.0,50.0,28.0,123.0,-228.0,160.0,-210.0,187.0,48.0
52.0,-102.0,17.0,41.0,-81.0,-154.0,125.0,-169.0,161.0,48.0
49.0,238.0,-26.0,48.0,-43.0,-254.0,179.0,-131.0,141.0,52.0
56.0,-160.0,3.0,27.0,198.0,-453.0,231.0,-168.0,124.0,90.0
84.0,-354.0,63.0,21.0,54.0,-536.0,232.0,-144.0,90.0,71.0
79.0,71.0,72.0,41.0,-278.0,-491.0,233.0,-254.0,88.0,26.0
110.0,-119.0,66.0,44.0,-124.0,-348.0,309.0,-179.0,48.0,21.0
125.0,-270.0,73.0,38.0,201.0,-356.0,403.0,-138.0,31.0,8.0
122.0,172.0,69.0,24.0,106.0,-464.0,410.0,-70.0,50.0,-33.0
128.0,-50.0,97.0,8.0,-154.0,-364.0,314.0,-77.0,36.0,-62.0
131.0,-198.0,80.0,-20.0,-117.0,-231.0,324.0,-142.0,20.0,-79.0
134.0,129.0,77.0,-30.0,55.0,-223.0,398.0,-18.0,-2.0,-125.0
139.0,13.0,26.0,-3.0,27.0,-320.0,366.0,-114.0,-17.0,-189.0
142.0,-175.0,-19.0,0.0,-120.0,-220.0,310.0,-38.0,-13.0,-207.0
136.0,-178.0,-4.0,9.0,-168.0,5.0,282.0,7.0,-2.0,-175.0
140.0,-24.0,-79.0,-25.0,-54.0,-67.0,312.0,-20.0,19.0,-198.0
151.0,-27.0,-28.0,-38.0,65.0,-196.0,250.0,72.0,28.0,-243.0
141.0,-118.0,-45.0,-58.0,-75.0,-133.0,131.0,-38.0,23.0,-243.0
117.0,46.0,-23.0,-99.0,-152.0,-91.0,31.0,-194.0,29.0,-229.0
138.0,177.0,12.0,-51.0,78.0,-112.0,-29.0,-543.0,31.0,-224.0
151.0,92.0,-58.0,-4.0,150.0,-155.0,-6.0,-665.0,14.0,-216.0
168.0,-13.0,79.0,-2.0,44.0,-248.0,13.0,-613.0,-10.0,-168.0
160.0,377.0,105.0,-24.0,-73.0,-256.0,18.0,-657.0,-12.0,-138.0
132.0,350.0,124.0,-34.0,6.0,-226.0,40.0,-539.0,-17.0,-114.0
94.0,0.0,155.0,-71.0,232.0,-256.0,114.0,-461.0,-52.0,-44.0
35.0,276.0,91.0,-78.0,134.0,-100.0,162.0,-279.0,-55.0,2.0
11.0,274.0,139.0,-16.0,-69.0,54.0,177.0,-280.0,-41.0,0.0
-24.0,4.0,154.0,-18.0,14.0,78.0,216.0,-229.0,-45.0,31.0
-37.0,-113.0,123.0,-41.0,177.0,137.0,368.0,88.0,-39.0,111.0
-53.0,-133.0,88.0,-61.0,19.0,27.0,507.0,127.0,-40.0,150.0
-47.0,33.0,68.0,-66.0,-209.0,-87.0,560.0,88.0,-28.0,127.0
-39.0,36.0,65.0,-43.0,-174.0,-60.0,595.0,-59.0,-10.0,116.0
-51.0,-442.0,48.0,-17.0,47.0,65.0,539.0,-72.0,-12.0,125.0
-48.0,-354.0,14.0,0.0,78.0,187.0,484.0,-48.0,3.0,86.0
-56.0,313.0,40.0,16.0,-132.0,111.0,420.0,-114.0,6.0,51.0
-39.0,220.0,62.0,39.0,-130.0,56.0,321.0,-5.0,6.0,46.0
-26.0,-62.0,63.0,35.0,2.0,172.0,176.0,-83.0,17.0,37.0
-7.0,-57.0,130.0,41.0,144.0,269.0,68.0,-68.0,23.0,5.0
2.0,108.0,89.0,63.0,-32.0,100.0,35.0,-29.0,34.0,-17.0
0.0,178.0,104.0,92.0,-105.0,-181.0,16.0,-77.0,25.0,-18.0
-6.0,29.0,160.0,111.0,255.0,-208.0,8.0,-160.0,12.0,-33.0
-8.0,-186.0,116.0,62.0,193.0,86.0,31.0,-295.0,10.0,-30.0
-6.0,-207.0,175.0,13.0,13.0,279.0,242.0,-236.0,23.0,-10.0
11.0,186.0,218.0,15.0,1.0,221.0,455.0,-349.0,52.0,1.0
28.0,-2.0,185.0,10.0,62.0,321.0,486.0,-376.0,64.0,-32.0
26.0,-279.0,171.0,-5.0,187.0,474.0,435.0,-247.0,70.0,-63.0
36.0,130.0,166.0,-8.0,3.0,482.0,411.0,-75.0,83.0,-71.0
38.0,372.0,130.0,-32.0,-182.0,269.0,384.0,22.0,83.0,-102.0
45.0,146.0,86.0,-16.0,12.0,92.0,243.0,-327.0,89.0,-138.0
53.0,-154.0,44.0,62.0,126.0,200.0,36.0,-541.0,91.0,-163.0
77.0,-118.0,-24.0,67.0,-47.0,251.0,-176.0,-663.0,74.0,-172.0
92.0,51.0,-60.0,51.0,-119.0,184.0,-316.0,-800.0,47.0,-212.0
97.0,124.0,-68.0,86.0,-122.0,201.0,-318.0,-733.0,11.0,-249.0
97.0,-20.0,-87.0,90.0,-2.0,411.0,-245.0,-489.0,0.0,-244.0
92.0,-317.0,-89.0,69.0,-14.0,555.0,-161.0,-134.0,6.0,-226.0
104.0,-146.0,-64.0,54.0,-162.0,632.0,-46.0,18.0,0.0,-195.0
85.0,76.0,-100.0,43.0,45.0,629.0,54.0,271.0,-2.0,-173.0
75.0,-92.0,-61.0,44.0,177.0,499.0,104.0,388.0,0.0,-151.0
64.0,-57.0,-1.0,20.0,61.0,565.0,117.0,419.0,-14.0,-133.0
59.0,119.0,-70.0,-41.0,-112.0,762.0,131.0,539.0,-31.0,-133.0
70.0,62.0,-28.0,-107.0,-79.0,875.0,111.0,378.0,-27.0,-107.0
80.0,-104.0,-46.0,-144.0,90.0,701.0,-37.0,184.0,-24.0,-65.0
101.0,128.0,-95.0,-138.0,7.0,549.0,-244.0,-169.0,-40.0,-41.0
97.0,102.0,-69.0,-148.0,-67.0,617.0,-369.0,-362.0,-50.0,-23.0
100.0,-41.0,-121.0,-136.0,-16.0,728.0,-261.0,-419.0,-70.0,21.0
104.0,413.0,-111.0,-69.0,44.0,646.0,-9.0,-460.0,-85.0,69.0
104.0,362.0,-78.0,-62.0,11.0,302.0,197.0,-247.0,-77.0,89.0
111.0,146.0,-68.0,-53.0,2.0,229.0,291.0,-68.0,-80.0,91.0
83.0,149.0,-112.0,41.0,-15.0,321.0,322.0,184.0,-78.0,107.0
64.0,39.0,-55.0,108.0,20.0,310.0,414.0,103.0,-75.0,140.0
59.0,-35.0,-11.0,107.0,113.0,191.0,479.0,12.0,-82.0,112.0
72.0,-1.0,-111.0,79.0,-55.0,126.0,472.0,169.0,-95.0,92.0
105.0,-212.0,-96.0,92.0,-36.0,214.0,436.0,155.0,-102.0,90.0
101.0,-453.0,-71.0,132.0,138.0,222.0,417.0,131.0,-96.0,66.0
106.0,-60.0,-46.0,102.0,73.0,184.0,395.0,-12.0,-82.0,75.0
97.0,34.0,-58.0,48.0,30.0,120.0,291.0,94.0,-67.0,89.0
58.0,92.0,-60.0,4.0,10.0,94.0,88.0,188.0,-46.0,101.0
34.0,227.0,-2.0,-16.0,-26.0,112.0,-112.0,64.0,-45.0,119.0
18.0,-23.0,-29.0,-31.0,112.0,229.0,-225.0,-20.0,-31.0,149.0
31.0,39.0,-9.0,-46.0,84.0,346.0,-347.0,-206.0,-8.0,184.0
32.0,71.0,12.0,-48.0,-23.0,256.0,-449.0,-227.0,-11.0,224.0
33.0,-4.0,-30.0,-34.0,113.0,169.0,-477.0,-399.0,-6.0,240.0
47.0,231.0,46.0,-22.0,143.0,127.0,-352.0,-373.0,0.0,224.0
34.0,286.0,41.0,-37.0,112.0,127.0,-185.0,24.0,18.0,234.0
30.0,126.0,68.0,0.0,-38.0,174.0,-86.0,195.0,30.0,211.0
47.0,168.0,151.0,10.0,-78.0,191.0,23.0,297.0,40.0,144.0
60.0,136.0,61.0,7.0,99.0,181.0,137.0,182.0,40.0,101.0
66.0,111.0,131.0,13.0,70.0,215.0,318.0,88.0,29.0,57.0
61.0,71.0,78.0,10.0,-70.0,398.0,464.0,14.0,50.0,0.0
56.0,-173.0,-31.0,48.0,-107.0,576.0,505.0,-75.0,60.0,-44.0
43.0,-119.0,22.0,73.0,42.0,731.0,400.0,-73.0,54.0,-77.0
43.0,124.0,-28.0,79.0,57.0,859.0,314.0,-375.0,48.0,-119.0
64.0,-105.0,-25.0,74.0,-63.0,678.0,380.0,-417.0,54.0,-169.0
56.0,-182.0,-50.0,92.0,-95.0,474.0,375.0,-330.0,62.0,-171.0
55.0,48.0,-62.0,114.0,-37.0,557.0,270.0,-334.0,59.0,-154.0
29.0,-276.0,-27.0,96.0,55.0,600.0,168.0,-299.0,46.0,-180.0
28.0,-24.0,-72.0,53.0,-41.0,496.0,151.0,-177.0,20.0,-208.0
68.0,387.0,-93.0,-4.0,-158.0,358.0,132.0,186.0,7.0,-209.0
81.0,-104.0,-89.0,-48.0,-45.0,242.0,90.0,323.0,-11.0,-200.0
96.0,242.0,-85.0,-21.0,164.0,184.0,106.0,556.0,-23.0,-205.0
81.0,765.0,-105.0,16.0,110.0,196.0,160.0,691.0,-20.0,-196.0
69.0,225.0,-96.0,11.0,-77.0,281.0,189.0,657.0,-26.0,-164.0
52.0,203.0,-91.0,-7.0,3.0,345.0,182.0,631.0,-7.0,-144.0
35.0,506.0,-120.0,-39.0,122.0,390.0,172.0,341.0,5.0,-125.0
59.0,276.0,-60.0,-42.0,96.0,327.0,253.0,177.0,15.0,-100.0
81.0,245.0,-114.0,-12.0,-4.0,150.0,398.0,-84.0,24.0,-78.0
71.0,236.0,-129.0,-5.0,-93.0,-7.0,404.0,-275.0,26.0,-73.0
49.0,-158.0,-30.0,-15.0,79.0,-102.0,314.0,-419.0,31.0,-79.0
49.0,-288.0,-72.0,-17.0,184.0,-9.0,222.0,-565.0,28.0,-60.0
50.0,105.0,-90.0,-56.0,-67.0,132.0,188.0,-428.0,22.0,-71.0
50.0,-242.0,-16.0,-103.0,-127.0,156.0,171.0,-393.0,0.0,-126.0
36.0,-414.0,-12.0,-131.0,3.0,-81.0,176.0,-267.0,-4.0,-149.0
22.0,217.0,-86.0,-142.0,-8.0,-211.0,185.0,-114.0,-3.0,-161.0
23.0,49.0,-68.0,-131.0,-53.0,76.0,129.0,171.0,-14.0,-181.0
50.0,18.0,-34.0,-159.0,-110.0,285.0,75.0,402.0,-38.0,-197.0
69.0,-55.0,-81.0,-191.0,17.0,356.0,-38.0,282.0,-64.0,-191.0
63.0,-269.0,-105.0,-167.0,143.0,310.0,-146.0,251.0,-80.0,-178.0
69.0,-108.0,-117.0,-110.0,-43.0,231.0,-242.0,149.0,-91.0,-183.0
76.0,-66.0,-134.0,-70.0,-64.0,223.0,-292.0,155.0,-70.0,-158.0
67.0,-37.0,-110.0,-38.0,25.0,358.0,-235.0,99.0,-80.0,-113.0
40.0,-223.0,-98.0,12.0,1.0,684.0,-194.0,-105.0,-99.0,-66.0
56.0,257.0,-96.0,41.0,-29.0,805.0,-124.0,-166.0,-98.0,-27.0
81.0,442.0,-83.0,42.0,-96.0,638.0,-7.0,-299.0,-115.0,4.0
96.0,25.0,-58.0,34.0,-5.0,390.0,142.0,-262.0,-108.0,54.0
97.0,17.0,-41.0,-1.0,109.0,371.0,284.0,-186.0,-102.0,70.0
90.0,-181.0,-20.0,-6.0,44.0,521.0,327.0,60.0,-90.0,83.0
109.0,-35.0,25.0,14.0,-55.0,457.0,342.0,406.0,-54.0,107.0
117.0,-187.0,40.0,34.0,-49.0,284.0,305.0,395.0,-9.0,107.0
113.0,-435.0,83.0,25.0,2.0,275.0,199.0,290.0,35.0,89.0
95.0,-83.0,86.0,20.0,-30.0,366.0,32.0,144.0,57.0,101.0
87.0,-351.0,78.0,58.0,-84.0,411.0,-193.0,140.0,80.0,134.0
67.0,-554.0,95.0,63.0,-54.0,447.0,-253.0,35.0,88.0,133.0
28.0,-267.0,73.0,128.0,-9.0,513.0,-223.0,-75.0,80.0,117.0
-19.0,-294.0,61.0,170.0,-57.0,509.0,-227.0,-42.0,77.0,101.0
-45.0,-316.0,51.0,138.0,-113.0,300.0,-165.0,-160.0,60.0,86.0
-58.0,-211.0,30.0,93.0,-124.0,237.0,-31.0,-53.0,32.0,68.0
-84.0,-9.0,-6.0,68.0,-13.0,353.0,172.0,70.0,2.0,43.0
-82.0,295.0,-51.0,81.0,90.0,299.0,350.0,245.0,-37.0,25.0
-102.0,197.0,-46.0,65.0,-91.0,248.0,447.0,471.0,-72.0,33.0
-124.0,182.0,-41.0,78.0,-123.0,254.0,406.0,474.0,-104.0,52.0
-166.0,423.0,-86.0,89.0,46.0,221.0,291.0,349.0,-144.0,68.0
-213.0,267.0,-6.0,99.0,-71.0,104.0,208.0,-77.0,-145.0,86.0
-221.0,-94.0,10.0,62.0,-73.0,-14.0,38.0,-288.0,-165.0,84.0
-228.0,-4.0,-57.0,0.0,2.0,-81.0,-201.0,-256.0,-202.0,88.0
-217.0,302.0,-44.0,-63.0,-41.0,-188.0,-381.0,-40.0,-204.0,119.0
-211.0,-33.0,-67.0,-124.0,34.0,-31.0,-482.0,290.0,-220.0,140.0
-198.0,-182.0,-50.0,-112.0,-49.0,239.0,-529.0,201.0,-244.0,124.0
-174.0,99.0,-71.0,-144.0,-145.0,338.0,-568.0,144.0,-256.0,117.0
-173.0,62.0,-105.0,-172.0,19.0,377.0,-609.0,29.0,-255.0,116.0
-163.0,-94.0,-94.0,-127.0,57.0,178.0,-536.0,40.0,-248.0,101.0
-131.0,-34.0,-126.0,-74.0,-95.0,113.0,-363.0,341.0,-236.0,86.0
-105.0,68.0,-163.0,-10.0,-73.0,168.0,-240.0,517.0,-221.0,62.0
-83.0,-219.0,-174.0,72.0,-49.0,54.0,-277.0,667.0,-201.0,47.0
-69.0,-74.0,-198.0,104.0,-1.0,49.0,-371.0,500.0,-194.0,14.0
-65.0,48.0,-207.0,117.0,34.0,62.0,-342.0,267.0,-199.0,-12.0
-43.0,-273.0,-179.0,107.0,-70.0,54.0,-214.0,59.0,-176.0,-15.0
-49.0,74.0,-222.0,88.0,14.0,7.0,-43.0,-125.0,-156.0,-28.0
-39.0,112.0,-186.0,88.0,59.0,47.0,151.0,-253.0,-134.0,-44.0
-33.0,-285.0,-188.0,58.0,34.0,160.0,364.0,-430.0,-98.0,-59.0
-34.0,-126.0,-235.0,64.0,5.0,180.0,564.0,-221.0,-80.0,-71.0
-24.0,90.0,-173.0,27.0,-26.0,198.0,746.0,-40.0,-70.0,-97.0
-42.0,176.0,-213.0,22.0,46.0,270.0,779.0,151.0,-50.0,-106.0
-34.0,282.0,-215.0,38.0,76.0,313.0,633.0,480.0,-19.0,-98.0
-42.0,28.0,-153.0,13.0,39.0,296.0,492.0,720.0,-1.0,-93.0
-35.0,-258.0,-152.0,32.0,-17.0,339.0,306.0,885.0,10.0,-101.0
-35.0,165.0,-129.0,8.0,54.0,302.0,72.0,652.0,30.0,-119.0
-48.0,185.0,-64.0,27.0,91.0,453.0,-153.0,452.0,25.0,-116.0
-45.0,-443.0,-58.0,44.0,-67.0,592.0,-316.0,188.0,38.0,-119.0
-70.0,-132.0,-64.0,41.0,-126.0,362.0,-412.0,-121.0,26.0,-123.0
-81.0,39.0,5.0,43.0,53.0,248.0,-503.0,-173.0,12.0,-108.0
-108.0,-363.0,-15.0,0.0,84.0,269.0,-564.0,-166.0,22.0,-77.0
-120.0,25.0,-26.0,-40.0,-88.0,317.0,-622.0,14.0,-1.0,-43.0
-121.0,101.0,35.0,-76.0,-67.0,246.0,-596.0,109.0,-21.0,-18.0
-124.0,-193.0,-27.0,-13.0,12.0,143.0,-490.0,81.0,-55.0,-4.0
-118.0,90.0,-78.0,24.0,13.0,258.0,-427.0,-149.0,-60.0,-5.0
-124.0,186.0,-72.0,-27.0,-39.0,217.0,-416.0,-264.0,-76.0,3.0
-142.0,-86.0,-74.0,-66.0,-151.0,-6.0,-388.0,-99.0,-115.0,21.0
-158.0,111.0,-46.0,-72.0,-100.0,-106.0,-278.0,-22.0,-120.0,28.0
-144.0,505.0,-80.0,-64.0,19.0,-118.0,-143.0,253.0,-125.0,33.0
-136.0,174.0,-108.0,-72.0,-56.0,-169.0,-76.0,393.0,-115.0,51.0
-117.0,-128.0,-102.0,-39.0,-67.0,-277.0,-101.0,301.0,-107.0,53.0
-106.0,-14.0,-83.0,-41.0,2.0,-248.0,-171.0,134.0,-107.0,60.0
-104.0,-187.0,-54.0,-17.0,8.0,-73.0,-137.0,-70.0,-99.0,74.0
-81.0,-180.0,-97.0,32.0,71.0,-111.0,-37.0,-36.0,-90.0,74.0
-57.0,112.0,-122.0,-3.0,-26.0,-267.0,-35.0,64.0,-75.0,92.0
-56.0,-231.0,-125.0,-35.0,-136.0,-335.0,-99.0,295.0,-48.0,85.0
-62.0,-429.0,-112.0,-20.0,59.0,-456.0,-140.0,310.0,-22.0,76.0
-35.0,-111.0,-97.0,11.0,136.0,-621.0,-129.0,136.0,-26.0,67.0
-32.0,-29.0,-58.0,24.0,-3.0,-692.0,-190.0,140.0,-33.0,16.0
-34.0,-21.0,-6.0,89.0,44.0,-532.0,-277.0,90.0,-28.0,3.0
-32.0,-131.0,8.0,159.0,172.0,-304.0,-273.0,164.0,-36.0,5.0
-24.0,114.0,38.0,157.0,126.0,-181.0,-245.0,138.0,-43.0,-3.0
-3.0,222.0,58.0,147.0,12.0,-175.0,-244.0,175.0,-58.0,6.0
10.0,-181.0,76.0,128.0,-30.0,-89.0,-261.0,317.0,-66.0,22.0
1.0,-205.0,58.0,83.0,-33.0,145.0,-168.0,308.0,-57.0,48.0
-35.0,-70.0,27.0,41.0,62.0,271.0,1.0,365.0,-61.0,50.0
-67.0,14.0,8.0,69.0,107.0,263.0,204.0,181.0,-80.0,55.0
-83.0,-181.0,-13.0,96.0,-15.0,160.0,273.0,88.0,-91.0,79.0
-80.0,-435.0,-4.0,87.0,-15.0,149.0,172.0,107.0,-98.0,114.0
-101.0,-171.0,-5.0,103.0,-6.0,214.0,130.0,-11.0,-105.0,169.0
-112.0,194.0,-29.0,90.0,-74.0,205.0,99.0,-81.0,-115.0,208.0
-125.0,346.0,-34.0,72.0,-80.0,176.0,-1.0,-64.0,-108.0,231.0
-145.0,104.0,-41.0,93.0,-77.0,156.0,-158.0,192.0,-83.0,251.0
-162.0,-100.0,-46.0,56.0,-17.0,197.0,-227.0,260.0,-59.0,301.0
-178.0,114.0,-38.0,25.0,55.0,278.0,-243.0,315.0,-49.0,341.0
-163.0,174.0,-23.0,74.0,-19.0,256.0,-317.0,223.0,-42.0,356.0
-157.0,98.0,24.0,69.0,-10.0,130.0,-403.0,-160.0,-20.0,375.0
-138.0,26.0,17.0,22.0,93.0,7.0,-430.0,-271.0,1.0,384.0
-131.0,251.0,47.0,3.0,53.0,-70.0,-398.0,-388.0,31.0,385.0
-121.0,272.0,69.0,17.0,28.0,-87.0,-470.0,-251.0,50.0,367.0
-112.0,-141.0,41.0,-2.0,23.0,-198.0,-608.0,29.0,48.0,342.0
-122.0,29.0,69.0,-9.0,35.0,-300.0,-670.0,179.0,30.0,311.0
-122.0,142.0,25.0,23.0,23.0,-400.0,-580.0,256.0,0.0,273.0
-109.0,20.0,45.0,-10.0,-49.0,-492.0,-464.0,123.0,-3.0,221.0
-90.0,109.0,49.0,-13.0,-50.0,-502.0,-409.0,84.0,15.0,172.0
-88.0,-15.0,-3.0,36.0,-22.0,-591.0,-356.0,3.0,23.0,129.0
-74.0,-87.0,10.0,62.0,-58.0,-527.0,-269.0,48.0,31.0,68.0
-53.0,-14.0,0.0,64.0,-50.0,-429.0,-163.0,96.0,30.0,29.0
-35.0,-32.0,-9.0,79.0,67.0,-434.0,-105.0,35.0,28.0,28.0
-44.0,-307.0,-37.0,117.0,55.0,-409.0,-133.0,177.0,18.0,21.0
-40.0,-383.0,12.0,105.0,5.0,-356.0,-203.0,97.0,3.0,-3.0
-7.0,-144.0,12.0,74.0,53.0,-248.0,-239.0,36.0,-1.0,0.0
36.0,-359.0,-44.0,69.0,81.0,-262.0,-330.0,38.0,-7.0,9.0
76.0,106.0,-52.0,76.0,81.0,-365.0,-393.0,-46.0,3.0,3.0
79.0,510.0,-104.0,72.0,71.0,-393.0,-389.0,-214.0,17.0,-6.0
93.0,-12.0,-104.0,62.0,24.0,-422.0,-388.0,-437.0,34.0,-26.0
104.0,114.0,-80.0,54.0,-13.0,-436.0,-289.0,-264.0,45.0,-53.0
119.0,191.0,-40.0,38.0,14.0,-368.0,-183.0,-59.0,61.0,-93.0
142.0,-6.0,-24.0,49.0,48.0,-407.0,-130.0,160.0,57.0,-122.0
182.0,34.0,-25.0,51.0,-101.0,-399.0,-63.0,314.0,50.0,-137.0
195.0,-17.0,-42.0,23.0,-180.0,-284.0,8.0,369.0,60.0,-140.0
174.0,-200.0,-50.0,-29.0,-61.0,-304.0,-12.0,495.0,48.0,-146.0
163.0,-59.0,-21.0,-28.0,-74.0,-392.0,-60.0,448.0,45.0,-141.0
143.0,218.0,-20.0,11.0,24.0,-479.0,27.0,423.0,18.0,-110.0
132.0,-151.0,-16.0,48.0,-67.0,-470.0,144.0,110.0,8.0,-90.0
119.0,-360.0,-36.0,86.0,-102.0,-577.0,148.0,-236.0,12.0,-85.0
122.0,106.0,-58.0,97.0,144.0,-680.0,71.0,-548.0,-7.0,-63.0
121.0,-39.0,-21.0,138.0,10.0,-527.0,-45.0,-914.0,-6.0,-47.0
119.0,-557.0,22.0,121.0,-93.0,-428.0,-173.0,-776.0,2.0,-67.0
100.0,-243.0,-6.0,92.0,0.0,-490.0,-257.0,-391.0,3.0,-74.0
71.0,133.0,16.0,55.0,61.0,-555.0,-323.0,171.0,-23.0,-82.0
53.0,-29.0,-16.0,-19.0,4.0,-502.0,-402.0,517.0,-58.0,-90.0
23.0,-351.0,-54.0,-41.0,-35.0,-457.0,-464.0,519.0,-70.0,-97.0
-1.0,-186.0,-30.0,-57.0,-9.0,-428.0,-430.0,426.0,-71.0,-103.0
-23.0,-76.0,-104.0,-56.0,91.0,-441.0,-328.0,134.0,-98.0,-95.0
-18.0,-53.0,-89.0,-46.0,97.0,-304.0,-241.0,99.0,-118.0,-117.0
-50.0,253.0,-76.0,-10.0,-148.0,-96.0,-162.0,123.0,-121.0,-125.0
-82.0,-101.0,-79.0,-26.0,-116.0,-269.0,-84.0,321.0,-114.0,-106.0
-100.0,75.0,-103.0,-65.0,-21.0,-434.0,-62.0,545.0,-109.0,-86.0
-108.0,589.0,-102.0,-29.0,-36.0,-252.0,-65.0,410.0,-122.0,-57.0
-107.0,130.0,-53.0,-2.0,39.0,4.0,-4.0,219.0,-131.0,-33.0
-124.0,-217.0,-67.0,13.0,15.0,-81.0,15.0,-59.0,-152.0,-8.0
-109.0,112.0,0.0,-26.0,-31.0,-349.0,87.0,9.0,-151.0,25.0
-118.0,266.0,14.0,-57.0,118.0,-412.0,227.0,62.0,-135.0,65.0
-112.0,-238.0,12.0,-44.0,89.0,-372.0,218.0,-103.0,-115.0,83.0
-133.0,-100.0,42.0,-30.0,-41.0,-383.0,70.0,-142.0,-98.0,77.0
-160.0,93.0,27.0,-20.0,67.0,-550.0,-79.0,-262.0,-97.0,76.0
-163.0,-233.0,41.0,-13.0,51.0,-737.0,-169.0,-236.0,-82.0,72.0
-163.0,10.0,39.0,9.0,-6.0,-717.0,-264.0,-230.0,-57.0,70.0
-157.0,-219.0,27.0,35.0,-95.0,-636.0,-360.0,-138.0,-2.0,67.0
-163.0,-286.0,-25.0,115.0,-74.0,-811.0,-470.0,-1.0,52.0,58.0
-116.0,133.0,-41.0,131.0,71.0,-929.0,-497.0,16.0,84.0,77.0
-105.0,-112.0,-45.0,103.0,-7.0,-717.0,-390.0,55.0,98.0,89.0
-106.0,-248.0,-65.0,100.0,-55.0,-573.0,-300.0,-279.0,131.0,103.0
-116.0,-241.0,-57.0,94.0,-36.0,-649.0,-210.0,-434.0,149.0,153.0
-111.0,-178.0,-77.0,101.0,-49.0,-743.0,-62.0,-352.0,146.0,175.0
-103.0,-196.0,-64.0,89.0,28.0,-713.0,144.0,-327.0,173.0,174.0
-132.0,-108.0,-60.0,95.0,31.0,-724.0,334.0,-157.0,160.0,195.0
-127.0,143.0,-64.0,72.0,-4.0,-837.0,410.0,29.0,159.0,222.0
-143.0,70.0,-86.0,51.0,121.0,-919.0,411.0,360.0,162.0,224.0
-146.0,121.0,-108.0,71.0,-9.0,-943.0,423.0,594.0,137.0,211.0
-152.0,76.0,-123.0,100.0,-38.0,-926.0,450.0,787.0,131.0,207.0
-171.0,10.0,-146.0,89.0,159.0,-985.0,416.0,766.0,118.0,194.0
-188.0,109.0,-125.0,72.0,-3.0,-1045.0,282.0,515.0,104.0,155.0
-190.0,108.0,-119.0,76.0,94.0,-1021.0,145.0,258.0,82.0,127.0
-173.0,-104.0,-114.0,42.0,186.0,-1068.0,112.0,-219.0,62.0,112.0
-160.0,-130.0,-119.0,31.0,-108.0,-1003.0,94.0,-454.0,38.0,81.0
-134.0,226.0,-88.0,13.0,-108.0,-826.0,-51.0,-437.0,28.0,53.0
-90.0,19.0,-109.0,-32.0,-123.0,-711.0,-227.0,-258.0,33.0,50.0
-47.0,-332.0,-117.0,-46.0,-186.0,-636.0,-253.0,-33.0,10.0,62.0
-43.0,13.0,-78.0,-39.0,-17.0,-596.0,-283.0,72.0,0.0,55.0
-33.0,136.0,-97.0,-40.0,-98.0,-423.0,-376.0,243.0,-20.0,29.0
-13.0,1.0,-69.0,-68.0,-162.0,-291.0,-425.0,147.0,-22.0,11.0
17.0,28.0,-37.0,-100.0,4.0,-251.0,-396.0,134.0,-11.0,-16.0
45.0,16.0,-33.0,-107.0,-70.0,-233.0,-245.0,151.0,-34.0,-37.0
60.0,228.0,-79.0,-160.0,-103.0,-313.0,-131.0,27.0,-58.0,-31.0
59.0,-143.0,-57.0,-210.0,-98.0,-423.0,-97.0,79.0,-84.0,-38.0
57.0,-592.0,-24.0,-186.0,-168.0,-555.0,-73.0,-38.0,-119.0,-46.0
62.0,-372.0,-22.0,-164.0,12.0,-510.0,-12.0,-120.0,-141.0,-44.0
46.0,-357.0,13.0,-79.0,9.0,-486.0,98.0,-205.0,-154.0,-24.0
66.0,-327.0,21.0,-40.0,-57.0,-558.0,152.0,-133.0,-184.0,4.0
102.0,-360.0,81.0,-89.0,117.0,-518.0,185.0,-81.0,-210.0,19.0
140.0,-58.0,105.0,-93.0,93.0,-486.0,232.0,-151.0,-209.0,52.0
146.0,191.0,105.0,-113.0,60.0,-527.0,208.0,24.0,-213.0,92.0
124.0,-34.0,103.0,-138.0,23.0,-578.0,98.0,-44.0,-236.0,124.0
103.0,185.0,63.0,-94.0,-108.0,-446.0,-47.0,64.0,-245.0,142.0
81.0,-220.0,83.0,-29.0,38.0,-310.0,-154.0,79.0,-245.0,132.0
61.0,-333.0,61.0,-18.0,101.0,-351.0,-111.0,-73.0,-251.0,111.0
37.0,296.0,22.0,3.0,7.0,-507.0,-32.0,109.0,-244.0,83.0
29.0,-191.0,58.0,19.0,122.0,-618.0,-20.0,225.0,-231.0,62.0
22.0,-353.0,53.0,10.0,65.0,-559.0,-8.0,363.0,-204.0,31.0
16.0,204.0,36.0,48.0,-31.0,-644.0,87.0,413.0,-164.0,6.0
0.0,228.0,17.0,72.0,66.0,-810.0,309.0,412.0,-129.0,-10.0
0.0,-165.0,-12.0,72.0,-53.0,-856.0,437.0,266.0,-88.0,-21.0
-9.0,-202.0,-1.0,76.0,-51.0,-807.0,409.0,16.0,-55.0,11.0
-20.0,195.0,5.0,94.0,113.0,-676.0,317.0,-3.0,-16.0,23.0
-35.0,-23.0,-25.0,93.0,48.0,-628.0,260.0,-147.0,36.0,5.0
-41.0,10.0,-33.0,52.0,70.0,-546.0,195.0,-77.0,66.0,30.0
-20.0,22.0,4.0,10.0,98.0,-415.0,12.0,79.0,83.0,70.0
-25.0,-223.0,-27.0,-28.0,29.0,-400.0,-146.0,182.0,88.0,100.0
-20.0,377.0,-19.0,-69.0,81.0,-569.0,-203.0,443.0,93.0,118.0
-12.0,138.0,-4.0,-70.0,53.0,-680.0,-160.0,522.0,104.0,128.0
-42.0,-274.0,-60.0,-52.0,19.0,-439.0,-88.0,554.0,119.0,138.0
-68.0,43.0,-46.0,-35.0,31.0,-227.0,-10.0,288.0,130.0,150.0
-85.0,124.0,-48.0,-7.0,9.0,-4.0,114.0,90.0,135.0,153.0
-85.0,75.0,-51.0,-29.0,95.0,196.0,284.0,109.0,137.0,149.0
-40.0,-26.0,-36.0,-23.0,37.0,135.0,384.0,186.0,128.0,134.0
-15.0,496.0,-54.0,34.0,-41.0,10.0,389.0,426.0,127.0,121.0
0.0,219.0,-49.0,101.0,67.0,-139.0,366.0,406.0,109.0,140.0
16.0,-197.0,-73.0,135.0,-11.0,-127.0,278.0,297.0,80.0,149.0
24.0,621.0,-100.0,114.0,-113.0,-156.0,240.0,64.0,68.0,132.0
41.0,230.0,-86.0,126.0,-98.0,-256.0,222.0,11.0,64.0,108.0
36.0,-140.0,-93.0,117.0,-63.0,-277.0,129.0,107.0,62.0,105.0
38.0,277.0,-138.0,80.0,60.0,-239.0,-23.0,92.0,52.0,121.0
28.0,-16.0,-167.0,31.0,69.0,-139.0,-162.0,303.0,46.0,116.0
36.0,-237.0,-161.0,-10.0,13.0,-118.0,-225.0,295.0,17.0,113.0
42.0,-142.0,-157.0,-28.0,66.0,23.0,-236.0,177.0,-3.0,132.0
59.0,81.0,-141.0,-66.0,16.0,89.0,-243.0,53.0,-11.0,151.0
78.0,-239.0,-147.0,-79.0,-59.0,39.0,-188.0,-35.0,-23.0,150.0
90.0,-280.0,-158.0,-83.0,46.0,-89.0,-1.0,118.0,-3.0,142.0
123.0,247.0,-108.0,-103.0,37.0,-198.0,135.0,77.0,0.0,146.0
113.0,-190.0,-80.0,-140.0,-14.0,4.0,179.0,109.0,-7.0,142.0
124.0,-57.0,-56.0,-169.0,31.0,66.0,135.0,210.0,-5.0,130.0
109.0,388.0,-33.0,-169.0,-26.0,47.0,152.0,315.0,1.0,120.0
73.0,-11.0,-67.0,-144.0,35.0,192.0,284.0,413.0,20.0,119.0
61.0,-18.0,-80.0,-104.0,91.0,313.0,375.0,469.0,20.0,133.0
53.0,-167.0,-86.0,-76.0,-64.0,310.0,373.0,807.0,13.0,136.0
46.0,-243.0,-82.0,-41.0,-129.0,174.0,321.0,925.0,18.0,146.0
28.0,-131.0,-60.0,-51.0,-67.0,99.0,351.0,877.0,24.0,145.0
37.0,-159.0,-72.0,-64.0,-17.0,49.0,341.0,556.0,28.0,136.0
48.0,-74.0,-97.0,-48.0,-71.0,35.0,278.0,147.0,27.0,130.0
52.0,-429.0,-54.0,-19.0,-109.0,218.0,208.0,142.0,8.0,110.0
48.0,-219.0,-25.0,-17.0,-7.0,452.0,180.0,12.0,0.0,101.0
54.0,-131.0,-37.0,-58.0,-19.0,523.0,191.0,-81.0,-23.0,85.0
72.0,-193.0,-6.0,-70.0,-41.0,354.0,88.0,-229.0,-63.0,83.0
67.0,364.0,-31.0,-92.0,-28.0,204.0,-64.0,-376.0,-75.0,97.0
48.0,47.0,-34.0,-109.0,-131.0,249.0,-184.0,-447.0,-100.0,107.0
48.0,-210.0,-38.0,-97.0,-47.0,169.0,-232.0,-402.0,-131.0,103.0
40.0,38.0,-39.0,-76.0,52.0,61.0,-286.0,25.0,-161.0,97.0
30.0,243.0,-23.0,-71.0,-105.0,222.0,-389.0,445.0,-174.0,112.0
23.0,233.0,-39.0,-43.0,-10.0,403.0,-472.0,1018.0,-162.0,108.0
16.0,88.0,-30.0,8.0,154.0,368.0,-429.0,1341.0,-162.0,105.0
33.0,39.0,-11.0,41.0,-45.0,241.0,-258.0,1243.0,-140.0,134.0
24.0,-272.0,26.0,90.0,40.0,237.0,-193.0,982.0,-107.0,168.0
24.0,-2.0,53.0,122.0,140.0,246.0,-280.0,508.0,-85.0,190.0
23.0,253.0,128.0,136.0,-14.0,152.0,-342.0,134.0,-32.0,224.0
3.0,-237.0,159.0,114.0,90.0,126.0,-310.0,-290.0,15.0,258.0
-25.0,-61.0,177.0,105.0,76.0,187.0,-210.0,-410.0,63.0,269.0
-57.0,256.0,193.0,84.0,-46.0,271.0,-67.0,-299.0,140.0,291.0
-52.0,-138.0,178.0,27.0,91.0,342.0,115.0,-171.0,181.0,332.0
-59.0,-135.0,175.0,3.0,95.0,292.0,358.0,234.0,203.0,359.0
-70.0,174.0,128.0,1.0,-65.0,89.0,599.0,598.0,242.0,347.0
-91.0,103.0,160.0,58.0,31.0,-130.0,723.0,883.0,275.0,353.0
-115.0,63.0,119.0,75.0,76.0,-69.0,690.0,805.0,300.0,386.0
-113.0,137.0,103.0,77.0,19.0,189.0,665.0,458.0,313.0,408.0
-123.0,-19.0,106.0,72.0,0.0,211.0,700.0,38.0,307.0,415.0
-127.0,-85.0,45.0,44.0,-24.0,60.0,639.0,-511.0,302.0,422.0
-121.0,174.0,60.0,76.0,79.0,109.0,481.0,-667.0,306.0,437.0
-127.0,183.0,69.0,63.0,87.0,284.0,356.0,-550.0,289.0,442.0
-139.0,-174.0,90.0,54.0,11.0,291.0,314.0,-219.0,245.0,463.0
-150.0,-22.0,61.0,44.0,-32.0,294.0,258.0,210.0,201.0,478.0
-133.0,82.0,68.0,39.0,12.0,358.0,179.0,485.0,166.0,469.0
-121.0,-161.0,68.0,72.0,-11.0,464.0,55.0,718.0,122.0,438.0
-108.0,94.0,14.0,59.0,-101.0,558.0,-60.0,559.0,99.0,401.0
-86.0,-21.0,49.0,51.0,-17.0,580.0,-84.0,317.0,106.0,369.0
-67.0,-11.0,55.0,34.0,-21.0,720.0,-130.0,72.0,92.0,298.0
-27.0,290.0,33.0,9.0,-89.0,617.0,-255.0,-177.0,66.0,197.0
-23.0,35.0,58.0,-5.0,-28.0,407.0,-395.0,-236.0,49.0,120.0
6.0,-155.0,58.0,-27.0,-69.0,402.0,-479.0,-334.0,51.0,73.0
34.0,-167.0,41.0,-52.0,-72.0,408.0,-596.0,-258.0,62.0,12.0
36.0,-16.0,27.0,-68.0,97.0,386.0,-743.0,-242.0,53.0,-62.0
58.0,-142.0,73.0,-71.0,-20.0,313.0,-843.0,16.0,51.0,-95.0
80.0,-107.0,58.0,-89.0,-79.0,335.0,-855.0,412.0,53.0,-108.0
110.0,41.0,26.0,-87.0,48.0,454.0,-752.0,556.0,44.0,-132.0
93.0,-280.0,134.0,-65.0,-36.0,647.0,-566.0,678.0,38.0,-123.0
112.0,-190.0,97.0,-49.0,-35.0,745.0,-312.0,545.0,49.0,-93.0
134.0,-107.0,70.0,-62.0,4.0,730.0,-24.0,630.0,47.0,-101.0
122.0,-214.0,47.0,-79.0,-50.0,826.0,261.0,822.0,30.0,-120.0
106.0,112.0,9.0,-44.0,34.0,957.0,446.0,881.0,30.0,-100.0
78.0,520.0,63.0,-25.0,95.0,894.0,494.0,679.0,25.0,-81.0
73.0,258.0,48.0,-24.0,-34.0,820.0,450.0,173.0,25.0,-89.0
48.0,-30.0,61.0,-22.0,-3.0,909.0,469.0,-136.0,11.0,-95.0
34.0,296.0,101.0,-44.0,54.0,891.0,579.0,-428.0,3.0,-76.0
39.0,353.0,141.0,-24.0,-27.0,779.0,659.0,-508.0,16.0,-48.0
45.0,303.0,108.0,20.0,-48.0,647.0,733.0,-450.0,11.0,-33.0
45.0,437.0,145.0,21.0,-81.0,730.0,849.0,-253.0,-4.0,-12.0
47.0,274.0,155.0,39.0,-60.0,914.0,1004.0,3.0,-23.0,25.0
52.0,-96.0,115.0,49.0,5.0,823.0,1011.0,20.0,-21.0,71.0
52.0,27.0,150.0,27.0,-16.0,700.0,861.0,264.0,-30.0,101.0
48.0,56.0,148.0,47.0,-57.0,696.0,652.0,421.0,-37.0,143.0
54.0,-379.0,153.0,82.0,24.0,647.0,340.0,408.0,-44.0,209.0
55.0,-10.0,111.0,100.0,86.0,536.0,-56.0,262.0,-40.0,221.0
61.0,154.0,157.0,83.0,-30.0,584.0,-496.0,-40.0,7.0,221.0
81.0,-280.0,138.0,37.0,-78.0,635.0,-861.0,-155.0,30.0,263.0
87.0,-101.0,113.0,-12.0,71.0,500.0,-1050.0,-266.0,50.0,273.0
102.0,73.0,128.0,-40.0,112.0,362.0,-1066.0,-347.0,68.0,258.0
84.0,-126.0,97.0,-44.0,65.0,457.0,-1015.0,-447.0,78.0,279.0
84.0,-171.0,177.0,-31.0,88.0,617.0,-944.0,-236.0,91.0,306.0
80.0,63.0,113.0,13.0,46.0,489.0,-835.0,90.0,109.0,305.0
85.0,-377.0,90.0,40.0,95.0,337.0,-589.0,103.0,111.0,289.0
80.0,-419.0,130.0,22.0,73.0,415.0,-286.0,138.0,88.0,301.0
56.0,206.0,69.0,-7.0,-24.0,581.0,-107.0,-155.0,80.0,300.0
62.0,10.0,68.0,-3.0,64.0,580.0,-3.0,-271.0,80.0,263.0
38.0,60.0,79.0,-7.0,85.0,375.0,39.0,-48.0,78.0,244.0
35.0,62.0,58.0,-23.0,21.0,378.0,101.0,-7.0,57.0,229.0
23.0,195.0,29.0,34.0,21.0,657.0,162.0,18.0,34.0,197.0
20.0,533.0,36.0,136.0,61.0,739.0,188.0,-203.0,9.0,169.0
0.0,288.0,30.0,172.0,13.0,515.0,258.0,-373.0,-4.0,140.0
-6.0,217.0,49.0,149.0,-12.0,394.0,368.0,-336.0,0.0,116.0
6.0,241.0,38.0,166.0,-31.0,527.0,514.0,-73.0,-9.0,75.0
-8.0,235.0,-19.0,159.0,-113.0,521.0,660.0,458.0,-21.0,35.0
0.0,-47.0,-30.0,140.0,-9.0,314.0,800.0,886.0,-15.0,33.0
-18.0,-232.0,-38.0,141.0,29.0,259.0,964.0,1171.0,-11.0,6.0
-19.0,-89.0,-56.0,131.0,-48.0,342.0,1086.0,1060.0,-4.0,-52.0
-33.0,-44.0,-29.0,95.0,20.0,517.0,1023.0,759.0,7.0,-86.0
-29.0,-15.0,31.0,87.0,50.0,607.0,777.0,271.0,39.0,-84.0
-19.0,-156.0,7.0,107.0,5.0,457.0,365.0,-208.0,75.0,-125.0
-26.0,-228.0,64.0,60.0,2.0,327.0,-77.0,-194.0,98.0,-177.0
-19.0,-27.0,146.0,45.0,-39.0,316.0,-439.0,-155.0,132.0,-176.0
-38.0,33.0,142.0,27.0,-19.0,402.0,-751.0,-59.0,147.0,-178.0
-45.0,-71.0,227.0,-24.0,38.0,392.0,-908.0,-70.0,161.0,-185.0
-54.0,-64.0,211.0,-40.0,-29.0,285.0,-918.0,5.0,179.0,-187.0
-53.0,-39.0,182.0,-3.0,-20.0,330.0,-772.0,290.0,209.0,-183.0
-51.0,83.0,228.0,3.0,13.0,504.0,-533.0,210.0,236.0,-187.0
-45.0,68.0,205.0,-72.0,-4.0,667.0,-289.0,-24.0,230.0,-158.0
-33.0,-169.0,215.0,-152.0,-24.0,546.0,0.0,-386.0,235.0,-86.0
-7.0,84.0,206.0,-180.0,-54.0,195.0,229.0,-432.0,231.0,-72.0
3.0,522.0,184.0,-160.0,-22.0,69.0,317.0,-181.0,225.0,-57.0
-7.0,354.0,166.0,-114.0,-5.0,296.0,325.0,64.0,206.0,-5.0
4.0,142.0,129.0,-33.0,-26.0,298.0,342.0,310.0,189.0,43.0
13.0,475.0,109.0,-28.0,-70.0,-93.0,416.0,251.0,186.0,59.0
31.0,312.0,101.0,-43.0,-31.0,-79.0,477.0,221.0,176.0,41.0
56.0,-218.0,111.0,-31.0,58.0,229.0,533.0,0.0,167.0,63.0
54.0,-14.0,110.0,-27.0,22.0,331.0,639.0,-284.0,145.0,78.0
55.0,50.0,65.0,12.0,-45.0,291.0,699.0,-349.0,115.0,80.0
61.0,-32.0,33.0,13.0,-40.0,154.0,712.0,-388.0,81.0,92.0
36.0,-38.0,73.0,12.0,-2.0,210.0,612.0,-169.0,63.0,112.0
31.0,-173.0,32.0,-2.0,27.0,333.0,424.0,-94.0,50.0,138.0
33.0,-133.0,0.0,-13.0,19.0,177.0,273.0,-88.0,29.0,141.0
16.0,-249.0,13.0,24.0,-40.0,-13.0,155.0,-125.0,20.0,186.0
-3.0,-141.0,-12.0,37.0,15.0,-50.0,71.0,-203.0,11.0,220.0
-7.0,-124.0,48.0,35.0,111.0,-41.0,-64.0,-94.0,-8.0,213.0
-6.0,-173.0,81.0,30.0,-2.0,-29.0,-184.0,-9.0,-6.0,207.0
-35.0,14.0,79.0,14.0,5.0,-93.0,-230.0,245.0,-4.0,209.0
-48.0,41.0,125.0,0.0,138.0,-289.0,-237.0,249.0,-15.0,196.0
-63.0,410.0,127.0,-26.0,86.0,-475.0,-211.0,96.0,17.0,147.0
-58.0,312.0,113.0,-22.0,29.0,-479.0,-275.0,-22.0,15.0,132.0
-35.0,157.0,109.0,18.0,-28.0,-460.0,-361.0,-273.0,-11.0,134.0
-11.0,345.0,100.0,71.0,-33.0,-550.0,-264.0,-290.0,-13.0,106.0
29.0,42.0,106.0,142.0,52.0,-592.0,-132.0,-208.0,-17.0,100.0
38.0,484.0,106.0,177.0,48.0,-641.0,-39.0,29.0,0.0,93.0
30.0,704.0,109.0,134.0,35.0,-582.0,81.0,79.0,4.0,74.0
8.0,278.0,106.0,96.0,-8.0,-526.0,156.0,-118.0,-13.0,78.0
-9.0,421.0,86.0,79.0,25.0,-515.0,299.0,-291.0,-32.0,81.0
-2.0,322.0,92.0,41.0,119.0,-330.0,408.0,-460.0,-39.0,86.0
-10.0,243.0,137.0,13.0,35.0,-271.0,434.0,-284.0,-40.0,91.0
2.0,168.0,157.0,10.0,29.0,-381.0,468.0,-31.0,-67.0,87.0
16.0,62.0,100.0,0.0,80.0,-527.0,500.0,293.0,-70.0,97.0
24.0,62.0,104.0,-58.0,18.0,-446.0,529.0,454.0,-75.0,99.0
23.0,-133.0,131.0,-26.0,12.0,-174.0,475.0,406.0,-78.0,82.0
-11.0,-214.0,110.0,61.0,0.0,-103.0,463.0,436.0,-33.0,55.0
-9.0,-624.0,138.0,103.0,13.0,-254.0,474.0,291.0,-34.0,36.0
-10.0,-564.0,174.0,175.0,65.0,-348.0,439.0,214.0,-26.0,7.0
10.0,-127.0,134.0,156.0,-37.0,-168.0,331.0,-60.0,10.0,-50.0
26.0,-270.0,146.0,94.0,-119.0,25.0,167.0,-256.0,13.0,-103.0
37.0,-334.0,156.0,72.0,-48.0,79.0,-4.0,-282.0,40.0,-155.0
52.0,-169.0,111.0,28.0,-26.0,-40.0,-76.0,-471.0,69.0,-212.0
41.0,324.0,119.0,17.0,-48.0,-179.0,-29.0,-415.0,101.0,-261.0
50.0,415.0,100.0,52.0,-58.0,-208.0,-56.0,-391.0,140.0,-286.0
17.0,61.0,85.0,47.0,-21.0,-183.0,-117.0,-123.0,162.0,-285.0
27.0,160.0,98.0,-11.0,80.0,-117.0,-141.0,243.0,193.0,-296.0
25.0,398.0,102.0,-75.0,41.0,-150.0,-51.0,262.0,200.0,-302.0
31.0,333.0,89.0,-119.0,-70.0,-260.0,-9.0,160.0,202.0,-278.0
43.0,208.0,116.0,-81.0,-1.0,-279.0,49.0,-179.0,213.0,-272.0
34.0,293.0,124.0,-66.0,29.0,-133.0,241.0,-432.0,209.0,-258.0
61.0,209.0,121.0,-85.0,-32.0,-134.0,399.0,-679.0,204.0,-213.0
49.0,99.0,155.0,-64.0,-25.0,-436.0,485.0,-772.0,189.0,-190.0
65.0,-146.0,138.0,-66.0,-74.0,-690.0,415.0,-618.0,159.0,-180.0
54.0,-272.0,189.0,-105.0,48.0,-648.0,381.0,-421.0,140.0,-167.0
32.0,-89.0,158.0,-179.0,76.0,-585.0,311.0,75.0,109.0,-143.0
25.0,-54.0,107.0,-179.0,-123.0,-702.0,190.0,181.0,55.0,-144.0
9.0,-94.0,101.0,-162.0,-49.0,-757.0,79.0,35.0,19.0,-179.0
11.0,-354.0,44.0,-149.0,-12.0,-702.0,-102.0,-38.0,-9.0,-188.0
2.0,-311.0,81.0,-65.0,-65.0,-605.0,-198.0,-256.0,-40.0,-177.0
2.0,-194.0,57.0,-11.0,-61.0,-581.0,-254.0,-423.0,-51.0,-172.0
17.0,-338.0,38.0,57.0,-14.0,-690.0,-340.0,-511.0,-64.0,-181.0
15.0,-221.0,47.0,113.0,57.0,-751.0,-417.0,-312.0,-84.0,-160.0
15.0,-54.0,24.0,125.0,30.0,-613.0,-408.0,-247.0,-111.0,-145.0
20.0,19.0,30.0,113.0,24.0,-505.0,-305.0,-256.0,-144.0,-135.0
24.0,-98.0,29.0,92.0,-4.0,-592.0,-127.0,-195.0,-151.0,-89.0
48.0,109.0,22.0,70.0,58.0,-646.0,65.0,-144.0,-141.0,-48.0
59.0,515.0,-4.0,25.0,118.0,-557.0,282.0,107.0,-119.0,-7.0
84.0,501.0,29.0,17.0,7.0,-397.0,489.0,121.0,-69.0,11.0
78.0,403.0,45.0,17.0,-37.0,-394.0,564.0,229.0,-14.0,45.0
72.0,233.0,65.0,31.0,-61.0,-495.0,539.0,404.0,29.0,78.0
61.0,130.0,100.0,36.0,23.0,-426.0,412.0,347.0,58.0,58.0
50.0,166.0,129.0,35.0,63.0,-409.0,255.0,293.0,102.0,32.0
79.0,124.0,137.0,40.0,-96.0,-535.0,189.0,123.0,146.0,14.0
87.0,-73.0,108.0,-3.0,-14.0,-608.0,224.0,7.0,166.0,2.0
96.0,-180.0,155.0,-65.0,44.0,-596.0,155.0,-64.0,191.0,-8.0
93.0,-129.0,168.0,-85.0,-23.0,-452.0,9.0,-184.0,229.0,-3.0
116.0,-192.0,147.0,-56.0,-17.0,-393.0,-34.0,-471.0,252.0,-14.0
112.0,-194.0,154.0,-17.0,-75.0,-460.0,9.0,-748.0,256.0,-54.0
107.0,78.0,170.0,-6.0,-24.0,-509.0,79.0,-713.0,255.0,-71.0
112.0,57.0,155.0,11.0,-20.0,-507.0,123.0,-655.0,241.0,-71.0
107.0,-300.0,152.0,46.0,-118.0,-304.0,155.0,-389.0,232.0,-99.0
118.0,-197.0,148.0,38.0,-44.0,-104.0,210.0,-33.0,214.0,-143.0
111.0,18.0,126.0,-15.0,84.0,-39.0,259.0,236.0,194.0,-161.0
107.0,74.0,144.0,-55.0,44.0,-229.0,149.0,388.0,172.0,-171.0
98.0,2.0,141.0,-45.0,-34.0,-494.0,-24.0,186.0,138.0,-190.0
71.0,-72.0,132.0,-37.0,13.0,-331.0,-105.0,18.0,112.0,-208.0
44.0,65.0,144.0,-56.0,36.0,-89.0,-68.0,-127.0,70.0,-189.0
53.0,245.0,110.0,-93.0,14.0,-133.0,-27.0,-42.0,30.0,-154.0
27.0,433.0,58.0,-93.0,63.0,-310.0,-96.0,96.0,-4.0,-164.0
15.0,309.0,77.0,-79.0,33.0,-370.0,-183.0,-62.0,-33.0,-159.0
4.0,250.0,79.0,-64.0,30.0,-176.0,-165.0,-201.0,-43.0,-119.0
-12.0,296.0,89.0,-26.0,117.0,-133.0,-15.0,-548.0,-52.0,-121.0
-23.0,-95.0,112.0,-15.0,20.0,-349.0,118.0,-770.0,-63.0,-157.0
-35.0,-400.0,143.0,-10.0,-23.0,-437.0,208.0,-870.0,-78.0,-154.0
-41.0,-234.0,178.0,-38.0,52.0,-452.0,260.0,-626.0,-86.0,-153.0
-80.0,-57.0,158.0,-78.0,19.0,-441.0,359.0,9.0,-106.0,-206.0
-82.0,-363.0,163.0,-105.0,-30.0,-406.0,470.0,321.0,-124.0,-241.0
-87.0,-499.0,174.0,-100.0,13.0,-348.0,461.0,559.0,-140.0,-251.0
-67.0,-22.0,161.0,-107.0,44.0,-255.0,417.0,436.0,-168.0,-265.0
-79.0,216.0,145.0,-119.0,65.0,-464.0,431.0,138.0,-180.0,-286.0
-80.0,123.0,144.0,-100.0,47.0,-674.0,490.0,-29.0,-187.0,-288.0
-40.0,185.0,146.0,-83.0,-21.0,-522.0,387.0,-354.0,-194.0,-273.0
-34.0,192.0,114.0,-31.0,42.0,-314.0,163.0,-600.0,-197.0,-294.0
-25.0,171.0,99.0,7.0,0.0,-338.0,30.0,-696.0,-218.0,-306.0
-19.0,496.0,112.0,27.0,-9.0,-497.0,-26.0,-471.0,-212.0,-282.0
19.0,534.0,102.0,63.0,49.0,-391.0,-132.0,-349.0,-194.0,-267.0
16.0,254.0,159.0,121.0,-35.0,-108.0,-307.0,-388.0,-184.0,-285.0
28.0,329.0,136.0,141.0,87.0,-85.0,-485.0,-328.0,-182.0,-284.0
22.0,141.0,63.0,147.0,174.0,-306.0,-506.0,-308.0,-185.0,-251.0
44.0,-213.0,64.0,163.0,34.0,-374.0,-419.0,-110.0,-177.0,-247.0
78.0,30.0,37.0,164.0,2.0,-320.0,-439.0,-29.0,-166.0,-231.0
76.0,149.0,57.0,152.0,114.0,-367.0,-340.0,131.0,-159.0,-182.0
110.0,-80.0,36.0,146.0,121.0,-199.0,-31.0,367.0,-172.0,-148.0
95.0,-85.0,27.0,154.0,-10.0,117.0,290.0,288.0,-175.0,-138.0
104.0,-134.0,11.0,129.0,22.0,129.0,406.0,27.0,-175.0,-124.0
91.0,-127.0,-12.0,134.0,50.0,-36.0,355.0,-448.0,-178.0,-107.0
91.0,-62.0,-8.0,88.0,-33.0,-6.0,316.0,-713.0,-171.0,-114.0
91.0,-199.0,-22.0,28.0,-24.0,178.0,218.0,-739.0,-178.0,-135.0
71.0,-131.0,11.0,48.0,-40.0,173.0,73.0,-628.0,-162.0,-164.0
89.0,27.0,-31.0,41.0,25.0,1.0,-105.0,-456.0,-153.0,-169.0
86.0,-151.0,-12.0,29.0,57.0,-21.0,-239.0,-443.0,-148.0,-171.0
103.0,-212.0,38.0,-9.0,-53.0,147.0,-158.0,-334.0,-121.0,-198.0
97.0,146.0,24.0,-49.0,-35.0,184.0,108.0,-314.0,-84.0,-199.0
82.0,222.0,36.0,-90.0,20.0,-8.0,308.0,-145.0,-50.0,-189.0
63.0,-73.0,51.0,-130.0,50.0,-52.0,401.0,5.0,-28.0,-187.0
62.0,83.0,28.0,-100.0,94.0,104.0,493.0,-138.0,3.0,-177.0
64.0,283.0,4.0,-69.0,90.0,68.0,627.0,-238.0,29.0,-155.0
64.0,86.0,52.0,-57.0,50.0,-159.0,710.0,-393.0,54.0,-152.0
62.0,157.0,36.0,-49.0,57.0,-155.0,534.0,-426.0,72.0,-159.0
36.0,101.0,15.0,-34.0,53.0,-91.0,271.0,-598.0,83.0,-140.0
37.0,-75.0,28.0,-48.0,-6.0,-366.0,61.0,-805.0,98.0,-134.0
23.0,26.0,8.0,-69.0,-30.0,-663.0,-113.0,-837.0,73.0,-153.0
15.0,0.0,-35.0,-97.0,6.0,-620.0,-294.0,-752.0,61.0,-189.0
2.0,-240.0,-39.0,-137.0,35.0,-376.0,-540.0,-365.0,60.0,-209.0
0.0,-309.0,13.0,-105.0,-3.0,-379.0,-726.0,-29.0,20.0,-204.0
-6.0,-42.0,-32.0,-121.0,-90.0,-519.0,-713.0,319.0,-9.0,-205.0
-13.0,-90.0,-43.0,-111.0,-60.0,-421.0,-600.0,495.0,-20.0,-225.0
0.0,-337.0,-21.0,-55.0,14.0,-204.0,-504.0,556.0,-36.0,-247.0
-9.0,-225.0,-53.0,-49.0,-97.0,-53.0,-361.0,521.0,-47.0,-230.0
0.0,85.0,-28.0,-17.0,-175.0,-179.0,-190.0,175.0,-63.0,-220.0
-2.0,54.0,-22.0,-20.0,-186.0,-392.0,49.0,-84.0,-91.0,-227.0
-17.0,-85.0,-19.0,-3.0,-84.0,-330.0,176.0,-679.0,-120.0,-220.0
-34.0,162.0,13.0,50.0,-5.0,-41.0,118.0,-1180.0,-138.0,-205.0
-49.0,330.0,30.0,58.0,-64.0,160.0,121.0,-1147.0,-153.0,-180.0
-38.0,146.0,34.0,67.0,23.0,285.0,129.0,-781.0,-176.0,-169.0
-38.0,-36.0,39.0,58.0,0.0,447.0,65.0,-96.0,-188.0,-167.0
-21.0,29.0,9.0,60.0,3.0,403.0,-14.0,334.0,-197.0,-182.0
-16.0,52.0,28.0,68.0,84.0,402.0,-18.0,487.0,-216.0,-190.0
-29.0,64.0,48.0,51.0,-23.0,433.0,95.0,40.0,-231.0,-199.0
-26.0,73.0,24.0,41.0,25.0,344.0,211.0,-561.0,-229.0,-208.0
-61.0,140.0,41.0,-5.0,78.0,328.0,140.0,-552.0,-237.0,-199.0
-95.0,262.0,46.0,-8.0,5.0,254.0,-65.0,-306.0,-244.0,-235.0
-113.0,333.0,57.0,15.0,62.0,344.0,-218.0,16.0,-242.0,-237.0
-114.0,444.0,83.0,-25.0,68.0,559.0,-342.0,-107.0,-238.0,-214.0
-105.0,397.0,112.0,-72.0,53.0,580.0,-494.0,-548.0,-208.0,-222.0
-107.0,158.0,86.0,-131.0,40.0,379.0,-545.0,-800.0,-181.0,-241.0
-74.0,72.0,102.0,-243.0,-22.0,210.0,-429.0,-578.0,-154.0,-250.0
-53.0,-29.0,152.0,-288.0,-31.0,242.0,-166.0,-36.0,-126.0,-232.0
-44.0,-543.0,106.0,-249.0,-4.0,167.0,201.0,181.0,-102.0,-242.0
-32.0,-514.0,115.0,-231.0,45.0,118.0,400.0,182.0,-73.0,-272.0
-12.0,-191.0,135.0,-176.0,17.0,21.0,476.0,-182.0,-48.0,-314.0
3.0,-347.0,81.0,-106.0,-26.0,-112.0,666.0,-558.0,-23.0,-361.0
7.0,-446.0,85.0,-32.0,-16.0,94.0,828.0,-713.0,0.0,-396.0
33.0,-344.0,102.0,27.0,-12.0,252.0,688.0,-766.0,20.0,-407.0
70.0,-262.0,98.0,45.0,-72.0,246.0,321.0,-469.0,18.0,-411.0
103.0,-117.0,110.0,-3.0,-24.0,281.0,-38.0,-282.0,23.0,-442.0
124.0,106.0,50.0,-103.0,28.0,303.0,-350.0,-133.0,39.0,-434.0
154.0,39.0,45.0,-108.0,-90.0,253.0,-545.0,-138.0,56.0,-407.0
179.0,33.0,81.0,-75.0,-15.0,96.0,-752.0,-297.0,71.0,-381.0
184.0,166.0,79.0,-34.0,63.0,39.0,-874.0,-212.0,74.0,-365.0
165.0,177.0,94.0,44.0,0.0,54.0,-730.0,-49.0,83.0,-364.0
132.0,66.0,69.0,60.0,0.0,124.0,-548.0,380.0,109.0,-336.0
113.0,-28.0,16.0,60.0,0.0,276.0,-430.0,594.0,135.0,-305.0
95.0,68.0,10.0,117.0,79.0,242.0,-325.0,558.0,149.0,-294.0
86.0,-171.0,19.0,174.0,123.0,242.0,-67.0,484.0,159.0,-298.0
88.0,-212.0,-20.0,159.0,-54.0,308.0,278.0,42.0,151.0,-302.0
109.0,182.0,-53.0,41.0,5.0,236.0,440.0,-432.0,145.0,-305.0
126.0,-99.0,-72.0,-95.0,152.0,96.0,358.0,-740.0,155.0,-311.0
115.0,-226.0,-49.0,-171.0,-45.0,29.0,78.0,-785.0,152.0,-313.0
101.0,-11.0,-48.0,-242.0,-38.0,173.0,-118.0,-763.0,122.0,-296.0
81.0,-12.0,-58.0,-284.0,-16.0,244.0,-215.0,-541.0,106.0,-280.0
76.0,19.0,-24.0,-253.0,-99.0,169.0,-466.0,-160.0,90.0,-239.0
67.0,-35.0,-57.0,-204.0,94.0,73.0,-657.0,-14.0,67.0,-173.0
60.0,301.0,-66.0,-146.0,77.0,127.0,-727.0,256.0,51.0,-143.0
62.0,344.0,-49.0,-115.0,-127.0,273.0,-661.0,345.0,18.0,-101.0
55.0,186.0,-77.0,-103.0,8.0,217.0,-493.0,216.0,-1.0,-46.0
49.0,54.0,-64.0,-92.0,117.0,75.0,-420.0,-48.0,-14.0,4.0
20.0,-337.0,-72.0,-104.0,-57.0,30.0,-266.0,-476.0,-20.0,36.0
17.0,-47.0,-85.0,-71.0,-51.0,181.0,-80.0,-646.0,-27.0,41.0
5.0,-126.0,-33.0,-9.0,55.0,392.0,14.0,-639.0,-34.0,54.0
-9.0,-478.0,-51.0,21.0,51.0,349.0,7.0,-395.0,-29.0,71.0
-11.0,-129.0,-47.0,3.0,-6.0,225.0,-49.0,-256.0,-29.0,62.0
-4.0,109.0,-7.0,-60.0,-69.0,260.0,-229.0,-393.0,-26.0,39.0
10.0,-65.0,-36.0,-136.0,-15.0,237.0,-461.0,-755.0,-22.0,13.0
-6.0,-357.0,-14.0,-186.0,10.0,220.0,-498.0,-1152.0,0.0,-41.0
1.0,-69.0,33.0,-156.0,-35.0,345.0,-412.0,-1119.0,21.0,-56.0
11.0,-101.0,3.0,-100.0,-87.0,476.0,-227.0,-934.0,28.0,-67.0
13.0,-394.0,-26.0,-45.0,-132.0,417.0,-12.0,-439.0,22.0,-102.0
-5.0,15.0,-3.0,-8.0,-48.0,343.0,123.0,12.0,-2.0,-142.0
-13.0,-107.0,-24.0,14.0,-22.0,622.0,140.0,197.0,-38.0,-148.0
-13.0,-89.0,5.0,121.0,-74.0,758.0,241.0,415.0,-52.0,-129.0
-31.0,384.0,41.0,158.0,6.0,535.0,365.0,393.0,-55.0,-170.0
-22.0,211.0,-55.0,134.0,-27.0,435.0,335.0,417.0,-93.0,-217.0
-22.0,14.0,-37.0,166.0,-55.0,586.0,162.0,253.0,-141.0,-261.0
4.0,70.0,21.0,130.0,2.0,657.0,-147.0,3.0,-186.0,-264.0
10.0,-6.0,-31.0,85.0,-76.0,406.0,-311.0,-182.0,-231.0,-274.0
6.0,-36.0,-30.0,55.0,-43.0,281.0,-407.0,-434.0,-257.0,-316.0
18.0,90.0,-52.0,-1.0,24.0,431.0,-498.0,-273.0,-269.0,-341.0
14.0,14.0,-81.0,-52.0,-25.0,417.0,-579.0,-112.0,-279.0,-368.0
14.0,-101.0,-80.0,-90.0,-30.0,104.0,-701.0,-88.0,-303.0,-366.0
23.0,-34.0,-83.0,-107.0,34.0,-18.0,-718.0,-295.0,-310.0,-404.0
32.0,-118.0,-41.0,-95.0,-29.0,256.0,-652.0,-607.0,-290.0,-442.0
26.0,-338.0,-82.0,-74.0,-71.0,262.0,-528.0,-502.0,-298.0,-454.0
30.0,-227.0,-86.0,-24.0,18.0,-47.0,-410.0,-243.0,-291.0,-458.0
16.0,-142.0,-24.0,24.0,8.0,-133.0,-444.0,145.0,-267.0,-420.0
6.0,44.0,-26.0,1.0,33.0,-6.0,-553.0,384.0,-255.0,-400.0
-16.0,374.0,-17.0,-16.0,-2.0,75.0,-627.0,432.0,-248.0,-390.0
-47.0,123.0,-26.0,-67.0,-94.0,-64.0,-743.0,347.0,-266.0,-351.0
-73.0,184.0,-24.0,-138.0,-33.0,-166.0,-790.0,-35.0,-285.0,-276.0
-99.0,250.0,-39.0,-145.0,-1.0,40.0,-702.0,-402.0,-252.0,-213.0
-115.0,38.0,-54.0,-162.0,-75.0,170.0,-458.0,-650.0,-212.0,-192.0
-129.0,-21.0,-76.0,-211.0,-58.0,-4.0,-137.0,-565.0,-192.0,-153.0
-123.0,-316.0,-70.0,-235.0,-8.0,-181.0,77.0,-380.0,-181.0,-76.0
-130.0,-56.0,-47.0,-229.0,-18.0,-150.0,225.0,-162.0,-184.0,-23.0
-145.0,104.0,-114.0,-207.0,-25.0,-50.0,416.0,53.0,-159.0,0.0
-164.0,-105.0,-109.0,-167.0,-136.0,-64.0,503.0,-72.0,-138.0,10.0
-163.0,3.0,-124.0,-41.0,-108.0,0.0,285.0,-109.0,-135.0,20.0
-160.0,-47.0,-187.0,102.0,69.0,75.0,2.0,-275.0,-121.0,29.0
-155.0,228.0,-205.0,142.0,5.0,-25.0,-215.0,-395.0,-99.0,27.0
-145.0,318.0,-244.0,168.0,-48.0,-83.0,-329.0,-206.0,-60.0,40.0
-145.0,-166.0,-258.0,146.0,52.0,45.0,-393.0,-144.0,-46.0,13.0
-131.0,-102.0,-255.0,115.0,55.0,193.0,-456.0,-14.0,-47.0,-15.0
-128.0,245.0,-270.0,76.0,62.0,-31.0,-389.0,53.0,-56.0,9.0
-115.0,239.0,-244.0,-15.0,12.0,-329.0,-191.0,107.0,-53.0,28.0
-76.0,6.0,-243.0,-69.0,-52.0,-183.0,114.0,158.0,-20.0,28.0
-57.0,-214.0,-252.0,-130.0,-13.0,106.0,314.0,253.0,1.0,22.0
-55.0,-182.0,-172.0,-155.0,7.0,229.0,349.0,341.0,-6.0,53.0
-42.0,-81.0,-153.0,-115.0,-2.0,146.0,266.0,177.0,-33.0,93.0
-33.0,-144.0,-156.0,-115.0,-9.0,215.0,13.0,-70.0,-40.0,75.0
-17.0,-260.0,-109.0,-101.0,101.0,329.0,-374.0,-611.0,-49.0,62.0
-14.0,-170.0,-116.0,-27.0,92.0,115.0,-754.0,-979.0,-59.0,72.0
-16.0,233.0,-115.0,13.0,-47.0,-50.0,-1053.0,-1055.0,-57.0,74.0
-27.0,136.0,-83.0,24.0,-130.0,-102.0,-1287.0,-886.0,-52.0,85.0
-34.0,-219.0,-66.0,-23.0,-64.0,-100.0,-1392.0,-402.0,-9.0,92.0
-41.0,-93.0,-17.0,-107.0,24.0,-100.0,-1320.0,-147.0,22.0,115.0
-60.0,146.0,13.0,-145.0,-42.0,-163.0,-1056.0,171.0,-4.0,140.0
-42.0,149.0,3.0,-178.0,0.0,-73.0,-690.0,275.0,-24.0,151.0
-30.0,-111.0,20.0,-157.0,60.0,72.0,-255.0,40.0,-15.0,177.0
-22.0,32.0,12.0,-128.0,103.0,53.0,191.0,-129.0,6.0,177.0
-44.0,93.0,-30.0,-138.0,7.0,-12.0,538.0,-179.0,4.0,164.0
-63.0,-41.0,-41.0,-123.0,-129.0,204.0,711.0,11.0,-33.0,187.0
-83.0,158.0,-68.0,-152.0,21.0,389.0,665.0,149.0,-44.0,215.0
-123.0,-1.0,-94.0,-178.0,64.0,281.0,445.0,284.0,-31.0,211.0
-138.0,-250.0,-76.0,-177.0,-2.0,365.0,122.0,-1.0,-16.0,206.0
-134.0,0.0,-96.0,-187.0,49.0,619.0,-275.0,-476.0,-6.0,213.0
-121.0,111.0,-97.0,-157.0,50.0,653.0,-649.0,-582.0,-22.0,219.0
-137.0,-43.0,-82.0,-152.0,89.0,385.0,-832.0,-545.0,-46.0,206.0
-143.0,-10.0,-90.0,-180.0,134.0,254.0,-894.0,-70.0,-43.0,182.0
-164.0,66.0,-99.0,-196.0,2.0,372.0,-814.0,280.0,-40.0,173.0
-185.0,145.0,-119.0,-183.0,-15.0,196.0,-673.0,495.0,-64.0,165.0
-208.0,124.0,-145.0,-140.0,62.0,6.0,-567.0,644.0,-106.0,162.0
-217.0,48.0,-153.0,-111.0,13.0,155.0,-375.0,386.0,-128.0,159.0
-197.0,-147.0,-139.0,-88.0,-11.0,343.0,-207.0,214.0,-127.0,140.0
-185.0,-89.0,-158.0,-50.0,-16.0,273.0,-129.0,-118.0,-140.0,118.0
-168.0,-142.0,-128.0,-33.0,11.0,23.0,-53.0,-526.0,-134.0,100.0
-165.0,-264.0,-135.0,-55.0,46.0,125.0,48.0,-814.0,-141.0,86.0
-155.0,-20.0,-153.0,-55.0,-4.0,411.0,35.0,-672.0,-147.0,56.0
-184.0,-212.0,-125.0,-12.0,-126.0,396.0,-33.0,-212.0,-127.0,4.0
-197.0,16.0,-154.0,-10.0,-91.0,137.0,43.0,-29.0,-125.0,-33.0
-184.0,8.0,-149.0,-27.0,85.0,47.0,209.0,142.0,-106.0,-58.0
-179.0,-244.0,-182.0,-16.0,-79.0,92.0,305.0,-79.0,-101.0,-119.0
-150.0,-7.0,-195.0,-20.0,-180.0,10.0,353.0,-450.0,-90.0,-189.0
-121.0,8.0,-193.0,0.0,-42.0,8.0,318.0,-626.0,-53.0,-213.0
-91.0,54.0,-197.0,48.0,-46.0,18.0,178.0,-685.0,-51.0,-220.0
-84.0,-106.0,-197.0,64.0,15.0,66.0,108.0,-399.0,-51.0,-246.0
-89.0,-34.0,-190.0,11.0,-37.0,-31.0,26.0,-83.0,-31.0,-276.0
-107.0,-181.0,-225.0,-41.0,-113.0,-218.0,-65.0,230.0,14.0,-284.0
-126.0,-179.0,-276.0,-72.0,31.0,-97.0,-201.0,291.0,48.0,-290.0
-145.0,284.0,-164.0,-142.0,29.0,-37.0,-326.0,363.0,52.0,-288.0
-139.0,10.0,-228.0,-166.0,-120.0,-135.0,-310.0,535.0,51.0,-262.0
-120.0,-28.0,-231.0,-169.0,-35.0,-239.0,-321.0,498.0,67.0,-251.0
-120.0,220.0,-172.0,-182.0,67.0,-137.0,-386.0,458.0,106.0,-254.0
-108.0,35.0,-247.0,-176.0,-43.0,121.0,-447.0,-12.0,131.0,-220.0
-103.0,-220.0,-167.0,-174.0,-41.0,199.0,-469.0,-395.0,115.0,-155.0
-93.0,147.0,-167.0,-145.0,-67.0,156.0,-531.0,-424.0,84.0,-107.0
-105.0,278.0,-143.0,-124.0,-57.0,124.0,-589.0,-262.0,58.0,-93.0
-130.0,-104.0,-120.0,-110.0,58.0,204.0,-575.0,192.0,27.0,-59.0
-165.0,245.0,-153.0,-133.0,-34.0,125.0,-403.0,271.0,25.0,4.0
-184.0,410.0,-114.0,-167.0,-68.0,-7.0,-221.0,258.0,18.0,48.0
-162.0,63.0,-82.0,-152.0,42.0,75.0,-195.0,125.0,1.0,78.0
-139.0,201.0,-50.0,-138.0,11.0,4.0,-129.0,-75.0,-12.0,97.0
-128.0,338.0,-97.0,-106.0,-25.0,-64.0,-64.0,35.0,-29.0,109.0
-142.0,-132.0,-32.0,-64.0,40.0,78.0,-17.0,114.0,-20.0,118.0
-124.0,-14.0,18.0,-38.0,64.0,210.0,-135.0,190.0,-35.0,141.0
-128.0,202.0,-33.0,-72.0,63.0,175.0,-328.0,62.0,-56.0,163.0
-113.0,22.0,-43.0,-70.0,8.0,63.0,-303.0,-116.0,-42.0,141.0
-118.0,-18.0,-48.0,-36.0,-32.0,162.0,-41.0,-284.0,-29.0,142.0
-145.0,-213.0,-32.0,-53.0,23.0,323.0,183.0,-332.0,-20.0,183.0
-124.0,-62.0,-94.0,-27.0,65.0,287.0,154.0,-208.0,-7.0,225.0
-127.0,-235.0,-68.0,-17.0,47.0,235.0,157.0,-162.0,0.0,251.0
-113.0,-218.0,-54.0,-31.0,12.0,276.0,305.0,40.0,26.0,278.0
-116.0,-81.0,-88.0,-26.0,54.0,278.0,532.0,0.0,49.0,332.0
-117.0,-350.0,-33.0,-33.0,101.0,205.0,616.0,-22.0,57.0,371.0
-138.0,-163.0,-17.0,-39.0,15.0,181.0,598.0,-62.0,70.0,389.0
-145.0,-105.0,-81.0,-27.0,-117.0,189.0,663.0,-295.0,48.0,402.0
-134.0,-107.0,-158.0,-15.0,-150.0,-54.0,724.0,-229.0,39.0,413.0
-145.0,-140.0,-149.0,-38.0,-80.0,-228.0,730.0,-218.0,50.0,407.0
-152.0,-79.0,-176.0,-65.0,-46.0,-108.0,587.0,-116.0,27.0,379.0
-176.0,-3.0,-144.0,-62.0,-166.0,-22.0,456.0,-35.0,0.0,358.0
-157.0,-118.0,-145.0,-50.0,-89.0,96.0,370.0,66.0,-2.0,300.0
-167.0,-28.0,-174.0,-69.0,117.0,96.0,152.0,273.0,9.0,215.0
-171.0,-29.0,-123.0,-55.0,23.0,19.0,-97.0,258.0,12.0,171.0
-174.0,76.0,-118.0,-33.0,-64.0,-45.0,-266.0,397.0,24.0,143.0
-185.0,206.0,-143.0,-16.0,-45.0,-69.0,-351.0,484.0,38.0,89.0
-189.0,-101.0,-138.0,0.0,-6.0,6.0,-328.0,570.0,57.0,22.0
-193.0,-291.0,-92.0,-45.0,31.0,2.0,-308.0,535.0,107.0,-10.0
-189.0,-127.0,-115.0,-75.0,-30.0,129.0,-286.0,181.0,129.0,-21.0
-196.0,-98.0,-69.0,-89.0,-54.0,139.0,-224.0,-33.0,127.0,-60.0
-167.0,-119.0,-97.0,-72.0,27.0,6.0,-252.0,-184.0,126.0,-83.0
-180.0,-108.0,-146.0,-31.0,109.0,96.0,-396.0,-62.0,111.0,-96.0
-183.0,-230.0,-92.0,-11.0,77.0,191.0,-598.0,181.0,100.0,-112.0
-203.0,-180.0,-75.0,-4.0,-21.0,66.0,-725.0,491.0,99.0,-126.0
-185.0,108.0,-74.0,-27.0,-132.0,-220.0,-711.0,766.0,113.0,-131.0
-160.0,71.0,-64.0,-49.0,-51.0,-333.0,-687.0,498.0,125.0,-119.0
-165.0,-96.0,-29.0,-83.0,28.0,-285.0,-639.0,286.0,107.0,-125.0
-131.0,55.0,-44.0,-111.0,-85.0,-261.0,-442.0,171.0,103.0,-97.0
-141.0,-21.0,-39.0,-110.0,2.0,-308.0,-157.0,168.0,108.0,-63.0
-123.0,-204.0,-80.0,-149.0,109.0,-433.0,261.0,288.0,120.0,-60.0
-132.0,191.0,-55.0,-178.0,74.0,-423.0,659.0,310.0,139.0,-59.0
-114.0,206.0,-39.0,-131.0,-5.0,-199.0,899.0,378.0,138.0,-55.0
-94.0,-139.0,-79.0,-131.0,-52.0,-8.0,1028.0,230.0,137.0,-46.0
-101.0,139.0,-51.0,-138.0,55.0,-54.0,1047.0,96.0,122.0,-71.0
-80.0,56.0,-108.0,-104.0,49.0,-222.0,1097.0,-138.0,120.0,-97.0
-88.0,64.0,-99.0,-86.0,-78.0,-262.0,1074.0,-325.0,124.0,-97.0
-79.0,175.0,-91.0,-94.0,10.0,-123.0,981.0,-262.0,113.0,-113.0
-88.0,-120.0,-105.0,-117.0,123.0,-49.0,845.0,-107.0,95.0,-141.0
-110.0,7.0,-91.0,-103.0,37.0,-41.0,625.0,315.0,82.0,-147.0
-132.0,-131.0,-107.0,-83.0,8.0,-215.0,411.0,504.0,80.0,-147.0
-133.0,-365.0,-101.0,-83.0,-21.0,-335.0,304.0,484.0,58.0,-124.0
-125.0,-374.0,-138.0,-92.0,-69.0,-131.0,245.0,301.0,55.0,-73.0
-128.0,-142.0,-104.0,-49.0,5.0,-56.0,85.0,57.0,23.0,-13.0
-150.0,6.0,-33.0,16.0,-11.0,-56.0,-123.0,68.0,-10.0,32.0
-168.0,-326.0,-15.0,31.0,-82.0,-275.0,-332.0,112.0,-3.0,76.0
-162.0,62.0,-20.0,51.0,35.0,-465.0,-419.0,260.0,-22.0,157.0
-183.0,318.0,-43.0,69.0,88.0,-380.0,-485.0,279.0,-32.0,228.0
-188.0,-54.0,-57.0,54.0,-2.0,-371.0,-602.0,240.0,-27.0,273.0
-176.0,154.0,-63.0,31.0,-51.0,-382.0,-571.0,177.0,-32.0,292.0
-145.0,219.0,-52.0,13.0,-5.0,-582.0,-447.0,-27.0,-36.0,318.0
-133.0,-91.0,-47.0,17.0,59.0,-595.0,-277.0,-203.0,-13.0,356.0
-157.0,-62.0,-39.0,22.0,-39.0,-387.0,-70.0,-535.0,9.0,370.0
-157.0,219.0,-82.0,58.0,-32.0,-303.0,85.0,-626.0,7.0,370.0
-149.0,43.0,-40.0,107.0,0.0,-312.0,291.0,-508.0,6.0,367.0
-119.0,-192.0,-53.0,104.0,16.0,-381.0,495.0,-319.0,-5.0,360.0
-87.0,81.0,-120.0,114.0,37.0,-360.0,590.0,-1.0,-9.0,354.0
-76.0,-163.0,-90.0,121.0,-95.0,-375.0,643.0,218.0,-8.0,355.0
-68.0,-346.0,-165.0,138.0,-43.0,-341.0,542.0,593.0,-11.0,334.0
-63.0,43.0,-144.0,162.0,5.0,-186.0,386.0,722.0,12.0,301.0
-70.0,200.0,-180.0,147.0,-65.0,-39.0,229.0,750.0,42.0,291.0
-69.0,49.0,-173.0,169.0,-63.0,-151.0,88.0,692.0,54.0,312.0
-58.0,8.0,-109.0,155.0,-32.0,-488.0,-4.0,410.0,72.0,327.0
-56.0,181.0,-209.0,98.0,-12.0,-609.0,-87.0,408.0,123.0,298.0
-76.0,193.0,-162.0,53.0,-56.0,-479.0,7.0,360.0,165.0,284.0
-98.0,158.0,-70.0,-18.0,-71.0,-447.0,174.0,465.0,192.0,292.0
-80.0,177.0,-30.0,-33.0,-17.0,-558.0,350.0,502.0,209.0,272.0
-72.0,131.0,-20.0,-18.0,42.0,-559.0,463.0,321.0,200.0,258.0
-83.0,-146.0,13.0,-12.0,74.0,-575.0,440.0,336.0,201.0,237.0
-95.0,-25.0,-4.0,-15.0,-1.0,-492.0,335.0,245.0,216.0,210.0
-93.0,63.0,0.0,-24.0,-96.0,-343.0,270.0,195.0,214.0,205.0
-86.0,-313.0,62.0,9.0,-37.0,-285.0,183.0,223.0,199.0,189.0
-102.0,-221.0,34.0,15.0,8.0,-314.0,-91.0,282.0,187.0,195.0
-90.0,-277.0,33.0,-9.0,-44.0,-490.0,-344.0,367.0,151.0,153.0
-79.0,-424.0,-1.0,-32.0,-44.0,-511.0,-524.0,530.0,132.0,99.0
-86.0,15.0,-36.0,-13.0,45.0,-320.0,-579.0,679.0,132.0,90.0
-118.0,147.0,-53.0,0.0,136.0,-125.0,-568.0,596.0,110.0,45.0
-135.0,25.0,-56.0,30.0,129.0,-166.0,-543.0,639.0,111.0,0.0
-129.0,201.0,-99.0,86.0,38.0,-269.0,-372.0,620.0,97.0,-40.0
-141.0,-37.0,-131.0,24.0,-3.0,-304.0,-96.0,533.0,78.0,-45.0
-132.0,-357.0,-116.0,-24.0,-7.0,-431.0,207.0,388.0,57.0,-41.0
-118.0,-192.0,-174.0,5.0,-18.0,-527.0,440.0,-60.0,33.0,-52.0
-90.0,89.0,-189.0,5.0,7.0,-653.0,522.0,-347.0,15.0,-50.0
-76.0,-109.0,-178.0,-13.0,-11.0,-731.0,492.0,-437.0,5.0,-66.0
-81.0,-178.0,-181.0,-34.0,74.0,-803.0,533.0,-247.0,25.0,-52.0
-95.0,96.0,-216.0,-33.0,115.0,-868.0,546.0,1.0,32.0,-14.0
-104.0,13.0,-247.0,-10.0,-35.0,-663.0,476.0,57.0,55.0,4.0
-129.0,240.0,-217.0,-7.0,3.0,-504.0,411.0,190.0,91.0,29.0
-141.0,82.0,-199.0,-12.0,69.0,-575.0,373.0,97.0,110.0,37.0
-94.0,-167.0,-161.0,10.0,-2.0,-709.0,351.0,3.0,126.0,47.0
-52.0,126.0,-88.0,47.0,-35.0,-744.0,280.0,-110.0,138.0,61.0
-21.0,31.0,-104.0,55.0,-14.0,-540.0,195.0,-164.0,138.0,52.0
-23.0,35.0,-86.0,15.0,91.0,-360.0,110.0,-42.0,141.0,54.0
-8.0,343.0,-46.0,-8.0,130.0,-295.0,110.0,-218.0,145.0,74.0
0.0,340.0,-77.0,-21.0,-25.0,-338.0,130.0,-376.0,133.0,93.0
9.0,-109.0,-25.0,-42.0,-4.0,-440.0,101.0,-336.0,117.0,95.0
48.0,-347.0,-39.0,-26.0,73.0,-498.0,60.0,107.0,88.0,99.0
64.0,-54.0,-36.0,6.0,-7.0,-509.0,-15.0,558.0,85.0,106.0
87.0,-39.0,24.0,82.0,50.0,-417.0,-143.0,807.0,104.0,103.0
96.0,115.0,12.0,169.0,7.0,-342.0,-204.0,1060.0,109.0,108.0
123.0,353.0,57.0,183.0,-12.0,-289.0,-268.0,984.0,99.0,115.0
145.0,-44.0,26.0,121.0,108.0,-362.0,-434.0,792.0,88.0,105.0
145.0,235.0,-13.0,74.0,70.0,-366.0,-536.0,291.0,78.0,112.0
133.0,351.0,3.0,19.0,33.0,-245.0,-570.0,-36.0,68.0,151.0
129.0,88.0,23.0,-41.0,-1.0,-187.0,-503.0,-70.0,58.0,156.0
162.0,299.0,18.0,-79.0,37.0,11.0,-379.0,-155.0,37.0,144.0
175.0,230.0,23.0,-138.0,76.0,136.0,-107.0,134.0,20.0,161.0
184.0,-152.0,36.0,-122.0,-99.0,174.0,216.0,443.0,7.0,194.0
191.0,-426.0,-16.0,-81.0,-99.0,106.0,449.0,825.0,1.0,213.0
167.0,233.0,31.0,-22.0,117.0,-156.0,722.0,990.0,5.0,196.0
142.0,253.0,30.0,71.0,49.0,-173.0,947.0,842.0,35.0,181.0
123.0,-171.0,1.0,159.0,-58.0,-133.0,1086.0,746.0,46.0,184.0
139.0,-87.0,68.0,231.0,26.0,-139.0,1066.0,515.0,52.0,181.0
166.0,-339.0,84.0,215.0,26.0,-12.0,1013.0,184.0,55.0,168.0
167.0,-182.0,95.0,197.0,20.0,31.0,957.0,-423.0,37.0,149.0
181.0,172.0,152.0,152.0,-28.0,66.0,860.0,-862.0,41.0,140.0
177.0,142.0,201.0,118.0,0.0,9.0,687.0,-958.0,46.0,147.0
173.0,32.0,206.0,132.0,81.0,81.0,409.0,-777.0,70.0,152.0
146.0,176.0,226.0,133.0,-48.0,133.0,188.0,-258.0,89.0,157.0
120.0,16.0,195.0,161.0,-52.0,-135.0,35.0,166.0,95.0,144.0
117.0,-124.0,160.0,156.0,10.0,-173.0,-52.0,606.0,112.0,132.0
99.0,-16.0,183.0,169.0,-80.0,-17.0,-197.0,766.0,121.0,162.0
114.0,76.0,153.0,203.0,-64.0,111.0,-341.0,548.0,124.0,201.0
105.0,-63.0,153.0,214.0,-48.0,-36.0,-410.0,84.0,103.0,209.0
120.0,-286.0,146.0,228.0,-93.0,-172.0,-395.0,-341.0,104.0,199.0
113.0,11.0,113.0,184.0,15.0,-112.0,-318.0,-162.0,100.0,222.0
84.0,3.0,144.0,131.0,11.0,-135.0,-316.0,86.0,72.0,250.0
75.0,225.0,92.0,59.0,-97.0,4.0,-334.0,317.0,86.0,252.0
79.0,166.0,87.0,10.0,-74.0,109.0,-300.0,277.0,77.0,238.0
111.0,-238.0,81.0,3.0,-17.0,171.0,-182.0,-75.0,58.0,210.0
94.0,-17.0,1.0,-14.0,76.0,77.0,-83.0,-114.0,47.0,197.0
102.0,-55.0,34.0,58.0,4.0,-42.0,-53.0,-1.0,29.0,196.0
105.0,-154.0,10.0,136.0,-103.0,-8.0,-49.0,362.0,29.0,172.0
103.0,-15.0,0.0,188.0,-12.0,-114.0,23.0,583.0,-5.0,112.0
101.0,219.0,34.0,256.0,-37.0,-131.0,258.0,572.0,-16.0,56.0
102.0,-96.0,49.0,307.0,-101.0,-198.0,510.0,508.0,-17.0,8.0
120.0,-356.0,55.0,352.0,-49.0,-210.0,693.0,365.0,-33.0,-25.0
94.0,86.0,27.0,345.0,-28.0,-93.0,897.0,408.0,-28.0,-52.0
79.0,91.0,35.0,356.0,27.0,105.0,1005.0,269.0,-31.0,-97.0
80.0,-5.0,2.0,380.0,15.0,235.0,906.0,177.0,-9.0,-109.0
101.0,-50.0,-29.0,367.0,-52.0,65.0,724.0,75.0,0.0,-92.0
99.0,-139.0,-32.0,367.0,27.0,124.0,587.0,53.0,-6.0,-65.0
79.0,91.0,-33.0,373.0,9.0,189.0,582.0,284.0,2.0,-59.0
63.0,-16.0,-42.0,356.0,-69.0,239.0,568.0,273.0,20.0,-53.0
76.0,-3.0,-85.0,297.0,-53.0,358.0,409.0,339.0,32.0,-18.0
77.0,165.0,-83.0,243.0,-101.0,280.0,215.0,308.0,40.0,6.0
69.0,-136.0,-86.0,193.0,-68.0,148.0,199.0,260.0,49.0,25.0
95.0,-148.0,-87.0,122.0,67.0,-211.0,238.0,230.0,39.0,29.0
104.0,-100.0,-58.0,71.0,38.0,-322.0,231.0,59.0,34.0,35.0
115.0,-256.0,-62.0,31.0,-11.0,-184.0,194.0,103.0,46.0,45.0
90.0,-41.0,-38.0,14.0,30.0,-230.0,25.0,133.0,57.0,70.0
110.0,252.0,0.0,16.0,-31.0,-198.0,-61.0,254.0,50.0,102.0
107.0,-255.0,7.0,23.0,-42.0,-208.0,-187.0,308.0,43.0,107.0
75.0,-491.0,42.0,38.0,5.0,19.0,-440.0,269.0,41.0,112.0
77.0,86.0,99.0,59.0,39.0,283.0,-637.0,338.0,36.0,138.0
67.0,-201.0,94.0,102.0,100.0,193.0,-654.0,266.0,52.0,149.0
102.0,-286.0,123.0,126.0,87.0,294.0,-556.0,234.0,60.0,140.0
97.0,372.0,213.0,148.0,65.0,363.0,-517.0,195.0,68.0,132.0
113.0,-13.0,195.0,170.0,34.0,381.0,-459.0,151.0,72.0,129.0
139.0,-490.0,210.0,138.0,28.0,419.0,-379.0,173.0,77.0,122.0
137.0,43.0,264.0,119.0,40.0,366.0,-177.0,375.0,111.0,91.0
123.0,3.0,237.0,107.0,-10.0,460.0,34.0,574.0,120.0,64.0
105.0,-361.0,247.0,109.0,-24.0,324.0,157.0,450.0,111.0,48.0
132.0,-57.0,265.0,125.0,62.0,214.0,225.0,443.0,133.0,42.0
156.0,-173.0,276.0,93.0,124.0,182.0,255.0,303.0,156.0,27.0
179.0,-346.0,269.0,61.0,23.0,-6.0,292.0,221.0,135.0,12.0
167.0,198.0,255.0,31.0,-30.0,-18.0,271.0,308.0,116.0,15.0
183.0,338.0,245.0,5.0,57.0,-30.0,244.0,160.0,113.0,2.0
195.0,-109.0,232.0,41.0,50.0,139.0,241.0,232.0,110.0,0.0
181.0,125.0,239.0,92.0,-62.0,344.0,316.0,206.0,107.0,0.0
181.0,387.0,213.0,96.0,-36.0,237.0,416.0,62.0,103.0,1.0
169.0,142.0,198.0,117.0,64.0,174.0,501.0,-94.0,97.0,5.0
191.0,172.0,209.0,148.0,54.0,137.0,564.0,-157.0,83.0,23.0
190.0,110.0,221.0,189.0,46.0,146.0,629.0,158.0,76.0,56.0
198.0,140.0,216.0,221.0,-8.0,75.0,577.0,452.0,48.0,52.0
219.0,236.0,232.0,231.0,-43.0,-140.0,380.0,583.0,21.0,67.0
209.0,-198.0,221.0,279.0,34.0,-121.0,165.0,421.0,-3.0,100.0
202.0,-255.0,194.0,297.0,-14.0,-55.0,-74.0,175.0,3.0,130.0
213.0,204.0,248.0,291.0,-12.0,-80.0,-194.0,38.0,24.0,145.0
245.0,85.0,223.0,241.0,25.0,-150.0,-315.0,195.0,28.0,127.0
251.0,-8.0,216.0,146.0,-10.0,-75.0,-398.0,458.0,38.0,128.0
233.0,144.0,241.0,103.0,49.0,210.0,-389.0,334.0,29.0,138.0
227.0,14.0,162.0,134.0,21.0,261.0,-315.0,86.0,30.0,149.0
220.0,144.0,131.0,187.0,-48.0,225.0,-182.0,-280.0,21.0,158.0
209.0,236.0,146.0,249.0,48.0,303.0,-160.0,-312.0,14.0,165.0
189.0,71.0,89.0,287.0,104.0,421.0,-196.0,64.0,21.0,158.0
171.0,209.0,55.0,249.0,-30.0,522.0,-195.0,312.0,-1.0,169.0
175.0,182.0,96.0,214.0,-47.0,480.0,-143.0,456.0,-29.0,180.0
152.0,-152.0,48.0,208.0,70.0,486.0,-172.0,166.0,-30.0,135.0
115.0,170.0,0.0,172.0,77.0,518.0,-223.0,-68.0,-34.0,113.0
109.0,283.0,15.0,140.0,26.0,448.0,-295.0,-77.0,-53.0,93.0
119.0,-232.0,0.0,141.0,44.0,388.0,-314.0,-40.0,-76.0,73.0
123.0,-205.0,-15.0,141.0,52.0,330.0,-215.0,386.0,-81.0,58.0
104.0,-228.0,-12.0,196.0,27.0,193.0,-139.0,620.0,-69.0,23.0
81.0,-385.0,23.0,220.0,52.0,8.0,-12.0,872.0,-79.0,8.0
70.0,-175.0,62.0,224.0,18.0,4.0,211.0,912.0,-62.0,-5.0
81.0,-21.0,122.0,236.0,4.0,112.0,520.0,715.0,-35.0,-9.0
99.0,-60.0,100.0,200.0,33.0,99.0,747.0,727.0,-34.0,-17.0
124.0,117.0,108.0,152.0,31.0,192.0,872.0,439.0,-27.0,-44.0
155.0,226.0,164.0,88.0,-22.0,404.0,886.0,121.0,-9.0,-53.0
143.0,-36.0,173.0,76.0,-25.0,488.0,809.0,-219.0,21.0,-38.0
145.0,64.0,228.0,108.0,31.0,456.0,684.0,-413.0,40.0,-34.0
151.0,246.0,220.0,156.0,42.0,262.0,514.0,-330.0,67.0,-29.0
158.0,39.0,243.0,188.0,51.0,-31.0,334.0,-94.0,112.0,-16.0
195.0,68.0,276.0,213.0,-45.0,-47.0,101.0,219.0,149.0,-14.0
202.0,163.0,243.0,201.0,27.0,93.0,-160.0,308.0,180.0,4.0
208.0,62.0,234.0,167.0,151.0,3.0,-468.0,526.0,200.0,33.0
193.0,240.0,250.0,128.0,-50.0,-110.0,-651.0,777.0,199.0,57.0
205.0,118.0,232.0,101.0,-122.0,-200.0,-755.0,947.0,184.0,61.0
219.0,51.0,205.0,99.0,39.0,-210.0,-828.0,888.0,181.0,78.0
207.0,238.0,237.0,35.0,13.0,-14.0,-865.0,413.0,181.0,101.0
187.0,-65.0,211.0,22.0,-31.0,146.0,-877.0,-151.0,190.0,115.0
174.0,-29.0,198.0,-5.0,0.0,310.0,-697.0,-589.0,206.0,133.0
204.0,165.0,201.0,-30.0,-78.0,419.0,-487.0,-546.0,215.0,135.0
210.0,210.0,182.0,32.0,24.0,427.0,-290.0,-168.0,217.0,149.0
222.0,16.0,192.0,59.0,61.0,581.0,-95.0,402.0,211.0,144.0
203.0,-251.0,195.0,53.0,-127.0,792.0,116.0,907.0,212.0,138.0
176.0,-39.0,185.0,89.0,-25.0,885.0,357.0,923.0,206.0,141.0
155.0,-106.0,207.0,141.0,112.0,857.0,514.0,711.0,184.0,111.0
144.0,-52.0,203.0,164.0,19.0,866.0,589.0,299.0,186.0,87.0
154.0,179.0,153.0,217.0,0.0,870.0,637.0,194.0,188.0,65.0
147.0,15.0,197.0,195.0,12.0,773.0,756.0,279.0,174.0,51.0
154.0,99.0,164.0,140.0,11.0,767.0,954.0,371.0,168.0,44.0
154.0,167.0,102.0,127.0,82.0,797.0,1096.0,674.0,157.0,30.0
166.0,-131.0,141.0,131.0,25.0,790.0,1040.0,515.0,155.0,38.0
153.0,-344.0,148.0,152.0,-68.0,696.0,857.0,332.0,168.0,40.0
129.0,-158.0,159.0,119.0,32.0,577.0,662.0,18.0,164.0,33.0
114.0,-62.0,104.0,101.0,82.0,497.0,520.0,-310.0,144.0,37.0
104.0,-349.0,88.0,63.0,26.0,315.0,288.0,-219.0,138.0,41.0
93.0,-153.0,115.0,6.0,90.0,314.0,-67.0,-77.0,128.0,44.0
95.0,179.0,91.0,-30.0,135.0,391.0,-390.0,253.0,104.0,45.0
113.0,122.0,138.0,-44.0,79.0,329.0,-637.0,155.0,93.0,50.0
118.0,64.0,134.0,1.0,16.0,235.0,-775.0,-81.0,61.0,65.0
98.0,-8.0,127.0,15.0,15.0,294.0,-867.0,-173.0,22.0,97.0
58.0,5.0,174.0,-2.0,21.0,685.0,-905.0,-229.0,3.0,102.0
59.0,46.0,143.0,6.0,40.0,820.0,-869.0,27.0,-24.0,93.0
60.0,114.0,141.0,50.0,55.0,632.0,-666.0,206.0,-51.0,112.0
65.0,264.0,200.0,98.0,10.0,487.0,-428.0,533.0,-65.0,131.0
82.0,226.0,164.0,121.0,59.0,558.0,-308.0,777.0,-70.0,170.0
107.0,172.0,160.0,172.0,43.0,734.0,-193.0,881.0,-76.0,199.0
128.0,231.0,211.0,206.0,-30.0,565.0,-48.0,923.0,-87.0,226.0
117.0,199.0,192.0,171.0,-57.0,474.0,102.0,537.0,-94.0,260.0
96.0,88.0,179.0,119.0,-55.0,577.0,130.0,229.0,-85.0,283.0
113.0,36.0,191.0,78.0,-37.0,632.0,119.0,42.0,-74.0,323.0
124.0,152.0,174.0,25.0,-24.0,665.0,155.0,-101.0,-57.0,320.0
112.0,78.0,104.0,-38.0,-68.0,619.0,274.0,-105.0,-3.0,307.0
118.0,-105.0,141.0,-41.0,-85.0,748.0,390.0,-107.0,54.0,315.0
140.0,-43.0,122.0,6.0,38.0,791.0,396.0,5.0,92.0,299.0
169.0,-152.0,70.0,36.0,-85.0,488.0,390.0,88.0,107.0,282.0
152.0,-166.0,113.0,64.0,-142.0,384.0,331.0,273.0,105.0,242.0
160.0,23.0,71.0,98.0,0.0,554.0,245.0,290.0,111.0,182.0
150.0,-183.0,113.0,130.0,-22.0,640.0,168.0,68.0,103.0,143.0
124.0,-139.0,107.0,116.0,3.0,592.0,90.0,-31.0,97.0,114.0
120.0,236.0,114.0,88.0,7.0,567.0,-12.0,-356.0,110.0,64.0
120.0,150.0,163.0,89.0,-35.0,678.0,-76.0,-441.0,101.0,0.0
148.0,43.0,136.0,60.0,32.0,531.0,-112.0,-288.0,81.0,-38.0
150.0,107.0,183.0,32.0,40.0,292.0,-88.0,-55.0,62.0,-54.0
164.0,-74.0,215.0,24.0,-59.0,429.0,29.0,234.0,54.0,-66.0
160.0,-72.0,237.0,-3.0,-25.0,532.0,79.0,201.0,60.0,-74.0
143.0,223.0,227.0,20.0,24.0,496.0,24.0,125.0,55.0,-86.0
125.0,-132.0,233.0,77.0,61.0,428.0,-113.0,-33.0,52.0,-81.0
123.0,-269.0,229.0,66.0,56.0,496.0,-208.0,-60.0,47.0,-76.0
144.0,260.0,207.0,16.0,-12.0,713.0,-191.0,-7.0,25.0,-91.0
130.0,-35.0,247.0,-14.0,56.0,555.0,-158.0,190.0,36.0,-108.0
124.0,-254.0,214.0,0.0,7.0,400.0,-227.0,349.0,42.0,-144.0
121.0,136.0,206.0,40.0,-6.0,509.0,-277.0,177.0,18.0,-162.0
109.0,101.0,186.0,131.0,56.0,645.0,-283.0,64.0,27.0,-164.0
104.0,81.0,140.0,190.0,-30.0,630.0,-268.0,-103.0,22.0,-186.0
87.0,375.0,159.0,138.0,49.0,287.0,-149.0,11.0,17.0,-217.0
69.0,290.0,115.0,125.0,85.0,285.0,-81.0,103.0,38.0,-220.0
56.0,249.0,116.0,112.0,-57.0,603.0,-26.0,59.0,33.0,-201.0
49.0,289.0,128.0,34.0,-11.0,753.0,73.0,60.0,28.0,-196.0
58.0,-54.0,98.0,-60.0,24.0,626.0,230.0,-38.0,30.0,-177.0
30.0,-20.0,124.0,-92.0,0.0,440.0,363.0,12.0,69.0,-154.0
-3.0,68.0,106.0,-100.0,30.0,561.0,500.0,-49.0,106.0,-135.0
-12.0,18.0,94.0,-100.0,-66.0,509.0,687.0,-64.0,125.0,-116.0
1.0,-95.0,94.0,-38.0,-26.0,398.0,810.0,-48.0,159.0,-105.0
18.0,-127.0,90.0,0.0,84.0,351.0,880.0,62.0,157.0,-101.0
26.0,225.0,109.0,55.0,9.0,273.0,832.0,284.0,169.0,-109.0
38.0,220.0,80.0,96.0,21.0,146.0,758.0,424.0,182.0,-104.0
46.0,142.0,77.0,96.0,16.0,-109.0,684.0,628.0,175.0,-114.0
42.0,-11.0,93.0,100.0,-23.0,24.0,519.0,474.0,167.0,-117.0
23.0,-111.0,91.0,88.0,35.0,168.0,253.0,145.0,155.0,-106.0
13.0,279.0,90.0,103.0,-8.0,159.0,-42.0,-123.0,150.0,-94.0
-8.0,330.0,123.0,114.0,14.0,36.0,-394.0,-275.0,123.0,-68.0
-36.0,135.0,160.0,73.0,81.0,-135.0,-756.0,-214.0,104.0,-59.0
-46.0,207.0,136.0,51.0,-19.0,6.0,-972.0,-242.0,102.0,-29.0
-33.0,172.0,163.0,71.0,-20.0,10.0,-1097.0,-319.0,98.0,-6.0
-23.0,25.0,180.0,70.0,33.0,136.0,-1133.0,-456.0,81.0,9.0
-27.0,86.0,145.0,72.0,16.0,337.0,-999.0,-448.0,34.0,34.0
-40.0,23.0,171.0,95.0,51.0,296.0,-654.0,-360.0,10.0,47.0
-27.0,-99.0,171.0,97.0,-4.0,234.0,-321.0,-323.0,-6.0,67.0
-15.0,7.0,145.0,64.0,-64.0,267.0,-101.0,-5.0,-43.0,63.0
-26.0,203.0,146.0,41.0,15.0,461.0,71.0,258.0,-54.0,78.0
-33.0,87.0,162.0,35.0,68.0,505.0,241.0,358.0,-76.0,96.0
-49.0,-125.0,180.0,24.0,45.0,373.0,372.0,216.0,-115.0,88.0
-29.0,52.0,194.0,11.0,-41.0,140.0,384.0,-243.0,-135.0,71.0
-18.0,95.0,182.0,31.0,-42.0,53.0,423.0,-626.0,-139.0,63.0
19.0,-21.0,140.0,59.0,26.0,105.0,576.0,-842.0,-130.0,51.0
51.0,-36.0,106.0,83.0,-38.0,116.0,750.0,-606.0,-116.0,2.0
71.0,7.0,96.0,126.0,-58.0,113.0,723.0,-166.0,-105.0,-17.0
76.0,39.0,89.0,115.0,15.0,60.0,583.0,210.0,-101.0,-35.0
73.0,153.0,61.0,111.0,-9.0,143.0,386.0,436.0,-85.0,-62.0
104.0,115.0,51.0,66.0,23.0,48.0,137.0,110.0,-60.0,-86.0
96.0,-195.0,9.0,9.0,15.0,-95.0,-14.0,-271.0,-67.0,-126.0
125.0,-104.0,-19.0,-12.0,-93.0,-60.0,-118.0,-447.0,-78.0,-149.0
125.0,103.0,-29.0,-86.0,60.0,14.0,-247.0,-380.0,-78.0,-188.0
141.0,-135.0,-33.0,-98.0,80.0,9.0,-380.0,-35.0,-95.0,-220.0
142.0,-276.0,-8.0,-117.0,-40.0,-310.0,-380.0,253.0,-92.0,-221.0
128.0,45.0,-11.0,-162.0,93.0,-354.0,-326.0,465.0,-97.0,-234.0
126.0,85.0,-9.0,-173.0,31.0,-133.0,-228.0,434.0,-107.0,-242.0
121.0,66.0,-44.0,-153.0,-46.0,-37.0,-63.0,315.0,-99.0,-232.0
119.0,181.0,-42.0,-99.0,61.0,-77.0,162.0,84.0,-110.0,-206.0
76.0,-7.0,-9.0,-83.0,40.0,-300.0,451.0,-242.0,-105.0,-173.0
88.0,90.0,7.0,-62.0,23.0,-392.0,696.0,-208.0,-94.0,-163.0
103.0,306.0,57.0,-34.0,32.0,-296.0,844.0,-131.0,-71.0,-148.0
132.0,86.0,42.0,-51.0,12.0,-189.0,794.0,-68.0,-57.0,-122.0
83.0,-30.0,11.0,-100.0,2.0,-200.0,599.0,-216.0,-59.0,-104.0
47.0,124.0,51.0,-123.0,-24.0,-85.0,249.0,-436.0,-60.0,-100.0
27.0,-2.0,36.0,-121.0,7.0,35.0,-88.0,-295.0,-77.0,-87.0
-14.0,-206.0,-6.0,-90.0,53.0,5.0,-284.0,-84.0,-67.0,-54.0
-14.0,85.0,2.0,-48.0,-18.0,-60.0,-483.0,188.0,-52.0,-45.0
-19.0,188.0,-38.0,-48.0,-23.0,-262.0,-695.0,242.0,-51.0,-26.0
29.0,-290.0,-56.0,-70.0,21.0,-212.0,-936.0,194.0,-44.0,-14.0
36.0,44.0,-58.0,-79.0,-22.0,-110.0,-1145.0,31.0,-43.0,-8.0
52.0,216.0,-73.0,-62.0,15.0,-139.0,-1217.0,-192.0,-39.0,-3.0
46.0,-207.0,-64.0,-7.0,-31.0,-169.0,-1137.0,-330.0,-46.0,-7.0
53.0,146.0,-79.0,41.0,-6.0,-225.0,-1019.0,-602.0,-82.0,7.0
29.0,261.0,-86.0,31.0,115.0,-129.0,-819.0,-570.0,-98.0,-6.0
0.0,-9.0,-61.0,0.0,-3.0,-155.0,-477.0,-596.0,-96.0,-27.0
25.0,-199.0,-43.0,-34.0,-21.0,-305.0,-54.0,-491.0,-97.0,-32.0
31.0,123.0,-61.0,-72.0,63.0,-482.0,240.0,-136.0,-105.0,-23.0
53.0,345.0,-54.0,-89.0,73.0,-516.0,326.0,125.0,-101.0,-20.0
41.0,74.0,-27.0,-84.0,95.0,-200.0,437.0,245.0,-100.0,-22.0
59.0,279.0,-25.0,-103.0,-18.0,-2.0,592.0,-162.0,-113.0,-7.0
48.0,151.0,-14.0,-83.0,-100.0,-128.0,657.0,-415.0,-100.0,-7.0
47.0,7.0,-39.0,-69.0,45.0,-234.0,571.0,-611.0,-107.0,-8.0
25.0,308.0,-68.0,-79.0,54.0,-240.0,537.0,-570.0,-108.0,-15.0
18.0,84.0,-26.0,-108.0,-52.0,-362.0,552.0,-308.0,-103.0,-28.0
26.0,-114.0,-62.0,-118.0,23.0,-426.0,548.0,-345.0,-116.0,-44.0
1.0,3.0,-91.0,-41.0,54.0,-406.0,545.0,-195.0,-116.0,-59.0
0.0,114.0,-63.0,-24.0,-2.0,-340.0,473.0,-269.0,-129.0,-64.0
-38.0,15.0,-71.0,3.0,-31.0,-334.0,383.0,-94.0,-132.0,-80.0
-49.0,-297.0,-75.0,-4.0,-42.0,-462.0,293.0,194.0,-131.0,-102.0
-96.0,4.0,-96.0,-54.0,50.0,-419.0,194.0,232.0,-114.0,-111.0
-100.0,193.0,-70.0,-42.0,56.0,-448.0,-7.0,279.0,-105.0,-105.0
-99.0,-164.0,-111.0,-50.0,-14.0,-435.0,-191.0,-112.0,-112.0,-108.0
-106.0,-215.0,-83.0,-51.0,10.0,-346.0,-273.0,-369.0,-88.0,-122.0
-113.0,83.0,-52.0,-61.0,13.0,-320.0,-325.0,-400.0,-68.0,-121.0
-132.0,274.0,-101.0,-52.0,19.0,-221.0,-363.0,-134.0,-64.0,-116.0
-122.0,22.0,-85.0,-78.0,49.0,-313.0,-248.0,149.0,-55.0,-127.0
-143.0,-74.0,-131.0,-118.0,-22.0,-358.0,-55.0,49.0,-52.0,-131.0
-146.0,-18.0,-92.0,-123.0,-55.0,-214.0,28.0,-118.0,-73.0,-135.0
-167.0,74.0,-78.0,-120.0,26.0,-98.0,-29.0,-705.0,-59.0,-154.0
-139.0,165.0,-75.0,-89.0,7.0,-156.0,-216.0,-923.0,-53.0,-168.0
-118.0,-183.0,-71.0,-78.0,39.0,-185.0,-306.0,-633.0,-60.0,-169.0
-101.0,-20.0,-99.0,-58.0,37.0,-65.0,-395.0,-269.0,-44.0,-164.0
-83.0,327.0,-59.0,-83.0,1.0,-70.0,-579.0,205.0,-61.0,-168.0
-52.0,-101.0,-121.0,-107.0,21.0,-239.0,-748.0,247.0,-58.0,-183.0
-27.0,56.0,-76.0,-96.0,-67.0,-490.0,-742.0,133.0,-46.0,-184.0
-45.0,436.0,-50.0,-67.0,1.0,-452.0,-607.0,-253.0,-27.0,-161.0
-18.0,101.0,-79.0,-13.0,44.0,-423.0,-490.0,-641.0,-15.0,-151.0
-8.0,79.0,-50.0,-15.0,12.0,-634.0,-344.0,-866.0,-23.0,-124.0
22.0,335.0,-120.0,-7.0,25.0,-738.0,-204.0,-1060.0,-13.0,-72.0
22.0,201.0,-90.0,-24.0,-25.0,-646.0,51.0,-816.0,-19.0,-52.0
22.0,-124.0,-70.0,-81.0,48.0,-510.0,366.0,-620.0,-9.0,-33.0
28.0,-3.0,-123.0,-96.0,91.0,-604.0,523.0,-312.0,-3.0,-8.0
12.0,-56.0,-123.0,-100.0,-60.0,-583.0,543.0,-262.0,12.0,13.0
0.0,-297.0,-111.0,-121.0,-31.0,-520.0,621.0,-436.0,36.0,33.0
-18.0,-158.0,-116.0,-129.0,91.0,-605.0,679.0,-332.0,3.0,38.0
0.0,-183.0,-118.0,-80.0,36.0,-596.0,506.0,-288.0,-33.0,50.0
1.0,-139.0,-67.0,-60.0,61.0,-440.0,194.0,-73.0,-52.0,73.0
12.0,-72.0,-142.0,-65.0,83.0,-328.0,-18.0,-134.0,-83.0,85.0
26.0,38.0,-155.0,-60.0,30.0,-527.0,-88.0,-258.0,-118.0,85.0
44.0,-37.0,-102.0,-79.0,31.0,-645.0,-242.0,-386.0,-155.0,97.0
51.0,-87.0,-202.0,-58.0,9.0,-421.0,-447.0,-602.0,-193.0,105.0
27.0,227.0,-181.0,-35.0,-23.0,-171.0,-545.0,-607.0,-208.0,94.0
2.0,90.0,-162.0,-44.0,55.0,-243.0,-500.0,-672.0,-229.0,89.0
-10.0,-159.0,-207.0,-67.0,70.0,-374.0,-442.0,-521.0,-256.0,86.0
-2.0,-69.0,-178.0,-116.0,25.0,-320.0,-504.0,-506.0,-261.0,63.0
5.0,85.0,-213.0,-173.0,45.0,-195.0,-598.0,-430.0,-261.0,40.0
8.0,-129.0,-229.0,-186.0,29.0,-130.0,-615.0,-184.0,-284.0,32.0
3.0,-213.0,-198.0,-152.0,36.0,-186.0,-562.0,-84.0,-310.0,13.0
0.0,-68.0,-199.0,-124.0,-19.0,9.0,-480.0,70.0,-303.0,-9.0
-19.0,-89.0,-219.0,-103.0,-43.0,122.0,-373.0,-118.0,-284.0,-27.0
-42.0,123.0,-229.0,-79.0,-17.0,-5.0,-255.0,-288.0,-257.0,-47.0
-59.0,111.0,-183.0,-34.0,-15.0,-152.0,-107.0,-461.0,-233.0,-67.0
-69.0,-180.0,-158.0,-48.0,-18.0,-246.0,30.0,-565.0,-205.0,-66.0
-70.0,-79.0,-138.0,-98.0,0.0,-179.0,188.0,-371.0,-190.0,-42.0
-58.0,8.0,-108.0,-108.0,14.0,-305.0,420.0,-347.0,-187.0,-52.0
-31.0,-97.0,-114.0,-120.0,-62.0,-422.0,657.0,-83.0,-169.0,-66.0
-41.0,-166.0,-112.0,-128.0,-104.0,-383.0,716.0,7.0,-146.0,-49.0
-75.0,-182.0,-153.0,-107.0,-126.0,-356.0,599.0,-49.0,-140.0,-49.0
-108.0,158.0,-180.0,-76.0,-80.0,-454.0,386.0,-97.0,-142.0,-74.0
-131.0,69.0,-169.0,-74.0,-30.0,-582.0,190.0,-351.0,-134.0,-108.0
-114.0,-116.0,-178.0,-51.0,-27.0,-551.0,-57.0,-430.0,-148.0,-105.0
-108.0,232.0,-175.0,-35.0,-38.0,-578.0,-490.0,-812.0,-155.0,-115.0
-118.0,304.0,-182.0,-38.0,-57.0,-605.0,-738.0,-942.0,-160.0,-165.0
-135.0,-32.0,-181.0,-48.0,-61.0,-594.0,-790.0,-897.0,-182.0,-192.0
-130.0,-154.0,-202.0,-65.0,-38.0,-393.0,-753.0,-735.0,-183.0,-229.0
-121.0,84.0,-168.0,-110.0,-8.0,-225.0,-666.0,-166.0,-195.0,-254.0
-141.0,-80.0,-143.0,-168.0,-118.0,-337.0,-609.0,57.0,-202.0,-273.0
-140.0,-76.0,-199.0,-167.0,-40.0,-218.0,-442.0,145.0,-197.0,-298.0
-156.0,-39.0,-132.0,-168.0,81.0,39.0,-224.0,-243.0,-198.0,-291.0
-185.0,-147.0,-152.0,-161.0,-18.0,112.0,36.0,-648.0,-188.0,-299.0
-205.0,162.0,-241.0,-151.0,25.0,-23.0,221.0,-837.0,-188.0,-294.0
-184.0,96.0,-217.0,-141.0,102.0,-137.0,286.0,-929.0,-199.0,-264.0
-161.0,-54.0,-173.0,-182.0,56.0,-48.0,275.0,-593.0,-210.0,-256.0
-162.0,52.0,-201.0,-239.0,-40.0,68.0,101.0,-476.0,-209.0,-245.0
-174.0,-176.0,-254.0,-232.0,-67.0,123.0,-207.0,-273.0,-201.0,-213.0
-194.0,-175.0,-190.0,-214.0,-36.0,88.0,-483.0,-229.0,-187.0,-159.0
-193.0,89.0,-203.0,-146.0,41.0,132.0,-568.0,-332.0,-169.0,-138.0
-208.0,-104.0,-144.0,-96.0,112.0,88.0,-455.0,-334.0,-166.0,-130.0
-198.0,-128.0,-120.0,-75.0,-45.0,-145.0,-324.0,-439.0,-151.0,-89.0
-215.0,-46.0,-174.0,-79.0,-62.0,-186.0,-280.0,-230.0,-160.0,-73.0
-213.0,-175.0,-118.0,-106.0,104.0,-119.0,-121.0,-194.0,-173.0,-76.0
-204.0,-138.0,-166.0,-117.0,-16.0,-208.0,65.0,-149.0,-149.0,-83.0
-218.0,66.0,-122.0,-110.0,-82.0,-452.0,129.0,-225.0,-153.0,-76.0
-198.0,-159.0,-68.0,-54.0,45.0,-513.0,97.0,-482.0,-143.0,-85.0
-196.0,-438.0,-90.0,-40.0,78.0,-420.0,15.0,-417.0,-118.0,-126.0
-175.0,-26.0,-72.0,-50.0,143.0,-404.0,-46.0,-454.0,-114.0,-134.0
-169.0,16.0,-75.0,-58.0,124.0,-246.0,-101.0,-234.0,-112.0,-128.0
-148.0,-78.0,-95.0,-37.0,-35.0,-74.0,-255.0,-123.0,-122.0,-127.0
-119.0,139.0,-103.0,-10.0,34.0,-36.0,-409.0,-70.0,-129.0,-117.0
-106.0,124.0,-101.0,-9.0,160.0,-93.0,-367.0,157.0,-133.0,-76.0
-102.0,182.0,-113.0,20.0,-60.0,-93.0,-366.0,105.0,-129.0,-35.0
-113.0,140.0,-117.0,25.0,-74.0,-7.0,-392.0,145.0,-121.0,-19.0
-106.0,-122.0,-133.0,37.0,105.0,-145.0,-422.0,-153.0,-118.0,19.0
-93.0,139.0,-137.0,32.0,-44.0,-379.0,-457.0,-423.0,-104.0,65.0
-79.0,374.0,-136.0,16.0,0.0,-432.0,-405.0,-803.0,-100.0,77.0
-67.0,-43.0,-155.0,-1.0,67.0,-329.0,-364.0,-1261.0,-102.0,82.0
-60.0,-128.0,-179.0,-24.0,-66.0,-234.0,-234.0,-1018.0,-117.0,114.0
-58.0,53.0,-161.0,-31.0,105.0,-162.0,-69.0,-716.0,-125.0,140.0
-66.0,-79.0,-185.0,-86.0,108.0,-146.0,88.0,-243.0,-132.0,139.0
-94.0,-50.0,-178.0,-134.0,-132.0,-209.0,213.0,-73.0,-153.0,129.0
-103.0,44.0,-124.0,-169.0,89.0,-238.0,316.0,-254.0,-174.0,139.0
-121.0,-286.0,-119.0,-203.0,201.0,-171.0,425.0,-454.0,-181.0,142.0
-118.0,-116.0,-75.0,-215.0,-59.0,14.0,434.0,-650.0,-191.0,137.0
-110.0,249.0,-55.0,-194.0,20.0,90.0,351.0,-495.0,-207.0,143.0
-100.0,-68.0,-23.0,-133.0,145.0,55.0,170.0,-447.0,-201.0,157.0
-74.0,-91.0,-12.0,-105.0,40.0,5.0,-104.0,-144.0,-203.0,170.0
-89.0,214.0,-12.0,-143.0,0.0,-24.0,-379.0,-48.0,-202.0,172.0
-99.0,71.0,-33.0,-163.0,-22.0,-6.0,-475.0,-282.0,-173.0,197.0
-115.0,-320.0,-53.0,-140.0,-24.0,-111.0,-526.0,-310.0,-158.0,217.0
-83.0,-107.0,-26.0,-122.0,86.0,-143.0,-580.0,-463.0,-159.0,207.0
-73.0,96.0,-50.0,-136.0,59.0,-109.0,-529.0,-336.0,-151.0,202.0
-70.0,-133.0,-28.0,-165.0,-110.0,-100.0,-371.0,-304.0,-137.0,216.0
-47.0,-126.0,-54.0,-148.0,-34.0,-166.0,-142.0,-314.0,-128.0,221.0
-35.0,-128.0,-46.0,-138.0,77.0,-359.0,68.0,-240.0,-125.0,201.0
-25.0,-137.0,-37.0,-125.0,-59.0,-335.0,296.0,-275.0,-110.0,194.0
-26.0,-199.0,-103.0,-92.0,-82.0,-230.0,461.0,-81.0,-90.0,202.0
5.0,-232.0,-63.0,-79.0,-1.0,-329.0,610.0,-138.0,-72.0,185.0
4.0,-124.0,-123.0,-72.0,-41.0,-512.0,695.0,-169.0,-60.0,160.0
8.0,-196.0,-150.0,-60.0,-57.0,-421.0,576.0,-371.0,-60.0,142.0
-4.0,-260.0,-109.0,-63.0,-48.0,-202.0,269.0,-622.0,-63.0,121.0
-7.0,-42.0,-150.0,-99.0,-105.0,-137.0,-88.0,-484.0,-93.0,104.0
8.0,0.0,-127.0,-93.0,-97.0,-34.0,-344.0,-371.0,-100.0,85.0
16.0,-30.0,-131.0,-80.0,36.0,75.0,-617.0,123.0,-83.0,78.0
34.0,276.0,-155.0,-83.0,27.0,171.0,-921.0,354.0,-81.0,41.0
47.0,135.0,-161.0,-86.0,-88.0,113.0,-1160.0,315.0,-77.0,-10.0
66.0,-136.0,-158.0,-72.0,-16.0,13.0,-1159.0,245.0,-84.0,-8.0
46.0,29.0,-168.0,-64.0,67.0,13.0,-939.0,-129.0,-85.0,-20.0
33.0,147.0,-188.0,-78.0,-19.0,-97.0,-669.0,-168.0,-98.0,-42.0
9.0,-54.0,-174.0,-90.0,-28.0,-218.0,-313.0,-99.0,-102.0,-61.0
-5.0,-70.0,-164.0,-120.0,1.0,-308.0,62.0,164.0,-107.0,-55.0
-31.0,149.0,-170.0,-140.0,-58.0,-256.0,393.0,249.0,-125.0,-46.0
-51.0,-12.0,-148.0,-183.0,3.0,-107.0,664.0,0.0,-130.0,-83.0
-56.0,47.0,-95.0,-195.0,11.0,-27.0,727.0,-258.0,-144.0,-63.0
-69.0,264.0,-91.0,-159.0,-47.0,-52.0,634.0,-770.0,-155.0,-31.0
-90.0,223.0,-75.0,-110.0,-11.0,-93.0,553.0,-931.0,-154.0,-27.0
-137.0,61.0,-80.0,-63.0,10.0,-105.0,429.0,-731.0,-141.0,-15.0
-141.0,-155.0,-125.0,-79.0,-58.0,-273.0,289.0,-219.0,-122.0,0.0
-174.0,-238.0,-135.0,-110.0,-147.0,-275.0,74.0,249.0,-138.0,18.0
-210.0,-90.0,-169.0,-116.0,4.0,-160.0,-116.0,258.0,-148.0,11.0
-227.0,55.0,-191.0,-110.0,75.0,-126.0,-215.0,288.0,-124.0,1.0
-221.0,-240.0,-159.0,-128.0,-22.0,-298.0,-342.0,173.0,-115.0,7.0
-189.0,-357.0,-122.0,-114.0,3.0,-600.0,-384.0,-33.0,-112.0,1.0
-168.0,-60.0,-143.0,-74.0,23.0,-482.0,-356.0,-325.0,-80.0,-17.0
-144.0,-162.0,-174.0,-44.0,95.0,-278.0,-321.0,-607.0,-64.0,11.0
-121.0,-297.0,-185.0,-16.0,60.0,-270.0,-289.0,-600.0,-62.0,52.0
-103.0,-2.0,-238.0,-13.0,-104.0,-425.0,-222.0,-548.0,-45.0,58.0
-122.0,-16.0,-226.0,-14.0,-32.0,-342.0,-115.0,-363.0,-60.0,61.0
-113.0,-95.0,-211.0,17.0,91.0,-87.0,61.0,-194.0,-60.0,69.0
-99.0,-50.0,-269.0,92.0,-11.0,-121.0,216.0,-3.0,-52.0,89.0
-79.0,-106.0,-220.0,139.0,-8.0,-8.0,252.0,190.0,-64.0,72.0
-56.0,-10.0,-252.0,173.0,133.0,183.0,236.0,153.0,-43.0,62.0
-42.0,122.0,-246.0,192.0,77.0,376.0,252.0,133.0,-40.0,84.0
1.0,-44.0,-165.0,155.0,13.0,326.0,431.0,-12.0,-43.0,68.0
38.0,-301.0,-186.0,83.0,-62.0,112.0,596.0,-153.0,-36.0,47.0
51.0,-57.0,-155.0,24.0,-119.0,310.0,580.0,-101.0,-36.0,16.0
61.0,-12.0,-166.0,9.0,46.0,427.0,412.0,1.0,-17.0,-11.0
67.0,-69.0,-202.0,-8.0,132.0,262.0,202.0,5.0,0.0,-32.0
78.0,-107.0,-198.0,-17.0,3.0,187.0,34.0,-223.0,17.0,-59.0
98.0,-305.0,-154.0,-62.0,-64.0,235.0,-202.0,-458.0,23.0,-53.0
64.0,-83.0,-125.0,-123.0,99.0,269.0,-547.0,-539.0,26.0,-77.0
28.0,-26.0,-62.0,-128.0,114.0,236.0,-761.0,-319.0,40.0,-115.0
5.0,-1.0,-46.0,-102.0,-122.0,250.0,-693.0,-105.0,60.0,-89.0
22.0,18.0,-58.0,-54.0,-97.0,291.0,-534.0,-157.0,62.0,-76.0
32.0,-7.0,-1.0,-59.0,47.0,201.0,-436.0,-286.0,65.0,-86.0
0.0,297.0,-36.0,-109.0,25.0,17.0,-351.0,-277.0,90.0,-78.0
1.0,344.0,-2.0,-116.0,30.0,68.0,-43.0,1.0,96.0,-57.0
13.0,193.0,20.0,-113.0,-73.0,336.0,346.0,273.0,99.0,-22.0
13.0,303.0,-32.0,-91.0,-74.0,343.0,539.0,463.0,121.0,-15.0
0.0,442.0,-22.0,-67.0,115.0,67.0,555.0,412.0,146.0,-28.0
15.0,246.0,-19.0,-58.0,-51.0,-14.0,475.0,286.0,152.0,-4.0
-7.0,0.0,-63.0,-27.0,-138.0,152.0,312.0,51.0,133.0,18.0
-25.0,43.0,-15.0,-3.0,5.0,159.0,-7.0,-253.0,121.0,18.0
-20.0,128.0,46.0,-10.0,-49.0,-14.0,-416.0,-25.0,113.0,20.0
3.0,78.0,6.0,-38.0,-24.0,-86.0,-802.0,273.0,99.0,18.0
43.0,34.0,-8.0,-66.0,-30.0,61.0,-955.0,506.0,111.0,25.0
26.0,-89.0,-51.0,-74.0,-86.0,167.0,-836.0,556.0,133.0,29.0
38.0,-198.0,-71.0,-47.0,92.0,153.0,-616.0,450.0,133.0,23.0
65.0,-140.0,-89.0,-10.0,119.0,351.0,-498.0,526.0,141.0,17.0
87.0,-108.0,-113.0,2.0,-51.0,521.0,-363.0,528.0,141.0,-29.0
67.0,-177.0,-69.0,15.0,-49.0,495.0,-18.0,559.0,133.0,-56.0
73.0,-251.0,-32.0,56.0,75.0,413.0,216.0,363.0,125.0,-55.0
100.0,-113.0,15.0,79.0,72.0,446.0,279.0,225.0,100.0,-89.0
109.0,-10.0,41.0,83.0,-32.0,582.0,348.0,116.0,82.0,-107.0
126.0,-132.0,-2.0,92.0,2.0,506.0,493.0,-208.0,82.0,-94.0
127.0,-171.0,-17.0,60.0,80.0,400.0,637.0,-158.0,88.0,-74.0
137.0,-41.0,-7.0,53.0,60.0,377.0,620.0,-79.0,82.0,-57.0
112.0,-87.0,-38.0,77.0,-9.0,307.0,436.0,129.0,69.0,-48.0
109.0,-225.0,-11.0,93.0,-9.0,187.0,380.0,240.0,67.0,-28.0
121.0,-152.0,18.0,103.0,36.0,295.0,530.0,35.0,61.0,-3.0
108.0,55.0,0.0,99.0,62.0,616.0,526.0,-88.0,41.0,11.0
65.0,93.0,27.0,89.0,-52.0,630.0,338.0,-375.0,33.0,35.0
33.0,-64.0,28.0,64.0,-158.0,413.0,144.0,-205.0,21.0,56.0
49.0,31.0,37.0,3.0,33.0,310.0,76.0,169.0,-6.0,56.0
59.0,-2.0,35.0,-69.0,1.0,413.0,14.0,498.0,-26.0,79.0
58.0,-40.0,-18.0,-116.0,-141.0,506.0,-90.0,748.0,-13.0,110.0
36.0,127.0,-40.0,-178.0,-78.0,325.0,-160.0,428.0,-12.0,112.0
29.0,47.0,-64.0,-183.0,-99.0,126.0,-196.0,205.0,-30.0,93.0
14.0,-103.0,-48.0,-142.0,7.0,107.0,-138.0,-103.0,-39.0,91.0
-7.0,-132.0,-61.0,-128.0,0.0,96.0,-87.0,-251.0,-72.0,120.0
-15.0,-111.0,-99.0,-89.0,-209.0,123.0,-34.0,-186.0,-89.0,101.0
-21.0,-328.0,-70.0,-86.0,-46.0,130.0,-98.0,-212.0,-86.0,69.0
-24.0,-306.0,-32.0,-101.0,62.0,92.0,-148.0,181.0,-86.0,67.0
-34.0,-149.0,19.0,-83.0,-87.0,158.0,46.0,349.0,-94.0,64.0
-27.0,-179.0,8.0,-34.0,-51.0,277.0,193.0,395.0,-100.0,56.0
5.0,-94.0,-50.0,43.0,-65.0,463.0,148.0,395.0,-87.0,36.0
12.0,27.0,-26.0,69.0,-28.0,502.0,109.0,234.0,-65.0,53.0
0.0,191.0,-30.0,50.0,93.0,459.0,111.0,245.0,-22.0,62.0
-22.0,57.0,-69.0,50.0,-64.0,541.0,-40.0,164.0,14.0,28.0
-31.0,62.0,-7.0,55.0,-146.0,553.0,-314.0,234.0,60.0,13.0
-14.0,131.0,-1.0,35.0,50.0,483.0,-529.0,314.0,90.0,-4.0
-14.0,-111.0,-34.0,3.0,47.0,281.0,-552.0,474.0,114.0,-54.0
4.0,-8.0,-3.0,-2.0,-50.0,254.0,-486.0,683.0,159.0,-103.0
0.0,143.0,1.0,22.0,-40.0,497.0,-420.0,598.0,184.0,-112.0
-16.0,59.0,19.0,38.0,-17.0,521.0,-315.0,689.0,216.0,-116.0
-36.0,-63.0,40.0,58.0,88.0,326.0,-197.0,770.0,259.0,-145.0
-39.0,-162.0,33.0,64.0,-14.0,149.0,-26.0,774.0,294.0,-160.0
-43.0,-143.0,19.0,48.0,-92.0,277.0,178.0,587.0,310.0,-134.0
-57.0,-25.0,-17.0,13.0,-29.0,477.0,253.0,116.0,307.0,-113.0
-33.0,25.0,-27.0,-20.0,11.0,281.0,207.0,-107.0,301.0,-140.0
0.0,0.0,-4.0,-37.0,38.0,28.0,287.0,-145.0,304.0,-136.0
9.0,-34.0,-58.0,-37.0,-81.0,79.0,337.0,-64.0,287.0,-111.0
-26.0,25.0,-41.0,-17.0,-66.0,163.0,247.0,-12.0,247.0,-139.0
-21.0,84.0,-4.0,11.0,119.0,0.0,140.0,0.0,215.0,-157.0
-11.0,-48.0,-55.0,46.0,60.0,-200.0,69.0,31.0,175.0,-152.0
9.0,2.0,-34.0,13.0,-140.0,-228.0,84.0,118.0,143.0,-170.0
21.0,84.0,-28.0,-10.0,49.0,-195.0,141.0,319.0,121.0,-199.0
31.0,65.0,-21.0,25.0,143.0,-216.0,127.0,443.0,86.0,-202.0
34.0,85.0,-4.0,44.0,2.0,-215.0,-54.0,574.0,44.0,-200.0
17.0,36.0,-38.0,74.0,-25.0,-135.0,-168.0,548.0,20.0,-217.0
46.0,237.0,-79.0,66.0,-62.0,-85.0,-138.0,463.0,10.0,-208.0
55.0,311.0,-115.0,15.0,84.0,-38.0,-85.0,291.0,-1.0,-173.0
71.0,51.0,-120.0,-23.0,88.0,101.0,-51.0,51.0,-14.0,-128.0
52.0,-71.0,-74.0,-43.0,-99.0,207.0,-24.0,-16.0,-43.0,-95.0
58.0,22.0,-112.0,-43.0,-63.0,205.0,80.0,-20.0,-54.0,-64.0
60.0,18.0,-167.0,-3.0,15.0,238.0,232.0,138.0,-39.0,1.0
77.0,-251.0,-92.0,56.0,-20.0,333.0,335.0,169.0,-24.0,58.0
100.0,-180.0,-140.0,65.0,-21.0,462.0,230.0,367.0,-1.0,96.0
84.0,-92.0,-178.0,50.0,-48.0,429.0,73.0,609.0,5.0,124.0
93.0,-196.0,-147.0,55.0,-12.0,369.0,46.0,591.0,2.0,153.0
74.0,-130.0,-186.0,72.0,127.0,563.0,43.0,532.0,8.0,188.0
96.0,-111.0,-155.0,96.0,-23.0,588.0,-60.0,194.0,43.0,216.0
72.0,30.0,-127.0,107.0,-125.0,470.0,-206.0,293.0,80.0,250.0
76.0,-4.0,-152.0,112.0,91.0,294.0,-271.0,535.0,99.0,265.0
81.0,28.0,-128.0,121.0,93.0,150.0,-225.0,559.0,130.0,275.0
78.0,124.0,-81.0,138.0,-63.0,246.0,-148.0,713.0,141.0,294.0
92.0,-119.0,-98.0,172.0,-55.0,171.0,-150.0,506.0,141.0,298.0
58.0,187.0,-88.0,158.0,67.0,-31.0,-37.0,264.0,138.0,263.0
53.0,262.0,-58.0,75.0,164.0,-161.0,134.0,-27.0,142.0,247.0
2.0,-48.0,-54.0,-12.0,50.0,-112.0,160.0,-206.0,167.0,259.0
6.0,163.0,0.0,-43.0,-99.0,-105.0,217.0,-92.0,165.0,220.0
8.0,136.0,24.0,-18.0,-24.0,-313.0,330.0,18.0,154.0,184.0
4.0,151.0,5.0,-15.0,173.0,-363.0,393.0,323.0,143.0,152.0
-3.0,252.0,51.0,-9.0,51.0,-244.0,492.0,336.0,139.0,115.0
-29.0,98.0,82.0,3.0,-184.0,-125.0,474.0,288.0,154.0,82.0
-38.0,7.0,29.0,17.0,26.0,-152.0,294.0,389.0,168.0,47.0
-55.0,-68.0,61.0,26.0,169.0,-206.0,182.0,413.0,185.0,34.0
-52.0,-89.0,71.0,20.0,21.0,-187.0,52.0,633.0,177.0,26.0
-52.0,-37.0,0.0,13.0,-36.0,-90.0,20.0,628.0,157.0,13.0
-11.0,173.0,7.0,10.0,5.0,-31.0,26.0,622.0,183.0,8.0
-2.0,96.0,-55.0,44.0,81.0,-108.0,-69.0,611.0,181.0,13.0
16.0,-37.0,-83.0,29.0,72.0,-49.0,0.0,280.0,156.0,13.0
11.0,107.0,-63.0,4.0,-121.0,24.0,69.0,92.0,169.0,-12.0
6.0,68.0,-77.0,44.0,-69.0,20.0,-41.0,38.0,175.0,-39.0
11.0,63.0,-29.0,63.0,245.0,-97.0,-103.0,73.0,178.0,-29.0
-1.0,89.0,-57.0,60.0,117.0,-130.0,-16.0,136.0,186.0,-41.0
23.0,36.0,-40.0,51.0,-80.0,-43.0,143.0,256.0,198.0,-63.0
33.0,9.0,-11.0,37.0,-16.0,-175.0,275.0,376.0,217.0,-71.0
58.0,139.0,-27.0,0.0,51.0,-111.0,188.0,412.0,237.0,-78.0
56.0,276.0,-4.0,-55.0,119.0,-24.0,56.0,299.0,261.0,-81.0
63.0,118.0,0.0,-68.0,-23.0,-60.0,134.0,101.0,265.0,-89.0
50.0,100.0,16.0,-31.0,-112.0,-88.0,170.0,216.0,255.0,-70.0
35.0,275.0,10.0,-2.0,54.0,-173.0,217.0,249.0,254.0,-66.0
19.0,-55.0,26.0,54.0,122.0,-90.0,425.0,53.0,235.0,-74.0
9.0,-346.0,32.0,74.0,-53.0,-172.0,604.0,-109.0,210.0,-80.0
39.0,61.0,25.0,13.0,-147.0,-317.0,680.0,-31.0,190.0,-85.0
52.0,59.0,18.0,-29.0,7.0,-407.0,606.0,133.0,169.0,-74.0
82.0,-279.0,18.0,-65.0,72.0,-394.0,404.0,208.0,150.0,-91.0
82.0,-172.0,21.0,-62.0,-9.0,-283.0,274.0,299.0,128.0,-115.0
106.0,82.0,0.0,-31.0,-161.0,-244.0,185.0,29.0,98.0,-123.0
118.0,141.0,-2.0,16.0,-145.0,-63.0,47.0,-3.0,58.0,-127.0
112.0,-60.0,-77.0,64.0,74.0,-108.0,-110.0,142.0,40.0,-148.0
118.0,160.0,-119.0,96.0,38.0,-327.0,-263.0,12.0,35.0,-157.0
105.0,163.0,-140.0,137.0,-144.0,-519.0,-282.0,205.0,25.0,-157.0
101.0,-117.0,-154.0,150.0,-97.0,-348.0,-143.0,334.0,8.0,-174.0
91.0,15.0,-104.0,123.0,53.0,45.0,42.0,498.0,-21.0,-174.0
93.0,-95.0,-150.0,105.0,-65.0,48.0,162.0,594.0,-34.0,-166.0
101.0,-62.0,-186.0,151.0,-147.0,-76.0,420.0,424.0,-31.0,-168.0
96.0,49.0,-177.0,142.0,45.0,-183.0,844.0,436.0,-26.0,-167.0
84.0,-91.0,-155.0,117.0,62.0,-83.0,1022.0,153.0,-20.0,-153.0
72.0,-275.0,-125.0,110.0,-42.0,-104.0,843.0,-72.0,-34.0,-145.0
44.0,-171.0,-107.0,58.0,-66.0,-261.0,544.0,-260.0,-27.0,-142.0
45.0,91.0,-31.0,6.0,-77.0,-233.0,298.0,-388.0,-13.0,-128.0
16.0,-108.0,-27.0,-30.0,-39.0,-228.0,-5.0,-142.0,-8.0,-113.0
0.0,-226.0,18.0,-21.0,9.0,-319.0,-298.0,-194.0,-5.0,-92.0
20.0,-25.0,59.0,42.0,-65.0,-479.0,-481.0,-33.0,-15.0,-82.0
25.0,32.0,50.0,120.0,-93.0,-436.0,-528.0,42.0,-8.0,-82.0
26.0,-81.0,90.0,146.0,3.0,-301.0,-449.0,25.0,-27.0,-71.0
0.0,-64.0,55.0,124.0,51.0,-271.0,-300.0,230.0,-51.0,-52.0
2.0,62.0,91.0,66.0,-20.0,-400.0,-92.0,175.0,-46.0,-34.0
-15.0,111.0,113.0,38.0,-103.0,-400.0,107.0,339.0,-31.0,-19.0
-14.0,-28.0,92.0,44.0,-80.0,-369.0,338.0,267.0,0.0,2.0
-2.0,2.0,148.0,58.0,4.0,-424.0,534.0,101.0,18.0,34.0
0.0,307.0,152.0,101.0,14.0,-364.0,650.0,24.0,26.0,45.0
-6.0,276.0,114.0,96.0,-155.0,-418.0,662.0,-164.0,46.0,44.0
-39.0,135.0,114.0,48.0,-33.0,-436.0,660.0,-86.0,63.0,64.0
-45.0,259.0,63.0,-26.0,192.0,-442.0,647.0,-64.0,90.0,59.0
-74.0,185.0,33.0,-98.0,-27.0,-185.0,587.0,60.0,114.0,44.0
-75.0,71.0,61.0,-126.0,-113.0,120.0,531.0,264.0,88.0,39.0
-82.0,251.0,0.0,-107.0,61.0,43.0,373.0,399.0,99.0,17.0
-70.0,141.0,20.0,-17.0,12.0,-5.0,183.0,293.0,116.0,8.0
-58.0,-21.0,-26.0,64.0,-11.0,131.0,59.0,36.0,111.0,13.0
-51.0,-40.0,-75.0,62.0,22.0,255.0,-44.0,-107.0,103.0,14.0
-56.0,-159.0,5.0,48.0,-57.0,84.0,-282.0,-190.0,69.0,3.0
-87.0,-204.0,-24.0,65.0,90.0,16.0,-354.0,11.0,49.0,-17.0
-88.0,-106.0,-1.0,35.0,38.0,175.0,-129.0,-20.0,20.0,-22.0
-104.0,11.0,28.0,-4.0,-177.0,175.0,71.0,-212.0,0.0,-31.0
-78.0,-140.0,-33.0,-13.0,-15.0,-134.0,155.0,-299.0,-6.0,-41.0
-58.0,-47.0,-1.0,-3.0,45.0,-281.0,255.0,-219.0,-11.0,-57.0
-56.0,194.0,24.0,10.0,22.0,-22.0,430.0,62.0,-25.0,-80.0
-69.0,39.0,-23.0,6.0,58.0,11.0,447.0,59.0,-13.0,-67.0
-62.0,148.0,18.0,11.0,-86.0,-133.0,424.0,245.0,18.0,-69.0
-43.0,292.0,-8.0,17.0,7.0,-171.0,282.0,301.0,12.0,-85.0
-49.0,87.0,3.0,34.0,153.0,-50.0,62.0,214.0,22.0,-85.0
-47.0,94.0,41.0,55.0,-70.0,-25.0,-24.0,242.0,49.0,-55.0
-59.0,53.0,43.0,86.0,-77.0,-178.0,-185.0,107.0,55.0,-30.0
-39.0,-197.0,23.0,89.0,28.0,-179.0,-382.0,404.0,54.0,-26.0
-31.0,-149.0,-48.0,62.0,60.0,-132.0,-456.0,509.0,80.0,-5.0
-1.0,-155.0,43.0,42.0,85.0,-147.0,-357.0,506.0,118.0,0.0
17.0,-390.0,6.0,34.0,-90.0,-179.0,-167.0,498.0,151.0,-13.0
25.0,-210.0,-52.0,16.0,-4.0,-129.0,51.0,158.0,147.0,-33.0
31.0,117.0,-62.0,-33.0,164.0,-20.0,133.0,155.0,134.0,-25.0
23.0,219.0,-91.0,-43.0,54.0,-4.0,180.0,-7.0,127.0,-35.0
28.0,223.0,-70.0,-3.0,-43.0,-173.0,409.0,-3.0,100.0,-60.0
29.0,124.0,-64.0,63.0,-9.0,-183.0,660.0,136.0,81.0,-55.0
34.0,-6.0,-51.0,102.0,54.0,54.0,797.0,-73.0,44.0,-77.0
34.0,-11.0,-100.0,96.0,-20.0,80.0,816.0,-162.0,11.0,-91.0
60.0,126.0,-50.0,78.0,-130.0,-2.0,826.0,-203.0,-21.0,-107.0
51.0,29.0,-85.0,59.0,-28.0,-53.0,780.0,31.0,-44.0,-122.0
39.0,-90.0,-121.0,40.0,133.0,1.0,587.0,169.0,-46.0,-125.0
22.0,-41.0,-69.0,31.0,-6.0,30.0,316.0,35.0,-64.0,-153.0
14.0,-70.0,-124.0,46.0,-75.0,-110.0,93.0,-46.0,-87.0,-152.0
1.0,-76.0,-89.0,45.0,-36.0,-161.0,-89.0,-169.0,-91.0,-137.0
-6.0,-196.0,-30.0,17.0,18.0,-95.0,-183.0,-77.0,-72.0,-162.0
9.0,-163.0,-5.0,-19.0,216.0,-86.0,-224.0,9.0,-86.0,-191.0
1.0,-183.0,40.0,-48.0,-57.0,-200.0,-375.0,-7.0,-108.0,-182.0
12.0,-411.0,61.0,-100.0,-203.0,-151.0,-565.0,20.0,-117.0,-172.0
3.0,-179.0,38.0,-107.0,189.0,19.0,-665.0,1.0,-115.0,-190.0
31.0,59.0,79.0,-68.0,150.0,-1.0,-650.0,-29.0,-102.0,-197.0
28.0,-79.0,116.0,-90.0,-77.0,-153.0,-597.0,-29.0,-79.0,-186.0
23.0,-160.0,44.0,-117.0,-65.0,-149.0,-473.0,72.0,-47.0,-185.0
22.0,9.0,70.0,-110.0,16.0,-104.0,-370.0,57.0,-44.0,-175.0
4.0,-30.0,70.0,-86.0,132.0,-222.0,-191.0,29.0,-28.0,-153.0
6.0,-55.0,42.0,-77.0,21.0,-200.0,35.0,-86.0,-4.0,-140.0
-4.0,40.0,80.0,-41.0,-158.0,-73.0,83.0,-205.0,13.0,-112.0
1.0,-144.0,66.0,-37.0,-40.0,84.0,81.0,1.0,10.0,-53.0
-23.0,7.0,85.0,-58.0,72.0,137.0,71.0,103.0,0.0,18.0
-2.0,96.0,79.0,-30.0,-36.0,8.0,69.0,315.0,43.0,69.0
-3.0,-199.0,51.0,-20.0,-123.0,-11.0,29.0,386.0,75.0,95.0
4.0,-102.0,63.0,17.0,-75.0,114.0,0.0,253.0,57.0,124.0
11.0,101.0,29.0,6.0,48.0,88.0,-18.0,236.0,40.0,153.0
4.0,-176.0,-35.0,11.0,47.0,-70.0,36.0,79.0,44.0,162.0
38.0,-252.0,-2.0,36.0,-136.0,10.0,130.0,88.0,42.0,156.0
49.0,-107.0,32.0,29.0,-92.0,68.0,66.0,-134.0,53.0,128.0
71.0,-199.0,75.0,69.0,75.0,63.0,3.0,-297.0,56.0,89.0
40.0,46.0,162.0,109.0,48.0,47.0,56.0,-280.0,26.0,48.0
21.0,74.0,113.0,142.0,-82.0,11.0,202.0,-388.0,8.0,33.0
-14.0,-99.0,116.0,116.0,-79.0,87.0,277.0,-83.0,-8.0,17.0
-29.0,61.0,88.0,76.0,113.0,128.0,296.0,53.0,-13.0,-35.0
-31.0,92.0,7.0,47.0,69.0,91.0,252.0,271.0,-47.0,-63.0
-38.0,195.0,32.0,40.0,-49.0,49.0,122.0,563.0,-100.0,-61.0
-20.0,269.0,-33.0,39.0,-36.0,204.0,101.0,432.0,-111.0,-71.0
-27.0,111.0,-78.0,7.0,0.0,267.0,340.0,245.0,-115.0,-89.0
-7.0,0.0,-28.0,3.0,73.0,152.0,678.0,-105.0,-121.0,-109.0
-33.0,1.0,-12.0,-14.0,-49.0,144.0,740.0,-279.0,-133.0,-122.0
-49.0,22.0,-19.0,4.0,-100.0,150.0,546.0,-253.0,-137.0,-139.0
-85.0,115.0,38.0,38.0,81.0,110.0,309.0,-116.0,-124.0,-154.0
-131.0,292.0,18.0,36.0,40.0,217.0,204.0,103.0,-120.0,-153.0
-159.0,290.0,11.0,44.0,-110.0,331.0,155.0,99.0,-126.0,-147.0
-163.0,115.0,42.0,34.0,-28.0,246.0,-15.0,-86.0,-122.0,-149.0
-146.0,89.0,-33.0,-12.0,63.0,152.0,-217.0,-352.0,-105.0,-146.0
-156.0,143.0,6.0,-10.0,81.0,-10.0,-274.0,-452.0,-90.0,-121.0
-142.0,-72.0,1.0,3.0,18.0,13.0,-221.0,-480.0,-69.0,-98.0
-146.0,-170.0,0.0,-11.0,-84.0,122.0,-229.0,-397.0,-53.0,-68.0
-145.0,-181.0,56.0,-24.0,17.0,-16.0,-321.0,-182.0,-60.0,-33.0
-178.0,-277.0,23.0,-65.0,94.0,-12.0,-419.0,73.0,-61.0,-5.0
-184.0,-179.0,56.0,-81.0,10.0,225.0,-385.0,295.0,-40.0,23.0
-175.0,-95.0,64.0,-85.0,-27.0,271.0,-302.0,225.0,-43.0,27.0
-159.0,88.0,52.0,-94.0,62.0,6.0,-360.0,190.0,-64.0,35.0
-114.0,177.0,111.0,-102.0,136.0,-81.0,-554.0,46.0,-77.0,25.0
-113.0,14.0,118.0,-90.0,58.0,16.0,-637.0,-210.0,-91.0,-6.0
-97.0,13.0,57.0,-54.0,-52.0,183.0,-539.0,-299.0,-115.0,-16.0
-116.0,139.0,44.0,-13.0,41.0,261.0,-438.0,-376.0,-131.0,-12.0
-116.0,218.0,2.0,42.0,182.0,9.0,-335.0,-134.0,-123.0,-15.0
-102.0,83.0,-29.0,59.0,34.0,-54.0,-218.0,164.0,-124.0,-52.0
-98.0,-56.0,-22.0,65.0,-45.0,102.0,-48.0,173.0,-123.0,-59.0
-82.0,118.0,25.0,70.0,37.0,52.0,34.0,16.0,-130.0,-49.0
-68.0,189.0,39.0,67.0,83.0,-73.0,-42.0,-186.0,-126.0,-61.0
-42.0,12.0,-12.0,71.0,98.0,-98.0,-95.0,-323.0,-127.0,-66.0
-47.0,47.0,51.0,128.0,-55.0,-33.0,-70.0,-489.0,-130.0,-79.0
-40.0,175.0,-12.0,184.0,-77.0,84.0,-21.0,-474.0,-96.0,-96.0
-43.0,65.0,-48.0,171.0,134.0,83.0,63.0,-208.0,-95.0,-108.0
-54.0,-163.0,-25.0,148.0,120.0,-97.0,95.0,181.0,-87.0,-105.0
-51.0,-228.0,-91.0,104.0,-76.0,-110.0,15.0,266.0,-58.0,-113.0
-64.0,-57.0,-58.0,70.0,-51.0,6.0,59.0,-5.0,-15.0,-140.0
-51.0,68.0,-102.0,51.0,67.0,-64.0,174.0,-158.0,19.0,-145.0
-32.0,-37.0,-95.0,74.0,64.0,-71.0,277.0,-169.0,24.0,-142.0
-18.0,-88.0,-86.0,114.0,-41.0,22.0,398.0,-49.0,40.0,-132.0
3.0,77.0,-90.0,100.0,-84.0,43.0,519.0,-157.0,61.0,-125.0
23.0,148.0,-77.0,65.0,55.0,48.0,633.0,-238.0,82.0,-146.0
36.0,119.0,-146.0,7.0,60.0,-46.0,701.0,-171.0,67.0,-150.0
12.0,-47.0,-127.0,-3.0,-34.0,-202.0,581.0,-304.0,79.0,-132.0
0.0,-206.0,-107.0,13.0,-46.0,-213.0,208.0,-266.0,96.0,-120.0
2.0,31.0,-119.0,-14.0,23.0,-31.0,-49.0,-260.0,93.0,-88.0
-7.0,68.0,-160.0,-30.0,43.0,78.0,-182.0,25.0,90.0,-74.0
15.0,-239.0,-132.0,17.0,-40.0,103.0,-416.0,280.0,66.0,-78.0
30.0,-106.0,-81.0,66.0,-104.0,118.0,-638.0,-42.0,60.0,-57.0
34.0,102.0,-72.0,53.0,-62.0,47.0,-652.0,-177.0,28.0,-40.0
16.0,-134.0,-63.0,3.0,82.0,90.0,-564.0,-301.0,-7.0,-42.0
-4.0,-156.0,-78.0,-64.0,33.0,96.0,-526.0,-145.0,-33.0,-62.0
0.0,-161.0,-56.0,-134.0,-133.0,-34.0,-462.0,72.0,-74.0,-78.0
1.0,-213.0,-83.0,-181.0,-115.0,-53.0,-369.0,-136.0,-110.0,-77.0
7.0,35.0,-121.0,-171.0,134.0,87.0,-180.0,-166.0,-144.0,-86.0
8.0,-107.0,-163.0,-154.0,81.0,190.0,-23.0,-258.0,-177.0,-106.0
7.0,-304.0,-210.0,-170.0,-177.0,196.0,-14.0,-238.0,-189.0,-119.0
-11.0,-166.0,-192.0,-186.0,-41.0,177.0,-110.0,-219.0,-201.0,-129.0
-28.0,2.0,-158.0,-185.0,50.0,69.0,-172.0,-225.0,-222.0,-130.0
-45.0,-35.0,-179.0,-186.0,-51.0,47.0,-144.0,18.0,-232.0,-112.0
-38.0,-176.0,-179.0,-179.0,-140.0,59.0,-152.0,-60.0,-238.0,-90.0
-26.0,-85.0,-146.0,-113.0,-83.0,56.0,-191.0,-216.0,-235.0,-82.0
-20.0,-10.0,-155.0,-47.0,55.0,91.0,-197.0,-400.0,-230.0,-80.0
-1.0,16.0,-109.0,-34.0,45.0,62.0,-84.0,-478.0,-236.0,-71.0
-12.0,61.0,-74.0,-42.0,-197.0,50.0,26.0,-345.0,-223.0,-53.0
-3.0,117.0,-89.0,-47.0,-210.0,66.0,112.0,-266.0,-198.0,-61.0
-5.0,29.0,-43.0,-69.0,108.0,154.0,149.0,-123.0,-199.0,-81.0
13.0,-126.0,-29.0,-108.0,-1.0,76.0,115.0,-22.0,-185.0,-68.0
26.0,-50.0,-25.0,-108.0,-145.0,35.0,111.0,105.0,-171.0,-45.0
6.0,141.0,-4.0,-79.0,-109.0,254.0,81.0,-12.0,-181.0,-38.0
5.0,-35.0,-53.0,-75.0,-73.0,178.0,31.0,-179.0,-180.0,-45.0
-10.0,-171.0,-26.0,-58.0,64.0,105.0,-9.0,-221.0,-169.0,-63.0
-16.0,-92.0,-25.0,-55.0,-28.0,284.0,26.0,-208.0,-157.0,-71.0
-22.0,-330.0,-38.0,-86.0,-192.0,335.0,96.0,-116.0,-138.0,-73.0
-18.0,-246.0,-12.0,-86.0,-86.0,212.0,63.0,-290.0,-125.0,-78.0
-19.0,-269.0,-2.0,-62.0,127.0,83.0,-124.0,-218.0,-115.0,-98.0
-18.0,-364.0,20.0,18.0,-9.0,232.0,-295.0,-164.0,-83.0,-106.0
-4.0,-257.0,3.0,107.0,-167.0,488.0,-373.0,-153.0,-67.0,-100.0
7.0,-413.0,33.0,110.0,1.0,425.0,-411.0,20.0,-58.0,-100.0
18.0,-246.0,59.0,100.0,95.0,135.0,-384.0,-186.0,-40.0,-96.0
9.0,-135.0,80.0,81.0,-17.0,30.0,-388.0,-223.0,-36.0,-120.0
18.0,-80.0,52.0,26.0,-106.0,150.0,-335.0,-266.0,-43.0,-133.0
16.0,52.0,76.0,2.0,-9.0,173.0,-201.0,-151.0,-40.0,-146.0
6.0,-266.0,87.0,16.0,53.0,43.0,-89.0,415.0,-20.0,-148.0
10.0,-350.0,51.0,38.0,23.0,85.0,-96.0,678.0,-13.0,-123.0
13.0,-16.0,107.0,44.0,-98.0,142.0,-154.0,685.0,-37.0,-135.0
2.0,68.0,27.0,13.0,-83.0,-5.0,-162.0,230.0,-60.0,-134.0
-9.0,-20.0,34.0,-6.0,101.0,-121.0,-147.0,-339.0,-63.0,-138.0
-22.0,48.0,52.0,-34.0,31.0,-146.0,-97.0,-539.0,-76.0,-143.0
-40.0,192.0,-10.0,-78.0,-51.0,43.0,-30.0,-570.0,-84.0,-142.0
-44.0,-23.0,9.0,-41.0,-28.0,79.0,31.0,-286.0,-91.0,-173.0
-52.0,-9.0,0.0,3.0,35.0,-165.0,51.0,-57.0,-94.0,-195.0
-38.0,126.0,9.0,2.0,109.0,-135.0,65.0,92.0,-104.0,-213.0
-29.0,-182.0,6.0,6.0,-31.0,57.0,97.0,168.0,-132.0,-218.0
-35.0,1.0,10.0,-37.0,-131.0,138.0,141.0,18.0,-133.0,-208.0
-39.0,-41.0,16.0,-84.0,58.0,124.0,87.0,-88.0,-132.0,-194.0
-58.0,-251.0,43.0,-110.0,87.0,115.0,-135.0,-212.0,-126.0,-184.0
-59.0,126.0,15.0,-118.0,-121.0,174.0,-419.0,-319.0,-95.0,-185.0
-60.0,272.0,-19.0,-67.0,-26.0,167.0,-579.0,-526.0,-80.0,-175.0
-59.0,102.0,-9.0,-24.0,83.0,119.0,-525.0,-879.0,-93.0,-145.0
-65.0,-23.0,-60.0,-17.0,29.0,171.0,-372.0,-949.0,-97.0,-131.0
-79.0,176.0,-23.0,0.0,-13.0,235.0,-189.0,-637.0,-77.0,-134.0
-82.0,213.0,-16.0,47.0,-167.0,194.0,-142.0,-497.0,-60.0,-122.0
-85.0,22.0,-84.0,73.0,-15.0,104.0,-148.0,-413.0,-36.0,-102.0
-90.0,49.0,-82.0,66.0,211.0,118.0,-76.0,-168.0,-11.0,-83.0
-100.0,111.0,-59.0,108.0,50.0,87.0,-28.0,-77.0,-23.0,-76.0
-73.0,-38.0,-85.0,155.0,15.0,12.0,26.0,90.0,-25.0,-68.0
-71.0,-208.0,-105.0,159.0,127.0,27.0,90.0,14.0,-1.0,-73.0
-82.0,-66.0,-73.0,138.0,57.0,136.0,143.0,-42.0,28.0,-86.0
-75.0,-30.0,-56.0,89.0,12.0,194.0,84.0,158.0,35.0,-74.0
-74.0,-103.0,-63.0,24.0,-20.0,55.0,-115.0,55.0,38.0,-58.0
-68.0,-41.0,-61.0,-28.0,-18.0,117.0,-369.0,49.0,56.0,-61.0
-77.0,-173.0,-63.0,-42.0,123.0,197.0,-523.0,57.0,59.0,-67.0
-39.0,-153.0,-102.0,-34.0,52.0,141.0,-452.0,84.0,55.0,-41.0
-20.0,269.0,-105.0,-22.0,-35.0,24.0,-351.0,175.0,60.0,-5.0
-31.0,71.0,-85.0,-14.0,-15.0,-105.0,-389.0,177.0,77.0,7.0
-38.0,-220.0,-87.0,-10.0,-20.0,-50.0,-440.0,173.0,78.0,1.0
-36.0,140.0,-94.0,-28.0,76.0,-65.0,-391.0,-46.0,80.0,11.0
-5.0,45.0,-87.0,-65.0,-54.0,41.0,-300.0,33.0,80.0,23.0
0.0,-31.0,-88.0,-100.0,-181.0,177.0,-317.0,96.0,82.0,24.0
11.0,189.0,-76.0,-131.0,38.0,118.0,-398.0,-5.0,91.0,22.0
10.0,236.0,-64.0,-148.0,95.0,46.0,-358.0,212.0,87.0,7.0
13.0,211.0,-76.0,-128.0,-87.0,-112.0,-283.0,127.0,88.0,0.0
-2.0,96.0,-76.0,-70.0,-60.0,-315.0,-240.0,-60.0,69.0,-12.0
-22.0,165.0,-72.0,-17.0,70.0,-341.0,-197.0,-212.0,60.0,-22.0
-21.0,68.0,-42.0,10.0,98.0,-187.0,-84.0,-443.0,61.0,-37.0
-34.0,150.0,-61.0,-8.0,31.0,-39.0,116.0,-493.0,39.0,-61.0
-33.0,128.0,-77.0,0.0,-122.0,-6.0,218.0,-487.0,37.0,-61.0
-55.0,-232.0,-64.0,-5.0,18.0,-96.0,123.0,-458.0,27.0,-44.0
-41.0,-11.0,-51.0,-77.0,166.0,-83.0,-98.0,-576.0,27.0,-28.0
-31.0,198.0,31.0,-95.0,-8.0,-106.0,-197.0,-589.0,53.0,-58.0
-48.0,219.0,77.0,-79.0,-31.0,-166.0,-188.0,-310.0,58.0,-73.0
-61.0,168.0,103.0,-66.0,86.0,-119.0,-210.0,109.0,69.0,-41.0
-82.0,142.0,122.0,-65.0,110.0,-199.0,-252.0,391.0,53.0,-29.0
-79.0,88.0,103.0,-18.0,-7.0,-291.0,-408.0,393.0,37.0,-18.0
-102.0,-150.0,106.0,12.0,-97.0,-378.0,-635.0,363.0,47.0,-3.0
-119.0,0.0,73.0,-32.0,5.0,-418.0,-771.0,12.0,50.0,7.0
-120.0,169.0,37.0,-33.0,76.0,-308.0,-720.0,-408.0,44.0,24.0
-113.0,212.0,56.0,-34.0,-8.0,-304.0,-610.0,-620.0,27.0,34.0
-100.0,30.0,97.0,-67.0,-150.0,-349.0,-507.0,-583.0,15.0,48.0
-95.0,-119.0,77.0,-86.0,-86.0,-245.0,-387.0,-160.0,-11.0,63.0
-103.0,225.0,74.0,-69.0,132.0,-127.0,-274.0,230.0,-33.0,65.0
-106.0,135.0,116.0,-24.0,6.0,-6.0,-181.0,461.0,-60.0,84.0
-103.0,-53.0,42.0,-14.0,-232.0,60.0,-119.0,421.0,-90.0,97.0
-115.0,-21.0,22.0,-38.0,-46.0,113.0,38.0,362.0,-97.0,86.0
-115.0,-189.0,44.0,-79.0,114.0,167.0,209.0,223.0,-107.0,86.0
-108.0,-94.0,-5.0,-136.0,-30.0,108.0,233.0,-127.0,-115.0,92.0
-98.0,96.0,18.0,-138.0,-64.0,26.0,172.0,-179.0,-128.0,105.0
-100.0,80.0,60.0,-95.0,-92.0,-126.0,107.0,-175.0,-121.0,119.0
-90.0,37.0,51.0,-88.0,-28.0,-73.0,59.0,-97.0,-112.0,130.0
-92.0,110.0,42.0,-44.0,148.0,5.0,-45.0,-149.0,-100.0,157.0
-77.0,175.0,50.0,19.0,-14.0,18.0,-221.0,-314.0,-67.0,171.0
-43.0,230.0,52.0,0.0,-88.0,165.0,-356.0,-247.0,-32.0,172.0
-23.0,342.0,30.0,-33.0,67.0,79.0,-402.0,-297.0,5.0,167.0
5.0,379.0,-17.0,-27.0,32.0,-12.0,-400.0,-81.0,31.0,160.0
5.0,304.0,-35.0,4.0,-46.0,-55.0,-416.0,162.0,63.0,166.0
18.0,4.0,-61.0,55.0,-83.0,-143.0,-371.0,267.0,85.0,160.0
13.0,-64.0,-81.0,139.0,-22.0,-219.0,-187.0,184.0,99.0,159.0
1.0,134.0,-53.0,186.0,154.0,-177.0,13.0,-219.0,111.0,171.0
-2.0,173.0,-39.0,141.0,91.0,-37.0,84.0,-304.0,123.0,179.0
8.0,97.0,-75.0,79.0,-68.0,-60.0,-25.0,-428.0,158.0,182.0
38.0,-12.0,-63.0,83.0,59.0,-118.0,-196.0,-256.0,178.0,170.0
52.0,41.0,-49.0,95.0,151.0,-273.0,-319.0,22.0,192.0,154.0
69.0,-8.0,-87.0,93.0,-1.0,-315.0,-353.0,68.0,188.0,162.0
59.0,54.0,-37.0,132.0,-89.0,-325.0,-461.0,332.0,181.0,162.0
63.0,178.0,-28.0,124.0,28.0,-438.0,-692.0,266.0,160.0,152.0
42.0,45.0,-42.0,71.0,135.0,-294.0,-844.0,208.0,116.0,128.0
14.0,-9.0,-33.0,20.0,-12.0,-91.0,-921.0,9.0,84.0,83.0
11.0,-44.0,-12.0,-40.0,-107.0,43.0,-931.0,-72.0,58.0,61.0
8.0,59.0,-38.0,-94.0,66.0,-19.0,-911.0,20.0,60.0,41.0
14.0,-155.0,-48.0,-115.0,139.0,-156.0,-811.0,-367.0,51.0,13.0
1.0,-214.0,72.0,-108.0,15.0,-127.0,-604.0,-485.0,39.0,-21.0
-3.0,85.0,93.0,-84.0,-168.0,-162.0,-343.0,-607.0,50.0,-30.0
1.0,-273.0,89.0,-48.0,-122.0,-223.0,-56.0,-434.0,46.0,-35.0
-14.0,-387.0,63.0,-11.0,60.0,-177.0,224.0,11.0,35.0,-55.0
-52.0,-259.0,80.0,20.0,-15.0,-77.0,492.0,118.0,42.0,-52.0
-68.0,-247.0,71.0,34.0,-99.0,33.0,663.0,234.0,64.0,-61.0
-66.0,-77.0,0.0,69.0,-25.0,115.0,765.0,84.0,66.0,-52.0
-65.0,-186.0,15.0,48.0,63.0,237.0,721.0,33.0,68.0,-41.0
-72.0,-229.0,-33.0,-4.0,42.0,314.0,536.0,-31.0,61.0,-29.0
-62.0,-160.0,-34.0,-18.0,-55.0,127.0,358.0,-48.0,58.0,-10.0
-67.0,83.0,-57.0,-69.0,-154.0,-83.0,201.0,107.0,73.0,-14.0
-87.0,165.0,-54.0,-82.0,43.0,-64.0,-18.0,-188.0,68.0,-6.0
-117.0,-27.0,-60.0,-63.0,189.0,116.0,-350.0,-424.0,59.0,7.0
-136.0,202.0,-111.0,-79.0,-186.0,35.0,-587.0,-604.0,72.0,14.0
-128.0,267.0,-70.0,-97.0,-80.0,-251.0,-590.0,-635.0,71.0,27.0
-155.0,91.0,-90.0,-76.0,142.0,-176.0,-478.0,-426.0,49.0,43.0
-149.0,41.0,-105.0,-51.0,-22.0,-23.0,-448.0,-330.0,63.0,45.0
-153.0,132.0,-105.0,-58.0,-2.0,-49.0,-383.0,-35.0,77.0,67.0
-150.0,226.0,-76.0,-94.0,-175.0,-212.0,-247.0,84.0,69.0,78.0
-159.0,-53.0,-74.0,-134.0,-238.0,-301.0,-231.0,110.0,78.0,65.0
-172.0,-261.0,-61.0,-128.0,53.0,-97.0,-299.0,31.0,75.0,52.0
-161.0,-200.0,-19.0,-103.0,60.0,-29.0,-391.0,-188.0,50.0,22.0
-173.0,-229.0,-28.0,-76.0,-122.0,-165.0,-357.0,-162.0,43.0,30.0
-155.0,-228.0,17.0,-79.0,-44.0,-79.0,-222.0,-238.0,50.0,39.0
-148.0,-274.0,-11.0,-121.0,51.0,67.0,-176.0,-171.0,42.0,10.0
-138.0,-304.0,-37.0,-152.0,36.0,13.0,-282.0,-195.0,30.0,0.0
-130.0,-80.0,15.0,-106.0,-58.0,-107.0,-283.0,-173.0,10.0,-4.0
-96.0,-44.0,15.0,-37.0,-157.0,-135.0,-66.0,12.0,7.0,-22.0
-64.0,-47.0,-12.0,-3.0,94.0,-107.0,113.0,-83.0,22.0,-25.0
-38.0,-2.0,-10.0,35.0,193.0,-254.0,202.0,-94.0,13.0,-10.0
-21.0,19.0,-23.0,49.0,-61.0,-357.0,299.0,-240.0,22.0,-4.0
-41.0,-24.0,-25.0,76.0,21.0,-395.0,482.0,-242.0,30.0,11.0
-30.0,-227.0,7.0,98.0,188.0,-390.0,593.0,-182.0,15.0,61.0
-33.0,41.0,-71.0,100.0,31.0,-538.0,546.0,-140.0,6.0,102.0
-16.0,225.0,-77.0,119.0,-21.0,-737.0,425.0,145.0,11.0,106.0
-1.0,149.0,-25.0,82.0,-108.0,-424.0,296.0,242.0,40.0,121.0
13.0,197.0,-63.0,5.0,-75.0,-237.0,144.0,447.0,51.0,133.0
37.0,53.0,-74.0,-14.0,114.0,-188.0,-81.0,502.0,64.0,110.0
60.0,187.0,-104.0,3.0,-23.0,-117.0,-326.0,373.0,77.0,102.0
68.0,126.0,-116.0,-9.0,7.0,-155.0,-498.0,218.0,69.0,120.0
46.0,-212.0,-131.0,4.0,84.0,-232.0,-571.0,-83.0,57.0,115.0
46.0,-108.0,-112.0,43.0,43.0,-475.0,-660.0,-218.0,47.0,91.0
25.0,68.0,-26.0,89.0,8.0,-457.0,-730.0,-434.0,44.0,81.0
17.0,98.0,16.0,98.0,-139.0,-141.0,-771.0,-454.0,18.0,89.0
16.0,-119.0,-5.0,74.0,-135.0,141.0,-707.0,-256.0,7.0,92.0
34.0,9.0,-19.0,86.0,25.0,6.0,-522.0,-262.0,4.0,86.0
45.0,77.0,-21.0,51.0,56.0,-200.0,-345.0,-301.0,-13.0,100.0
46.0,-220.0,-51.0,51.0,-22.0,-198.0,-215.0,-330.0,-50.0,106.0
59.0,-160.0,-11.0,80.0,30.0,-172.0,-105.0,-325.0,-83.0,125.0
48.0,-238.0,-6.0,83.0,2.0,-43.0,39.0,-267.0,-122.0,161.0
45.0,-108.0,-52.0,79.0,28.0,21.0,154.0,-94.0,-181.0,186.0
25.0,-170.0,-46.0,41.0,-18.0,280.0,278.0,-44.0,-192.0,198.0
28.0,-261.0,-79.0,-11.0,-149.0,561.0,334.0,-103.0,-189.0,201.0
17.0,101.0,-69.0,-48.0,40.0,616.0,311.0,-94.0,-223.0,220.0
18.0,208.0,-33.0,-38.0,90.0,656.0,278.0,-253.0,-257.0,238.0
46.0,260.0,-91.0,-15.0,-13.0,789.0,232.0,-312.0,-244.0,237.0
38.0,158.0,-21.0,4.0,0.0,725.0,155.0,-240.0,-219.0,249.0
30.0,310.0,74.0,-21.0,56.0,422.0,23.0,-219.0,-195.0,279.0
-19.0,387.0,18.0,-52.0,116.0,288.0,-7.0,-327.0,-172.0,290.0
-56.0,315.0,38.0,-64.0,15.0,96.0,4.0,-404.0,-171.0,278.0
-71.0,324.0,53.0,-65.0,-165.0,-102.0,113.0,-251.0,-149.0,268.0
-96.0,131.0,-33.0,0.0,-23.0,-221.0,327.0,-90.0,-114.0,268.0
-90.0,35.0,-11.0,41.0,88.0,-84.0,582.0,77.0,-92.0,265.0
-73.0,-200.0,9.0,52.0,-95.0,160.0,881.0,-60.0,-51.0,253.0
-40.0,-275.0,-36.0,47.0,-45.0,52.0,1042.0,-197.0,-18.0,254.0
-24.0,-242.0,9.0,42.0,33.0,-235.0,1007.0,-97.0,-1.0,242.0
-22.0,-230.0,-22.0,73.0,-79.0,-404.0,846.0,-24.0,45.0,224.0
-33.0,-344.0,-44.0,90.0,-142.0,-246.0,661.0,140.0,78.0,214.0
-75.0,-517.0,-30.0,100.0,-81.0,-51.0,386.0,68.0,92.0,199.0
-91.0,-299.0,-109.0,94.0,99.0,154.0,38.0,81.0,120.0,181.0
-76.0,-106.0,-68.0,29.0,75.0,254.0,-344.0,14.0,121.0,148.0
-56.0,-86.0,-51.0,-29.0,-5.0,248.0,-696.0,-160.0,111.0,131.0
-38.0,76.0,-111.0,-33.0,62.0,297.0,-916.0,-103.0,96.0,125.0
-45.0,507.0,-97.0,-11.0,-22.0,185.0,-1012.0,-210.0,80.0,91.0
-53.0,665.0,-110.0,16.0,24.0,70.0,-1050.0,-123.0,93.0,68.0
-48.0,586.0,-141.0,0.0,53.0,-39.0,-1092.0,-110.0,96.0,76.0
-62.0,528.0,-140.0,-27.0,-137.0,-156.0,-950.0,-184.0,72.0,80.0
-76.0,414.0,-121.0,-21.0,-8.0,-207.0,-641.0,-144.0,62.0,77.0
-70.0,472.0,-59.0,-41.0,141.0,-149.0,-375.0,-155.0,42.0,93.0
-29.0,327.0,-55.0,-39.0,23.0,-149.0,-288.0,20.0,22.0,119.0
-9.0,63.0,-91.0,-19.0,20.0,-172.0,-243.0,48.0,22.0,109.0
-8.0,29.0,-69.0,-20.0,41.0,-74.0,-118.0,216.0,5.0,85.0
0.0,-21.0,-50.0,1.0,12.0,-43.0,82.0,275.0,-3.0,89.0
-9.0,-103.0,-41.0,19.0,74.0,15.0,296.0,101.0,7.0,94.0
-17.0,-253.0,-25.0,21.0,-122.0,83.0,377.0,136.0,11.0,53.0
-22.0,-276.0,0.0,34.0,-111.0,158.0,494.0,42.0,-4.0,19.0
-4.0,-117.0,-14.0,33.0,323.0,281.0,702.0,79.0,-13.0,4.0
1.0,-132.0,-11.0,5.0,236.0,278.0,825.0,-147.0,-17.0,-45.0
15.0,-236.0,35.0,-30.0,-18.0,178.0,800.0,-447.0,-19.0,-79.0
36.0,-211.0,79.0,-51.0,-15.0,225.0,784.0,-410.0,-26.0,-85.0
34.0,-16.0,89.0,-53.0,63.0,298.0,709.0,-375.0,-45.0,-88.0
40.0,47.0,57.0,-18.0,76.0,304.0,525.0,-144.0,-46.0,-98.0
39.0,191.0,67.0,0.0,-65.0,306.0,322.0,-16.0,-49.0,-118.0
37.0,413.0,38.0,11.0,-32.0,158.0,96.0,72.0,-51.0,-86.0
45.0,306.0,38.0,32.0,117.0,-40.0,-58.0,-3.0,-73.0,-52.0
47.0,390.0,70.0,53.0,158.0,-264.0,-111.0,-29.0,-73.0,-70.0
45.0,596.0,78.0,60.0,53.0,-287.0,-10.0,51.0,-53.0,-67.0
40.0,573.0,59.0,20.0,8.0,-11.0,65.0,-110.0,-60.0,-47.0
10.0,428.0,1.0,48.0,67.0,202.0,134.0,-33.0,-52.0,-42.0
4.0,239.0,49.0,83.0,120.0,183.0,256.0,-101.0,-51.0,-25.0
4.0,109.0,41.0,96.0,-80.0,201.0,286.0,-223.0,-51.0,1.0
4.0,249.0,16.0,127.0,-226.0,325.0,238.0,-384.0,-54.0,2.0
-1.0,317.0,51.0,148.0,59.0,270.0,205.0,-391.0,-33.0,-8.0
-11.0,-42.0,68.0,169.0,102.0,169.0,234.0,25.0,-1.0,0.0
-12.0,-131.0,105.0,144.0,35.0,93.0,225.0,194.0,-8.0,9.0
-33.0,21.0,56.0,134.0,8.0,180.0,233.0,395.0,-5.0,-6.0
-40.0,-99.0,42.0,120.0,-65.0,230.0,162.0,430.0,18.0,-37.0
-50.0,-383.0,63.0,100.0,93.0,40.0,118.0,413.0,35.0,-41.0
-35.0,-404.0,24.0,79.0,41.0,-16.0,236.0,264.0,44.0,-33.0
-4.0,-337.0,49.0,29.0,-254.0,114.0,303.0,-94.0,65.0,-41.0
12.0,-487.0,89.0,3.0,-121.0,220.0,350.0,-49.0,67.0,-51.0
18.0,-480.0,58.0,-33.0,179.0,102.0,489.0,-53.0,69.0,-28.0
14.0,-462.0,84.0,-36.0,118.0,-139.0,583.0,112.0,80.0,0.0
-6.0,-133.0,96.0,6.0,49.0,-185.0,430.0,177.0,90.0,21.0
-37.0,330.0,78.0,46.0,29.0,-16.0,180.0,168.0,95.0,59.0
-35.0,187.0,90.0,81.0,24.0,41.0,-33.0,310.0,98.0,78.0
-22.0,153.0,37.0,111.0,80.0,-91.0,-127.0,186.0,131.0,98.0
-21.0,444.0,18.0,114.0,10.0,-162.0,-96.0,194.0,147.0,119.0
-21.0,689.0,2.0,97.0,-23.0,135.0,-114.0,3.0,143.0,130.0
7.0,625.0,-11.0,117.0,120.0,356.0,-222.0,-46.0,143.0,127.0
30.0,290.0,-36.0,159.0,140.0,393.0,-275.0,27.0,134.0,107.0
46.0,189.0,-73.0,173.0,-47.0,507.0,-127.0,123.0,127.0,94.0
67.0,12.0,-57.0,165.0,-96.0,446.0,28.0,452.0,116.0,78.0
81.0,-119.0,-73.0,154.0,38.0,423.0,46.0,299.0,86.0,66.0
81.0,-97.0,-33.0,118.0,86.0,223.0,6.0,169.0,74.0,52.0
85.0,-345.0,-21.0,62.0,-58.0,155.0,22.0,35.0,83.0,59.0
97.0,-345.0,0.0,28.0,-98.0,310.0,23.0,-22.0,84.0,62.0
117.0,-269.0,15.0,24.0,-87.0,134.0,-88.0,129.0,69.0,59.0
159.0,-439.0,-4.0,41.0,-27.0,-81.0,-255.0,129.0,51.0,71.0
149.0,-303.0,60.0,46.0,82.0,-28.0,-395.0,327.0,51.0,62.0
146.0,-133.0,51.0,31.0,-70.0,227.0,-412.0,251.0,27.0,69.0
125.0,-232.0,106.0,23.0,-35.0,77.0,-310.0,-57.0,23.0,74.0
93.0,-250.0,150.0,16.0,109.0,-54.0,-101.0,-273.0,13.0,79.0
91.0,-38.0,147.0,8.0,-36.0,279.0,110.0,-304.0,-11.0,97.0
75.0,-85.0,172.0,48.0,-57.0,459.0,322.0,-114.0,-1.0,92.0
97.0,-205.0,168.0,99.0,72.0,277.0,631.0,-42.0,-9.0,89.0
106.0,126.0,221.0,144.0,81.0,237.0,1062.0,42.0,-8.0,70.0
89.0,147.0,209.0,218.0,117.0,655.0,1365.0,40.0,-20.0,52.0
71.0,101.0,173.0,242.0,65.0,826.0,1343.0,25.0,-30.0,48.0
49.0,296.0,114.0,249.0,-98.0,501.0,1241.0,125.0,-35.0,27.0
44.0,274.0,108.0,259.0,31.0,225.0,1115.0,158.0,-26.0,34.0
28.0,279.0,142.0,219.0,150.0,381.0,881.0,264.0,-20.0,42.0
19.0,242.0,97.0,117.0,-2.0,345.0,536.0,208.0,-22.0,33.0
20.0,109.0,94.0,17.0,-130.0,-30.0,176.0,55.0,18.0,40.0
19.0,20.0,107.0,21.0,-11.0,-93.0,-99.0,62.0,31.0,44.0
39.0,58.0,102.0,8.0,128.0,29.0,-309.0,145.0,55.0,40.0
47.0,173.0,74.0,-6.0,11.0,269.0,-546.0,356.0,67.0,22.0
28.0,138.0,24.0,28.0,-12.0,333.0,-752.0,304.0,72.0,-4.0
5.0,-39.0,-6.0,62.0,-25.0,245.0,-751.0,168.0,98.0,-11.0
-15.0,42.0,-28.0,113.0,-51.0,295.0,-615.0,90.0,117.0,-12.0
-20.0,42.0,-41.0,141.0,37.0,310.0,-479.0,14.0,138.0,-42.0
-13.0,-241.0,-55.0,155.0,-78.0,220.0,-391.0,42.0,111.0,-58.0
0.0,-235.0,-52.0,168.0,0.0,281.0,-194.0,-81.0,108.0,-81.0
26.0,-27.0,-47.0,175.0,141.0,515.0,149.0,-44.0,101.0,-104.0
39.0,68.0,-48.0,200.0,-91.0,411.0,470.0,-125.0,77.0,-119.0
34.0,-69.0,-33.0,178.0,-43.0,79.0,688.0,-162.0,87.0,-142.0
20.0,-17.0,-84.0,111.0,36.0,-45.0,857.0,-16.0,80.0,-158.0
3.0,2.0,-85.0,55.0,-90.0,108.0,1082.0,125.0,68.0,-200.0
7.0,-123.0,-74.0,-15.0,28.0,90.0,1223.0,328.0,50.0,-203.0
17.0,-153.0,-86.0,-53.0,-10.0,-125.0,1099.0,142.0,37.0,-188.0
36.0,-277.0,-84.0,-53.0,-89.0,-108.0,760.0,64.0,-3.0,-204.0
50.0,-88.0,-91.0,-28.0,64.0,198.0,436.0,49.0,-51.0,-217.0
57.0,142.0,-76.0,40.0,113.0,456.0,306.0,66.0,-86.0,-224.0
85.0,161.0,-42.0,103.0,-89.0,326.0,210.0,94.0,-123.0,-215.0
101.0,218.0,-14.0,145.0,-136.0,238.0,49.0,-88.0,-140.0,-216.0
124.0,169.0,-82.0,158.0,112.0,342.0,-21.0,-68.0,-147.0,-225.0
160.0,-23.0,-45.0,138.0,46.0,335.0,-107.0,-120.0,-136.0,-237.0
182.0,-67.0,-78.0,141.0,-51.0,131.0,-170.0,-96.0,-124.0,-234.0
186.0,-142.0,-65.0,155.0,35.0,62.0,-112.0,-88.0,-95.0,-241.0
186.0,-279.0,3.0,162.0,34.0,202.0,-15.0,25.0,-66.0,-248.0
185.0,-63.0,-31.0,187.0,63.0,235.0,222.0,290.0,-77.0,-243.0
184.0,106.0,22.0,211.0,50.0,273.0,478.0,447.0,-89.0,-241.0
174.0,2.0,-34.0,148.0,-11.0,484.0,520.0,683.0,-104.0,-209.0
173.0,-125.0,-2.0,102.0,68.0,549.0,322.0,642.0,-115.0,-158.0
193.0,132.0,0.0,127.0,110.0,187.0,140.0,642.0,-115.0,-97.0
202.0,382.0,-37.0,110.0,-51.0,-78.0,44.0,521.0,-98.0,-56.0
210.0,273.0,-4.0,114.0,0.0,-8.0,-144.0,173.0,-84.0,-22.0
205.0,400.0,14.0,104.0,92.0,127.0,-389.0,-35.0,-70.0,7.0
213.0,586.0,2.0,93.0,37.0,43.0,-596.0,-190.0,-40.0,28.0
201.0,647.0,-12.0,76.0,43.0,-60.0,-635.0,-107.0,-26.0,22.0
176.0,478.0,44.0,37.0,5.0,200.0,-506.0,20.0,-20.0,23.0
152.0,410.0,-17.0,54.0,-21.0,407.0,-268.0,219.0,-20.0,44.0
151.0,545.0,6.0,42.0,9.0,302.0,-26.0,426.0,-32.0,34.0
183.0,299.0,16.0,-28.0,109.0,175.0,304.0,539.0,-44.0,41.0
169.0,287.0,-8.0,-65.0,37.0,139.0,650.0,515.0,-56.0,58.0
154.0,316.0,-13.0,-76.0,86.0,139.0,802.0,243.0,-44.0,80.0
132.0,115.0,-50.0,-83.0,182.0,291.0,883.0,223.0,-16.0,86.0
129.0,150.0,-24.0,-17.0,-81.0,359.0,833.0,330.0,-3.0,79.0
105.0,30.0,-51.0,75.0,15.0,258.0,822.0,354.0,-14.0,106.0
87.0,10.0,-59.0,202.0,61.0,199.0,914.0,469.0,2.0,119.0
100.0,-42.0,-32.0,287.0,-54.0,95.0,994.0,454.0,20.0,119.0
109.0,-170.0,-7.0,264.0,161.0,116.0,1098.0,351.0,28.0,125.0
122.0,-99.0,-36.0,224.0,25.0,222.0,1221.0,162.0,43.0,140.0
115.0,-222.0,8.0,142.0,-155.0,172.0,1358.0,-33.0,63.0,133.0
135.0,-114.0,36.0,32.0,63.0,143.0,1371.0,-66.0,105.0,119.0
124.0,-201.0,14.0,-10.0,26.0,269.0,1182.0,-90.0,108.0,121.0
117.0,-454.0,0.0,-25.0,-109.0,237.0,876.0,-64.0,111.0,98.0
108.0,-300.0,-33.0,-44.0,106.0,-22.0,500.0,-145.0,127.0,75.0
108.0,-254.0,7.0,-35.0,99.0,-200.0,-67.0,-218.0,107.0,76.0
106.0,-232.0,-33.0,-38.0,35.0,-219.0,-747.0,-297.0,97.0,77.0
84.0,-469.0,12.0,-62.0,58.0,-200.0,-1379.0,-402.0,83.0,78.0
80.0,-407.0,46.0,-97.0,-110.0,-250.0,-1762.0,-96.0,68.0,74.0
53.0,73.0,-11.0,-79.0,37.0,-348.0,-1792.0,195.0,57.0,77.0
50.0,117.0,55.0,-34.0,84.0,-307.0,-1653.0,447.0,49.0,108.0
41.0,165.0,-1.0,-41.0,-123.0,-127.0,-1403.0,583.0,46.0,129.0
55.0,323.0,-89.0,-38.0,19.0,-225.0,-1017.0,482.0,49.0,129.0
59.0,479.0,-54.0,-41.0,129.0,-304.0,-511.0,306.0,47.0,144.0
59.0,255.0,-70.0,-69.0,49.0,-42.0,-48.0,-77.0,32.0,151.0
63.0,-80.0,-75.0,-49.0,82.0,52.0,308.0,-214.0,34.0,137.0
55.0,-5.0,-58.0,24.0,77.0,-57.0,588.0,-358.0,37.0,132.0
62.0,-167.0,-120.0,79.0,49.0,-118.0,835.0,-380.0,28.0,120.0
63.0,-266.0,-133.0,71.0,7.0,-68.0,1009.0,-203.0,27.0,77.0
90.0,-154.0,-79.0,16.0,-124.0,-11.0,1047.0,112.0,22.0,35.0
109.0,-207.0,-64.0,21.0,-130.0,29.0,1006.0,641.0,9.0,30.0
131.0,-13.0,-29.0,44.0,-17.0,-56.0,928.0,705.0,15.0,16.0
119.0,266.0,-4.0,59.0,122.0,-128.0,980.0,672.0,12.0,-15.0
118.0,249.0,-22.0,101.0,28.0,-27.0,1170.0,437.0,-5.0,-19.0
126.0,73.0,-29.0,117.0,-147.0,-126.0,1294.0,291.0,-4.0,-19.0
131.0,-21.0,-91.0,142.0,14.0,-111.0,1241.0,382.0,-10.0,-35.0
136.0,357.0,-106.0,149.0,26.0,141.0,1162.0,363.0,-35.0,-68.0
132.0,525.0,-51.0,156.0,-132.0,143.0,1050.0,500.0,-64.0,-83.0
152.0,379.0,-65.0,203.0,-33.0,58.0,855.0,297.0,-76.0,-89.0
151.0,427.0,-96.0,252.0,4.0,101.0,691.0,60.0,-73.0,-112.0
160.0,67.0,-97.0,238.0,94.0,135.0,501.0,-243.0,-78.0,-114.0
145.0,172.0,-61.0,193.0,155.0,131.0,330.0,-304.0,-90.0,-107.0
132.0,428.0,-58.0,198.0,-171.0,-2.0,220.0,-53.0,-103.0,-101.0
113.0,127.0,-47.0,203.0,-93.0,-77.0,52.0,24.0,-106.0,-98.0
98.0,49.0,-39.0,212.0,143.0,100.0,-253.0,208.0,-114.0,-86.0
114.0,-67.0,-61.0,200.0,-44.0,181.0,-411.0,127.0,-130.0,-55.0
123.0,-153.0,-16.0,154.0,-44.0,73.0,-297.0,182.0,-125.0,-53.0
115.0,-365.0,-20.0,129.0,-49.0,12.0,-168.0,343.0,-116.0,-48.0
85.0,-423.0,0.0,114.0,-57.0,116.0,-176.0,558.0,-118.0,-38.0
68.0,-357.0,76.0,65.0,110.0,58.0,-230.0,881.0,-107.0,-55.0
58.0,-557.0,58.0,31.0,-47.0,-125.0,-210.0,907.0,-95.0,-73.0
48.0,-514.0,51.0,12.0,-207.0,-86.0,-248.0,857.0,-96.0,-95.0
31.0,-632.0,69.0,19.0,-19.0,22.0,-244.0,460.0,-93.0,-115.0
39.0,-634.0,94.0,78.0,28.0,70.0,-211.0,-16.0,-109.0,-152.0
33.0,-241.0,145.0,91.0,-131.0,92.0,-110.0,-273.0,-138.0,-206.0
32.0,-93.0,119.0,69.0,-139.0,78.0,170.0,-260.0,-141.0,-216.0
34.0,-218.0,105.0,39.0,21.0,12.0,436.0,-36.0,-136.0,-217.0
29.0,-389.0,152.0,45.0,122.0,13.0,624.0,57.0,-132.0,-231.0
19.0,-306.0,134.0,44.0,22.0,-39.0,705.0,254.0,-116.0,-214.0
6.0,-268.0,114.0,10.0,-121.0,-99.0,802.0,295.0,-105.0,-206.0
27.0,-173.0,107.0,-8.0,-44.0,-10.0,882.0,229.0,-82.0,-202.0
15.0,-34.0,68.0,-35.0,114.0,-28.0,804.0,303.0,-40.0,-195.0
20.0,-182.0,39.0,-44.0,57.0,-100.0,611.0,133.0,-21.0,-180.0
18.0,-28.0,41.0,-41.0,-65.0,-12.0,408.0,79.0,5.0,-146.0
10.0,48.0,34.0,-54.0,-13.0,41.0,255.0,195.0,32.0,-145.0
12.0,138.0,-26.0,-107.0,108.0,-3.0,166.0,277.0,35.0,-139.0
13.0,458.0,-4.0,-134.0,46.0,-41.0,107.0,219.0,26.0,-111.0
22.0,685.0,-13.0,-137.0,-44.0,-131.0,-23.0,-114.0,24.0,-90.0
19.0,697.0,-103.0,-134.0,20.0,-8.0,-83.0,-245.0,34.0,-71.0
26.0,425.0,-58.0,-119.0,25.0,64.0,-48.0,-334.0,39.0,-43.0
17.0,425.0,-19.0,-112.0,27.0,-161.0,-69.0,-188.0,57.0,6.0
18.0,450.0,-9.0,-49.0,-15.0,-64.0,-163.0,225.0,69.0,50.0
4.0,295.0,69.0,9.0,-183.0,261.0,-274.0,639.0,72.0,69.0
-2.0,-102.0,33.0,42.0,-45.0,361.0,-252.0,975.0,63.0,97.0
-17.0,-282.0,6.0,41.0,103.0,217.0,-118.0,837.0,74.0,116.0
-21.0,-62.0,48.0,41.0,-163.0,156.0,-38.0,768.0,80.0,112.0
0.0,-112.0,28.0,65.0,-113.0,243.0,81.0,537.0,58.0,128.0
0.0,-156.0,88.0,50.0,87.0,227.0,354.0,264.0,50.0,143.0
4.0,-55.0,97.0,34.0,9.0,108.0,633.0,238.0,46.0,146.0
-9.0,4.0,75.0,3.0,19.0,-10.0,785.0,297.0,49.0,158.0
8.0,-65.0,87.0,-34.0,-57.0,192.0,814.0,567.0,43.0,160.0
30.0,-172.0,134.0,-13.0,-54.0,380.0,874.0,600.0,46.0,169.0
23.0,-202.0,118.0,-14.0,148.0,164.0,974.0,558.0,36.0,183.0
8.0,73.0,57.0,-55.0,33.0,18.0,1032.0,286.0,23.0,173.0
-1.0,161.0,116.0,-55.0,-164.0,79.0,961.0,173.0,13.0,167.0
2.0,0.0,94.0,-52.0,44.0,8.0,769.0,101.0,-14.0,187.0
12.0,51.0,52.0,-38.0,81.0,-83.0,631.0,-166.0,-21.0,190.0
25.0,-104.0,54.0,-29.0,-33.0,-67.0,517.0,-75.0,-60.0,176.0
12.0,-205.0,85.0,-38.0,48.0,-95.0,381.0,-62.0,-76.0,157.0
17.0,-90.0,51.0,-39.0,-76.0,17.0,222.0,-12.0,-88.0,128.0
14.0,-28.0,56.0,-24.0,-6.0,64.0,75.0,-140.0,-101.0,108.0
4.0,-291.0,0.0,16.0,88.0,24.0,-21.0,-271.0,-85.0,86.0
8.0,-349.0,-74.0,20.0,-82.0,60.0,-157.0,-225.0,-99.0,57.0
21.0,-125.0,-9.0,16.0,-43.0,-2.0,-392.0,-186.0,-94.0,23.0
20.0,-313.0,-23.0,38.0,66.0,-79.0,-561.0,22.0,-105.0,4.0
2.0,-371.0,-12.0,36.0,47.0,-97.0,-560.0,114.0,-112.0,-11.0
9.0,-273.0,-23.0,-6.0,-77.0,-102.0,-517.0,408.0,-110.0,-26.0
0.0,-171.0,25.0,-31.0,-87.0,-251.0,-479.0,633.0,-118.0,-40.0
9.0,-23.0,-22.0,-27.0,45.0,-366.0,-574.0,471.0,-128.0,-67.0
12.0,56.0,-40.0,-24.0,38.0,-359.0,-634.0,242.0,-132.0,-64.0
15.0,37.0,-17.0,0.0,-48.0,-253.0,-503.0,42.0,-106.0,-76.0
13.0,-131.0,-58.0,12.0,-54.0,-163.0,-328.0,14.0,-97.0,-74.0
0.0,73.0,14.0,-1.0,-18.0,-285.0,-215.0,49.0,-64.0,-61.0
13.0,97.0,-5.0,-11.0,35.0,-242.0,-106.0,57.0,-33.0,-59.0
1.0,-141.0,24.0,-9.0,-11.0,9.0,109.0,72.0,-28.0,-25.0
-2.0,129.0,35.0,0.0,-98.0,107.0,262.0,121.0,-26.0,-19.0
-19.0,268.0,47.0,-3.0,34.0,14.0,319.0,249.0,0.0,-9.0
-22.0,416.0,60.0,-5.0,80.0,29.0,245.0,160.0,30.0,-4.0
-15.0,427.0,42.0,6.0,-20.0,31.0,125.0,49.0,49.0,-9.0
-24.0,166.0,72.0,0.0,116.0,-117.0,37.0,206.0,67.0,-10.0
-14.0,263.0,38.0,-29.0,102.0,-141.0,-126.0,184.0,70.0,-29.0
-6.0,214.0,13.0,-61.0,-4.0,-150.0,-291.0,177.0,100.0,-34.0
16.0,73.0,17.0,-40.0,-5.0,-196.0,-364.0,138.0,90.0,-39.0
19.0,-45.0,1.0,-28.0,-151.0,-225.0,-215.0,127.0,75.0,-48.0
14.0,-53.0,-3.0,-47.0,-42.0,-128.0,-12.0,238.0,64.0,-57.0
4.0,44.0,-5.0,-38.0,17.0,46.0,167.0,232.0,44.0,-74.0
-2.0,-11.0,17.0,-35.0,-127.0,67.0,425.0,284.0,55.0,-90.0
-2.0,-76.0,70.0,-38.0,-62.0,-38.0,740.0,221.0,38.0,-94.0
-20.0,-1.0,47.0,-37.0,-5.0,-120.0,1008.0,334.0,28.0,-87.0
-16.0,319.0,45.0,-9.0,-53.0,7.0,1108.0,171.0,16.0,-74.0
7.0,266.0,72.0,33.0,-82.0,56.0,1142.0,-70.0,-23.0,-40.0
28.0,78.0,79.0,79.0,-60.0,-80.0,1149.0,49.0,-52.0,-5.0
53.0,360.0,66.0,93.0,-107.0,-108.0,1000.0,116.0,-81.0,21.0
72.0,195.0,45.0,82.0,-128.0,-8.0,627.0,419.0,-132.0,74.0
60.0,-118.0,1.0,9.0,-27.0,-136.0,229.0,565.0,-154.0,115.0
42.0,-54.0,-56.0,-83.0,-94.0,-477.0,-189.0,670.0,-147.0,133.0
14.0,-411.0,-55.0,-91.0,-92.0,-478.0,-662.0,554.0,-140.0,139.0
20.0,-548.0,-86.0,-103.0,118.0,-425.0,-896.0,297.0,-128.0,125.0
50.0,-521.0,-55.0,-88.0,83.0,-483.0,-907.0,153.0,-135.0,104.0
65.0,-678.0,-46.0,-100.0,-18.0,-465.0,-934.0,-112.0,-132.0,75.0
93.0,-424.0,-65.0,-110.0,-59.0,-441.0,-930.0,24.0,-127.0,48.0
114.0,-147.0,-39.0,-55.0,-35.0,-523.0,-739.0,140.0,-124.0,27.0
127.0,-150.0,-71.0,-16.0,59.0,-703.0,-534.0,325.0,-103.0,14.0
112.0,59.0,-25.0,21.0,40.0,-713.0,-370.0,436.0,-80.0,-16.0
100.0,670.0,-13.0,14.0,-94.0,-634.0,-263.0,273.0,-54.0,-46.0
99.0,574.0,-40.0,2.0,-41.0,-511.0,-339.0,127.0,-16.0,-41.0
106.0,230.0,-16.0,-4.0,97.0,-429.0,-310.0,-184.0,8.0,-37.0
133.0,344.0,-20.0,-3.0,-107.0,-368.0,-223.0,-258.0,21.0,-37.0
138.0,226.0,49.0,31.0,-131.0,-160.0,-426.0,-247.0,35.0,-20.0
132.0,203.0,65.0,5.0,36.0,-114.0,-726.0,-120.0,46.0,-6.0
127.0,246.0,21.0,-13.0,101.0,-318.0,-662.0,-27.0,66.0,2.0
110.0,-150.0,24.0,3.0,28.0,-365.0,-253.0,-151.0,71.0,33.0
87.0,-216.0,-19.0,-17.0,-43.0,-280.0,-90.0,-62.0,63.0,56.0
80.0,-80.0,-30.0,-51.0,59.0,-346.0,-196.0,-33.0,58.0,60.0
81.0,-499.0,-47.0,-78.0,59.0,-512.0,-113.0,-9.0,48.0,71.0
68.0,-453.0,-78.0,-69.0,81.0,-600.0,174.0,-131.0,20.0,96.0
48.0,-196.0,-30.0,-39.0,34.0,-349.0,349.0,-245.0,18.0,127.0
43.0,-433.0,-16.0,-15.0,-36.0,-87.0,215.0,-33.0,21.0,139.0
59.0,-382.0,-30.0,5.0,115.0,-81.0,149.0,-9.0,14.0,148.0
65.0,47.0,-26.0,-13.0,149.0,-104.0,186.0,38.0,25.0,167.0
56.0,148.0,-7.0,-38.0,-95.0,-43.0,8.0,57.0,27.0,169.0
29.0,327.0,0.0,-58.0,-70.0,31.0,-196.0,35.0,33.0,161.0
22.0,559.0,-24.0,-91.0,136.0,-54.0,-330.0,97.0,34.0,150.0
30.0,223.0,8.0,-96.0,32.0,-7.0,-346.0,3.0,34.0,127.0
12.0,202.0,8.0,-128.0,-22.0,194.0,-177.0,20.0,39.0,101.0
7.0,456.0,1.0,-103.0,-64.0,237.0,-63.0,-110.0,18.0,82.0
-5.0,382.0,31.0,-34.0,-62.0,112.0,-252.0,-149.0,-14.0,73.0
-22.0,13.0,25.0,-41.0,98.0,18.0,-387.0,-46.0,-19.0,64.0
-23.0,159.0,31.0,-45.0,-69.0,54.0,-274.0,-20.0,-21.0,44.0
-33.0,376.0,-20.0,-48.0,-99.0,-120.0,-321.0,24.0,-46.0,21.0
-54.0,-99.0,-20.0,-31.0,106.0,-379.0,-295.0,-86.0,-45.0,30.0
-76.0,-70.0,19.0,-16.0,-7.0,-160.0,-65.0,68.0,-44.0,34.0
-83.0,-28.0,17.0,-27.0,-7.0,132.0,-3.0,133.0,-40.0,36.0
-71.0,-157.0,-25.0,-51.0,-10.0,-6.0,-53.0,208.0,-37.0,50.0
-51.0,-153.0,-51.0,-101.0,-60.0,-149.0,3.0,334.0,-51.0,69.0
-62.0,-310.0,-48.0,-155.0,179.0,-82.0,90.0,216.0,-57.0,91.0
-72.0,-212.0,-91.0,-197.0,51.0,77.0,85.0,184.0,-89.0,86.0
-72.0,-159.0,-98.0,-190.0,-189.0,64.0,-128.0,-53.0,-103.0,81.0
-77.0,-54.0,-128.0,-114.0,76.0,-170.0,-455.0,-103.0,-84.0,67.0
-72.0,-137.0,-111.0,-24.0,96.0,-195.0,-539.0,-9.0,-69.0,75.0
-59.0,-196.0,-157.0,29.0,-20.0,25.0,-635.0,158.0,-35.0,83.0
-51.0,111.0,-175.0,56.0,46.0,53.0,-853.0,293.0,-4.0,74.0
-57.0,15.0,-156.0,55.0,-95.0,-180.0,-898.0,68.0,21.0,69.0
-59.0,-77.0,-172.0,6.0,38.0,-164.0,-804.0,-109.0,41.0,59.0
-61.0,-101.0,-90.0,-45.0,134.0,-9.0,-674.0,-380.0,27.0,62.0
-48.0,111.0,-93.0,-49.0,-144.0,-55.0,-567.0,-290.0,23.0,66.0
-65.0,338.0,-68.0,-83.0,-64.0,-150.0,-519.0,99.0,38.0,55.0
-77.0,82.0,-48.0,-136.0,58.0,-196.0,-334.0,448.0,45.0,39.0
-63.0,167.0,-59.0,-170.0,-42.0,-113.0,9.0,655.0,48.0,43.0
-64.0,274.0,-86.0,-230.0,-24.0,-70.0,143.0,376.0,40.0,1.0
-55.0,39.0,-82.0,-273.0,-82.0,-94.0,201.0,97.0,40.0,-30.0
-54.0,-110.0,-56.0,-267.0,-15.0,-43.0,313.0,-319.0,36.0,-51.0
-38.0,-140.0,-105.0,-241.0,126.0,20.0,212.0,-729.0,52.0,-102.0
-24.0,-151.0,-80.0,-200.0,-88.0,-47.0,0.0,-726.0,79.0,-100.0
-22.0,-84.0,-72.0,-188.0,-69.0,-248.0,-177.0,-582.0,41.0,-117.0
-31.0,-118.0,-112.0,-215.0,22.0,-344.0,-395.0,-219.0,7.0,-109.0
-52.0,-125.0,-68.0,-210.0,26.0,-324.0,-412.0,53.0,-13.0,-100.0
-52.0,-26.0,-39.0,-186.0,131.0,-282.0,-428.0,51.0,-51.0,-95.0
-45.0,-316.0,-57.0,-174.0,-57.0,-310.0,-805.0,-169.0,-72.0,-62.0
-36.0,-414.0,-7.0,-154.0,-12.0,-241.0,-797.0,-476.0,-99.0,-53.0
-22.0,-111.0,-47.0,-149.0,117.0,-73.0,-416.0,-620.0,-129.0,-28.0
-9.0,-71.0,-16.0,-155.0,-54.0,-189.0,-388.0,-794.0,-144.0,-11.0
-13.0,-113.0,18.0,-185.0,-49.0,-398.0,-482.0,-668.0,-166.0,26.0
-21.0,-101.0,-3.0,-217.0,-23.0,-371.0,-375.0,-445.0,-179.0,62.0
3.0,-259.0,60.0,-225.0,-98.0,-206.0,-146.0,-312.0,-186.0,80.0
34.0,-183.0,30.0,-184.0,-9.0,-187.0,22.0,-162.0,-198.0,97.0
34.0,25.0,44.0,-112.0,-68.0,-369.0,69.0,-275.0,-198.0,113.0
44.0,-184.0,36.0,-92.0,-140.0,-386.0,23.0,-271.0,-214.0,136.0
46.0,-164.0,54.0,-74.0,2.0,18.0,-59.0,-308.0,-215.0,131.0
42.0,199.0,54.0,-86.0,-36.0,338.0,-120.0,-243.0,-201.0,130.0
20.0,128.0,14.0,-131.0,15.0,260.0,-162.0,-7.0,-193.0,137.0
-14.0,17.0,34.0,-152.0,-46.0,127.0,-139.0,208.0,-165.0,128.0
-15.0,246.0,0.0,-188.0,-117.0,85.0,-214.0,402.0,-147.0,104.0
-2.0,374.0,0.0,-235.0,75.0,73.0,-465.0,297.0,-127.0,90.0
20.0,440.0,-28.0,-252.0,-40.0,3.0,-532.0,127.0,-92.0,57.0
41.0,404.0,-23.0,-186.0,-150.0,-95.0,-455.0,-280.0,-62.0,18.0
56.0,283.0,-41.0,-82.0,-12.0,-144.0,-458.0,-480.0,-38.0,14.0
19.0,538.0,-50.0,-20.0,61.0,-193.0,-531.0,-341.0,-9.0,10.0
-39.0,647.0,-65.0,-1.0,-99.0,-238.0,-593.0,-138.0,7.0,1.0
-65.0,58.0,-138.0,4.0,-189.0,-101.0,-510.0,203.0,21.0,-19.0
-54.0,-308.0,-89.0,16.0,-59.0,16.0,-445.0,328.0,29.0,-29.0
-36.0,-102.0,-112.0,27.0,-39.0,-70.0,-462.0,421.0,48.0,-39.0
-41.0,-233.0,-158.0,-3.0,-47.0,-138.0,-588.0,153.0,81.0,-63.0
-38.0,-556.0,-151.0,-25.0,-89.0,39.0,-733.0,-301.0,70.0,-82.0
-46.0,-585.0,-170.0,-23.0,38.0,270.0,-657.0,-545.0,60.0,-100.0
-67.0,-637.0,-122.0,-41.0,104.0,178.0,-512.0,-559.0,60.0,-100.0
-91.0,-689.0,-93.0,-20.0,-73.0,-1.0,-405.0,-84.0,51.0,-112.0
-98.0,-645.0,-83.0,2.0,17.0,-56.0,-310.0,190.0,51.0,-147.0
-100.0,-611.0,-57.0,38.0,26.0,7.0,-166.0,138.0,36.0,-167.0
-102.0,-346.0,-94.0,85.0,27.0,-34.0,-99.0,-20.0,25.0,-198.0
-95.0,22.0,-102.0,113.0,8.0,-231.0,-82.0,-249.0,23.0,-233.0
-102.0,8.0,-43.0,117.0,-141.0,-273.0,-79.0,-317.0,7.0,-245.0
-115.0,78.0,-52.0,58.0,12.0,-62.0,-233.0,-410.0,-1.0,-258.0
-118.0,323.0,-56.0,-17.0,133.0,-24.0,-388.0,-295.0,-4.0,-272.0
-115.0,279.0,-24.0,-31.0,163.0,-250.0,-465.0,-243.0,-17.0,-278.0
-126.0,73.0,-42.0,-38.0,95.0,-172.0,-360.0,-343.0,-51.0,-267.0
-142.0,-270.0,-76.0,-79.0,-68.0,-66.0,-236.0,-332.0,-74.0,-254.0
-161.0,-377.0,-20.0,-89.0,5.0,-108.0,-227.0,-421.0,-99.0,-225.0
-146.0,-335.0,10.0,-103.0,39.0,-146.0,-255.0,-352.0,-141.0,-190.0
-144.0,-554.0,-17.0,-81.0,-194.0,-170.0,-262.0,-443.0,-137.0,-158.0
-153.0,-699.0,20.0,-101.0,-111.0,-127.0,-197.0,-580.0,-148.0,-104.0
-146.0,-487.0,9.0,-169.0,189.0,-150.0,-172.0,-607.0,-178.0,-69.0
-151.0,-381.0,30.0,-211.0,79.0,-189.0,-215.0,-591.0,-191.0,-35.0
-132.0,-471.0,67.0,-221.0,-46.0,-104.0,-443.0,-454.0,-197.0,-25.0
-133.0,-68.0,51.0,-159.0,-11.0,-31.0,-540.0,-583.0,-176.0,-33.0
-137.0,337.0,45.0,-124.0,2.0,-75.0,-384.0,-421.0,-180.0,-25.0
-130.0,490.0,51.0,-121.0,-43.0,102.0,-451.0,-242.0,-178.0,-25.0
-109.0,568.0,72.0,-134.0,-187.0,248.0,-682.0,-112.0,-177.0,-16.0
-81.0,589.0,31.0,-131.0,-235.0,50.0,-726.0,155.0,-134.0,-19.0
-64.0,750.0,39.0,-100.0,-78.0,-130.0,-654.0,229.0,-85.0,-18.0
-63.0,604.0,9.0,-31.0,2.0,-43.0,-677.0,347.0,-76.0,4.0
-71.0,488.0,-48.0,29.0,-81.0,133.0,-709.0,168.0,-40.0,-1.0
-75.0,432.0,13.0,47.0,-103.0,104.0,-733.0,-110.0,-41.0,-18.0
-90.0,126.0,-25.0,102.0,-111.0,-54.0,-688.0,-452.0,-33.0,-16.0
-92.0,-3.0,-16.0,97.0,-45.0,-39.0,-423.0,-691.0,-7.0,-28.0
-79.0,-86.0,9.0,32.0,-18.0,162.0,-151.0,-578.0,-28.0,-43.0
-59.0,-143.0,-19.0,-13.0,-201.0,136.0,-95.0,-423.0,-30.0,-39.0
-63.0,-197.0,36.0,-30.0,-166.0,22.0,-32.0,-186.0,-29.0,-28.0
-54.0,-162.0,-9.0,-59.0,59.0,-14.0,113.0,-121.0,-28.0,-26.0
-47.0,-270.0,0.0,-110.0,55.0,-12.0,194.0,11.0,-1.0,-39.0
-33.0,-620.0,-5.0,-125.0,-18.0,67.0,232.0,179.0,10.0,-35.0
-28.0,-412.0,-23.0,-138.0,41.0,77.0,215.0,175.0,3.0,-30.0
-66.0,-218.0,38.0,-183.0,196.0,175.0,239.0,221.0,-14.0,-47.0
-55.0,-418.0,28.0,-224.0,78.0,248.0,232.0,92.0,-25.0,-48.0
-48.0,-493.0,8.0,-217.0,-116.0,198.0,126.0,-162.0,-23.0,-11.0
-17.0,-400.0,-6.0,-150.0,39.0,262.0,31.0,-541.0,-14.0,8.0
-3.0,-407.0,21.0,-65.0,25.0,373.0,-87.0,-851.0,-12.0,8.0
6.0,-504.0,-40.0,-13.0,-12.0,244.0,-365.0,-761.0,-40.0,42.0
18.0,-346.0,-56.0,-5.0,21.0,34.0,-574.0,-513.0,-56.0,72.0
-12.0,-155.0,-33.0,-62.0,-94.0,-71.0,-686.0,-66.0,-54.0,78.0
-25.0,-17.0,-44.0,-91.0,-17.0,30.0,-1009.0,240.0,-47.0,68.0
-59.0,64.0,-28.0,-121.0,110.0,271.0,-1075.0,325.0,-32.0,63.0
-54.0,168.0,-87.0,-159.0,4.0,276.0,-866.0,332.0,-16.0,86.0
-54.0,163.0,-81.0,-138.0,-80.0,411.0,-773.0,186.0,-6.0,59.0
-46.0,228.0,-40.0,-114.0,0.0,434.0,-680.0,70.0,-29.0,8.0
-30.0,213.0,-13.0,-61.0,31.0,146.0,-509.0,-321.0,-28.0,-8.0
-25.0,-45.0,2.0,-35.0,83.0,-63.0,-329.0,-720.0,0.0,-27.0
-37.0,14.0,-8.0,-64.0,-11.0,-73.0,-132.0,-1141.0,12.0,-42.0
-78.0,-92.0,-28.0,-73.0,-28.0,162.0,93.0,-1346.0,22.0,-42.0
-89.0,-60.0,-23.0,-82.0,167.0,198.0,18.0,-960.0,21.0,-28.0
-95.0,175.0,-10.0,-109.0,45.0,79.0,-116.0,-567.0,18.0,-32.0
-87.0,250.0,-15.0,-96.0,-19.0,47.0,-70.0,-389.0,3.0,-39.0
-97.0,322.0,6.0,-24.0,18.0,182.0,0.0,-535.0,-2.0,-30.0
-89.0,89.0,-1.0,-4.0,6.0,237.0,4.0,-543.0,-2.0,-44.0
-93.0,-27.0,-25.0,10.0,57.0,125.0,-158.0,-463.0,-25.0,-70.0
-88.0,76.0,-18.0,44.0,-40.0,190.0,-177.0,-184.0,-57.0,-93.0
-68.0,231.0,-19.0,15.0,-90.0,281.0,17.0,280.0,-54.0,-93.0
-61.0,317.0,-33.0,17.0,55.0,272.0,77.0,426.0,-41.0,-98.0
-52.0,167.0,-24.0,8.0,92.0,85.0,-22.0,508.0,-61.0,-130.0
-65.0,175.0,-30.0,-24.0,-22.0,67.0,22.0,57.0,-66.0,-148.0
-46.0,165.0,-31.0,-20.0,15.0,365.0,179.0,-478.0,-71.0,-137.0
-36.0,39.0,-21.0,-4.0,33.0,416.0,145.0,-620.0,-79.0,-130.0
-19.0,74.0,-60.0,10.0,69.0,388.0,-30.0,-681.0,-81.0,-131.0
-28.0,-15.0,-24.0,-10.0,53.0,515.0,-190.0,-604.0,-80.0,-114.0
-47.0,-47.0,14.0,-13.0,-92.0,626.0,-255.0,-622.0,-65.0,-101.0
-63.0,69.0,5.0,-1.0,94.0,613.0,-172.0,-345.0,-73.0,-93.0
-84.0,116.0,52.0,-9.0,138.0,331.0,-278.0,153.0,-83.0,-67.0
-61.0,197.0,68.0,-13.0,-53.0,219.0,-640.0,467.0,-82.0,-29.0
-51.0,84.0,95.0,-4.0,44.0,253.0,-744.0,648.0,-91.0,-20.0
-42.0,-141.0,88.0,-42.0,152.0,204.0,-638.0,460.0,-92.0,-17.0
-45.0,-174.0,51.0,-87.0,127.0,304.0,-461.0,94.0,-80.0,6.0
-68.0,-109.0,47.0,-39.0,46.0,383.0,-288.0,-389.0,-70.0,0.0
-75.0,-170.0,41.0,-27.0,-52.0,351.0,-294.0,-842.0,-55.0,-35.0
-43.0,-298.0,54.0,-41.0,31.0,152.0,-232.0,-994.0,-40.0,-58.0
-39.0,-280.0,73.0,-39.0,33.0,102.0,-18.0,-768.0,-41.0,-78.0
-50.0,-210.0,77.0,-62.0,-46.0,187.0,216.0,-129.0,-35.0,-113.0
-64.0,-188.0,61.0,-81.0,2.0,194.0,440.0,284.0,-31.0,-152.0
-59.0,-150.0,83.0,-133.0,10.0,98.0,584.0,386.0,-37.0,-179.0
-22.0,-213.0,75.0,-138.0,87.0,27.0,492.0,262.0,-15.0,-200.0
-19.0,-154.0,58.0,-106.0,31.0,344.0,269.0,92.0,12.0,-235.0
-3.0,35.0,61.0,-128.0,-86.0,418.0,93.0,-64.0,48.0,-257.0
3.0,-117.0,40.0,-121.0,-8.0,329.0,-122.0,-461.0,96.0,-269.0
20.0,-130.0,46.0,-96.0,13.0,313.0,-345.0,-561.0,130.0,-274.0
21.0,66.0,79.0,-78.0,12.0,244.0,-507.0,-543.0,142.0,-281.0
29.0,66.0,81.0,-30.0,3.0,273.0,-620.0,-408.0,125.0,-280.0
59.0,-106.0,70.0,10.0,-54.0,-23.0,-672.0,-175.0,127.0,-247.0
49.0,-222.0,84.0,9.0,76.0,-116.0,-696.0,-317.0,125.0,-246.0
43.0,-18.0,57.0,-21.0,141.0,-18.0,-651.0,-633.0,103.0,-236.0
17.0,-93.0,44.0,-73.0,-62.0,-98.0,-455.0,-914.0,102.0,-199.0
39.0,-174.0,16.0,-142.0,-31.0,-104.0,-266.0,-615.0,82.0,-167.0
46.0,-25.0,-4.0,-190.0,60.0,-152.0,-25.0,-12.0,64.0,-160.0
29.0,-53.0,3.0,-173.0,-34.0,56.0,290.0,489.0,49.0,-166.0
43.0,51.0,-29.0,-137.0,-106.0,137.0,487.0,809.0,6.0,-139.0
36.0,79.0,-15.0,-152.0,-21.0,-63.0,657.0,456.0,-10.0,-125.0
40.0,16.0,9.0,-142.0,69.0,-200.0,760.0,-79.0,-32.0,-127.0
14.0,209.0,10.0,-137.0,10.0,-68.0,767.0,-509.0,-63.0,-130.0
0.0,423.0,2.0,-145.0,-5.0,249.0,716.0,-694.0,-56.0,-114.0
-6.0,336.0,-7.0,-92.0,-63.0,201.0,533.0,-578.0,-51.0,-111.0
-20.0,541.0,-28.0,-30.0,-57.0,118.0,235.0,-437.0,-64.0,-119.0
-26.0,846.0,-18.0,26.0,-61.0,66.0,-2.0,-147.0,-60.0,-108.0
-37.0,553.0,-6.0,36.0,-88.0,221.0,-126.0,38.0,-57.0,-118.0
-47.0,438.0,-18.0,31.0,26.0,431.0,-328.0,258.0,-38.0,-122.0
-51.0,414.0,33.0,47.0,43.0,209.0,-648.0,336.0,3.0,-119.0
-43.0,165.0,24.0,83.0,-3.0,152.0,-981.0,260.0,32.0,-104.0
-69.0,105.0,22.0,169.0,-23.0,152.0,-1089.0,212.0,65.0,-92.0
-101.0,-75.0,66.0,193.0,-47.0,108.0,-897.0,-120.0,80.0,-91.0
-118.0,-346.0,53.0,122.0,-32.0,173.0,-642.0,-299.0,80.0,-59.0
-117.0,-326.0,70.0,62.0,9.0,138.0,-407.0,-460.0,107.0,-9.0
-100.0,-379.0,118.0,17.0,-55.0,75.0,-60.0,-434.0,128.0,30.0
-92.0,-461.0,119.0,-37.0,-70.0,148.0,218.0,-264.0,143.0,45.0
-95.0,-279.0,106.0,-93.0,42.0,381.0,341.0,-273.0,145.0,68.0
-99.0,-17.0,134.0,-79.0,63.0,484.0,441.0,-138.0,143.0,89.0
-90.0,145.0,108.0,-48.0,30.0,461.0,417.0,-73.0,150.0,97.0
-70.0,175.0,70.0,-48.0,22.0,287.0,316.0,53.0,147.0,92.0
-55.0,325.0,82.0,-58.0,20.0,185.0,197.0,-48.0,135.0,56.0
-66.0,433.0,79.0,-55.0,130.0,342.0,142.0,-123.0,113.0,14.0
-67.0,377.0,52.0,-3.0,165.0,309.0,112.0,59.0,88.0,-24.0
-56.0,241.0,46.0,18.0,5.0,226.0,90.0,-134.0,87.0,-48.0
-55.0,-19.0,56.0,61.0,82.0,198.0,190.0,-142.0,106.0,-77.0
-69.0,-100.0,31.0,128.0,130.0,140.0,336.0,-262.0,119.0,-134.0
-76.0,-157.0,47.0,204.0,22.0,-20.0,444.0,-452.0,135.0,-190.0
-77.0,-348.0,41.0,235.0,74.0,-235.0,402.0,-279.0,133.0,-220.0
-85.0,-333.0,23.0,182.0,9.0,-290.0,299.0,-55.0,119.0,-251.0
-87.0,-379.0,33.0,138.0,-18.0,-275.0,210.0,288.0,119.0,-307.0
-80.0,-339.0,23.0,77.0,106.0,-179.0,74.0,208.0,123.0,-351.0
-59.0,-181.0,11.0,13.0,40.0,-266.0,-177.0,131.0,141.0,-388.0
-50.0,-153.0,-1.0,-32.0,-91.0,-392.0,-480.0,214.0,154.0,-404.0
-39.0,88.0,22.0,-22.0,13.0,-272.0,-579.0,256.0,147.0,-404.0
-53.0,196.0,-2.0,-31.0,77.0,-148.0,-484.0,158.0,141.0,-406.0
-73.0,102.0,-28.0,-51.0,-77.0,-143.0,-447.0,-123.0,130.0,-388.0
-87.0,56.0,-11.0,-32.0,-83.0,-38.0,-489.0,-44.0,113.0,-361.0
-105.0,246.0,-37.0,-4.0,30.0,128.0,-310.0,-134.0,76.0,-318.0
-87.0,291.0,-20.0,55.0,17.0,-116.0,-39.0,-158.0,28.0,-281.0
-75.0,-14.0,0.0,119.0,-15.0,-342.0,12.0,-90.0,11.0,-263.0
-54.0,87.0,-32.0,173.0,43.0,-421.0,-78.0,75.0,0.0,-234.0
-49.0,266.0,-14.0,196.0,-26.0,-547.0,-78.0,417.0,14.0,-206.0
-78.0,392.0,6.0,212.0,-24.0,-452.0,29.0,347.0,40.0,-188.0
-95.0,454.0,10.0,177.0,86.0,-335.0,17.0,254.0,41.0,-185.0
-102.0,431.0,48.0,119.0,-119.0,-153.0,-24.0,92.0,41.0,-174.0
-85.0,570.0,39.0,58.0,-113.0,104.0,49.0,-121.0,40.0,-143.0
-88.0,295.0,64.0,27.0,64.0,85.0,127.0,-267.0,20.0,-122.0
-69.0,29.0,80.0,49.0,-87.0,-107.0,186.0,-384.0,-2.0,-112.0
-32.0,88.0,55.0,33.0,-90.0,-47.0,373.0,-251.0,-19.0,-74.0
-34.0,-1.0,71.0,42.0,9.0,21.0,665.0,-114.0,-48.0,-45.0
-48.0,52.0,61.0,54.0,-32.0,-139.0,921.0,-36.0,-79.0,-35.0
-59.0,55.0,23.0,69.0,-45.0,-166.0,1034.0,18.0,-87.0,-1.0
-58.0,-94.0,30.0,66.0,-78.0,-134.0,1004.0,40.0,-79.0,18.0
-48.0,-121.0,38.0,48.0,-66.0,-271.0,813.0,190.0,-73.0,29.0
-24.0,-134.0,50.0,100.0,72.0,-444.0,425.0,70.0,-76.0,20.0
-12.0,-174.0,68.0,152.0,110.0,-536.0,-55.0,-162.0,-69.0,33.0
-1.0,-429.0,50.0,162.0,-45.0,-571.0,-570.0,-205.0,-57.0,49.0
-23.0,-488.0,75.0,152.0,-24.0,-434.0,-853.0,-171.0,-67.0,22.0
-43.0,-366.0,72.0,138.0,111.0,-391.0,-1036.0,-127.0,-90.0,38.0
-42.0,-496.0,78.0,97.0,33.0,-456.0,-1198.0,-134.0,-97.0,78.0
-63.0,-491.0,85.0,96.0,-79.0,-289.0,-982.0,22.0,-90.0,105.0
-61.0,-424.0,96.0,126.0,-77.0,-310.0,-471.0,66.0,-72.0,94.0
-72.0,-439.0,116.0,99.0,58.0,-550.0,-15.0,199.0,-44.0,106.0
-72.0,-202.0,99.0,44.0,53.0,-611.0,182.0,497.0,-14.0,130.0
-66.0,-76.0,116.0,18.0,-62.0,-502.0,342.0,718.0,-10.0,112.0
-45.0,-96.0,119.0,16.0,-11.0,-643.0,523.0,665.0,1.0,118.0
-67.0,205.0,124.0,-25.0,40.0,-744.0,684.0,190.0,18.0,129.0
-112.0,182.0,95.0,-27.0,50.0,-500.0,712.0,-264.0,28.0,132.0
-115.0,39.0,101.0,20.0,1.0,-327.0,551.0,-626.0,63.0,112.0
-114.0,45.0,84.0,52.0,-107.0,-244.0,536.0,-513.0,71.0,101.0
-99.0,7.0,77.0,118.0,-32.0,-495.0,550.0,-112.0,83.0,98.0
-111.0,-9.0,117.0,174.0,167.0,-694.0,421.0,134.0,91.0,50.0
-65.0,-72.0,76.0,200.0,55.0,-500.0,369.0,312.0,72.0,6.0
-34.0,60.0,71.0,186.0,-119.0,-383.0,451.0,140.0,62.0,9.0
-32.0,80.0,91.0,156.0,-28.0,-520.0,440.0,90.0,59.0,-2.0
-41.0,103.0,58.0,146.0,54.0,-509.0,327.0,145.0,55.0,-43.0
-58.0,15.0,36.0,107.0,-23.0,-260.0,152.0,-20.0,57.0,-38.0
-48.0,100.0,37.0,94.0,-189.0,-425.0,-9.0,12.0,58.0,-22.0
-70.0,364.0,7.0,83.0,-124.0,-603.0,0.0,44.0,45.0,-16.0
-59.0,256.0,36.0,59.0,50.0,-627.0,21.0,81.0,56.0,-16.0
-49.0,290.0,95.0,65.0,-71.0,-663.0,-38.0,70.0,61.0,-19.0
-37.0,389.0,125.0,55.0,-159.0,-581.0,-104.0,33.0,71.0,-22.0
-32.0,560.0,109.0,17.0,-83.0,-734.0,-134.0,-7.0,89.0,-38.0
-29.0,588.0,106.0,-31.0,-86.0,-866.0,-187.0,-101.0,86.0,-41.0
-38.0,452.0,121.0,-38.0,-5.0,-766.0,-179.0,99.0,93.0,-33.0
-42.0,168.0,67.0,-16.0,-48.0,-790.0,-32.0,195.0,113.0,-54.0
-28.0,-138.0,85.0,-24.0,-138.0,-949.0,123.0,299.0,131.0,-93.0
-42.0,-65.0,61.0,-2.0,56.0,-736.0,149.0,393.0,119.0,-97.0
-29.0,-446.0,68.0,40.0,138.0,-400.0,30.0,304.0,103.0,-77.0
-26.0,-649.0,95.0,47.0,10.0,-431.0,-46.0,304.0,98.0,-84.0
-8.0,-228.0,65.0,62.0,-58.0,-452.0,-13.0,310.0,96.0,-117.0
-16.0,-187.0,94.0,86.0,24.0,-415.0,56.0,319.0,100.0,-97.0
-36.0,-422.0,34.0,104.0,104.0,-459.0,182.0,90.0,99.0,-67.0
-40.0,-346.0,-9.0,140.0,5.0,-502.0,342.0,33.0,98.0,-52.0
-56.0,55.0,-15.0,162.0,-39.0,-541.0,345.0,60.0,88.0,-23.0
-52.0,-22.0,-17.0,128.0,72.0,-411.0,285.0,-57.0,71.0,21.0
-61.0,-77.0,-18.0,115.0,92.0,-185.0,308.0,5.0,57.0,72.0
-39.0,53.0,-1.0,161.0,23.0,-325.0,325.0,-81.0,44.0,94.0
-12.0,-172.0,24.0,200.0,28.0,-596.0,319.0,-12.0,26.0,138.0
-23.0,-66.0,1.0,236.0,41.0,-421.0,274.0,123.0,17.0,154.0
-31.0,19.0,12.0,234.0,50.0,-353.0,247.0,181.0,18.0,134.0
-37.0,-163.0,12.0,214.0,59.0,-471.0,277.0,182.0,16.0,112.0
-46.0,-184.0,0.0,204.0,52.0,-365.0,324.0,11.0,14.0,97.0
-48.0,-85.0,-12.0,161.0,74.0,-373.0,245.0,35.0,5.0,111.0
-74.0,-183.0,6.0,134.0,37.0,-390.0,123.0,-66.0,-26.0,104.0
-78.0,-206.0,15.0,125.0,90.0,-388.0,116.0,-140.0,-55.0,109.0
-55.0,143.0,-20.0,120.0,66.0,-500.0,95.0,-194.0,-45.0,140.0
-36.0,239.0,4.0,69.0,-62.0,-572.0,56.0,-275.0,-25.0,168.0
-26.0,73.0,4.0,15.0,22.0,-575.0,85.0,-11.0,-20.0,168.0
-39.0,-14.0,-25.0,27.0,43.0,-587.0,214.0,144.0,-37.0,190.0
-34.0,47.0,15.0,13.0,-100.0,-559.0,395.0,282.0,-51.0,233.0
-29.0,156.0,-3.0,-2.0,-104.0,-425.0,561.0,295.0,-35.0,232.0
-19.0,263.0,-34.0,1.0,101.0,-370.0,551.0,173.0,-28.0,242.0
-9.0,240.0,5.0,4.0,33.0,-252.0,441.0,134.0,-40.0,266.0
13.0,209.0,-27.0,10.0,-78.0,-143.0,389.0,51.0,-26.0,269.0
37.0,493.0,0.0,3.0,2.0,-221.0,267.0,-3.0,-10.0,252.0
31.0,485.0,28.0,-15.0,-9.0,-383.0,81.0,-317.0,0.0,250.0
2.0,238.0,0.0,-25.0,2.0,-428.0,-171.0,-336.0,34.0,267.0
-23.0,376.0,18.0,-19.0,-115.0,-191.0,-314.0,-125.0,67.0,246.0
-19.0,298.0,-7.0,23.0,-120.0,-165.0,-207.0,-25.0,70.0,197.0
-30.0,-10.0,23.0,65.0,60.0,-338.0,-88.0,177.0,62.0,173.0
-33.0,104.0,53.0,56.0,57.0,-472.0,-116.0,125.0,70.0,160.0
-25.0,272.0,50.0,42.0,-80.0,-469.0,-185.0,75.0,79.0,103.0
3.0,270.0,69.0,17.0,-45.0,-223.0,-142.0,31.0,100.0,54.0
20.0,122.0,70.0,16.0,3.0,-181.0,-84.0,20.0,105.0,51.0
14.0,-24.0,81.0,-15.0,-62.0,-302.0,-116.0,-59.0,84.0,20.0
-6.0,-162.0,88.0,-16.0,17.0,-319.0,-183.0,-99.0,78.0,-40.0
-41.0,-261.0,117.0,19.0,-32.0,-370.0,-130.0,77.0,73.0,-73.0
-31.0,-98.0,92.0,-13.0,-13.0,-391.0,74.0,35.0,81.0,-84.0
-18.0,-89.0,58.0,32.0,146.0,-173.0,278.0,101.0,100.0,-111.0
0.0,-99.0,43.0,57.0,84.0,45.0,345.0,0.0,98.0,-145.0
6.0,-34.0,53.0,45.0,-45.0,43.0,431.0,-96.0,79.0,-164.0
16.0,-75.0,66.0,65.0,-82.0,-10.0,662.0,-18.0,81.0,-178.0
26.0,-119.0,40.0,71.0,66.0,-32.0,849.0,-145.0,80.0,-192.0
14.0,5.0,54.0,114.0,145.0,-33.0,918.0,-44.0,74.0,-194.0
-18.0,170.0,62.0,173.0,-39.0,-1.0,906.0,-51.0,101.0,-200.0
-48.0,109.0,64.0,249.0,-75.0,-31.0,796.0,9.0,120.0,-209.0
-46.0,130.0,52.0,272.0,119.0,-137.0,533.0,77.0,132.0,-200.0
-40.0,153.0,48.0,265.0,134.0,-66.0,230.0,-42.0,124.0,-157.0
-25.0,120.0,46.0,282.0,-17.0,-16.0,-96.0,-101.0,121.0,-126.0
-15.0,58.0,58.0,285.0,-48.0,-115.0,-489.0,-251.0,112.0,-122.0
-8.0,-126.0,37.0,256.0,67.0,-116.0,-880.0,-90.0,71.0,-97.0
-12.0,-269.0,29.0,242.0,53.0,-150.0,-1162.0,99.0,61.0,-90.0
-34.0,-214.0,63.0,209.0,-118.0,-286.0,-1137.0,402.0,44.0,-81.0
-73.0,-208.0,51.0,152.0,-74.0,-291.0,-950.0,650.0,16.0,-72.0
-91.0,-336.0,98.0,143.0,14.0,-169.0,-614.0,352.0,-6.0,-79.0
-94.0,-199.0,118.0,105.0,-18.0,-202.0,-59.0,-9.0,-36.0,-72.0
-100.0,-51.0,94.0,86.0,-37.0,-248.0,554.0,-437.0,-54.0,-79.0
-61.0,-4.0,95.0,99.0,-129.0,-152.0,1048.0,-589.0,-63.0,-72.0
-45.0,-39.0,62.0,123.0,-131.0,-62.0,1252.0,-589.0,-62.0,-59.0
-46.0,78.0,25.0,162.0,-24.0,-66.0,1216.0,-511.0,-22.0,-52.0
-58.0,351.0,33.0,199.0,-39.0,-94.0,1088.0,-182.0,20.0,-54.0
-75.0,338.0,8.0,252.0,-139.0,3.0,822.0,-97.0,27.0,-46.0
-62.0,309.0,8.0,285.0,-87.0,131.0,369.0,73.0,60.0,-18.0
-66.0,268.0,26.0,297.0,13.0,50.0,-35.0,179.0,79.0,-4.0
-56.0,360.0,1.0,256.0,-5.0,-81.0,-342.0,90.0,80.0,15.0
-42.0,438.0,13.0,178.0,-56.0,-13.0,-551.0,88.0,95.0,25.0
-26.0,281.0,-29.0,113.0,-129.0,11.0,-658.0,88.0,107.0,48.0
-22.0,117.0,-54.0,76.0,-39.0,-101.0,-666.0,216.0,132.0,86.0
-53.0,29.0,-50.0,63.0,32.0,-106.0,-468.0,179.0,141.0,97.0
-58.0,106.0,-58.0,51.0,-12.0,-47.0,-199.0,162.0,154.0,111.0
-49.0,5.0,-63.0,12.0,4.0,4.0,-32.0,243.0,153.0,130.0
-20.0,15.0,-76.0,-9.0,35.0,181.0,11.0,304.0,148.0,151.0
3.0,259.0,-55.0,14.0,74.0,154.0,99.0,315.0,150.0,174.0
11.0,154.0,-23.0,23.0,-9.0,-64.0,153.0,121.0,143.0,198.0
14.0,13.0,-38.0,44.0,-47.0,-91.0,137.0,96.0,138.0,224.0
0.0,-102.0,-28.0,65.0,32.0,-133.0,158.0,79.0,99.0,241.0
-13.0,-152.0,21.0,72.0,59.0,-181.0,150.0,86.0,69.0,260.0
-29.0,-191.0,12.0,65.0,86.0,-102.0,186.0,99.0,60.0,286.0
-17.0,-390.0,70.0,82.0,53.0,14.0,180.0,-33.0,40.0,286.0
-12.0,-242.0,101.0,123.0,19.0,106.0,134.0,-3.0,30.0,288.0
-8.0,-217.0,76.0,132.0,72.0,182.0,168.0,-18.0,6.0,296.0
0.0,-239.0,91.0,136.0,71.0,169.0,193.0,18.0,-14.0,292.0
-9.0,-144.0,90.0,126.0,6.0,168.0,163.0,18.0,-30.0,314.0
-8.0,-185.0,102.0,128.0,70.0,294.0,190.0,-53.0,-41.0,317.0
-4.0,-30.0,143.0,125.0,82.0,269.0,128.0,-46.0,-18.0,303.0
6.0,46.0,155.0,97.0,-26.0,74.0,-121.0,-144.0,-6.0,301.0
17.0,84.0,142.0,64.0,45.0,49.0,-241.0,-64.0,3.0,298.0
36.0,9.0,144.0,3.0,45.0,180.0,-158.0,-79.0,19.0,280.0
50.0,-66.0,118.0,-29.0,19.0,191.0,-101.0,-169.0,32.0,265.0
63.0,177.0,153.0,-37.0,69.0,152.0,-142.0,-157.0,64.0,254.0
66.0,208.0,125.0,-70.0,-35.0,113.0,-182.0,-131.0,63.0,205.0
66.0,-43.0,109.0,-65.0,-25.0,112.0,-148.0,-75.0,72.0,182.0
66.0,44.0,162.0,-41.0,-15.0,156.0,-4.0,-181.0,116.0,157.0
67.0,154.0,215.0,-41.0,-33.0,216.0,43.0,-120.0,134.0,110.0
55.0,17.0,201.0,-35.0,50.0,333.0,40.0,-234.0,161.0,65.0
30.0,-25.0,122.0,-34.0,-43.0,355.0,130.0,-236.0,202.0,0.0
43.0,-54.0,205.0,-12.0,-71.0,281.0,100.0,-3.0,205.0,-48.0
58.0,-168.0,243.0,6.0,37.0,150.0,-7.0,-57.0,201.0,-79.0
59.0,-290.0,250.0,34.0,-178.0,139.0,-90.0,35.0,213.0,-100.0
35.0,-163.0,172.0,98.0,-134.0,259.0,-7.0,31.0,206.0,-107.0
16.0,-179.0,109.0,179.0,91.0,388.0,207.0,92.0,189.0,-102.0
-4.0,-105.0,165.0,219.0,-81.0,394.0,345.0,210.0,162.0,-97.0
-15.0,86.0,110.0,211.0,44.0,292.0,362.0,290.0,138.0,-62.0
-17.0,-218.0,121.0,164.0,85.0,521.0,406.0,467.0,120.0,-9.0
-22.0,-339.0,119.0,85.0,5.0,676.0,493.0,445.0,104.0,10.0
-10.0,-180.0,85.0,54.0,94.0,583.0,464.0,495.0,110.0,23.0
-16.0,-331.0,72.0,28.0,-54.0,757.0,349.0,275.0,105.0,41.0
1.0,-437.0,39.0,6.0,-18.0,1001.0,171.0,118.0,94.0,66.0
3.0,-189.0,8.0,18.0,80.0,859.0,-48.0,210.0,90.0,60.0
34.0,-176.0,0.0,1.0,-5.0,419.0,-338.0,-11.0,92.0,48.0
41.0,-197.0,-20.0,-10.0,16.0,283.0,-553.0,-129.0,104.0,43.0
22.0,-21.0,-36.0,36.0,-2.0,457.0,-595.0,-256.0,77.0,26.0
38.0,-57.0,-19.0,72.0,-4.0,492.0,-474.0,-327.0,43.0,20.0
49.0,-84.0,-36.0,67.0,160.0,381.0,-235.0,-343.0,32.0,-1.0
77.0,87.0,15.0,110.0,-29.0,320.0,-37.0,-327.0,17.0,-6.0
86.0,182.0,55.0,164.0,-98.0,330.0,77.0,-62.0,0.0,-16.0
116.0,293.0,75.0,160.0,82.0,281.0,157.0,99.0,-20.0,-40.0
125.0,485.0,79.0,131.0,-45.0,274.0,305.0,315.0,-1.0,-31.0
119.0,427.0,49.0,130.0,60.0,514.0,400.0,303.0,-4.0,-55.0
97.0,385.0,74.0,113.0,138.0,712.0,392.0,140.0,-26.0,-95.0
95.0,409.0,94.0,61.0,27.0,613.0,229.0,116.0,-31.0,-116.0
104.0,469.0,72.0,43.0,142.0,507.0,28.0,-40.0,-29.0,-153.0
111.0,466.0,25.0,3.0,85.0,621.0,-17.0,-123.0,-7.0,-182.0
124.0,290.0,45.0,-27.0,-107.0,719.0,-84.0,-214.0,-15.0,-190.0
108.0,153.0,18.0,0.0,98.0,656.0,-117.0,-162.0,-6.0,-204.0
130.0,157.0,7.0,3.0,114.0,736.0,-68.0,-136.0,15.0,-220.0
121.0,136.0,45.0,-3.0,-136.0,922.0,-18.0,-243.0,9.0,-214.0
109.0,-177.0,-7.0,5.0,-30.0,1025.0,54.0,-253.0,26.0,-193.0
91.0,-112.0,20.0,-2.0,-19.0,1022.0,123.0,-312.0,28.0,-166.0
89.0,121.0,43.0,-13.0,-30.0,908.0,151.0,-88.0,0.0,-124.0
85.0,-15.0,16.0,37.0,25.0,838.0,149.0,81.0,-34.0,-95.0
65.0,-40.0,55.0,72.0,-6.0,779.0,135.0,164.0,-41.0,-57.0
68.0,149.0,63.0,62.0,16.0,715.0,140.0,315.0,-27.0,3.0
75.0,308.0,48.0,46.0,-30.0,737.0,74.0,275.0,-27.0,42.0
111.0,200.0,46.0,21.0,-18.0,921.0,-112.0,291.0,-20.0,70.0
86.0,124.0,26.0,-20.0,-40.0,993.0,-311.0,166.0,-16.0,80.0
81.0,-124.0,23.0,-87.0,-122.0,786.0,-417.0,33.0,-18.0,90.0
81.0,-344.0,72.0,-102.0,-13.0,702.0,-411.0,-105.0,-26.0,102.0
69.0,-117.0,108.0,-98.0,4.0,727.0,-405.0,-190.0,-13.0,99.0
42.0,-173.0,122.0,-121.0,-76.0,663.0,-304.0,-227.0,2.0,112.0
37.0,-300.0,83.0,-144.0,-6.0,652.0,-77.0,-439.0,-20.0,112.0
59.0,-173.0,68.0,-158.0,16.0,717.0,135.0,-356.0,0.0,122.0
80.0,-54.0,135.0,-166.0,8.0,709.0,226.0,-325.0,21.0,176.0
117.0,-213.0,133.0,-189.0,6.0,665.0,258.0,-266.0,22.0,233.0
109.0,-231.0,176.0,-166.0,11.0,660.0,353.0,-109.0,14.0,256.0
121.0,69.0,166.0,-118.0,45.0,654.0,430.0,-9.0,-16.0,291.0
117.0,-126.0,100.0,-70.0,-35.0,699.0,447.0,288.0,-13.0,344.0
128.0,-261.0,123.0,10.0,-71.0,761.0,366.0,266.0,-13.0,371.0
117.0,-71.0,78.0,77.0,42.0,803.0,288.0,16.0,-14.0,386.0
140.0,87.0,96.0,87.0,60.0,907.0,277.0,-225.0,-13.0,385.0
186.0,163.0,111.0,43.0,-1.0,899.0,326.0,-53.0,-31.0,380.0
214.0,39.0,67.0,5.0,68.0,773.0,364.0,334.0,-40.0,356.0
249.0,78.0,104.0,-10.0,15.0,760.0,267.0,395.0,-53.0,339.0
229.0,132.0,75.0,-13.0,-17.0,856.0,116.0,397.0,-80.0,335.0
253.0,200.0,59.0,-17.0,91.0,961.0,-48.0,145.0,-105.0,301.0
242.0,342.0,102.0,-15.0,-3.0,864.0,-233.0,-75.0,-134.0,265.0
241.0,269.0,116.0,-27.0,26.0,843.0,-441.0,-290.0,-167.0,243.0
210.0,306.0,125.0,-34.0,88.0,1075.0,-519.0,-467.0,-175.0,231.0
172.0,362.0,124.0,0.0,63.0,1134.0,-475.0,-424.0,-183.0,194.0
162.0,141.0,155.0,-22.0,183.0,903.0,-371.0,-513.0,-179.0,146.0
176.0,94.0,169.0,-58.0,84.0,770.0,-216.0,-530.0,-153.0,123.0
218.0,173.0,238.0,-35.0,-26.0,870.0,-95.0,-604.0,-135.0,104.0
210.0,111.0,269.0,-8.0,112.0,743.0,45.0,-618.0,-106.0,82.0
213.0,1.0,200.0,-20.0,25.0,619.0,114.0,-452.0,-99.0,76.0
202.0,20.0,217.0,-33.0,-51.0,624.0,89.0,-184.0,-68.0,79.0
209.0,157.0,194.0,-46.0,124.0,536.0,-34.0,256.0,-29.0,40.0
188.0,24.0,166.0,-49.0,120.0,501.0,-124.0,362.0,7.0,8.0
184.0,-71.0,164.0,-11.0,53.0,573.0,-151.0,277.0,37.0,4.0
148.0,-97.0,122.0,7.0,48.0,807.0,-253.0,49.0,44.0,-23.0
120.0,-336.0,122.0,-8.0,25.0,910.0,-308.0,-284.0,61.0,-62.0
116.0,-300.0,131.0,-39.0,20.0,879.0,-299.0,-334.0,46.0,-91.0
64.0,-311.0,77.0,-33.0,-41.0,834.0,-193.0,-269.0,60.0,-104.0
43.0,-436.0,45.0,-54.0,-121.0,818.0,-53.0,73.0,60.0,-121.0
9.0,-173.0,58.0,-70.0,-65.0,856.0,74.0,267.0,41.0,-124.0
38.0,-47.0,59.0,-19.0,50.0,805.0,216.0,236.0,41.0,-100.0
61.0,-46.0,116.0,-16.0,48.0,731.0,317.0,131.0,5.0,-89.0
59.0,-67.0,118.0,-34.0,-15.0,721.0,397.0,-90.0,-23.0,-71.0
42.0,-17.0,92.0,-35.0,-46.0,819.0,440.0,35.0,-50.0,-39.0
65.0,97.0,121.0,-28.0,58.0,701.0,405.0,5.0,-54.0,-18.0
97.0,-124.0,130.0,1.0,-13.0,574.0,334.0,-20.0,-44.0,-20.0
56.0,-198.0,127.0,32.0,-142.0,778.0,285.0,57.0,-51.0,-30.0
1.0,-278.0,112.0,29.0,-27.0,764.0,199.0,125.0,-51.0,-39.0
-5.0,-312.0,101.0,-4.0,-30.0,559.0,89.0,262.0,-47.0,-51.0
60.0,-249.0,119.0,10.0,57.0,540.0,-71.0,142.0,-61.0,-83.0
36.0,-332.0,100.0,20.0,62.0,555.0,-180.0,107.0,-60.0,-101.0
-30.0,-169.0,31.0,-12.0,-128.0,692.0,-83.0,66.0,-32.0,-95.0
-67.0,-37.0,57.0,-32.0,-31.0,686.0,84.0,232.0,-32.0,-114.0
-15.0,-152.0,49.0,-64.0,-2.0,367.0,187.0,375.0,-40.0,-117.0
47.0,-225.0,0.0,-96.0,-146.0,457.0,241.0,229.0,-58.0,-92.0
43.0,24.0,4.0,-114.0,-131.0,753.0,295.0,120.0,-53.0,-69.0
52.0,16.0,-36.0,-119.0,-63.0,803.0,253.0,-120.0,-40.0,-66.0
80.0,-168.0,1.0,-154.0,-10.0,667.0,167.0,-164.0,-50.0,-63.0
113.0,142.0,13.0,-192.0,15.0,455.0,-28.0,-238.0,-32.0,-26.0
54.0,261.0,-46.0,-161.0,-105.0,512.0,-313.0,-290.0,-27.0,-11.0
-25.0,193.0,-22.0,-95.0,-71.0,669.0,-375.0,-86.0,-53.0,-22.0
-55.0,334.0,-16.0,-38.0,79.0,623.0,-278.0,7.0,-80.0,-27.0
-16.0,174.0,-59.0,-24.0,-34.0,543.0,-210.0,1.0,-74.0,-38.0
10.0,27.0,-45.0,-24.0,-101.0,546.0,-202.0,-158.0,-39.0,-57.0
6.0,198.0,-22.0,-35.0,-47.0,467.0,-191.0,-105.0,-25.0,-57.0
2.0,112.0,-27.0,-38.0,99.0,388.0,-180.0,16.0,-21.0,-43.0
43.0,-121.0,-16.0,-66.0,103.0,299.0,-149.0,-12.0,-22.0,-29.0
111.0,-98.0,-23.0,-118.0,-56.0,121.0,-213.0,-7.0,-14.0,-16.0
74.0,-35.0,-37.0,-133.0,55.0,134.0,-391.0,-181.0,-18.0,16.0
22.0,-209.0,-5.0,-129.0,5.0,246.0,-342.0,-116.0,-27.0,65.0
22.0,-209.0,-19.0,-73.0,-40.0,365.0,-197.0,27.0,-14.0,82.0
75.0,-239.0,-76.0,-66.0,-48.0,373.0,-201.0,73.0,6.0,99.0
82.0,-360.0,-55.0,-91.0,-232.0,215.0,-165.0,208.0,22.0,125.0
35.0,-126.0,-85.0,-92.0,-99.0,212.0,18.0,227.0,14.0,135.0
20.0,-50.0,-100.0,-96.0,49.0,283.0,279.0,312.0,9.0,130.0
63.0,-133.0,-66.0,-55.0,-103.0,379.0,508.0,197.0,-9.0,102.0
111.0,37.0,-57.0,-52.0,-162.0,415.0,559.0,245.0,-29.0,81.0
75.0,301.0,-37.0,-64.0,-4.0,244.0,490.0,404.0,-38.0,59.0
46.0,122.0,-54.0,-42.0,-73.0,165.0,455.0,158.0,-56.0,31.0
40.0,-59.0,-62.0,-18.0,-112.0,143.0,381.0,157.0,-84.0,9.0
69.0,159.0,-84.0,-3.0,-33.0,123.0,138.0,168.0,-104.0,-23.0
80.0,104.0,-69.0,19.0,-110.0,252.0,-192.0,75.0,-95.0,-42.0
54.0,-98.0,-47.0,41.0,74.0,343.0,-373.0,158.0,-106.0,-58.0
41.0,-106.0,-11.0,13.0,48.0,400.0,-416.0,402.0,-107.0,-60.0
21.0,-236.0,9.0,-7.0,-200.0,397.0,-480.0,493.0,-100.0,-51.0
21.0,-432.0,-27.0,-31.0,-7.0,225.0,-461.0,351.0,-105.0,-64.0
10.0,-337.0,-26.0,-36.0,131.0,118.0,-254.0,450.0,-98.0,-59.0
1.0,-294.0,-53.0,-3.0,0.0,167.0,22.0,487.0,-80.0,-49.0
-6.0,-188.0,-56.0,-5.0,-49.0,-4.0,347.0,487.0,-55.0,-33.0
-7.0,143.0,-29.0,-16.0,-4.0,-292.0,517.0,303.0,-47.0,-51.0
-3.0,225.0,-50.0,-46.0,51.0,-271.0,407.0,84.0,-47.0,-81.0
-22.0,284.0,-31.0,-76.0,74.0,-280.0,410.0,121.0,-21.0,-74.0
-26.0,555.0,-45.0,-58.0,-20.0,-205.0,440.0,75.0,16.0,-87.0
-36.0,661.0,-69.0,-57.0,-153.0,-94.0,218.0,103.0,38.0,-115.0
-28.0,471.0,-46.0,-84.0,10.0,-187.0,-79.0,-42.0,70.0,-138.0
-28.0,349.0,-59.0,-134.0,157.0,-50.0,-211.0,-11.0,85.0,-151.0
-58.0,260.0,-95.0,-167.0,-35.0,43.0,-183.0,114.0,81.0,-161.0
-54.0,141.0,-106.0,-118.0,-82.0,-136.0,-138.0,68.0,66.0,-145.0
-28.0,-20.0,-116.0,-44.0,32.0,-368.0,-72.0,301.0,43.0,-106.0
-7.0,-232.0,-145.0,-14.0,35.0,-553.0,17.0,413.0,24.0,-68.0
-21.0,-178.0,-118.0,-20.0,-54.0,-540.0,169.0,395.0,4.0,-32.0
-15.0,-199.0,-118.0,-8.0,-62.0,-225.0,297.0,199.0,6.0,-7.0
5.0,-396.0,-86.0,-23.0,26.0,-79.0,246.0,40.0,2.0,28.0
27.0,-385.0,-74.0,-64.0,114.0,-296.0,93.0,142.0,-6.0,42.0
27.0,-190.0,-125.0,-85.0,147.0,-385.0,-23.0,173.0,-28.0,48.0
-15.0,75.0,-68.0,-94.0,13.0,-235.0,-152.0,182.0,-35.0,57.0
-10.0,156.0,-80.0,-60.0,58.0,-14.0,-186.0,81.0,-43.0,53.0
22.0,119.0,-104.0,-3.0,213.0,-87.0,-230.0,7.0,-75.0,48.0
53.0,144.0,-111.0,27.0,-16.0,-287.0,-520.0,-79.0,-83.0,37.0
52.0,128.0,-108.0,-32.0,-130.0,-274.0,-521.0,-7.0,-81.0,36.0
37.0,42.0,-107.0,-72.0,48.0,-228.0,-166.0,358.0,-67.0,22.0
49.0,-151.0,-159.0,-59.0,64.0,-214.0,81.0,528.0,-71.0,-3.0
58.0,-184.0,-150.0,-44.0,107.0,-183.0,196.0,657.0,-49.0,-10.0
30.0,-86.0,-154.0,-21.0,80.0,-112.0,265.0,731.0,-21.0,-14.0
2.0,-122.0,-156.0,-51.0,9.0,-47.0,357.0,615.0,-10.0,-22.0
8.0,-256.0,-168.0,-57.0,103.0,-125.0,495.0,443.0,7.0,-46.0
19.0,-155.0,-167.0,-62.0,11.0,-236.0,613.0,280.0,-11.0,-73.0
31.0,156.0,-151.0,-51.0,-2.0,-216.0,613.0,306.0,-13.0,-99.0
12.0,103.0,-148.0,-4.0,4.0,-210.0,510.0,236.0,-24.0,-137.0
-2.0,190.0,-137.0,39.0,-83.0,-228.0,395.0,225.0,-37.0,-135.0
-27.0,336.0,-155.0,86.0,95.0,-296.0,313.0,267.0,-35.0,-113.0
-36.0,280.0,-177.0,107.0,58.0,-381.0,160.0,208.0,-36.0,-105.0
-76.0,281.0,-181.0,117.0,-36.0,-471.0,71.0,273.0,-34.0,-78.0
-116.0,153.0,-147.0,53.0,118.0,-444.0,121.0,166.0,-56.0,-55.0
-82.0,59.0,-153.0,3.0,31.0,-299.0,83.0,240.0,-56.0,-22.0
-71.0,-129.0,-186.0,-6.0,-61.0,-375.0,-57.0,408.0,-54.0,-4.0
-83.0,-30.0,-201.0,-50.0,-42.0,-544.0,-331.0,502.0,-44.0,0.0
-122.0,-75.0,-256.0,-98.0,-84.0,-691.0,-564.0,535.0,-38.0,30.0
-112.0,-279.0,-278.0,-159.0,56.0,-707.0,-481.0,363.0,-41.0,35.0
-135.0,121.0,-219.0,-179.0,-2.0,-588.0,-371.0,410.0,-36.0,33.0
-146.0,173.0,-205.0,-163.0,-181.0,-600.0,-465.0,391.0,-45.0,41.0
-128.0,-60.0,-166.0,-130.0,39.0,-742.0,-396.0,521.0,-24.0,48.0
-126.0,51.0,-166.0,-72.0,6.0,-707.0,-103.0,672.0,-14.0,49.0
-79.0,153.0,-189.0,3.0,-120.0,-463.0,176.0,554.0,-14.0,46.0
-93.0,20.0,-130.0,81.0,-16.0,-445.0,320.0,356.0,2.0,67.0
-87.0,34.0,-164.0,126.0,-72.0,-557.0,404.0,48.0,22.0,74.0
-89.0,57.0,-150.0,148.0,52.0,-482.0,615.0,-29.0,37.0,74.0
-60.0,-101.0,-183.0,129.0,51.0,-386.0,660.0,-31.0,47.0,84.0
-39.0,-141.0,-220.0,79.0,-113.0,-446.0,538.0,249.0,70.0,88.0
-57.0,-167.0,-187.0,26.0,93.0,-606.0,455.0,258.0,78.0,72.0
-45.0,-253.0,-246.0,-35.0,83.0,-669.0,372.0,-151.0,100.0,48.0
-46.0,-199.0,-202.0,-90.0,-71.0,-657.0,295.0,-304.0,130.0,26.0
-22.0,57.0,-202.0,-73.0,-15.0,-769.0,234.0,-423.0,138.0,0.0
-21.0,-157.0,-245.0,-65.0,-84.0,-878.0,159.0,-83.0,154.0,-2.0
1.0,-378.0,-238.0,-125.0,34.0,-882.0,-17.0,334.0,163.0,-3.0
3.0,-221.0,-243.0,-124.0,138.0,-886.0,-219.0,668.0,175.0,-10.0
-6.0,-285.0,-239.0,-106.0,-92.0,-930.0,-308.0,927.0,183.0,-1.0
-8.0,-199.0,-216.0,-87.0,-4.0,-1044.0,-210.0,683.0,165.0,0.0
14.0,-109.0,-174.0,-42.0,11.0,-984.0,-183.0,295.0,141.0,5.0
14.0,-219.0,-150.0,-22.0,-115.0,-783.0,-152.0,-57.0,138.0,26.0
2.0,-166.0,-99.0,14.0,28.0,-763.0,61.0,-70.0,139.0,33.0
29.0,37.0,-106.0,17.0,-69.0,-916.0,179.0,35.0,106.0,33.0
6.0,92.0,-89.0,0.0,-7.0,-962.0,181.0,140.0,73.0,43.0
-11.0,125.0,-58.0,12.0,102.0,-754.0,137.0,330.0,73.0,48.0
-49.0,356.0,-89.0,-17.0,-146.0,-722.0,166.0,279.0,52.0,31.0
-60.0,226.0,-44.0,-31.0,-63.0,-779.0,267.0,254.0,23.0,-15.0
-52.0,190.0,-14.0,-12.0,107.0,-638.0,203.0,223.0,24.0,-41.0
-57.0,581.0,-18.0,-3.0,-66.0,-514.0,-42.0,96.0,5.0,-50.0
-67.0,441.0,-16.0,51.0,-72.0,-582.0,-185.0,125.0,-21.0,-69.0
-77.0,232.0,-61.0,72.0,-32.0,-742.0,-103.0,279.0,-47.0,-72.0
-76.0,239.0,-99.0,18.0,-46.0,-735.0,55.0,511.0,-59.0,-71.0
-87.0,53.0,-74.0,-25.0,147.0,-738.0,168.0,622.0,-61.0,-57.0
-103.0,-88.0,-80.0,-62.0,12.0,-781.0,146.0,580.0,-77.0,-37.0
-147.0,-113.0,-113.0,-49.0,-108.0,-831.0,123.0,380.0,-65.0,-21.0
-131.0,-170.0,-84.0,-14.0,33.0,-838.0,157.0,208.0,-66.0,0.0
-129.0,-189.0,-113.0,-44.0,-4.0,-784.0,134.0,245.0,-100.0,-3.0
-147.0,47.0,-150.0,-43.0,1.0,-801.0,73.0,238.0,-127.0,-39.0
-133.0,-70.0,-142.0,-12.0,20.0,-757.0,102.0,369.0,-121.0,-60.0
-122.0,-163.0,-147.0,-33.0,56.0,-736.0,197.0,317.0,-125.0,-69.0
-102.0,116.0,-97.0,-24.0,111.0,-755.0,160.0,138.0,-168.0,-102.0
-95.0,55.0,-107.0,11.0,41.0,-870.0,6.0,181.0,-169.0,-135.0
-107.0,54.0,-108.0,44.0,-20.0,-901.0,-100.0,38.0,-147.0,-153.0
-118.0,-17.0,-77.0,99.0,22.0,-728.0,-120.0,40.0,-157.0,-187.0
-105.0,-168.0,-105.0,103.0,119.0,-658.0,-64.0,51.0,-141.0,-213.0
-112.0,-59.0,-54.0,78.0,61.0,-688.0,-43.0,75.0,-104.0,-219.0
-106.0,-41.0,-79.0,61.0,-72.0,-800.0,-148.0,179.0,-103.0,-227.0
-92.0,-171.0,-84.0,35.0,-11.0,-758.0,-174.0,153.0,-86.0,-235.0
-53.0,-366.0,-52.0,-3.0,123.0,-650.0,-152.0,144.0,-60.0,-253.0
-37.0,-412.0,-103.0,-79.0,45.0,-731.0,-146.0,-20.0,-31.0,-269.0
-72.0,-420.0,-88.0,-99.0,-12.0,-821.0,-138.0,75.0,-10.0,-276.0
-73.0,-387.0,-120.0,-84.0,96.0,-835.0,-171.0,90.0,-31.0,-281.0
-67.0,-192.0,-140.0,-89.0,0.0,-684.0,-196.0,9.0,-23.0,-285.0
-59.0,-41.0,-103.0,-55.0,-8.0,-641.0,-302.0,133.0,-1.0,-285.0
-57.0,-48.0,-96.0,-81.0,41.0,-733.0,-389.0,179.0,-24.0,-280.0
-60.0,15.0,-124.0,-122.0,-88.0,-638.0,-413.0,362.0,-48.0,-285.0
-91.0,297.0,-124.0,-107.0,64.0,-573.0,-394.0,430.0,-37.0,-275.0
-86.0,271.0,-154.0,-82.0,114.0,-508.0,-279.0,552.0,-39.0,-257.0
-37.0,207.0,-221.0,-28.0,-67.0,-393.0,-76.0,497.0,-33.0,-243.0
-19.0,377.0,-186.0,12.0,36.0,-359.0,201.0,330.0,-21.0,-229.0
9.0,177.0,-182.0,65.0,47.0,-358.0,389.0,254.0,-24.0,-209.0
23.0,-64.0,-176.0,102.0,-66.0,-446.0,515.0,-81.0,3.0,-188.0
32.0,171.0,-138.0,51.0,-35.0,-538.0,707.0,-112.0,17.0,-194.0
25.0,177.0,-118.0,-25.0,-150.0,-703.0,807.0,-221.0,14.0,-177.0
8.0,-177.0,-101.0,-39.0,-96.0,-894.0,616.0,-328.0,1.0,-156.0
-2.0,-226.0,-64.0,-27.0,130.0,-960.0,453.0,-208.0,-12.0,-158.0
-11.0,-354.0,-51.0,32.0,1.0,-964.0,495.0,-114.0,-20.0,-154.0
20.0,-415.0,-71.0,131.0,-89.0,-976.0,405.0,166.0,-41.0,-145.0
33.0,-135.0,-26.0,135.0,26.0,-1099.0,160.0,334.0,-44.0,-125.0
44.0,-48.0,-37.0,96.0,-20.0,-1160.0,48.0,447.0,-76.0,-120.0
42.0,-67.0,-40.0,62.0,-63.0,-1125.0,20.0,280.0,-95.0,-104.0
36.0,-72.0,0.0,18.0,-102.0,-1024.0,-201.0,190.0,-63.0,-72.0
35.0,85.0,-11.0,39.0,-64.0,-751.0,-440.0,332.0,-78.0,-56.0
31.0,96.0,16.0,86.0,106.0,-575.0,-483.0,184.0,-91.0,-40.0
56.0,9.0,27.0,98.0,-61.0,-702.0,-448.0,190.0,-98.0,-10.0
85.0,184.0,15.0,95.0,-51.0,-742.0,-506.0,40.0,-121.0,29.0
128.0,155.0,40.0,65.0,99.0,-601.0,-580.0,-190.0,-121.0,53.0
131.0,207.0,47.0,73.0,-2.0,-635.0,-498.0,-291.0,-115.0,60.0
130.0,127.0,-37.0,77.0,54.0,-761.0,-425.0,-388.0,-96.0,89.0
97.0,61.0,-96.0,69.0,-8.0,-884.0,-444.0,-243.0,-84.0,122.0
43.0,75.0,-105.0,123.0,-18.0,-832.0,-303.0,-173.0,-95.0,112.0
29.0,-173.0,-134.0,113.0,86.0,-585.0,-74.0,-127.0,-86.0,92.0
35.0,-153.0,-130.0,102.0,-5.0,-350.0,-99.0,-188.0,-65.0,93.0
50.0,-337.0,-178.0,98.0,-8.0,-175.0,-126.0,-229.0,-64.0,100.0
48.0,-240.0,-167.0,65.0,78.0,-214.0,7.0,-203.0,-82.0,95.0
63.0,-89.0,-121.0,52.0,15.0,-287.0,14.0,-251.0,-78.0,82.0
35.0,-203.0,-112.0,14.0,-47.0,-254.0,-60.0,-53.0,-80.0,77.0
-3.0,-89.0,-93.0,-10.0,-11.0,-304.0,-33.0,103.0,-98.0,57.0
-37.0,-250.0,-121.0,-46.0,23.0,-406.0,50.0,169.0,-108.0,44.0
-32.0,-178.0,-71.0,-69.0,47.0,-432.0,115.0,262.0,-125.0,45.0
-24.0,-131.0,-55.0,-49.0,-49.0,-363.0,238.0,328.0,-120.0,39.0
-34.0,-156.0,-83.0,-86.0,-70.0,-235.0,303.0,310.0,-127.0,39.0
-50.0,-57.0,-33.0,-128.0,-76.0,-172.0,231.0,192.0,-142.0,48.0
-73.0,-113.0,-21.0,-128.0,-44.0,-133.0,269.0,112.0,-128.0,63.0
-42.0,-41.0,-43.0,-102.0,77.0,-90.0,456.0,-22.0,-131.0,79.0
-69.0,-29.0,-49.0,-41.0,-121.0,-133.0,439.0,-169.0,-118.0,83.0
-68.0,-105.0,-50.0,-27.0,-164.0,-204.0,296.0,-395.0,-81.0,89.0
-75.0,-206.0,-3.0,-6.0,66.0,-315.0,294.0,-570.0,-63.0,95.0
-46.0,-236.0,30.0,47.0,-64.0,-327.0,237.0,-478.0,-69.0,91.0
-5.0,-217.0,28.0,29.0,-164.0,-304.0,49.0,-380.0,-62.0,86.0
-30.0,-128.0,61.0,0.0,18.0,-294.0,-342.0,-129.0,-28.0,78.0
-25.0,127.0,41.0,-2.0,-24.0,-266.0,-595.0,109.0,-3.0,82.0
-41.0,192.0,38.0,13.0,-25.0,-211.0,-566.0,38.0,-10.0,63.0
-25.0,58.0,34.0,41.0,2.0,-125.0,-669.0,-73.0,-41.0,42.0
-14.0,92.0,-22.0,31.0,-96.0,-363.0,-673.0,-273.0,-40.0,31.0
21.0,67.0,-24.0,23.0,41.0,-536.0,-610.0,-317.0,-40.0,10.0
42.0,-79.0,-29.0,26.0,70.0,-436.0,-657.0,-264.0,-55.0,-10.0
68.0,12.0,-43.0,47.0,-92.0,-405.0,-626.0,-216.0,-47.0,-34.0
105.0,228.0,-55.0,37.0,-82.0,-406.0,-578.0,-182.0,-58.0,-43.0
120.0,283.0,6.0,-11.0,58.0,-342.0,-559.0,-225.0,-62.0,-36.0
134.0,161.0,39.0,-23.0,27.0,-260.0,-499.0,20.0,-32.0,-16.0
132.0,211.0,13.0,-34.0,-106.0,-267.0,-253.0,64.0,1.0,5.0
146.0,156.0,84.0,-58.0,-97.0,-372.0,76.0,-84.0,-26.0,41.0
146.0,-3.0,144.0,-87.0,4.0,-467.0,187.0,-303.0,-70.0,87.0
181.0,197.0,128.0,-57.0,39.0,-210.0,312.0,-517.0,-58.0,127.0
168.0,38.0,133.0,8.0,26.0,107.0,667.0,-456.0,-62.0,166.0
179.0,-80.0,125.0,21.0,2.0,204.0,897.0,-415.0,-83.0,212.0
185.0,184.0,111.0,20.0,-81.0,265.0,909.0,-171.0,-56.0,247.0
187.0,75.0,143.0,51.0,18.0,268.0,895.0,-55.0,-21.0,260.0
187.0,75.0,119.0,86.0,-13.0,264.0,838.0,-3.0,1.0,281.0
163.0,101.0,200.0,117.0,-63.0,310.0,690.0,33.0,12.0,290.0
194.0,134.0,247.0,173.0,84.0,414.0,409.0,-214.0,29.0,273.0
172.0,119.0,149.0,173.0,60.0,548.0,90.0,-173.0,63.0,255.0
161.0,-98.0,140.0,148.0,88.0,548.0,-226.0,-147.0,69.0,252.0
147.0,-54.0,97.0,117.0,19.0,357.0,-560.0,-64.0,76.0,236.0
145.0,29.0,62.0,44.0,-79.0,394.0,-603.0,-35.0,78.0,219.0
105.0,78.0,111.0,-8.0,57.0,614.0,-529.0,-271.0,68.0,216.0
70.0,-249.0,60.0,-64.0,61.0,669.0,-632.0,-380.0,43.0,198.0
57.0,-402.0,23.0,-93.0,-142.0,567.0,-599.0,-485.0,6.0,185.0
48.0,-199.0,8.0,-52.0,-64.0,527.0,-502.0,-314.0,2.0,177.0
68.0,-127.0,-49.0,12.0,92.0,623.0,-462.0,-308.0,-20.0,164.0
38.0,40.0,0.0,74.0,44.0,490.0,-403.0,-315.0,-64.0,127.0
61.0,105.0,7.0,87.0,104.0,319.0,-366.0,-90.0,-88.0,89.0
71.0,82.0,-11.0,93.0,-36.0,451.0,-221.0,-205.0,-107.0,67.0
88.0,-117.0,-4.0,126.0,-19.0,636.0,-45.0,-155.0,-112.0,22.0
79.0,-227.0,0.0,113.0,43.0,587.0,46.0,-55.0,-96.0,-16.0
92.0,-236.0,-22.0,76.0,-159.0,431.0,113.0,68.0,-80.0,-49.0
141.0,-365.0,-47.0,68.0,-89.0,594.0,94.0,155.0,-73.0,-86.0
163.0,-456.0,-18.0,51.0,7.0,880.0,137.0,70.0,-78.0,-115.0
189.0,-320.0,-81.0,35.0,69.0,751.0,328.0,-20.0,-76.0,-132.0
173.0,-2.0,-56.0,82.0,48.0,588.0,330.0,-301.0,-52.0,-142.0
168.0,32.0,-12.0,110.0,-73.0,557.0,180.0,-491.0,-47.0,-164.0
129.0,103.0,-34.0,110.0,-48.0,413.0,81.0,-803.0,-51.0,-169.0
132.0,292.0,25.0,114.0,116.0,297.0,79.0,-774.0,-12.0,-148.0
133.0,237.0,21.0,107.0,30.0,173.0,45.0,-509.0,3.0,-112.0
142.0,201.0,9.0,134.0,-114.0,315.0,-134.0,-580.0,-14.0,-89.0
153.0,173.0,38.0,146.0,15.0,377.0,-181.0,-432.0,-5.0,-67.0
128.0,252.0,25.0,148.0,76.0,157.0,-177.0,-343.0,-6.0,-46.0
108.0,412.0,12.0,120.0,98.0,259.0,-233.0,-264.0,6.0,-42.0
69.0,408.0,43.0,52.0,-58.0,472.0,-282.0,-118.0,9.0,-33.0
74.0,325.0,22.0,15.0,-72.0,517.0,-368.0,-53.0,15.0,-32.0
58.0,121.0,49.0,-26.0,126.0,369.0,-366.0,-157.0,61.0,-32.0
52.0,136.0,110.0,-53.0,50.0,292.0,-201.0,-169.0,75.0,-46.0
36.0,100.0,86.0,-48.0,-87.0,549.0,-67.0,-3.0,75.0,-58.0
48.0,-18.0,140.0,-33.0,-101.0,678.0,-68.0,-280.0,96.0,-59.0
59.0,-3.0,115.0,0.0,76.0,402.0,46.0,-465.0,112.0,-62.0
45.0,-47.0,85.0,38.0,175.0,207.0,236.0,-526.0,87.0,-71.0
41.0,-36.0,120.0,62.0,-13.0,246.0,428.0,-582.0,81.0,-64.0
15.0,-53.0,105.0,73.0,-89.0,428.0,465.0,-533.0,89.0,-30.0
26.0,153.0,131.0,89.0,42.0,644.0,277.0,-491.0,58.0,-30.0
13.0,197.0,121.0,117.0,50.0,741.0,207.0,-234.0,46.0,-20.0
21.0,10.0,124.0,145.0,-45.0,807.0,152.0,-149.0,34.0,8.0
5.0,34.0,111.0,111.0,-130.0,681.0,-5.0,-127.0,35.0,29.0
-5.0,100.0,84.0,81.0,-16.0,548.0,-196.0,-84.0,61.0,48.0
-1.0,-42.0,63.0,76.0,209.0,654.0,-262.0,-36.0,65.0,57.0
-23.0,-181.0,45.0,21.0,75.0,873.0,-250.0,70.0,75.0,80.0
-25.0,-23.0,54.0,9.0,-83.0,828.0,-322.0,-144.0,85.0,97.0
-33.0,-136.0,57.0,22.0,21.0,534.0,-450.0,-290.0,80.0,109.0
-15.0,-158.0,76.0,10.0,35.0,448.0,-604.0,-308.0,98.0,126.0
-30.0,17.0,122.0,1.0,-34.0,519.0,-486.0,-375.0,104.0,125.0
-38.0,-26.0,126.0,8.0,-52.0,546.0,-313.0,-304.0,87.0,98.0
-21.0,-50.0,138.0,44.0,-80.0,508.0,-370.0,-295.0,105.0,86.0
-4.0,-111.0,135.0,43.0,57.0,523.0,-336.0,-203.0,125.0,89.0
5.0,-70.0,77.0,48.0,115.0,514.0,-176.0,-245.0,116.0,61.0
21.0,-63.0,98.0,26.0,-134.0,632.0,18.0,-345.0,83.0,39.0
46.0,-86.0,71.0,-6.0,-117.0,756.0,207.0,-334.0,83.0,36.0
58.0,37.0,41.0,20.0,39.0,806.0,308.0,-456.0,110.0,60.0
71.0,195.0,45.0,48.0,-20.0,801.0,377.0,-471.0,66.0,94.0
63.0,124.0,-31.0,59.0,-75.0,616.0,383.0,-506.0,28.0,126.0
70.0,38.0,-50.0,44.0,1.0,718.0,375.0,-264.0,16.0,171.0
85.0,323.0,-3.0,29.0,86.0,907.0,434.0,24.0,16.0,195.0
85.0,215.0,-51.0,13.0,81.0,952.0,414.0,66.0,15.0,198.0
89.0,-79.0,-77.0,-23.0,6.0,856.0,313.0,-84.0,-25.0,201.0
85.0,-85.0,-56.0,-44.0,-112.0,872.0,194.0,-461.0,-40.0,189.0
86.0,-79.0,-47.0,-31.0,0.0,1135.0,82.0,-421.0,-57.0,148.0
68.0,-127.0,0.0,-43.0,121.0,1210.0,-10.0,-317.0,-47.0,94.0
37.0,-114.0,-10.0,-107.0,11.0,1046.0,-133.0,-123.0,-39.0,61.0
46.0,79.0,3.0,-147.0,-68.0,700.0,-164.0,59.0,-46.0,34.0
56.0,-43.0,25.0,-114.0,12.0,486.0,-52.0,68.0,-35.0,-29.0
59.0,-99.0,83.0,-65.0,117.0,402.0,-29.0,199.0,-56.0,-68.0
62.0,-188.0,86.0,-17.0,-37.0,362.0,18.0,25.0,-40.0,-82.0
59.0,-139.0,81.0,44.0,-133.0,406.0,111.0,-31.0,-12.0,-95.0
56.0,181.0,100.0,63.0,22.0,484.0,43.0,20.0,-18.0,-122.0
36.0,49.0,30.0,42.0,108.0,498.0,-46.0,-60.0,-4.0,-157.0
20.0,89.0,75.0,38.0,21.0,361.0,-239.0,-138.0,26.0,-125.0
30.0,5.0,31.0,27.0,-103.0,368.0,-373.0,-168.0,39.0,-133.0
49.0,183.0,8.0,-12.0,-53.0,504.0,-327.0,-84.0,33.0,-142.0
40.0,384.0,27.0,-11.0,161.0,585.0,-241.0,-208.0,49.0,-121.0
26.0,235.0,3.0,-4.0,120.0,557.0,-131.0,-218.0,71.0,-142.0
-9.0,534.0,39.0,-10.0,-109.0,498.0,-138.0,-205.0,71.0,-145.0
-16.0,463.0,-5.0,-3.0,-32.0,468.0,-141.0,-219.0,77.0,-161.0
-20.0,454.0,31.0,18.0,61.0,440.0,-72.0,55.0,77.0,-149.0
-39.0,470.0,86.0,31.0,-14.0,583.0,106.0,140.0,60.0,-141.0
-43.0,186.0,81.0,56.0,-47.0,791.0,195.0,77.0,38.0,-152.0
-53.0,157.0,89.0,79.0,-40.0,821.0,85.0,-29.0,34.0,-122.0
-48.0,-92.0,99.0,55.0,35.0,817.0,126.0,-51.0,40.0,-108.0
-83.0,-371.0,114.0,62.0,101.0,768.0,269.0,-46.0,26.0,-104.0
-98.0,-460.0,119.0,44.0,-27.0,866.0,363.0,-138.0,26.0,-95.0
-118.0,-374.0,132.0,14.0,-144.0,1037.0,321.0,-142.0,60.0,-84.0
-109.0,-225.0,137.0,7.0,-31.0,856.0,269.0,-314.0,97.0,-72.0
-77.0,-339.0,166.0,6.0,64.0,679.0,451.0,-408.0,96.0,-84.0
-50.0,-128.0,149.0,20.0,18.0,686.0,638.0,-521.0,92.0,-103.0
-31.0,121.0,103.0,-34.0,-60.0,871.0,530.0,-395.0,127.0,-91.0
-19.0,-33.0,162.0,-40.0,10.0,855.0,358.0,-40.0,136.0,-81.0
49.0,59.0,149.0,44.0,113.0,653.0,200.0,12.0,122.0,-99.0
87.0,161.0,151.0,55.0,88.0,667.0,-1.0,140.0,133.0,-97.0
125.0,-36.0,207.0,77.0,-46.0,717.0,-154.0,-107.0,131.0,-79.0
124.0,-234.0,140.0,118.0,-91.0,798.0,-427.0,-371.0,120.0,-86.0
142.0,-202.0,138.0,112.0,86.0,742.0,-615.0,-319.0,124.0,-81.0
151.0,-114.0,148.0,100.0,91.0,735.0,-626.0,-160.0,117.0,-48.0
139.0,-142.0,129.0,53.0,-19.0,750.0,-570.0,68.0,92.0,-34.0
137.0,-35.0,121.0,3.0,6.0,607.0,-568.0,-123.0,70.0,-42.0
110.0,2.0,108.0,-29.0,134.0,584.0,-754.0,-242.0,101.0,-16.0
121.0,-88.0,87.0,-26.0,68.0,661.0,-735.0,-371.0,127.0,29.0
104.0,171.0,23.0,-30.0,-134.0,650.0,-470.0,-423.0,95.0,38.0
118.0,437.0,14.0,-60.0,-110.0,427.0,-323.0,-269.0,98.0,38.0
96.0,388.0,39.0,-49.0,-24.0,225.0,-259.0,-277.0,103.0,49.0
86.0,585.0,5.0,-24.0,97.0,198.0,-74.0,-210.0,96.0,59.0
85.0,796.0,-23.0,6.0,29.0,291.0,155.0,-177.0,108.0,56.0
60.0,624.0,-10.0,-4.0,-49.0,257.0,280.0,107.0,104.0,35.0
46.0,324.0,3.0,-44.0,101.0,146.0,285.0,421.0,116.0,38.0
30.0,315.0,52.0,-84.0,54.0,214.0,439.0,559.0,121.0,38.0
42.0,406.0,56.0,-107.0,-9.0,333.0,636.0,691.0,106.0,18.0
24.0,142.0,98.0,-116.0,-13.0,318.0,621.0,522.0,101.0,33.0
43.0,-3.0,162.0,-114.0,12.0,142.0,651.0,388.0,79.0,45.0
54.0,27.0,139.0,-64.0,131.0,120.0,534.0,149.0,45.0,48.0
66.0,90.0,100.0,-45.0,126.0,144.0,310.0,-114.0,44.0,77.0
45.0,139.0,108.0,-10.0,12.0,-3.0,208.0,-133.0,58.0,110.0
39.0,59.0,120.0,-16.0,-34.0,-28.0,43.0,-107.0,46.0,147.0
45.0,-34.0,86.0,-31.0,40.0,252.0,-127.0,77.0,33.0,157.0
26.0,-113.0,103.0,52.0,38.0,479.0,-289.0,120.0,54.0,176.0
37.0,-205.0,90.0,94.0,-99.0,312.0,-311.0,125.0,83.0,209.0
25.0,-255.0,126.0,114.0,-115.0,141.0,-190.0,-5.0,102.0,217.0
56.0,-59.0,173.0,141.0,48.0,311.0,-263.0,-197.0,128.0,218.0
65.0,-15.0,165.0,114.0,134.0,460.0,-321.0,-97.0,149.0,209.0
62.0,31.0,196.0,51.0,34.0,286.0,-196.0,-175.0,172.0,199.0
54.0,117.0,192.0,31.0,-19.0,72.0,-103.0,-92.0,178.0,173.0
60.0,-37.0,183.0,8.0,94.0,143.0,-46.0,51.0,166.0,132.0
70.0,17.0,174.0,-4.0,91.0,346.0,-58.0,123.0,160.0,99.0
69.0,32.0,187.0,11.0,-66.0,242.0,-33.0,140.0,145.0,90.0
86.0,-69.0,175.0,32.0,-40.0,110.0,16.0,-16.0,129.0,58.0
77.0,-72.0,148.0,34.0,96.0,259.0,90.0,5.0,124.0,41.0
70.0,-11.0,139.0,10.0,95.0,365.0,217.0,-27.0,131.0,80.0
47.0,-14.0,93.0,48.0,58.0,181.0,134.0,92.0,120.0,68.0
50.0,-188.0,109.0,37.0,72.0,-104.0,96.0,33.0,106.0,67.0
64.0,-303.0,111.0,29.0,67.0,-68.0,208.0,-182.0,123.0,95.0
87.0,-417.0,125.0,38.0,-12.0,-29.0,174.0,-197.0,136.0,102.0
87.0,-562.0,151.0,22.0,-37.0,-231.0,96.0,-284.0,107.0,88.0
88.0,-538.0,143.0,51.0,-13.0,-342.0,53.0,-227.0,97.0,68.0
84.0,-350.0,159.0,35.0,-82.0,-212.0,-10.0,-323.0,97.0,60.0
43.0,-95.0,165.0,6.0,17.0,-64.0,-146.0,-251.0,81.0,37.0
22.0,-18.0,193.0,28.0,80.0,-148.0,-356.0,16.0,72.0,4.0
-18.0,33.0,183.0,62.0,-42.0,-204.0,-481.0,171.0,40.0,-35.0
-22.0,179.0,208.0,54.0,-5.0,-17.0,-629.0,375.0,22.0,-42.0
-18.0,359.0,174.0,43.0,81.0,82.0,-598.0,266.0,-28.0,-34.0
-14.0,496.0,143.0,16.0,-15.0,-62.0,-246.0,97.0,-64.0,-52.0
-16.0,282.0,184.0,-33.0,-114.0,-123.0,-43.0,-103.0,-58.0,-54.0
-46.0,320.0,132.0,-43.0,-5.0,-18.0,255.0,-293.0,-119.0,-30.0
-69.0,409.0,148.0,-71.0,23.0,-79.0,614.0,-284.0,-152.0,-21.0
-84.0,141.0,138.0,-66.0,-45.0,-357.0,788.0,-245.0,-138.0,-31.0
-85.0,116.0,131.0,-17.0,-47.0,-404.0,826.0,7.0,-137.0,17.0
-104.0,139.0,184.0,12.0,-24.0,-122.0,540.0,206.0,-141.0,69.0
-97.0,-18.0,157.0,45.0,53.0,16.0,338.0,299.0,-151.0,63.0
-94.0,-184.0,132.0,71.0,81.0,-127.0,125.0,386.0,-121.0,83.0
-94.0,-319.0,164.0,120.0,-1.0,-47.0,-228.0,388.0,-94.0,122.0
-75.0,-392.0,134.0,160.0,-31.0,329.0,-303.0,356.0,-103.0,103.0
-77.0,-51.0,75.0,147.0,64.0,482.0,-350.0,131.0,-85.0,47.0
-81.0,174.0,117.0,146.0,70.0,275.0,-382.0,42.0,-40.0,31.0
-86.0,-72.0,89.0,110.0,15.0,22.0,-339.0,-46.0,-12.0,24.0
-95.0,-29.0,69.0,30.0,52.0,-10.0,-401.0,-84.0,7.0,-31.0
-109.0,60.0,142.0,4.0,27.0,-205.0,-349.0,177.0,42.0,-71.0
-111.0,-147.0,105.0,-11.0,57.0,-471.0,-388.0,343.0,68.0,-48.0
-96.0,-321.0,57.0,-27.0,78.0,-478.0,-443.0,498.0,95.0,-37.0
-92.0,-267.0,93.0,-31.0,-35.0,-520.0,-243.0,441.0,129.0,-74.0
-97.0,-141.0,40.0,-32.0,49.0,-540.0,-229.0,205.0,155.0,-57.0
-100.0,-121.0,33.0,-25.0,132.0,-426.0,-58.0,53.0,167.0,2.0
-100.0,-179.0,116.0,-60.0,-55.0,-210.0,253.0,129.0,167.0,-1.0
-104.0,-78.0,60.0,-101.0,-190.0,-164.0,306.0,197.0,186.0,-13.0
-101.0,156.0,55.0,-122.0,-43.0,-278.0,409.0,-42.0,196.0,44.0
-93.0,131.0,54.0,-114.0,8.0,-287.0,374.0,-164.0,197.0,64.0
-73.0,-103.0,33.0,-72.0,-141.0,-236.0,343.0,-312.0,197.0,8.0
-53.0,-220.0,92.0,1.0,-83.0,-246.0,311.0,-295.0,190.0,-26.0
-59.0,-78.0,103.0,58.0,35.0,-465.0,131.0,-149.0,195.0,-24.0
-78.0,-8.0,108.0,23.0,16.0,-574.0,107.0,-171.0,167.0,-53.0
-86.0,-41.0,89.0,-13.0,-44.0,-492.0,-40.0,-1.0,136.0,-112.0
-77.0,-189.0,93.0,-19.0,-88.0,-379.0,-186.0,166.0,123.0,-110.0
-73.0,-272.0,92.0,-20.0,-126.0,-287.0,-121.0,330.0,101.0,-101.0
-49.0,-83.0,91.0,-17.0,-68.0,-256.0,-77.0,284.0,72.0,-129.0
-33.0,-266.0,115.0,-61.0,-17.0,-191.0,45.0,105.0,66.0,-137.0
-23.0,-245.0,120.0,-142.0,-37.0,-242.0,48.0,1.0,65.0,-114.0
-22.0,138.0,144.0,-229.0,65.0,-372.0,49.0,-218.0,44.0,-111.0
-50.0,91.0,159.0,-301.0,45.0,-342.0,157.0,-157.0,47.0,-160.0
-58.0,-50.0,139.0,-313.0,-38.0,-222.0,-44.0,-160.0,49.0,-164.0
-55.0,28.0,116.0,-274.0,10.0,-436.0,-59.0,-97.0,41.0,-137.0
-34.0,364.0,127.0,-214.0,-35.0,-828.0,0.0,142.0,19.0,-168.0
-25.0,364.0,78.0,-179.0,-68.0,-815.0,-193.0,131.0,18.0,-187.0
-6.0,57.0,77.0,-145.0,1.0,-464.0,-194.0,253.0,32.0,-162.0
2.0,92.0,62.0,-112.0,-15.0,-473.0,-218.0,297.0,11.0,-135.0
-6.0,-110.0,15.0,-108.0,-33.0,-849.0,-126.0,380.0,-4.0,-148.0
-9.0,-304.0,96.0,-42.0,59.0,-890.0,93.0,341.0,-13.0,-143.0
-13.0,-226.0,54.0,-12.0,60.0,-619.0,277.0,168.0,-1.0,-90.0
-2.0,-216.0,25.0,-27.0,-21.0,-398.0,377.0,201.0,-19.0,-77.0
3.0,-132.0,107.0,-31.0,-30.0,-553.0,92.0,1.0,-61.0,-78.0
9.0,-129.0,94.0,-42.0,-16.0,-713.0,-117.0,33.0,-77.0,-43.0
7.0,-28.0,75.0,-13.0,-28.0,-632.0,-110.0,162.0,-128.0,-23.0
31.0,-57.0,78.0,6.0,-17.0,-628.0,-209.0,269.0,-154.0,-33.0
38.0,13.0,49.0,40.0,58.0,-580.0,-335.0,365.0,-144.0,-18.0
28.0,184.0,18.0,79.0,66.0,-469.0,-503.0,184.0,-148.0,18.0
10.0,-76.0,69.0,79.0,79.0,-355.0,-553.0,33.0,-144.0,41.0
7.0,-46.0,82.0,72.0,124.0,-394.0,-345.0,-327.0,-146.0,60.0
-4.0,240.0,69.0,40.0,-20.0,-526.0,-177.0,-301.0,-133.0,93.0
-29.0,310.0,80.0,0.0,-53.0,-531.0,-6.0,-33.0,-132.0,146.0
-32.0,211.0,35.0,-24.0,58.0,-400.0,111.0,-134.0,-143.0,155.0
-62.0,282.0,73.0,-25.0,-26.0,-400.0,216.0,-94.0,-136.0,149.0
-71.0,326.0,59.0,-56.0,-44.0,-550.0,458.0,-22.0,-115.0,193.0
-103.0,173.0,-5.0,-118.0,50.0,-585.0,411.0,79.0,-92.0,206.0
-111.0,83.0,-28.0,-88.0,43.0,-548.0,314.0,97.0,-81.0,190.0
-131.0,-91.0,-42.0,-58.0,53.0,-441.0,292.0,81.0,-42.0,187.0
-128.0,-33.0,-30.0,-76.0,26.0,-358.0,160.0,112.0,-10.0,189.0
-117.0,9.0,-34.0,-77.0,-38.0,-335.0,16.0,101.0,-1.0,161.0
-129.0,-307.0,-34.0,-64.0,-30.0,-251.0,-160.0,42.0,30.0,125.0
-94.0,-510.0,-43.0,-19.0,-80.0,-219.0,-161.0,-140.0,49.0,108.0
-100.0,-344.0,0.0,-21.0,-144.0,-296.0,-70.0,-35.0,46.0,89.0
-81.0,-177.0,-15.0,-5.0,-16.0,-172.0,-21.0,-22.0,49.0,66.0
-92.0,-199.0,-2.0,40.0,70.0,-75.0,48.0,-81.0,62.0,33.0
-88.0,-174.0,17.0,32.0,58.0,-245.0,112.0,-12.0,87.0,31.0
-107.0,28.0,-70.0,17.0,116.0,-409.0,266.0,-116.0,86.0,31.0
-129.0,235.0,-49.0,-31.0,67.0,-461.0,392.0,-88.0,69.0,21.0
-103.0,39.0,-43.0,-45.0,30.0,-375.0,339.0,-83.0,79.0,31.0
-114.0,-48.0,-66.0,-44.0,33.0,-385.0,218.0,96.0,51.0,26.0
-108.0,-79.0,-77.0,-88.0,-61.0,-485.0,9.0,229.0,30.0,17.0
-110.0,-252.0,-80.0,-52.0,-122.0,-516.0,-177.0,205.0,34.0,7.0
-93.0,-344.0,-74.0,-13.0,-2.0,-540.0,-390.0,190.0,5.0,-21.0
-95.0,-595.0,-103.0,-28.0,23.0,-588.0,-668.0,-60.0,0.0,-46.0
-92.0,-556.0,-81.0,-22.0,-107.0,-506.0,-699.0,46.0,0.0,-62.0
-97.0,-374.0,-64.0,-13.0,-54.0,-470.0,-722.0,127.0,0.0,-91.0
-89.0,-331.0,-81.0,-7.0,-35.0,-641.0,-717.0,149.0,4.0,-119.0
-73.0,-443.0,-84.0,24.0,-38.0,-764.0,-595.0,243.0,-22.0,-127.0
-75.0,-277.0,-66.0,58.0,-16.0,-797.0,-553.0,206.0,-49.0,-121.0
-73.0,224.0,-84.0,68.0,-80.0,-650.0,-338.0,434.0,-66.0,-116.0
-71.0,210.0,-69.0,83.0,-83.0,-565.0,-73.0,299.0,-99.0,-123.0
-41.0,259.0,-47.0,50.0,-46.0,-601.0,65.0,112.0,-111.0,-121.0
-35.0,464.0,-69.0,31.0,-29.0,-575.0,48.0,11.0,-100.0,-119.0
-11.0,514.0,-55.0,2.0,39.0,-436.0,-50.0,-110.0,-90.0,-112.0
-8.0,483.0,-71.0,-47.0,69.0,-256.0,91.0,70.0,-78.0,-101.0
-8.0,245.0,-74.0,-25.0,-36.0,-364.0,191.0,-27.0,-81.0,-105.0
-9.0,147.0,-61.0,-15.0,-44.0,-515.0,190.0,-38.0,-74.0,-100.0
-8.0,220.0,-60.0,-17.0,-35.0,-408.0,239.0,-36.0,-62.0,-100.0
8.0,236.0,-71.0,-24.0,-94.0,-193.0,210.0,-64.0,-66.0,-99.0
10.0,-62.0,-91.0,-18.0,-52.0,-129.0,384.0,55.0,-68.0,-72.0
33.0,-126.0,-58.0,-69.0,-4.0,-93.0,542.0,-5.0,-60.0,-58.0
38.0,13.0,-59.0,-142.0,-93.0,128.0,492.0,44.0,-51.0,-53.0
30.0,-229.0,-39.0,-145.0,-74.0,281.0,419.0,62.0,-68.0,-29.0
14.0,-260.0,-42.0,-140.0,28.0,35.0,137.0,271.0,-69.0,11.0
35.0,-174.0,-58.0,-100.0,-10.0,-271.0,-79.0,484.0,-60.0,31.0
38.0,-207.0,10.0,-77.0,29.0,-162.0,-366.0,437.0,-64.0,26.0
21.0,-152.0,-14.0,-58.0,25.0,-55.0,-741.0,439.0,-76.0,40.0
3.0,-52.0,-18.0,-58.0,-51.0,-223.0,-777.0,173.0,-78.0,45.0
-18.0,-192.0,21.0,-74.0,-58.0,-442.0,-802.0,-40.0,-62.0,28.0
-21.0,-171.0,23.0,-58.0,-47.0,-373.0,-808.0,-73.0,-64.0,15.0
-38.0,159.0,88.0,-51.0,-34.0,-206.0,-766.0,9.0,-59.0,11.0
-45.0,-66.0,64.0,-12.0,1.0,-281.0,-707.0,125.0,-41.0,16.0
-63.0,20.0,43.0,33.0,77.0,-392.0,-432.0,48.0,-49.0,12.0
-69.0,355.0,48.0,58.0,85.0,-375.0,-260.0,-110.0,-48.0,37.0
-57.0,111.0,18.0,53.0,42.0,-246.0,-166.0,-410.0,-38.0,76.0
-40.0,152.0,63.0,66.0,-15.0,-254.0,-120.0,-450.0,-60.0,78.0
-64.0,372.0,71.0,49.0,-55.0,-267.0,-185.0,-325.0,-65.0,93.0
-103.0,458.0,54.0,3.0,2.0,-278.0,-6.0,-66.0,-59.0,140.0
-123.0,510.0,69.0,13.0,47.0,-458.0,100.0,218.0,-62.0,167.0
-144.0,374.0,61.0,34.0,46.0,-671.0,54.0,216.0,-55.0,150.0
-147.0,258.0,13.0,51.0,74.0,-716.0,117.0,238.0,-76.0,161.0
-141.0,448.0,24.0,13.0,87.0,-546.0,219.0,46.0,-76.0,196.0
-93.0,449.0,-37.0,-41.0,108.0,-463.0,417.0,-103.0,-66.0,200.0
-70.0,45.0,-89.0,-102.0,95.0,-571.0,408.0,-280.0,-87.0,190.0
-59.0,-51.0,-58.0,-123.0,74.0,-657.0,350.0,-389.0,-88.0,205.0
-53.0,7.0,-122.0,-71.0,54.0,-534.0,268.0,-177.0,-72.0,230.0
-51.0,8.0,-100.0,12.0,27.0,-459.0,-3.0,-109.0,-92.0,207.0
-38.0,116.0,-89.0,107.0,74.0,-463.0,-151.0,134.0,-120.0,187.0
-52.0,-51.0,-116.0,115.0,31.0,-411.0,-358.0,238.0,-112.0,197.0
-26.0,-289.0,-115.0,67.0,34.0,-270.0,-493.0,166.0,-114.0,181.0
-4.0,-253.0,-87.0,-6.0,156.0,-156.0,-473.0,55.0,-130.0,143.0
0.0,-547.0,-36.0,-20.0,94.0,-229.0,-565.0,-129.0,-140.0,138.0
-20.0,-848.0,-33.0,-2.0,14.0,-292.0,-717.0,-33.0,-112.0,145.0
-49.0,-613.0,14.0,2.0,-5.0,-415.0,-844.0,-83.0,-77.0,117.0
-57.0,-529.0,44.0,5.0,-95.0,-491.0,-715.0,-96.0,-52.0,84.0
-59.0,-553.0,42.0,-16.0,-43.0,-402.0,-443.0,-105.0,-23.0,68.0
-56.0,-509.0,26.0,6.0,0.0,-123.0,-388.0,-190.0,-1.0,60.0
-79.0,-451.0,31.0,34.0,4.0,80.0,-297.0,-123.0,0.0,30.0
-78.0,-16.0,43.0,89.0,131.0,1.0,-167.0,-299.0,-19.0,7.0
-64.0,218.0,45.0,144.0,152.0,-52.0,-104.0,-339.0,-9.0,14.0
-48.0,45.0,21.0,146.0,28.0,-123.0,-14.0,-275.0,2.0,7.0
-52.0,293.0,-9.0,149.0,-46.0,-125.0,-51.0,-236.0,17.0,-14.0
-69.0,545.0,11.0,103.0,-16.0,-158.0,56.0,-110.0,41.0,-12.0
-73.0,336.0,3.0,83.0,6.0,-294.0,109.0,-18.0,43.0,1.0
-85.0,337.0,-15.0,31.0,-13.0,-257.0,105.0,188.0,48.0,-12.0
-77.0,530.0,-24.0,-69.0,-91.0,-120.0,171.0,131.0,55.0,-8.0
-74.0,303.0,-4.0,-106.0,-24.0,-77.0,-54.0,-79.0,71.0,15.0
-53.0,89.0,-5.0,-139.0,67.0,-123.0,-51.0,-315.0,69.0,14.0
-48.0,223.0,-5.0,-129.0,42.0,-74.0,56.0,-487.0,59.0,-11.0
-57.0,279.0,-2.0,-99.0,58.0,35.0,-22.0,-404.0,59.0,-15.0
-54.0,310.0,-12.0,-97.0,26.0,51.0,-144.0,-365.0,46.0,-11.0
-45.0,235.0,-55.0,-131.0,14.0,51.0,-264.0,-373.0,39.0,-34.0
-24.0,29.0,-136.0,-168.0,-75.0,118.0,-113.0,-580.0,29.0,-78.0
-43.0,-263.0,-108.0,-135.0,-77.0,-21.0,-69.0,-646.0,0.0,-116.0
-37.0,-387.0,-104.0,-89.0,0.0,-262.0,-67.0,-567.0,-49.0,-130.0
-23.0,-466.0,-139.0,-78.0,-2.0,-198.0,67.0,-447.0,-85.0,-168.0
-5.0,-646.0,-139.0,-55.0,-1.0,92.0,-28.0,-35.0,-129.0,-209.0
3.0,-532.0,-138.0,-32.0,-72.0,217.0,-92.0,123.0,-169.0,-233.0
-17.0,-436.0,-126.0,-38.0,-15.0,29.0,-177.0,195.0,-189.0,-239.0
-10.0,-455.0,-157.0,-38.0,32.0,-1.0,-351.0,197.0,-243.0,-232.0
-14.0,-417.0,-173.0,-20.0,-34.0,202.0,-503.0,153.0,-261.0,-223.0
-17.0,-304.0,-174.0,-15.0,-78.0,221.0,-696.0,216.0,-261.0,-206.0
-13.0,-339.0,-172.0,-57.0,-110.0,52.0,-585.0,123.0,-302.0,-213.0
-19.0,-348.0,-164.0,-46.0,-85.0,137.0,-570.0,109.0,-316.0,-213.0
-26.0,-315.0,-179.0,-13.0,-40.0,350.0,-659.0,-101.0,-311.0,-194.0
-21.0,-233.0,-204.0,-6.0,-62.0,290.0,-416.0,-275.0,-306.0,-194.0
-16.0,40.0,-179.0,-15.0,-81.0,208.0,-339.0,-351.0,-304.0,-198.0
-7.0,169.0,-162.0,-12.0,16.0,283.0,-238.0,-508.0,-292.0,-194.0
-12.0,362.0,-163.0,44.0,73.0,378.0,-31.0,-375.0,-255.0,-185.0
-27.0,341.0,-134.0,43.0,-35.0,349.0,78.0,-251.0,-220.0,-180.0
-35.0,188.0,-206.0,56.0,-128.0,258.0,258.0,-114.0,-197.0,-183.0
-45.0,165.0,-212.0,63.0,-61.0,210.0,363.0,-125.0,-179.0,-170.0
-36.0,160.0,-178.0,27.0,59.0,258.0,468.0,-149.0,-123.0,-138.0
-25.0,313.0,-203.0,28.0,39.0,246.0,355.0,-72.0,-97.0,-87.0
-24.0,324.0,-167.0,0.0,-95.0,203.0,132.0,-153.0,-68.0,-61.0
-35.0,282.0,-176.0,-22.0,67.0,258.0,191.0,-203.0,-13.0,-48.0
-32.0,287.0,-134.0,7.0,186.0,340.0,123.0,-469.0,3.0,-39.0
-51.0,300.0,-104.0,1.0,-33.0,436.0,-31.0,-509.0,23.0,-56.0
-83.0,244.0,-119.0,-38.0,-56.0,321.0,-123.0,-267.0,11.0,-52.0
-94.0,21.0,-68.0,-54.0,-67.0,227.0,-130.0,-97.0,18.0,-41.0
-97.0,-90.0,-11.0,-69.0,-79.0,281.0,45.0,81.0,40.0,-32.0
-83.0,-372.0,36.0,-103.0,-20.0,265.0,17.0,62.0,36.0,-34.0
-80.0,-680.0,27.0,-124.0,-139.0,197.0,-33.0,-12.0,52.0,-24.0
-60.0,-613.0,18.0,-112.0,-93.0,226.0,-8.0,-327.0,48.0,0.0
-37.0,-668.0,1.0,-104.0,111.0,279.0,-123.0,-504.0,51.0,10.0
-12.0,-701.0,7.0,-65.0,117.0,98.0,-129.0,-345.0,54.0,37.0
16.0,-337.0,0.0,-35.0,59.0,25.0,-244.0,-96.0,55.0,54.0
42.0,21.0,-26.0,-42.0,48.0,271.0,-361.0,157.0,59.0,70.0
52.0,70.0,47.0,-56.0,-3.0,537.0,-458.0,25.0,45.0,102.0
36.0,210.0,13.0,-62.0,28.0,534.0,-603.0,70.0,48.0,135.0
53.0,351.0,-13.0,-55.0,44.0,547.0,-520.0,83.0,40.0,164.0
76.0,193.0,-6.0,-64.0,-58.0,648.0,-473.0,-24.0,12.0,194.0
86.0,303.0,11.0,-31.0,62.0,626.0,-221.0,0.0,-5.0,244.0
90.0,372.0,80.0,-1.0,171.0,621.0,138.0,-40.0,-30.0,288.0
89.0,225.0,-33.0,-31.0,18.0,618.0,345.0,62.0,-62.0,323.0
88.0,373.0,-75.0,-71.0,-2.0,594.0,543.0,-160.0,-88.0,365.0
73.0,535.0,-44.0,-85.0,6.0,505.0,603.0,-345.0,-114.0,383.0
56.0,490.0,-82.0,-109.0,-9.0,502.0,601.0,-330.0,-109.0,396.0
37.0,254.0,-106.0,-116.0,9.0,530.0,422.0,-301.0,-89.0,407.0
35.0,-9.0,-98.0,-97.0,-67.0,536.0,195.0,-173.0,-97.0,393.0
47.0,-30.0,-17.0,-108.0,-54.0,501.0,114.0,-363.0,-87.0,366.0
44.0,54.0,-53.0,-91.0,-45.0,356.0,103.0,-485.0,-69.0,327.0
27.0,-380.0,-65.0,-89.0,-57.0,344.0,229.0,-554.0,-60.0,288.0
16.0,-919.0,-49.0,-60.0,-27.0,575.0,295.0,-430.0,-39.0,248.0
1.0,-869.0,-108.0,-31.0,-39.0,779.0,161.0,-62.0,-26.0,213.0
-26.0,-835.0,-95.0,-21.0,7.0,713.0,42.0,127.0,-22.0,185.0
-42.0,-699.0,-120.0,14.0,-58.0,570.0,59.0,275.0,-19.0,165.0
-15.0,-313.0,-133.0,19.0,-142.0,588.0,146.0,110.0,-20.0,160.0
3.0,-153.0,-127.0,47.0,-14.0,820.0,-9.0,-70.0,-16.0,152.0
-10.0,-91.0,-140.0,57.0,71.0,827.0,-291.0,-96.0,-6.0,160.0
-19.0,160.0,-198.0,44.0,78.0,585.0,-352.0,-81.0,-6.0,174.0
-18.0,377.0,-198.0,41.0,8.0,435.0,-410.0,101.0,-14.0,170.0
-13.0,193.0,-178.0,27.0,-19.0,429.0,-322.0,70.0,3.0,139.0
-36.0,-55.0,-224.0,-10.0,119.0,394.0,-229.0,16.0,0.0,114.0
-68.0,-125.0,-123.0,-32.0,62.0,184.0,-275.0,-62.0,-34.0,93.0
-55.0,-243.0,-171.0,-34.0,-64.0,122.0,-130.0,-75.0,-50.0,38.0
-29.0,-292.0,-187.0,-38.0,5.0,158.0,32.0,60.0,-52.0,-18.0
-23.0,-79.0,-49.0,4.0,51.0,207.0,171.0,33.0,-55.0,-71.0
-39.0,48.0,-75.0,-12.0,2.0,212.0,217.0,-18.0,-69.0,-122.0
-28.0,-62.0,-51.0,-55.0,27.0,264.0,244.0,-284.0,-87.0,-158.0
-5.0,84.0,-31.0,-60.0,82.0,398.0,275.0,-445.0,-98.0,-194.0
-3.0,309.0,-54.0,-82.0,109.0,382.0,133.0,-424.0,-96.0,-212.0
-10.0,324.0,-26.0,-79.0,110.0,367.0,0.0,-282.0,-105.0,-235.0
-7.0,666.0,-12.0,-37.0,-71.0,501.0,-39.0,60.0,-121.0,-267.0
1.0,860.0,-43.0,-12.0,-145.0,678.0,64.0,109.0,-135.0,-264.0
-7.0,574.0,-21.0,-5.0,17.0,581.0,169.0,83.0,-141.0,-247.0
-2.0,458.0,-9.0,9.0,26.0,371.0,123.0,31.0,-134.0,-235.0
27.0,461.0,-91.0,6.0,-46.0,297.0,125.0,60.0,-138.0,-215.0
61.0,535.0,-51.0,28.0,-89.0,461.0,210.0,121.0,-136.0,-172.0
77.0,550.0,-74.0,36.0,-26.0,546.0,423.0,31.0,-132.0,-124.0
64.0,361.0,-105.0,17.0,188.0,432.0,585.0,-147.0,-128.0,-87.0
62.0,57.0,-78.0,4.0,63.0,573.0,388.0,-482.0,-110.0,-40.0
86.0,-74.0,-98.0,-34.0,-143.0,598.0,257.0,-345.0,-97.0,-9.0
78.0,-40.0,-70.0,-68.0,-8.0,571.0,166.0,-118.0,-70.0,9.0
59.0,-356.0,-101.0,-100.0,87.0,633.0,-36.0,-70.0,-41.0,27.0
70.0,-594.0,-38.0,-104.0,24.0,699.0,-162.0,-49.0,-30.0,20.0
73.0,-536.0,-8.0,-97.0,-87.0,749.0,-357.0,-286.0,15.0,16.0
67.0,-672.0,-32.0,-77.0,10.0,580.0,-531.0,-260.0,41.0,0.0
51.0,-871.0,-46.0,-62.0,139.0,596.0,-747.0,-145.0,40.0,-32.0
61.0,-751.0,-78.0,-99.0,55.0,701.0,-684.0,55.0,55.0,-33.0
68.0,-605.0,-64.0,-65.0,26.0,594.0,-412.0,216.0,58.0,-43.0
52.0,-526.0,-65.0,3.0,35.0,411.0,-285.0,144.0,78.0,-60.0
45.0,-515.0,-21.0,51.0,-19.0,425.0,-111.0,184.0,78.0,-51.0
55.0,-598.0,-49.0,100.0,-4.0,626.0,-85.0,-38.0,61.0,-39.0
76.0,-385.0,1.0,118.0,-11.0,657.0,89.0,-112.0,64.0,-27.0
65.0,-60.0,8.0,136.0,-106.0,551.0,366.0,99.0,68.0,-21.0
65.0,262.0,-41.0,141.0,41.0,424.0,489.0,304.0,71.0,-32.0
66.0,316.0,8.0,83.0,114.0,363.0,670.0,312.0,72.0,-36.0
59.0,322.0,18.0,26.0,-55.0,370.0,779.0,7.0,80.0,-40.0
36.0,362.0,50.0,54.0,-72.0,353.0,896.0,-42.0,74.0,-54.0
27.0,222.0,69.0,80.0,-26.0,385.0,1018.0,-33.0,78.0,-55.0
53.0,326.0,88.0,31.0,43.0,427.0,1025.0,112.0,77.0,-63.0
52.0,322.0,10.0,-44.0,-21.0,360.0,964.0,227.0,55.0,-60.0
29.0,253.0,7.0,-122.0,-209.0,280.0,749.0,27.0,50.0,-58.0
3.0,162.0,6.0,-138.0,-46.0,224.0,435.0,-114.0,54.0,-49.0
27.0,-4.0,-15.0,-84.0,102.0,342.0,86.0,-365.0,85.0,0.0
39.0,-73.0,40.0,-48.0,-107.0,471.0,-174.0,-393.0,102.0,22.0
17.0,30.0,-49.0,-73.0,-136.0,324.0,-292.0,-66.0,103.0,44.0
1.0,120.0,-23.0,-127.0,-40.0,321.0,-601.0,482.0,113.0,86.0
9.0,-78.0,-29.0,-135.0,52.0,348.0,-864.0,820.0,125.0,130.0
25.0,111.0,-80.0,-132.0,100.0,143.0,-906.0,543.0,124.0,136.0
34.0,417.0,-75.0,-104.0,-18.0,46.0,-795.0,110.0,86.0,129.0
46.0,422.0,-74.0,-35.0,49.0,150.0,-654.0,-402.0,75.0,168.0
34.0,603.0,-17.0,-23.0,163.0,214.0,-792.0,-580.0,63.0,179.0
31.0,775.0,-41.0,-47.0,130.0,91.0,-746.0,-404.0,65.0,189.0
-1.0,624.0,-21.0,-41.0,8.0,10.0,-626.0,-134.0,75.0,217.0
-27.0,419.0,-32.0,7.0,-17.0,139.0,-668.0,179.0,47.0,235.0
-23.0,193.0,-56.0,85.0,107.0,129.0,-605.0,12.0,49.0,236.0
-26.0,-71.0,-42.0,105.0,27.0,-128.0,-453.0,-138.0,46.0,227.0
-44.0,35.0,-58.0,93.0,-153.0,-150.0,-27.0,-133.0,39.0,228.0
-38.0,-44.0,-57.0,76.0,-118.0,58.0,402.0,-42.0,31.0,204.0
4.0,-418.0,-77.0,34.0,-17.0,94.0,671.0,173.0,-2.0,170.0
23.0,-464.0,-110.0,36.0,13.0,-11.0,894.0,179.0,-27.0,124.0
19.0,-444.0,-110.0,114.0,-6.0,61.0,1092.0,157.0,-32.0,96.0
7.0,-466.0,-62.0,176.0,-48.0,195.0,1477.0,190.0,-25.0,74.0
24.0,-804.0,-60.0,181.0,26.0,236.0,1618.0,563.0,-23.0,27.0
0.0,-958.0,-17.0,188.0,53.0,269.0,1371.0,750.0,-6.0,14.0
-34.0,-772.0,-24.0,136.0,-75.0,217.0,1187.0,519.0,16.0,-7.0
-59.0,-856.0,-47.0,34.0,-159.0,185.0,952.0,206.0,21.0,-43.0
-66.0,-561.0,-61.0,-55.0,-29.0,58.0,613.0,-136.0,9.0,-66.0
-47.0,-223.0,-132.0,-27.0,49.0,-75.0,134.0,-81.0,0.0,-74.0
-61.0,-112.0,-69.0,61.0,-80.0,106.0,-412.0,14.0,20.0,-86.0
-59.0,-41.0,-75.0,95.0,-84.0,197.0,-740.0,190.0,-15.0,-116.0
-75.0,59.0,-85.0,116.0,-37.0,-37.0,-933.0,365.0,-31.0,-126.0
-65.0,332.0,-66.0,48.0,-54.0,-236.0,-919.0,389.0,-12.0,-137.0
-52.0,412.0,-119.0,-42.0,-52.0,-143.0,-857.0,384.0,-29.0,-149.0
-34.0,609.0,-80.0,-105.0,-69.0,102.0,-731.0,70.0,-38.0,-152.0
-14.0,541.0,-74.0,-122.0,-94.0,-70.0,-306.0,-118.0,-51.0,-142.0
-26.0,285.0,-87.0,-96.0,-16.0,-393.0,10.0,-188.0,-18.0,-141.0
-45.0,424.0,-44.0,-81.0,48.0,-266.0,109.0,-129.0,-17.0,-138.0
-52.0,332.0,-58.0,-53.0,-29.0,-100.0,102.0,-5.0,-35.0,-123.0
-22.0,68.0,-73.0,-12.0,17.0,-56.0,135.0,70.0,-17.0,-132.0
-34.0,-25.0,1.0,8.0,116.0,-148.0,203.0,328.0,-32.0,-138.0
-33.0,45.0,-34.0,-3.0,-13.0,-174.0,78.0,260.0,-41.0,-147.0
-31.0,307.0,-62.0,23.0,-105.0,-111.0,76.0,129.0,-46.0,-160.0
-20.0,239.0,-4.0,38.0,7.0,-220.0,143.0,123.0,-29.0,-177.0
-5.0,136.0,-76.0,58.0,66.0,-235.0,169.0,86.0,-10.0,-189.0
-18.0,470.0,-32.0,121.0,-27.0,-84.0,321.0,284.0,-11.0,-188.0
-18.0,367.0,-11.0,134.0,-25.0,11.0,355.0,511.0,5.0,-173.0
-28.0,49.0,-76.0,142.0,118.0,-163.0,373.0,842.0,26.0,-145.0
-39.0,35.0,-42.0,152.0,133.0,-158.0,361.0,960.0,37.0,-128.0
-56.0,118.0,-93.0,139.0,31.0,104.0,386.0,735.0,54.0,-98.0
-48.0,271.0,-56.0,121.0,-81.0,183.0,511.0,412.0,79.0,-86.0
-47.0,54.0,13.0,107.0,-112.0,-4.0,358.0,-29.0,91.0,-78.0
-33.0,-143.0,-9.0,134.0,29.0,-273.0,340.0,-134.0,100.0,-48.0
-34.0,-72.0,-39.0,107.0,126.0,-279.0,452.0,-77.0,111.0,-32.0
-24.0,-20.0,-93.0,51.0,-13.0,-258.0,394.0,83.0,133.0,-34.0
-6.0,219.0,-82.0,0.0,-75.0,-337.0,322.0,206.0,155.0,-48.0
-17.0,353.0,-61.0,-48.0,78.0,-494.0,65.0,149.0,152.0,-53.0
-6.0,351.0,-62.0,-6.0,78.0,-479.0,-124.0,96.0,148.0,-53.0
2.0,225.0,-71.0,32.0,8.0,-221.0,-250.0,-225.0,162.0,-58.0
7.0,146.0,-67.0,51.0,-57.0,-173.0,-436.0,-266.0,148.0,-81.0
-23.0,16.0,-35.0,68.0,9.0,-150.0,-529.0,-184.0,126.0,-82.0
-33.0,-208.0,-36.0,61.0,211.0,-46.0,-688.0,-57.0,89.0,-67.0
-47.0,-4.0,-39.0,52.0,69.0,2.0,-721.0,376.0,46.0,-60.0
-48.0,-104.0,-62.0,58.0,-52.0,-45.0,-673.0,618.0,35.0,-30.0
-59.0,-136.0,-104.0,93.0,61.0,-100.0,-717.0,790.0,7.0,-12.0
-78.0,45.0,-88.0,152.0,34.0,-124.0,-653.0,637.0,-16.0,9.0
-72.0,64.0,-101.0,186.0,-68.0,-275.0,-490.0,332.0,-40.0,45.0
-86.0,168.0,-78.0,154.0,-153.0,-323.0,-232.0,12.0,-40.0,72.0
-82.0,-98.0,-11.0,115.0,-130.0,-243.0,-137.0,-223.0,-21.0,109.0
-80.0,-137.0,-43.0,88.0,32.0,-242.0,-84.0,-120.0,-37.0,125.0
-44.0,-141.0,-85.0,38.0,80.0,-313.0,289.0,-179.0,-41.0,141.0
-46.0,-345.0,-56.0,-41.0,-86.0,-352.0,590.0,-118.0,-32.0,156.0
-47.0,-382.0,-45.0,-69.0,-111.0,-239.0,919.0,29.0,4.0,156.0
-47.0,-160.0,3.0,-78.0,41.0,-249.0,1188.0,249.0,47.0,144.0
-37.0,59.0,99.0,-141.0,-22.0,-403.0,1233.0,546.0,51.0,118.0
-39.0,-185.0,40.0,-161.0,-142.0,-377.0,1313.0,504.0,50.0,108.0
-65.0,-161.0,14.0,-146.0,-132.0,-290.0,1170.0,413.0,78.0,71.0
-54.0,-227.0,47.0,-121.0,-81.0,-348.0,949.0,269.0,97.0,37.0
-64.0,-356.0,88.0,-87.0,-34.0,-532.0,663.0,260.0,82.0,27.0
-50.0,-163.0,86.0,-86.0,-33.0,-595.0,327.0,243.0,80.0,-6.0
-68.0,-239.0,81.0,-121.0,-30.0,-673.0,64.0,94.0,97.0,-44.0
-55.0,-344.0,105.0,-93.0,52.0,-792.0,-162.0,94.0,128.0,-73.0
-51.0,-318.0,76.0,20.0,166.0,-749.0,-126.0,121.0,161.0,-72.0
-32.0,-112.0,116.0,40.0,80.0,-703.0,-115.0,242.0,171.0,-91.0
1.0,31.0,67.0,-17.0,-50.0,-598.0,-116.0,153.0,186.0,-116.0
13.0,132.0,92.0,-62.0,135.0,-466.0,2.0,129.0,198.0,-102.0
46.0,314.0,68.0,-96.0,224.0,-327.0,54.0,194.0,178.0,-101.0
47.0,310.0,46.0,-65.0,5.0,-398.0,86.0,149.0,162.0,-101.0
62.0,419.0,103.0,-23.0,-40.0,-567.0,-26.0,362.0,153.0,-96.0
46.0,534.0,39.0,-11.0,94.0,-523.0,-137.0,537.0,141.0,-96.0
44.0,437.0,106.0,-10.0,174.0,-508.0,-87.0,770.0,140.0,-107.0
46.0,286.0,6.0,-19.0,-36.0,-617.0,-143.0,811.0,128.0,-122.0
79.0,136.0,20.0,-15.0,-99.0,-669.0,-236.0,670.0,105.0,-112.0
99.0,-122.0,130.0,-6.0,107.0,-436.0,-252.0,552.0,88.0,-112.0
113.0,-269.0,43.0,22.0,72.0,-298.0,-148.0,328.0,60.0,-143.0
115.0,-149.0,154.0,45.0,23.0,-321.0,75.0,317.0,26.0,-149.0
95.0,-50.0,100.0,6.0,21.0,-347.0,136.0,219.0,-1.0,-113.0
104.0,44.0,40.0,-8.0,65.0,-361.0,204.0,168.0,-26.0,-92.0
43.0,-212.0,63.0,42.0,144.0,-348.0,347.0,79.0,-25.0,-72.0
28.0,-338.0,1.0,80.0,89.0,-424.0,419.0,5.0,-35.0,-32.0
21.0,-144.0,22.0,64.0,-89.0,-491.0,333.0,88.0,-46.0,17.0
45.0,-257.0,-44.0,49.0,-55.0,-472.0,169.0,-155.0,-24.0,54.0
41.0,-199.0,-52.0,62.0,77.0,-346.0,249.0,-312.0,-27.0,67.0
45.0,-205.0,-68.0,41.0,6.0,-347.0,286.0,-424.0,-38.0,94.0
78.0,-295.0,-14.0,3.0,-51.0,-501.0,202.0,-443.0,-37.0,133.0
54.0,-95.0,35.0,-6.0,-105.0,-557.0,90.0,-238.0,-28.0,149.0
38.0,169.0,-31.0,31.0,-25.0,-422.0,15.0,22.0,-4.0,141.0
-6.0,195.0,48.0,69.0,-13.0,-292.0,104.0,395.0,-26.0,141.0
22.0,107.0,49.0,25.0,-134.0,-300.0,239.0,556.0,-36.0,133.0
32.0,199.0,34.0,-31.0,-72.0,-392.0,297.0,646.0,-10.0,88.0
50.0,229.0,65.0,-103.0,48.0,-369.0,181.0,474.0,-31.0,43.0
58.0,317.0,18.0,-136.0,66.0,-174.0,182.0,151.0,-25.0,31.0
72.0,354.0,27.0,-134.0,4.0,-42.0,232.0,11.0,-3.0,19.0
99.0,146.0,12.0,-130.0,-24.0,-31.0,164.0,-127.0,8.0,-22.0
54.0,-68.0,9.0,-71.0,64.0,-60.0,110.0,29.0,41.0,-60.0
57.0,36.0,21.0,-101.0,124.0,14.0,74.0,219.0,42.0,-85.0
65.0,180.0,-60.0,-105.0,-43.0,6.0,21.0,402.0,42.0,-130.0
96.0,169.0,-20.0,-58.0,-78.0,-152.0,45.0,565.0,52.0,-162.0
78.0,110.0,24.0,-3.0,56.0,-404.0,151.0,504.0,60.0,-159.0
73.0,11.0,-18.0,65.0,122.0,-603.0,84.0,428.0,80.0,-150.0
84.0,39.0,-13.0,128.0,67.0,-577.0,-31.0,160.0,102.0,-148.0
72.0,-129.0,0.0,160.0,-83.0,-440.0,-62.0,62.0,116.0,-142.0
68.0,-60.0,47.0,80.0,3.0,-398.0,38.0,92.0,136.0,-126.0
24.0,162.0,40.0,44.0,125.0,-461.0,143.0,53.0,162.0,-126.0
21.0,132.0,51.0,-4.0,17.0,-510.0,226.0,62.0,159.0,-142.0
18.0,146.0,66.0,-38.0,-37.0,-542.0,361.0,-12.0,150.0,-151.0
14.0,12.0,53.0,-39.0,31.0,-455.0,451.0,-68.0,164.0,-138.0
16.0,16.0,72.0,-99.0,120.0,-427.0,585.0,-290.0,165.0,-111.0
40.0,420.0,84.0,-134.0,185.0,-469.0,661.0,-290.0,132.0,-91.0
56.0,540.0,110.0,-120.0,72.0,-550.0,674.0,-120.0,101.0,-65.0
14.0,0.0,34.0,-87.0,54.0,-611.0,562.0,-35.0,90.0,-45.0
-32.0,-216.0,22.0,-92.0,186.0,-536.0,520.0,109.0,56.0,-30.0
-31.0,27.0,43.0,-106.0,122.0,-503.0,627.0,51.0,-1.0,7.0
-1.0,-18.0,-7.0,-107.0,24.0,-450.0,484.0,123.0,-47.0,41.0
-10.0,-73.0,32.0,-76.0,38.0,-473.0,268.0,192.0,-63.0,41.0
-15.0,143.0,-25.0,-31.0,195.0,-448.0,109.0,319.0,-72.0,41.0
2.0,168.0,-48.0,23.0,239.0,-250.0,-79.0,393.0,-115.0,61.0
39.0,99.0,-9.0,62.0,32.0,-221.0,-70.0,81.0,-143.0,79.0
34.0,188.0,0.0,95.0,-133.0,-429.0,-100.0,-260.0,-153.0,95.0
20.0,125.0,14.0,146.0,-3.0,-398.0,-337.0,-563.0,-180.0,90.0
13.0,250.0,-20.0,148.0,100.0,28.0,-254.0,-395.0,-187.0,89.0
0.0,361.0,11.0,107.0,-119.0,210.0,-143.0,3.0,-203.0,92.0
3.0,88.0,9.0,40.0,-183.0,-38.0,-210.0,354.0,-214.0,74.0
-9.0,-86.0,36.0,-18.0,-21.0,-330.0,-252.0,497.0,-210.0,79.0
-1.0,-39.0,66.0,-13.0,73.0,-368.0,-363.0,218.0,-202.0,59.0
-2.0,-125.0,73.0,18.0,-61.0,-389.0,-501.0,171.0,-156.0,38.0
-25.0,-334.0,109.0,5.0,-205.0,-519.0,-662.0,282.0,-132.0,46.0
-51.0,-423.0,68.0,1.0,-84.0,-524.0,-589.0,524.0,-158.0,68.0
-57.0,-439.0,94.0,1.0,5.0,-497.0,-362.0,679.0,-166.0,84.0
-46.0,-255.0,92.0,-44.0,-51.0,-548.0,-220.0,519.0,-137.0,53.0
-66.0,-168.0,62.0,-20.0,-107.0,-546.0,-139.0,317.0,-111.0,45.0
-61.0,-90.0,70.0,55.0,-128.0,-328.0,-29.0,-158.0,-79.0,20.0
-46.0,137.0,36.0,89.0,32.0,-206.0,121.0,-380.0,-12.0,-17.0
-50.0,278.0,52.0,101.0,123.0,-296.0,187.0,-234.0,26.0,-41.0
-52.0,290.0,83.0,51.0,-124.0,-448.0,196.0,16.0,19.0,-69.0
-54.0,1.0,92.0,-13.0,-156.0,-402.0,227.0,177.0,25.0,-71.0
-42.0,128.0,88.0,-30.0,33.0,-243.0,361.0,-53.0,29.0,-79.0
-26.0,342.0,62.0,-34.0,1.0,-263.0,682.0,-118.0,32.0,-64.0
-32.0,59.0,84.0,9.0,-142.0,-323.0,849.0,-249.0,58.0,-64.0
-41.0,-113.0,59.0,47.0,-95.0,-335.0,744.0,-328.0,55.0,-89.0
-33.0,-115.0,-29.0,48.0,42.0,-110.0,902.0,-227.0,64.0,-119.0
-36.0,-134.0,-20.0,41.0,95.0,-12.0,928.0,-312.0,96.0,-142.0
-32.0,-345.0,17.0,-7.0,-17.0,-206.0,796.0,-266.0,113.0,-157.0
-19.0,-298.0,77.0,-25.0,-172.0,-349.0,755.0,-487.0,103.0,-186.0
-15.0,-218.0,62.0,-12.0,20.0,-222.0,456.0,-609.0,54.0,-183.0
-10.0,-303.0,41.0,6.0,67.0,-140.0,174.0,-412.0,18.0,-176.0
-23.0,-229.0,108.0,4.0,-86.0,-281.0,-3.0,-88.0,-19.0,-164.0
-19.0,-231.0,49.0,-16.0,-13.0,-118.0,-87.0,391.0,-52.0,-163.0
-5.0,-34.0,76.0,-58.0,45.0,-1.0,-350.0,582.0,-68.0,-162.0
-3.0,79.0,122.0,-170.0,94.0,-213.0,-728.0,742.0,-67.0,-145.0
-10.0,-74.0,95.0,-240.0,5.0,-371.0,-959.0,511.0,-57.0,-164.0
-16.0,-42.0,132.0,-223.0,-175.0,-167.0,-1070.0,7.0,-90.0,-173.0
2.0,-3.0,93.0,-170.0,-45.0,-31.0,-980.0,-437.0,-100.0,-158.0
0.0,7.0,100.0,-130.0,138.0,-190.0,-912.0,-879.0,-63.0,-112.0
-1.0,171.0,154.0,-99.0,42.0,-309.0,-708.0,-803.0,-36.0,-69.0
-7.0,5.0,153.0,-91.0,-39.0,-297.0,-501.0,-493.0,-27.0,-59.0
-25.0,-133.0,145.0,-94.0,-53.0,-206.0,-353.0,-24.0,-35.0,-39.0
-34.0,86.0,110.0,-134.0,-41.0,-212.0,-184.0,258.0,-16.0,-27.0
-44.0,8.0,93.0,-178.0,-22.0,-98.0,-15.0,240.0,34.0,-39.0
-47.0,-127.0,58.0,-140.0,-199.0,-48.0,349.0,225.0,78.0,-45.0
-37.0,-112.0,-1.0,-111.0,-151.0,-114.0,480.0,83.0,82.0,-54.0
-16.0,-3.0,-1.0,-83.0,22.0,-212.0,473.0,72.0,66.0,-80.0
-16.0,-98.0,16.0,-60.0,-47.0,-258.0,732.0,96.0,63.0,-84.0
-7.0,-127.0,1.0,-97.0,-85.0,-152.0,957.0,230.0,70.0,-81.0
2.0,114.0,-30.0,-141.0,-30.0,-203.0,954.0,254.0,75.0,-94.0
0.0,161.0,-36.0,-113.0,87.0,-228.0,838.0,64.0,54.0,-133.0
-1.0,316.0,-3.0,-34.0,-13.0,-222.0,758.0,-84.0,40.0,-174.0
-4.0,178.0,5.0,76.0,-167.0,-75.0,691.0,-199.0,28.0,-170.0
0.0,-33.0,-22.0,177.0,-103.0,132.0,398.0,-20.0,-5.0,-162.0
16.0,139.0,-13.0,190.0,-43.0,168.0,-87.0,12.0,-39.0,-186.0
13.0,170.0,-20.0,151.0,4.0,137.0,-519.0,-12.0,-97.0,-209.0
-1.0,76.0,-16.0,145.0,-49.0,91.0,-634.0,-36.0,-135.0,-213.0
28.0,-115.0,7.0,176.0,-147.0,186.0,-582.0,-214.0,-164.0,-213.0
47.0,-177.0,-54.0,154.0,-31.0,218.0,-838.0,-173.0,-198.0,-226.0
45.0,-229.0,-26.0,176.0,127.0,185.0,-1010.0,-36.0,-210.0,-245.0
31.0,-503.0,25.0,195.0,-49.0,75.0,-850.0,273.0,-216.0,-268.0
44.0,-566.0,34.0,165.0,-161.0,-46.0,-546.0,267.0,-186.0,-284.0
62.0,-582.0,14.0,166.0,36.0,-47.0,-333.0,-49.0,-167.0,-291.0
47.0,-527.0,-46.0,152.0,104.0,2.0,-302.0,-332.0,-142.0,-288.0
49.0,-265.0,-3.0,100.0,-25.0,135.0,-262.0,-484.0,-116.0,-300.0
50.0,-173.0,-41.0,31.0,-31.0,56.0,-364.0,-147.0,-103.0,-318.0
55.0,57.0,-80.0,4.0,73.0,-14.0,-314.0,11.0,-74.0,-306.0
16.0,295.0,-43.0,-27.0,140.0,8.0,-48.0,72.0,-48.0,-287.0
-1.0,140.0,-74.0,-87.0,106.0,5.0,65.0,48.0,-5.0,-277.0
0.0,-109.0,-59.0,-134.0,-51.0,170.0,89.0,-110.0,24.0,-276.0
-8.0,-75.0,-46.0,-169.0,42.0,313.0,299.0,9.0,57.0,-261.0
-13.0,49.0,-54.0,-145.0,130.0,425.0,713.0,-46.0,92.0,-250.0
-42.0,-89.0,-63.0,-120.0,52.0,488.0,996.0,66.0,133.0,-228.0
-33.0,37.0,-78.0,-104.0,68.0,641.0,943.0,177.0,175.0,-200.0
-32.0,128.0,-37.0,-34.0,85.0,747.0,668.0,-3.0,168.0,-167.0
-46.0,-99.0,-32.0,24.0,158.0,509.0,539.0,-232.0,136.0,-114.0
-63.0,-59.0,-1.0,41.0,163.0,365.0,551.0,-585.0,92.0,-70.0
-57.0,92.0,35.0,0.0,-58.0,374.0,320.0,-637.0,82.0,-14.0
-31.0,89.0,-16.0,-41.0,-170.0,461.0,-201.0,-589.0,73.0,22.0
-48.0,213.0,-5.0,-66.0,0.0,538.0,-399.0,-404.0,56.0,45.0
-69.0,357.0,0.0,-95.0,21.0,479.0,-252.0,-136.0,49.0,56.0
-73.0,293.0,-16.0,-55.0,-84.0,301.0,-353.0,-57.0,47.0,63.0
-74.0,382.0,-28.0,-40.0,-124.0,145.0,-646.0,97.0,58.0,73.0
-79.0,445.0,-25.0,-103.0,-18.0,360.0,-909.0,-101.0,44.0,48.0
-73.0,227.0,-28.0,-191.0,85.0,531.0,-894.0,-321.0,18.0,35.0
-66.0,-224.0,-37.0,-221.0,-96.0,457.0,-804.0,-304.0,-9.0,27.0
-64.0,-351.0,10.0,-154.0,-150.0,243.0,-811.0,-299.0,-21.0,19.0
-68.0,-397.0,-60.0,-54.0,-82.0,189.0,-791.0,-127.0,-23.0,28.0
-75.0,-684.0,-72.0,10.0,-53.0,454.0,-730.0,48.0,7.0,61.0
-95.0,-405.0,-86.0,27.0,-30.0,509.0,-302.0,299.0,25.0,112.0
-104.0,-160.0,-156.0,32.0,-99.0,348.0,52.0,452.0,0.0,145.0
-125.0,-205.0,-85.0,27.0,-40.0,114.0,5.0,400.0,9.0,168.0
-133.0,-264.0,-139.0,10.0,91.0,189.0,148.0,216.0,14.0,196.0
-120.0,-287.0,-184.0,-15.0,30.0,337.0,379.0,131.0,50.0,231.0
-125.0,-173.0,-140.0,5.0,-109.0,242.0,473.0,297.0,82.0,243.0
-114.0,132.0,-147.0,27.0,20.0,131.0,423.0,260.0,65.0,243.0
-113.0,480.0,-124.0,24.0,101.0,76.0,235.0,164.0,61.0,218.0
-81.0,244.0,-121.0,11.0,58.0,291.0,114.0,-101.0,71.0,190.0
-65.0,322.0,-81.0,-17.0,0.0,379.0,-64.0,-349.0,89.0,186.0
-71.0,544.0,-112.0,-36.0,-126.0,259.0,-328.0,-293.0,75.0,160.0
-64.0,308.0,-122.0,-65.0,119.0,235.0,-532.0,-266.0,45.0,135.0
-59.0,292.0,-8.0,-51.0,99.0,378.0,-416.0,-247.0,45.0,102.0
-47.0,40.0,-44.0,-58.0,-220.0,437.0,-199.0,-426.0,51.0,75.0
-50.0,-115.0,12.0,-70.0,-99.0,344.0,-219.0,-463.0,87.0,43.0
-35.0,-18.0,45.0,-30.0,75.0,356.0,-215.0,-343.0,132.0,-17.0
-44.0,-174.0,30.0,-51.0,22.0,294.0,-106.0,-129.0,124.0,-87.0
-54.0,-151.0,95.0,-110.0,-98.0,190.0,228.0,114.0,115.0,-163.0
-70.0,55.0,48.0,-184.0,-106.0,272.0,339.0,-136.0,102.0,-213.0
-74.0,236.0,74.0,-201.0,53.0,494.0,175.0,-290.0,60.0,-255.0
-70.0,179.0,61.0,-159.0,134.0,580.0,259.0,-341.0,41.0,-292.0
-61.0,32.0,31.0,-98.0,-49.0,571.0,205.0,-277.0,67.0,-323.0
-32.0,142.0,14.0,-28.0,-41.0,605.0,77.0,75.0,94.0,-350.0
-21.0,200.0,26.0,-47.0,94.0,685.0,74.0,229.0,91.0,-355.0
-3.0,-16.0,74.0,-84.0,75.0,696.0,-33.0,243.0,103.0,-361.0
0.0,-214.0,41.0,-116.0,22.0,569.0,-266.0,0.0,122.0,-360.0
7.0,-148.0,72.0,-126.0,-89.0,497.0,-414.0,-271.0,134.0,-359.0
0.0,-218.0,42.0,-124.0,59.0,374.0,-346.0,-343.0,143.0,-367.0
8.0,-187.0,33.0,-117.0,184.0,287.0,-225.0,-362.0,131.0,-332.0
17.0,21.0,64.0,-65.0,-55.0,296.0,-124.0,-343.0,138.0,-288.0
27.0,-209.0,13.0,-89.0,-129.0,262.0,-91.0,-388.0,150.0,-270.0
46.0,-176.0,-3.0,-84.0,-2.0,148.0,39.0,-412.0,155.0,-254.0
44.0,75.0,-46.0,-60.0,165.0,33.0,303.0,-572.0,153.0,-216.0
64.0,-16.0,-39.0,-86.0,175.0,88.0,268.0,-691.0,121.0,-172.0
70.0,97.0,-12.0,-71.0,-112.0,150.0,-37.0,-646.0,73.0,-140.0
86.0,280.0,-66.0,-55.0,-33.0,27.0,-231.0,-399.0,68.0,-97.0
83.0,95.0,-96.0,-32.0,127.0,-228.0,-225.0,153.0,72.0,-65.0
87.0,-13.0,-89.0,-11.0,-66.0,-247.0,-201.0,482.0,40.0,-28.0
85.0,83.0,-110.0,41.0,-106.0,-36.0,-430.0,604.0,31.0,6.0
68.0,77.0,-116.0,100.0,-35.0,-13.0,-596.0,293.0,0.0,51.0
71.0,116.0,-82.0,79.0,109.0,-120.0,-370.0,-205.0,-38.0,93.0
53.0,58.0,-63.0,20.0,191.0,-32.0,-182.0,-410.0,-72.0,93.0
46.0,-26.0,-58.0,-13.0,-26.0,294.0,-190.0,-576.0,-110.0,104.0
41.0,9.0,-31.0,-34.0,-52.0,482.0,-286.0,-266.0,-129.0,138.0
73.0,142.0,-28.0,-59.0,84.0,319.0,-330.0,62.0,-138.0,157.0
105.0,12.0,-45.0,-28.0,-49.0,209.0,-221.0,179.0,-112.0,131.0
106.0,-19.0,13.0,-10.0,-125.0,344.0,-131.0,181.0,-85.0,127.0
100.0,161.0,6.0,-2.0,-130.0,390.0,-119.0,-118.0,-58.0,139.0
91.0,-395.0,-37.0,24.0,-58.0,313.0,-123.0,-221.0,-37.0,140.0
89.0,-417.0,-5.0,-20.0,132.0,250.0,-1.0,-249.0,-21.0,136.0
70.0,15.0,13.0,-63.0,-34.0,183.0,137.0,-94.0,6.0,130.0
41.0,50.0,4.0,-96.0,-215.0,69.0,32.0,-38.0,15.0,129.0
28.0,59.0,45.0,-124.0,17.0,-14.0,-220.0,-136.0,36.0,104.0
61.0,44.0,68.0,-138.0,119.0,69.0,-343.0,-275.0,60.0,89.0
69.0,275.0,60.0,-169.0,-108.0,162.0,-236.0,-646.0,56.0,81.0
63.0,384.0,103.0,-114.0,-163.0,41.0,-148.0,-517.0,47.0,45.0
66.0,364.0,93.0,-49.0,42.0,62.0,-165.0,-131.0,36.0,-3.0
67.0,48.0,114.0,-15.0,266.0,342.0,-127.0,277.0,44.0,-25.0
56.0,27.0,127.0,71.0,164.0,371.0,-89.0,441.0,76.0,-23.0
39.0,216.0,113.0,115.0,-55.0,216.0,-131.0,142.0,93.0,-22.0
53.0,-89.0,114.0,67.0,63.0,118.0,-260.0,14.0,101.0,-19.0
47.0,-84.0,103.0,6.0,145.0,227.0,-263.0,-142.0,108.0,4.0
64.0,-136.0,104.0,-45.0,52.0,402.0,-82.0,-125.0,110.0,42.0
71.0,-101.0,107.0,-103.0,-27.0,368.0,-18.0,96.0,110.0,37.0
66.0,-54.0,157.0,-79.0,31.0,310.0,84.0,380.0,121.0,36.0
62.0,-554.0,168.0,-29.0,220.0,340.0,205.0,548.0,126.0,51.0
43.0,-555.0,168.0,-7.0,193.0,412.0,227.0,151.0,112.0,51.0
69.0,-109.0,170.0,13.0,-6.0,279.0,290.0,-229.0,99.0,40.0
86.0,-18.0,145.0,8.0,-101.0,119.0,176.0,-517.0,75.0,38.0
90.0,-16.0,94.0,7.0,-65.0,254.0,-14.0,-375.0,27.0,73.0
84.0,146.0,114.0,-12.0,9.0,392.0,-94.0,62.0,-5.0,112.0
79.0,193.0,119.0,13.0,-171.0,294.0,-180.0,157.0,-28.0,141.0
77.0,91.0,24.0,44.0,-283.0,98.0,-313.0,101.0,-40.0,159.0
76.0,38.0,113.0,55.0,27.0,89.0,-419.0,-288.0,-8.0,172.0
74.0,113.0,103.0,93.0,138.0,63.0,-543.0,-609.0,13.0,173.0
61.0,283.0,78.0,68.0,-125.0,-104.0,-727.0,-727.0,26.0,175.0
52.0,258.0,125.0,47.0,-196.0,32.0,-785.0,-561.0,36.0,174.0
39.0,47.0,38.0,43.0,-27.0,321.0,-651.0,-249.0,15.0,132.0
41.0,219.0,71.0,42.0,-33.0,342.0,-486.0,-194.0,-12.0,101.0
38.0,545.0,24.0,58.0,-133.0,149.0,-420.0,-103.0,-32.0,100.0
49.0,420.0,-5.0,83.0,-172.0,78.0,-255.0,-127.0,-53.0,96.0
55.0,254.0,39.0,119.0,-17.0,166.0,-40.0,18.0,-93.0,82.0
56.0,202.0,-4.0,166.0,135.0,214.0,96.0,123.0,-96.0,71.0
40.0,33.0,62.0,173.0,36.0,170.0,245.0,14.0,-88.0,85.0
32.0,88.0,103.0,68.0,-11.0,-8.0,236.0,-75.0,-97.0,117.0
38.0,283.0,0.0,-27.0,-33.0,-112.0,123.0,-195.0,-113.0,149.0
18.0,44.0,21.0,-111.0,0.0,-214.0,147.0,-194.0,-154.0,154.0
20.0,-230.0,71.0,-118.0,17.0,-281.0,269.0,-354.0,-170.0,142.0
6.0,-198.0,75.0,-84.0,-77.0,-182.0,303.0,-369.0,-183.0,149.0
18.0,-501.0,162.0,-75.0,-50.0,-169.0,335.0,-323.0,-181.0,156.0
13.0,-723.0,133.0,-29.0,91.0,-31.0,453.0,-66.0,-163.0,136.0
-1.0,-450.0,116.0,-44.0,68.0,121.0,459.0,314.0,-160.0,99.0
17.0,-384.0,155.0,-10.0,-77.0,187.0,283.0,140.0,-152.0,60.0
12.0,-593.0,69.0,44.0,-64.0,215.0,198.0,25.0,-141.0,42.0
-2.0,-518.0,7.0,57.0,68.0,166.0,251.0,-190.0,-114.0,51.0
-25.0,-203.0,91.0,54.0,58.0,234.0,177.0,-258.0,-120.0,48.0
-19.0,-181.0,127.0,36.0,-75.0,284.0,185.0,33.0,-134.0,18.0
0.0,-85.0,74.0,48.0,15.0,378.0,193.0,232.0,-113.0,-6.0
5.0,216.0,64.0,69.0,98.0,295.0,-56.0,576.0,-91.0,0.0
6.0,111.0,61.0,113.0,104.0,65.0,-140.0,559.0,-57.0,0.0
24.0,-148.0,74.0,119.0,58.0,43.0,-60.0,299.0,-29.0,-17.0
21.0,92.0,51.0,120.0,-75.0,111.0,-330.0,53.0,-17.0,-34.0
26.0,318.0,31.0,131.0,45.0,78.0,-684.0,-24.0,-18.0,-41.0
17.0,237.0,33.0,136.0,131.0,-155.0,-596.0,223.0,-24.0,-22.0
17.0,351.0,10.0,163.0,-8.0,-111.0,-462.0,218.0,-10.0,-11.0
39.0,224.0,32.0,171.0,-47.0,-19.0,-592.0,107.0,-15.0,-10.0
33.0,-31.0,15.0,133.0,61.0,-62.0,-551.0,-266.0,-46.0,7.0
48.0,215.0,-25.0,93.0,98.0,-39.0,-310.0,-668.0,-69.0,26.0
49.0,431.0,34.0,81.0,56.0,-175.0,-266.0,-827.0,-80.0,45.0
56.0,-96.0,22.0,71.0,-19.0,-147.0,-220.0,-812.0,-99.0,71.0
24.0,-237.0,-17.0,83.0,-4.0,-144.0,-14.0,-269.0,-120.0,69.0
14.0,165.0,17.0,109.0,94.0,-197.0,176.0,118.0,-136.0,66.0
21.0,-95.0,22.0,134.0,-40.0,-185.0,380.0,358.0,-173.0,96.0
21.0,-63.0,30.0,129.0,-116.0,-263.0,689.0,430.0,-198.0,120.0
23.0,303.0,45.0,153.0,101.0,-180.0,855.0,138.0,-202.0,128.0
-7.0,208.0,78.0,162.0,121.0,-314.0,680.0,-153.0,-223.0,126.0
15.0,27.0,65.0,135.0,-36.0,-440.0,637.0,-537.0,-250.0,153.0
23.0,22.0,100.0,147.0,-49.0,-352.0,611.0,-667.0,-243.0,181.0
24.0,-63.0,104.0,124.0,-25.0,-353.0,269.0,-596.0,-260.0,192.0
16.0,17.0,31.0,93.0,113.0,-240.0,-28.0,-352.0,-286.0,224.0
22.0,380.0,78.0,58.0,81.0,-141.0,-131.0,-199.0,-270.0,271.0
38.0,158.0,117.0,41.0,-78.0,-12.0,-263.0,-365.0,-247.0,322.0
26.0,-135.0,73.0,13.0,40.0,-27.0,-364.0,-299.0,-242.0,347.0
39.0,-76.0,85.0,9.0,119.0,-52.0,-153.0,-169.0,-250.0,356.0
46.0,-69.0,136.0,67.0,68.0,84.0,-26.0,171.0,-210.0,357.0
46.0,-320.0,72.0,124.0,-75.0,33.0,-126.0,465.0,-172.0,347.0
27.0,-622.0,-1.0,196.0,-77.0,95.0,-9.0,347.0,-162.0,356.0
21.0,-380.0,19.0,209.0,70.0,167.0,127.0,197.0,-142.0,361.0
28.0,-220.0,102.0,227.0,11.0,125.0,33.0,27.0,-131.0,363.0
51.0,-219.0,50.0,186.0,-140.0,41.0,70.0,153.0,-101.0,371.0
67.0,-32.0,10.0,93.0,-106.0,-56.0,177.0,400.0,-89.0,385.0
78.0,68.0,44.0,80.0,32.0,-70.0,51.0,606.0,-87.0,402.0
125.0,34.0,-16.0,60.0,82.0,-244.0,-82.0,726.0,-94.0,377.0
141.0,-110.0,57.0,35.0,1.0,-388.0,-59.0,606.0,-69.0,341.0
127.0,-113.0,11.0,67.0,-141.0,-361.0,70.0,419.0,-32.0,331.0
101.0,-234.0,-38.0,50.0,70.0,-319.0,50.0,136.0,-33.0,295.0
81.0,-186.0,5.0,-39.0,143.0,-354.0,56.0,-81.0,0.0,251.0
93.0,111.0,-46.0,-81.0,-76.0,-307.0,236.0,-519.0,16.0,231.0
83.0,64.0,-37.0,-93.0,42.0,-142.0,266.0,-855.0,35.0,182.0
69.0,42.0,-90.0,-63.0,149.0,-175.0,244.0,-776.0,20.0,154.0
73.0,67.0,-91.0,-11.0,40.0,-276.0,177.0,-596.0,0.0,150.0
93.0,252.0,-99.0,39.0,-29.0,-266.0,-3.0,-295.0,38.0,135.0
112.0,333.0,-84.0,14.0,-60.0,-190.0,-268.0,-131.0,32.0,129.0
102.0,80.0,-61.0,-79.0,-60.0,-294.0,-423.0,221.0,61.0,112.0
97.0,152.0,-64.0,-89.0,83.0,-207.0,-380.0,504.0,89.0,124.0
76.0,209.0,-9.0,-45.0,-22.0,202.0,-326.0,484.0,99.0,138.0
76.0,228.0,-74.0,15.0,-171.0,219.0,-202.0,299.0,111.0,124.0
73.0,393.0,-34.0,103.0,-5.0,-27.0,19.0,-195.0,137.0,119.0
78.0,349.0,-33.0,145.0,56.0,-142.0,246.0,-458.0,181.0,112.0
97.0,156.0,-46.0,95.0,-9.0,-21.0,392.0,-524.0,173.0,128.0
94.0,122.0,-39.0,100.0,-148.0,11.0,393.0,-166.0,183.0,129.0
113.0,114.0,-107.0,149.0,-117.0,-79.0,390.0,360.0,175.0,96.0
103.0,-124.0,-112.0,189.0,44.0,-56.0,441.0,480.0,158.0,78.0
99.0,-127.0,-97.0,233.0,-18.0,-46.0,419.0,341.0,139.0,59.0
98.0,-160.0,-84.0,228.0,-73.0,-101.0,434.0,-184.0,111.0,38.0
115.0,-267.0,-110.0,182.0,-28.0,-144.0,338.0,-363.0,92.0,11.0
126.0,-27.0,-26.0,91.0,-10.0,22.0,84.0,-210.0,39.0,-30.0
115.0,-61.0,-14.0,12.0,20.0,147.0,-68.0,-131.0,23.0,-62.0
123.0,-181.0,-61.0,-20.0,-82.0,249.0,-82.0,-36.0,25.0,-76.0
119.0,190.0,-20.0,-31.0,-86.0,367.0,-180.0,-243.0,43.0,-74.0
124.0,282.0,-36.0,41.0,106.0,319.0,-625.0,-286.0,45.0,-68.0
97.0,-81.0,-3.0,114.0,32.0,183.0,-778.0,-181.0,30.0,-47.0
66.0,-30.0,4.0,146.0,-42.0,75.0,-576.0,-66.0,28.0,-9.0
56.0,105.0,-44.0,193.0,29.0,139.0,-581.0,55.0,8.0,23.0
58.0,-43.0,10.0,222.0,25.0,137.0,-585.0,-27.0,-12.0,60.0
43.0,-227.0,24.0,282.0,106.0,78.0,-461.0,121.0,-42.0,84.0
43.0,-344.0,25.0,290.0,57.0,-123.0,-369.0,315.0,-50.0,74.0
51.0,-385.0,25.0,214.0,-115.0,-248.0,-230.0,424.0,-59.0,65.0
18.0,-379.0,-31.0,164.0,69.0,35.0,1.0,428.0,-70.0,86.0
-10.0,-151.0,48.0,155.0,146.0,288.0,-55.0,245.0,-73.0,93.0
-46.0,-77.0,48.0,154.0,-45.0,230.0,-75.0,195.0,-88.0,82.0
-37.0,-131.0,-18.0,117.0,-57.0,52.0,286.0,229.0,-64.0,88.0
-43.0,30.0,-19.0,107.0,-57.0,116.0,509.0,373.0,-32.0,94.0
-43.0,70.0,-33.0,148.0,4.0,121.0,400.0,423.0,-11.0,96.0
-36.0,-39.0,-44.0,211.0,-6.0,-70.0,224.0,352.0,29.0,88.0
-27.0,-146.0,-111.0,259.0,-108.0,-93.0,227.0,171.0,45.0,49.0
-1.0,-89.0,-98.0,245.0,57.0,121.0,264.0,-203.0,49.0,5.0
-25.0,83.0,-59.0,194.0,140.0,289.0,58.0,-478.0,77.0,-28.0
-45.0,34.0,-65.0,138.0,-61.0,203.0,-51.0,-602.0,100.0,-63.0
-55.0,-42.0,-72.0,117.0,-42.0,101.0,117.0,-423.0,92.0,-104.0
-35.0,247.0,-75.0,104.0,27.0,81.0,58.0,-210.0,71.0,-135.0
-31.0,393.0,-36.0,60.0,-93.0,41.0,-137.0,-97.0,90.0,-153.0
-35.0,42.0,-65.0,23.0,-59.0,-59.0,-207.0,20.0,118.0,-170.0
-52.0,-85.0,-22.0,-9.0,-97.0,-56.0,-191.0,83.0,123.0,-157.0
-55.0,-26.0,34.0,-41.0,-110.0,108.0,-186.0,201.0,117.0,-138.0
-53.0,-167.0,-7.0,-78.0,109.0,246.0,-185.0,182.0,100.0,-122.0
-73.0,-87.0,5.0,-113.0,88.0,54.0,2.0,73.0,103.0,-89.0
-66.0,53.0,-2.0,-100.0,-68.0,-36.0,168.0,-168.0,100.0,-78.0
-76.0,-63.0,16.0,-45.0,2.0,173.0,402.0,-484.0,103.0,-63.0
-67.0,-57.0,41.0,-22.0,142.0,131.0,642.0,-559.0,127.0,-56.0
-68.0,49.0,55.0,-115.0,62.0,-129.0,595.0,-299.0,141.0,-59.0
-60.0,41.0,54.0,-156.0,-94.0,-287.0,385.0,169.0,164.0,-56.0
-69.0,-132.0,34.0,-100.0,8.0,-116.0,207.0,256.0,164.0,-75.0
-89.0,-17.0,72.0,-72.0,59.0,-51.0,192.0,121.0,148.0,-71.0
-114.0,272.0,93.0,-18.0,6.0,-35.0,13.0,-79.0,139.0,-57.0
-118.0,78.0,109.0,23.0,-13.0,124.0,-253.0,-206.0,125.0,-35.0
-87.0,31.0,90.0,17.0,-72.0,292.0,-365.0,60.0,109.0,11.0
-83.0,248.0,103.0,-16.0,46.0,266.0,-596.0,121.0,88.0,39.0
-53.0,261.0,76.0,-38.0,107.0,123.0,-769.0,219.0,97.0,58.0
-45.0,78.0,71.0,-62.0,-4.0,314.0,-773.0,284.0,103.0,91.0
-39.0,-100.0,71.0,-87.0,-9.0,375.0,-1032.0,24.0,98.0,126.0
-49.0,-203.0,9.0,-77.0,106.0,288.0,-1247.0,-24.0,85.0,132.0
-49.0,-187.0,69.0,-58.0,169.0,261.0,-934.0,-73.0,66.0,109.0
-62.0,-261.0,22.0,-62.0,141.0,422.0,-519.0,44.0,52.0,82.0
-57.0,-464.0,20.0,-62.0,47.0,477.0,-395.0,151.0,15.0,53.0
-46.0,-306.0,83.0,17.0,39.0,183.0,-219.0,208.0,-28.0,18.0
-59.0,-131.0,36.0,68.0,145.0,141.0,161.0,369.0,-40.0,-27.0
-61.0,13.0,57.0,119.0,38.0,326.0,261.0,450.0,-26.0,-73.0
-84.0,106.0,58.0,173.0,-95.0,561.0,289.0,763.0,-18.0,-107.0
-58.0,200.0,-24.0,143.0,-64.0,535.0,303.0,679.0,1.0,-125.0
-68.0,123.0,8.0,123.0,7.0,406.0,179.0,465.0,9.0,-137.0
-54.0,-121.0,92.0,151.0,15.0,444.0,183.0,312.0,-7.0,-133.0
-52.0,121.0,58.0,218.0,-62.0,420.0,174.0,-1.0,1.0,-134.0
-42.0,-125.0,73.0,240.0,-57.0,344.0,204.0,-184.0,29.0,-148.0
-36.0,-240.0,90.0,200.0,-25.0,234.0,125.0,-380.0,49.0,-115.0
-53.0,54.0,80.0,145.0,-39.0,139.0,113.0,-101.0,53.0,-71.0
-32.0,-309.0,46.0,72.0,-145.0,95.0,297.0,214.0,68.0,-56.0
-71.0,-403.0,44.0,24.0,-187.0,302.0,361.0,97.0,92.0,-43.0
-63.0,-233.0,68.0,32.0,14.0,553.0,408.0,-253.0,115.0,-17.0
-57.0,-93.0,23.0,53.0,42.0,550.0,411.0,-582.0,128.0,5.0
-34.0,-133.0,114.0,29.0,-40.0,566.0,386.0,-574.0,118.0,0.0
-42.0,-141.0,121.0,-16.0,-12.0,636.0,299.0,-454.0,122.0,-25.0
-44.0,171.0,93.0,-64.0,-8.0,657.0,274.0,-384.0,131.0,-67.0
-46.0,65.0,148.0,-68.0,53.0,559.0,235.0,-528.0,122.0,-101.0
-56.0,119.0,138.0,-32.0,21.0,252.0,-123.0,-384.0,131.0,-127.0
-30.0,228.0,131.0,42.0,-6.0,25.0,-331.0,-112.0,131.0,-138.0
-57.0,83.0,74.0,145.0,68.0,49.0,-246.0,-49.0,113.0,-125.0
-27.0,179.0,87.0,130.0,65.0,217.0,-442.0,188.0,124.0,-130.0
-25.0,7.0,113.0,73.0,27.0,304.0,-639.0,312.0,136.0,-153.0
-21.0,-58.0,157.0,53.0,-30.0,125.0,-509.0,487.0,135.0,-143.0
-23.0,116.0,153.0,9.0,4.0,21.0,-516.0,576.0,135.0,-141.0
-19.0,-28.0,69.0,-10.0,37.0,37.0,-603.0,415.0,115.0,-160.0
-14.0,-82.0,128.0,35.0,-145.0,60.0,-611.0,478.0,99.0,-175.0
-39.0,55.0,104.0,74.0,-216.0,225.0,-601.0,497.0,88.0,-168.0
-26.0,-44.0,79.0,80.0,-47.0,353.0,-593.0,436.0,70.0,-140.0
-18.0,-191.0,79.0,80.0,43.0,320.0,-472.0,356.0,78.0,-145.0
-12.0,-146.0,5.0,59.0,-69.0,285.0,-207.0,317.0,73.0,-146.0
-35.0,-137.0,1.0,72.0,-133.0,324.0,-56.0,386.0,45.0,-134.0
-26.0,-42.0,-26.0,44.0,41.0,198.0,104.0,500.0,36.0,-126.0
-9.0,101.0,-51.0,10.0,121.0,-91.0,306.0,709.0,-8.0,-98.0
17.0,166.0,-24.0,20.0,55.0,-196.0,440.0,509.0,-38.0,-64.0
25.0,271.0,-32.0,3.0,23.0,-158.0,437.0,243.0,-45.0,-41.0
8.0,438.0,-50.0,-9.0,0.0,-158.0,431.0,-24.0,-72.0,0.0
-7.0,328.0,-42.0,-16.0,85.0,-54.0,594.0,-421.0,-86.0,64.0
-21.0,-1.0,-82.0,-6.0,104.0,121.0,516.0,-354.0,-107.0,100.0
-42.0,-24.0,-131.0,1.0,-8.0,327.0,360.0,-101.0,-104.0,128.0
-69.0,94.0,-155.0,2.0,26.0,472.0,321.0,177.0,-86.0,145.0
-55.0,185.0,-185.0,1.0,113.0,455.0,152.0,173.0,-71.0,140.0
-66.0,24.0,-170.0,6.0,38.0,353.0,85.0,25.0,-65.0,141.0
-49.0,-31.0,-196.0,26.0,-67.0,279.0,13.0,-129.0,-48.0,131.0
-59.0,213.0,-201.0,27.0,-39.0,434.0,-249.0,-351.0,-22.0,108.0
-65.0,256.0,-139.0,4.0,51.0,554.0,-562.0,-254.0,-18.0,93.0
-59.0,22.0,-176.0,-10.0,85.0,338.0,-715.0,-249.0,0.0,86.0
-48.0,-333.0,-218.0,6.0,-78.0,-60.0,-661.0,-118.0,27.0,74.0
-30.0,-196.0,-209.0,27.0,-163.0,-313.0,-681.0,-46.0,32.0,68.0
-18.0,14.0,-240.0,76.0,86.0,-294.0,-649.0,-175.0,25.0,58.0
6.0,59.0,-198.0,113.0,76.0,-77.0,-528.0,-212.0,46.0,52.0
-19.0,185.0,-151.0,63.0,-45.0,-6.0,-425.0,-327.0,42.0,45.0
-11.0,189.0,-187.0,-1.0,36.0,-106.0,-253.0,20.0,36.0,36.0
-1.0,350.0,-109.0,-40.0,41.0,-152.0,-127.0,310.0,74.0,44.0
31.0,249.0,-115.0,-86.0,105.0,-217.0,17.0,393.0,79.0,60.0
34.0,-61.0,-116.0,-65.0,18.0,-134.0,244.0,576.0,67.0,74.0
22.0,-40.0,-73.0,3.0,-66.0,-149.0,439.0,436.0,64.0,57.0
51.0,85.0,-88.0,33.0,72.0,-306.0,624.0,275.0,54.0,40.0
51.0,-97.0,-29.0,38.0,125.0,-481.0,825.0,216.0,49.0,41.0
71.0,-310.0,-43.0,4.0,13.0,-543.0,976.0,229.0,33.0,42.0
65.0,-127.0,0.0,-12.0,-121.0,-430.0,1118.0,221.0,15.0,41.0
72.0,42.0,15.0,-17.0,16.0,-540.0,1106.0,367.0,-20.0,56.0
82.0,-33.0,91.0,-9.0,126.0,-610.0,1053.0,548.0,-72.0,78.0
106.0,-200.0,86.0,36.0,-37.0,-459.0,1037.0,650.0,-78.0,82.0
101.0,-133.0,26.0,16.0,-97.0,-166.0,755.0,851.0,-79.0,109.0
67.0,-152.0,101.0,-9.0,-11.0,-51.0,462.0,639.0,-90.0,147.0
71.0,-160.0,61.0,-26.0,64.0,-198.0,241.0,299.0,-93.0,148.0
64.0,110.0,111.0,-35.0,60.0,-164.0,68.0,-112.0,-89.0,144.0
71.0,151.0,88.0,-3.0,-102.0,-86.0,-120.0,-424.0,-94.0,173.0
76.0,287.0,107.0,-11.0,-85.0,-58.0,-384.0,-273.0,-125.0,182.0
106.0,212.0,102.0,-53.0,105.0,-104.0,-529.0,-168.0,-141.0,154.0
118.0,-48.0,42.0,-113.0,-8.0,-151.0,-714.0,12.0,-158.0,119.0
101.0,132.0,101.0,-158.0,-61.0,-100.0,-793.0,-33.0,-169.0,86.0
101.0,208.0,48.0,-152.0,26.0,-171.0,-804.0,-147.0,-166.0,43.0
90.0,0.0,54.0,-135.0,-8.0,-260.0,-900.0,-142.0,-176.0,-34.0
78.0,-192.0,20.0,-124.0,40.0,-210.0,-807.0,-408.0,-153.0,-76.0
65.0,-153.0,0.0,-74.0,22.0,-100.0,-574.0,-454.0,-123.0,-127.0
55.0,-113.0,11.0,-34.0,-86.0,10.0,-337.0,-412.0,-125.0,-195.0
57.0,-227.0,-7.0,-41.0,34.0,-35.0,-79.0,-121.0,-112.0,-214.0
62.0,-126.0,8.0,-3.0,145.0,-71.0,179.0,345.0,-80.0,-240.0
48.0,69.0,-41.0,63.0,-51.0,-106.0,342.0,580.0,-79.0,-241.0
49.0,157.0,-26.0,100.0,-111.0,-234.0,347.0,820.0,-77.0,-239.0
47.0,7.0,-34.0,84.0,25.0,-262.0,420.0,740.0,-39.0,-250.0
26.0,76.0,-69.0,38.0,64.0,-259.0,481.0,373.0,-24.0,-203.0
18.0,481.0,-18.0,6.0,0.0,-112.0,323.0,-133.0,-5.0,-156.0
9.0,347.0,-23.0,27.0,-107.0,-51.0,260.0,-485.0,32.0,-134.0
15.0,257.0,-2.0,72.0,4.0,-18.0,271.0,-594.0,35.0,-86.0
0.0,164.0,53.0,124.0,102.0,81.0,344.0,-537.0,61.0,-21.0
-21.0,-147.0,62.0,127.0,11.0,56.0,416.0,-221.0,92.0,22.0
-30.0,76.0,96.0,41.0,-25.0,62.0,320.0,-11.0,70.0,64.0
-33.0,34.0,106.0,-24.0,32.0,-121.0,268.0,315.0,78.0,112.0
-30.0,-180.0,93.0,-55.0,71.0,-211.0,127.0,545.0,80.0,126.0
-35.0,-28.0,67.0,-42.0,-18.0,-227.0,24.0,668.0,59.0,121.0
-12.0,89.0,40.0,-18.0,-11.0,-373.0,-52.0,818.0,56.0,129.0
-5.0,-34.0,24.0,-33.0,70.0,-519.0,-230.0,650.0,27.0,117.0
-2.0,-156.0,-1.0,-34.0,54.0,-544.0,-174.0,460.0,9.0,108.0
-11.0,51.0,-6.0,-30.0,48.0,-310.0,-74.0,-73.0,0.0,105.0
-6.0,28.0,-7.0,-11.0,-27.0,-276.0,-152.0,-550.0,-18.0,86.0
12.0,-163.0,-3.0,29.0,-105.0,-340.0,-267.0,-554.0,-10.0,71.0
23.0,-253.0,-35.0,74.0,57.0,-145.0,-327.0,-452.0,-7.0,75.0
45.0,-191.0,-57.0,120.0,87.0,183.0,-285.0,-245.0,-1.0,93.0
43.0,128.0,-50.0,152.0,-95.0,153.0,-243.0,-266.0,8.0,75.0
63.0,81.0,-81.0,173.0,-26.0,-156.0,-249.0,-297.0,5.0,69.0
42.0,-24.0,-43.0,171.0,97.0,-29.0,-165.0,-197.0,-8.0,86.0
36.0,148.0,4.0,130.0,39.0,158.0,-67.0,12.0,-34.0,81.0
47.0,126.0,-19.0,90.0,-39.0,-17.0,7.0,155.0,-58.0,79.0
64.0,-32.0,-24.0,62.0,-39.0,-333.0,35.0,38.0,-60.0,82.0
87.0,-109.0,-26.0,58.0,46.0,-417.0,24.0,-46.0,-76.0,85.0
68.0,-95.0,-34.0,44.0,77.0,-234.0,68.0,-212.0,-83.0,66.0
80.0,-125.0,-18.0,14.0,-86.0,-354.0,115.0,-29.0,-74.0,65.0
61.0,-186.0,-15.0,-26.0,-101.0,-541.0,164.0,314.0,-69.0,87.0
71.0,-174.0,-15.0,-58.0,8.0,-567.0,9.0,548.0,-33.0,88.0
50.0,9.0,-3.0,-10.0,-41.0,-461.0,-24.0,748.0,-37.0,99.0
16.0,139.0,14.0,-17.0,-91.0,-148.0,186.0,399.0,-29.0,150.0
3.0,7.0,-11.0,-45.0,-125.0,-38.0,178.0,42.0,0.0,207.0
5.0,-183.0,-53.0,-23.0,-46.0,-117.0,175.0,-249.0,-6.0,216.0
54.0,-216.0,-23.0,-52.0,14.0,-116.0,162.0,-426.0,20.0,240.0
44.0,-202.0,-61.0,-99.0,-49.0,91.0,64.0,-404.0,6.0,278.0
76.0,-161.0,-89.0,-161.0,-108.0,197.0,52.0,-517.0,-3.0,259.0
74.0,-33.0,-102.0,-175.0,-79.0,163.0,-79.0,-371.0,7.0,218.0
64.0,-247.0,-185.0,-111.0,18.0,31.0,-352.0,-142.0,-4.0,197.0
57.0,-352.0,-181.0,-72.0,3.0,-209.0,-501.0,212.0,-16.0,168.0
41.0,-201.0,-167.0,-82.0,-129.0,-209.0,-523.0,406.0,-57.0,103.0
63.0,-152.0,-162.0,-106.0,-43.0,-159.0,-484.0,186.0,-63.0,45.0
59.0,-53.0,-117.0,-96.0,176.0,-83.0,-411.0,7.0,-66.0,35.0
86.0,101.0,-104.0,-56.0,-11.0,-184.0,-310.0,-325.0,-77.0,14.0
80.0,54.0,-93.0,1.0,-82.0,-316.0,-125.0,-399.0,-56.0,-37.0
69.0,-127.0,-88.0,31.0,84.0,-229.0,-24.0,-35.0,-34.0,-38.0
57.0,258.0,-71.0,29.0,119.0,-135.0,-60.0,511.0,-30.0,-21.0
37.0,456.0,-41.0,27.0,60.0,-37.0,-32.0,951.0,-25.0,-17.0
-2.0,186.0,-34.0,34.0,-128.0,14.0,131.0,864.0,5.0,-3.0
-25.0,76.0,-24.0,22.0,5.0,122.0,173.0,448.0,2.0,21.0
-12.0,123.0,-26.0,-10.0,193.0,57.0,266.0,-123.0,5.0,36.0
-10.0,182.0,2.0,-31.0,31.0,89.0,425.0,-511.0,8.0,23.0
-8.0,57.0,18.0,-55.0,-26.0,326.0,227.0,-574.0,-12.0,24.0
-35.0,193.0,-3.0,-53.0,63.0,406.0,89.0,-360.0,-5.0,25.0
-31.0,237.0,17.0,-16.0,86.0,381.0,85.0,-157.0,-11.0,11.0
-48.0,52.0,0.0,0.0,64.0,333.0,-29.0,-221.0,-23.0,-37.0
-45.0,34.0,-14.0,-24.0,-13.0,256.0,-99.0,-264.0,3.0,-65.0
-66.0,-104.0,5.0,-96.0,-4.0,26.0,-105.0,-351.0,44.0,-81.0
-62.0,-190.0,-30.0,-197.0,92.0,-89.0,-23.0,-107.0,40.0,-132.0
-30.0,-21.0,-78.0,-213.0,105.0,-89.0,87.0,360.0,27.0,-161.0
-40.0,57.0,-62.0,-152.0,9.0,-22.0,137.0,565.0,20.0,-169.0
-21.0,-56.0,-92.0,-70.0,-100.0,66.0,158.0,509.0,4.0,-153.0
-43.0,-124.0,-120.0,12.0,30.0,108.0,158.0,138.0,-9.0,-149.0
-44.0,104.0,-109.0,38.0,140.0,138.0,144.0,-157.0,-36.0,-133.0
-80.0,122.0,-152.0,26.0,2.0,135.0,137.0,-487.0,-47.0,-84.0
-88.0,-86.0,-139.0,-55.0,-98.0,93.0,-56.0,-602.0,-48.0,-73.0
-76.0,16.0,-108.0,-139.0,14.0,-12.0,-342.0,-415.0,-37.0,-63.0
-80.0,129.0,-75.0,-146.0,88.0,-4.0,-419.0,-194.0,-36.0,-10.0
-70.0,274.0,-64.0,-137.0,20.0,-76.0,-284.0,214.0,-29.0,31.0
-74.0,128.0,-89.0,-100.0,-13.0,-73.0,-192.0,328.0,-41.0,47.0
-62.0,265.0,-108.0,-64.0,-64.0,97.0,-232.0,397.0,-54.0,74.0
-80.0,531.0,-112.0,-55.0,70.0,207.0,-265.0,351.0,-39.0,123.0
-47.0,166.0,-85.0,-97.0,121.0,192.0,-404.0,25.0,-62.0,174.0
-35.0,91.0,-100.0,-156.0,-41.0,34.0,-405.0,-234.0,-55.0,177.0
-6.0,37.0,-54.0,-149.0,38.0,-20.0,-352.0,-452.0,-48.0,199.0
3.0,4.0,-52.0,-128.0,97.0,45.0,-543.0,-206.0,-53.0,235.0
0.0,90.0,-46.0,-51.0,14.0,117.0,-552.0,86.0,-29.0,239.0
-8.0,109.0,-10.0,49.0,63.0,27.0,-369.0,249.0,5.0,251.0
-32.0,-145.0,-45.0,94.0,-13.0,-20.0,-286.0,447.0,35.0,262.0
-13.0,-393.0,-35.0,76.0,-97.0,200.0,-257.0,524.0,47.0,286.0
-33.0,-54.0,-36.0,30.0,27.0,486.0,-105.0,559.0,77.0,272.0
-15.0,7.0,-32.0,-20.0,-112.0,609.0,119.0,160.0,103.0,254.0
-14.0,-189.0,-28.0,-53.0,-134.0,670.0,202.0,-304.0,133.0,260.0
15.0,-185.0,36.0,13.0,31.0,759.0,185.0,-655.0,133.0,236.0
18.0,-1.0,0.0,59.0,-54.0,696.0,261.0,-764.0,117.0,202.0
3.0,90.0,-55.0,61.0,-65.0,561.0,361.0,-497.0,120.0,167.0
0.0,59.0,-22.0,86.0,-69.0,456.0,417.0,-426.0,101.0,151.0
-12.0,152.0,-18.0,71.0,-88.0,383.0,408.0,-260.0,90.0,140.0
14.0,297.0,53.0,9.0,24.0,349.0,299.0,-304.0,107.0,115.0
27.0,155.0,19.0,-40.0,67.0,379.0,310.0,-417.0,94.0,113.0
68.0,-60.0,32.0,-25.0,-31.0,347.0,338.0,-306.0,71.0,124.0
55.0,30.0,78.0,-53.0,27.0,248.0,215.0,-205.0,73.0,142.0
54.0,-37.0,54.0,-124.0,113.0,254.0,-9.0,234.0,63.0,162.0
35.0,103.0,70.0,-160.0,16.0,316.0,-112.0,460.0,45.0,176.0
17.0,-27.0,41.0,-246.0,-23.0,250.0,-49.0,478.0,21.0,193.0
-5.0,-284.0,-4.0,-328.0,14.0,202.0,-126.0,314.0,6.0,184.0
-37.0,11.0,-17.0,-301.0,35.0,297.0,-270.0,-51.0,9.0,169.0
-2.0,-76.0,-41.0,-239.0,17.0,161.0,-339.0,-347.0,15.0,162.0
-5.0,-39.0,-40.0,-219.0,11.0,-60.0,-370.0,-585.0,29.0,145.0
-1.0,83.0,-15.0,-162.0,-23.0,14.0,-467.0,-369.0,36.0,122.0
-18.0,-4.0,-25.0,-111.0,102.0,203.0,-598.0,-99.0,34.0,89.0
-19.0,-75.0,9.0,-123.0,113.0,78.0,-691.0,173.0,42.0,79.0
-31.0,-53.0,18.0,-69.0,-51.0,-265.0,-745.0,349.0,33.0,70.0
-28.0,134.0,50.0,27.0,36.0,-296.0,-660.0,166.0,12.0,67.0
-15.0,58.0,56.0,51.0,42.0,-144.0,-448.0,-62.0,-7.0,70.0
-25.0,144.0,13.0,48.0,0.0,-210.0,-303.0,-332.0,-26.0,56.0
-14.0,-18.0,6.0,42.0,22.0,-339.0,-233.0,-450.0,-35.0,43.0
-31.0,-233.0,1.0,-13.0,-35.0,-362.0,-63.0,-362.0,-47.0,37.0
-36.0,-26.0,64.0,-12.0,-58.0,-233.0,124.0,92.0,-63.0,45.0
-50.0,-155.0,27.0,39.0,64.0,-22.0,235.0,493.0,-69.0,19.0
-39.0,-199.0,53.0,25.0,41.0,-17.0,232.0,546.0,-54.0,-11.0
-33.0,-118.0,107.0,-21.0,-102.0,-151.0,191.0,546.0,-54.0,-32.0
-25.0,-193.0,48.0,-90.0,-16.0,-87.0,104.0,262.0,-57.0,-50.0
-3.0,-158.0,56.0,-176.0,49.0,57.0,-21.0,27.0,-42.0,-55.0
11.0,-136.0,74.0,-223.0,0.0,-72.0,-172.0,-223.0,-60.0,-59.0
17.0,-134.0,51.0,-260.0,-48.0,-183.0,-356.0,-469.0,-47.0,-51.0
9.0,-164.0,0.0,-258.0,78.0,-86.0,-394.0,-386.0,-27.0,-35.0
27.0,-138.0,29.0,-184.0,124.0,64.0,-356.0,-280.0,-37.0,0.0
12.0,-10.0,-14.0,-125.0,-28.0,129.0,-274.0,-38.0,-23.0,20.0
-2.0,45.0,-59.0,-67.0,-10.0,154.0,-158.0,-22.0,-9.0,37.0
0.0,212.0,-28.0,-55.0,-3.0,381.0,-85.0,-269.0,26.0,67.0
19.0,144.0,-89.0,-93.0,8.0,373.0,-74.0,-410.0,76.0,82.0
36.0,94.0,-127.0,-86.0,-35.0,125.0,-176.0,-421.0,105.0,108.0
44.0,153.0,-135.0,-30.0,-124.0,14.0,-331.0,-114.0,132.0,115.0
42.0,-63.0,-116.0,46.0,24.0,-67.0,-361.0,92.0,137.0,115.0
31.0,65.0,-107.0,55.0,21.0,-220.0,-241.0,158.0,135.0,121.0
39.0,202.0,-84.0,30.0,-153.0,-303.0,-116.0,-1.0,131.0,145.0
39.0,80.0,-70.0,-8.0,-50.0,-123.0,-3.0,-338.0,96.0,197.0
33.0,109.0,-123.0,-64.0,84.0,91.0,129.0,-452.0,90.0,219.0
16.0,193.0,-116.0,-76.0,10.0,218.0,359.0,-497.0,74.0,216.0
-3.0,-7.0,-128.0,-73.0,-36.0,147.0,560.0,-227.0,45.0,211.0
-24.0,-258.0,-140.0,-58.0,-11.0,-27.0,735.0,31.0,62.0,197.0
-26.0,-165.0,-91.0,-20.0,63.0,-148.0,821.0,195.0,64.0,162.0
-16.0,7.0,-86.0,10.0,125.0,-272.0,701.0,284.0,62.0,123.0
-28.0,-89.0,-60.0,0.0,10.0,-372.0,574.0,133.0,87.0,96.0
-31.0,-249.0,-46.0,26.0,-64.0,-521.0,384.0,160.0,94.0,44.0
-34.0,-181.0,-19.0,54.0,52.0,-493.0,215.0,140.0,92.0,5.0
-32.0,-214.0,17.0,13.0,96.0,-473.0,-109.0,114.0,80.0,-16.0
-45.0,-359.0,66.0,6.0,66.0,-617.0,-526.0,110.0,54.0,-50.0
-69.0,-324.0,111.0,-23.0,32.0,-615.0,-679.0,173.0,47.0,-79.0
-72.0,-75.0,94.0,-91.0,-21.0,-467.0,-727.0,304.0,24.0,-109.0
-74.0,-131.0,67.0,-92.0,101.0,-306.0,-657.0,181.0,20.0,-112.0
-84.0,-131.0,-17.0,-107.0,90.0,-129.0,-563.0,16.0,57.0,-111.0
-97.0,125.0,-18.0,-184.0,-134.0,158.0,-484.0,-363.0,77.0,-123.0
-82.0,25.0,-19.0,-190.0,-41.0,336.0,-274.0,-670.0,92.0,-134.0
-69.0,92.0,-37.0,-143.0,124.0,343.0,-188.0,-630.0,101.0,-142.0
-66.0,120.0,-22.0,-166.0,38.0,387.0,-331.0,-478.0,105.0,-146.0
-62.0,-85.0,-77.0,-214.0,-80.0,509.0,-495.0,-127.0,104.0,-149.0
-76.0,-34.0,-85.0,-221.0,-22.0,490.0,-639.0,38.0,102.0,-134.0
-76.0,197.0,-83.0,-159.0,101.0,238.0,-708.0,-88.0,100.0,-120.0
-89.0,110.0,-83.0,-48.0,7.0,58.0,-763.0,-310.0,84.0,-110.0
-83.0,-5.0,-88.0,60.0,-91.0,61.0,-813.0,-402.0,73.0,-101.0
-60.0,137.0,-80.0,141.0,-81.0,42.0,-693.0,-332.0,50.0,-62.0
-55.0,96.0,-75.0,176.0,-49.0,-15.0,-371.0,-286.0,22.0,-26.0
-61.0,200.0,-61.0,141.0,91.0,-24.0,113.0,-81.0,-7.0,-29.0
-60.0,222.0,-39.0,89.0,35.0,-19.0,472.0,83.0,-28.0,-11.0
-56.0,177.0,-16.0,59.0,-32.0,-42.0,850.0,179.0,-31.0,9.0
-75.0,219.0,8.0,13.0,104.0,-124.0,1243.0,75.0,-38.0,34.0
-72.0,106.0,5.0,3.0,47.0,-102.0,1411.0,-229.0,-40.0,50.0
-75.0,163.0,38.0,-23.0,11.0,25.0,1455.0,-376.0,-63.0,47.0
-68.0,54.0,48.0,-108.0,15.0,87.0,1285.0,-441.0,-72.0,41.0
-55.0,-108.0,38.0,-138.0,-11.0,-71.0,1064.0,-286.0,-78.0,14.0
-56.0,12.0,34.0,-134.0,124.0,-229.0,730.0,-221.0,-125.0,3.0
-42.0,-107.0,24.0,-73.0,88.0,-85.0,394.0,-153.0,-145.0,-11.0
-35.0,-250.0,31.0,-34.0,-84.0,93.0,255.0,90.0,-166.0,-46.0
-41.0,-169.0,34.0,-17.0,-3.0,226.0,99.0,258.0,-193.0,-69.0
-55.0,-166.0,31.0,-9.0,111.0,265.0,57.0,400.0,-172.0,-78.0
-38.0,-216.0,55.0,-49.0,-19.0,406.0,-6.0,299.0,-135.0,-72.0
-17.0,-234.0,20.0,-18.0,-60.0,592.0,-239.0,245.0,-82.0,-80.0
-5.0,-162.0,9.0,43.0,0.0,395.0,-349.0,84.0,-46.0,-87.0
-4.0,-57.0,44.0,96.0,44.0,191.0,-379.0,-155.0,-12.0,-68.0
-16.0,24.0,-14.0,117.0,54.0,184.0,-520.0,-291.0,27.0,-60.0
-22.0,-38.0,-32.0,113.0,-74.0,59.0,-710.0,-509.0,55.0,-58.0
-37.0,-46.0,-57.0,63.0,-33.0,-194.0,-822.0,-378.0,82.0,-41.0
-52.0,188.0,-84.0,5.0,-21.0,-217.0,-758.0,-363.0,89.0,-26.0
-34.0,209.0,-67.0,-60.0,-75.0,-61.0,-705.0,-327.0,107.0,-16.0
-16.0,44.0,-72.0,-96.0,-30.0,-66.0,-662.0,-57.0,115.0,-13.0
-37.0,48.0,-56.0,-70.0,-41.0,-139.0,-596.0,120.0,108.0,3.0
-49.0,66.0,-71.0,-94.0,25.0,-149.0,-492.0,400.0,102.0,19.0
-69.0,-60.0,-116.0,-93.0,79.0,-287.0,-101.0,310.0,80.0,41.0
-65.0,-129.0,-103.0,-118.0,-20.0,-469.0,325.0,68.0,61.0,67.0
-79.0,-50.0,-86.0,-87.0,-39.0,-340.0,617.0,-195.0,41.0,91.0
-85.0,-54.0,-85.0,34.0,24.0,-131.0,715.0,-452.0,5.0,127.0
-50.0,-101.0,-41.0,104.0,-59.0,-161.0,722.0,-465.0,-26.0,154.0
-41.0,-116.0,10.0,128.0,-27.0,-250.0,890.0,-341.0,-46.0,192.0
-17.0,-138.0,7.0,95.0,-24.0,-180.0,869.0,120.0,-64.0,200.0
-42.0,-59.0,-11.0,70.0,-61.0,-185.0,670.0,336.0,-66.0,188.0
-61.0,-119.0,-12.0,94.0,85.0,-417.0,509.0,304.0,-68.0,183.0
-47.0,-163.0,-47.0,98.0,-15.0,-496.0,321.0,138.0,-87.0,148.0
-52.0,-106.0,-24.0,59.0,-56.0,-282.0,299.0,-129.0,-90.0,134.0
-52.0,-40.0,-12.0,14.0,33.0,-29.0,276.0,-125.0,-75.0,100.0
-26.0,54.0,-16.0,-69.0,-84.0,52.0,244.0,-188.0,-54.0,62.0
6.0,75.0,-9.0,-138.0,-80.0,25.0,395.0,-162.0,-28.0,54.0
4.0,153.0,-35.0,-129.0,-53.0,59.0,542.0,-323.0,-15.0,39.0
15.0,117.0,-4.0,-108.0,-138.0,135.0,719.0,-572.0,-17.0,38.0
11.0,70.0,-47.0,-114.0,-50.0,123.0,539.0,-692.0,-21.0,18.0
0.0,4.0,-54.0,-160.0,-43.0,81.0,219.0,-702.0,-9.0,7.0
11.0,-74.0,3.0,-181.0,-199.0,152.0,160.0,-182.0,0.0,23.0
16.0,58.0,0.0,-125.0,-72.0,246.0,-26.0,279.0,16.0,29.0
19.0,190.0,16.0,-112.0,10.0,71.0,-211.0,709.0,50.0,42.0
36.0,49.0,29.0,-122.0,-83.0,-278.0,-409.0,861.0,72.0,54.0
60.0,53.0,52.0,-78.0,-2.0,-298.0,-305.0,630.0,90.0,68.0
49.0,265.0,53.0,-34.0,10.0,-31.0,47.0,297.0,87.0,90.0
32.0,66.0,86.0,-37.0,43.0,1.0,311.0,-373.0,82.0,105.0
21.0,-9.0,109.0,-36.0,121.0,-207.0,733.0,-642.0,81.0,105.0
19.0,-1.0,72.0,-18.0,29.0,-171.0,877.0,-626.0,67.0,91.0
17.0,56.0,100.0,0.0,44.0,-35.0,989.0,-448.0,64.0,76.0
9.0,139.0,38.0,13.0,78.0,17.0,1244.0,-195.0,58.0,61.0
-1.0,-119.0,61.0,-35.0,52.0,-19.0,1105.0,-232.0,40.0,50.0
-17.0,21.0,133.0,-23.0,137.0,-70.0,883.0,-205.0,15.0,17.0
-28.0,141.0,38.0,43.0,67.0,-52.0,636.0,-157.0,-7.0,-21.0
-56.0,70.0,50.0,69.0,28.0,-253.0,380.0,84.0,-29.0,-53.0
-95.0,111.0,50.0,77.0,133.0,-489.0,246.0,164.0,-36.0,-85.0
-119.0,60.0,-14.0,35.0,26.0,-667.0,44.0,97.0,-20.0,-111.0
-121.0,248.0,-11.0,-20.0,45.0,-585.0,9.0,64.0,-17.0,-148.0
-137.0,245.0,-39.0,-67.0,110.0,-444.0,-110.0,-140.0,-1.0,-160.0
-172.0,17.0,-72.0,-109.0,-18.0,-474.0,-264.0,-94.0,17.0,-176.0
-172.0,114.0,-103.0,-146.0,-9.0,-396.0,-148.0,-7.0,14.0,-189.0
-141.0,114.0,-134.0,-114.0,20.0,-389.0,-186.0,206.0,14.0,-164.0
-117.0,-97.0,-116.0,-34.0,-12.0,-239.0,-132.0,308.0,4.0,-151.0
-103.0,-171.0,-93.0,16.0,-1.0,-86.0,-70.0,-14.0,-16.0,-153.0
-104.0,-191.0,-78.0,30.0,-45.0,-15.0,-54.0,-319.0,-18.0,-151.0
-84.0,-169.0,-89.0,-14.0,-69.0,43.0,17.0,-515.0,-24.0,-126.0
-52.0,-22.0,-109.0,-76.0,-20.0,-96.0,-21.0,-391.0,-40.0,-119.0
-42.0,-66.0,-100.0,-116.0,-21.0,-164.0,171.0,-188.0,-30.0,-122.0
-25.0,-120.0,-76.0,-62.0,25.0,-20.0,280.0,164.0,-28.0,-109.0
-17.0,0.0,-40.0,-34.0,-41.0,78.0,355.0,626.0,-31.0,-111.0
0.0,107.0,-44.0,-75.0,-80.0,-200.0,523.0,820.0,-19.0,-120.0
-2.0,87.0,-16.0,-79.0,87.0,-460.0,542.0,792.0,-45.0,-137.0
-22.0,-58.0,46.0,-126.0,-44.0,-381.0,670.0,354.0,-78.0,-137.0
-14.0,150.0,59.0,-65.0,-110.0,-233.0,736.0,-22.0,-68.0,-122.0
-2.0,36.0,58.0,41.0,24.0,-265.0,723.0,-317.0,-84.0,-139.0
1.0,-139.0,58.0,43.0,0.0,-317.0,690.0,-476.0,-96.0,-146.0
-4.0,58.0,58.0,50.0,15.0,-146.0,559.0,-297.0,-88.0,-113.0
8.0,24.0,68.0,0.0,-14.0,-56.0,536.0,-214.0,-84.0,-86.0
8.0,129.0,86.0,-12.0,-49.0,-61.0,423.0,36.0,-72.0,-83.0
15.0,42.0,52.0,27.0,15.0,-80.0,327.0,166.0,-66.0,-74.0
20.0,114.0,45.0,84.0,9.0,-191.0,437.0,169.0,-58.0,-52.0
19.0,124.0,75.0,134.0,6.0,-177.0,530.0,153.0,-60.0,-45.0
43.0,-44.0,32.0,114.0,75.0,-68.0,691.0,-131.0,-40.0,-42.0
41.0,219.0,42.0,103.0,49.0,-76.0,569.0,-290.0,-39.0,-22.0
55.0,111.0,60.0,84.0,-26.0,-57.0,373.0,-347.0,-50.0,-25.0
63.0,76.0,25.0,67.0,-29.0,-12.0,291.0,-110.0,-32.0,-44.0
76.0,-3.0,52.0,85.0,27.0,-78.0,52.0,214.0,-31.0,-60.0
94.0,-292.0,76.0,103.0,81.0,-196.0,-60.0,439.0,-3.0,-58.0
106.0,-68.0,39.0,79.0,39.0,-200.0,-445.0,618.0,18.0,-46.0
114.0,-71.0,37.0,21.0,-6.0,-43.0,-819.0,489.0,12.0,-55.0
100.0,-214.0,56.0,-65.0,-19.0,-95.0,-866.0,460.0,7.0,-47.0
89.0,-105.0,46.0,-111.0,3.0,-430.0,-729.0,373.0,1.0,-19.0
61.0,-147.0,49.0,-140.0,101.0,-680.0,-415.0,291.0,11.0,2.0
67.0,-148.0,22.0,-139.0,35.0,-709.0,-347.0,288.0,27.0,11.0
63.0,-131.0,19.0,-70.0,-117.0,-751.0,-125.0,105.0,15.0,29.0
48.0,-262.0,58.0,-49.0,52.0,-855.0,186.0,-42.0,10.0,66.0
54.0,-327.0,98.0,-27.0,45.0,-765.0,330.0,-297.0,8.0,87.0
42.0,-169.0,93.0,22.0,-155.0,-537.0,513.0,-378.0,-1.0,105.0
33.0,82.0,79.0,4.0,-14.0,-483.0,507.0,-362.0,10.0,128.0
27.0,-49.0,51.0,-61.0,-27.0,-512.0,576.0,-267.0,-14.0,140.0
22.0,-4.0,23.0,-78.0,-41.0,-354.0,693.0,-22.0,-9.0,157.0
33.0,376.0,73.0,-66.0,-26.0,-242.0,484.0,59.0,-12.0,172.0
70.0,115.0,33.0,-67.0,-234.0,-217.0,335.0,188.0,-47.0,185.0
71.0,-58.0,65.0,-30.0,-43.0,-227.0,455.0,153.0,-27.0,190.0
59.0,160.0,33.0,45.0,61.0,-247.0,696.0,83.0,-43.0,163.0
65.0,133.0,-53.0,81.0,-226.0,-175.0,779.0,35.0,-68.0,154.0
48.0,48.0,51.0,72.0,-116.0,-114.0,634.0,-99.0,-85.0,133.0
51.0,69.0,35.0,29.0,-52.0,-62.0,667.0,-129.0,-124.0,78.0
55.0,147.0,-10.0,-44.0,-130.0,-14.0,638.0,-221.0,-148.0,49.0
69.0,46.0,-10.0,-62.0,83.0,-6.0,334.0,-96.0,-177.0,35.0
92.0,132.0,-43.0,2.0,-93.0,-164.0,-62.0,90.0,-184.0,16.0
97.0,119.0,-58.0,69.0,-196.0,-250.0,-338.0,206.0,-172.0,-9.0
101.0,-92.0,-63.0,70.0,75.0,-155.0,-408.0,271.0,-168.0,-29.0
94.0,136.0,-73.0,6.0,-16.0,-70.0,-553.0,44.0,-149.0,-45.0
73.0,106.0,-123.0,-74.0,-133.0,-25.0,-654.0,-133.0,-125.0,-73.0
63.0,-22.0,-102.0,-86.0,-69.0,16.0,-872.0,-314.0,-93.0,-122.0
58.0,51.0,-99.0,-70.0,-36.0,64.0,-1076.0,-367.0,-61.0,-157.0
50.0,-31.0,-86.0,-45.0,-9.0,-139.0,-902.0,-253.0,-42.0,-184.0
58.0,9.0,-39.0,3.0,14.0,-323.0,-853.0,-162.0,1.0,-229.0
48.0,-48.0,-85.0,2.0,-44.0,-270.0,-698.0,24.0,23.0,-242.0
46.0,-81.0,-60.0,-46.0,-45.0,-60.0,-333.0,38.0,49.0,-248.0
40.0,5.0,-55.0,-85.0,95.0,87.0,-270.0,60.0,89.0,-257.0
20.0,84.0,-16.0,-69.0,55.0,-64.0,-227.0,140.0,103.0,-249.0
11.0,139.0,46.0,-28.0,-30.0,-171.0,-74.0,275.0,146.0,-229.0
-8.0,58.0,16.0,4.0,60.0,-200.0,315.0,458.0,173.0,-185.0
-21.0,266.0,40.0,36.0,89.0,-247.0,605.0,312.0,183.0,-162.0
-41.0,320.0,19.0,76.0,-20.0,-270.0,457.0,73.0,198.0,-146.0
-58.0,31.0,-14.0,91.0,-4.0,-237.0,466.0,-284.0,188.0,-118.0
-76.0,11.0,30.0,89.0,107.0,-251.0,465.0,-574.0,186.0,-99.0
-91.0,197.0,53.0,105.0,18.0,-271.0,614.0,-589.0,178.0,-98.0
-114.0,172.0,27.0,83.0,-8.0,-191.0,919.0,-327.0,161.0,-123.0
-151.0,-109.0,66.0,17.0,23.0,-57.0,984.0,186.0,141.0,-147.0
-145.0,-71.0,47.0,-26.0,-37.0,148.0,919.0,461.0,116.0,-189.0
-132.0,42.0,10.0,-58.0,87.0,152.0,709.0,655.0,96.0,-235.0
-130.0,-217.0,37.0,-114.0,81.0,90.0,742.0,461.0,76.0,-261.0
-108.0,-241.0,8.0,-130.0,-50.0,111.0,557.0,20.0,40.0,-305.0
-92.0,-193.0,59.0,-115.0,70.0,35.0,9.0,-186.0,19.0,-350.0
-75.0,-283.0,60.0,-89.0,85.0,-141.0,-244.0,-260.0,12.0,-351.0
-73.0,-174.0,30.0,-89.0,-16.0,-127.0,-385.0,-1.0,-13.0,-336.0
-71.0,-317.0,59.0,-92.0,-13.0,93.0,-600.0,162.0,-7.0,-337.0
-35.0,-215.0,11.0,-100.0,-34.0,70.0,-853.0,188.0,-45.0,-343.0
9.0,138.0,0.0,-127.0,54.0,-79.0,-905.0,42.0,-82.0,-337.0
52.0,91.0,14.0,-107.0,65.0,-70.0,-705.0,-120.0,-60.0,-301.0
41.0,112.0,28.0,-131.0,-125.0,58.0,-729.0,-242.0,-77.0,-277.0
51.0,222.0,31.0,-155.0,-68.0,-67.0,-866.0,-467.0,-61.0,-265.0
35.0,212.0,-23.0,-127.0,74.0,-223.0,-807.0,-206.0,-51.0,-229.0
0.0,203.0,-63.0,-76.0,14.0,-92.0,-809.0,151.0,-56.0,-203.0
7.0,341.0,-58.0,-21.0,-52.0,2.0,-661.0,467.0,-39.0,-167.0
11.0,220.0,-71.0,3.0,-33.0,-59.0,-675.0,580.0,-31.0,-125.0
38.0,72.0,-131.0,28.0,13.0,-164.0,-818.0,273.0,11.0,-88.0
24.0,346.0,-128.0,6.0,29.0,-111.0,-654.0,49.0,36.0,-74.0
23.0,169.0,-137.0,-61.0,15.0,-98.0,-587.0,-125.0,50.0,-64.0
27.0,-287.0,-154.0,-82.0,-46.0,-204.0,-326.0,-46.0,76.0,-19.0
6.0,-44.0,-106.0,-42.0,-55.0,-387.0,-19.0,129.0,80.0,3.0
-26.0,48.0,-117.0,-4.0,100.0,-469.0,474.0,212.0,104.0,11.0
-61.0,-321.0,-115.0,46.0,46.0,-383.0,825.0,273.0,127.0,27.0
-63.0,-196.0,-71.0,110.0,-144.0,-333.0,534.0,190.0,120.0,56.0
-43.0,125.0,-69.0,117.0,55.0,-139.0,801.0,195.0,129.0,93.0
-17.0,23.0,-75.0,100.0,97.0,-91.0,1350.0,60.0,136.0,112.0
-22.0,-171.0,-56.0,123.0,-104.0,-209.0,1383.0,-24.0,122.0,136.0
-6.0,55.0,-50.0,121.0,-2.0,-253.0,973.0,24.0,115.0,158.0
7.0,35.0,-40.0,109.0,-6.0,-222.0,584.0,-92.0,91.0,168.0
3.0,-48.0,13.0,128.0,2.0,6.0,476.0,-64.0,84.0,169.0
2.0,115.0,0.0,118.0,102.0,150.0,282.0,-60.0,72.0,163.0
12.0,-258.0,0.0,105.0,-99.0,102.0,174.0,-12.0,39.0,155.0
38.0,-359.0,20.0,89.0,-42.0,20.0,-50.0,27.0,42.0,151.0
57.0,-90.0,6.0,80.0,110.0,-4.0,-375.0,-40.0,34.0,145.0
63.0,-136.0,26.0,69.0,-10.0,-29.0,-465.0,-35.0,34.0,143.0
76.0,-237.0,-4.0,16.0,25.0,-143.0,-942.0,-247.0,45.0,153.0
84.0,25.0,-34.0,-5.0,-14.0,-194.0,-1326.0,-308.0,30.0,151.0
76.0,265.0,-47.0,-19.0,-57.0,-62.0,-1015.0,-232.0,17.0,146.0
68.0,-48.0,-39.0,-70.0,-1.0,74.0,-768.0,-127.0,25.0,155.0
76.0,114.0,-71.0,-106.0,-140.0,62.0,-847.0,40.0,30.0,154.0
93.0,367.0,-95.0,-152.0,-138.0,113.0,-956.0,38.0,16.0,139.0
107.0,146.0,-26.0,-208.0,19.0,247.0,-456.0,127.0,14.0,122.0
133.0,169.0,-10.0,-208.0,71.0,385.0,233.0,190.0,11.0,108.0
133.0,44.0,30.0,-173.0,-46.0,404.0,416.0,260.0,10.0,96.0
126.0,-117.0,16.0,-116.0,-101.0,214.0,420.0,96.0,16.0,87.0
111.0,-46.0,1.0,-69.0,30.0,196.0,326.0,-199.0,9.0,69.0
114.0,-90.0,63.0,-58.0,-12.0,264.0,356.0,-251.0,3.0,48.0
123.0,-78.0,41.0,-58.0,-96.0,112.0,376.0,-194.0,-5.0,40.0
123.0,-37.0,17.0,-100.0,-129.0,-119.0,360.0,142.0,-16.0,34.0
133.0,-193.0,-4.0,-100.0,-68.0,-50.0,431.0,284.0,-25.0,22.0
120.0,-101.0,18.0,-76.0,100.0,300.0,278.0,334.0,-42.0,6.0
127.0,29.0,27.0,-120.0,65.0,352.0,137.0,399.0,-50.0,7.0
117.0,-68.0,6.0,-148.0,-79.0,194.0,16.0,362.0,-58.0,1.0
129.0,6.0,39.0,-187.0,-76.0,220.0,-53.0,469.0,-68.0,-40.0
131.0,-91.0,-13.0,-223.0,95.0,381.0,112.0,485.0,-91.0,-64.0
123.0,-151.0,-8.0,-224.0,-1.0,375.0,-34.0,524.0,-111.0,-82.0
136.0,-32.0,0.0,-168.0,-174.0,229.0,-451.0,375.0,-121.0,-97.0
134.0,-48.0,-31.0,-76.0,-103.0,202.0,-537.0,206.0,-153.0,-108.0
141.0,-114.0,-16.0,-49.0,-65.0,196.0,-361.0,129.0,-156.0,-130.0
134.0,-189.0,-55.0,-39.0,34.0,210.0,-70.0,-7.0,-164.0,-155.0
134.0,-60.0,-81.0,-56.0,-46.0,206.0,-104.0,40.0,-174.0,-187.0
125.0,-6.0,-136.0,-80.0,-163.0,251.0,-399.0,-131.0,-140.0,-182.0
111.0,65.0,-118.0,-108.0,4.0,327.0,-462.0,-290.0,-127.0,-173.0
101.0,7.0,-75.0,-128.0,21.0,330.0,-423.0,-352.0,-107.0,-192.0
113.0,-107.0,-58.0,-94.0,-57.0,314.0,-87.0,-448.0,-76.0,-171.0
103.0,125.0,-13.0,-47.0,-51.0,214.0,292.0,-395.0,-77.0,-115.0
96.0,53.0,-36.0,28.0,13.0,250.0,425.0,-267.0,-79.0,-77.0
83.0,90.0,-21.0,93.0,100.0,469.0,286.0,81.0,-75.0,-67.0
78.0,179.0,-56.0,111.0,57.0,659.0,85.0,301.0,-82.0,-72.0
81.0,18.0,-102.0,96.0,17.0,653.0,334.0,456.0,-81.0,-42.0
43.0,26.0,-90.0,117.0,72.0,619.0,434.0,484.0,-86.0,-4.0
42.0,-205.0,-115.0,110.0,68.0,613.0,254.0,199.0,-98.0,-11.0
12.0,-242.0,-78.0,52.0,-2.0,553.0,76.0,27.0,-85.0,-14.0
7.0,128.0,-43.0,35.0,-22.0,602.0,-108.0,-227.0,-70.0,1.0
5.0,98.0,-42.0,4.0,-36.0,550.0,-31.0,-260.0,-79.0,15.0
0.0,-94.0,-29.0,13.0,42.0,414.0,12.0,-59.0,-80.0,26.0
3.0,-35.0,-9.0,65.0,50.0,354.0,-53.0,133.0,-61.0,39.0
-10.0,5.0,8.0,54.0,-30.0,496.0,-132.0,277.0,-74.0,30.0
0.0,-120.0,-48.0,-10.0,78.0,504.0,-115.0,75.0,-57.0,9.0
-23.0,-134.0,-71.0,-66.0,86.0,230.0,14.0,-68.0,-20.0,16.0
-32.0,-127.0,-58.0,-44.0,8.0,166.0,-219.0,-258.0,-25.0,25.0
-39.0,-161.0,-72.0,54.0,-5.0,247.0,-172.0,-291.0,-10.0,17.0
-36.0,123.0,-63.0,114.0,41.0,352.0,235.0,-90.0,-6.0,-17.0
-31.0,124.0,-46.0,124.0,113.0,347.0,113.0,38.0,-21.0,-32.0
-48.0,99.0,-10.0,85.0,69.0,374.0,-10.0,295.0,-22.0,-46.0
-31.0,403.0,-34.0,1.0,-7.0,406.0,142.0,271.0,-14.0,-85.0
-8.0,297.0,-49.0,0.0,63.0,258.0,364.0,153.0,-4.0,-127.0
-3.0,181.0,-31.0,29.0,164.0,204.0,320.0,-12.0,-9.0,-165.0
14.0,346.0,-64.0,16.0,9.0,314.0,-93.0,-134.0,-23.0,-180.0
21.0,374.0,-78.0,-10.0,-41.0,436.0,-298.0,-12.0,-38.0,-199.0
18.0,332.0,-94.0,-42.0,62.0,223.0,-529.0,99.0,-53.0,-201.0
27.0,347.0,-96.0,-38.0,67.0,-54.0,-571.0,461.0,-69.0,-178.0
43.0,57.0,-94.0,-34.0,70.0,-12.0,-334.0,600.0,-79.0,-144.0
62.0,66.0,-62.0,-20.0,-37.0,213.0,-272.0,504.0,-84.0,-110.0
72.0,110.0,-24.0,26.0,-46.0,375.0,-233.0,301.0,-100.0,-68.0
77.0,-228.0,-68.0,31.0,124.0,322.0,-419.0,-40.0,-90.0,-7.0
71.0,-104.0,-58.0,13.0,52.0,245.0,-503.0,-229.0,-84.0,39.0
76.0,-223.0,-39.0,15.0,-117.0,217.0,-248.0,-495.0,-111.0,71.0
54.0,-287.0,-70.0,31.0,-73.0,216.0,84.0,-528.0,-114.0,113.0
70.0,-141.0,-43.0,105.0,-21.0,64.0,300.0,-412.0,-133.0,145.0
93.0,-281.0,-35.0,128.0,14.0,-98.0,-52.0,-160.0,-142.0,145.0
104.0,-338.0,-37.0,127.0,15.0,-116.0,-112.0,138.0,-126.0,149.0
111.0,-235.0,-49.0,176.0,-78.0,-125.0,387.0,243.0,-134.0,154.0
92.0,-178.0,-30.0,149.0,59.0,-94.0,490.0,295.0,-147.0,142.0
92.0,-372.0,-7.0,130.0,151.0,-54.0,525.0,0.0,-141.0,117.0
69.0,-109.0,15.0,124.0,1.0,125.0,604.0,-166.0,-119.0,97.0
64.0,-84.0,65.0,107.0,-45.0,200.0,542.0,-194.0,-116.0,91.0
42.0,-207.0,5.0,106.0,0.0,58.0,251.0,-219.0,-115.0,104.0
62.0,216.0,36.0,82.0,41.0,68.0,-111.0,-46.0,-112.0,113.0
49.0,238.0,41.0,31.0,-24.0,187.0,-38.0,90.0,-102.0,125.0
14.0,97.0,34.0,1.0,-39.0,211.0,-195.0,243.0,-97.0,141.0
5.0,111.0,72.0,-17.0,1.0,113.0,-472.0,42.0,-105.0,133.0
-18.0,232.0,30.0,-58.0,-17.0,194.0,-444.0,-232.0,-92.0,118.0
-15.0,123.0,54.0,-50.0,-40.0,362.0,-560.0,-332.0,-71.0,98.0
-45.0,-65.0,8.0,-51.0,-79.0,247.0,-427.0,-275.0,-63.0,83.0
-45.0,96.0,-20.0,-50.0,-32.0,-15.0,-296.0,46.0,-49.0,52.0
-38.0,167.0,-49.0,-55.0,40.0,-120.0,-430.0,112.0,-31.0,18.0
-24.0,141.0,-48.0,-21.0,14.0,-58.0,-426.0,92.0,-27.0,-13.0
-37.0,-21.0,-25.0,40.0,-109.0,-65.0,-356.0,-97.0,-13.0,-66.0
-52.0,-195.0,-17.0,18.0,-90.0,-14.0,1.0,-319.0,7.0,-126.0
-48.0,-213.0,53.0,28.0,65.0,153.0,244.0,-303.0,27.0,-172.0
-41.0,-300.0,31.0,34.0,26.0,198.0,258.0,-293.0,42.0,-205.0
-46.0,-553.0,51.0,45.0,-108.0,143.0,335.0,1.0,47.0,-238.0
-55.0,-718.0,74.0,90.0,-115.0,129.0,241.0,158.0,38.0,-239.0
-18.0,-675.0,28.0,123.0,-26.0,247.0,520.0,151.0,41.0,-223.0
-14.0,-558.0,9.0,136.0,-11.0,256.0,763.0,214.0,38.0,-186.0
-5.0,-431.0,47.0,143.0,-157.0,-19.0,511.0,168.0,13.0,-148.0
-25.0,-437.0,30.0,179.0,-132.0,-223.0,217.0,206.0,-1.0,-114.0
-8.0,-139.0,-23.0,208.0,77.0,-136.0,-149.0,131.0,-18.0,-68.0
0.0,171.0,-37.0,193.0,15.0,-85.0,-171.0,29.0,-14.0,-47.0
-26.0,155.0,-54.0,146.0,-85.0,-199.0,-93.0,-153.0,-24.0,-28.0
-51.0,177.0,-59.0,121.0,-41.0,-170.0,-233.0,-232.0,-40.0,-15.0
-78.0,288.0,-59.0,138.0,-5.0,41.0,-339.0,-182.0,-38.0,-17.0
-69.0,500.0,-23.0,173.0,44.0,109.0,-590.0,-328.0,-39.0,-19.0
-95.0,520.0,-54.0,134.0,-15.0,-47.0,-690.0,-194.0,-56.0,-30.0
-83.0,394.0,-74.0,82.0,-137.0,-125.0,-618.0,-16.0,-50.0,-22.0
-58.0,155.0,-78.0,49.0,-84.0,-9.0,-457.0,145.0,-33.0,-43.0
-53.0,105.0,-114.0,25.0,24.0,33.0,-339.0,201.0,-47.0,-79.0
-53.0,159.0,-55.0,20.0,-59.0,-11.0,-633.0,16.0,-26.0,-102.0
-43.0,-84.0,-30.0,-29.0,-103.0,158.0,-735.0,-57.0,-40.0,-126.0
-25.0,-26.0,-36.0,-86.0,-52.0,338.0,-475.0,-125.0,-39.0,-134.0
-9.0,48.0,-66.0,-149.0,-43.0,266.0,-100.0,27.0,-31.0,-150.0
-7.0,-45.0,-109.0,-171.0,53.0,147.0,215.0,110.0,-56.0,-158.0
-8.0,-62.0,-98.0,-166.0,-66.0,248.0,11.0,188.0,-66.0,-181.0
8.0,-273.0,-100.0,-103.0,-194.0,448.0,-185.0,325.0,-80.0,-218.0
-7.0,-382.0,-68.0,14.0,114.0,366.0,-158.0,388.0,-81.0,-238.0
-3.0,-342.0,-96.0,27.0,94.0,158.0,-48.0,576.0,-106.0,-244.0
0.0,-410.0,-150.0,24.0,-131.0,116.0,240.0,478.0,-96.0,-253.0
5.0,-380.0,-175.0,29.0,68.0,167.0,52.0,291.0,-121.0,-284.0
18.0,-191.0,-183.0,-10.0,152.0,166.0,-196.0,-48.0,-141.0,-296.0
-5.0,-203.0,-120.0,-42.0,64.0,105.0,-143.0,-341.0,-118.0,-301.0
-23.0,-231.0,-82.0,-81.0,-9.0,15.0,-330.0,-203.0,-119.0,-291.0
-28.0,-56.0,-90.0,-131.0,-106.0,60.0,-376.0,59.0,-88.0,-276.0
-58.0,-80.0,-105.0,-187.0,12.0,167.0,-266.0,260.0,-90.0,-271.0
-94.0,-210.0,-102.0,-206.0,127.0,163.0,-204.0,-14.0,-74.0,-254.0
-115.0,-156.0,-130.0,-144.0,20.0,183.0,-238.0,-308.0,-80.0,-262.0
-125.0,9.0,-110.0,-109.0,-30.0,69.0,-455.0,-404.0,-84.0,-257.0
-136.0,55.0,-81.0,-112.0,73.0,-118.0,-361.0,-530.0,-72.0,-234.0
-141.0,0.0,-152.0,-134.0,149.0,-246.0,-105.0,-521.0,-77.0,-224.0
-131.0,28.0,-150.0,-187.0,85.0,-181.0,8.0,-471.0,-37.0,-219.0
-150.0,5.0,-130.0,-192.0,-19.0,-64.0,6.0,-205.0,-39.0,-192.0
-153.0,10.0,-125.0,-179.0,-82.0,-263.0,-193.0,107.0,-4.0,-155.0
-156.0,76.0,-12.0,-173.0,19.0,-325.0,-149.0,400.0,19.0,-149.0
-155.0,30.0,12.0,-173.0,10.0,-166.0,62.0,515.0,23.0,-145.0
-144.0,108.0,-26.0,-203.0,-165.0,-143.0,109.0,216.0,61.0,-138.0
-123.0,141.0,-26.0,-202.0,24.0,-332.0,-152.0,118.0,69.0,-140.0
-92.0,-4.0,-85.0,-150.0,201.0,-326.0,-536.0,70.0,92.0,-164.0
-81.0,-30.0,-79.0,-44.0,8.0,-43.0,-399.0,-48.0,108.0,-187.0
-69.0,-16.0,5.0,75.0,-168.0,-18.0,-249.0,-127.0,137.0,-190.0
-105.0,-117.0,-27.0,119.0,-42.0,-171.0,-183.0,-227.0,137.0,-204.0
-124.0,-207.0,-75.0,64.0,89.0,-212.0,-12.0,-219.0,126.0,-213.0
-100.0,-54.0,-21.0,-31.0,-31.0,-29.0,-95.0,-264.0,135.0,-209.0
-69.0,-56.0,-80.0,-93.0,-47.0,22.0,-172.0,-206.0,116.0,-194.0
-55.0,9.0,-19.0,-93.0,-24.0,-123.0,-248.0,-467.0,99.0,-175.0
-59.0,196.0,65.0,-58.0,-1.0,-148.0,-96.0,-779.0,72.0,-158.0
-47.0,-197.0,-8.0,-63.0,111.0,-110.0,185.0,-801.0,67.0,-108.0
-34.0,-252.0,11.0,-93.0,-54.0,6.0,151.0,-742.0,62.0,-63.0
-29.0,41.0,6.0,-66.0,-195.0,-28.0,51.0,-107.0,48.0,-19.0
-51.0,-107.0,-10.0,-17.0,19.0,-111.0,-4.0,445.0,55.0,33.0
-43.0,-173.0,16.0,18.0,31.0,-100.0,8.0,687.0,55.0,66.0
-33.0,-223.0,106.0,114.0,-94.0,-164.0,-3.0,681.0,63.0,103.0
-23.0,-349.0,78.0,204.0,12.0,-141.0,-95.0,375.0,60.0,119.0
4.0,-384.0,17.0,190.0,79.0,-64.0,-109.0,96.0,48.0,128.0
26.0,-365.0,4.0,161.0,74.0,-6.0,-281.0,-352.0,31.0,132.0
47.0,-235.0,-56.0,174.0,34.0,14.0,-455.0,-548.0,-1.0,112.0
35.0,-78.0,7.0,145.0,-100.0,2.0,-285.0,-515.0,-33.0,92.0
27.0,140.0,33.0,79.0,5.0,51.0,-199.0,-262.0,-49.0,66.0
24.0,129.0,-10.0,26.0,91.0,189.0,-157.0,105.0,-40.0,33.0
36.0,26.0,10.0,-55.0,-180.0,275.0,-209.0,253.0,-45.0,-19.0
43.0,164.0,-5.0,-108.0,-175.0,194.0,-422.0,293.0,-45.0,-55.0
40.0,192.0,-23.0,-124.0,52.0,206.0,-314.0,-35.0,-30.0,-74.0
57.0,133.0,24.0,-122.0,40.0,245.0,-33.0,-158.0,-10.0,-125.0
57.0,35.0,52.0,-107.0,-2.0,133.0,135.0,-59.0,13.0,-159.0
45.0,105.0,50.0,-51.0,-50.0,-179.0,-149.0,-105.0,26.0,-182.0
31.0,297.0,35.0,-25.0,-45.0,-390.0,-390.0,-24.0,60.0,-203.0
37.0,273.0,78.0,-34.0,50.0,-230.0,-201.0,51.0,84.0,-208.0
35.0,291.0,71.0,33.0,29.0,-262.0,-152.0,129.0,115.0,-194.0
18.0,144.0,87.0,72.0,-56.0,-444.0,-60.0,40.0,151.0,-167.0
9.0,-23.0,125.0,54.0,-84.0,-475.0,-4.0,-72.0,169.0,-138.0
-5.0,-17.0,81.0,-11.0,57.0,-423.0,-62.0,-216.0,185.0,-93.0
-14.0,-308.0,25.0,-76.0,32.0,-415.0,-142.0,-299.0,188.0,-50.0
-44.0,-329.0,21.0,-84.0,-177.0,-443.0,-335.0,-31.0,192.0,11.0
-65.0,-77.0,-2.0,-80.0,-58.0,-279.0,-355.0,134.0,185.0,59.0
-79.0,-269.0,-51.0,-58.0,50.0,12.0,-497.0,288.0,195.0,67.0
-65.0,-401.0,63.0,-26.0,-46.0,182.0,-532.0,267.0,174.0,90.0
-42.0,-300.0,-14.0,-16.0,-104.0,70.0,-347.0,131.0,153.0,88.0
-60.0,-99.0,-25.0,-25.0,-53.0,89.0,-574.0,66.0,140.0,86.0
-63.0,63.0,14.0,6.0,35.0,190.0,-551.0,-267.0,93.0,79.0
-79.0,24.0,-99.0,-8.0,7.0,149.0,-230.0,-493.0,84.0,51.0
-73.0,169.0,-52.0,-25.0,-14.0,75.0,-48.0,-561.0,69.0,41.0
-86.0,233.0,-42.0,-20.0,16.0,-116.0,112.0,-321.0,70.0,23.0
-104.0,321.0,-61.0,-115.0,78.0,-160.0,205.0,-12.0,75.0,-1.0
-116.0,298.0,-38.0,-156.0,40.0,-282.0,450.0,-64.0,54.0,-22.0
-113.0,213.0,-11.0,-107.0,-21.0,-583.0,477.0,-181.0,53.0,-56.0
-93.0,414.0,-45.0,-33.0,16.0,-599.0,394.0,-397.0,60.0,-105.0
-122.0,108.0,-44.0,55.0,5.0,-387.0,467.0,-439.0,43.0,-130.0
-99.0,-74.0,6.0,118.0,55.0,-113.0,373.0,-378.0,19.0,-130.0
-98.0,27.0,57.0,102.0,7.0,65.0,295.0,-171.0,19.0,-137.0
-99.0,106.0,57.0,69.0,-61.0,168.0,154.0,134.0,-12.0,-141.0
-109.0,179.0,53.0,88.0,121.0,287.0,6.0,114.0,-40.0,-138.0
-102.0,53.0,58.0,99.0,195.0,288.0,16.0,75.0,-44.0,-129.0
-71.0,185.0,18.0,121.0,14.0,147.0,-12.0,-147.0,-58.0,-126.0
-73.0,87.0,46.0,144.0,-66.0,-26.0,-102.0,-362.0,-57.0,-115.0
-72.0,-102.0,37.0,161.0,54.0,-100.0,-445.0,-471.0,-74.0,-103.0
-89.0,-148.0,45.0,111.0,112.0,-62.0,-702.0,-426.0,-97.0,-108.0
-61.0,-154.0,69.0,33.0,-11.0,7.0,-473.0,9.0,-98.0,-112.0
-56.0,-115.0,71.0,-17.0,-136.0,0.0,-378.0,218.0,-109.0,-102.0
-38.0,-228.0,48.0,-87.0,44.0,-35.0,-311.0,269.0,-130.0,-90.0
-33.0,-186.0,26.0,-130.0,211.0,-72.0,-196.0,120.0,-123.0,-98.0
-26.0,-86.0,42.0,-128.0,80.0,-169.0,-163.0,-29.0,-101.0,-95.0
-11.0,-107.0,9.0,-96.0,33.0,-106.0,38.0,133.0,-100.0,-71.0
-44.0,-294.0,30.0,-52.0,101.0,25.0,37.0,242.0,-94.0,-65.0
-50.0,-464.0,29.0,-14.0,153.0,22.0,74.0,306.0,-73.0,-78.0
-50.0,-409.0,-3.0,6.0,112.0,-27.0,123.0,35.0,-58.0,-80.0
-53.0,-276.0,-7.0,-19.0,17.0,137.0,23.0,-186.0,-26.0,-76.0
-82.0,-277.0,-41.0,-59.0,0.0,448.0,24.0,-153.0,5.0,-86.0
-68.0,-214.0,-56.0,-33.0,72.0,383.0,-155.0,0.0,32.0,-118.0
-60.0,21.0,-29.0,23.0,87.0,202.0,-252.0,334.0,62.0,-152.0
-34.0,130.0,-53.0,62.0,-80.0,219.0,-336.0,373.0,91.0,-175.0
-42.0,236.0,-32.0,51.0,-44.0,270.0,-525.0,321.0,104.0,-209.0
-70.0,218.0,0.0,34.0,125.0,185.0,-475.0,53.0,111.0,-227.0
-63.0,213.0,-61.0,51.0,67.0,47.0,-375.0,-238.0,120.0,-236.0
-80.0,437.0,-51.0,44.0,-90.0,229.0,-229.0,-236.0,113.0,-255.0
-74.0,466.0,-74.0,55.0,-112.0,287.0,-88.0,-184.0,103.0,-260.0
-94.0,406.0,-81.0,55.0,103.0,-49.0,130.0,40.0,94.0,-258.0
-82.0,353.0,-36.0,31.0,112.0,-196.0,463.0,109.0,90.0,-244.0
-110.0,317.0,-40.0,43.0,-56.0,47.0,365.0,195.0,91.0,-233.0
-137.0,153.0,-56.0,40.0,-50.0,139.0,219.0,181.0,88.0,-215.0
-164.0,-23.0,-62.0,57.0,13.0,-248.0,308.0,-55.0,91.0,-172.0
-190.0,62.0,-40.0,72.0,76.0,-394.0,356.0,-129.0,105.0,-138.0
-196.0,-67.0,-54.0,28.0,-41.0,-117.0,368.0,-175.0,117.0,-113.0
-229.0,25.0,-10.0,19.0,-126.0,-76.0,43.0,-29.0,113.0,-78.0
-198.0,122.0,-4.0,-31.0,-28.0,-237.0,-134.0,59.0,111.0,-46.0
-190.0,-100.0,-49.0,-152.0,53.0,-164.0,49.0,145.0,121.0,-12.0
-160.0,-19.0,-19.0,-210.0,18.0,10.0,185.0,345.0,128.0,33.0
-145.0,49.0,-43.0,-194.0,-170.0,-108.0,322.0,480.0,137.0,67.0
-134.0,85.0,-80.0,-151.0,-56.0,-388.0,284.0,698.0,140.0,108.0
-107.0,-47.0,-61.0,-118.0,185.0,-417.0,363.0,637.0,126.0,130.0
-102.0,-51.0,-47.0,-83.0,40.0,-252.0,551.0,397.0,124.0,146.0
-86.0,149.0,-24.0,-77.0,-145.0,-244.0,467.0,86.0,104.0,173.0
-75.0,3.0,-1.0,-56.0,-87.0,-376.0,358.0,-179.0,79.0,179.0
-38.0,-8.0,-37.0,-34.0,76.0,-317.0,186.0,-203.0,56.0,182.0
-20.0,-24.0,-33.0,-38.0,78.0,-19.0,31.0,-121.0,9.0,188.0
11.0,-111.0,-26.0,-27.0,-131.0,154.0,-111.0,92.0,-14.0,206.0
33.0,42.0,-50.0,-32.0,-112.0,54.0,-396.0,125.0,-14.0,180.0
49.0,-36.0,-57.0,-18.0,111.0,-42.0,-539.0,195.0,-17.0,144.0
77.0,-177.0,-73.0,-25.0,24.0,70.0,-626.0,206.0,-17.0,151.0
108.0,-159.0,-72.0,-56.0,-152.0,198.0,-486.0,24.0,-5.0,136.0
140.0,-201.0,-71.0,-86.0,-103.0,181.0,-461.0,75.0,6.0,111.0
142.0,-131.0,-75.0,-55.0,28.0,169.0,-763.0,140.0,5.0,106.0
143.0,-213.0,-95.0,62.0,103.0,275.0,-587.0,367.0,16.0,131.0
122.0,-264.0,-103.0,139.0,-40.0,363.0,-278.0,500.0,34.0,138.0
128.0,-159.0,-42.0,159.0,-137.0,275.0,15.0,380.0,35.0,134.0
116.0,-223.0,-19.0,79.0,8.0,253.0,192.0,171.0,52.0,142.0
119.0,-134.0,-44.0,-52.0,46.0,295.0,149.0,-49.0,76.0,130.0
150.0,-143.0,-17.0,-131.0,2.0,212.0,342.0,48.0,90.0,129.0
143.0,-206.0,-5.0,-143.0,-37.0,155.0,381.0,120.0,103.0,133.0
153.0,-113.0,20.0,-76.0,-23.0,229.0,384.0,406.0,96.0,132.0
132.0,-281.0,44.0,15.0,48.0,331.0,296.0,582.0,107.0,111.0
115.0,-312.0,7.0,119.0,-49.0,164.0,184.0,397.0,110.0,74.0
75.0,-20.0,-13.0,134.0,-132.0,-66.0,286.0,240.0,97.0,53.0
43.0,220.0,-52.0,88.0,-57.0,0.0,171.0,-99.0,93.0,37.0
40.0,287.0,-49.0,72.0,20.0,146.0,257.0,-179.0,60.0,-2.0
48.0,200.0,-39.0,53.0,-33.0,103.0,472.0,-103.0,45.0,-39.0
86.0,197.0,-17.0,62.0,-71.0,6.0,580.0,48.0,33.0,-47.0
97.0,63.0,-1.0,48.0,-20.0,78.0,623.0,293.0,14.0,-39.0
103.0,61.0,-76.0,-1.0,4.0,-31.0,449.0,447.0,-3.0,-22.0
80.0,189.0,-41.0,15.0,-13.0,-280.0,526.0,639.0,-22.0,-16.0
87.0,-54.0,-31.0,84.0,-91.0,-281.0,604.0,533.0,-25.0,7.0
96.0,-98.0,-38.0,120.0,-56.0,-172.0,461.0,428.0,-32.0,27.0
114.0,21.0,28.0,144.0,25.0,-206.0,437.0,371.0,-28.0,44.0
144.0,-23.0,-14.0,94.0,34.0,-332.0,320.0,262.0,-21.0,68.0
158.0,-52.0,1.0,0.0,0.0,-272.0,167.0,314.0,-38.0,81.0
161.0,88.0,40.0,-10.0,35.0,-221.0,-46.0,253.0,-66.0,92.0
136.0,203.0,13.0,20.0,165.0,-211.0,-147.0,299.0,-56.0,87.0
135.0,91.0,3.0,72.0,111.0,-192.0,-73.0,339.0,-34.0,112.0
122.0,156.0,-5.0,80.0,-24.0,-219.0,-321.0,439.0,-22.0,118.0
129.0,213.0,-36.0,52.0,-3.0,-73.0,-425.0,657.0,-4.0,89.0
120.0,148.0,-80.0,47.0,125.0,125.0,-369.0,639.0,3.0,91.0
132.0,187.0,-95.0,51.0,75.0,181.0,-294.0,626.0,32.0,102.0
153.0,-93.0,-133.0,84.0,-61.0,111.0,-155.0,338.0,59.0,91.0
143.0,-381.0,-110.0,62.0,42.0,100.0,-327.0,-46.0,53.0,54.0
120.0,-233.0,-68.0,-33.0,73.0,179.0,-284.0,-382.0,46.0,51.0
73.0,-150.0,-70.0,-118.0,0.0,186.0,-112.0,-567.0,52.0,71.0
58.0,-205.0,-38.0,-166.0,-7.0,104.0,-12.0,-267.0,49.0,69.0
49.0,-156.0,-64.0,-172.0,-119.0,49.0,98.0,81.0,59.0,44.0
55.0,-211.0,-93.0,-111.0,-49.0,39.0,-56.0,526.0,76.0,34.0
48.0,-229.0,-75.0,-34.0,134.0,-37.0,-2.0,694.0,84.0,22.0
47.0,3.0,-44.0,8.0,-17.0,-57.0,132.0,617.0,97.0,-23.0
32.0,0.0,-44.0,124.0,-50.0,31.0,165.0,404.0,116.0,-34.0
12.0,-8.0,-22.0,282.0,154.0,0.0,289.0,-27.0,139.0,-14.0
-9.0,118.0,0.0,415.0,136.0,-20.0,405.0,-109.0,145.0,-19.0
-30.0,186.0,-29.0,473.0,41.0,22.0,733.0,-55.0,152.0,-36.0
-14.0,266.0,9.0,354.0,-41.0,-27.0,823.0,227.0,147.0,-32.0
-14.0,275.0,-2.0,173.0,2.0,-128.0,763.0,452.0,136.0,-37.0
-4.0,403.0,7.0,86.0,191.0,-279.0,934.0,380.0,124.0,-62.0
-3.0,393.0,38.0,120.0,75.0,-373.0,982.0,232.0,125.0,-69.0
7.0,372.0,34.0,216.0,-71.0,-248.0,987.0,12.0,127.0,-55.0
4.0,282.0,73.0,284.0,122.0,-43.0,631.0,44.0,117.0,-39.0
-8.0,4.0,42.0,265.0,136.0,58.0,205.0,51.0,136.0,-38.0
0.0,20.0,45.0,169.0,-20.0,199.0,92.0,206.0,141.0,-21.0
2.0,74.0,49.0,78.0,-13.0,308.0,-48.0,426.0,138.0,14.0
12.0,19.0,54.0,51.0,-24.0,319.0,-169.0,565.0,132.0,51.0
27.0,-102.0,58.0,86.0,41.0,250.0,-536.0,835.0,116.0,84.0
34.0,-135.0,13.0,89.0,36.0,112.0,-734.0,929.0,116.0,104.0
30.0,-80.0,9.0,-5.0,-21.0,123.0,-596.0,970.0,107.0,142.0
21.0,-44.0,5.0,-74.0,70.0,61.0,-657.0,720.0,88.0,187.0
19.0,145.0,0.0,-58.0,10.0,-59.0,-636.0,419.0,79.0,224.0
30.0,127.0,6.0,-2.0,21.0,-30.0,-581.0,282.0,77.0,254.0
0.0,84.0,13.0,72.0,29.0,43.0,-421.0,110.0,64.0,261.0
0.0,328.0,0.0,82.0,-73.0,91.0,-222.0,125.0,56.0,256.0
7.0,353.0,38.0,18.0,68.0,99.0,-366.0,18.0,64.0,249.0
-4.0,317.0,41.0,-45.0,13.0,48.0,-365.0,-81.0,74.0,248.0
-9.0,445.0,29.0,-52.0,-115.0,-123.0,-271.0,-110.0,63.0,228.0
-22.0,406.0,61.0,3.0,49.0,-217.0,-121.0,-101.0,61.0,196.0
-11.0,180.0,33.0,79.0,61.0,-143.0,84.0,22.0,69.0,188.0
-9.0,-47.0,58.0,141.0,30.0,-7.0,56.0,53.0,55.0,183.0
-12.0,-89.0,66.0,193.0,39.0,145.0,260.0,206.0,48.0,180.0
-20.0,32.0,51.0,204.0,-45.0,174.0,520.0,218.0,42.0,169.0
-15.0,0.0,67.0,199.0,19.0,74.0,678.0,308.0,45.0,152.0
-10.0,-135.0,90.0,188.0,52.0,-2.0,673.0,519.0,55.0,157.0
-14.0,-118.0,101.0,166.0,-12.0,100.0,628.0,482.0,53.0,179.0
-2.0,29.0,86.0,123.0,39.0,260.0,942.0,533.0,54.0,204.0
-5.0,51.0,73.0,87.0,47.0,257.0,936.0,434.0,53.0,241.0
-21.0,-99.0,45.0,90.0,77.0,299.0,742.0,351.0,48.0,301.0
-33.0,24.0,55.0,55.0,78.0,315.0,578.0,205.0,50.0,347.0
-28.0,55.0,69.0,11.0,-25.0,217.0,327.0,-92.0,57.0,366.0
-16.0,-84.0,55.0,-51.0,91.0,304.0,361.0,-179.0,50.0,390.0
-16.0,-21.0,70.0,-102.0,82.0,417.0,303.0,-221.0,42.0,409.0
-10.0,-102.0,50.0,-61.0,-4.0,298.0,199.0,90.0,60.0,408.0
11.0,-170.0,25.0,12.0,106.0,141.0,157.0,465.0,68.0,415.0
31.0,-195.0,46.0,115.0,57.0,208.0,107.0,739.0,73.0,419.0
38.0,-315.0,21.0,188.0,94.0,405.0,211.0,790.0,67.0,404.0
19.0,-332.0,35.0,184.0,82.0,409.0,65.0,473.0,53.0,394.0
2.0,21.0,27.0,169.0,-114.0,179.0,-82.0,238.0,51.0,372.0
-6.0,353.0,20.0,156.0,28.0,118.0,-158.0,-7.0,36.0,350.0
0.0,269.0,55.0,166.0,139.0,279.0,-344.0,68.0,40.0,335.0
24.0,380.0,2.0,191.0,-6.0,322.0,-282.0,266.0,58.0,318.0
57.0,436.0,13.0,213.0,34.0,152.0,-286.0,439.0,58.0,315.0
107.0,329.0,21.0,200.0,32.0,123.0,-327.0,674.0,54.0,306.0
98.0,336.0,-6.0,143.0,72.0,404.0,-363.0,526.0,56.0,309.0
101.0,144.0,-6.0,126.0,155.0,475.0,-369.0,234.0,45.0,299.0
106.0,209.0,-30.0,70.0,-103.0,294.0,-231.0,-221.0,29.0,266.0
89.0,151.0,11.0,-5.0,-25.0,214.0,-397.0,-558.0,29.0,244.0
96.0,-40.0,17.0,11.0,123.0,347.0,-289.0,-569.0,28.0,214.0
101.0,146.0,5.0,43.0,-48.0,436.0,-124.0,-336.0,51.0,206.0
124.0,-16.0,32.0,75.0,-18.0,264.0,-298.0,107.0,80.0,194.0
140.0,-131.0,10.0,102.0,-118.0,200.0,-132.0,288.0,105.0,156.0
145.0,-55.0,25.0,58.0,-59.0,308.0,-142.0,362.0,140.0,139.0
124.0,-122.0,13.0,17.0,165.0,353.0,-224.0,323.0,145.0,144.0
104.0,-112.0,5.0,51.0,-65.0,219.0,-198.0,375.0,153.0,128.0
98.0,-99.0,12.0,132.0,-161.0,177.0,-338.0,537.0,152.0,115.0
79.0,-91.0,-10.0,245.0,30.0,273.0,-274.0,400.0,129.0,124.0
69.0,-112.0,8.0,317.0,15.0,55.0,-302.0,254.0,124.0,122.0
75.0,-97.0,-55.0,315.0,12.0,-220.0,-216.0,70.0,119.0,119.0
101.0,-144.0,-95.0,255.0,-4.0,-176.0,59.0,-99.0,90.0,128.0
119.0,-120.0,-61.0,218.0,-24.0,112.0,130.0,-288.0,69.0,145.0
125.0,-51.0,-70.0,249.0,146.0,274.0,254.0,-376.0,62.0,145.0
112.0,-40.0,-56.0,295.0,34.0,193.0,344.0,-173.0,27.0,146.0
74.0,-57.0,-14.0,311.0,-98.0,179.0,539.0,70.0,-4.0,173.0
58.0,-128.0,-26.0,248.0,17.0,148.0,857.0,419.0,-17.0,193.0
54.0,100.0,-52.0,193.0,21.0,-4.0,959.0,458.0,-29.0,206.0
48.0,306.0,15.0,145.0,3.0,-129.0,952.0,365.0,-31.0,208.0
47.0,100.0,-18.0,76.0,-14.0,-8.0,844.0,343.0,-47.0,209.0
57.0,-139.0,-66.0,74.0,-28.0,256.0,908.0,81.0,-62.0,220.0
76.0,-108.0,-30.0,83.0,31.0,285.0,934.0,-42.0,-47.0,222.0
61.0,-171.0,-78.0,42.0,31.0,98.0,704.0,-179.0,-57.0,205.0
48.0,-338.0,-53.0,-20.0,-41.0,40.0,648.0,-349.0,-83.0,194.0
33.0,-440.0,-18.0,-54.0,9.0,243.0,565.0,-461.0,-92.0,181.0
15.0,-524.0,-25.0,18.0,58.0,379.0,407.0,-325.0,-116.0,149.0
29.0,-215.0,13.0,114.0,47.0,319.0,172.0,94.0,-140.0,119.0
47.0,76.0,5.0,139.0,28.0,250.0,-48.0,192.0,-147.0,85.0
65.0,-15.0,9.0,143.0,13.0,319.0,-127.0,151.0,-159.0,71.0
59.0,108.0,46.0,113.0,89.0,384.0,-313.0,12.0,-167.0,84.0
62.0,436.0,60.0,86.0,24.0,367.0,-444.0,35.0,-137.0,91.0
49.0,361.0,53.0,99.0,23.0,447.0,-620.0,160.0,-123.0,87.0
9.0,256.0,64.0,136.0,125.0,421.0,-696.0,-46.0,-141.0,96.0
-18.0,374.0,91.0,200.0,41.0,229.0,-531.0,-168.0,-104.0,140.0
-44.0,346.0,79.0,251.0,14.0,121.0,-568.0,-310.0,-86.0,186.0
-56.0,304.0,55.0,280.0,-51.0,267.0,-671.0,-279.0,-79.0,216.0
-57.0,341.0,83.0,256.0,-18.0,490.0,-657.0,-210.0,-45.0,228.0
-57.0,366.0,120.0,190.0,145.0,439.0,-512.0,-253.0,-39.0,247.0
-74.0,420.0,77.0,141.0,-60.0,231.0,-362.0,-171.0,-13.0,274.0
-78.0,442.0,98.0,103.0,-130.0,201.0,-413.0,-306.0,13.0,276.0
-87.0,284.0,123.0,116.0,16.0,208.0,-302.0,-262.0,33.0,262.0
-83.0,171.0,128.0,162.0,-72.0,85.0,-175.0,-190.0,62.0,233.0
-76.0,244.0,167.0,131.0,-46.0,127.0,-124.0,-171.0,62.0,220.0
-69.0,348.0,148.0,46.0,18.0,198.0,80.0,-79.0,74.0,216.0
-51.0,125.0,188.0,27.0,-69.0,188.0,174.0,-48.0,117.0,208.0
-28.0,-75.0,182.0,44.0,2.0,194.0,393.0,94.0,123.0,204.0
6.0,-17.0,139.0,-1.0,86.0,131.0,667.0,36.0,118.0,205.0
-1.0,-90.0,96.0,-62.0,-49.0,70.0,766.0,33.0,137.0,230.0
0.0,-110.0,95.0,-51.0,-29.0,54.0,723.0,-129.0,165.0,275.0
4.0,-36.0,103.0,24.0,80.0,146.0,606.0,-347.0,180.0,313.0
34.0,151.0,23.0,118.0,68.0,84.0,693.0,-304.0,148.0,328.0
60.0,201.0,65.0,168.0,3.0,-2.0,576.0,-358.0,141.0,361.0
70.0,43.0,23.0,170.0,-23.0,138.0,251.0,-306.0,130.0,403.0
96.0,168.0,-2.0,128.0,125.0,304.0,-68.0,-380.0,111.0,421.0
102.0,325.0,77.0,61.0,144.0,513.0,-286.0,-447.0,136.0,427.0
108.0,157.0,83.0,5.0,-17.0,546.0,-191.0,-404.0,136.0,433.0
74.0,62.0,104.0,-12.0,-56.0,482.0,-188.0,-291.0,120.0,449.0
73.0,37.0,78.0,-11.0,30.0,398.0,-160.0,-195.0,113.0,439.0
82.0,-25.0,97.0,1.0,28.0,175.0,-93.0,-314.0,113.0,420.0
70.0,-49.0,107.0,22.0,-11.0,74.0,-61.0,-240.0,115.0,405.0
66.0,-64.0,60.0,-23.0,-10.0,81.0,234.0,-192.0,87.0,397.0
96.0,-11.0,81.0,-59.0,14.0,-28.0,319.0,44.0,71.0,401.0
125.0,-151.0,97.0,-82.0,81.0,-202.0,265.0,258.0,65.0,376.0
136.0,-128.0,92.0,-68.0,-38.0,-100.0,247.0,14.0,40.0,355.0
143.0,-61.0,111.0,-34.0,-102.0,155.0,96.0,-190.0,35.0,349.0
119.0,-163.0,116.0,-34.0,3.0,226.0,49.0,-428.0,27.0,336.0
130.0,-12.0,118.0,-13.0,-15.0,148.0,-51.0,-456.0,9.0,321.0
113.0,117.0,94.0,-42.0,-49.0,8.0,-87.0,-419.0,3.0,317.0
101.0,27.0,19.0,-2.0,-22.0,-25.0,1.0,-428.0,0.0,306.0
109.0,-84.0,-1.0,86.0,-20.0,56.0,20.0,-290.0,12.0,283.0
122.0,278.0,-37.0,155.0,77.0,6.0,57.0,-166.0,21.0,279.0
149.0,541.0,-60.0,244.0,99.0,-79.0,72.0,-36.0,30.0,294.0
162.0,199.0,-59.0,228.0,-89.0,-11.0,110.0,-332.0,30.0,293.0
177.0,215.0,-97.0,107.0,-22.0,-41.0,75.0,-654.0,16.0,269.0
187.0,364.0,-64.0,0.0,95.0,-166.0,145.0,-820.0,5.0,269.0
209.0,292.0,-50.0,-42.0,-32.0,-179.0,260.0,-829.0,-20.0,257.0
210.0,200.0,-58.0,-66.0,-72.0,-140.0,225.0,-530.0,-22.0,238.0
208.0,81.0,-21.0,-78.0,-6.0,-93.0,322.0,-513.0,-18.0,203.0
199.0,196.0,0.0,-76.0,58.0,-26.0,342.0,-526.0,-27.0,174.0
207.0,82.0,13.0,-23.0,41.0,34.0,328.0,-670.0,-30.0,173.0
192.0,-88.0,-28.0,4.0,-15.0,47.0,335.0,-670.0,-30.0,135.0
171.0,-121.0,-58.0,0.0,-30.0,81.0,308.0,-216.0,-28.0,107.0
156.0,-220.0,-29.0,8.0,-69.0,10.0,463.0,79.0,-34.0,80.0
133.0,-159.0,-44.0,50.0,-30.0,-77.0,501.0,155.0,-44.0,69.0
127.0,-253.0,-39.0,119.0,46.0,-23.0,342.0,-90.0,-31.0,76.0
87.0,-131.0,-54.0,124.0,-25.0,-13.0,112.0,-351.0,-10.0,68.0
97.0,11.0,-52.0,82.0,-12.0,-37.0,-138.0,-569.0,0.0,81.0
88.0,-28.0,-42.0,-4.0,91.0,-171.0,-305.0,-630.0,26.0,71.0
85.0,15.0,-72.0,-42.0,16.0,-292.0,-490.0,-471.0,29.0,71.0
81.0,-154.0,-43.0,-10.0,-21.0,-425.0,-659.0,-524.0,55.0,97.0
62.0,-94.0,-53.0,54.0,26.0,-522.0,-800.0,-485.0,80.0,91.0
68.0,32.0,-43.0,122.0,-32.0,-426.0,-859.0,-541.0,56.0,75.0
42.0,40.0,2.0,150.0,-22.0,-486.0,-745.0,-541.0,56.0,83.0
37.0,2.0,39.0,69.0,37.0,-547.0,-656.0,-399.0,37.0,86.0
25.0,-4.0,43.0,-65.0,45.0,-570.0,-495.0,-328.0,27.0,72.0
34.0,172.0,51.0,-62.0,90.0,-547.0,-177.0,-112.0,23.0,52.0
30.0,107.0,80.0,18.0,-20.0,-587.0,119.0,-105.0,14.0,26.0
29.0,1.0,39.0,44.0,-89.0,-642.0,347.0,-114.0,33.0,0.0
3.0,52.0,74.0,-1.0,35.0,-513.0,476.0,-97.0,28.0,-18.0
-27.0,46.0,81.0,-27.0,58.0,-440.0,595.0,-107.0,13.0,-21.0
-32.0,-134.0,72.0,-47.0,67.0,-396.0,639.0,-164.0,0.0,-33.0
-32.0,-225.0,78.0,-76.0,72.0,-523.0,659.0,-454.0,10.0,-47.0
-3.0,81.0,22.0,-60.0,5.0,-524.0,720.0,-606.0,5.0,-71.0
-15.0,358.0,29.0,-24.0,45.0,-401.0,614.0,-811.0,-16.0,-78.0
1.0,209.0,17.0,24.0,60.0,-342.0,432.0,-938.0,-30.0,-57.0
-7.0,-2.0,26.0,44.0,-117.0,-316.0,207.0,-1090.0,-40.0,-63.0
1.0,66.0,45.0,48.0,-74.0,-273.0,-15.0,-1201.0,-29.0,-61.0
-2.0,165.0,44.0,25.0,22.0,-86.0,-194.0,-892.0,-30.0,-36.0
6.0,131.0,14.0,26.0,5.0,-150.0,-297.0,-678.0,-4.0,-1.0
47.0,117.0,1.0,97.0,19.0,-279.0,-223.0,-439.0,9.0,13.0
25.0,155.0,39.0,134.0,-68.0,-321.0,-186.0,-219.0,-20.0,17.0
50.0,101.0,29.0,153.0,54.0,-321.0,-284.0,-35.0,-32.0,37.0
64.0,97.0,63.0,153.0,66.0,-366.0,-507.0,31.0,-26.0,56.0
98.0,-20.0,104.0,127.0,-79.0,-454.0,-534.0,-153.0,-23.0,87.0
91.0,-197.0,140.0,116.0,-17.0,-350.0,-257.0,-238.0,-28.0,105.0
89.0,-72.0,181.0,63.0,-37.0,-307.0,-71.0,-384.0,3.0,126.0
100.0,-125.0,174.0,-39.0,7.0,-465.0,59.0,-360.0,16.0,140.0
79.0,-235.0,176.0,-141.0,67.0,-517.0,77.0,-338.0,10.0,148.0
69.0,-101.0,201.0,-242.0,20.0,-199.0,134.0,-332.0,30.0,152.0
50.0,3.0,177.0,-306.0,90.0,-12.0,163.0,-168.0,31.0,129.0
56.0,-135.0,193.0,-298.0,29.0,-173.0,-28.0,-214.0,40.0,127.0
60.0,-253.0,234.0,-234.0,-69.0,-141.0,-46.0,-155.0,25.0,128.0
94.0,41.0,218.0,-109.0,43.0,174.0,-113.0,-169.0,10.0,128.0
87.0,111.0,240.0,-3.0,-3.0,357.0,-210.0,-133.0,31.0,136.0
76.0,5.0,244.0,7.0,-17.0,139.0,-325.0,73.0,19.0,139.0
56.0,142.0,255.0,-42.0,68.0,-41.0,-521.0,0.0,-4.0,142.0
46.0,193.0,250.0,-94.0,-57.0,-18.0,-428.0,-81.0,-17.0,138.0
59.0,199.0,233.0,-159.0,0.0,-104.0,-329.0,-223.0,-16.0,142.0
56.0,65.0,227.0,-218.0,78.0,-219.0,-124.0,-395.0,-23.0,150.0
64.0,-33.0,172.0,-222.0,-67.0,-215.0,104.0,-657.0,-30.0,162.0
59.0,59.0,191.0,-228.0,-82.0,-158.0,196.0,-837.0,-20.0,168.0
68.0,168.0,154.0,-242.0,5.0,-230.0,438.0,-740.0,-27.0,172.0
27.0,314.0,84.0,-226.0,83.0,-231.0,515.0,-654.0,-19.0,202.0
7.0,98.0,83.0,-164.0,62.0,-141.0,525.0,-317.0,-24.0,214.0
-3.0,8.0,58.0,-80.0,12.0,-28.0,543.0,-134.0,-69.0,205.0
-14.0,91.0,44.0,-2.0,57.0,103.0,481.0,-110.0,-80.0,213.0
-24.0,24.0,0.0,8.0,8.0,205.0,355.0,-206.0,-83.0,203.0
-33.0,217.0,36.0,-124.0,-91.0,480.0,-15.0,-596.0,-145.0,170.0
-23.0,96.0,44.0,-267.0,-30.0,576.0,-257.0,-715.0,-167.0,141.0
-26.0,35.0,46.0,-331.0,1.0,501.0,-368.0,-742.0,-157.0,120.0
-11.0,9.0,89.0,-343.0,-22.0,369.0,-406.0,-574.0,-169.0,92.0
-29.0,-177.0,61.0,-262.0,48.0,329.0,-154.0,-325.0,-152.0,62.0
-34.0,-159.0,105.0,-138.0,-2.0,327.0,-15.0,-175.0,-156.0,53.0
-43.0,-166.0,53.0,-24.0,-42.0,55.0,67.0,-5.0,-121.0,54.0
-38.0,39.0,24.0,20.0,59.0,-181.0,132.0,-164.0,-67.0,55.0
-30.0,14.0,36.0,52.0,87.0,-317.0,152.0,-424.0,-37.0,60.0
-13.0,89.0,16.0,68.0,30.0,-81.0,263.0,-635.0,-3.0,63.0
3.0,239.0,46.0,-1.0,-58.0,-35.0,202.0,-371.0,-8.0,78.0
-4.0,54.0,44.0,-89.0,-25.0,-154.0,168.0,149.0,-17.0,103.0
8.0,135.0,49.0,-132.0,143.0,-9.0,54.0,229.0,-54.0,118.0
11.0,180.0,16.0,-86.0,58.0,-18.0,-76.0,-36.0,-67.0,132.0
18.0,140.0,33.0,-55.0,-61.0,54.0,-40.0,-380.0,-80.0,138.0
-4.0,257.0,29.0,-38.0,43.0,110.0,-179.0,-236.0,-111.0,111.0
-12.0,228.0,5.0,-75.0,-2.0,347.0,-216.0,-55.0,-107.0,92.0
-18.0,150.0,25.0,-183.0,-38.0,517.0,-174.0,-267.0,-106.0,72.0
-19.0,190.0,6.0,-252.0,-17.0,429.0,-143.0,-593.0,-92.0,36.0
3.0,-8.0,-35.0,-263.0,-5.0,503.0,-196.0,-578.0,-82.0,10.0
22.0,-393.0,-18.0,-215.0,37.0,446.0,-264.0,-20.0,-78.0,3.0
36.0,-534.0,2.0,-167.0,34.0,139.0,-113.0,365.0,-85.0,0.0
32.0,-401.0,-20.0,-121.0,-52.0,-303.0,-179.0,312.0,-94.0,-36.0
44.0,-432.0,14.0,-87.0,-143.0,-357.0,-258.0,-327.0,-104.0,-81.0
57.0,-459.0,0.0,-16.0,-101.0,-226.0,-360.0,-851.0,-132.0,-155.0
65.0,-357.0,3.0,35.0,-89.0,-284.0,-586.0,-652.0,-142.0,-222.0
55.0,-335.0,12.0,-23.0,-71.0,-328.0,-590.0,-473.0,-155.0,-264.0
65.0,-75.0,-17.0,-81.0,-87.0,-243.0,-465.0,-362.0,-159.0,-325.0
59.0,10.0,-9.0,-163.0,-104.0,91.0,-213.0,-238.0,-152.0,-370.0
66.0,169.0,-30.0,-207.0,-18.0,235.0,-122.0,36.0,-132.0,-404.0
60.0,411.0,-54.0,-182.0,-19.0,333.0,69.0,406.0,-117.0,-437.0
50.0,231.0,-98.0,-204.0,-107.0,506.0,446.0,548.0,-102.0,-469.0
81.0,292.0,-108.0,-170.0,-21.0,553.0,403.0,511.0,-68.0,-489.0
92.0,306.0,-90.0,-152.0,37.0,604.0,293.0,158.0,-54.0,-497.0
96.0,289.0,-117.0,-134.0,-109.0,790.0,241.0,-38.0,-48.0,-547.0
64.0,249.0,-109.0,-42.0,-61.0,1039.0,235.0,-1.0,-46.0,-603.0
63.0,110.0,-109.0,-10.0,118.0,821.0,229.0,-121.0,-40.0,-589.0
52.0,102.0,-123.0,-43.0,135.0,471.0,116.0,-256.0,-45.0,-604.0
40.0,-120.0,-93.0,-82.0,29.0,377.0,99.0,-277.0,-72.0,-652.0
0.0,-84.0,-83.0,-66.0,-18.0,400.0,46.0,-22.0,-72.0,-607.0
-33.0,-275.0,-104.0,-47.0,-18.0,267.0,188.0,179.0,-89.0,-551.0
-9.0,-421.0,-100.0,-27.0,-49.0,-51.0,214.0,192.0,-113.0,-553.0
-2.0,-251.0,-71.0,-10.0,-82.0,-98.0,7.0,162.0,-128.0,-529.0
3.0,-450.0,-64.0,-76.0,-46.0,27.0,-15.0,327.0,-130.0,-443.0
3.0,-207.0,-21.0,-176.0,-15.0,160.0,-116.0,559.0,-115.0,-378.0
6.0,89.0,18.0,-214.0,25.0,164.0,-196.0,330.0,-142.0,-344.0
-25.0,29.0,3.0,-198.0,67.0,181.0,-384.0,99.0,-168.0,-309.0
-36.0,81.0,13.0,-170.0,-30.0,333.0,-420.0,49.0,-169.0,-251.0
-38.0,130.0,29.0,-155.0,-54.0,449.0,-299.0,282.0,-178.0,-202.0
-28.0,111.0,47.0,-139.0,-23.0,511.0,-482.0,585.0,-181.0,-187.0
-25.0,141.0,78.0,-140.0,15.0,471.0,-468.0,384.0,-190.0,-128.0
-12.0,176.0,93.0,-233.0,-50.0,477.0,-514.0,-14.0,-194.0,-67.0
3.0,116.0,97.0,-261.0,-130.0,415.0,-406.0,-526.0,-191.0,-45.0
2.0,-8.0,147.0,-184.0,50.0,185.0,46.0,-613.0,-168.0,-28.0
20.0,-63.0,149.0,-108.0,109.0,-167.0,271.0,-375.0,-138.0,39.0
17.0,-69.0,136.0,-54.0,-60.0,-465.0,452.0,-275.0,-138.0,77.0
38.0,-268.0,176.0,-127.0,-76.0,-537.0,430.0,12.0,-123.0,53.0
41.0,-375.0,138.0,-228.0,74.0,-619.0,391.0,160.0,-100.0,97.0
62.0,-485.0,145.0,-244.0,-10.0,-663.0,260.0,330.0,-71.0,129.0
36.0,-481.0,157.0,-223.0,-143.0,-482.0,-6.0,251.0,-26.0,111.0
41.0,-255.0,131.0,-162.0,-12.0,-274.0,-74.0,-171.0,-17.0,108.0
55.0,-32.0,154.0,-169.0,18.0,-241.0,-326.0,-177.0,0.0,128.0
49.0,241.0,126.0,-208.0,-27.0,-148.0,-418.0,101.0,35.0,146.0
69.0,280.0,121.0,-223.0,86.0,54.0,-399.0,498.0,68.0,119.0
48.0,270.0,128.0,-255.0,-51.0,79.0,-471.0,500.0,92.0,121.0
92.0,136.0,77.0,-174.0,-145.0,-169.0,-448.0,227.0,110.0,163.0
80.0,40.0,51.0,-67.0,81.0,-304.0,-399.0,72.0,128.0,153.0
82.0,1.0,55.0,4.0,4.0,-98.0,-175.0,-84.0,117.0,126.0
77.0,-285.0,36.0,26.0,-57.0,13.0,-207.0,-197.0,103.0,148.0
82.0,-377.0,61.0,-55.0,-2.0,-24.0,-225.0,-511.0,105.0,160.0
75.0,-467.0,58.0,-152.0,-4.0,-175.0,-55.0,-428.0,80.0,138.0
51.0,-587.0,35.0,-245.0,102.0,-419.0,-33.0,199.0,39.0,148.0
61.0,-432.0,74.0,-274.0,8.0,-452.0,190.0,822.0,9.0,176.0
62.0,-237.0,24.0,-239.0,-138.0,-265.0,307.0,971.0,-37.0,169.0
101.0,-147.0,7.0,-169.0,-13.0,-100.0,377.0,521.0,-79.0,127.0
60.0,-58.0,14.0,-118.0,-7.0,-83.0,397.0,243.0,-102.0,141.0
51.0,146.0,8.0,-79.0,-213.0,-22.0,397.0,325.0,-111.0,179.0
24.0,426.0,11.0,42.0,-52.0,177.0,618.0,585.0,-95.0,150.0
8.0,528.0,-21.0,134.0,20.0,352.0,339.0,604.0,-70.0,125.0
3.0,621.0,-10.0,114.0,-120.0,287.0,5.0,484.0,-41.0,128.0
-11.0,544.0,-17.0,18.0,48.0,54.0,-89.0,563.0,-19.0,122.0
-6.0,281.0,-5.0,-66.0,-67.0,-148.0,-191.0,521.0,6.0,89.0
-16.0,130.0,-10.0,-165.0,-133.0,-302.0,-278.0,251.0,20.0,57.0
7.0,-28.0,13.0,-222.0,63.0,-390.0,-561.0,-375.0,47.0,48.0
0.0,-80.0,33.0,-160.0,-40.0,-438.0,-546.0,-702.0,64.0,1.0
12.0,-233.0,16.0,-86.0,-36.0,-457.0,-497.0,-513.0,80.0,-36.0
-15.0,-200.0,63.0,-24.0,58.0,-480.0,-439.0,-33.0,117.0,-40.0
-9.0,-124.0,49.0,-18.0,77.0,-393.0,-162.0,493.0,100.0,-79.0
-9.0,-120.0,35.0,-34.0,55.0,-302.0,-126.0,443.0,84.0,-131.0
-18.0,-5.0,23.0,-48.0,-23.0,-452.0,0.0,413.0,63.0,-161.0
-24.0,1.0,17.0,-72.0,27.0,-515.0,148.0,417.0,43.0,-172.0
-16.0,-79.0,-46.0,-71.0,79.0,-378.0,141.0,258.0,31.0,-201.0
17.0,-456.0,-50.0,-101.0,19.0,-298.0,41.0,12.0,-11.0,-228.0
-15.0,-449.0,-11.0,-126.0,36.0,-351.0,71.0,-356.0,-35.0,-208.0
-17.0,-414.0,-95.0,-146.0,86.0,-231.0,241.0,-291.0,-67.0,-192.0
-40.0,-517.0,-34.0,-189.0,51.0,5.0,-83.0,-171.0,-111.0,-200.0
-16.0,-229.0,-37.0,-164.0,6.0,-12.0,-211.0,-286.0,-146.0,-216.0
-30.0,-151.0,-73.0,-65.0,-89.0,-179.0,-42.0,-585.0,-155.0,-230.0
-38.0,-156.0,-53.0,25.0,-62.0,-371.0,-190.0,-554.0,-155.0,-236.0
-30.0,-165.0,-67.0,41.0,-2.0,-369.0,-186.0,72.0,-172.0,-261.0
-50.0,-184.0,-46.0,-36.0,-116.0,-347.0,-52.0,301.0,-168.0,-287.0
-41.0,-116.0,-69.0,-136.0,-40.0,-432.0,78.0,247.0,-175.0,-314.0
-57.0,5.0,-63.0,-182.0,52.0,-361.0,18.0,125.0,-170.0,-356.0
-11.0,69.0,-62.0,-136.0,-94.0,-262.0,6.0,151.0,-144.0,-382.0
-2.0,104.0,-80.0,-32.0,-69.0,-372.0,196.0,439.0,-116.0,-389.0
-7.0,159.0,-75.0,31.0,49.0,-690.0,211.0,537.0,-77.0,-408.0
-38.0,230.0,-61.0,51.0,-12.0,-630.0,350.0,655.0,-73.0,-437.0
-45.0,270.0,-36.0,-11.0,-66.0,-377.0,345.0,661.0,-62.0,-442.0
-45.0,45.0,-14.0,-99.0,-31.0,-442.0,177.0,659.0,-47.0,-415.0
-61.0,-103.0,-18.0,-127.0,8.0,-501.0,57.0,445.0,-33.0,-400.0
-57.0,-316.0,-40.0,-161.0,-36.0,-418.0,-121.0,20.0,-5.0,-417.0
-68.0,-218.0,-33.0,-145.0,-59.0,-315.0,-219.0,-195.0,8.0,-420.0
-39.0,7.0,-53.0,-103.0,-12.0,-358.0,-391.0,-315.0,20.0,-406.0
-40.0,-328.0,-71.0,-98.0,-60.0,-355.0,-369.0,9.0,20.0,-403.0
-34.0,-363.0,-51.0,-86.0,-158.0,-233.0,-473.0,240.0,26.0,-396.0
-42.0,-420.0,-69.0,-79.0,-127.0,-218.0,-771.0,301.0,7.0,-378.0
-45.0,-565.0,-50.0,-49.0,-122.0,-238.0,-553.0,404.0,-18.0,-363.0
-84.0,-536.0,-34.0,-9.0,-82.0,-205.0,-432.0,319.0,-20.0,-345.0
-116.0,-648.0,-49.0,2.0,77.0,-135.0,-563.0,349.0,-23.0,-313.0
-120.0,-568.0,-13.0,11.0,9.0,-52.0,-596.0,221.0,-20.0,-307.0
-122.0,-391.0,-6.0,-7.0,-43.0,-43.0,-362.0,169.0,-28.0,-317.0
-119.0,-256.0,3.0,-32.0,-7.0,-210.0,-19.0,245.0,-25.0,-296.0
-135.0,-241.0,-7.0,-24.0,-54.0,-350.0,-191.0,293.0,-19.0,-273.0
-102.0,-75.0,-8.0,39.0,-47.0,-386.0,-216.0,282.0,-14.0,-252.0
-115.0,334.0,1.0,117.0,-7.0,-389.0,-155.0,9.0,-8.0,-251.0
-99.0,490.0,9.0,102.0,-11.0,-293.0,-56.0,-194.0,-14.0,-251.0
-107.0,502.0,21.0,14.0,-21.0,-102.0,436.0,-369.0,-2.0,-220.0
-107.0,546.0,-14.0,-96.0,-10.0,98.0,532.0,-308.0,-5.0,-223.0
-107.0,399.0,-6.0,-157.0,-88.0,97.0,430.0,-88.0,-26.0,-244.0
-120.0,157.0,-14.0,-156.0,-98.0,-93.0,335.0,92.0,-36.0,-239.0
-115.0,-92.0,-21.0,-122.0,-173.0,-139.0,434.0,338.0,-39.0,-225.0
-137.0,-460.0,-63.0,-91.0,-181.0,22.0,431.0,203.0,-32.0,-215.0
-97.0,-675.0,-80.0,-100.0,-46.0,-14.0,48.0,-5.0,-22.0,-210.0
-121.0,-703.0,-32.0,-120.0,-74.0,-267.0,76.0,-134.0,-12.0,-187.0
-106.0,-672.0,0.0,-79.0,-56.0,-438.0,19.0,-171.0,-1.0,-177.0
-91.0,-472.0,35.0,0.0,-29.0,-537.0,-99.0,48.0,-12.0,-167.0
-82.0,-229.0,17.0,42.0,83.0,-582.0,-45.0,160.0,-38.0,-149.0
-90.0,5.0,91.0,61.0,69.0,-549.0,-296.0,269.0,-27.0,-162.0
-103.0,190.0,80.0,40.0,-116.0,-570.0,-427.0,243.0,0.0,-168.0
-71.0,320.0,77.0,-35.0,-81.0,-755.0,-223.0,166.0,-1.0,-162.0
-99.0,505.0,99.0,-128.0,-10.0,-776.0,15.0,59.0,1.0,-144.0
-85.0,499.0,25.0,-155.0,-23.0,-569.0,-95.0,-5.0,24.0,-126.0
-93.0,384.0,56.0,-128.0,-81.0,-363.0,-364.0,264.0,33.0,-138.0
-82.0,216.0,41.0,-72.0,0.0,-297.0,-542.0,330.0,40.0,-143.0
-91.0,11.0,23.0,-29.0,70.0,-346.0,-819.0,345.0,67.0,-130.0
-89.0,-57.0,20.0,-52.0,24.0,-220.0,-710.0,273.0,66.0,-119.0
-82.0,-58.0,-42.0,-90.0,-90.0,-109.0,-452.0,164.0,69.0,-143.0
-106.0,-170.0,-66.0,-121.0,-164.0,-199.0,-556.0,238.0,79.0,-153.0
-110.0,-320.0,-10.0,-134.0,-82.0,-303.0,-591.0,267.0,74.0,-146.0
-127.0,-255.0,-38.0,-137.0,-101.0,-202.0,-384.0,522.0,93.0,-166.0
-123.0,-458.0,-33.0,-141.0,-2.0,-219.0,43.0,655.0,91.0,-178.0
-143.0,-514.0,-28.0,-108.0,-38.0,-490.0,288.0,604.0,94.0,-204.0
-138.0,-296.0,-68.0,-67.0,-90.0,-427.0,534.0,332.0,116.0,-227.0
-158.0,-293.0,-41.0,-51.0,79.0,-219.0,702.0,49.0,106.0,-257.0
-155.0,-94.0,-41.0,-38.0,-14.0,-313.0,370.0,-25.0,90.0,-283.0
-163.0,144.0,3.0,-55.0,-60.0,-574.0,417.0,-223.0,93.0,-284.0
-166.0,471.0,-24.0,-57.0,-40.0,-607.0,400.0,-166.0,96.0,-303.0
-147.0,795.0,4.0,-37.0,30.0,-548.0,12.0,-212.0,87.0,-309.0
-163.0,764.0,6.0,-52.0,86.0,-671.0,-144.0,-293.0,80.0,-295.0
-144.0,493.0,-49.0,-50.0,0.0,-572.0,80.0,-195.0,68.0,-260.0
-166.0,428.0,-20.0,-41.0,-45.0,-127.0,371.0,-129.0,50.0,-238.0
-162.0,273.0,-59.0,-35.0,31.0,206.0,160.0,64.0,34.0,-234.0
-150.0,-278.0,-83.0,-41.0,64.0,285.0,208.0,0.0,31.0,-215.0
-137.0,-379.0,-66.0,-81.0,-51.0,310.0,47.0,62.0,20.0,-190.0
-147.0,-289.0,-60.0,-81.0,69.0,220.0,-158.0,293.0,0.0,-189.0
-153.0,-421.0,-105.0,-83.0,65.0,83.0,224.0,474.0,-14.0,-202.0
-133.0,-343.0,-81.0,-100.0,76.0,-182.0,148.0,637.0,-23.0,-186.0
-125.0,-166.0,-91.0,-117.0,166.0,-373.0,-22.0,498.0,-28.0,-202.0
-91.0,110.0,-133.0,-152.0,8.0,-302.0,-303.0,417.0,-46.0,-222.0
-104.0,345.0,-89.0,-125.0,9.0,-235.0,-468.0,212.0,-52.0,-229.0
-88.0,123.0,-127.0,-76.0,96.0,-158.0,-346.0,75.0,-60.0,-242.0
-78.0,-6.0,-154.0,-30.0,76.0,-221.0,-619.0,99.0,-69.0,-237.0
-78.0,-58.0,-162.0,-11.0,29.0,-259.0,-931.0,64.0,-69.0,-247.0
-83.0,-162.0,-199.0,-25.0,14.0,-154.0,-1048.0,184.0,-69.0,-245.0
-100.0,-201.0,-208.0,13.0,-42.0,56.0,-625.0,72.0,-56.0,-257.0
-89.0,-444.0,-182.0,69.0,101.0,191.0,39.0,11.0,-50.0,-292.0
-110.0,-408.0,-172.0,110.0,83.0,141.0,-3.0,-103.0,-35.0,-311.0
-121.0,-122.0,-169.0,176.0,-87.0,42.0,-216.0,-197.0,-3.0,-326.0
-137.0,-137.0,-133.0,201.0,95.0,-215.0,209.0,118.0,16.0,-362.0
-161.0,-399.0,-179.0,162.0,18.0,-430.0,681.0,413.0,23.0,-411.0
-181.0,-185.0,-164.0,131.0,-59.0,-447.0,790.0,757.0,44.0,-443.0
-181.0,90.0,-155.0,115.0,12.0,-321.0,708.0,742.0,64.0,-472.0
-173.0,32.0,-184.0,121.0,-24.0,-343.0,429.0,508.0,59.0,-500.0
-185.0,61.0,-135.0,124.0,53.0,-361.0,267.0,338.0,56.0,-512.0
-192.0,11.0,-130.0,116.0,26.0,-248.0,448.0,70.0,66.0,-498.0
-206.0,31.0,-110.0,51.0,-74.0,-231.0,440.0,31.0,51.0,-488.0
-207.0,75.0,-97.0,-14.0,-21.0,-208.0,315.0,121.0,29.0,-485.0
-210.0,50.0,-77.0,-84.0,37.0,-235.0,417.0,288.0,23.0,-454.0
-230.0,-36.0,-72.0,-166.0,-41.0,-285.0,310.0,221.0,2.0,-445.0
-229.0,84.0,-79.0,-153.0,-61.0,-399.0,45.0,140.0,2.0,-446.0
-236.0,243.0,-70.0,-146.0,-61.0,-443.0,-220.0,149.0,9.0,-428.0
-225.0,272.0,-56.0,-115.0,-22.0,-509.0,-159.0,-18.0,8.0,-407.0
-202.0,153.0,-27.0,-77.0,6.0,-561.0,-26.0,72.0,13.0,-384.0
-175.0,159.0,-71.0,-41.0,-145.0,-327.0,-172.0,125.0,20.0,-379.0
-142.0,332.0,-45.0,40.0,-54.0,-73.0,-112.0,158.0,34.0,-359.0
-158.0,89.0,-2.0,148.0,64.0,67.0,-62.0,243.0,33.0,-318.0
-156.0,68.0,-27.0,249.0,-40.0,73.0,-127.0,216.0,31.0,-300.0
-148.0,43.0,-34.0,319.0,-23.0,-33.0,-353.0,234.0,31.0,-291.0
-121.0,61.0,-40.0,324.0,-56.0,-304.0,-594.0,147.0,40.0,-263.0
-92.0,47.0,-33.0,235.0,-6.0,-527.0,-619.0,75.0,40.0,-220.0
-61.0,-122.0,-35.0,166.0,62.0,-467.0,-596.0,-112.0,44.0,-193.0
-9.0,-15.0,-35.0,108.0,-27.0,-253.0,-612.0,-134.0,32.0,-157.0
19.0,-112.0,-39.0,6.0,23.0,-88.0,-811.0,-11.0,26.0,-103.0
37.0,2.0,-24.0,-58.0,40.0,-16.0,-622.0,-133.0,10.0,-78.0
44.0,110.0,-35.0,-69.0,63.0,169.0,-130.0,-171.0,-25.0,-71.0
72.0,-126.0,-40.0,-93.0,87.0,329.0,-90.0,-214.0,-6.0,-45.0
89.0,-272.0,-23.0,-68.0,-53.0,340.0,-16.0,-120.0,-19.0,-18.0
93.0,-138.0,-52.0,-20.0,-76.0,185.0,241.0,-75.0,-22.0,-16.0
91.0,27.0,-37.0,19.0,69.0,166.0,327.0,-12.0,-3.0,-19.0
89.0,76.0,-64.0,72.0,18.0,194.0,301.0,345.0,-18.0,-5.0
79.0,58.0,-74.0,76.0,-120.0,-23.0,282.0,572.0,-8.0,-6.0
62.0,-91.0,-67.0,72.0,5.0,-78.0,366.0,720.0,3.0,-27.0
56.0,-18.0,-120.0,58.0,61.0,6.0,470.0,563.0,24.0,-44.0
49.0,-100.0,-107.0,39.0,4.0,230.0,476.0,424.0,54.0,-58.0
51.0,-259.0,-66.0,20.0,-72.0,254.0,331.0,460.0,85.0,-75.0
37.0,-116.0,-53.0,-5.0,-56.0,24.0,311.0,363.0,109.0,-91.0
25.0,-36.0,-58.0,37.0,78.0,-22.0,390.0,310.0,126.0,-92.0
10.0,-18.0,-25.0,103.0,14.0,98.0,346.0,138.0,134.0,-69.0
12.0,-151.0,-6.0,166.0,13.0,225.0,299.0,229.0,126.0,-43.0
-7.0,-55.0,8.0,206.0,93.0,163.0,265.0,338.0,107.0,-25.0
-38.0,131.0,3.0,152.0,104.0,326.0,169.0,147.0,89.0,20.0
-40.0,-19.0,0.0,103.0,113.0,471.0,-209.0,-57.0,82.0,58.0
-44.0,145.0,-1.0,94.0,6.0,260.0,-388.0,-197.0,80.0,63.0
-55.0,127.0,-43.0,75.0,-78.0,-79.0,-171.0,-83.0,95.0,105.0
-74.0,-227.0,-56.0,75.0,64.0,-135.0,-6.0,-83.0,109.0,153.0
-94.0,-139.0,-81.0,71.0,103.0,35.0,27.0,-49.0,131.0,177.0
-114.0,84.0,-93.0,-14.0,-95.0,-208.0,-146.0,31.0,130.0,194.0
-113.0,-5.0,-124.0,-72.0,-91.0,-249.0,-350.0,0.0,114.0,219.0
-121.0,-232.0,-98.0,9.0,2.0,44.0,-592.0,88.0,119.0,236.0
-121.0,61.0,-86.0,108.0,1.0,232.0,-711.0,105.0,112.0,213.0
-117.0,122.0,-92.0,158.0,-19.0,179.0,-609.0,166.0,94.0,199.0
-127.0,-121.0,-92.0,109.0,-41.0,144.0,-550.0,192.0,81.0,191.0
-140.0,223.0,-95.0,20.0,117.0,365.0,-547.0,386.0,93.0,166.0
-153.0,279.0,-81.0,-34.0,206.0,440.0,-693.0,613.0,84.0,118.0
-148.0,256.0,-92.0,-67.0,-4.0,425.0,-768.0,413.0,81.0,71.0
-128.0,486.0,-11.0,-31.0,-96.0,281.0,-574.0,214.0,89.0,44.0
-127.0,268.0,-50.0,24.0,-4.0,244.0,-148.0,-162.0,61.0,0.0
-141.0,-30.0,-43.0,58.0,84.0,343.0,105.0,-471.0,46.0,-16.0
-140.0,51.0,28.0,75.0,15.0,386.0,192.0,-434.0,60.0,-29.0
-132.0,0.0,-13.0,69.0,-113.0,357.0,555.0,-277.0,55.0,-63.0
-131.0,-232.0,26.0,113.0,29.0,252.0,813.0,14.0,47.0,-62.0
-170.0,-229.0,30.0,202.0,154.0,192.0,939.0,142.0,62.0,-48.0
-190.0,-55.0,-16.0,228.0,67.0,-5.0,853.0,173.0,52.0,-41.0
-201.0,79.0,4.0,164.0,-19.0,-4.0,612.0,-49.0,49.0,-23.0
-202.0,-16.0,15.0,100.0,26.0,108.0,637.0,-149.0,51.0,-3.0
-208.0,138.0,-27.0,32.0,118.0,150.0,671.0,105.0,41.0,17.0
-218.0,126.0,-25.0,0.0,135.0,169.0,617.0,230.0,52.0,39.0
-200.0,43.0,-43.0,10.0,-3.0,209.0,535.0,382.0,58.0,38.0
-203.0,372.0,-76.0,10.0,-98.0,421.0,397.0,269.0,55.0,20.0
-183.0,199.0,-46.0,23.0,100.0,416.0,49.0,62.0,60.0,24.0
-166.0,0.0,-73.0,-35.0,143.0,394.0,-370.0,-60.0,66.0,14.0
-129.0,-140.0,-64.0,-62.0,-21.0,519.0,-549.0,-53.0,57.0,-27.0
-90.0,-261.0,-1.0,-13.0,-21.0,600.0,-526.0,107.0,53.0,-35.0
-61.0,-387.0,-8.0,-12.0,64.0,425.0,-538.0,29.0,64.0,-52.0
-56.0,-594.0,24.0,-19.0,77.0,70.0,-726.0,182.0,59.0,-101.0
-59.0,-258.0,31.0,-33.0,-16.0,54.0,-685.0,308.0,50.0,-120.0
-60.0,-159.0,37.0,-50.0,-47.0,189.0,-410.0,301.0,62.0,-109.0
-80.0,41.0,57.0,4.0,47.0,112.0,-404.0,312.0,71.0,-88.0
-66.0,182.0,18.0,159.0,68.0,-31.0,-668.0,101.0,86.0,-90.0
-48.0,48.0,24.0,294.0,19.0,158.0,-838.0,22.0,106.0,-82.0
-11.0,269.0,5.0,325.0,-30.0,510.0,-696.0,151.0,103.0,-82.0
-30.0,171.0,-24.0,281.0,-28.0,632.0,-419.0,476.0,123.0,-109.0
-46.0,-27.0,-49.0,204.0,-74.0,655.0,-302.0,487.0,149.0,-129.0
-33.0,-59.0,-53.0,138.0,-129.0,565.0,-299.0,367.0,156.0,-160.0
-29.0,30.0,-60.0,83.0,-58.0,383.0,-45.0,406.0,172.0,-172.0
-13.0,224.0,-81.0,57.0,-97.0,123.0,218.0,123.0,181.0,-178.0
-40.0,365.0,-41.0,31.0,-135.0,-30.0,109.0,9.0,169.0,-179.0
-43.0,235.0,-5.0,24.0,-54.0,82.0,89.0,94.0,173.0,-151.0
-41.0,158.0,-8.0,71.0,-140.0,43.0,272.0,173.0,170.0,-143.0
-41.0,116.0,31.0,89.0,-239.0,-73.0,511.0,79.0,146.0,-155.0
-24.0,-37.0,73.0,64.0,-37.0,-109.0,726.0,-203.0,140.0,-142.0
0.0,90.0,44.0,31.0,-18.0,-101.0,706.0,-262.0,128.0,-107.0
4.0,-40.0,39.0,0.0,-172.0,-101.0,670.0,-267.0,94.0,-88.0
11.0,82.0,49.0,-17.0,-1.0,-178.0,677.0,-157.0,77.0,-81.0
30.0,375.0,67.0,41.0,100.0,-206.0,700.0,-121.0,59.0,-37.0
32.0,172.0,60.0,118.0,13.0,-176.0,613.0,5.0,39.0,33.0
36.0,193.0,32.0,90.0,7.0,-16.0,345.0,236.0,46.0,78.0
16.0,372.0,26.0,57.0,1.0,132.0,290.0,57.0,36.0,114.0
-11.0,184.0,19.0,46.0,-55.0,299.0,404.0,-149.0,25.0,173.0
-25.0,-6.0,-30.0,44.0,59.0,415.0,328.0,-412.0,50.0,232.0
-15.0,193.0,-21.0,38.0,63.0,320.0,-28.0,-404.0,63.0,271.0
-34.0,16.0,24.0,65.0,-40.0,241.0,-327.0,-120.0,56.0,324.0
-42.0,-162.0,-2.0,95.0,140.0,273.0,-476.0,0.0,72.0,374.0
-26.0,-4.0,38.0,47.0,166.0,352.0,-589.0,51.0,84.0,389.0
-42.0,-319.0,43.0,91.0,20.0,175.0,-428.0,-62.0,93.0,411.0
-82.0,-332.0,56.0,183.0,-24.0,45.0,-231.0,129.0,121.0,440.0
-119.0,-35.0,95.0,235.0,-26.0,56.0,-84.0,384.0,126.0,482.0
-113.0,-58.0,69.0,245.0,-19.0,2.0,141.0,528.0,140.0,494.0
-92.0,-36.0,54.0,169.0,-78.0,14.0,183.0,502.0,158.0,482.0
-89.0,49.0,49.0,69.0,-97.0,-66.0,18.0,203.0,161.0,483.0
-99.0,61.0,47.0,22.0,-12.0,-65.0,-176.0,240.0,177.0,462.0
-95.0,-18.0,54.0,60.0,56.0,52.0,-318.0,177.0,182.0,435.0
-72.0,-60.0,17.0,61.0,2.0,199.0,-379.0,94.0,183.0,409.0
-73.0,-148.0,-14.0,44.0,-55.0,482.0,-218.0,90.0,175.0,396.0
-72.0,-170.0,29.0,31.0,51.0,661.0,42.0,48.0,151.0,392.0
-30.0,-86.0,7.0,9.0,85.0,625.0,243.0,18.0,145.0,390.0
-4.0,-186.0,28.0,-9.0,-20.0,479.0,500.0,-280.0,142.0,406.0
12.0,-122.0,40.0,-32.0,-16.0,130.0,582.0,-299.0,108.0,406.0
23.0,99.0,25.0,-50.0,17.0,-112.0,386.0,-245.0,76.0,397.0
46.0,114.0,51.0,-51.0,78.0,35.0,224.0,-219.0,84.0,397.0
79.0,204.0,51.0,-11.0,77.0,114.0,262.0,101.0,99.0,392.0
74.0,317.0,83.0,-4.0,-82.0,60.0,398.0,395.0,90.0,369.0
83.0,295.0,76.0,10.0,-61.0,-10.0,328.0,456.0,72.0,337.0
92.0,374.0,76.0,48.0,76.0,-53.0,74.0,99.0,52.0,316.0
93.0,410.0,77.0,74.0,76.0,57.0,-169.0,-109.0,45.0,315.0
69.0,342.0,85.0,52.0,-26.0,219.0,-352.0,-149.0,43.0,293.0
63.0,188.0,113.0,13.0,-55.0,385.0,-455.0,-234.0,23.0,252.0
81.0,-104.0,120.0,-3.0,128.0,409.0,-607.0,-186.0,17.0,244.0
91.0,-147.0,97.0,-5.0,103.0,490.0,-511.0,-282.0,-1.0,215.0
94.0,-26.0,73.0,26.0,-96.0,609.0,-42.0,-151.0,-31.0,178.0
89.0,-182.0,48.0,41.0,-68.0,454.0,313.0,243.0,-26.0,148.0
99.0,-339.0,26.0,66.0,13.0,394.0,464.0,511.0,-20.0,124.0
92.0,-349.0,58.0,93.0,57.0,314.0,694.0,362.0,-34.0,116.0
75.0,-240.0,39.0,109.0,-13.0,294.0,864.0,55.0,-39.0,87.0
55.0,-52.0,41.0,102.0,-98.0,460.0,624.0,-12.0,-40.0,65.0
60.0,-26.0,59.0,68.0,95.0,386.0,398.0,-144.0,-60.0,33.0
59.0,58.0,12.0,18.0,215.0,252.0,520.0,0.0,-73.0,0.0
40.0,250.0,-5.0,14.0,1.0,133.0,615.0,184.0,-66.0,-7.0
27.0,283.0,-10.0,129.0,22.0,161.0,613.0,169.0,-35.0,-11.0
9.0,203.0,-3.0,196.0,163.0,316.0,604.0,57.0,0.0,3.0
24.0,139.0,33.0,197.0,124.0,369.0,417.0,-243.0,24.0,26.0
18.0,141.0,9.0,159.0,135.0,231.0,91.0,-356.0,38.0,59.0
35.0,169.0,9.0,100.0,61.0,50.0,-229.0,-321.0,26.0,114.0
63.0,-4.0,15.0,124.0,45.0,223.0,-387.0,72.0,25.0,143.0
69.0,-200.0,46.0,166.0,156.0,360.0,-364.0,321.0,38.0,140.0
72.0,-156.0,96.0,211.0,49.0,209.0,-348.0,92.0,34.0,141.0
48.0,-168.0,111.0,194.0,-144.0,191.0,-377.0,-38.0,12.0,149.0
60.0,-314.0,156.0,135.0,-35.0,306.0,-386.0,-199.0,15.0,158.0
64.0,-319.0,116.0,159.0,46.0,122.0,-98.0,-245.0,29.0,146.0
70.0,-131.0,152.0,214.0,3.0,-136.0,153.0,-279.0,38.0,127.0
100.0,-15.0,179.0,282.0,36.0,17.0,149.0,-90.0,36.0,115.0
97.0,196.0,231.0,301.0,16.0,216.0,313.0,349.0,19.0,108.0
78.0,339.0,265.0,219.0,120.0,183.0,620.0,609.0,11.0,95.0
57.0,267.0,248.0,114.0,109.0,223.0,747.0,770.0,-18.0,82.0
66.0,537.0,301.0,3.0,-33.0,388.0,495.0,291.0,-37.0,67.0
68.0,666.0,210.0,-88.0,-79.0,649.0,331.0,-284.0,-33.0,62.0
77.0,503.0,207.0,-128.0,-20.0,732.0,236.0,-339.0,-41.0,80.0
92.0,359.0,193.0,-125.0,91.0,458.0,117.0,-279.0,-47.0,102.0
97.0,345.0,144.0,-95.0,-66.0,373.0,203.0,-179.0,-60.0,115.0
103.0,389.0,146.0,-52.0,-53.0,551.0,93.0,-288.0,-54.0,116.0
78.0,15.0,94.0,20.0,65.0,479.0,63.0,-336.0,-40.0,151.0
68.0,-93.0,41.0,59.0,-54.0,230.0,295.0,-184.0,-29.0,180.0
55.0,42.0,27.0,63.0,-19.0,366.0,408.0,88.0,-5.0,178.0
61.0,-73.0,-8.0,81.0,-86.0,575.0,350.0,177.0,23.0,167.0
77.0,-116.0,-47.0,110.0,-119.0,559.0,277.0,-16.0,62.0,142.0
80.0,-19.0,13.0,133.0,18.0,511.0,124.0,68.0,94.0,130.0
91.0,144.0,-19.0,83.0,-61.0,411.0,-164.0,197.0,114.0,110.0
57.0,113.0,-6.0,-14.0,-52.0,418.0,-249.0,375.0,122.0,97.0
30.0,72.0,16.0,-110.0,45.0,347.0,-196.0,173.0,116.0,90.0
13.0,118.0,-18.0,-100.0,-13.0,244.0,-63.0,-317.0,97.0,71.0
-5.0,74.0,13.0,7.0,-21.0,322.0,87.0,-413.0,60.0,72.0
-5.0,164.0,29.0,86.0,22.0,393.0,51.0,-528.0,21.0,69.0
7.0,226.0,-2.0,103.0,-41.0,252.0,-144.0,-410.0,0.0,47.0
48.0,2.0,12.0,58.0,9.0,22.0,-420.0,-109.0,-32.0,53.0
83.0,-58.0,38.0,28.0,62.0,-17.0,-305.0,134.0,-54.0,76.0
98.0,47.0,7.0,0.0,0.0,-93.0,-70.0,131.0,-36.0,69.0
96.0,-58.0,46.0,7.0,118.0,-282.0,-118.0,-101.0,-44.0,74.0
85.0,-90.0,28.0,72.0,114.0,-330.0,-10.0,-214.0,-55.0,101.0
98.0,-40.0,28.0,22.0,-26.0,-112.0,199.0,-297.0,-62.0,130.0
105.0,41.0,68.0,-98.0,24.0,85.0,452.0,-123.0,-99.0,164.0
118.0,176.0,42.0,-110.0,55.0,-94.0,564.0,-197.0,-112.0,195.0
150.0,195.0,18.0,-18.0,23.0,-265.0,308.0,-267.0,-120.0,250.0
179.0,209.0,9.0,64.0,-3.0,-62.0,6.0,103.0,-132.0,299.0
228.0,213.0,-2.0,126.0,-28.0,99.0,-60.0,282.0,-117.0,336.0
249.0,159.0,39.0,135.0,37.0,20.0,110.0,293.0,-104.0,384.0
240.0,-2.0,86.0,108.0,60.0,20.0,143.0,59.0,-96.0,425.0
222.0,68.0,31.0,148.0,15.0,149.0,177.0,-31.0,-98.0,430.0
191.0,168.0,48.0,205.0,15.0,202.0,248.0,35.0,-116.0,407.0
162.0,-8.0,65.0,232.0,34.0,125.0,166.0,-46.0,-108.0,400.0
149.0,25.0,48.0,166.0,34.0,-66.0,218.0,-59.0,-85.0,379.0
153.0,-42.0,100.0,50.0,-11.0,-239.0,365.0,-234.0,-58.0,327.0
150.0,-54.0,101.0,17.0,59.0,-150.0,451.0,-339.0,-37.0,301.0
159.0,-95.0,64.0,49.0,77.0,-104.0,322.0,-388.0,-20.0,288.0
164.0,-372.0,82.0,116.0,-3.0,13.0,169.0,-214.0,23.0,252.0
148.0,-281.0,61.0,81.0,41.0,406.0,37.0,90.0,37.0,221.0
101.0,-31.0,92.0,-22.0,8.0,378.0,-129.0,38.0,48.0,202.0
62.0,75.0,135.0,-90.0,-46.0,68.0,-129.0,-68.0,47.0,181.0
61.0,119.0,113.0,-94.0,23.0,173.0,-200.0,-258.0,12.0,165.0
91.0,277.0,168.0,-48.0,43.0,579.0,-289.0,-133.0,15.0,179.0
123.0,291.0,116.0,-23.0,-43.0,544.0,-263.0,31.0,16.0,214.0
126.0,155.0,108.0,-19.0,-6.0,200.0,-56.0,-79.0,-9.0,205.0
125.0,135.0,139.0,-48.0,77.0,176.0,182.0,11.0,-15.0,190.0
113.0,220.0,128.0,-49.0,14.0,143.0,222.0,18.0,-2.0,210.0
96.0,436.0,160.0,-44.0,0.0,-14.0,132.0,-62.0,-19.0,206.0
82.0,436.0,104.0,-62.0,21.0,-56.0,-145.0,-284.0,-38.0,195.0
95.0,188.0,126.0,-76.0,11.0,-58.0,-304.0,-343.0,-41.0,190.0
90.0,102.0,82.0,-69.0,90.0,-173.0,-141.0,-328.0,-69.0,168.0
66.0,113.0,77.0,-68.0,80.0,-348.0,-4.0,-489.0,-89.0,140.0
58.0,21.0,89.0,-61.0,14.0,-267.0,-171.0,-369.0,-87.0,83.0
52.0,-277.0,21.0,-19.0,125.0,9.0,-306.0,-227.0,-92.0,8.0
57.0,-503.0,109.0,17.0,80.0,115.0,-91.0,24.0,-107.0,-18.0
64.0,-461.0,85.0,59.0,-87.0,25.0,203.0,166.0,-119.0,-50.0
67.0,-353.0,93.0,109.0,-114.0,12.0,257.0,29.0,-121.0,-87.0
70.0,-188.0,136.0,137.0,-111.0,107.0,1.0,-33.0,-112.0,-81.0
74.0,-4.0,66.0,80.0,-47.0,16.0,-208.0,-62.0,-121.0,-96.0
69.0,140.0,82.0,-11.0,-11.0,-172.0,-90.0,147.0,-130.0,-120.0
78.0,18.0,123.0,-42.0,-29.0,-291.0,258.0,267.0,-109.0,-121.0
74.0,140.0,92.0,-42.0,-55.0,-258.0,644.0,260.0,-69.0,-113.0
77.0,306.0,118.0,-56.0,-34.0,-184.0,911.0,280.0,-33.0,-111.0
88.0,96.0,147.0,-22.0,-23.0,-254.0,1074.0,38.0,-22.0,-125.0
95.0,332.0,72.0,31.0,-132.0,-152.0,1036.0,-214.0,-7.0,-112.0
116.0,307.0,101.0,72.0,-41.0,41.0,731.0,-240.0,14.0,-91.0
114.0,-22.0,71.0,86.0,112.0,43.0,667.0,75.0,50.0,-115.0
109.0,111.0,13.0,89.0,53.0,-35.0,942.0,223.0,107.0,-130.0
92.0,228.0,60.0,74.0,-9.0,126.0,918.0,-9.0,141.0,-118.0
91.0,88.0,19.0,-3.0,41.0,346.0,543.0,-256.0,151.0,-117.0
88.0,-137.0,-22.0,-33.0,119.0,315.0,201.0,-413.0,163.0,-108.0
97.0,-34.0,12.0,-42.0,61.0,348.0,41.0,-5.0,169.0,-78.0
105.0,91.0,-7.0,20.0,-23.0,513.0,-213.0,303.0,140.0,-48.0
102.0,113.0,-23.0,43.0,-63.0,559.0,-589.0,164.0,103.0,-30.0
123.0,105.0,12.0,-7.0,-20.0,399.0,-730.0,68.0,74.0,9.0
131.0,34.0,-6.0,-21.0,87.0,323.0,-652.0,-14.0,54.0,61.0
133.0,187.0,46.0,-47.0,61.0,236.0,-370.0,-7.0,28.0,95.0
117.0,-85.0,59.0,-27.0,-29.0,102.0,-175.0,-251.0,0.0,146.0
113.0,-172.0,26.0,24.0,27.0,-51.0,-178.0,-624.0,-6.0,189.0
122.0,186.0,63.0,44.0,62.0,-209.0,-222.0,-824.0,-9.0,213.0
145.0,-32.0,59.0,-34.0,-169.0,-169.0,-422.0,-583.0,10.0,231.0
160.0,7.0,103.0,-110.0,-204.0,-225.0,-618.0,-277.0,27.0,220.0
160.0,329.0,101.0,-141.0,-15.0,-254.0,-795.0,-306.0,30.0,217.0
155.0,-28.0,98.0,-47.0,42.0,-191.0,-814.0,1.0,28.0,226.0
143.0,-139.0,91.0,31.0,86.0,-16.0,-698.0,223.0,-21.0,210.0
128.0,136.0,58.0,44.0,5.0,223.0,-618.0,197.0,-70.0,177.0
120.0,-93.0,106.0,22.0,-30.0,70.0,-252.0,-38.0,-77.0,163.0
122.0,-214.0,58.0,-113.0,155.0,-254.0,201.0,-258.0,-103.0,176.0
96.0,-87.0,25.0,-110.0,86.0,-202.0,564.0,68.0,-104.0,185.0
117.0,-17.0,3.0,-58.0,-65.0,74.0,866.0,186.0,-101.0,202.0
105.0,14.0,4.0,-2.0,15.0,118.0,1070.0,16.0,-100.0,227.0
109.0,185.0,14.0,34.0,37.0,-19.0,1298.0,-179.0,-59.0,228.0
115.0,329.0,-16.0,-18.0,-13.0,-210.0,1271.0,-142.0,-41.0,218.0
101.0,121.0,3.0,-55.0,-95.0,-269.0,1002.0,-48.0,-44.0,196.0
111.0,45.0,-7.0,-35.0,-106.0,-332.0,724.0,-216.0,-42.0,161.0
84.0,-61.0,18.0,-25.0,-12.0,-278.0,566.0,-256.0,-22.0,131.0
93.0,-39.0,15.0,17.0,-34.0,-29.0,428.0,-352.0,-15.0,114.0
74.0,35.0,-3.0,81.0,-163.0,-58.0,129.0,-221.0,-3.0,97.0
86.0,-209.0,17.0,-6.0,-159.0,-127.0,3.0,-116.0,-9.0,95.0
89.0,-168.0,78.0,-65.0,-21.0,-50.0,-36.0,-145.0,-46.0,100.0
98.0,-121.0,103.0,-94.0,-3.0,52.0,-144.0,88.0,-56.0,82.0
112.0,-214.0,97.0,-90.0,-55.0,64.0,-364.0,53.0,-93.0,75.0
82.0,65.0,162.0,-44.0,22.0,129.0,-589.0,-18.0,-113.0,87.0
83.0,268.0,103.0,-75.0,125.0,300.0,-513.0,-127.0,-99.0,107.0
56.0,285.0,81.0,-96.0,101.0,231.0,-391.0,-138.0,-86.0,117.0
44.0,249.0,138.0,-133.0,43.0,146.0,-424.0,157.0,-64.0,125.0
28.0,224.0,72.0,-131.0,12.0,66.0,-584.0,341.0,-45.0,124.0
39.0,356.0,60.0,-128.0,50.0,-177.0,-511.0,391.0,-24.0,102.0
40.0,21.0,56.0,-179.0,83.0,-271.0,-109.0,81.0,6.0,108.0
27.0,-190.0,-17.0,-140.0,2.0,-191.0,308.0,-197.0,16.0,107.0
33.0,-62.0,-23.0,-54.0,-4.0,-81.0,511.0,-339.0,0.0,81.0
35.0,-374.0,-47.0,-15.0,70.0,-40.0,385.0,-395.0,10.0,76.0
61.0,-523.0,-35.0,40.0,57.0,-33.0,343.0,-349.0,16.0,58.0
61.0,-247.0,-68.0,42.0,-2.0,22.0,336.0,-528.0,14.0,5.0
58.0,-293.0,-96.0,-51.0,50.0,-36.0,215.0,-506.0,12.0,-13.0
54.0,-472.0,-69.0,-114.0,61.0,-39.0,186.0,-476.0,1.0,-34.0
53.0,-228.0,-131.0,-96.0,-37.0,5.0,260.0,-445.0,-4.0,-66.0
57.0,-115.0,-74.0,-59.0,-46.0,-95.0,390.0,-356.0,-2.0,-80.0
67.0,-158.0,-69.0,-11.0,-143.0,-254.0,302.0,-315.0,-8.0,-96.0
79.0,93.0,-95.0,26.0,-13.0,-407.0,0.0,-103.0,-19.0,-93.0
89.0,353.0,-44.0,-26.0,129.0,-279.0,-292.0,-72.0,-24.0,-96.0
93.0,269.0,-70.0,-79.0,-69.0,-112.0,-381.0,-118.0,-71.0,-64.0
105.0,81.0,-94.0,-85.0,7.0,-252.0,-258.0,-218.0,-120.0,-32.0
111.0,73.0,-72.0,-89.0,14.0,-267.0,-221.0,-151.0,-161.0,-23.0
111.0,188.0,-14.0,-94.0,22.0,-69.0,-300.0,-97.0,-176.0,5.0
125.0,31.0,-9.0,-121.0,111.0,146.0,-390.0,-354.0,-186.0,26.0
112.0,-129.0,29.0,-153.0,-46.0,108.0,-430.0,-269.0,-188.0,55.0
107.0,19.0,78.0,-143.0,8.0,-134.0,-332.0,-66.0,-136.0,64.0
99.0,-272.0,42.0,-100.0,90.0,-114.0,-133.0,5.0,-122.0,64.0
98.0,-494.0,63.0,-100.0,7.0,-53.0,9.0,-145.0,-104.0,50.0
81.0,-332.0,65.0,-115.0,-22.0,-121.0,10.0,-380.0,-73.0,27.0
75.0,-440.0,16.0,-122.0,53.0,-216.0,6.0,-426.0,-66.0,4.0
72.0,-522.0,42.0,-143.0,-11.0,-21.0,37.0,-428.0,-53.0,-34.0
37.0,-416.0,32.0,-125.0,-53.0,327.0,81.0,-155.0,-51.0,-45.0
22.0,-304.0,-5.0,-89.0,-25.0,333.0,229.0,-38.0,-60.0,-46.0
7.0,-123.0,17.0,-122.0,-75.0,229.0,299.0,-20.0,-61.0,-46.0
31.0,159.0,7.0,-176.0,51.0,98.0,232.0,162.0,-36.0,-41.0
26.0,406.0,-7.0,-169.0,76.0,10.0,45.0,142.0,-25.0,-18.0
-1.0,340.0,-22.0,-121.0,55.0,5.0,-222.0,145.0,-1.0,6.0
-24.0,289.0,-9.0,-55.0,1.0,69.0,-347.0,86.0,30.0,6.0
-40.0,382.0,19.0,-34.0,8.0,154.0,-323.0,27.0,29.0,9.0
-24.0,333.0,6.0,-66.0,66.0,185.0,-154.0,-96.0,33.0,22.0
-32.0,430.0,35.0,-132.0,10.0,154.0,-118.0,-238.0,7.0,27.0
-23.0,249.0,28.0,-175.0,-2.0,66.0,-269.0,-279.0,-23.0,41.0
-7.0,41.0,34.0,-150.0,-50.0,67.0,-277.0,-458.0,-49.0,63.0
-6.0,-35.0,63.0,-112.0,111.0,-29.0,-165.0,-458.0,-67.0,57.0
-3.0,-289.0,52.0,-76.0,21.0,-174.0,82.0,-415.0,-75.0,50.0
0.0,-138.0,48.0,-32.0,-65.0,-84.0,346.0,-269.0,-77.0,44.0
-10.0,-255.0,78.0,24.0,65.0,88.0,372.0,-164.0,-56.0,54.0
-20.0,-505.0,75.0,83.0,-43.0,-75.0,199.0,-293.0,-52.0,69.0
-12.0,-322.0,0.0,159.0,-57.0,-339.0,26.0,-279.0,-40.0,55.0
0.0,-356.0,31.0,196.0,-98.0,-353.0,-91.0,-354.0,-20.0,66.0
23.0,-292.0,17.0,221.0,-30.0,-192.0,-232.0,-378.0,9.0,60.0
45.0,-107.0,-44.0,263.0,-75.0,-100.0,-287.0,-502.0,33.0,32.0
35.0,-84.0,4.0,212.0,-115.0,-265.0,-428.0,-578.0,21.0,28.0
25.0,-121.0,-26.0,139.0,41.0,-239.0,-744.0,-334.0,41.0,34.0
26.0,-207.0,-56.0,103.0,-44.0,-198.0,-859.0,-138.0,58.0,31.0
6.0,-21.0,-29.0,102.0,-86.0,-290.0,-793.0,-29.0,44.0,12.0
0.0,88.0,-52.0,108.0,17.0,-148.0,-615.0,-308.0,32.0,20.0
0.0,176.0,0.0,110.0,10.0,45.0,-395.0,-530.0,16.0,46.0
33.0,241.0,6.0,131.0,-90.0,37.0,-141.0,-522.0,-15.0,37.0
48.0,22.0,-17.0,103.0,43.0,-47.0,185.0,-447.0,-23.0,20.0
32.0,-10.0,31.0,38.0,19.0,-109.0,337.0,-96.0,-29.0,46.0
43.0,-174.0,-50.0,-15.0,-134.0,-166.0,387.0,90.0,-37.0,47.0
37.0,-218.0,-38.0,21.0,34.0,-137.0,200.0,92.0,-25.0,17.0
33.0,-168.0,-52.0,76.0,35.0,-299.0,-15.0,-131.0,-26.0,28.0
11.0,-243.0,-120.0,55.0,-41.0,-509.0,30.0,-319.0,-15.0,46.0
8.0,-35.0,-58.0,64.0,29.0,-384.0,19.0,-277.0,-25.0,33.0
20.0,-10.0,-80.0,29.0,6.0,-158.0,-113.0,-186.0,-45.0,29.0
5.0,257.0,-98.0,-68.0,12.0,-310.0,-211.0,103.0,-40.0,70.0
-9.0,557.0,-116.0,-106.0,34.0,-507.0,1.0,110.0,-43.0,67.0
-31.0,204.0,-131.0,-100.0,-40.0,-290.0,277.0,-51.0,-60.0,37.0
-42.0,119.0,-152.0,-127.0,-39.0,-171.0,518.0,-55.0,-79.0,35.0
-53.0,229.0,-127.0,-145.0,-46.0,-169.0,626.0,-44.0,-69.0,26.0
-89.0,86.0,-120.0,-126.0,-9.0,-26.0,383.0,-254.0,-87.0,11.0
-135.0,132.0,-156.0,-82.0,19.0,35.0,166.0,-644.0,-103.0,12.0
-163.0,238.0,-121.0,21.0,-43.0,-128.0,32.0,-533.0,-80.0,53.0
-163.0,47.0,-158.0,88.0,44.0,-153.0,81.0,-339.0,-76.0,75.0
-147.0,19.0,-141.0,100.0,21.0,-118.0,162.0,-275.0,-39.0,77.0
-146.0,86.0,-108.0,52.0,-25.0,-334.0,26.0,-234.0,5.0,75.0
-142.0,-143.0,-138.0,6.0,13.0,-586.0,-266.0,-365.0,16.0,82.0
-163.0,2.0,-116.0,-45.0,-31.0,-573.0,-598.0,-360.0,32.0,86.0
-171.0,149.0,-118.0,-83.0,51.0,-214.0,-790.0,-495.0,16.0,38.0
-171.0,-74.0,-140.0,-97.0,80.0,47.0,-996.0,-611.0,7.0,16.0
-166.0,-185.0,-123.0,-125.0,11.0,86.0,-1008.0,-546.0,2.0,12.0
-163.0,-199.0,-107.0,-82.0,66.0,-18.0,-724.0,-240.0,2.0,-10.0
-174.0,-80.0,-114.0,-21.0,77.0,-27.0,-573.0,72.0,31.0,-29.0
-166.0,62.0,-133.0,21.0,9.0,52.0,-786.0,-134.0,27.0,-17.0
-150.0,110.0,-123.0,-45.0,-6.0,8.0,-1073.0,-269.0,29.0,24.0
-108.0,-161.0,-173.0,-89.0,-24.0,85.0,-925.0,-376.0,45.0,40.0
-114.0,-3.0,-208.0,-51.0,31.0,227.0,-541.0,-399.0,62.0,70.0
-98.0,458.0,-183.0,-48.0,44.0,343.0,-300.0,-214.0,80.0,119.0
-94.0,244.0,-202.0,-62.0,-37.0,292.0,-182.0,-118.0,86.0,111.0
-110.0,128.0,-155.0,-105.0,-15.0,225.0,-156.0,-36.0,88.0,56.0
-98.0,196.0,-136.0,-193.0,-46.0,342.0,-28.0,-197.0,98.0,11.0
-89.0,126.0,-153.0,-283.0,-37.0,390.0,156.0,-225.0,102.0,-29.0
-65.0,-155.0,-96.0,-227.0,-38.0,294.0,218.0,-190.0,92.0,-126.0
-81.0,-292.0,-120.0,-123.0,-145.0,148.0,211.0,-225.0,98.0,-237.0
-74.0,-29.0,-136.0,-59.0,-53.0,89.0,102.0,-121.0,75.0,-287.0
-73.0,47.0,-94.0,3.0,9.0,0.0,-40.0,-84.0,48.0,-329.0
-54.0,-45.0,-139.0,-3.0,-85.0,-120.0,-224.0,-36.0,18.0,-391.0
-47.0,-147.0,-115.0,-82.0,49.0,-167.0,-146.0,-179.0,-16.0,-393.0
-53.0,-60.0,-85.0,-83.0,156.0,-83.0,262.0,-205.0,-13.0,-374.0
-45.0,136.0,-99.0,-31.0,93.0,124.0,567.0,-179.0,-13.0,-374.0
-38.0,52.0,-72.0,-25.0,74.0,73.0,610.0,-339.0,-10.0,-356.0
-23.0,-149.0,-51.0,-34.0,-110.0,-58.0,414.0,-206.0,16.0,-292.0
-30.0,-156.0,-56.0,-72.0,-61.0,-90.0,411.0,55.0,38.0,-219.0
-9.0,-22.0,-79.0,-145.0,47.0,-56.0,508.0,253.0,35.0,-211.0
-11.0,-3.0,-31.0,-190.0,-89.0,31.0,537.0,144.0,39.0,-198.0
-12.0,0.0,-74.0,-164.0,-7.0,-22.0,462.0,29.0,4.0,-133.0
-52.0,161.0,-82.0,-200.0,39.0,-55.0,186.0,-38.0,-23.0,-123.0
-70.0,183.0,-69.0,-268.0,80.0,22.0,56.0,-386.0,-40.0,-174.0
-48.0,28.0,-133.0,-261.0,79.0,160.0,-154.0,-369.0,-60.0,-175.0
-69.0,-56.0,-88.0,-255.0,-95.0,125.0,-502.0,-125.0,-34.0,-130.0
-85.0,-14.0,-104.0,-241.0,-50.0,56.0,-787.0,81.0,-20.0,-122.0
-81.0,-110.0,-94.0,-191.0,21.0,23.0,-888.0,49.0,-36.0,-118.0
-50.0,-153.0,-29.0,-110.0,-76.0,-2.0,-824.0,-144.0,-40.0,-71.0
-46.0,-180.0,-25.0,-93.0,-20.0,9.0,-932.0,-12.0,-35.0,-57.0
-47.0,-333.0,-54.0,-85.0,48.0,-129.0,-995.0,175.0,-39.0,-84.0
-61.0,-184.0,-25.0,-62.0,15.0,-110.0,-917.0,373.0,-20.0,-72.0
-67.0,-101.0,-33.0,-44.0,123.0,-32.0,-761.0,153.0,-7.0,-48.0
-59.0,98.0,-42.0,18.0,44.0,-79.0,-593.0,-273.0,7.0,-55.0
-32.0,294.0,34.0,72.0,-8.0,-185.0,-550.0,-330.0,34.0,-59.0
-12.0,286.0,-10.0,132.0,131.0,1.0,-497.0,-210.0,20.0,-15.0
-2.0,431.0,16.0,128.0,28.0,374.0,-498.0,-20.0,12.0,29.0
3.0,526.0,46.0,85.0,-56.0,480.0,-336.0,-107.0,5.0,12.0
-15.0,344.0,24.0,27.0,28.0,465.0,10.0,-157.0,6.0,8.0
-28.0,18.0,45.0,-50.0,96.0,396.0,274.0,-197.0,11.0,44.0
-53.0,222.0,58.0,-52.0,105.0,380.0,396.0,-271.0,8.0,47.0
-63.0,35.0,108.0,17.0,3.0,355.0,174.0,-245.0,8.0,7.0
-68.0,-460.0,95.0,71.0,-91.0,416.0,101.0,-375.0,35.0,-2.0
-56.0,-148.0,100.0,51.0,16.0,487.0,293.0,-138.0,58.0,21.0
-71.0,17.0,112.0,38.0,2.0,287.0,403.0,59.0,59.0,-3.0
-96.0,-129.0,106.0,2.0,-155.0,-117.0,459.0,88.0,60.0,-34.0
-119.0,-62.0,121.0,-79.0,-117.0,-187.0,403.0,249.0,40.0,5.0
-154.0,-44.0,135.0,-108.0,-65.0,165.0,351.0,197.0,36.0,14.0
-162.0,-84.0,106.0,-91.0,-44.0,181.0,196.0,81.0,12.0,-13.0
-188.0,-26.0,31.0,-70.0,-9.0,-31.0,29.0,-208.0,-2.0,9.0
-193.0,65.0,11.0,-31.0,-2.0,-95.0,-139.0,-249.0,1.0,27.0
-200.0,131.0,-2.0,40.0,-3.0,-18.0,-59.0,-1.0,-10.0,15.0
-183.0,-70.0,-33.0,77.0,42.0,71.0,291.0,242.0,1.0,-5.0
-145.0,-179.0,-36.0,74.0,39.0,31.0,168.0,402.0,26.0,2.0
-121.0,-163.0,-31.0,84.0,-73.0,79.0,-65.0,125.0,52.0,26.0
-108.0,-142.0,-15.0,110.0,-73.0,200.0,-119.0,-134.0,63.0,8.0
-108.0,47.0,0.0,103.0,-19.0,80.0,60.0,-173.0,86.0,7.0
-115.0,-105.0,-30.0,77.0,-11.0,24.0,310.0,147.0,125.0,37.0
-115.0,-223.0,-13.0,44.0,0.0,256.0,280.0,314.0,133.0,38.0
-107.0,-86.0,-48.0,-24.0,-68.0,267.0,159.0,90.0,96.0,2.0
-110.0,117.0,-92.0,-89.0,-11.0,-32.0,-136.0,86.0,56.0,-35.0
-101.0,141.0,-42.0,-122.0,88.0,-184.0,-285.0,5.0,16.0,-56.0
-99.0,0.0,-75.0,-127.0,2.0,-29.0,-316.0,49.0,-46.0,-101.0
-76.0,277.0,-58.0,-116.0,-20.0,96.0,-235.0,83.0,-54.0,-135.0
-61.0,354.0,-46.0,-103.0,-21.0,-34.0,23.0,27.0,-52.0,-124.0
-53.0,197.0,-68.0,-106.0,52.0,-106.0,-117.0,79.0,-57.0,-129.0
-67.0,270.0,-38.0,-112.0,56.0,181.0,-453.0,-59.0,-40.0,-136.0
-81.0,206.0,-7.0,-108.0,-73.0,467.0,-490.0,-144.0,-47.0,-132.0
-63.0,93.0,54.0,-57.0,5.0,445.0,-235.0,-118.0,-57.0,-133.0
-68.0,38.0,41.0,-1.0,55.0,435.0,-272.0,-29.0,-55.0,-136.0
-72.0,-23.0,33.0,44.0,-14.0,567.0,-607.0,-153.0,-34.0,-146.0
-93.0,-38.0,36.0,63.0,-98.0,651.0,-587.0,-201.0,-21.0,-143.0
-75.0,14.0,20.0,19.0,-132.0,561.0,-410.0,72.0,-11.0,-151.0
-81.0,92.0,21.0,3.0,-55.0,325.0,-320.0,179.0,6.0,-181.0
-107.0,6.0,43.0,-48.0,-49.0,204.0,-437.0,230.0,6.0,-209.0
-105.0,0.0,64.0,-103.0,-113.0,73.0,-642.0,-22.0,-1.0,-233.0
-102.0,42.0,-6.0,-139.0,-6.0,-148.0,-532.0,-306.0,-10.0,-261.0
-93.0,-44.0,19.0,-196.0,68.0,-112.0,-246.0,-277.0,-10.0,-288.0
-103.0,-119.0,13.0,-169.0,10.0,48.0,77.0,-197.0,-22.0,-299.0
-87.0,-252.0,-46.0,-51.0,66.0,-14.0,180.0,42.0,-55.0,-286.0
-68.0,-213.0,-20.0,106.0,38.0,-223.0,158.0,70.0,-82.0,-260.0
-55.0,-303.0,-66.0,165.0,0.0,-74.0,204.0,94.0,-72.0,-232.0
-54.0,-329.0,-75.0,146.0,81.0,143.0,134.0,149.0,-81.0,-199.0
-42.0,-219.0,-63.0,83.0,56.0,-77.0,296.0,168.0,-107.0,-163.0
-11.0,-303.0,-59.0,-11.0,-8.0,-324.0,503.0,388.0,-98.0,-142.0
26.0,-143.0,-32.0,-9.0,36.0,-349.0,627.0,362.0,-98.0,-126.0
30.0,-99.0,15.0,6.0,69.0,-291.0,677.0,330.0,-96.0,-107.0
-5.0,-72.0,39.0,0.0,28.0,-176.0,493.0,144.0,-91.0,-119.0
0.0,-13.0,53.0,10.0,-9.0,-69.0,268.0,-125.0,-68.0,-141.0
32.0,60.0,86.0,13.0,-61.0,-121.0,-16.0,-66.0,-43.0,-156.0
49.0,25.0,70.0,24.0,-33.0,-170.0,48.0,55.0,-37.0,-170.0
40.0,-213.0,105.0,6.0,0.0,-356.0,217.0,242.0,-20.0,-154.0
27.0,19.0,113.0,-51.0,-89.0,-423.0,143.0,166.0,-14.0,-140.0
10.0,79.0,124.0,-61.0,0.0,-67.0,6.0,140.0,-20.0,-139.0
6.0,75.0,146.0,-27.0,114.0,-123.0,-129.0,267.0,-48.0,-148.0
8.0,220.0,137.0,-1.0,-35.0,-578.0,-47.0,258.0,-94.0,-175.0
17.0,164.0,169.0,22.0,-88.0,-821.0,-209.0,206.0,-129.0,-181.0
-4.0,250.0,146.0,-30.0,3.0,-779.0,-517.0,12.0,-150.0,-184.0
-30.0,186.0,155.0,-141.0,-29.0,-659.0,-579.0,-75.0,-177.0,-204.0
-43.0,138.0,155.0,-207.0,-109.0,-563.0,-467.0,-118.0,-181.0,-223.0
-34.0,154.0,119.0,-222.0,-30.0,-339.0,-303.0,-7.0,-151.0,-232.0
-7.0,-86.0,165.0,-229.0,9.0,-81.0,-314.0,103.0,-142.0,-213.0
-38.0,-177.0,130.0,-210.0,-23.0,-101.0,-389.0,184.0,-113.0,-209.0
-56.0,-178.0,80.0,-122.0,69.0,-381.0,-575.0,511.0,-68.0,-215.0
-68.0,-262.0,100.0,-62.0,35.0,-294.0,-503.0,668.0,-33.0,-189.0
-67.0,-291.0,89.0,-27.0,-87.0,142.0,-145.0,807.0,21.0,-160.0
-72.0,-178.0,86.0,48.0,-25.0,176.0,-10.0,685.0,55.0,-130.0
-82.0,-53.0,79.0,48.0,-35.0,-75.0,32.0,406.0,68.0,-80.0
-65.0,-248.0,68.0,-41.0,-158.0,-93.0,76.0,275.0,77.0,-18.0
-42.0,-277.0,52.0,-94.0,-32.0,-80.0,325.0,-83.0,50.0,30.0
-12.0,-178.0,36.0,-92.0,27.0,-360.0,593.0,-223.0,22.0,82.0
-17.0,-105.0,58.0,-77.0,-62.0,-659.0,599.0,-203.0,15.0,106.0
-25.0,16.0,47.0,-55.0,-18.0,-616.0,503.0,-116.0,-10.0,113.0
-24.0,-137.0,60.0,-21.0,-22.0,-478.0,365.0,-68.0,-14.0,122.0
-36.0,-75.0,79.0,-37.0,26.0,-436.0,310.0,-169.0,-31.0,108.0
-63.0,-12.0,58.0,-142.0,113.0,-386.0,12.0,-22.0,-62.0,93.0
-84.0,-83.0,116.0,-168.0,1.0,-469.0,-394.0,127.0,-48.0,53.0
-105.0,111.0,126.0,-98.0,-71.0,-707.0,-462.0,260.0,-43.0,26.0
-135.0,91.0,118.0,-26.0,42.0,-849.0,-445.0,133.0,-24.0,18.0
-157.0,-71.0,139.0,70.0,47.0,-677.0,-458.0,18.0,-1.0,3.0
-146.0,-6.0,164.0,129.0,-41.0,-489.0,-633.0,96.0,19.0,-13.0
-133.0,-4.0,211.0,176.0,-58.0,-500.0,-685.0,-64.0,47.0,-46.0
-131.0,-95.0,160.0,166.0,-37.0,-553.0,-486.0,-5.0,50.0,-28.0
-138.0,-122.0,174.0,113.0,-5.0,-505.0,-368.0,44.0,47.0,-14.0
-128.0,-45.0,213.0,96.0,8.0,-239.0,-313.0,9.0,40.0,-28.0
-105.0,-28.0,176.0,96.0,2.0,-79.0,-330.0,-72.0,18.0,-6.0
-96.0,-179.0,233.0,100.0,-54.0,-93.0,-92.0,-96.0,-9.0,-1.0
-53.0,8.0,234.0,107.0,-65.0,-174.0,416.0,123.0,-16.0,-4.0
-48.0,362.0,204.0,168.0,-49.0,-429.0,914.0,86.0,-47.0,10.0
-39.0,449.0,201.0,195.0,-65.0,-776.0,1044.0,42.0,-75.0,24.0
-36.0,169.0,174.0,166.0,-85.0,-944.0,716.0,-107.0,-100.0,22.0
-19.0,17.0,191.0,103.0,-1.0,-838.0,482.0,-101.0,-141.0,16.0
1.0,206.0,162.0,65.0,29.0,-644.0,261.0,282.0,-154.0,44.0
-15.0,-42.0,142.0,57.0,-70.0,-517.0,-2.0,485.0,-176.0,69.0
-2.0,-266.0,112.0,58.0,-29.0,-415.0,-56.0,626.0,-184.0,74.0
-7.0,-398.0,86.0,100.0,-1.0,-56.0,37.0,500.0,-180.0,72.0
14.0,-570.0,73.0,43.0,-6.0,273.0,-6.0,375.0,-191.0,62.0
17.0,-445.0,-2.0,0.0,-40.0,144.0,-364.0,297.0,-186.0,42.0
34.0,-278.0,9.0,-36.0,-74.0,-43.0,-627.0,166.0,-184.0,11.0
32.0,-140.0,-20.0,-76.0,-5.0,-18.0,-545.0,162.0,-173.0,10.0
27.0,-167.0,-75.0,-75.0,50.0,-78.0,-285.0,25.0,-145.0,24.0
13.0,54.0,-71.0,-74.0,28.0,-265.0,-32.0,92.0,-136.0,37.0
-15.0,212.0,-114.0,22.0,8.0,-487.0,91.0,147.0,-118.0,41.0
-4.0,91.0,-86.0,69.0,103.0,-723.0,316.0,182.0,-91.0,23.0
-36.0,103.0,-54.0,62.0,19.0,-892.0,552.0,262.0,-67.0,0.0
-15.0,-67.0,-79.0,31.0,-115.0,-920.0,495.0,164.0,-27.0,-30.0
-27.0,-198.0,-52.0,-18.0,-83.0,-832.0,310.0,160.0,-15.0,-55.0
-30.0,-330.0,-55.0,-15.0,0.0,-747.0,163.0,-90.0,-4.0,-64.0
-41.0,-337.0,-56.0,26.0,73.0,-630.0,185.0,-297.0,0.0,-83.0
-67.0,-63.0,-43.0,100.0,63.0,-482.0,-49.0,-266.0,-2.0,-117.0
-62.0,43.0,-70.0,122.0,63.0,-265.0,-433.0,-134.0,-2.0,-120.0
-97.0,85.0,-25.0,81.0,38.0,-160.0,-419.0,118.0,-13.0,-107.0
-118.0,121.0,-19.0,31.0,15.0,-179.0,-242.0,184.0,9.0,-104.0
-151.0,91.0,-38.0,-23.0,1.0,-189.0,-47.0,306.0,8.0,-91.0
-137.0,-148.0,-14.0,-74.0,-43.0,-376.0,-90.0,314.0,26.0,-71.0
-128.0,-347.0,-57.0,-79.0,-63.0,-454.0,-184.0,223.0,39.0,-48.0
-113.0,-218.0,-28.0,-78.0,22.0,-345.0,-163.0,155.0,11.0,-29.0
-99.0,-116.0,-10.0,-109.0,44.0,-162.0,-107.0,-96.0,32.0,-6.0
-84.0,-12.0,-59.0,-127.0,-69.0,59.0,-4.0,-345.0,20.0,13.0
-87.0,132.0,-25.0,-139.0,-34.0,30.0,109.0,-624.0,7.0,16.0
-91.0,257.0,6.0,-172.0,-29.0,-269.0,330.0,-567.0,19.0,5.0
-73.0,296.0,17.0,-131.0,-83.0,-540.0,188.0,-303.0,29.0,-7.0
-73.0,246.0,55.0,-10.0,-138.0,-471.0,-210.0,-68.0,37.0,-23.0
-53.0,168.0,103.0,48.0,-189.0,-252.0,-522.0,175.0,22.0,-49.0
-56.0,82.0,107.0,99.0,-39.0,-189.0,-594.0,328.0,29.0,-71.0
-33.0,-24.0,124.0,148.0,119.0,-214.0,-353.0,635.0,46.0,-96.0
-35.0,-266.0,147.0,132.0,99.0,-230.0,-137.0,637.0,60.0,-134.0
-10.0,-287.0,119.0,72.0,90.0,-23.0,284.0,412.0,67.0,-176.0
3.0,-330.0,116.0,7.0,65.0,332.0,852.0,136.0,62.0,-189.0
2.0,-324.0,108.0,48.0,-2.0,413.0,1084.0,-131.0,83.0,-189.0
22.0,-218.0,112.0,112.0,4.0,253.0,1062.0,-212.0,100.0,-177.0
25.0,-342.0,99.0,132.0,-79.0,116.0,1104.0,-330.0,97.0,-149.0
58.0,-101.0,46.0,148.0,-123.0,124.0,1197.0,-206.0,127.0,-126.0
28.0,-49.0,36.0,113.0,-92.0,193.0,1117.0,-44.0,131.0,-94.0
16.0,-256.0,35.0,35.0,-50.0,157.0,817.0,203.0,107.0,-74.0
-1.0,-199.0,21.0,-53.0,-14.0,52.0,518.0,319.0,96.0,-68.0
-23.0,-102.0,27.0,-48.0,-60.0,35.0,368.0,153.0,61.0,-88.0
-51.0,-48.0,17.0,-6.0,-48.0,151.0,112.0,221.0,39.0,-108.0
-78.0,33.0,17.0,8.0,-32.0,110.0,-500.0,151.0,11.0,-124.0
-61.0,257.0,14.0,16.0,-15.0,44.0,-1153.0,157.0,-31.0,-157.0
-60.0,293.0,39.0,7.0,7.0,68.0,-1413.0,267.0,-43.0,-178.0
-51.0,389.0,30.0,16.0,72.0,84.0,-1448.0,218.0,-71.0,-192.0
-80.0,423.0,-4.0,-10.0,101.0,247.0,-1399.0,60.0,-92.0,-184.0
-67.0,276.0,44.0,-35.0,95.0,399.0,-1216.0,-151.0,-68.0,-142.0
-64.0,117.0,36.0,-38.0,113.0,467.0,-727.0,-27.0,-64.0,-94.0
-89.0,-21.0,42.0,-1.0,7.0,448.0,-192.0,27.0,-40.0,-50.0
-111.0,-50.0,64.0,34.0,-13.0,488.0,-113.0,-20.0,-4.0,4.0
-122.0,-286.0,52.0,0.0,-26.0,475.0,29.0,-103.0,16.0,52.0
-106.0,-280.0,45.0,17.0,-93.0,321.0,725.0,-332.0,44.0,80.0
-107.0,-155.0,16.0,68.0,-90.0,252.0,1546.0,-323.0,57.0,110.0
-107.0,-64.0,11.0,101.0,-132.0,151.0,1673.0,-303.0,80.0,128.0
-140.0,11.0,0.0,82.0,-25.0,79.0,1073.0,-295.0,102.0,129.0
-169.0,-126.0,-27.0,21.0,1.0,26.0,638.0,-543.0,114.0,111.0
-184.0,-219.0,-18.0,-36.0,-177.0,-54.0,791.0,-652.0,123.0,85.0
-174.0,-226.0,-16.0,-109.0,-110.0,-319.0,1094.0,-214.0,124.0,55.0
-150.0,-83.0,-11.0,-107.0,-87.0,-538.0,1025.0,84.0,132.0,14.0
-119.0,-75.0,7.0,-34.0,-106.0,-379.0,703.0,402.0,146.0,-16.0
-97.0,39.0,-36.0,85.0,46.0,-150.0,392.0,454.0,142.0,-48.0
-95.0,141.0,-10.0,197.0,37.0,17.0,98.0,314.0,145.0,-64.0
-103.0,54.0,0.0,128.0,91.0,27.0,-283.0,221.0,153.0,-62.0
-116.0,167.0,-27.0,-21.0,183.0,-20.0,-419.0,36.0,164.0,-64.0
-115.0,207.0,35.0,-121.0,60.0,-83.0,-257.0,18.0,171.0,-48.0
-132.0,282.0,-26.0,-145.0,30.0,35.0,-422.0,-94.0,163.0,-23.0
-113.0,243.0,-23.0,-109.0,55.0,220.0,-595.0,-24.0,184.0,-10.0
-69.0,-35.0,76.0,-71.0,-24.0,158.0,-405.0,-9.0,190.0,16.0
-24.0,-347.0,52.0,-3.0,-24.0,121.0,-260.0,-94.0,201.0,48.0
10.0,-500.0,90.0,6.0,-35.0,94.0,-215.0,42.0,216.0,66.0
14.0,-456.0,72.0,-6.0,-75.0,180.0,-241.0,-55.0,220.0,102.0
25.0,-478.0,84.0,50.0,-16.0,97.0,-289.0,-77.0,224.0,123.0
29.0,-368.0,122.0,105.0,24.0,-239.0,-54.0,-22.0,207.0,127.0
29.0,-247.0,35.0,76.0,2.0,-321.0,75.0,-36.0,182.0,137.0
32.0,103.0,14.0,42.0,-1.0,-213.0,-140.0,-127.0,138.0,139.0
59.0,601.0,18.0,74.0,-20.0,-243.0,-197.0,-184.0,120.0,138.0
77.0,560.0,23.0,102.0,-20.0,-252.0,71.0,-75.0,87.0,123.0
62.0,365.0,14.0,100.0,-33.0,8.0,343.0,-142.0,44.0,97.0
51.0,390.0,2.0,95.0,-96.0,-5.0,420.0,-51.0,19.0,74.0
17.0,564.0,-35.0,150.0,23.0,-102.0,699.0,55.0,-3.0,65.0
19.0,547.0,-43.0,181.0,21.0,104.0,989.0,24.0,-7.0,60.0
33.0,213.0,-48.0,182.0,-44.0,286.0,687.0,33.0,-30.0,34.0
26.0,-114.0,-81.0,186.0,-21.0,238.0,207.0,-35.0,-35.0,0.0
30.0,-339.0,-49.0,169.0,-72.0,50.0,313.0,59.0,-23.0,-24.0
19.0,-450.0,-79.0,131.0,83.0,212.0,732.0,66.0,-20.0,-48.0
27.0,-507.0,-42.0,117.0,62.0,469.0,665.0,-9.0,-17.0,-86.0
7.0,-411.0,2.0,109.0,1.0,490.0,267.0,-218.0,0.0,-138.0
5.0,-138.0,0.0,65.0,179.0,268.0,-113.0,-404.0,5.0,-186.0
17.0,-53.0,22.0,91.0,142.0,41.0,-386.0,-301.0,4.0,-220.0
1.0,-175.0,-7.0,117.0,83.0,166.0,-470.0,-345.0,3.0,-223.0
8.0,-296.0,-6.0,117.0,158.0,348.0,-470.0,-315.0,-16.0,-205.0
20.0,-322.0,-1.0,58.0,101.0,310.0,-457.0,-245.0,-10.0,-193.0
47.0,-39.0,-5.0,3.0,47.0,165.0,-512.0,-169.0,-7.0,-153.0
59.0,231.0,-50.0,12.0,62.0,214.0,-577.0,-218.0,-1.0,-109.0
65.0,274.0,-71.0,8.0,-65.0,207.0,-367.0,-384.0,27.0,-77.0
55.0,380.0,-58.0,58.0,-30.0,64.0,-13.0,-286.0,39.0,-29.0
38.0,658.0,-38.0,107.0,10.0,29.0,111.0,-267.0,61.0,12.0
2.0,885.0,-78.0,117.0,-97.0,19.0,100.0,-96.0,76.0,52.0
-31.0,784.0,-107.0,74.0,-25.0,-27.0,63.0,33.0,80.0,78.0
-32.0,609.0,-38.0,17.0,-50.0,57.0,192.0,107.0,100.0,73.0
-15.0,282.0,-102.0,-24.0,-180.0,285.0,673.0,325.0,102.0,41.0
-5.0,-58.0,-97.0,-17.0,-182.0,321.0,1145.0,275.0,116.0,13.0
-27.0,-282.0,-26.0,34.0,-119.0,169.0,1143.0,153.0,115.0,-2.0
-24.0,-461.0,-37.0,55.0,-30.0,-208.0,691.0,-195.0,107.0,3.0
-22.0,-189.0,-9.0,60.0,6.0,-304.0,75.0,-413.0,117.0,5.0
-11.0,33.0,7.0,34.0,-45.0,-133.0,-253.0,-347.0,104.0,-4.0
-29.0,19.0,12.0,-59.0,-28.0,-293.0,-37.0,-262.0,106.0,14.0
-34.0,61.0,47.0,-159.0,41.0,-529.0,119.0,-53.0,116.0,10.0
-18.0,71.0,24.0,-159.0,-17.0,-601.0,-12.0,31.0,114.0,-19.0
-13.0,39.0,5.0,-116.0,-40.0,-339.0,-222.0,258.0,109.0,-56.0
6.0,-27.0,11.0,-79.0,-24.0,-168.0,-339.0,347.0,96.0,-81.0
16.0,7.0,-53.0,-77.0,-62.0,-140.0,-258.0,206.0,98.0,-81.0
42.0,5.0,-57.0,-60.0,-56.0,-196.0,-225.0,46.0,99.0,-97.0
27.0,-18.0,-63.0,-48.0,-56.0,-129.0,-15.0,-275.0,89.0,-102.0
0.0,138.0,-79.0,-48.0,-24.0,122.0,426.0,-315.0,94.0,-104.0
-18.0,342.0,-61.0,3.0,21.0,3.0,588.0,-221.0,90.0,-103.0
-5.0,321.0,-89.0,-14.0,119.0,88.0,294.0,59.0,69.0,-119.0
-1.0,82.0,-85.0,-10.0,71.0,148.0,-49.0,345.0,58.0,-153.0
2.0,-143.0,-46.0,24.0,-93.0,112.0,-60.0,345.0,47.0,-168.0
40.0,-107.0,-31.0,-24.0,53.0,271.0,-3.0,347.0,41.0,-177.0
46.0,-222.0,-21.0,-76.0,90.0,302.0,-157.0,90.0,13.0,-160.0
40.0,-803.0,19.0,-98.0,-87.0,231.0,-436.0,-5.0,-12.0,-135.0
9.0,-1024.0,23.0,-122.0,-40.0,6.0,-506.0,51.0,-18.0,-123.0
2.0,-811.0,19.0,-139.0,68.0,-89.0,-81.0,24.0,-39.0,-120.0
10.0,-666.0,55.0,-128.0,25.0,-177.0,324.0,-81.0,-41.0,-95.0
24.0,-554.0,15.0,-65.0,28.0,-213.0,130.0,-352.0,-59.0,-49.0
20.0,-196.0,33.0,13.0,23.0,-258.0,-142.0,-304.0,-70.0,-45.0
31.0,329.0,51.0,50.0,-7.0,-377.0,74.0,-356.0,-61.0,-46.0
52.0,455.0,-14.0,72.0,134.0,-205.0,583.0,-317.0,-63.0,-25.0
55.0,209.0,19.0,85.0,42.0,-120.0,664.0,105.0,-47.0,13.0
49.0,66.0,6.0,70.0,-62.0,-201.0,262.0,509.0,-38.0,44.0
39.0,218.0,-18.0,67.0,86.0,-174.0,54.0,750.0,-6.0,56.0
71.0,340.0,14.0,88.0,54.0,39.0,166.0,441.0,22.0,89.0
90.0,216.0,-9.0,135.0,40.0,172.0,436.0,3.0,37.0,103.0
99.0,122.0,-41.0,116.0,76.0,110.0,412.0,-284.0,61.0,114.0
80.0,156.0,-6.0,-24.0,15.0,116.0,49.0,-325.0,88.0,115.0
85.0,236.0,-13.0,-124.0,89.0,154.0,-321.0,-138.0,116.0,85.0
99.0,354.0,-40.0,-159.0,154.0,95.0,-545.0,288.0,111.0,59.0
102.0,409.0,-30.0,-125.0,-33.0,69.0,-623.0,940.0,128.0,35.0
108.0,405.0,-48.0,-32.0,-127.0,104.0,-545.0,970.0,120.0,49.0
110.0,334.0,-26.0,0.0,73.0,-3.0,-91.0,609.0,114.0,69.0
112.0,85.0,-35.0,-38.0,122.0,-19.0,130.0,140.0,151.0,57.0
82.0,-17.0,-20.0,-111.0,4.0,92.0,30.0,-234.0,144.0,54.0
81.0,183.0,-58.0,-161.0,17.0,153.0,22.0,-218.0,160.0,86.0
65.0,248.0,-58.0,-130.0,73.0,265.0,115.0,-116.0,163.0,111.0
77.0,162.0,-17.0,-9.0,115.0,335.0,379.0,266.0,153.0,115.0
78.0,226.0,-90.0,75.0,27.0,366.0,564.0,552.0,158.0,149.0
92.0,205.0,-87.0,49.0,-67.0,399.0,674.0,593.0,162.0,170.0
100.0,218.0,-101.0,17.0,-12.0,331.0,684.0,415.0,163.0,163.0
75.0,309.0,-100.0,27.0,30.0,217.0,469.0,-12.0,152.0,157.0
78.0,98.0,-121.0,48.0,54.0,176.0,196.0,-186.0,146.0,166.0
69.0,-256.0,-137.0,51.0,20.0,92.0,-28.0,-142.0,118.0,161.0
101.0,-406.0,-70.0,-19.0,46.0,31.0,-199.0,138.0,100.0,134.0
98.0,-322.0,-82.0,-135.0,61.0,262.0,-361.0,240.0,63.0,130.0
112.0,-475.0,-85.0,-178.0,-9.0,315.0,-345.0,216.0,16.0,128.0
127.0,-648.0,-99.0,-194.0,-6.0,31.0,-223.0,384.0,-20.0,107.0
145.0,-689.0,-80.0,-152.0,-51.0,-27.0,-118.0,345.0,-49.0,87.0
140.0,-867.0,-65.0,-38.0,-23.0,-85.0,82.0,286.0,-64.0,93.0
117.0,-821.0,-116.0,62.0,85.0,-93.0,212.0,242.0,-66.0,82.0
142.0,-369.0,-60.0,94.0,51.0,178.0,369.0,314.0,-43.0,56.0
136.0,196.0,-5.0,89.0,25.0,329.0,506.0,245.0,-48.0,59.0
126.0,446.0,16.0,103.0,107.0,310.0,500.0,88.0,-27.0,60.0
82.0,752.0,49.0,77.0,38.0,122.0,490.0,225.0,-16.0,63.0
80.0,1002.0,50.0,28.0,-50.0,3.0,291.0,169.0,-13.0,53.0
85.0,875.0,57.0,-6.0,-49.0,-19.0,133.0,84.0,9.0,39.0
104.0,611.0,63.0,-17.0,-60.0,-74.0,186.0,-1.0,12.0,22.0
105.0,256.0,60.0,-6.0,-4.0,-8.0,180.0,153.0,28.0,-19.0
96.0,318.0,40.0,38.0,-23.0,54.0,-45.0,552.0,37.0,-42.0
123.0,432.0,33.0,63.0,28.0,268.0,-248.0,696.0,40.0,-45.0
62.0,307.0,42.0,47.0,71.0,169.0,-255.0,674.0,32.0,-59.0
39.0,330.0,-1.0,22.0,25.0,-111.0,-492.0,293.0,26.0,-66.0
46.0,244.0,-26.0,-10.0,72.0,68.0,-854.0,112.0,3.0,-30.0
70.0,0.0,-42.0,0.0,55.0,88.0,-1045.0,158.0,-20.0,8.0
80.0,-244.0,-79.0,-13.0,28.0,-11.0,-934.0,194.0,-40.0,7.0
54.0,-434.0,-49.0,-19.0,64.0,-80.0,-589.0,343.0,-61.0,0.0
42.0,-286.0,-103.0,17.0,43.0,-51.0,-457.0,286.0,-65.0,14.0
45.0,260.0,-134.0,6.0,17.0,174.0,-483.0,463.0,-60.0,22.0
63.0,349.0,-117.0,-44.0,77.0,166.0,-402.0,456.0,-54.0,-12.0
59.0,-2.0,-178.0,-50.0,46.0,-87.0,-13.0,212.0,-75.0,-26.0
51.0,-59.0,-95.0,-34.0,49.0,-256.0,536.0,134.0,-60.0,-19.0
35.0,-184.0,-39.0,-86.0,88.0,-82.0,794.0,35.0,-56.0,-43.0
37.0,-474.0,-62.0,-107.0,21.0,64.0,805.0,24.0,-60.0,-62.0
30.0,-467.0,21.0,-111.0,16.0,189.0,847.0,-136.0,-29.0,-61.0
26.0,-352.0,50.0,-125.0,-49.0,341.0,972.0,7.0,-33.0,-68.0
14.0,-213.0,-23.0,-48.0,-70.0,248.0,1061.0,243.0,-36.0,-75.0
33.0,249.0,23.0,60.0,44.0,141.0,940.0,221.0,-40.0,-75.0
76.0,491.0,16.0,73.0,-10.0,-46.0,618.0,275.0,-72.0,-77.0
99.0,516.0,-31.0,-16.0,-57.0,-79.0,314.0,306.0,-93.0,-89.0
130.0,699.0,0.0,-44.0,70.0,257.0,248.0,532.0,-96.0,-119.0
141.0,592.0,-45.0,-63.0,-2.0,273.0,293.0,609.0,-117.0,-118.0
185.0,240.0,-30.0,-69.0,-4.0,69.0,319.0,535.0,-114.0,-96.0
210.0,82.0,-61.0,44.0,70.0,103.0,362.0,393.0,-129.0,-101.0
234.0,171.0,-54.0,117.0,-98.0,5.0,176.0,96.0,-125.0,-107.0
229.0,32.0,-81.0,164.0,-18.0,-253.0,-138.0,35.0,-93.0,-103.0
199.0,-215.0,-130.0,166.0,64.0,-436.0,-395.0,121.0,-109.0,-92.0
193.0,-359.0,-58.0,138.0,-47.0,-296.0,-448.0,253.0,-103.0,-97.0
173.0,-465.0,-50.0,90.0,50.0,-16.0,-418.0,110.0,-93.0,-97.0
163.0,-202.0,-19.0,23.0,43.0,-40.0,-688.0,38.0,-71.0,-97.0
154.0,141.0,-18.0,3.0,-16.0,32.0,-944.0,190.0,-41.0,-115.0
196.0,419.0,8.0,-83.0,44.0,329.0,-869.0,169.0,-15.0,-122.0
187.0,513.0,-4.0,-148.0,-27.0,484.0,-529.0,347.0,20.0,-127.0
115.0,260.0,14.0,-134.0,8.0,515.0,-349.0,493.0,61.0,-142.0
73.0,68.0,64.0,-110.0,-6.0,557.0,-416.0,552.0,104.0,-191.0
83.0,-243.0,17.0,-108.0,-40.0,669.0,-264.0,498.0,127.0,-232.0
114.0,-396.0,49.0,-82.0,-16.0,690.0,105.0,354.0,137.0,-226.0
76.0,-59.0,37.0,-64.0,-114.0,500.0,277.0,375.0,129.0,-202.0
24.0,78.0,-11.0,-114.0,-26.0,471.0,269.0,245.0,100.0,-172.0
35.0,-48.0,-30.0,-128.0,5.0,613.0,436.0,214.0,97.0,-121.0
72.0,-91.0,-36.0,-120.0,-24.0,437.0,601.0,116.0,120.0,-44.0
89.0,9.0,-72.0,-76.0,4.0,113.0,467.0,33.0,91.0,15.0
93.0,-237.0,-108.0,-27.0,21.0,116.0,291.0,129.0,73.0,67.0
77.0,-571.0,-140.0,5.0,75.0,365.0,330.0,153.0,81.0,123.0
65.0,-359.0,-169.0,23.0,82.0,373.0,137.0,327.0,70.0,152.0
71.0,-264.0,-146.0,36.0,-27.0,91.0,-378.0,325.0,74.0,155.0
92.0,-189.0,-158.0,27.0,-3.0,-16.0,-620.0,319.0,70.0,161.0
92.0,81.0,-120.0,-37.0,129.0,253.0,-338.0,232.0,54.0,183.0
85.0,278.0,-106.0,-136.0,-27.0,519.0,-32.0,81.0,33.0,182.0
80.0,357.0,-107.0,-238.0,20.0,483.0,-149.0,131.0,26.0,171.0
61.0,266.0,-65.0,-211.0,35.0,459.0,-384.0,-12.0,17.0,171.0
42.0,239.0,-48.0,-154.0,-99.0,396.0,-583.0,20.0,-7.0,158.0
24.0,225.0,-7.0,-117.0,100.0,233.0,-550.0,64.0,-36.0,115.0
63.0,188.0,6.0,-73.0,41.0,92.0,-310.0,142.0,-83.0,90.0
81.0,223.0,0.0,-92.0,-63.0,-66.0,31.0,284.0,-104.0,105.0
81.0,258.0,-31.0,-117.0,45.0,-82.0,518.0,273.0,-118.0,99.0
92.0,195.0,-3.0,-137.0,-25.0,-140.0,638.0,415.0,-154.0,81.0
100.0,71.0,26.0,-145.0,-32.0,-166.0,335.0,328.0,-157.0,72.0
122.0,-218.0,4.0,-114.0,59.0,-327.0,65.0,205.0,-163.0,77.0
132.0,-399.0,47.0,-41.0,-23.0,-509.0,118.0,51.0,-174.0,61.0
166.0,-206.0,-20.0,2.0,20.0,-339.0,234.0,-20.0,-152.0,24.0
151.0,-75.0,-33.0,-41.0,63.0,-363.0,160.0,131.0,-150.0,5.0
136.0,-209.0,-21.0,-75.0,-122.0,-247.0,118.0,171.0,-149.0,-29.0
164.0,-491.0,-104.0,-53.0,6.0,14.0,6.0,419.0,-127.0,-62.0
176.0,-530.0,-53.0,-58.0,54.0,164.0,-221.0,521.0,-108.0,-80.0
206.0,-456.0,-87.0,-27.0,-35.0,396.0,-314.0,502.0,-102.0,-81.0
220.0,-469.0,-121.0,24.0,80.0,564.0,-296.0,473.0,-99.0,-71.0
220.0,-292.0,-103.0,20.0,5.0,790.0,-489.0,297.0,-80.0,-67.0
205.0,-58.0,-132.0,52.0,-42.0,590.0,-1040.0,339.0,-69.0,-36.0
182.0,196.0,-85.0,83.0,-32.0,283.0,-1286.0,267.0,-56.0,-32.0
156.0,500.0,-93.0,121.0,-14.0,475.0,-901.0,107.0,-49.0,-76.0
114.0,327.0,-95.0,178.0,35.0,626.0,-507.0,-7.0,-50.0,-112.0
59.0,5.0,-76.0,168.0,2.0,436.0,-48.0,-12.0,-58.0,-148.0
15.0,47.0,-80.0,146.0,53.0,200.0,587.0,121.0,-80.0,-177.0
9.0,-281.0,-88.0,152.0,122.0,364.0,857.0,158.0,-85.0,-211.0
5.0,-849.0,-73.0,139.0,121.0,398.0,373.0,212.0,-78.0,-228.0
12.0,-826.0,-28.0,107.0,119.0,273.0,-243.0,25.0,-61.0,-225.0
23.0,-403.0,-47.0,79.0,113.0,152.0,-233.0,-169.0,-50.0,-239.0
2.0,-245.0,-22.0,13.0,51.0,-226.0,-143.0,-149.0,-24.0,-242.0
-73.0,118.0,-71.0,-45.0,91.0,-179.0,-319.0,3.0,20.0,-251.0
-94.0,688.0,-85.0,-137.0,44.0,195.0,-350.0,328.0,31.0,-253.0
-53.0,643.0,-53.0,-226.0,-100.0,278.0,226.0,423.0,63.0,-240.0
-32.0,702.0,-111.0,-210.0,-12.0,208.0,994.0,469.0,85.0,-216.0
0.0,951.0,-96.0,-159.0,-17.0,150.0,1012.0,426.0,79.0,-173.0
9.0,760.0,-117.0,-43.0,-62.0,167.0,476.0,369.0,80.0,-148.0
21.0,605.0,-126.0,21.0,13.0,415.0,416.0,275.0,57.0,-145.0
-6.0,719.0,-123.0,30.0,-93.0,518.0,723.0,66.0,36.0,-145.0
-42.0,549.0,-132.0,24.0,-39.0,143.0,301.0,123.0,-3.0,-137.0
-73.0,266.0,-135.0,-34.0,134.0,-332.0,-227.0,48.0,-40.0,-151.0
-100.0,133.0,-114.0,-32.0,30.0,-416.0,-263.0,96.0,-63.0,-190.0
-84.0,-158.0,-58.0,-25.0,-11.0,-211.0,-271.0,140.0,-89.0,-231.0
-72.0,-273.0,-53.0,-41.0,12.0,-106.0,-245.0,-7.0,-97.0,-267.0
-63.0,-136.0,-37.0,-59.0,37.0,59.0,-564.0,1.0,-117.0,-284.0
-64.0,54.0,18.0,-104.0,84.0,6.0,-1290.0,-175.0,-121.0,-305.0
-28.0,132.0,46.0,-115.0,-15.0,10.0,-1571.0,-232.0,-116.0,-317.0
31.0,95.0,37.0,-93.0,-21.0,183.0,-1202.0,-164.0,-120.0,-303.0
50.0,20.0,68.0,-109.0,81.0,114.0,-812.0,-24.0,-89.0,-286.0
-17.0,52.0,47.0,-121.0,66.0,355.0,-631.0,105.0,-60.0,-258.0
-44.0,84.0,81.0,-91.0,-5.0,394.0,-378.0,155.0,-31.0,-233.0
-1.0,-303.0,94.0,-69.0,-88.0,269.0,57.0,352.0,8.0,-225.0
47.0,-342.0,31.0,-38.0,-40.0,502.0,286.0,447.0,23.0,-202.0
57.0,-381.0,58.0,-29.0,66.0,752.0,354.0,559.0,40.0,-160.0
40.0,-638.0,30.0,-6.0,-31.0,863.0,426.0,397.0,27.0,-105.0
68.0,-507.0,11.0,28.0,-55.0,425.0,257.0,190.0,3.0,-43.0
44.0,-458.0,9.0,-10.0,42.0,140.0,117.0,205.0,-1.0,-6.0
-2.0,-401.0,-31.0,-107.0,98.0,320.0,57.0,92.0,-45.0,31.0
-79.0,-224.0,10.0,-202.0,26.0,369.0,43.0,70.0,-91.0,74.0
-84.0,-22.0,39.0,-217.0,-182.0,279.0,363.0,-155.0,-120.0,74.0
-29.0,-105.0,-2.0,-227.0,-41.0,175.0,724.0,-256.0,-142.0,81.0
1.0,4.0,26.0,-215.0,61.0,321.0,605.0,-179.0,-139.0,105.0
0.0,381.0,51.0,-138.0,-177.0,215.0,179.0,-271.0,-124.0,131.0
-4.0,341.0,29.0,-31.0,-77.0,55.0,-155.0,-203.0,-102.0,166.0
46.0,299.0,17.0,20.0,93.0,107.0,-327.0,-129.0,-93.0,202.0
44.0,339.0,16.0,7.0,8.0,18.0,-300.0,20.0,-97.0,230.0
40.0,447.0,-26.0,1.0,11.0,162.0,-210.0,84.0,-71.0,244.0
10.0,373.0,-36.0,-9.0,-3.0,227.0,-281.0,155.0,-55.0,237.0
17.0,225.0,-21.0,72.0,-100.0,154.0,-458.0,286.0,-48.0,217.0
69.0,370.0,-36.0,211.0,-20.0,9.0,-556.0,221.0,-19.0,219.0
94.0,397.0,16.0,353.0,23.0,-91.0,-369.0,308.0,-20.0,207.0
86.0,450.0,-12.0,391.0,-94.0,8.0,114.0,230.0,-32.0,208.0
78.0,593.0,-33.0,322.0,-44.0,-191.0,225.0,232.0,-30.0,234.0
99.0,622.0,-47.0,257.0,79.0,-279.0,-252.0,347.0,-40.0,238.0
80.0,638.0,-97.0,134.0,51.0,-244.0,-728.0,223.0,-59.0,253.0
60.0,546.0,-91.0,17.0,-4.0,-404.0,-890.0,116.0,-99.0,270.0
44.0,292.0,-72.0,-101.0,9.0,-398.0,-664.0,-105.0,-141.0,281.0
72.0,-108.0,-38.0,-185.0,57.0,-208.0,-257.0,-116.0,-167.0,265.0
73.0,-278.0,-40.0,-161.0,72.0,-173.0,-124.0,-155.0,-177.0,235.0
69.0,-392.0,-12.0,-83.0,56.0,-313.0,-328.0,-194.0,-192.0,210.0
66.0,-693.0,6.0,-50.0,40.0,-56.0,-369.0,-49.0,-211.0,172.0
53.0,-606.0,33.0,-44.0,59.0,400.0,-134.0,-46.0,-198.0,151.0
55.0,-491.0,42.0,-44.0,139.0,478.0,249.0,-49.0,-196.0,112.0
47.0,-340.0,40.0,-99.0,37.0,266.0,588.0,-260.0,-180.0,76.0
84.0,33.0,45.0,-140.0,-39.0,75.0,546.0,-306.0,-163.0,71.0
79.0,109.0,44.0,-121.0,42.0,18.0,381.0,-234.0,-151.0,56.0
60.0,-135.0,129.0,-72.0,-35.0,-191.0,250.0,-138.0,-116.0,53.0
28.0,-554.0,80.0,-94.0,-104.0,-515.0,-30.0,88.0,-122.0,32.0
25.0,-882.0,95.0,-113.0,-92.0,-626.0,-312.0,46.0,-98.0,2.0
15.0,-930.0,151.0,-112.0,-52.0,-415.0,-365.0,7.0,-60.0,11.0
23.0,-625.0,79.0,-190.0,-59.0,-111.0,-264.0,-147.0,-50.0,7.0
117.0,-107.0,101.0,-220.0,-38.0,62.0,-161.0,-288.0,-32.0,11.0
162.0,428.0,102.0,-153.0,-68.0,217.0,-246.0,-242.0,-29.0,11.0
155.0,819.0,87.0,-80.0,-67.0,313.0,-379.0,-194.0,-16.0,7.0
105.0,916.0,58.0,-4.0,36.0,271.0,-472.0,-35.0,-9.0,25.0
140.0,813.0,42.0,102.0,-102.0,265.0,-622.0,-14.0,9.0,43.0
177.0,398.0,0.0,176.0,-153.0,452.0,-610.0,-25.0,16.0,77.0
193.0,-116.0,-30.0,190.0,-91.0,606.0,-568.0,-96.0,4.0,88.0
198.0,-311.0,-7.0,154.0,-32.0,432.0,-534.0,-155.0,-1.0,96.0
151.0,-244.0,-53.0,141.0,-36.0,33.0,-463.0,-70.0,-29.0,122.0
89.0,-178.0,-22.0,192.0,-11.0,-220.0,-366.0,-72.0,-49.0,134.0
26.0,-57.0,-34.0,207.0,99.0,-103.0,-289.0,-5.0,-88.0,133.0
50.0,-2.0,-64.0,162.0,75.0,-180.0,-216.0,-83.0,-81.0,130.0
59.0,-121.0,-30.0,89.0,80.0,-483.0,137.0,-227.0,-69.0,137.0
64.0,-6.0,12.0,13.0,33.0,-306.0,378.0,-339.0,-75.0,142.0
50.0,21.0,21.0,-58.0,37.0,-1.0,245.0,-443.0,-36.0,134.0
51.0,-38.0,-23.0,-105.0,67.0,31.0,110.0,-323.0,-35.0,97.0
45.0,4.0,51.0,-77.0,0.0,-148.0,15.0,-273.0,-46.0,33.0
-6.0,-23.0,65.0,-9.0,-55.0,-381.0,-231.0,-238.0,-62.0,-37.0
0.0,-69.0,89.0,48.0,22.0,-192.0,-425.0,-417.0,-83.0,-100.0
18.0,-155.0,152.0,109.0,142.0,104.0,-372.0,-602.0,-101.0,-159.0
21.0,-11.0,122.0,131.0,84.0,190.0,-260.0,-559.0,-114.0,-219.0
-20.0,198.0,93.0,166.0,77.0,354.0,-367.0,-502.0,-122.0,-264.0
-58.0,381.0,53.0,216.0,68.0,448.0,-564.0,-232.0,-140.0,-276.0
-35.0,580.0,126.0,235.0,32.0,409.0,-400.0,-127.0,-131.0,-250.0
27.0,587.0,92.0,254.0,-47.0,161.0,-68.0,-12.0,-151.0,-217.0
32.0,283.0,42.0,227.0,-174.0,-19.0,123.0,64.0,-171.0,-174.0
11.0,-64.0,111.0,158.0,-69.0,-8.0,202.0,-16.0,-163.0,-125.0
-12.0,-244.0,66.0,119.0,34.0,-217.0,210.0,24.0,-159.0,-73.0
-42.0,-473.0,47.0,113.0,-7.0,-392.0,183.0,-35.0,-142.0,-13.0
-76.0,-292.0,35.0,57.0,25.0,-310.0,37.0,38.0,-115.0,28.0
-95.0,86.0,49.0,-43.0,13.0,-88.0,-102.0,-1.0,-101.0,59.0
-67.0,326.0,41.0,-65.0,-74.0,-239.0,-34.0,-110.0,-89.0,79.0
-72.0,442.0,21.0,-57.0,36.0,-406.0,0.0,-242.0,-47.0,104.0
-39.0,234.0,32.0,-89.0,12.0,-35.0,-190.0,-526.0,-43.0,128.0
-49.0,-31.0,-16.0,-30.0,-112.0,179.0,-286.0,-641.0,-25.0,126.0
-31.0,-390.0,-3.0,119.0,70.0,62.0,-168.0,-764.0,-21.0,116.0
-47.0,-499.0,13.0,231.0,108.0,41.0,-140.0,-661.0,-51.0,124.0
-72.0,-192.0,-14.0,253.0,4.0,270.0,-164.0,-539.0,-51.0,144.0
-55.0,173.0,22.0,277.0,25.0,275.0,18.0,-463.0,-59.0,148.0
-72.0,483.0,56.0,265.0,28.0,29.0,134.0,-273.0,-58.0,161.0
-29.0,471.0,28.0,139.0,-27.0,-110.0,90.0,-330.0,-91.0,186.0
-40.0,342.0,103.0,52.0,-61.0,-68.0,144.0,-253.0,-123.0,211.0
-1.0,122.0,97.0,-4.0,-60.0,47.0,279.0,-173.0,-128.0,240.0
-4.0,-191.0,45.0,-69.0,-115.0,-132.0,224.0,-192.0,-141.0,269.0
-2.0,-136.0,54.0,-105.0,-30.0,-348.0,-208.0,-249.0,-129.0,317.0
-8.0,-191.0,0.0,-134.0,31.0,-283.0,-498.0,-297.0,-112.0,358.0
-20.0,-191.0,-21.0,-138.0,-54.0,-178.0,-712.0,-64.0,-86.0,387.0
3.0,74.0,-44.0,-136.0,-57.0,-53.0,-1106.0,-48.0,-56.0,412.0
-9.0,-287.0,0.0,-88.0,-26.0,71.0,-1184.0,-133.0,-23.0,400.0
16.0,-720.0,-33.0,-33.0,-52.0,27.0,-969.0,-157.0,13.0,369.0
-16.0,-742.0,-33.0,-51.0,-61.0,60.0,-648.0,-103.0,43.0,348.0
-24.0,-643.0,-42.0,-17.0,36.0,71.0,-372.0,-107.0,49.0,311.0
-62.0,-413.0,-127.0,0.0,57.0,24.0,-292.0,-382.0,62.0,273.0
-54.0,-181.0,-118.0,14.0,131.0,227.0,-360.0,-447.0,64.0,242.0
-53.0,-108.0,-171.0,62.0,227.0,310.0,-304.0,-480.0,64.0,211.0
-45.0,-189.0,-143.0,92.0,123.0,97.0,51.0,-423.0,80.0,198.0
-28.0,-37.0,-126.0,134.0,59.0,-40.0,369.0,-423.0,71.0,167.0
-47.0,109.0,-99.0,108.0,48.0,6.0,493.0,-600.0,79.0,162.0
-44.0,-79.0,-93.0,33.0,-25.0,-89.0,539.0,-574.0,80.0,186.0
-72.0,-22.0,-71.0,-48.0,-142.0,-230.0,480.0,-576.0,88.0,183.0
-59.0,160.0,-3.0,-103.0,-164.0,-187.0,389.0,-437.0,96.0,186.0
-112.0,33.0,-86.0,-161.0,-34.0,-227.0,299.0,-328.0,104.0,191.0
-120.0,-6.0,-32.0,-192.0,4.0,-311.0,118.0,-173.0,117.0,198.0
-108.0,-64.0,-23.0,-148.0,-121.0,-360.0,104.0,77.0,104.0,195.0
-33.0,-135.0,-40.0,-69.0,-69.0,-289.0,256.0,22.0,110.0,186.0
-6.0,51.0,30.0,19.0,19.0,-254.0,219.0,-140.0,100.0,181.0
-39.0,299.0,-27.0,97.0,-67.0,-471.0,-122.0,-465.0,83.0,162.0
-30.0,541.0,-10.0,148.0,-111.0,-361.0,-392.0,-594.0,75.0,143.0
-34.0,699.0,9.0,105.0,-61.0,-52.0,-251.0,-570.0,65.0,148.0
0.0,873.0,-43.0,55.0,43.0,-71.0,-53.0,-515.0,50.0,175.0
-72.0,773.0,13.0,65.0,36.0,-237.0,-137.0,-260.0,20.0,181.0
-66.0,494.0,34.0,102.0,44.0,-232.0,-388.0,-194.0,-9.0,174.0
-52.0,420.0,0.0,117.0,64.0,-122.0,-464.0,-123.0,-20.0,173.0
-24.0,129.0,29.0,144.0,41.0,-159.0,-384.0,-256.0,-27.0,170.0
-23.0,-221.0,9.0,153.0,102.0,-134.0,-316.0,-456.0,-48.0,148.0
-82.0,-507.0,-42.0,110.0,43.0,-81.0,-201.0,-423.0,-61.0,110.0
-55.0,-706.0,-50.0,61.0,-48.0,-70.0,15.0,-437.0,-84.0,53.0
-40.0,-613.0,-61.0,10.0,3.0,-112.0,133.0,-393.0,-107.0,-8.0
-22.0,-433.0,-119.0,-9.0,34.0,-333.0,152.0,-421.0,-132.0,-32.0
-59.0,-186.0,-86.0,-49.0,-45.0,-399.0,241.0,-192.0,-141.0,-35.0
-48.0,-99.0,-62.0,-51.0,-23.0,-198.0,197.0,79.0,-148.0,-43.0
-56.0,-85.0,-22.0,-13.0,-29.0,-39.0,204.0,-3.0,-146.0,-51.0
-82.0,127.0,26.0,-38.0,-15.0,-62.0,287.0,-188.0,-99.0,-26.0
-93.0,250.0,-29.0,-97.0,89.0,-63.0,398.0,-458.0,-55.0,33.0
-106.0,89.0,33.0,-114.0,-50.0,-50.0,571.0,-386.0,-29.0,82.0
-80.0,-150.0,-2.0,-101.0,-56.0,-114.0,614.0,-286.0,-21.0,122.0
-62.0,-104.0,-18.0,-59.0,50.0,-131.0,624.0,-325.0,-18.0,171.0
-64.0,-291.0,64.0,-13.0,-3.0,-139.0,499.0,-461.0,-27.0,215.0
-102.0,-657.0,50.0,-16.0,24.0,-12.0,300.0,-739.0,-20.0,237.0
-118.0,-625.0,118.0,6.0,37.0,6.0,213.0,-766.0,28.0,235.0
-146.0,-458.0,128.0,25.0,-44.0,-83.0,222.0,-837.0,60.0,204.0
-129.0,-76.0,95.0,34.0,-8.0,118.0,246.0,-667.0,85.0,163.0
-119.0,430.0,113.0,55.0,111.0,155.0,48.0,-371.0,111.0,99.0
-113.0,933.0,77.0,159.0,-18.0,43.0,-386.0,-214.0,132.0,20.0
-113.0,1019.0,27.0,221.0,-27.0,-95.0,-699.0,-145.0,145.0,-21.0
-133.0,659.0,9.0,132.0,147.0,-230.0,-676.0,-397.0,149.0,-59.0
-133.0,349.0,-49.0,59.0,10.0,-148.0,-531.0,-535.0,151.0,-100.0
-163.0,-139.0,-93.0,44.0,-91.0,-127.0,-550.0,-654.0,158.0,-108.0
-146.0,-783.0,-75.0,33.0,41.0,-133.0,-710.0,-535.0,165.0,-112.0
-149.0,-1003.0,-96.0,-28.0,15.0,-240.0,-701.0,-247.0,171.0,-119.0
-123.0,-347.0,-87.0,-19.0,-28.0,-260.0,-559.0,-24.0,188.0,-107.0
-115.0,238.0,-86.0,-38.0,83.0,-121.0,-341.0,275.0,188.0,-79.0
-121.0,431.0,-40.0,-86.0,-9.0,-44.0,14.0,134.0,201.0,-35.0
-115.0,431.0,46.0,-53.0,37.0,59.0,344.0,-120.0,229.0,16.0
-113.0,56.0,52.0,-52.0,40.0,-99.0,448.0,-338.0,251.0,47.0
-83.0,-50.0,47.0,-12.0,-90.0,-281.0,192.0,-410.0,272.0,70.0
-103.0,-87.0,52.0,79.0,60.0,-202.0,-103.0,-349.0,267.0,93.0
-112.0,-217.0,48.0,150.0,-17.0,38.0,-168.0,-441.0,257.0,100.0
-136.0,-138.0,-6.0,155.0,-34.0,279.0,4.0,-400.0,236.0,107.0
-116.0,341.0,-19.0,186.0,-1.0,204.0,338.0,-423.0,196.0,112.0
-121.0,565.0,6.0,179.0,-13.0,123.0,568.0,-328.0,146.0,104.0
-129.0,211.0,0.0,100.0,94.0,139.0,575.0,-356.0,91.0,110.0
-120.0,16.0,10.0,49.0,5.0,174.0,531.0,-533.0,49.0,128.0
-110.0,-414.0,-12.0,-33.0,-22.0,137.0,520.0,-343.0,20.0,116.0
-78.0,-826.0,-35.0,-78.0,3.0,-235.0,573.0,-144.0,-8.0,100.0
-111.0,-704.0,-29.0,-75.0,-76.0,-454.0,630.0,86.0,-36.0,85.0
-105.0,-437.0,-69.0,-87.0,-74.0,-401.0,516.0,57.0,-46.0,82.0
-120.0,-112.0,-58.0,-79.0,-70.0,-381.0,379.0,-164.0,-41.0,96.0
-108.0,194.0,-25.0,-29.0,-210.0,-366.0,232.0,-343.0,-41.0,113.0
-120.0,354.0,-56.0,-33.0,-78.0,-346.0,93.0,-668.0,-59.0,169.0
-143.0,596.0,-33.0,-78.0,-31.0,-217.0,-49.0,-785.0,-58.0,205.0
-163.0,907.0,12.0,-69.0,-184.0,-137.0,-269.0,-711.0,-68.0,222.0
-204.0,899.0,12.0,-60.0,13.0,-68.0,-285.0,-264.0,-91.0,253.0
-183.0,728.0,11.0,-44.0,-19.0,141.0,-180.0,40.0,-79.0,270.0
-201.0,584.0,77.0,-45.0,-51.0,135.0,-156.0,-75.0,-83.0,273.0
-181.0,333.0,88.0,-52.0,90.0,-212.0,-266.0,-195.0,-88.0,249.0
-190.0,-4.0,99.0,-29.0,-10.0,-705.0,-467.0,-469.0,-63.0,229.0
-200.0,-180.0,168.0,-6.0,72.0,-776.0,-476.0,-478.0,-47.0,211.0
-189.0,-251.0,130.0,8.0,167.0,-184.0,-347.0,-362.0,-21.0,188.0
-200.0,-338.0,134.0,49.0,-7.0,104.0,-366.0,-121.0,0.0,183.0
-201.0,-481.0,116.0,124.0,12.0,-169.0,-407.0,234.0,9.0,190.0
-220.0,-831.0,117.0,134.0,66.0,-275.0,-375.0,277.0,42.0,194.0
-221.0,-900.0,86.0,101.0,-41.0,-131.0,-324.0,153.0,69.0,187.0
-192.0,-712.0,29.0,86.0,-3.0,-3.0,-221.0,-247.0,85.0,178.0
-157.0,-707.0,65.0,61.0,-74.0,-55.0,-60.0,-426.0,107.0,179.0
-134.0,-732.0,7.0,-30.0,-69.0,-265.0,300.0,-301.0,114.0,172.0
-95.0,-661.0,-16.0,-93.0,34.0,-411.0,693.0,-79.0,118.0,137.0
-55.0,-297.0,-25.0,-85.0,-89.0,-410.0,749.0,225.0,129.0,98.0
-26.0,-54.0,-16.0,-103.0,-51.0,-389.0,462.0,194.0,140.0,71.0
-57.0,-149.0,-42.0,-99.0,-29.0,-227.0,322.0,94.0,137.0,47.0
-34.0,-204.0,-18.0,-48.0,-58.0,34.0,534.0,-44.0,142.0,13.0
-15.0,-331.0,-21.0,-6.0,16.0,20.0,578.0,-68.0,170.0,-27.0
-11.0,-325.0,-23.0,-3.0,-74.0,16.0,310.0,-7.0,197.0,-44.0
17.0,-233.0,83.0,15.0,-2.0,158.0,34.0,-55.0,205.0,-48.0
4.0,-46.0,-11.0,0.0,109.0,58.0,-127.0,86.0,197.0,-46.0
39.0,115.0,40.0,-86.0,-147.0,-260.0,-303.0,44.0,167.0,-21.0
8.0,40.0,56.0,-71.0,-146.0,-479.0,-532.0,-29.0,129.0,-7.0
30.0,210.0,32.0,38.0,-100.0,-377.0,-734.0,-136.0,112.0,-12.0
21.0,266.0,100.0,134.0,-175.0,-298.0,-816.0,-314.0,69.0,-2.0
-8.0,281.0,67.0,144.0,49.0,-479.0,-822.0,-328.0,39.0,9.0
-3.0,132.0,142.0,16.0,-3.0,-626.0,-735.0,-349.0,28.0,-14.0
-62.0,-169.0,105.0,-138.0,-42.0,-596.0,-535.0,-99.0,-1.0,-50.0
-48.0,118.0,115.0,-169.0,172.0,-457.0,-486.0,90.0,-9.0,-48.0
-58.0,517.0,107.0,-134.0,100.0,-452.0,-308.0,157.0,-42.0,-33.0
-23.0,966.0,84.0,-76.0,-33.0,-494.0,34.0,48.0,-67.0,-31.0
-35.0,1143.0,155.0,39.0,13.0,-144.0,211.0,-293.0,-60.0,-26.0
-66.0,992.0,139.0,172.0,23.0,302.0,365.0,-456.0,-73.0,-14.0
-52.0,792.0,162.0,176.0,107.0,195.0,437.0,-580.0,-82.0,-18.0
-72.0,185.0,130.0,22.0,141.0,-44.0,431.0,-382.0,-80.0,-37.0
-50.0,-442.0,120.0,-108.0,-26.0,-3.0,523.0,-140.0,-73.0,-74.0
-79.0,-810.0,98.0,-204.0,63.0,-60.0,612.0,-88.0,-80.0,-123.0
-76.0,-699.0,74.0,-234.0,59.0,-210.0,687.0,-59.0,-80.0,-177.0
-67.0,-276.0,57.0,-181.0,-16.0,-245.0,703.0,-125.0,-79.0,-225.0
-49.0,150.0,-12.0,-166.0,-8.0,-148.0,604.0,0.0,-100.0,-248.0
-32.0,253.0,20.0,-165.0,-101.0,-50.0,596.0,90.0,-113.0,-261.0
-55.0,114.0,27.0,-145.0,2.0,-153.0,582.0,177.0,-113.0,-263.0
-43.0,-56.0,-17.0,-108.0,80.0,-358.0,528.0,182.0,-108.0,-245.0
-34.0,-400.0,-9.0,-66.0,37.0,-478.0,338.0,134.0,-99.0,-207.0
-7.0,-298.0,11.0,-31.0,78.0,-447.0,44.0,206.0,-106.0,-175.0
-9.0,-55.0,-11.0,0.0,123.0,-275.0,-78.0,7.0,-92.0,-176.0
-12.0,229.0,-42.0,32.0,83.0,4.0,-320.0,-214.0,-50.0,-184.0
13.0,500.0,-39.0,27.0,21.0,223.0,-557.0,-395.0,-23.0,-192.0
33.0,365.0,-49.0,-49.0,-76.0,116.0,-728.0,-380.0,2.0,-234.0
38.0,57.0,-51.0,-87.0,7.0,16.0,-927.0,-206.0,3.0,-262.0
21.0,-397.0,-21.0,-73.0,113.0,104.0,-844.0,-94.0,12.0,-273.0
4.0,-698.0,-36.0,-58.0,-14.0,37.0,-609.0,147.0,25.0,-318.0
-22.0,-822.0,-21.0,2.0,52.0,-93.0,-413.0,173.0,23.0,-356.0
-38.0,-736.0,8.0,69.0,110.0,-158.0,-265.0,194.0,33.0,-365.0
-32.0,-599.0,-7.0,90.0,127.0,-16.0,-211.0,192.0,9.0,-374.0
-29.0,-497.0,9.0,63.0,134.0,170.0,-90.0,164.0,-14.0,-408.0
-21.0,-365.0,20.0,85.0,-33.0,7.0,117.0,375.0,-26.0,-401.0
-22.0,-269.0,17.0,56.0,73.0,-151.0,227.0,504.0,-53.0,-387.0
-44.0,-137.0,37.0,-19.0,194.0,-109.0,376.0,594.0,-67.0,-377.0
-77.0,-168.0,64.0,49.0,11.0,-262.0,443.0,395.0,-59.0,-329.0
-114.0,-65.0,71.0,119.0,-65.0,-636.0,474.0,199.0,-60.0,-296.0
-120.0,265.0,106.0,144.0,46.0,-751.0,637.0,175.0,-74.0,-249.0
-97.0,476.0,107.0,131.0,-1.0,-355.0,620.0,114.0,-56.0,-233.0
-73.0,432.0,55.0,89.0,-40.0,-72.0,505.0,179.0,-26.0,-226.0
-64.0,270.0,79.0,65.0,22.0,-85.0,325.0,42.0,14.0,-213.0
-46.0,161.0,44.0,38.0,-31.0,129.0,205.0,116.0,36.0,-202.0
-21.0,42.0,4.0,39.0,79.0,348.0,339.0,218.0,42.0,-209.0
-10.0,164.0,45.0,19.0,25.0,128.0,354.0,18.0,66.0,-233.0
8.0,300.0,39.0,-4.0,-98.0,-338.0,241.0,-212.0,69.0,-219.0
-6.0,229.0,64.0,-5.0,0.0,-332.0,100.0,-419.0,64.0,-229.0
-29.0,299.0,77.0,-8.0,-60.0,6.0,-77.0,-230.0,71.0,-242.0
-41.0,-21.0,70.0,7.0,-81.0,-31.0,0.0,-24.0,60.0,-245.0
-36.0,-570.0,72.0,33.0,-77.0,-230.0,119.0,212.0,46.0,-269.0
-4.0,-545.0,49.0,-24.0,-2.0,-196.0,93.0,404.0,48.0,-293.0
-3.0,-416.0,102.0,-104.0,33.0,-10.0,91.0,360.0,49.0,-299.0
-6.0,-327.0,75.0,-131.0,-79.0,-137.0,-34.0,273.0,48.0,-286.0
-19.0,76.0,14.0,-90.0,-73.0,-410.0,-126.0,-90.0,47.0,-279.0
-34.0,554.0,54.0,-37.0,-70.0,-379.0,-98.0,-282.0,27.0,-248.0
-46.0,679.0,2.0,-51.0,-9.0,-276.0,-89.0,-367.0,18.0,-202.0
-55.0,726.0,18.0,-87.0,15.0,-150.0,-59.0,-406.0,16.0,-150.0
-46.0,928.0,38.0,-162.0,-21.0,-84.0,-122.0,-260.0,-2.0,-95.0
-50.0,797.0,3.0,-214.0,12.0,-12.0,-130.0,-160.0,-21.0,-60.0
-80.0,611.0,41.0,-203.0,28.0,143.0,0.0,59.0,-46.0,-27.0
-104.0,354.0,-13.0,-128.0,-13.0,68.0,4.0,127.0,-54.0,-18.0
-98.0,-215.0,-2.0,-27.0,-113.0,-83.0,24.0,129.0,-53.0,-14.0
-71.0,-623.0,31.0,3.0,-89.0,-62.0,85.0,73.0,-40.0,-12.0
-68.0,-917.0,18.0,3.0,0.0,184.0,106.0,20.0,-8.0,-45.0
-81.0,-1134.0,37.0,4.0,-19.0,95.0,418.0,205.0,8.0,-74.0
-84.0,-955.0,1.0,-3.0,-116.0,-261.0,697.0,256.0,34.0,-91.0
-89.0,-304.0,6.0,-69.0,-108.0,64.0,802.0,321.0,15.0,-83.0
-82.0,104.0,-1.0,-147.0,132.0,331.0,897.0,334.0,0.0,-67.0
-102.0,62.0,7.0,-207.0,187.0,-15.0,875.0,369.0,0.0,-68.0
-91.0,-58.0,24.0,-251.0,3.0,-239.0,1012.0,406.0,-15.0,-36.0
-70.0,-235.0,36.0,-211.0,2.0,-57.0,1050.0,275.0,3.0,-14.0
-66.0,-315.0,67.0,-175.0,64.0,157.0,856.0,325.0,-1.0,-21.0
-49.0,-94.0,16.0,-135.0,106.0,41.0,660.0,264.0,-2.0,-30.0
-47.0,291.0,10.0,-55.0,23.0,75.0,311.0,219.0,20.0,-37.0
-43.0,371.0,5.0,-17.0,-121.0,161.0,-19.0,173.0,45.0,-35.0
-78.0,484.0,-24.0,12.0,101.0,-116.0,-220.0,48.0,61.0,-40.0
-106.0,475.0,-6.0,3.0,216.0,-255.0,-539.0,136.0,59.0,-19.0
-114.0,267.0,-19.0,-24.0,-5.0,-187.0,-781.0,153.0,53.0,9.0
-103.0,448.0,-57.0,-8.0,-108.0,-117.0,-833.0,169.0,29.0,23.0
-99.0,534.0,-33.0,-3.0,-46.0,-61.0,-755.0,129.0,13.0,14.0
-106.0,180.0,-56.0,11.0,3.0,-107.0,-411.0,227.0,14.0,3.0
-81.0,-186.0,-92.0,17.0,-104.0,-112.0,-148.0,290.0,6.0,-7.0
-74.0,-246.0,-47.0,-13.0,-99.0,-50.0,88.0,86.0,-19.0,-50.0
-84.0,-349.0,-43.0,13.0,-13.0,-158.0,313.0,145.0,-28.0,-88.0
-124.0,-169.0,-4.0,55.0,82.0,-291.0,343.0,234.0,-46.0,-107.0
-135.0,191.0,44.0,101.0,103.0,-116.0,459.0,367.0,-40.0,-149.0
-128.0,79.0,59.0,120.0,-78.0,181.0,555.0,334.0,-42.0,-222.0
-111.0,163.0,75.0,71.0,-33.0,209.0,691.0,140.0,-90.0,-258.0
-102.0,474.0,73.0,48.0,109.0,-52.0,886.0,75.0,-100.0,-268.0
-113.0,486.0,98.0,9.0,82.0,-148.0,844.0,-99.0,-142.0,-291.0
-97.0,326.0,114.0,-47.0,-156.0,87.0,705.0,-18.0,-162.0,-304.0
-110.0,297.0,120.0,-103.0,-199.0,304.0,645.0,57.0,-152.0,-278.0
-146.0,190.0,154.0,-127.0,10.0,275.0,498.0,149.0,-156.0,-222.0
-151.0,16.0,159.0,-68.0,21.0,321.0,348.0,314.0,-131.0,-213.0
-143.0,8.0,151.0,-19.0,-13.0,542.0,172.0,266.0,-113.0,-236.0
-130.0,-51.0,154.0,40.0,-25.0,550.0,112.0,303.0,-73.0,-244.0
-103.0,-102.0,101.0,112.0,122.0,445.0,308.0,253.0,-50.0,-248.0
-96.0,-336.0,132.0,148.0,88.0,249.0,300.0,317.0,-23.0,-275.0
-85.0,-490.0,124.0,154.0,-75.0,49.0,282.0,240.0,0.0,-286.0
-67.0,-255.0,51.0,128.0,-57.0,-27.0,302.0,22.0,-13.0,-283.0
-57.0,-155.0,81.0,93.0,4.0,-48.0,317.0,88.0,-17.0,-303.0
-69.0,-163.0,20.0,129.0,130.0,-47.0,491.0,199.0,-38.0,-320.0
-83.0,-59.0,14.0,223.0,14.0,-177.0,396.0,384.0,-46.0,-318.0
-94.0,68.0,37.0,283.0,23.0,-233.0,12.0,269.0,-32.0,-300.0
-96.0,79.0,3.0,313.0,198.0,-97.0,-344.0,160.0,-21.0,-310.0
-88.0,31.0,22.0,270.0,137.0,175.0,-610.0,194.0,-6.0,-288.0
-95.0,159.0,-17.0,196.0,73.0,313.0,-684.0,208.0,15.0,-216.0
-100.0,263.0,-20.0,121.0,-80.0,92.0,-684.0,312.0,24.0,-153.0
-115.0,187.0,-11.0,32.0,-132.0,-14.0,-782.0,177.0,41.0,-103.0
-104.0,28.0,-1.0,-27.0,-16.0,249.0,-662.0,182.0,64.0,-48.0
-129.0,-71.0,-18.0,-67.0,-119.0,367.0,-556.0,129.0,63.0,0.0
-122.0,-64.0,-18.0,-107.0,-122.0,93.0,-503.0,-29.0,60.0,20.0
-117.0,-190.0,-6.0,-119.0,-32.0,-216.0,-208.0,-116.0,59.0,17.0
-136.0,-194.0,-13.0,-105.0,-42.0,-209.0,137.0,-171.0,69.0,-12.0
-99.0,162.0,19.0,-45.0,4.0,80.0,627.0,105.0,68.0,-67.0
-91.0,704.0,17.0,56.0,12.0,72.0,975.0,197.0,79.0,-151.0
-71.0,1110.0,88.0,143.0,74.0,-235.0,993.0,208.0,93.0,-210.0
-90.0,982.0,55.0,213.0,134.0,-298.0,985.0,247.0,85.0,-236.0
-99.0,707.0,34.0,176.0,50.0,-153.0,970.0,164.0,95.0,-271.0
-90.0,608.0,70.0,138.0,-44.0,-125.0,962.0,123.0,107.0,-284.0
-99.0,406.0,41.0,175.0,62.0,-14.0,1027.0,-9.0,116.0,-261.0
-113.0,53.0,79.0,196.0,123.0,199.0,976.0,11.0,137.0,-228.0
-117.0,-107.0,74.0,214.0,80.0,275.0,812.0,131.0,152.0,-209.0
-73.0,-97.0,100.0,156.0,142.0,423.0,573.0,400.0,126.0,-195.0
-57.0,-512.0,72.0,40.0,11.0,492.0,184.0,519.0,128.0,-179.0
-52.0,-979.0,37.0,-86.0,-44.0,410.0,-98.0,382.0,143.0,-160.0
-77.0,-691.0,55.0,-141.0,9.0,295.0,-355.0,430.0,122.0,-153.0
-58.0,-240.0,58.0,-68.0,-166.0,127.0,-449.0,327.0,134.0,-149.0
-30.0,-131.0,24.0,53.0,-205.0,0.0,-328.0,317.0,134.0,-111.0
-9.0,-69.0,6.0,169.0,-38.0,-104.0,-403.0,303.0,137.0,-81.0
24.0,-136.0,9.0,255.0,-81.0,-68.0,-507.0,195.0,156.0,-55.0
36.0,-13.0,-71.0,193.0,-129.0,8.0,-550.0,227.0,160.0,3.0
58.0,244.0,-51.0,63.0,7.0,41.0,-637.0,160.0,164.0,49.0
55.0,181.0,-59.0,2.0,71.0,265.0,-645.0,205.0,124.0,74.0
55.0,16.0,-80.0,-34.0,105.0,248.0,-589.0,157.0,96.0,103.0
46.0,-137.0,-46.0,-6.0,-72.0,54.0,-457.0,92.0,87.0,132.0
67.0,-275.0,-30.0,35.0,-152.0,283.0,-275.0,70.0,62.0,149.0
58.0,-242.0,-11.0,9.0,23.0,507.0,-268.0,81.0,45.0,147.0
47.0,-222.0,13.0,-38.0,-70.0,567.0,-216.0,319.0,18.0,157.0
39.0,-509.0,36.0,-58.0,-192.0,484.0,-10.0,388.0,-4.0,153.0
26.0,-594.0,28.0,-87.0,-212.0,333.0,148.0,458.0,-37.0,143.0
43.0,-593.0,50.0,-106.0,-121.0,400.0,385.0,393.0,-62.0,119.0
15.0,-560.0,38.0,-121.0,47.0,417.0,598.0,229.0,-74.0,82.0
13.0,-273.0,66.0,-89.0,-78.0,331.0,606.0,166.0,-81.0,67.0
-8.0,-209.0,19.0,-24.0,-218.0,179.0,608.0,51.0,-66.0,16.0
3.0,-44.0,34.0,-51.0,-24.0,-6.0,694.0,158.0,-63.0,-42.0
4.0,226.0,59.0,-71.0,47.0,8.0,771.0,110.0,-69.0,-82.0
-8.0,197.0,-31.0,-57.0,-69.0,128.0,864.0,22.0,-58.0,-112.0
5.0,-25.0,56.0,-32.0,-138.0,231.0,908.0,46.0,-34.0,-137.0
-30.0,47.0,67.0,27.0,-163.0,292.0,898.0,44.0,-1.0,-164.0
-41.0,254.0,1.0,78.0,125.0,257.0,782.0,151.0,28.0,-147.0
-65.0,86.0,36.0,98.0,218.0,379.0,466.0,149.0,50.0,-119.0
-37.0,152.0,30.0,62.0,-190.0,715.0,221.0,297.0,74.0,-97.0
-13.0,389.0,-4.0,-25.0,-60.0,792.0,23.0,358.0,60.0,-53.0
0.0,348.0,39.0,-92.0,263.0,346.0,-177.0,310.0,57.0,-29.0
37.0,39.0,64.0,-111.0,-87.0,77.0,-409.0,290.0,53.0,-49.0
51.0,-239.0,71.0,-82.0,-130.0,375.0,-708.0,182.0,29.0,-78.0
63.0,-121.0,104.0,-32.0,161.0,568.0,-754.0,266.0,25.0,-89.0
46.0,-135.0,92.0,-10.0,157.0,394.0,-625.0,218.0,12.0,-78.0
51.0,-168.0,121.0,60.0,117.0,115.0,-470.0,229.0,43.0,-88.0
49.0,160.0,99.0,121.0,-39.0,66.0,-233.0,249.0,48.0,-86.0
46.0,461.0,79.0,107.0,-46.0,233.0,-101.0,160.0,33.0,-47.0
48.0,433.0,94.0,49.0,160.0,213.0,-84.0,225.0,27.0,-33.0
66.0,373.0,35.0,-34.0,50.0,-34.0,10.0,123.0,2.0,-39.0
78.0,430.0,74.0,-65.0,-183.0,110.0,71.0,33.0,-4.0,-28.0
66.0,151.0,78.0,9.0,-109.0,557.0,129.0,-35.0,-20.0,6.0
72.0,-109.0,-38.0,90.0,1.0,576.0,226.0,96.0,-14.0,18.0
66.0,-41.0,-73.0,77.0,51.0,431.0,93.0,286.0,-10.0,36.0
52.0,103.0,-8.0,58.0,-61.0,373.0,-16.0,218.0,-9.0,72.0
28.0,207.0,19.0,52.0,-196.0,331.0,6.0,284.0,-13.0,77.0
0.0,239.0,-29.0,34.0,93.0,223.0,-53.0,243.0,-24.0,68.0
-21.0,320.0,-28.0,14.0,168.0,126.0,7.0,303.0,-28.0,48.0
-17.0,169.0,-21.0,-22.0,-28.0,102.0,115.0,419.0,-22.0,48.0
-26.0,-292.0,0.0,-31.0,-69.0,61.0,105.0,408.0,-34.0,19.0
-36.0,-657.0,9.0,22.0,15.0,207.0,179.0,497.0,-75.0,-33.0
-39.0,-806.0,29.0,67.0,139.0,261.0,332.0,380.0,-89.0,-22.0
-46.0,-891.0,87.0,59.0,8.0,78.0,485.0,238.0,-112.0,2.0
-41.0,-844.0,77.0,42.0,-69.0,-112.0,602.0,1.0,-136.0,15.0
-42.0,-253.0,87.0,6.0,82.0,-118.0,556.0,-155.0,-133.0,40.0
-22.0,238.0,73.0,-96.0,150.0,54.0,446.0,-186.0,-117.0,82.0
-4.0,253.0,80.0,-171.0,43.0,136.0,273.0,-282.0,-118.0,119.0
33.0,592.0,94.0,-186.0,-32.0,10.0,56.0,-199.0,-99.0,133.0
58.0,852.0,85.0,-220.0,64.0,-66.0,-66.0,-168.0,-52.0,143.0
67.0,432.0,79.0,-126.0,138.0,231.0,-186.0,12.0,-57.0,151.0
48.0,-13.0,80.0,-13.0,-19.0,378.0,-289.0,144.0,-42.0,116.0
11.0,-4.0,73.0,54.0,-186.0,337.0,-285.0,232.0,-27.0,77.0
0.0,-123.0,50.0,130.0,-79.0,318.0,-247.0,448.0,-29.0,62.0
-1.0,38.0,80.0,118.0,-34.0,143.0,-126.0,430.0,3.0,56.0
15.0,507.0,42.0,112.0,-15.0,93.0,160.0,452.0,19.0,36.0
15.0,459.0,79.0,96.0,-2.0,89.0,361.0,282.0,27.0,21.0
30.0,617.0,36.0,131.0,-93.0,-40.0,406.0,101.0,38.0,53.0
28.0,658.0,38.0,197.0,95.0,-52.0,389.0,73.0,56.0,53.0
17.0,142.0,87.0,260.0,78.0,178.0,429.0,29.0,105.0,46.0
-16.0,-97.0,8.0,280.0,-151.0,124.0,564.0,44.0,146.0,84.0
-59.0,-26.0,96.0,209.0,0.0,-137.0,525.0,-109.0,160.0,117.0
-52.0,-332.0,91.0,178.0,180.0,3.0,400.0,-107.0,181.0,125.0
-65.0,-500.0,103.0,109.0,147.0,373.0,230.0,-79.0,203.0,132.0
-58.0,-172.0,99.0,49.0,12.0,565.0,-76.0,5.0,191.0,172.0
-33.0,-152.0,95.0,27.0,-17.0,575.0,-194.0,127.0,165.0,191.0
-15.0,-255.0,112.0,40.0,139.0,544.0,-119.0,72.0,154.0,166.0
0.0,-299.0,73.0,50.0,115.0,522.0,2.0,160.0,152.0,124.0
19.0,-219.0,116.0,26.0,-145.0,657.0,140.0,83.0,137.0,72.0
22.0,-18.0,94.0,15.0,-204.0,550.0,31.0,107.0,122.0,23.0
-2.0,159.0,92.0,-19.0,8.0,213.0,-162.0,166.0,108.0,0.0
-23.0,128.0,112.0,33.0,140.0,106.0,-186.0,101.0,81.0,16.0
-46.0,43.0,118.0,107.0,8.0,33.0,-155.0,164.0,69.0,41.0
-49.0,93.0,118.0,166.0,-65.0,-83.0,-47.0,25.0,60.0,69.0
-47.0,86.0,185.0,208.0,126.0,-159.0,91.0,-14.0,33.0,109.0
-54.0,0.0,149.0,212.0,175.0,-96.0,17.0,-44.0,6.0,134.0
-14.0,-143.0,92.0,154.0,-65.0,43.0,-134.0,-18.0,-9.0,149.0
21.0,145.0,111.0,26.0,-212.0,-29.0,-141.0,-29.0,-7.0,158.0
32.0,27.0,58.0,-34.0,-154.0,-242.0,-232.0,-188.0,2.0,141.0
14.0,-193.0,78.0,-66.0,-1.0,-248.0,-277.0,-53.0,-8.0,110.0
10.0,3.0,39.0,-58.0,66.0,44.0,-179.0,-33.0,-21.0,82.0
36.0,-434.0,63.0,-16.0,-174.0,262.0,-84.0,31.0,-26.0,63.0
28.0,-752.0,88.0,-6.0,-95.0,137.0,-141.0,103.0,-16.0,49.0
27.0,-748.0,32.0,-6.0,294.0,139.0,-447.0,77.0,6.0,48.0
30.0,-738.0,20.0,0.0,243.0,258.0,-584.0,99.0,35.0,75.0
37.0,-344.0,-22.0,-24.0,22.0,112.0,-421.0,-94.0,81.0,85.0
19.0,-154.0,-36.0,-96.0,-37.0,-50.0,-143.0,-169.0,96.0,83.0
3.0,-505.0,-76.0,-148.0,96.0,-155.0,169.0,-267.0,99.0,80.0
-11.0,-640.0,-107.0,-162.0,242.0,-131.0,445.0,-216.0,98.0,63.0
-12.0,-505.0,-106.0,-147.0,78.0,58.0,564.0,-11.0,88.0,42.0
2.0,-385.0,-102.0,-145.0,-78.0,72.0,583.0,-27.0,73.0,2.0
-1.0,-28.0,-58.0,-155.0,110.0,-7.0,511.0,-11.0,51.0,-29.0
12.0,712.0,-44.0,-162.0,183.0,60.0,356.0,-68.0,37.0,-37.0
0.0,1022.0,-43.0,-178.0,-69.0,-20.0,353.0,-25.0,21.0,-33.0
-4.0,609.0,-46.0,-169.0,-174.0,-57.0,231.0,-40.0,30.0,-18.0
-18.0,368.0,-31.0,-159.0,3.0,191.0,-120.0,-75.0,31.0,0.0
0.0,515.0,-15.0,-139.0,148.0,254.0,-565.0,11.0,48.0,21.0
27.0,598.0,-43.0,-80.0,74.0,194.0,-850.0,-51.0,68.0,35.0
52.0,37.0,-35.0,-33.0,-55.0,206.0,-733.0,-24.0,64.0,67.0
61.0,-225.0,-40.0,-14.0,63.0,256.0,-452.0,-123.0,67.0,90.0
47.0,85.0,-32.0,-18.0,196.0,230.0,-150.0,-120.0,42.0,80.0
69.0,192.0,-6.0,0.0,-33.0,64.0,180.0,3.0,31.0,46.0
57.0,60.0,-27.0,67.0,-218.0,-58.0,406.0,-16.0,17.0,26.0
73.0,-318.0,-22.0,96.0,-114.0,-177.0,342.0,40.0,-9.0,21.0
94.0,-634.0,-44.0,24.0,21.0,-260.0,146.0,11.0,-37.0,-2.0
117.0,-812.0,-33.0,-62.0,-70.0,-212.0,-48.0,83.0,-55.0,0.0
114.0,-732.0,-34.0,-114.0,-251.0,122.0,7.0,57.0,-38.0,5.0
87.0,-697.0,-19.0,-132.0,-199.0,400.0,304.0,0.0,-17.0,-2.0
59.0,-451.0,-2.0,-81.0,-129.0,381.0,403.0,5.0,26.0,7.0
46.0,28.0,-13.0,-13.0,-140.0,296.0,330.0,-3.0,55.0,13.0
43.0,-136.0,71.0,51.0,-218.0,54.0,215.0,127.0,65.0,13.0
21.0,-317.0,54.0,83.0,-284.0,171.0,84.0,-44.0,78.0,9.0
32.0,-45.0,28.0,86.0,-134.0,361.0,-64.0,-84.0,72.0,13.0
32.0,308.0,6.0,96.0,-104.0,92.0,-136.0,-44.0,60.0,21.0
58.0,523.0,-47.0,32.0,-296.0,-26.0,-130.0,-131.0,29.0,29.0
56.0,117.0,-34.0,-6.0,-214.0,123.0,-74.0,-79.0,20.0,47.0
46.0,-282.0,-30.0,23.0,57.0,120.0,-149.0,-168.0,24.0,43.0
56.0,-125.0,-28.0,27.0,165.0,-122.0,-415.0,-147.0,21.0,42.0
71.0,-326.0,-27.0,44.0,56.0,-101.0,-594.0,-138.0,22.0,54.0
75.0,-462.0,-28.0,87.0,-36.0,-67.0,-698.0,-97.0,17.0,52.0
73.0,89.0,-67.0,132.0,81.0,-179.0,-693.0,-68.0,23.0,73.0
57.0,483.0,-99.0,152.0,122.0,-198.0,-652.0,-199.0,16.0,116.0
17.0,518.0,-103.0,130.0,-11.0,-269.0,-595.0,-127.0,6.0,149.0
24.0,725.0,-89.0,91.0,-94.0,-222.0,-434.0,-179.0,-7.0,152.0
9.0,752.0,-67.0,57.0,131.0,-212.0,-219.0,-194.0,-37.0,147.0
22.0,419.0,-35.0,43.0,174.0,-253.0,-88.0,-197.0,-25.0,149.0
25.0,439.0,-32.0,48.0,-22.0,-47.0,-58.0,-254.0,-29.0,150.0
30.0,380.0,-55.0,4.0,167.0,102.0,59.0,-175.0,-30.0,157.0
36.0,-94.0,-30.0,-42.0,242.0,-169.0,228.0,-258.0,7.0,153.0
25.0,-324.0,11.0,6.0,172.0,-339.0,260.0,-153.0,6.0,155.0
27.0,-432.0,21.0,77.0,160.0,-18.0,50.0,-64.0,12.0,165.0
9.0,-426.0,20.0,65.0,-4.0,109.0,-226.0,-66.0,14.0,154.0
18.0,-186.0,5.0,27.0,-22.0,-277.0,-322.0,-14.0,-14.0,132.0
40.0,93.0,-73.0,10.0,58.0,-398.0,-280.0,-44.0,-15.0,113.0
77.0,399.0,-31.0,-49.0,-62.0,-209.0,-302.0,103.0,-25.0,93.0
92.0,554.0,-3.0,-79.0,-99.0,-296.0,-340.0,168.0,-20.0,86.0
124.0,682.0,-15.0,-2.0,100.0,-317.0,-387.0,195.0,-15.0,84.0
147.0,876.0,49.0,69.0,137.0,-308.0,-285.0,88.0,-23.0,95.0
142.0,788.0,18.0,43.0,-20.0,-302.0,-54.0,-73.0,-14.0,90.0
149.0,176.0,-9.0,21.0,-99.0,-174.0,-21.0,-86.0,-17.0,60.0
171.0,-287.0,-23.0,13.0,-83.0,-215.0,49.0,-129.0,1.0,64.0
183.0,-390.0,-47.0,-32.0,-58.0,-278.0,98.0,24.0,10.0,63.0
187.0,-601.0,-68.0,-52.0,-91.0,-163.0,12.0,5.0,6.0,44.0
189.0,-274.0,-55.0,-75.0,-235.0,-113.0,-58.0,-24.0,5.0,54.0
162.0,154.0,-64.0,-97.0,-69.0,-266.0,-101.0,18.0,-3.0,75.0
164.0,229.0,-40.0,-44.0,192.0,-106.0,-100.0,-42.0,8.0,89.0
138.0,217.0,-19.0,27.0,-50.0,124.0,-18.0,-25.0,19.0,112.0
135.0,79.0,-72.0,4.0,-222.0,-107.0,51.0,-127.0,20.0,131.0
141.0,368.0,-38.0,-41.0,-96.0,-398.0,-23.0,-94.0,23.0,148.0
145.0,718.0,-47.0,-66.0,-47.0,-409.0,-71.0,-134.0,31.0,173.0
159.0,818.0,-69.0,-61.0,-67.0,-177.0,-71.0,-210.0,8.0,169.0
155.0,465.0,-51.0,-11.0,-72.0,-186.0,17.0,-214.0,-18.0,165.0
155.0,-76.0,-40.0,20.0,-110.0,-468.0,-27.0,-267.0,-32.0,145.0
135.0,-337.0,-60.0,87.0,19.0,-421.0,-230.0,-131.0,-57.0,119.0
133.0,-567.0,-64.0,67.0,225.0,-29.0,-231.0,-147.0,-60.0,131.0
104.0,-426.0,-29.0,-20.0,23.0,30.0,-157.0,-114.0,-88.0,146.0
96.0,-176.0,-2.0,-17.0,-122.0,-335.0,-200.0,-94.0,-116.0,165.0
89.0,210.0,23.0,-48.0,26.0,-408.0,-313.0,-199.0,-139.0,185.0
71.0,454.0,0.0,-99.0,10.0,-242.0,-417.0,-169.0,-168.0,224.0
67.0,208.0,-7.0,-113.0,10.0,-244.0,-520.0,-195.0,-179.0,263.0
70.0,-90.0,25.0,-62.0,-20.0,-388.0,-450.0,-92.0,-202.0,281.0
88.0,-204.0,-24.0,-20.0,-54.0,-506.0,-391.0,-136.0,-221.0,279.0
111.0,-163.0,19.0,-6.0,181.0,-451.0,-487.0,-221.0,-230.0,273.0
120.0,-305.0,100.0,46.0,126.0,-334.0,-536.0,-242.0,-210.0,255.0
103.0,-32.0,31.0,60.0,-208.0,-193.0,-586.0,-295.0,-177.0,205.0
117.0,422.0,73.0,18.0,-163.0,-151.0,-506.0,-64.0,-145.0,188.0
116.0,490.0,95.0,-44.0,40.0,-374.0,-248.0,7.0,-118.0,164.0
157.0,354.0,100.0,-66.0,-45.0,-534.0,-24.0,40.0,-108.0,132.0
172.0,205.0,138.0,-38.0,-161.0,-386.0,0.0,-29.0,-83.0,116.0
170.0,-67.0,130.0,-10.0,-6.0,-135.0,-80.0,-179.0,-65.0,123.0
192.0,-548.0,155.0,-52.0,167.0,37.0,-130.0,-166.0,-74.0,130.0
190.0,-589.0,89.0,-83.0,198.0,-214.0,-20.0,-310.0,-85.0,119.0
229.0,-533.0,68.0,-41.0,72.0,-644.0,193.0,-134.0,-89.0,136.0
222.0,-686.0,59.0,9.0,-111.0,-465.0,306.0,81.0,-71.0,146.0
207.0,-668.0,25.0,60.0,-4.0,-292.0,368.0,194.0,-35.0,152.0
188.0,-507.0,29.0,67.0,124.0,-560.0,313.0,162.0,-24.0,151.0
197.0,-421.0,15.0,16.0,-41.0,-615.0,259.0,-153.0,-23.0,158.0
220.0,-280.0,19.0,-48.0,31.0,-447.0,199.0,-157.0,-4.0,160.0
216.0,117.0,24.0,-77.0,329.0,-526.0,-74.0,-60.0,-18.0,123.0
225.0,507.0,22.0,-97.0,306.0,-726.0,-398.0,40.0,-41.0,95.0
215.0,685.0,14.0,-104.0,172.0,-623.0,-555.0,-14.0,-51.0,60.0
218.0,599.0,21.0,-98.0,87.0,-446.0,-657.0,-1.0,-67.0,26.0
168.0,220.0,35.0,-119.0,-75.0,-293.0,-747.0,140.0,-79.0,1.0
126.0,-242.0,18.0,-157.0,-27.0,-298.0,-619.0,33.0,-63.0,-32.0
126.0,-323.0,16.0,-157.0,-29.0,-471.0,-383.0,110.0,-63.0,-63.0
93.0,-63.0,1.0,-124.0,-238.0,-265.0,-268.0,138.0,-62.0,-86.0
72.0,182.0,-22.0,-103.0,-49.0,-131.0,-317.0,190.0,-39.0,-116.0
70.0,229.0,24.0,-58.0,139.0,-486.0,-224.0,330.0,-40.0,-130.0
65.0,144.0,-36.0,-30.0,-25.0,-742.0,76.0,295.0,-34.0,-142.0
66.0,172.0,-54.0,-13.0,-80.0,-523.0,158.0,266.0,-44.0,-172.0
88.0,138.0,-26.0,-28.0,-63.0,-289.0,-68.0,97.0,-67.0,-175.0
94.0,-14.0,-89.0,-63.0,-69.0,-523.0,-303.0,-59.0,-60.0,-179.0
83.0,1.0,-52.0,-60.0,-15.0,-727.0,-413.0,-266.0,-41.0,-174.0
87.0,-28.0,-100.0,-86.0,-34.0,-663.0,-450.0,-423.0,-14.0,-156.0
73.0,-207.0,-122.0,-116.0,-4.0,-411.0,-342.0,-330.0,25.0,-155.0
44.0,-273.0,-100.0,-113.0,147.0,-160.0,-202.0,-105.0,56.0,-152.0
42.0,-250.0,-129.0,-96.0,91.0,-331.0,-130.0,188.0,85.0,-142.0
38.0,-100.0,-117.0,-65.0,-92.0,-504.0,-44.0,110.0,117.0,-142.0
58.0,65.0,-106.0,-20.0,-121.0,-343.0,103.0,20.0,104.0,-144.0
74.0,110.0,-59.0,52.0,28.0,-197.0,292.0,1.0,106.0,-124.0
87.0,213.0,-60.0,130.0,-10.0,-277.0,404.0,-53.0,97.0,-108.0
127.0,322.0,0.0,173.0,-209.0,-277.0,348.0,144.0,82.0,-97.0
127.0,-85.0,22.0,200.0,-115.0,-194.0,227.0,210.0,95.0,-86.0
120.0,-490.0,17.0,137.0,3.0,-283.0,129.0,330.0,111.0,-80.0
120.0,-421.0,80.0,24.0,23.0,-312.0,63.0,334.0,153.0,-72.0
119.0,-517.0,49.0,-10.0,-20.0,-272.0,119.0,140.0,162.0,-86.0
109.0,-165.0,46.0,4.0,-43.0,-325.0,143.0,-68.0,169.0,-92.0
111.0,179.0,70.0,18.0,176.0,-419.0,146.0,-277.0,166.0,-89.0
112.0,54.0,56.0,32.0,281.0,-398.0,151.0,-151.0,138.0,-90.0
110.0,292.0,44.0,49.0,198.0,-392.0,41.0,-129.0,126.0,-86.0
99.0,95.0,81.0,15.0,274.0,-561.0,-45.0,36.0,127.0,-81.0
25.0,-70.0,58.0,-13.0,282.0,-674.0,-87.0,245.0,118.0,-53.0
0.0,259.0,61.0,-69.0,147.0,-566.0,-221.0,262.0,98.0,-51.0
-17.0,132.0,98.0,-117.0,131.0,-315.0,-487.0,240.0,100.0,-63.0
-25.0,-79.0,62.0,-108.0,15.0,-249.0,-701.0,-53.0,87.0,-41.0
-9.0,-88.0,87.0,-99.0,56.0,-521.0,-825.0,-110.0,87.0,-33.0
-27.0,-212.0,64.0,-55.0,241.0,-619.0,-885.0,-84.0,94.0,-39.0
-28.0,-334.0,55.0,-38.0,79.0,-265.0,-847.0,49.0,73.0,-32.0
-30.0,-345.0,53.0,-26.0,7.0,-2.0,-706.0,164.0,43.0,-3.0
-37.0,-531.0,20.0,-6.0,102.0,-93.0,-593.0,27.0,32.0,36.0
-58.0,-483.0,8.0,2.0,68.0,-171.0,-651.0,72.0,37.0,92.0
-55.0,-261.0,15.0,6.0,-4.0,-166.0,-664.0,-25.0,29.0,170.0
-38.0,-128.0,22.0,13.0,-56.0,-358.0,-522.0,-147.0,46.0,254.0
-51.0,554.0,-13.0,11.0,-64.0,-652.0,-391.0,-280.0,66.0,331.0
-55.0,1135.0,1.0,33.0,-20.0,-707.0,-334.0,-308.0,94.0,409.0
-53.0,906.0,-2.0,63.0,-76.0,-507.0,-176.0,-68.0,120.0,469.0
-40.0,467.0,0.0,55.0,-191.0,-450.0,20.0,55.0,129.0,456.0
-39.0,180.0,17.0,96.0,-148.0,-421.0,174.0,201.0,143.0,399.0
-66.0,-105.0,-29.0,92.0,41.0,-177.0,335.0,214.0,125.0,322.0
-64.0,-138.0,-45.0,6.0,70.0,13.0,517.0,195.0,106.0,219.0
-61.0,-264.0,-62.0,-83.0,-168.0,93.0,718.0,175.0,89.0,120.0
-66.0,-533.0,-121.0,-115.0,18.0,10.0,792.0,83.0,60.0,27.0
-49.0,-359.0,-134.0,-143.0,239.0,112.0,776.0,293.0,32.0,-21.0
-48.0,-135.0,-145.0,-166.0,-29.0,278.0,611.0,437.0,5.0,-44.0
-24.0,-94.0,-113.0,-109.0,19.0,90.0,355.0,565.0,-16.0,-75.0
-19.0,-345.0,-50.0,-31.0,122.0,35.0,119.0,589.0,-25.0,-86.0
-24.0,-296.0,-51.0,-13.0,-43.0,-77.0,38.0,323.0,-14.0,-94.0
0.0,-22.0,-37.0,-29.0,5.0,-227.0,257.0,149.0,-2.0,-109.0
8.0,-16.0,-28.0,26.0,-60.0,-146.0,437.0,7.0,4.0,-120.0
-2.0,132.0,-2.0,28.0,-257.0,-200.0,340.0,-29.0,-7.0,-103.0
-26.0,411.0,-15.0,48.0,22.0,-290.0,81.0,-118.0,-36.0,-67.0
-31.0,878.0,0.0,100.0,142.0,-195.0,-114.0,-55.0,-66.0,-35.0
-46.0,1018.0,34.0,100.0,-109.0,-87.0,-324.0,22.0,-86.0,-22.0
-29.0,1107.0,40.0,102.0,-51.0,-66.0,-578.0,-114.0,-86.0,-21.0
-12.0,987.0,72.0,17.0,37.0,89.0,-712.0,1.0,-56.0,-36.0
-15.0,416.0,43.0,-68.0,15.0,249.0,-767.0,70.0,-15.0,-80.0
26.0,74.0,34.0,-138.0,-107.0,226.0,-792.0,203.0,-2.0,-119.0
39.0,-570.0,44.0,-159.0,-208.0,211.0,-758.0,234.0,10.0,-147.0
29.0,-1109.0,47.0,-127.0,-28.0,325.0,-642.0,83.0,22.0,-168.0
27.0,-1386.0,28.0,-110.0,105.0,325.0,-489.0,70.0,0.0,-180.0
20.0,-1456.0,37.0,-103.0,3.0,-19.0,-263.0,57.0,-29.0,-160.0
21.0,-1222.0,37.0,-112.0,-177.0,-159.0,79.0,136.0,-63.0,-128.0
21.0,-754.0,35.0,-85.0,-121.0,68.0,369.0,12.0,-101.0,-114.0
16.0,-154.0,33.0,-73.0,28.0,-170.0,356.0,-88.0,-118.0,-78.0
5.0,63.0,18.0,-26.0,-78.0,-608.0,210.0,-116.0,-122.0,-24.0
-2.0,400.0,27.0,19.0,-95.0,-444.0,156.0,-190.0,-128.0,11.0
-17.0,763.0,-21.0,23.0,85.0,-102.0,88.0,-83.0,-122.0,14.0
-19.0,1021.0,-1.0,43.0,119.0,66.0,-62.0,-79.0,-109.0,10.0
-7.0,1032.0,21.0,41.0,150.0,-116.0,-220.0,36.0,-111.0,-26.0
-22.0,898.0,30.0,33.0,46.0,-279.0,-268.0,109.0,-99.0,-76.0
-19.0,775.0,57.0,41.0,-128.0,-62.0,-293.0,136.0,-87.0,-82.0
-17.0,451.0,91.0,76.0,55.0,-2.0,-368.0,269.0,-80.0,-81.0
-18.0,19.0,110.0,131.0,9.0,105.0,-413.0,182.0,-46.0,-82.0
-19.0,-585.0,104.0,162.0,-168.0,217.0,-356.0,206.0,-57.0,-95.0
-28.0,-633.0,132.0,183.0,-32.0,190.0,-229.0,240.0,-87.0,-117.0
-17.0,-630.0,152.0,205.0,63.0,237.0,-52.0,221.0,-120.0,-149.0
14.0,-596.0,160.0,177.0,108.0,191.0,74.0,110.0,-144.0,-195.0
42.0,-281.0,145.0,152.0,54.0,151.0,80.0,14.0,-149.0,-245.0
36.0,-451.0,125.0,100.0,-134.0,102.0,129.0,214.0,-161.0,-277.0
54.0,-407.0,91.0,23.0,-87.0,84.0,99.0,280.0,-172.0,-280.0
47.0,-124.0,155.0,2.0,43.0,-43.0,-135.0,301.0,-174.0,-287.0
52.0,106.0,158.0,0.0,-124.0,-183.0,-358.0,140.0,-155.0,-271.0
43.0,322.0,120.0,-44.0,-122.0,191.0,-298.0,9.0,-127.0,-238.0
18.0,597.0,168.0,-75.0,-6.0,304.0,-21.0,77.0,-112.0,-214.0
45.0,664.0,106.0,-64.0,-53.0,37.0,194.0,51.0,-90.0,-201.0
49.0,356.0,130.0,-86.0,-68.0,110.0,240.0,158.0,-28.0,-184.0
74.0,427.0,142.0,-100.0,-168.0,273.0,136.0,121.0,30.0,-175.0
76.0,286.0,78.0,-76.0,-190.0,407.0,125.0,195.0,96.0,-212.0
77.0,41.0,61.0,-41.0,-102.0,423.0,276.0,205.0,149.0,-234.0
64.0,91.0,30.0,-5.0,-105.0,434.0,350.0,24.0,146.0,-233.0
47.0,-35.0,30.0,17.0,-114.0,428.0,243.0,55.0,173.0,-255.0
51.0,-20.0,43.0,46.0,-15.0,499.0,79.0,92.0,165.0,-276.0
54.0,-212.0,44.0,141.0,115.0,711.0,1.0,243.0,136.0,-295.0
77.0,-668.0,20.0,181.0,115.0,513.0,-12.0,192.0,105.0,-296.0
71.0,-592.0,49.0,133.0,65.0,260.0,-75.0,129.0,55.0,-271.0
78.0,-143.0,34.0,100.0,148.0,267.0,-159.0,101.0,49.0,-246.0
79.0,-264.0,-5.0,33.0,123.0,550.0,-237.0,11.0,20.0,-199.0
53.0,-319.0,40.0,6.0,-12.0,790.0,-349.0,144.0,9.0,-150.0
-11.0,81.0,22.0,15.0,24.0,642.0,-326.0,149.0,13.0,-119.0
-48.0,237.0,45.0,38.0,-11.0,543.0,-229.0,249.0,-13.0,-82.0
-41.0,425.0,100.0,77.0,29.0,539.0,-252.0,279.0,-22.0,-43.0
-16.0,497.0,108.0,33.0,139.0,703.0,-373.0,223.0,-21.0,-10.0
-13.0,362.0,141.0,6.0,-5.0,821.0,-498.0,271.0,-13.0,10.0
-45.0,81.0,148.0,-39.0,27.0,594.0,-579.0,267.0,-28.0,21.0
-65.0,-137.0,184.0,-85.0,138.0,466.0,-475.0,424.0,-42.0,11.0
-107.0,-309.0,174.0,-16.0,-82.0,483.0,-127.0,354.0,-31.0,2.0
-128.0,-541.0,161.0,46.0,-213.0,410.0,3.0,208.0,-10.0,26.0
-161.0,-629.0,196.0,97.0,-197.0,338.0,-94.0,242.0,-9.0,59.0
-151.0,-700.0,134.0,138.0,-137.0,233.0,-221.0,275.0,-4.0,111.0
-144.0,-494.0,158.0,156.0,-8.0,267.0,-271.0,321.0,3.0,185.0
-134.0,-316.0,146.0,161.0,-79.0,533.0,71.0,218.0,-8.0,266.0
-136.0,84.0,84.0,158.0,-110.0,594.0,506.0,258.0,6.0,333.0
-186.0,702.0,84.0,153.0,38.0,510.0,538.0,192.0,9.0,371.0
-165.0,593.0,0.0,173.0,73.0,505.0,216.0,49.0,11.0,363.0
-164.0,414.0,-25.0,153.0,-91.0,425.0,-18.0,79.0,5.0,330.0
-143.0,707.0,-49.0,79.0,-115.0,272.0,10.0,-48.0,-12.0,299.0
-142.0,696.0,-72.0,41.0,54.0,240.0,221.0,55.0,-32.0,257.0
-125.0,398.0,-53.0,-42.0,81.0,277.0,325.0,75.0,-53.0,232.0
-72.0,409.0,-49.0,-62.0,-24.0,350.0,185.0,-68.0,-53.0,200.0
-59.0,258.0,3.0,-72.0,-119.0,614.0,31.0,-142.0,-61.0,164.0
-57.0,-139.0,36.0,-55.0,-49.0,810.0,-90.0,-201.0,-22.0,151.0
-59.0,-301.0,35.0,31.0,73.0,665.0,-115.0,-142.0,1.0,118.0
-39.0,-349.0,61.0,3.0,-37.0,418.0,-35.0,-194.0,28.0,71.0
-47.0,-501.0,93.0,-20.0,-173.0,467.0,38.0,3.0,67.0,44.0
-37.0,-625.0,72.0,-10.0,31.0,496.0,53.0,155.0,38.0,20.0
-22.0,-551.0,89.0,-40.0,140.0,327.0,25.0,160.0,11.0,4.0
-6.0,-409.0,121.0,-133.0,-5.0,398.0,-84.0,105.0,-40.0,9.0
3.0,-212.0,126.0,-167.0,17.0,432.0,-68.0,-158.0,-74.0,16.0
3.0,86.0,176.0,-110.0,130.0,403.0,144.0,-121.0,-79.0,27.0
13.0,302.0,165.0,-63.0,215.0,542.0,249.0,-138.0,-73.0,29.0
11.0,269.0,129.0,-6.0,247.0,662.0,303.0,-75.0,-43.0,32.0
-7.0,205.0,169.0,58.0,87.0,811.0,322.0,227.0,-38.0,24.0
-43.0,197.0,131.0,118.0,47.0,939.0,431.0,421.0,-15.0,20.0
-49.0,145.0,114.0,103.0,253.0,837.0,644.0,491.0,-15.0,18.0
-63.0,37.0,163.0,69.0,96.0,596.0,574.0,328.0,-53.0,-14.0
-69.0,-31.0,125.0,55.0,-240.0,525.0,140.0,133.0,-89.0,-42.0
-79.0,-47.0,119.0,11.0,-202.0,504.0,-244.0,-59.0,-119.0,-85.0
-90.0,-280.0,118.0,-3.0,39.0,437.0,-381.0,-51.0,-150.0,-98.0
-91.0,-441.0,98.0,28.0,61.0,475.0,-485.0,0.0,-152.0,-108.0
-102.0,-383.0,78.0,84.0,-5.0,406.0,-468.0,-38.0,-132.0,-110.0
-127.0,-447.0,90.0,155.0,21.0,325.0,-498.0,97.0,-131.0,-87.0
-164.0,-570.0,98.0,201.0,16.0,253.0,-665.0,94.0,-79.0,-56.0
-171.0,-251.0,77.0,205.0,126.0,135.0,-702.0,136.0,-41.0,-14.0
-199.0,451.0,103.0,207.0,-10.0,345.0,-636.0,109.0,-30.0,-7.0
-193.0,865.0,68.0,137.0,-263.0,642.0,-509.0,42.0,9.0,37.0
-169.0,972.0,110.0,41.0,-12.0,628.0,-282.0,134.0,24.0,46.0
-169.0,848.0,140.0,27.0,146.0,465.0,-132.0,40.0,33.0,13.0
-161.0,568.0,110.0,69.0,-123.0,436.0,-193.0,55.0,42.0,0.0
-168.0,141.0,114.0,76.0,-119.0,469.0,-155.0,59.0,57.0,-47.0
-164.0,-375.0,70.0,48.0,-2.0,533.0,28.0,131.0,44.0,-106.0
-175.0,-603.0,49.0,70.0,14.0,594.0,333.0,155.0,20.0,-156.0
-183.0,-471.0,53.0,82.0,111.0,335.0,657.0,-94.0,13.0,-173.0
-174.0,-142.0,26.0,111.0,-83.0,102.0,737.0,-266.0,10.0,-170.0
-143.0,-51.0,5.0,156.0,-63.0,88.0,794.0,-482.0,30.0,-180.0
-139.0,-85.0,21.0,152.0,137.0,-17.0,1009.0,-454.0,26.0,-167.0
-152.0,-42.0,4.0,95.0,-47.0,-217.0,1263.0,-369.0,2.0,-109.0
-137.0,137.0,31.0,38.0,-83.0,-294.0,1325.0,-157.0,-6.0,-58.0
-150.0,517.0,5.0,4.0,29.0,-110.0,1115.0,188.0,-7.0,-19.0
-131.0,527.0,-14.0,-28.0,109.0,-10.0,666.0,184.0,-6.0,15.0
-119.0,343.0,3.0,-17.0,155.0,10.0,329.0,203.0,12.0,50.0
-111.0,454.0,-56.0,16.0,-12.0,41.0,264.0,116.0,20.0,65.0
-77.0,383.0,-38.0,47.0,-70.0,-46.0,114.0,142.0,25.0,49.0
-92.0,33.0,-34.0,44.0,45.0,152.0,-78.0,182.0,59.0,54.0
-97.0,-244.0,-17.0,11.0,-44.0,431.0,-162.0,59.0,53.0,33.0
-106.0,-598.0,-2.0,9.0,-92.0,365.0,-218.0,86.0,64.0,-3.0
-100.0,-678.0,0.0,43.0,43.0,196.0,-218.0,-11.0,69.0,-3.0
-75.0,-429.0,28.0,62.0,113.0,12.0,-158.0,11.0,76.0,12.0
-65.0,-255.0,24.0,79.0,131.0,-31.0,-241.0,-55.0,120.0,9.0
-37.0,105.0,46.0,61.0,-27.0,178.0,-383.0,-186.0,121.0,19.0
-19.0,106.0,19.0,-29.0,-133.0,247.0,-458.0,-145.0,129.0,77.0
-7.0,-256.0,25.0,-66.0,7.0,114.0,-509.0,-72.0,121.0,132.0
-17.0,-166.0,71.0,-72.0,29.0,104.0,-496.0,194.0,117.0,184.0
-38.0,-14.0,2.0,-70.0,-60.0,66.0,-415.0,208.0,112.0,220.0
-56.0,92.0,-19.0,-7.0,-127.0,51.0,-277.0,145.0,82.0,247.0
-86.0,389.0,-31.0,45.0,-104.0,0.0,-96.0,75.0,86.0,268.0
-82.0,637.0,-85.0,58.0,30.0,-216.0,7.0,-84.0,53.0,253.0
-82.0,588.0,-35.0,52.0,19.0,-95.0,52.0,-38.0,11.0,232.0
-99.0,393.0,-64.0,24.0,-107.0,62.0,261.0,-1.0,-32.0,217.0
-102.0,272.0,-31.0,-20.0,-9.0,-243.0,394.0,118.0,-64.0,197.0
-85.0,47.0,32.0,-9.0,29.0,-425.0,417.0,107.0,-64.0,168.0
-55.0,-18.0,-24.0,87.0,-42.0,-104.0,551.0,11.0,-40.0,147.0
-64.0,-65.0,14.0,166.0,47.0,119.0,747.0,-157.0,24.0,135.0
-89.0,-351.0,48.0,145.0,63.0,-83.0,945.0,-375.0,66.0,105.0
-84.0,-317.0,67.0,101.0,164.0,-241.0,1026.0,-251.0,124.0,72.0
-71.0,-155.0,108.0,73.0,137.0,145.0,927.0,-157.0,142.0,51.0
-79.0,-197.0,134.0,31.0,-140.0,562.0,596.0,-18.0,115.0,25.0
-67.0,-192.0,145.0,12.0,-106.0,242.0,348.0,-16.0,80.0,10.0
-40.0,-150.0,151.0,13.0,26.0,-185.0,258.0,-171.0,19.0,11.0
-42.0,19.0,135.0,38.0,-25.0,-236.0,229.0,-145.0,24.0,39.0
-37.0,182.0,100.0,-26.0,-51.0,-95.0,249.0,-107.0,14.0,74.0
-16.0,278.0,100.0,-113.0,-69.0,-14.0,74.0,53.0,0.0,108.0
-21.0,458.0,54.0,-57.0,-41.0,-138.0,-151.0,46.0,30.0,157.0
-34.0,171.0,39.0,-41.0,74.0,-8.0,-154.0,86.0,34.0,196.0
-42.0,-153.0,50.0,-7.0,-30.0,154.0,52.0,227.0,31.0,252.0
-62.0,-57.0,43.0,115.0,-74.0,28.0,147.0,203.0,51.0,300.0
-56.0,123.0,44.0,225.0,73.0,93.0,55.0,127.0,107.0,334.0
-44.0,104.0,24.0,268.0,80.0,339.0,-207.0,-123.0,149.0,362.0
-41.0,-52.0,34.0,224.0,24.0,596.0,-607.0,-140.0,159.0,326.0
-4.0,226.0,33.0,201.0,-71.0,671.0,-796.0,-120.0,146.0,261.0
14.0,103.0,60.0,170.0,-11.0,413.0,-656.0,-60.0,115.0,191.0
2.0,-71.0,61.0,126.0,124.0,353.0,-398.0,134.0,80.0,120.0
-11.0,86.0,60.0,122.0,-60.0,609.0,-351.0,55.0,20.0,65.0
-24.0,-88.0,116.0,142.0,-148.0,742.0,-345.0,66.0,-40.0,29.0
-40.0,16.0,97.0,166.0,49.0,603.0,-102.0,12.0,-43.0,2.0
-45.0,-18.0,121.0,116.0,132.0,514.0,271.0,-64.0,-48.0,-25.0
-45.0,-179.0,133.0,53.0,194.0,400.0,557.0,-127.0,-41.0,-35.0
-54.0,-412.0,141.0,-10.0,117.0,312.0,682.0,-247.0,-26.0,-37.0
-48.0,-664.0,170.0,-62.0,72.0,595.0,735.0,-201.0,-50.0,-43.0
-53.0,-318.0,172.0,-66.0,225.0,553.0,740.0,-338.0,-38.0,-56.0
-67.0,111.0,180.0,-45.0,67.0,238.0,778.0,-291.0,-25.0,-52.0
-76.0,252.0,166.0,58.0,-28.0,52.0,806.0,-175.0,-33.0,-30.0
-77.0,174.0,163.0,124.0,29.0,218.0,756.0,-166.0,-17.0,-9.0
-82.0,205.0,122.0,121.0,-8.0,598.0,744.0,-177.0,-15.0,-8.0
-86.0,198.0,149.0,122.0,11.0,339.0,780.0,-395.0,-40.0,-7.0
-89.0,-48.0,153.0,140.0,-98.0,-25.0,770.0,-330.0,-42.0,-13.0
-92.0,-249.0,151.0,162.0,-117.0,-143.0,686.0,-269.0,-26.0,-57.0
-83.0,-384.0,195.0,186.0,81.0,-49.0,481.0,-212.0,-28.0,-81.0
-86.0,-416.0,183.0,270.0,84.0,-20.0,263.0,-171.0,0.0,-88.0
-75.0,-39.0,174.0,222.0,-124.0,-256.0,141.0,-214.0,26.0,-109.0
-77.0,172.0,146.0,66.0,-84.0,-130.0,90.0,-55.0,35.0,-114.0
-84.0,-36.0,180.0,10.0,136.0,30.0,45.0,-64.0,49.0,-106.0
-63.0,114.0,181.0,7.0,83.0,-50.0,14.0,11.0,53.0,-97.0
-46.0,31.0,177.0,40.0,-78.0,-125.0,54.0,64.0,54.0,-85.0
-32.0,-372.0,176.0,73.0,-39.0,-79.0,-28.0,62.0,60.0,-88.0
-16.0,-482.0,174.0,101.0,147.0,-60.0,-129.0,-1.0,66.0,-108.0
5.0,-589.0,174.0,84.0,139.0,-165.0,-137.0,-242.0,41.0,-134.0
7.0,-551.0,110.0,62.0,-8.0,-291.0,-130.0,-273.0,26.0,-129.0
0.0,-296.0,119.0,77.0,-45.0,-249.0,-37.0,-373.0,14.0,-96.0
-11.0,0.0,55.0,80.0,-29.0,32.0,98.0,-365.0,-28.0,-61.0
-4.0,118.0,25.0,61.0,72.0,121.0,160.0,-271.0,-57.0,-6.0
6.0,-38.0,44.0,16.0,-2.0,-51.0,115.0,-258.0,-78.0,58.0
-21.0,-96.0,39.0,-12.0,-159.0,-62.0,113.0,-177.0,-82.0,111.0
-14.0,-252.0,75.0,-34.0,-13.0,28.0,148.0,-227.0,-80.0,123.0
0.0,-283.0,31.0,-44.0,124.0,-37.0,149.0,-158.0,-77.0,99.0
1.0,109.0,38.0,-58.0,24.0,79.0,65.0,-120.0,-68.0,56.0
36.0,213.0,107.0,-65.0,-155.0,204.0,-116.0,-90.0,-70.0,2.0
39.0,159.0,133.0,-42.0,-111.0,50.0,-296.0,9.0,-40.0,-52.0
45.0,248.0,152.0,-17.0,69.0,-57.0,-369.0,-118.0,-13.0,-119.0
71.0,73.0,186.0,6.0,-36.0,-166.0,-304.0,-210.0,-5.0,-173.0
97.0,-15.0,188.0,-3.0,-269.0,-362.0,-142.0,-181.0,22.0,-243.0
93.0,559.0,217.0,-70.0,-176.0,-369.0,79.0,-25.0,36.0,-298.0
84.0,762.0,247.0,-121.0,54.0,-193.0,165.0,-62.0,64.0,-309.0
84.0,363.0,226.0,-113.0,51.0,-120.0,152.0,-229.0,74.0,-320.0
66.0,292.0,227.0,-42.0,-45.0,-129.0,170.0,-351.0,60.0,-298.0
68.0,46.0,228.0,52.0,-27.0,-68.0,225.0,-484.0,46.0,-269.0
48.0,-286.0,212.0,81.0,119.0,18.0,372.0,-267.0,20.0,-222.0
68.0,-436.0,202.0,112.0,-9.0,-12.0,484.0,-147.0,32.0,-181.0
91.0,-712.0,184.0,107.0,-195.0,-110.0,472.0,-72.0,27.0,-172.0
76.0,-1072.0,185.0,27.0,-68.0,-267.0,432.0,-79.0,24.0,-138.0
64.0,-1224.0,185.0,-24.0,-16.0,-331.0,416.0,-330.0,17.0,-105.0
34.0,-873.0,116.0,-56.0,10.0,-377.0,402.0,-341.0,19.0,-78.0
17.0,-485.0,117.0,-110.0,-37.0,-669.0,442.0,-290.0,47.0,-59.0
5.0,13.0,96.0,-134.0,-100.0,-696.0,384.0,-92.0,53.0,-20.0
4.0,556.0,45.0,-117.0,25.0,-361.0,165.0,-48.0,76.0,24.0
0.0,951.0,73.0,-65.0,58.0,-38.0,22.0,-127.0,58.0,48.0
27.0,1283.0,30.0,2.0,-56.0,75.0,-53.0,-151.0,34.0,92.0
21.0,1077.0,18.0,20.0,-79.0,-151.0,-180.0,-229.0,50.0,105.0
15.0,782.0,21.0,61.0,40.0,-277.0,-287.0,-129.0,41.0,90.0
39.0,855.0,21.0,36.0,183.0,-25.0,-239.0,-212.0,40.0,74.0
29.0,796.0,74.0,-76.0,168.0,-23.0,-214.0,-133.0,60.0,65.0
61.0,558.0,54.0,-127.0,15.0,-304.0,-277.0,-42.0,71.0,67.0
78.0,514.0,68.0,-122.0,134.0,-396.0,-255.0,-173.0,82.0,68.0
84.0,349.0,115.0,-72.0,240.0,-413.0,-260.0,-218.0,68.0,97.0
105.0,138.0,65.0,3.0,20.0,-371.0,-301.0,-495.0,24.0,136.0
107.0,3.0,78.0,28.0,-66.0,-348.0,-208.0,-609.0,23.0,179.0
114.0,-317.0,80.0,-32.0,4.0,-277.0,-127.0,-624.0,33.0,218.0
127.0,-647.0,10.0,-62.0,25.0,-45.0,-69.0,-480.0,32.0,222.0
87.0,-793.0,8.0,-66.0,6.0,-158.0,136.0,-147.0,45.0,200.0
53.0,-665.0,-5.0,-59.0,-64.0,-505.0,295.0,-20.0,35.0,164.0
47.0,-620.0,-38.0,-17.0,-78.0,-388.0,445.0,118.0,-9.0,150.0
32.0,-200.0,-22.0,-1.0,-8.0,-78.0,535.0,29.0,-46.0,138.0
25.0,269.0,-23.0,-56.0,-57.0,-16.0,481.0,-77.0,-93.0,119.0
17.0,145.0,-53.0,-159.0,-152.0,-110.0,528.0,-247.0,-163.0,117.0
4.0,185.0,-43.0,-201.0,-150.0,-308.0,559.0,-443.0,-218.0,138.0
1.0,186.0,-50.0,-236.0,-35.0,-424.0,479.0,-334.0,-247.0,148.0
32.0,40.0,-52.0,-233.0,66.0,-329.0,387.0,-306.0,-240.0,136.0
18.0,101.0,-5.0,-176.0,-68.0,-187.0,303.0,-173.0,-231.0,138.0
33.0,400.0,9.0,-129.0,-124.0,-298.0,150.0,-120.0,-230.0,123.0
39.0,369.0,3.0,-131.0,30.0,-386.0,40.0,-177.0,-197.0,101.0
8.0,295.0,7.0,-177.0,59.0,-187.0,-55.0,-133.0,-152.0,73.0
17.0,662.0,-6.0,-192.0,7.0,-158.0,-235.0,-162.0,-119.0,68.0
0.0,679.0,-18.0,-222.0,-4.0,-287.0,-381.0,-84.0,-76.0,54.0
21.0,293.0,42.0,-213.0,98.0,-314.0,-518.0,-64.0,-49.0,0.0
30.0,-229.0,35.0,-176.0,187.0,-285.0,-567.0,99.0,-59.0,-27.0
9.0,-389.0,-7.0,-165.0,51.0,-200.0,-564.0,221.0,-41.0,-88.0
7.0,-608.0,23.0,-207.0,-39.0,-144.0,-514.0,101.0,-5.0,-185.0
17.0,-652.0,30.0,-256.0,84.0,-291.0,-383.0,29.0,14.0,-273.0
5.0,0.0,36.0,-249.0,190.0,-510.0,-141.0,-155.0,28.0,-330.0
-10.0,128.0,35.0,-231.0,119.0,-509.0,152.0,-190.0,23.0,-358.0
-7.0,228.0,16.0,-144.0,37.0,-427.0,302.0,-253.0,2.0,-351.0
-25.0,611.0,-4.0,-63.0,68.0,-415.0,428.0,-247.0,-19.0,-325.0
-14.0,502.0,-11.0,-3.0,125.0,-350.0,573.0,-107.0,-39.0,-313.0
-7.0,169.0,-27.0,12.0,61.0,-304.0,596.0,-107.0,-45.0,-310.0
-13.0,146.0,-57.0,0.0,-32.0,-177.0,471.0,-112.0,-29.0,-344.0
-8.0,81.0,-67.0,47.0,20.0,-28.0,275.0,-286.0,19.0,-372.0
-15.0,-6.0,-94.0,67.0,20.0,-143.0,26.0,-288.0,64.0,-409.0
-37.0,171.0,-104.0,57.0,-74.0,-235.0,-65.0,-162.0,74.0,-456.0
-43.0,-6.0,-131.0,38.0,-224.0,-182.0,-18.0,-29.0,80.0,-453.0
-60.0,-109.0,-136.0,41.0,-246.0,-128.0,2.0,114.0,67.0,-399.0
-75.0,69.0,-132.0,14.0,-46.0,-298.0,59.0,118.0,48.0,-327.0
-59.0,-71.0,-174.0,11.0,-60.0,-640.0,125.0,127.0,30.0,-269.0
-61.0,-269.0,-151.0,68.0,-132.0,-684.0,191.0,-83.0,-25.0,-182.0
-45.0,-35.0,-106.0,103.0,-38.0,-429.0,128.0,-286.0,-78.0,-67.0
-43.0,91.0,-101.0,138.0,-62.0,-53.0,11.0,-460.0,-109.0,-2.0
-54.0,-231.0,-32.0,78.0,-143.0,-27.0,-59.0,-471.0,-163.0,30.0
-67.0,-346.0,-17.0,-2.0,-199.0,-152.0,-74.0,-225.0,-203.0,78.0
-101.0,-272.0,-40.0,-41.0,-201.0,-56.0,-51.0,-242.0,-214.0,86.0
-110.0,-399.0,-11.0,-81.0,-4.0,-153.0,-12.0,-195.0,-225.0,64.0
-78.0,-499.0,-48.0,-102.0,74.0,-118.0,137.0,-127.0,-225.0,42.0
-57.0,-208.0,-39.0,-145.0,-15.0,53.0,257.0,-112.0,-221.0,20.0
-58.0,-83.0,-36.0,-138.0,109.0,98.0,275.0,-92.0,-221.0,-12.0
-70.0,-130.0,-33.0,-103.0,149.0,189.0,230.0,-197.0,-212.0,-48.0
-80.0,-68.0,-47.0,-65.0,-19.0,211.0,225.0,-140.0,-177.0,-34.0
-63.0,-165.0,-63.0,-45.0,-22.0,92.0,243.0,-136.0,-156.0,-26.0
-64.0,49.0,-43.0,-59.0,11.0,73.0,300.0,-86.0,-113.0,-29.0
-75.0,271.0,-104.0,-46.0,46.0,214.0,399.0,-155.0,-69.0,-2.0
-56.0,253.0,-99.0,-32.0,140.0,322.0,407.0,-314.0,-64.0,18.0
-24.0,343.0,-127.0,-14.0,32.0,544.0,470.0,-247.0,-53.0,33.0
-17.0,594.0,-142.0,-67.0,-45.0,695.0,470.0,-345.0,-75.0,53.0
-9.0,930.0,-93.0,-121.0,163.0,557.0,231.0,-330.0,-82.0,94.0
-9.0,645.0,-98.0,-105.0,208.0,313.0,-77.0,-365.0,-80.0,138.0
-10.0,217.0,-53.0,-41.0,-16.0,96.0,-288.0,-293.0,-75.0,157.0
-9.0,-67.0,-34.0,30.0,-50.0,217.0,-369.0,-109.0,-48.0,136.0
-53.0,-444.0,-50.0,7.0,59.0,453.0,-394.0,-186.0,-52.0,93.0
-78.0,-414.0,-49.0,3.0,34.0,275.0,-449.0,-151.0,-64.0,59.0
-86.0,-484.0,-43.0,-67.0,-28.0,-112.0,-500.0,-192.0,-35.0,10.0
-68.0,-721.0,-40.0,-156.0,-54.0,-143.0,-450.0,-105.0,-4.0,-44.0
-30.0,-808.0,-16.0,-157.0,-13.0,37.0,-339.0,-27.0,-1.0,-63.0
-11.0,-823.0,-8.0,-212.0,-9.0,33.0,-311.0,-49.0,32.0,-97.0
2.0,-695.0,15.0,-213.0,-148.0,106.0,-306.0,-72.0,40.0,-159.0
4.0,-340.0,50.0,-152.0,-215.0,274.0,-167.0,-227.0,41.0,-192.0
-20.0,54.0,31.0,-74.0,-80.0,223.0,-45.0,-133.0,56.0,-205.0
-56.0,358.0,72.0,27.0,-23.0,31.0,84.0,-136.0,52.0,-198.0
-89.0,723.0,67.0,46.0,-126.0,109.0,221.0,-140.0,46.0,-153.0
-110.0,743.0,12.0,-6.0,-65.0,455.0,258.0,-105.0,29.0,-67.0
-106.0,618.0,0.0,-76.0,46.0,424.0,411.0,-101.0,31.0,33.0
-80.0,521.0,13.0,-106.0,112.0,223.0,661.0,72.0,0.0,95.0
-57.0,326.0,-14.0,-61.0,139.0,258.0,723.0,66.0,-25.0,120.0
-54.0,-20.0,-14.0,-51.0,-6.0,325.0,603.0,60.0,-20.0,119.0
-36.0,-371.0,71.0,-70.0,16.0,400.0,475.0,-24.0,-15.0,78.0
-32.0,-384.0,21.0,-88.0,216.0,337.0,243.0,-79.0,9.0,-1.0
-19.0,-319.0,47.0,-143.0,97.0,277.0,-42.0,-27.0,21.0,-66.0
2.0,-4.0,85.0,-197.0,-43.0,281.0,-308.0,-92.0,26.0,-105.0
21.0,4.0,18.0,-183.0,56.0,179.0,-487.0,-90.0,37.0,-136.0
62.0,-233.0,-21.0,-123.0,38.0,159.0,-434.0,-121.0,75.0,-133.0
102.0,-96.0,-31.0,-119.0,-12.0,98.0,-271.0,33.0,88.0,-83.0
141.0,-17.0,-25.0,-138.0,-116.0,78.0,-137.0,75.0,94.0,-28.0
164.0,13.0,-46.0,-159.0,-179.0,176.0,-31.0,-114.0,101.0,20.0
178.0,-85.0,25.0,-155.0,57.0,114.0,121.0,-249.0,79.0,98.0
183.0,-120.0,-17.0,-159.0,122.0,239.0,222.0,-558.0,86.0,192.0
188.0,-253.0,-24.0,-158.0,-98.0,383.0,292.0,-624.0,89.0,278.0
168.0,-612.0,10.0,-124.0,-150.0,170.0,325.0,-521.0,68.0,363.0
170.0,-687.0,-37.0,-149.0,-40.0,62.0,232.0,-373.0,41.0,425.0
196.0,-699.0,-17.0,-149.0,-31.0,-14.0,134.0,-201.0,3.0,441.0
191.0,-722.0,-64.0,-148.0,-133.0,-108.0,91.0,-179.0,-2.0,411.0
180.0,-555.0,-102.0,-131.0,-161.0,-35.0,7.0,-72.0,-14.0,352.0
165.0,-296.0,-104.0,-124.0,37.0,96.0,-126.0,-66.0,-54.0,273.0
156.0,-154.0,-75.0,-148.0,82.0,173.0,-144.0,62.0,-100.0,160.0
107.0,-71.0,-90.0,-80.0,-106.0,37.0,-109.0,138.0,-147.0,40.0
62.0,137.0,-72.0,-27.0,-98.0,-31.0,-99.0,40.0,-173.0,-64.0
45.0,335.0,-8.0,13.0,61.0,6.0,-152.0,-27.0,-205.0,-160.0
43.0,293.0,-45.0,51.0,162.0,10.0,-247.0,-212.0,-221.0,-231.0
48.0,228.0,-77.0,41.0,72.0,87.0,-174.0,-238.0,-200.0,-264.0
29.0,458.0,-84.0,29.0,-73.0,58.0,96.0,-461.0,-185.0,-236.0
24.0,543.0,-76.0,62.0,78.0,-53.0,309.0,-655.0,-144.0,-174.0
19.0,481.0,-100.0,34.0,235.0,-50.0,415.0,-574.0,-113.0,-117.0
11.0,500.0,-106.0,-75.0,54.0,-68.0,559.0,-504.0,-92.0,-46.0
-20.0,295.0,-110.0,-117.0,1.0,-123.0,704.0,-264.0,-65.0,17.0
-69.0,158.0,-164.0,-152.0,131.0,12.0,832.0,-133.0,-40.0,32.0
-67.0,138.0,-171.0,-175.0,142.0,129.0,781.0,18.0,-12.0,26.0
-37.0,44.0,-166.0,-137.0,83.0,37.0,526.0,144.0,-8.0,1.0
-22.0,-46.0,-209.0,-71.0,-84.0,-57.0,271.0,214.0,6.0,-51.0
5.0,44.0,-209.0,-60.0,-52.0,-98.0,113.0,317.0,25.0,-106.0
22.0,104.0,-256.0,-51.0,187.0,-70.0,-76.0,260.0,51.0,-173.0
39.0,-231.0,-291.0,-18.0,98.0,59.0,-299.0,243.0,92.0,-222.0
41.0,-364.0,-235.0,-34.0,-45.0,106.0,-384.0,0.0,123.0,-268.0
4.0,-136.0,-250.0,-16.0,21.0,152.0,-456.0,-177.0,160.0,-318.0
4.0,62.0,-244.0,-49.0,91.0,295.0,-504.0,-194.0,186.0,-324.0
0.0,25.0,-243.0,-100.0,66.0,288.0,-529.0,-317.0,190.0,-324.0
-7.0,12.0,-204.0,-134.0,-123.0,275.0,-545.0,-291.0,173.0,-300.0
-11.0,122.0,-157.0,-148.0,-131.0,82.0,-518.0,-441.0,159.0,-240.0
-11.0,7.0,-121.0,-138.0,114.0,-166.0,-421.0,-487.0,129.0,-207.0
-8.0,-88.0,-84.0,-142.0,143.0,-103.0,-270.0,-352.0,125.0,-192.0
-19.0,-111.0,-92.0,-107.0,-65.0,-27.0,-125.0,-133.0,139.0,-204.0
-27.0,-222.0,-42.0,-115.0,-103.0,262.0,20.0,151.0,142.0,-205.0
-53.0,-297.0,-63.0,-112.0,33.0,481.0,37.0,97.0,161.0,-205.0
-54.0,-274.0,-52.0,-112.0,100.0,486.0,-66.0,27.0,138.0,-231.0
-51.0,-377.0,-58.0,-131.0,-12.0,518.0,-171.0,-66.0,99.0,-222.0
-44.0,-365.0,-85.0,-115.0,-172.0,402.0,-138.0,20.0,37.0,-203.0
-28.0,-209.0,-55.0,-100.0,-29.0,404.0,-12.0,136.0,-38.0,-168.0
-47.0,-159.0,-64.0,-63.0,160.0,463.0,146.0,99.0,-97.0,-132.0
-62.0,-92.0,-45.0,-17.0,88.0,479.0,235.0,218.0,-155.0,-96.0
-96.0,-192.0,-44.0,11.0,-75.0,296.0,132.0,144.0,-164.0,-48.0
-124.0,-70.0,-35.0,-35.0,-31.0,-72.0,115.0,66.0,-180.0,-26.0
-119.0,163.0,-34.0,-86.0,121.0,-150.0,252.0,-14.0,-179.0,-2.0
-95.0,65.0,-50.0,-71.0,-43.0,-51.0,366.0,-24.0,-149.0,20.0
-63.0,39.0,-93.0,-9.0,-201.0,81.0,384.0,-20.0,-156.0,45.0
-58.0,285.0,-78.0,47.0,-31.0,152.0,316.0,-142.0,-141.0,49.0
-49.0,475.0,-30.0,81.0,49.0,63.0,157.0,-55.0,-125.0,55.0
-29.0,401.0,-33.0,112.0,19.0,-213.0,-6.0,-103.0,-121.0,82.0
-6.0,344.0,5.0,124.0,31.0,-391.0,-199.0,-86.0,-108.0,93.0
6.0,257.0,10.0,150.0,-25.0,-169.0,-492.0,-31.0,-91.0,124.0
12.0,36.0,38.0,105.0,96.0,-42.0,-585.0,-131.0,-68.0,145.0
22.0,-240.0,54.0,42.0,103.0,-118.0,-495.0,-129.0,-18.0,131.0
32.0,-451.0,49.0,41.0,-161.0,-130.0,-563.0,-125.0,45.0,80.0
37.0,-360.0,65.0,44.0,-134.0,-125.0,-761.0,-24.0,69.0,29.0
35.0,-88.0,49.0,69.0,52.0,-219.0,-821.0,-86.0,90.0,8.0
28.0,11.0,64.0,118.0,126.0,-248.0,-659.0,-134.0,96.0,-6.0
29.0,153.0,46.0,138.0,36.0,-47.0,-434.0,25.0,86.0,14.0
28.0,260.0,40.0,68.0,-54.0,-71.0,-271.0,59.0,65.0,53.0
18.0,207.0,15.0,26.0,57.0,-362.0,-146.0,9.0,57.0,94.0
2.0,153.0,-21.0,5.0,118.0,-381.0,-60.0,-254.0,71.0,125.0
-21.0,-27.0,10.0,-47.0,-65.0,-183.0,19.0,-306.0,73.0,140.0
-31.0,-78.0,-23.0,-10.0,-237.0,-148.0,171.0,-105.0,80.0,150.0
-35.0,-208.0,12.0,17.0,-57.0,-123.0,322.0,12.0,98.0,147.0
-38.0,-382.0,29.0,-31.0,167.0,-117.0,436.0,84.0,120.0,156.0
-66.0,-404.0,-47.0,-54.0,4.0,-194.0,545.0,83.0,121.0,167.0
-97.0,-138.0,-10.0,-78.0,-218.0,-177.0,626.0,286.0,136.0,188.0
-102.0,85.0,1.0,-97.0,-91.0,-361.0,474.0,290.0,149.0,183.0
-92.0,-4.0,9.0,-31.0,59.0,-403.0,202.0,184.0,129.0,133.0
-74.0,64.0,9.0,47.0,-85.0,-10.0,58.0,131.0,101.0,86.0
-61.0,65.0,-65.0,86.0,-206.0,126.0,-113.0,36.0,48.0,22.0
-38.0,206.0,-63.0,96.0,-65.0,-27.0,-358.0,120.0,0.0,-44.0
-44.0,419.0,-92.0,45.0,191.0,-165.0,-619.0,-55.0,-40.0,-85.0
-46.0,493.0,-114.0,-9.0,187.0,-95.0,-778.0,-144.0,-67.0,-61.0
-44.0,519.0,-69.0,-56.0,25.0,56.0,-839.0,-133.0,-56.0,13.0
-70.0,274.0,-101.0,-79.0,133.0,-137.0,-775.0,-99.0,-35.0,98.0
-80.0,-271.0,-84.0,-17.0,251.0,-241.0,-626.0,-14.0,-22.0,222.0
-92.0,-773.0,-98.0,62.0,191.0,-66.0,-574.0,-131.0,-23.0,354.0
-118.0,-939.0,-132.0,85.0,0.0,-91.0,-501.0,-44.0,-29.0,457.0
-128.0,-969.0,-121.0,50.0,-132.0,-356.0,-364.0,57.0,-43.0,514.0
-115.0,-963.0,-103.0,51.0,71.0,-519.0,-200.0,243.0,-46.0,516.0
-104.0,-735.0,-47.0,73.0,105.0,-287.0,-121.0,310.0,-35.0,495.0
-101.0,-206.0,-63.0,82.0,-86.0,-58.0,-65.0,194.0,-20.0,445.0
-93.0,17.0,-49.0,158.0,-106.0,21.0,60.0,238.0,6.0,376.0
-70.0,204.0,-25.0,222.0,-43.0,-81.0,63.0,44.0,-4.0,319.0
-61.0,557.0,0.0,186.0,-60.0,-416.0,-54.0,-81.0,8.0,260.0
-74.0,551.0,29.0,133.0,-213.0,-214.0,-89.0,-140.0,40.0,188.0
-90.0,400.0,19.0,92.0,-243.0,146.0,9.0,-109.0,45.0,137.0
-93.0,336.0,8.0,17.0,-184.0,146.0,91.0,-24.0,81.0,115.0
-89.0,458.0,10.0,19.0,-115.0,34.0,63.0,-247.0,112.0,86.0
-99.0,429.0,36.0,51.0,-69.0,-274.0,-62.0,-273.0,143.0,73.0
-98.0,352.0,15.0,-34.0,-71.0,-484.0,-144.0,-162.0,147.0,62.0
-100.0,128.0,20.0,-81.0,19.0,-460.0,-56.0,48.0,132.0,32.0
-105.0,-150.0,1.0,-69.0,111.0,-350.0,124.0,197.0,128.0,-7.0
-94.0,3.0,5.0,-65.0,83.0,-453.0,172.0,142.0,103.0,-37.0
-90.0,-165.0,-9.0,-37.0,-34.0,-520.0,45.0,105.0,88.0,-59.0
-98.0,-373.0,-47.0,3.0,151.0,-6.0,-79.0,-49.0,75.0,-93.0
-94.0,-221.0,5.0,56.0,208.0,324.0,-157.0,-16.0,46.0,-115.0
-92.0,-103.0,-16.0,65.0,18.0,-87.0,-249.0,-38.0,11.0,-120.0
-81.0,62.0,-21.0,29.0,57.0,-496.0,-381.0,5.0,12.0,-109.0
-56.0,-30.0,-27.0,-10.0,-32.0,-445.0,-497.0,197.0,10.0,-107.0
-60.0,-289.0,-23.0,-17.0,30.0,-308.0,-531.0,149.0,6.0,-99.0
-55.0,-435.0,6.0,16.0,16.0,-255.0,-492.0,188.0,20.0,-79.0
-50.0,-400.0,-16.0,7.0,-279.0,-291.0,-426.0,118.0,0.0,-52.0
-41.0,-232.0,-12.0,-58.0,-93.0,-304.0,-263.0,90.0,-36.0,-29.0
-55.0,-200.0,-7.0,-96.0,5.0,-331.0,-83.0,125.0,-90.0,-2.0
-70.0,40.0,3.0,-118.0,-241.0,-539.0,49.0,151.0,-106.0,45.0
-45.0,423.0,-23.0,-149.0,-211.0,-428.0,156.0,284.0,-101.0,78.0
-18.0,484.0,-29.0,-190.0,-164.0,-53.0,87.0,299.0,-121.0,115.0
15.0,224.0,-5.0,-204.0,-134.0,204.0,-45.0,423.0,-110.0,160.0
0.0,-87.0,21.0,-132.0,-6.0,116.0,-165.0,437.0,-97.0,214.0
-29.0,-165.0,45.0,-48.0,-104.0,-229.0,-359.0,417.0,-88.0,235.0
-26.0,-235.0,10.0,55.0,-35.0,-274.0,-583.0,388.0,-60.0,217.0
-18.0,-92.0,19.0,140.0,223.0,-285.0,-615.0,230.0,-36.0,212.0
-25.0,247.0,43.0,210.0,37.0,-363.0,-518.0,158.0,-20.0,175.0
-34.0,327.0,52.0,231.0,-135.0,-398.0,-517.0,53.0,-14.0,123.0
-10.0,464.0,58.0,163.0,-92.0,-530.0,-528.0,282.0,-4.0,88.0
12.0,439.0,47.0,124.0,-69.0,-463.0,-553.0,467.0,4.0,40.0
0.0,68.0,31.0,77.0,17.0,-313.0,-492.0,336.0,18.0,-9.0
-35.0,-201.0,20.0,59.0,-62.0,-371.0,-397.0,192.0,40.0,-46.0
-57.0,-490.0,25.0,96.0,7.0,-346.0,-388.0,-3.0,40.0,-68.0
-72.0,-752.0,8.0,128.0,173.0,-270.0,-390.0,-29.0,49.0,-43.0
-47.0,-681.0,8.0,117.0,72.0,-363.0,-387.0,-92.0,54.0,3.0
-31.0,-324.0,4.0,31.0,-23.0,-331.0,-364.0,-36.0,54.0,59.0
4.0,59.0,13.0,-76.0,-58.0,-324.0,-361.0,84.0,60.0,153.0
24.0,57.0,67.0,-107.0,112.0,-457.0,-342.0,158.0,69.0,227.0
-2.0,-37.0,59.0,-48.0,110.0,-298.0,-331.0,341.0,87.0,243.0
-17.0,47.0,63.0,27.0,-144.0,-92.0,-270.0,338.0,97.0,261.0
-39.0,92.0,95.0,41.0,-56.0,-247.0,-146.0,441.0,104.0,281.0
-29.0,196.0,99.0,-20.0,98.0,-328.0,-29.0,384.0,141.0,268.0
-49.0,104.0,127.0,-34.0,92.0,-47.0,48.0,171.0,174.0,227.0
-74.0,0.0,133.0,-60.0,39.0,253.0,16.0,88.0,179.0,188.0
-86.0,-9.0,145.0,-86.0,-51.0,210.0,-46.0,14.0,201.0,162.0
-66.0,-89.0,191.0,-44.0,-62.0,-242.0,-32.0,227.0,178.0,119.0
-74.0,-50.0,191.0,-57.0,30.0,-442.0,88.0,284.0,144.0,78.0
-91.0,-157.0,162.0,-130.0,-37.0,-386.0,153.0,206.0,105.0,65.0
-84.0,-209.0,172.0,-186.0,-100.0,-509.0,197.0,131.0,42.0,89.0
-114.0,-382.0,140.0,-217.0,87.0,-647.0,348.0,164.0,33.0,115.0
-80.0,-644.0,112.0,-306.0,186.0,-855.0,393.0,347.0,15.0,136.0
-64.0,-565.0,117.0,-339.0,111.0,-721.0,218.0,275.0,34.0,173.0
-37.0,-622.0,81.0,-301.0,-64.0,-398.0,-68.0,338.0,63.0,170.0
-23.0,-779.0,59.0,-269.0,-17.0,-376.0,-361.0,304.0,51.0,134.0
-10.0,-604.0,7.0,-151.0,145.0,-326.0,-503.0,212.0,25.0,101.0
23.0,-123.0,24.0,7.0,24.0,-267.0,-554.0,218.0,-14.0,67.0
-12.0,186.0,62.0,145.0,-107.0,-146.0,-644.0,188.0,-76.0,20.0
-22.0,432.0,-6.0,211.0,-98.0,27.0,-624.0,434.0,-144.0,-37.0
-22.0,648.0,-4.0,180.0,61.0,-33.0,-513.0,528.0,-152.0,-62.0
4.0,476.0,20.0,132.0,161.0,-270.0,-437.0,434.0,-148.0,-90.0
1.0,306.0,-17.0,70.0,-31.0,-454.0,-448.0,134.0,-133.0,-128.0
-10.0,254.0,-26.0,38.0,-87.0,-612.0,-436.0,-120.0,-116.0,-114.0
25.0,189.0,-16.0,61.0,46.0,-610.0,-434.0,-62.0,-110.0,-89.0
45.0,320.0,-25.0,65.0,-23.0,-402.0,-487.0,-25.0,-91.0,-47.0
58.0,514.0,-4.0,38.0,-62.0,-289.0,-570.0,133.0,-76.0,10.0
37.0,322.0,-18.0,6.0,-88.0,-181.0,-758.0,142.0,-59.0,74.0
44.0,10.0,-68.0,-24.0,-39.0,47.0,-807.0,181.0,-84.0,132.0
73.0,1.0,-47.0,-43.0,157.0,181.0,-643.0,264.0,-120.0,123.0
79.0,135.0,-32.0,-18.0,-31.0,-125.0,-388.0,120.0,-169.0,105.0
84.0,138.0,-32.0,-30.0,-223.0,-490.0,-157.0,97.0,-209.0,56.0
104.0,32.0,-13.0,-30.0,6.0,-389.0,110.0,164.0,-218.0,-29.0
126.0,129.0,-50.0,55.0,152.0,-142.0,419.0,428.0,-214.0,-84.0
103.0,400.0,-26.0,141.0,52.0,-52.0,597.0,474.0,-164.0,-136.0
61.0,548.0,-11.0,205.0,8.0,-49.0,581.0,256.0,-120.0,-185.0
59.0,538.0,-16.0,234.0,114.0,-181.0,481.0,192.0,-89.0,-217.0
58.0,474.0,24.0,265.0,195.0,-351.0,559.0,38.0,-78.0,-220.0
53.0,374.0,4.0,195.0,104.0,-167.0,596.0,-18.0,-60.0,-191.0
87.0,177.0,62.0,113.0,-49.0,-61.0,527.0,-20.0,-40.0,-144.0
92.0,-65.0,32.0,98.0,-44.0,-91.0,336.0,40.0,-2.0,-78.0
75.0,-230.0,-4.0,23.0,82.0,86.0,117.0,101.0,61.0,33.0
48.0,-316.0,67.0,23.0,169.0,-37.0,62.0,160.0,80.0,141.0
65.0,-451.0,22.0,50.0,-3.0,-239.0,-52.0,288.0,101.0,240.0
116.0,-663.0,41.0,59.0,-49.0,-101.0,-260.0,169.0,107.0,340.0
132.0,-570.0,81.0,159.0,204.0,58.0,-490.0,260.0,122.0,414.0
150.0,-275.0,42.0,231.0,36.0,-104.0,-512.0,378.0,158.0,455.0
153.0,-2.0,35.0,273.0,-175.0,-398.0,-357.0,347.0,172.0,463.0
154.0,63.0,52.0,290.0,-46.0,-304.0,-236.0,312.0,220.0,484.0
147.0,35.0,36.0,243.0,36.0,91.0,-321.0,140.0,249.0,478.0
144.0,51.0,55.0,214.0,67.0,271.0,-494.0,157.0,265.0,432.0
139.0,-233.0,58.0,202.0,-58.0,19.0,-512.0,142.0,272.0,389.0
114.0,-359.0,14.0,219.0,-219.0,-114.0,-511.0,238.0,221.0,343.0
100.0,-467.0,15.0,147.0,22.0,81.0,-437.0,227.0,165.0,288.0
94.0,-517.0,51.0,16.0,210.0,210.0,-439.0,42.0,141.0,220.0
130.0,-572.0,71.0,-7.0,-56.0,99.0,-550.0,127.0,130.0,168.0
159.0,-659.0,60.0,-24.0,-113.0,-204.0,-557.0,109.0,100.0,131.0
165.0,-165.0,73.0,20.0,43.0,-371.0,-496.0,169.0,57.0,78.0
147.0,134.0,101.0,63.0,158.0,-406.0,-464.0,227.0,39.0,32.0
132.0,334.0,122.0,33.0,119.0,-348.0,-336.0,315.0,5.0,20.0
132.0,861.0,127.0,-3.0,-37.0,-78.0,-107.0,356.0,-8.0,-6.0
104.0,1209.0,151.0,-49.0,99.0,-9.0,-38.0,151.0,14.0,-26.0
72.0,1245.0,171.0,-48.0,164.0,-301.0,-1.0,125.0,16.0,-14.0
55.0,1195.0,182.0,-37.0,18.0,-307.0,105.0,42.0,39.0,5.0
39.0,1079.0,145.0,18.0,-18.0,-83.0,275.0,177.0,59.0,16.0
12.0,1127.0,124.0,114.0,69.0,-55.0,529.0,358.0,60.0,16.0
25.0,1216.0,114.0,134.0,126.0,-6.0,682.0,319.0,74.0,26.0
35.0,749.0,64.0,97.0,54.0,-181.0,557.0,360.0,93.0,26.0
38.0,262.0,80.0,13.0,-115.0,-248.0,353.0,238.0,100.0,8.0
30.0,-241.0,17.0,-93.0,-131.0,28.0,277.0,247.0,103.0,5.0
7.0,-868.0,26.0,-166.0,18.0,-47.0,243.0,195.0,126.0,15.0
0.0,-1421.0,49.0,-193.0,-46.0,-260.0,194.0,84.0,123.0,26.0
-23.0,-1805.0,1.0,-155.0,-25.0,-219.0,91.0,96.0,120.0,49.0
19.0,-1770.0,19.0,-91.0,19.0,101.0,1.0,77.0,103.0,106.0
30.0,-1567.0,1.0,-31.0,74.0,296.0,-145.0,133.0,93.0,164.0
19.0,-946.0,-10.0,17.0,215.0,87.0,-405.0,59.0,109.0,197.0
19.0,-361.0,-10.0,53.0,-21.0,-173.0,-526.0,129.0,83.0,228.0
15.0,-9.0,-21.0,87.0,-93.0,-166.0,-310.0,110.0,43.0,242.0
48.0,376.0,-9.0,84.0,24.0,102.0,-47.0,49.0,31.0,222.0
55.0,330.0,37.0,50.0,-96.0,212.0,-21.0,212.0,23.0,192.0
57.0,233.0,39.0,16.0,-187.0,90.0,-108.0,162.0,0.0,152.0
36.0,-42.0,53.0,3.0,-174.0,-174.0,-258.0,173.0,12.0,82.0
38.0,-279.0,100.0,0.0,-40.0,-193.0,-261.0,155.0,55.0,-6.0
10.0,-35.0,112.0,-17.0,32.0,81.0,-94.0,219.0,48.0,-94.0
-5.0,135.0,160.0,9.0,-7.0,209.0,-49.0,271.0,40.0,-151.0
10.0,478.0,225.0,20.0,7.0,294.0,-157.0,149.0,60.0,-182.0
-3.0,858.0,202.0,-31.0,165.0,277.0,-177.0,116.0,37.0,-208.0
-12.0,1001.0,246.0,-17.0,236.0,63.0,-37.0,-40.0,10.0,-207.0
-49.0,915.0,257.0,21.0,18.0,61.0,88.0,49.0,-22.0,-162.0
-40.0,447.0,174.0,83.0,-55.0,342.0,154.0,166.0,-72.0,-119.0
-29.0,-111.0,238.0,148.0,88.0,203.0,241.0,201.0,-72.0,-106.0
-47.0,-584.0,146.0,166.0,125.0,-117.0,381.0,349.0,-87.0,-82.0
-65.0,-890.0,103.0,150.0,28.0,-104.0,395.0,323.0,-93.0,-73.0
-85.0,-869.0,167.0,92.0,-17.0,19.0,214.0,286.0,-69.0,-87.0
-84.0,-706.0,89.0,107.0,14.0,177.0,-56.0,144.0,-63.0,-74.0
-62.0,-339.0,97.0,93.0,-8.0,275.0,-249.0,197.0,-36.0,-65.0
-57.0,397.0,106.0,68.0,-114.0,419.0,-306.0,336.0,-4.0,-85.0
-80.0,713.0,108.0,85.0,-193.0,559.0,-359.0,275.0,28.0,-96.0
-42.0,721.0,103.0,34.0,-114.0,465.0,-467.0,190.0,83.0,-108.0
0.0,480.0,96.0,-25.0,-35.0,279.0,-526.0,-46.0,118.0,-144.0
30.0,-276.0,92.0,-69.0,-106.0,290.0,-458.0,-114.0,139.0,-183.0
44.0,-886.0,95.0,-107.0,-135.0,216.0,-314.0,-195.0,162.0,-228.0
86.0,-1452.0,82.0,-103.0,-81.0,-280.0,-91.0,-282.0,150.0,-261.0
124.0,-1644.0,58.0,-103.0,-98.0,-508.0,-2.0,-219.0,140.0,-273.0
118.0,-1366.0,76.0,-135.0,-99.0,-344.0,45.0,-123.0,131.0,-292.0
154.0,-879.0,27.0,-146.0,-254.0,-278.0,241.0,142.0,127.0,-300.0
177.0,-276.0,58.0,-128.0,-276.0,-158.0,379.0,96.0,161.0,-294.0
217.0,44.0,103.0,-73.0,39.0,137.0,367.0,12.0,150.0,-280.0
207.0,608.0,56.0,-3.0,28.0,538.0,235.0,29.0,113.0,-265.0
173.0,1244.0,28.0,24.0,-89.0,457.0,89.0,-1.0,78.0,-250.0
159.0,1367.0,22.0,-10.0,49.0,-72.0,-71.0,-24.0,56.0,-233.0
148.0,1004.0,-6.0,-62.0,157.0,-135.0,-205.0,-236.0,61.0,-217.0
162.0,518.0,-24.0,-48.0,135.0,81.0,-347.0,-181.0,40.0,-181.0
93.0,462.0,-7.0,0.0,58.0,217.0,-344.0,-181.0,8.0,-165.0
76.0,270.0,-30.0,32.0,6.0,179.0,-110.0,-242.0,-4.0,-133.0
83.0,-201.0,-38.0,62.0,74.0,-52.0,102.0,-201.0,-1.0,-85.0
61.0,-394.0,-77.0,41.0,12.0,26.0,250.0,-195.0,0.0,-45.0
34.0,-614.0,-68.0,-33.0,-153.0,138.0,302.0,-1.0,1.0,12.0
12.0,-920.0,-46.0,-28.0,-65.0,-4.0,313.0,11.0,-2.0,52.0
51.0,-928.0,-104.0,78.0,19.0,26.0,249.0,125.0,-9.0,84.0
48.0,-879.0,-75.0,186.0,89.0,-33.0,197.0,218.0,-13.0,95.0
37.0,-576.0,-88.0,251.0,46.0,-311.0,176.0,323.0,-34.0,87.0
3.0,120.0,-118.0,265.0,-58.0,-348.0,102.0,519.0,-58.0,80.0
-23.0,422.0,-94.0,224.0,81.0,-149.0,18.0,375.0,-81.0,74.0
-46.0,604.0,-91.0,170.0,144.0,-29.0,-171.0,330.0,-95.0,70.0
-66.0,915.0,-98.0,179.0,4.0,-176.0,-341.0,188.0,-100.0,71.0
-71.0,1101.0,-111.0,203.0,-168.0,-379.0,-369.0,48.0,-99.0,83.0
-97.0,1112.0,-106.0,143.0,-87.0,-309.0,-286.0,-57.0,-84.0,86.0
-105.0,1204.0,-136.0,72.0,154.0,-90.0,-230.0,-160.0,-87.0,93.0
-135.0,1404.0,-139.0,27.0,77.0,27.0,-200.0,-35.0,-85.0,92.0
-139.0,1104.0,-135.0,-7.0,-61.0,23.0,-95.0,-121.0,-73.0,81.0
-169.0,857.0,-142.0,-10.0,189.0,116.0,76.0,-199.0,-60.0,62.0
-182.0,490.0,-115.0,-12.0,215.0,342.0,264.0,-256.0,-40.0,22.0
-165.0,-22.0,-129.0,10.0,-45.0,390.0,340.0,-153.0,-19.0,-3.0
-137.0,-166.0,-112.0,-3.0,-17.0,181.0,333.0,90.0,-13.0,-13.0
-97.0,-338.0,-43.0,-69.0,-59.0,110.0,308.0,53.0,-31.0,-19.0
-100.0,-80.0,-25.0,-44.0,-71.0,200.0,361.0,59.0,-35.0,-31.0
-72.0,65.0,-28.0,0.0,52.0,148.0,371.0,-25.0,-38.0,-52.0
-35.0,-99.0,-6.0,69.0,-61.0,133.0,219.0,-70.0,-31.0,-75.0
17.0,-337.0,-2.0,166.0,-48.0,-1.0,-12.0,-25.0,-21.0,-105.0
42.0,-679.0,21.0,146.0,215.0,-217.0,-218.0,-29.0,-22.0,-114.0
71.0,-446.0,50.0,102.0,233.0,-133.0,-231.0,155.0,-17.0,-114.0
104.0,-504.0,70.0,103.0,-36.0,49.0,-143.0,256.0,-15.0,-118.0
96.0,-326.0,77.0,92.0,-151.0,250.0,-56.0,181.0,-33.0,-95.0
92.0,436.0,49.0,37.0,-60.0,414.0,-29.0,-127.0,-73.0,-68.0
96.0,722.0,40.0,-1.0,-79.0,254.0,-104.0,-234.0,-89.0,-70.0
88.0,846.0,39.0,11.0,-119.0,138.0,-143.0,-153.0,-116.0,-112.0
62.0,659.0,29.0,21.0,-159.0,264.0,48.0,-243.0,-101.0,-157.0
77.0,547.0,43.0,-38.0,-36.0,337.0,276.0,-157.0,-91.0,-193.0
79.0,537.0,69.0,-99.0,203.0,363.0,376.0,-158.0,-112.0,-229.0
92.0,218.0,44.0,-73.0,60.0,117.0,510.0,-20.0,-65.0,-250.0
119.0,-101.0,2.0,-60.0,-10.0,-59.0,528.0,177.0,-33.0,-256.0
154.0,-380.0,-24.0,-10.0,84.0,43.0,417.0,101.0,-13.0,-249.0
177.0,-447.0,-16.0,33.0,17.0,140.0,376.0,0.0,0.0,-233.0
182.0,-455.0,-5.0,-8.0,-39.0,286.0,360.0,-205.0,16.0,-219.0
172.0,-397.0,-42.0,-33.0,-69.0,354.0,226.0,-275.0,32.0,-215.0
123.0,-7.0,-2.0,-62.0,-25.0,365.0,77.0,-388.0,27.0,-201.0
75.0,720.0,44.0,-99.0,64.0,361.0,-40.0,-428.0,21.0,-187.0
28.0,1475.0,57.0,-115.0,105.0,237.0,-82.0,-214.0,9.0,-155.0
34.0,1716.0,80.0,-121.0,58.0,-25.0,99.0,83.0,18.0,-120.0
34.0,1614.0,71.0,-108.0,93.0,29.0,278.0,362.0,1.0,-112.0
43.0,1477.0,65.0,-118.0,158.0,175.0,369.0,279.0,-17.0,-106.0
53.0,988.0,50.0,-140.0,95.0,158.0,484.0,227.0,-21.0,-113.0
61.0,345.0,7.0,-152.0,14.0,376.0,609.0,99.0,-56.0,-98.0
77.0,-138.0,11.0,-144.0,34.0,387.0,732.0,-94.0,-103.0,-89.0
81.0,-618.0,54.0,-107.0,103.0,401.0,786.0,-162.0,-145.0,-93.0
88.0,-796.0,22.0,-61.0,41.0,590.0,673.0,-378.0,-181.0,-68.0
60.0,-947.0,32.0,-30.0,54.0,613.0,500.0,-334.0,-229.0,-56.0
59.0,-1273.0,54.0,-7.0,71.0,676.0,354.0,-295.0,-231.0,-57.0
69.0,-1188.0,-11.0,55.0,141.0,475.0,214.0,-277.0,-209.0,-47.0
105.0,-857.0,-4.0,129.0,142.0,95.0,89.0,-188.0,-208.0,-30.0
134.0,-542.0,-29.0,164.0,-72.0,194.0,12.0,-166.0,-184.0,-18.0
141.0,-396.0,-41.0,139.0,-46.0,133.0,23.0,-5.0,-170.0,-4.0
134.0,-171.0,-10.0,148.0,-72.0,-233.0,49.0,-22.0,-148.0,10.0
133.0,217.0,-6.0,193.0,-116.0,-152.0,134.0,-20.0,-98.0,29.0
131.0,275.0,17.0,237.0,-92.0,-47.0,186.0,-134.0,-62.0,23.0
103.0,300.0,-8.0,290.0,-179.0,-15.0,132.0,-206.0,-33.0,-22.0
88.0,489.0,-7.0,307.0,-126.0,-22.0,75.0,-27.0,-19.0,-46.0
37.0,813.0,-30.0,280.0,27.0,91.0,68.0,-83.0,-12.0,-84.0
0.0,951.0,-73.0,188.0,34.0,352.0,138.0,-125.0,20.0,-152.0
-10.0,942.0,-74.0,106.0,25.0,284.0,186.0,-229.0,54.0,-191.0
1.0,1001.0,-64.0,83.0,238.0,174.0,235.0,-194.0,35.0,-228.0
-31.0,675.0,-47.0,62.0,216.0,192.0,280.0,-75.0,14.0,-285.0
-75.0,295.0,-22.0,-6.0,78.0,344.0,220.0,-99.0,43.0,-356.0
-65.0,31.0,35.0,-89.0,40.0,329.0,20.0,53.0,48.0,-389.0
-65.0,-136.0,44.0,-148.0,-57.0,369.0,-84.0,129.0,67.0,-377.0
-66.0,-215.0,62.0,-190.0,-54.0,476.0,105.0,169.0,117.0,-341.0
-98.0,-269.0,59.0,-207.0,-157.0,613.0,339.0,27.0,133.0,-272.0
-90.0,-439.0,28.0,-177.0,-196.0,682.0,419.0,-116.0,141.0,-178.0
-78.0,-690.0,65.0,-140.0,-71.0,118.0,386.0,18.0,177.0,-105.0
-102.0,-681.0,73.0,-99.0,28.0,66.0,357.0,36.0,207.0,-62.0
-117.0,-618.0,59.0,-72.0,51.0,366.0,315.0,-83.0,208.0,-22.0
-104.0,-641.0,82.0,-72.0,-48.0,436.0,331.0,-334.0,209.0,-5.0
-72.0,-914.0,94.0,-35.0,125.0,352.0,438.0,-356.0,179.0,4.0
-66.0,-970.0,91.0,-10.0,283.0,33.0,584.0,-295.0,155.0,3.0
-87.0,-1173.0,93.0,-21.0,170.0,241.0,744.0,-258.0,137.0,-5.0
-83.0,-1446.0,71.0,-46.0,120.0,462.0,733.0,-44.0,101.0,-43.0
-48.0,-993.0,89.0,-76.0,9.0,379.0,598.0,-99.0,71.0,-115.0
-36.0,-590.0,125.0,-85.0,-96.0,442.0,504.0,-75.0,20.0,-163.0
-39.0,-180.0,118.0,-40.0,-152.0,431.0,402.0,-83.0,-61.0,-184.0
-55.0,169.0,139.0,67.0,-255.0,235.0,226.0,-282.0,-152.0,-189.0
-53.0,232.0,137.0,135.0,-248.0,110.0,51.0,-341.0,-177.0,-195.0
-53.0,59.0,97.0,145.0,56.0,-36.0,-126.0,-399.0,-192.0,-171.0
-51.0,-58.0,132.0,139.0,264.0,-159.0,-263.0,-290.0,-194.0,-158.0
-59.0,141.0,105.0,108.0,144.0,-191.0,-216.0,-223.0,-167.0,-157.0
-56.0,283.0,76.0,54.0,152.0,-344.0,-124.0,-84.0,-166.0,-146.0
-12.0,816.0,154.0,12.0,236.0,-179.0,-116.0,-27.0,-141.0,-160.0
-6.0,982.0,108.0,-24.0,154.0,39.0,-4.0,-97.0,-91.0,-161.0
-26.0,516.0,75.0,-40.0,-118.0,40.0,167.0,5.0,-63.0,-190.0
-27.0,584.0,95.0,-81.0,-246.0,154.0,256.0,-129.0,-69.0,-201.0
-12.0,600.0,80.0,-137.0,-95.0,401.0,465.0,-81.0,-61.0,-188.0
-18.0,232.0,112.0,-105.0,-31.0,582.0,625.0,31.0,-47.0,-157.0
-39.0,22.0,114.0,-110.0,-76.0,284.0,697.0,36.0,-38.0,-98.0
-27.0,-107.0,94.0,-128.0,-141.0,22.0,836.0,88.0,-41.0,-37.0
-22.0,-425.0,33.0,-154.0,21.0,68.0,867.0,-73.0,-62.0,44.0
-42.0,-756.0,0.0,-183.0,227.0,83.0,743.0,-199.0,-71.0,82.0
-37.0,-990.0,12.0,-162.0,52.0,0.0,476.0,-365.0,-85.0,103.0
-27.0,-1248.0,-6.0,-136.0,-94.0,-194.0,242.0,-369.0,-115.0,90.0
-22.0,-990.0,-4.0,-39.0,-82.0,62.0,119.0,-262.0,-119.0,37.0
-42.0,-447.0,-31.0,44.0,-118.0,269.0,44.0,-114.0,-91.0,-21.0
-48.0,-37.0,-46.0,103.0,-211.0,219.0,-54.0,51.0,-90.0,-80.0
-31.0,456.0,-25.0,169.0,-373.0,547.0,-110.0,-12.0,-84.0,-119.0
-30.0,889.0,-33.0,214.0,-351.0,655.0,-34.0,109.0,-83.0,-178.0
-52.0,1071.0,-31.0,240.0,-122.0,391.0,37.0,84.0,-72.0,-213.0
-69.0,1077.0,-31.0,207.0,-25.0,29.0,130.0,-42.0,-43.0,-217.0
-59.0,1136.0,-35.0,118.0,45.0,175.0,350.0,-40.0,-13.0,-228.0
-82.0,1070.0,-41.0,79.0,224.0,568.0,595.0,14.0,40.0,-260.0
-62.0,1139.0,-71.0,67.0,314.0,382.0,686.0,275.0,34.0,-291.0
-26.0,922.0,-99.0,30.0,333.0,195.0,582.0,249.0,26.0,-328.0
10.0,243.0,-85.0,26.0,47.0,163.0,199.0,99.0,40.0,-389.0
26.0,-309.0,-82.0,25.0,-201.0,373.0,-137.0,-81.0,38.0,-434.0
25.0,-858.0,-82.0,17.0,-70.0,605.0,-151.0,-245.0,59.0,-467.0
43.0,-1293.0,-58.0,15.0,-214.0,294.0,-58.0,-288.0,90.0,-479.0
49.0,-1597.0,-62.0,62.0,-313.0,56.0,31.0,-423.0,109.0,-474.0
77.0,-1456.0,-62.0,43.0,-81.0,238.0,139.0,-365.0,111.0,-438.0
102.0,-1360.0,-38.0,-27.0,39.0,303.0,250.0,-310.0,106.0,-368.0
138.0,-1198.0,-38.0,-41.0,181.0,112.0,219.0,-158.0,98.0,-312.0
137.0,-992.0,-40.0,-64.0,204.0,-42.0,210.0,-99.0,83.0,-273.0
154.0,-1261.0,-29.0,-111.0,-162.0,-59.0,324.0,-214.0,54.0,-218.0
171.0,-832.0,-93.0,-152.0,-153.0,-104.0,481.0,-86.0,50.0,-159.0
177.0,-262.0,-80.0,-83.0,48.0,-171.0,601.0,-77.0,51.0,-144.0
171.0,24.0,-73.0,-70.0,-168.0,6.0,557.0,59.0,20.0,-147.0
147.0,495.0,-103.0,-106.0,-133.0,195.0,323.0,192.0,8.0,-115.0
155.0,815.0,-49.0,-78.0,-17.0,137.0,124.0,232.0,8.0,-99.0
148.0,850.0,-71.0,-110.0,97.0,147.0,115.0,229.0,16.0,-117.0
162.0,583.0,-22.0,-89.0,254.0,553.0,137.0,-62.0,4.0,-129.0
135.0,466.0,-29.0,-34.0,22.0,797.0,166.0,-133.0,-39.0,-156.0
137.0,464.0,-77.0,-3.0,23.0,413.0,17.0,-110.0,-60.0,-174.0
129.0,314.0,-10.0,33.0,162.0,-39.0,-137.0,-44.0,-80.0,-188.0
82.0,463.0,-32.0,59.0,-47.0,-163.0,-71.0,-77.0,-111.0,-168.0
53.0,570.0,-27.0,96.0,-98.0,63.0,25.0,-158.0,-141.0,-117.0
32.0,187.0,-13.0,114.0,-229.0,137.0,164.0,-46.0,-166.0,-96.0
29.0,-7.0,-8.0,128.0,-287.0,-51.0,405.0,-27.0,-181.0,-58.0
0.0,-173.0,45.0,95.0,63.0,-50.0,686.0,173.0,-181.0,-24.0
-9.0,-377.0,51.0,-27.0,-102.0,-122.0,846.0,288.0,-156.0,-13.0
-8.0,-635.0,59.0,-110.0,-168.0,68.0,910.0,347.0,-104.0,-26.0
-30.0,-816.0,80.0,-148.0,187.0,439.0,894.0,410.0,-60.0,-40.0
-50.0,-416.0,62.0,-178.0,34.0,413.0,839.0,260.0,-29.0,-43.0
-34.0,-368.0,47.0,-158.0,39.0,542.0,831.0,110.0,4.0,-73.0
-40.0,-444.0,71.0,-93.0,76.0,475.0,761.0,-140.0,-10.0,-84.0
-71.0,-304.0,77.0,-62.0,-173.0,246.0,562.0,-116.0,-47.0,-73.0
-103.0,-256.0,91.0,-88.0,-8.0,465.0,403.0,-59.0,-66.0,-59.0
-88.0,79.0,124.0,-65.0,-69.0,378.0,299.0,-177.0,-62.0,-25.0
-61.0,611.0,125.0,-54.0,-188.0,-60.0,152.0,-243.0,-46.0,7.0
-81.0,914.0,115.0,-58.0,123.0,-252.0,84.0,-304.0,-62.0,45.0
-99.0,865.0,98.0,-22.0,0.0,-92.0,11.0,-77.0,-80.0,81.0
-87.0,1039.0,122.0,12.0,-25.0,243.0,-43.0,51.0,-109.0,101.0
-20.0,999.0,123.0,-3.0,162.0,164.0,-37.0,84.0,-143.0,108.0
-7.0,298.0,179.0,-34.0,-66.0,68.0,-90.0,145.0,-167.0,96.0
1.0,-95.0,221.0,-17.0,178.0,193.0,-202.0,86.0,-191.0,93.0
-6.0,-198.0,195.0,11.0,287.0,-201.0,-230.0,136.0,-240.0,97.0
33.0,-366.0,217.0,107.0,-83.0,-227.0,-149.0,35.0,-294.0,102.0
78.0,-406.0,212.0,157.0,176.0,8.0,-51.0,97.0,-285.0,97.0
62.0,-348.0,242.0,117.0,220.0,-221.0,102.0,269.0,-256.0,91.0
68.0,-179.0,251.0,62.0,90.0,-22.0,130.0,169.0,-212.0,110.0
32.0,-145.0,235.0,3.0,222.0,95.0,10.0,83.0,-190.0,122.0
67.0,-365.0,232.0,-20.0,37.0,0.0,-93.0,25.0,-161.0,145.0
66.0,-799.0,215.0,-43.0,114.0,367.0,-171.0,162.0,-128.0,152.0
48.0,-1170.0,172.0,-59.0,264.0,655.0,-210.0,123.0,-122.0,168.0
36.0,-1350.0,137.0,-11.0,-81.0,539.0,-91.0,-70.0,-81.0,194.0
22.0,-1268.0,116.0,43.0,-96.0,240.0,94.0,-232.0,-62.0,187.0
20.0,-974.0,127.0,12.0,74.0,-32.0,213.0,-327.0,-16.0,175.0
5.0,-875.0,138.0,-26.0,-97.0,-57.0,342.0,-221.0,63.0,132.0
35.0,-333.0,108.0,-51.0,-15.0,-152.0,446.0,-371.0,132.0,80.0
25.0,198.0,128.0,-49.0,-93.0,-397.0,538.0,-251.0,188.0,7.0
21.0,246.0,63.0,-61.0,-90.0,0.0,559.0,36.0,212.0,-81.0
-1.0,462.0,58.0,-48.0,136.0,218.0,539.0,214.0,204.0,-140.0
27.0,852.0,92.0,50.0,-144.0,-111.0,548.0,347.0,181.0,-190.0
75.0,1104.0,37.0,140.0,-166.0,68.0,536.0,208.0,158.0,-210.0
79.0,1040.0,85.0,231.0,-31.0,239.0,445.0,208.0,122.0,-193.0
98.0,1106.0,117.0,225.0,-34.0,329.0,297.0,225.0,116.0,-168.0
109.0,909.0,42.0,136.0,20.0,290.0,173.0,279.0,69.0,-160.0
133.0,630.0,42.0,43.0,-134.0,-145.0,43.0,205.0,25.0,-164.0
114.0,535.0,83.0,-46.0,-182.0,-156.0,31.0,-44.0,13.0,-151.0
83.0,-5.0,89.0,-45.0,18.0,-131.0,116.0,-166.0,-22.0,-126.0
89.0,-430.0,142.0,-6.0,-27.0,-270.0,171.0,-286.0,-20.0,-108.0
75.0,-561.0,114.0,-18.0,-170.0,-236.0,177.0,-157.0,-29.0,-74.0
56.0,-754.0,55.0,-54.0,-94.0,-475.0,175.0,-48.0,-41.0,-14.0
62.0,-994.0,31.0,-45.0,-179.0,-553.0,127.0,-24.0,-27.0,34.0
63.0,-1037.0,-23.0,-15.0,-137.0,-102.0,-6.0,0.0,-31.0,67.0
66.0,-942.0,-12.0,11.0,-94.0,189.0,-84.0,-24.0,-26.0,127.0
30.0,-860.0,0.0,-6.0,-244.0,317.0,-120.0,103.0,-1.0,175.0
14.0,-647.0,-21.0,-41.0,-69.0,417.0,-43.0,99.0,-7.0,171.0
-22.0,-341.0,3.0,-25.0,-51.0,76.0,103.0,110.0,-31.0,172.0
-56.0,150.0,-12.0,-6.0,-216.0,-103.0,160.0,24.0,-27.0,195.0
-56.0,626.0,-34.0,5.0,-85.0,-166.0,151.0,-68.0,-9.0,206.0
-75.0,830.0,-56.0,63.0,-14.0,-390.0,98.0,86.0,0.0,188.0
-59.0,724.0,-79.0,127.0,105.0,-336.0,17.0,145.0,12.0,166.0
-104.0,656.0,-92.0,147.0,231.0,-177.0,7.0,288.0,25.0,154.0
-108.0,765.0,-138.0,116.0,76.0,279.0,46.0,315.0,35.0,108.0
-103.0,903.0,-125.0,93.0,229.0,445.0,-4.0,332.0,40.0,38.0
-111.0,949.0,-108.0,117.0,186.0,135.0,-41.0,219.0,40.0,6.0
-94.0,771.0,-87.0,132.0,-138.0,20.0,-58.0,-131.0,55.0,-9.0
-89.0,586.0,-59.0,168.0,-50.0,98.0,-144.0,-236.0,86.0,-43.0
-67.0,37.0,-50.0,145.0,-86.0,110.0,-193.0,-391.0,87.0,-38.0
-104.0,-343.0,-35.0,49.0,-69.0,-187.0,-70.0,-334.0,92.0,9.0
-112.0,-265.0,-26.0,-6.0,27.0,-559.0,130.0,-162.0,133.0,52.0
-108.0,-356.0,-55.0,-19.0,-18.0,-744.0,308.0,-18.0,150.0,77.0
-119.0,-365.0,-37.0,-14.0,106.0,-434.0,425.0,205.0,164.0,100.0
-105.0,-220.0,22.0,-26.0,125.0,-114.0,445.0,186.0,178.0,134.0
-86.0,-19.0,29.0,22.0,-75.0,-78.0,507.0,125.0,158.0,158.0
-32.0,-64.0,84.0,59.0,-81.0,2.0,504.0,36.0,124.0,175.0
-5.0,75.0,100.0,10.0,38.0,101.0,379.0,190.0,79.0,206.0
-5.0,300.0,83.0,-92.0,-75.0,150.0,285.0,312.0,72.0,246.0
-3.0,32.0,62.0,-198.0,-33.0,-108.0,228.0,157.0,66.0,244.0
-16.0,-181.0,53.0,-208.0,59.0,-402.0,112.0,81.0,61.0,209.0
-21.0,-380.0,42.0,-192.0,107.0,-548.0,-130.0,-59.0,87.0,179.0
-36.0,-408.0,10.0,-142.0,277.0,-619.0,-463.0,-57.0,65.0,119.0
-33.0,-376.0,43.0,-87.0,187.0,-469.0,-696.0,-136.0,61.0,31.0
-32.0,-288.0,26.0,-101.0,118.0,-338.0,-677.0,-308.0,65.0,-51.0
-38.0,49.0,43.0,-62.0,64.0,-385.0,-481.0,-369.0,46.0,-114.0
-36.0,232.0,54.0,0.0,16.0,-308.0,-232.0,-452.0,24.0,-166.0
-44.0,520.0,28.0,-20.0,53.0,10.0,-129.0,-291.0,-20.0,-211.0
-12.0,528.0,1.0,5.0,-97.0,181.0,-58.0,-131.0,-34.0,-250.0
-11.0,330.0,-87.0,105.0,-128.0,-201.0,116.0,18.0,-58.0,-243.0
-17.0,104.0,-75.0,107.0,-56.0,-620.0,240.0,116.0,-80.0,-219.0
-22.0,-596.0,-86.0,79.0,-71.0,-470.0,182.0,158.0,-80.0,-220.0
-24.0,-1083.0,-106.0,62.0,-78.0,-536.0,54.0,192.0,-114.0,-166.0
-17.0,-1287.0,-30.0,-18.0,-133.0,-816.0,95.0,7.0,-121.0,-96.0
-40.0,-1352.0,-24.0,-53.0,-145.0,-657.0,132.0,29.0,-124.0,-31.0
-44.0,-1133.0,-2.0,-3.0,-86.0,-578.0,51.0,-14.0,-135.0,61.0
-36.0,-894.0,-34.0,7.0,-148.0,-562.0,-118.0,-46.0,-87.0,150.0
-9.0,-470.0,-94.0,-14.0,-106.0,-461.0,-273.0,155.0,-72.0,221.0
14.0,-20.0,-33.0,7.0,33.0,-333.0,-266.0,188.0,-100.0,256.0
22.0,181.0,15.0,-23.0,-52.0,-175.0,-146.0,216.0,-102.0,282.0
7.0,454.0,63.0,-64.0,17.0,-348.0,-72.0,103.0,-93.0,289.0
13.0,758.0,97.0,-59.0,158.0,-471.0,1.0,97.0,-76.0,253.0
23.0,1021.0,65.0,-103.0,107.0,-352.0,147.0,201.0,-76.0,229.0
9.0,1348.0,33.0,-161.0,166.0,-290.0,187.0,221.0,-86.0,215.0
-3.0,1595.0,26.0,-153.0,133.0,-488.0,196.0,262.0,-67.0,209.0
-16.0,1703.0,-31.0,-79.0,-9.0,-897.0,52.0,182.0,-66.0,218.0
-21.0,1572.0,-38.0,-83.0,-70.0,-778.0,-289.0,149.0,-93.0,207.0
-35.0,1373.0,9.0,-117.0,-103.0,-304.0,-598.0,27.0,-83.0,211.0
-47.0,1092.0,-35.0,-92.0,-101.0,-113.0,-761.0,-53.0,-94.0,227.0
-45.0,506.0,-26.0,-87.0,-19.0,-149.0,-769.0,-216.0,-88.0,246.0
-16.0,-21.0,-52.0,-120.0,83.0,-230.0,-742.0,-448.0,-40.0,283.0
-31.0,-550.0,-87.0,-98.0,171.0,-18.0,-580.0,-317.0,-14.0,299.0
-51.0,-909.0,-34.0,-35.0,250.0,93.0,-344.0,-251.0,21.0,293.0
-61.0,-759.0,-38.0,-41.0,157.0,-89.0,-141.0,-121.0,31.0,269.0
-72.0,-639.0,-23.0,-96.0,153.0,15.0,9.0,27.0,53.0,247.0
-59.0,-488.0,-29.0,-152.0,222.0,73.0,140.0,101.0,61.0,205.0
-47.0,-387.0,-28.0,-117.0,27.0,-158.0,330.0,277.0,52.0,151.0
8.0,-332.0,2.0,-84.0,-185.0,-156.0,512.0,223.0,43.0,110.0
31.0,-315.0,-18.0,-76.0,-190.0,-100.0,521.0,133.0,-1.0,60.0
8.0,-535.0,-3.0,-27.0,-57.0,-209.0,307.0,29.0,1.0,39.0
-10.0,-402.0,1.0,-24.0,-107.0,-78.0,149.0,107.0,4.0,1.0
-4.0,-359.0,25.0,-60.0,-129.0,43.0,63.0,179.0,-37.0,-30.0
-9.0,-180.0,45.0,-115.0,58.0,171.0,-61.0,-1.0,-53.0,-46.0
-42.0,102.0,16.0,-148.0,-1.0,176.0,-217.0,-9.0,-79.0,-82.0
-37.0,182.0,20.0,-157.0,-15.0,-229.0,-323.0,-118.0,-129.0,-73.0
-5.0,507.0,40.0,-183.0,52.0,-281.0,-370.0,-155.0,-151.0,-33.0
42.0,360.0,29.0,-218.0,-58.0,-250.0,-444.0,-192.0,-167.0,17.0
64.0,77.0,-51.0,-179.0,-34.0,-502.0,-498.0,-184.0,-165.0,66.0
84.0,-64.0,-62.0,-94.0,-77.0,-564.0,-631.0,55.0,-122.0,94.0
107.0,-261.0,-59.0,17.0,-265.0,-485.0,-763.0,216.0,-104.0,136.0
106.0,-436.0,-119.0,100.0,-230.0,-350.0,-804.0,445.0,-80.0,148.0
89.0,-346.0,-102.0,93.0,-104.0,58.0,-815.0,452.0,-50.0,122.0
66.0,-80.0,-88.0,139.0,-97.0,202.0,-836.0,419.0,-36.0,106.0
62.0,172.0,-66.0,149.0,-64.0,-151.0,-827.0,323.0,-4.0,72.0
65.0,650.0,-62.0,153.0,-26.0,-243.0,-746.0,88.0,20.0,35.0
54.0,647.0,-111.0,139.0,-1.0,-322.0,-616.0,-46.0,39.0,22.0
35.0,298.0,-89.0,69.0,117.0,-371.0,-392.0,-227.0,42.0,24.0
52.0,-102.0,-94.0,-17.0,73.0,-406.0,-190.0,-73.0,53.0,5.0
51.0,-655.0,-72.0,-106.0,-11.0,-644.0,-123.0,-73.0,82.0,-16.0
30.0,-1344.0,-20.0,-117.0,124.0,-614.0,-109.0,-266.0,88.0,0.0
14.0,-1668.0,-11.0,-127.0,146.0,-584.0,5.0,-260.0,115.0,17.0
-3.0,-1336.0,12.0,-129.0,111.0,-284.0,201.0,-118.0,149.0,22.0
-1.0,-961.0,-28.0,-175.0,228.0,4.0,408.0,164.0,182.0,26.0
18.0,-364.0,-52.0,-218.0,304.0,-289.0,565.0,107.0,213.0,54.0
47.0,289.0,-37.0,-197.0,235.0,-170.0,523.0,79.0,208.0,53.0
56.0,726.0,-31.0,-77.0,145.0,146.0,266.0,96.0,197.0,42.0
60.0,963.0,-31.0,3.0,109.0,21.0,-24.0,33.0,180.0,60.0
55.0,1214.0,-1.0,-20.0,6.0,-224.0,-238.0,-64.0,172.0,44.0
43.0,1316.0,-5.0,-7.0,-7.0,-435.0,-434.0,-363.0,195.0,20.0
35.0,1012.0,-22.0,-9.0,50.0,-473.0,-623.0,-308.0,230.0,-2.0
53.0,764.0,-2.0,53.0,-36.0,-563.0,-750.0,-171.0,249.0,-6.0
86.0,231.0,-23.0,20.0,-49.0,-573.0,-681.0,-14.0,246.0,-20.0
97.0,-428.0,25.0,-42.0,9.0,-225.0,-464.0,81.0,234.0,-47.0
97.0,-694.0,15.0,-79.0,-76.0,-106.0,-284.0,57.0,220.0,-33.0
82.0,-1018.0,28.0,-155.0,-165.0,-173.0,-261.0,230.0,191.0,-31.0
90.0,-1475.0,57.0,-121.0,-169.0,16.0,-335.0,138.0,161.0,-33.0
70.0,-1525.0,40.0,-131.0,-221.0,48.0,-356.0,149.0,124.0,-35.0
43.0,-1055.0,100.0,-89.0,-236.0,-61.0,-337.0,208.0,72.0,-26.0
11.0,-516.0,112.0,-58.0,-255.0,29.0,-390.0,232.0,49.0,18.0
-16.0,43.0,106.0,-103.0,-295.0,33.0,-509.0,308.0,25.0,70.0
-19.0,602.0,103.0,-103.0,-166.0,-10.0,-476.0,145.0,3.0,147.0
-78.0,864.0,93.0,-76.0,-46.0,-107.0,-433.0,144.0,3.0,234.0
-98.0,1183.0,63.0,36.0,-13.0,-258.0,-420.0,24.0,15.0,293.0
-103.0,1490.0,74.0,124.0,80.0,-182.0,-432.0,-79.0,32.0,318.0
-98.0,1376.0,80.0,244.0,174.0,30.0,-406.0,-127.0,63.0,355.0
-80.0,1133.0,50.0,287.0,136.0,431.0,-166.0,-169.0,88.0,355.0
-78.0,645.0,28.0,234.0,50.0,406.0,40.0,81.0,79.0,299.0
-77.0,-184.0,-42.0,170.0,117.0,-171.0,120.0,168.0,74.0,239.0
-98.0,-813.0,-65.0,55.0,113.0,-119.0,88.0,194.0,34.0,168.0
-92.0,-1157.0,-72.0,51.0,-6.0,169.0,117.0,-14.0,-6.0,132.0
-83.0,-1369.0,-120.0,83.0,64.0,-33.0,155.0,-182.0,-25.0,112.0
-83.0,-1128.0,-110.0,155.0,83.0,-220.0,62.0,-179.0,-45.0,113.0
-87.0,-675.0,-78.0,163.0,80.0,-317.0,-148.0,-354.0,-67.0,161.0
-72.0,-367.0,-107.0,107.0,118.0,-359.0,-464.0,-314.0,-102.0,217.0
-31.0,-145.0,-111.0,22.0,-47.0,-68.0,-579.0,-225.0,-125.0,288.0
5.0,-51.0,-114.0,-65.0,-37.0,216.0,-478.0,-42.0,-144.0,370.0
11.0,27.0,-88.0,6.0,27.0,95.0,-365.0,-55.0,-149.0,423.0
0.0,-187.0,-9.0,77.0,-72.0,40.0,-417.0,-199.0,-161.0,412.0
-5.0,-302.0,16.0,161.0,-66.0,123.0,-417.0,-162.0,-184.0,361.0
23.0,-273.0,65.0,165.0,-85.0,34.0,-284.0,-175.0,-199.0,290.0
46.0,-555.0,86.0,105.0,-18.0,-96.0,-307.0,24.0,-199.0,196.0
51.0,-531.0,96.0,65.0,62.0,-157.0,-481.0,114.0,-191.0,87.0
77.0,-429.0,147.0,55.0,-35.0,-208.0,-680.0,171.0,-197.0,-5.0
84.0,-169.0,139.0,73.0,13.0,-228.0,-668.0,212.0,-191.0,-64.0
121.0,336.0,165.0,61.0,-10.0,-118.0,-601.0,79.0,-164.0,-106.0
138.0,707.0,185.0,105.0,-143.0,-31.0,-695.0,-5.0,-123.0,-116.0
163.0,1035.0,158.0,97.0,-3.0,81.0,-813.0,-151.0,-83.0,-79.0
181.0,986.0,116.0,70.0,1.0,323.0,-720.0,-42.0,-38.0,-25.0
162.0,802.0,46.0,15.0,-33.0,415.0,-486.0,18.0,7.0,26.0
163.0,677.0,7.0,-54.0,260.0,97.0,-426.0,-29.0,53.0,93.0
141.0,538.0,13.0,-75.0,256.0,-204.0,-489.0,18.0,106.0,176.0
137.0,360.0,36.0,-101.0,279.0,-206.0,-502.0,-73.0,146.0,241.0
111.0,288.0,70.0,-120.0,447.0,-15.0,-377.0,-31.0,157.0,270.0
101.0,313.0,119.0,-108.0,265.0,175.0,-275.0,-94.0,168.0,313.0
108.0,208.0,109.0,-62.0,335.0,-137.0,-329.0,-127.0,186.0,334.0
111.0,248.0,77.0,-57.0,161.0,-85.0,-347.0,-84.0,170.0,290.0
100.0,553.0,73.0,-63.0,-250.0,557.0,-140.0,-96.0,144.0,224.0
82.0,1014.0,115.0,-15.0,-78.0,561.0,183.0,-5.0,93.0,167.0
75.0,1031.0,156.0,51.0,-123.0,50.0,408.0,-218.0,45.0,93.0
71.0,878.0,150.0,77.0,-370.0,-318.0,469.0,-273.0,16.0,-18.0
69.0,1010.0,153.0,164.0,-238.0,-239.0,433.0,-157.0,-27.0,-61.0
20.0,1163.0,161.0,225.0,-267.0,-58.0,433.0,-83.0,-57.0,-40.0
13.0,1237.0,171.0,181.0,-211.0,-279.0,412.0,27.0,-94.0,-11.0
-16.0,1173.0,133.0,139.0,-6.0,-482.0,188.0,-36.0,-112.0,22.0
-39.0,869.0,100.0,106.0,-239.0,-153.0,-182.0,29.0,-98.0,65.0
-40.0,188.0,4.0,80.0,-117.0,389.0,-355.0,-72.0,-76.0,104.0
-64.0,-270.0,-123.0,63.0,127.0,396.0,-342.0,-194.0,-64.0,74.0
-64.0,-872.0,-171.0,54.0,29.0,-164.0,-356.0,-253.0,-53.0,14.0
-93.0,-1700.0,-161.0,48.0,123.0,-168.0,-517.0,-290.0,-29.0,-40.0
-98.0,-2077.0,-135.0,89.0,68.0,515.0,-601.0,-125.0,-24.0,-113.0
-108.0,-2345.0,-103.0,96.0,52.0,609.0,-431.0,-177.0,-7.0,-189.0
-100.0,-2545.0,-52.0,87.0,258.0,54.0,-403.0,-186.0,12.0,-235.0
-89.0,-2569.0,-76.0,59.0,177.0,-263.0,-538.0,-194.0,44.0,-233.0
-105.0,-2149.0,-100.0,-6.0,20.0,-154.0,-616.0,-9.0,106.0,-219.0
-106.0,-1645.0,-130.0,-68.0,175.0,21.0,-610.0,208.0,151.0,-179.0
-130.0,-1153.0,-127.0,-139.0,231.0,98.0,-643.0,-22.0,156.0,-107.0
-136.0,-602.0,-67.0,-99.0,142.0,92.0,-755.0,-3.0,131.0,-60.0
-117.0,-353.0,-58.0,-34.0,113.0,-219.0,-891.0,188.0,89.0,-61.0
-110.0,400.0,-47.0,-9.0,111.0,-315.0,-851.0,321.0,58.0,-74.0
-112.0,1288.0,-40.0,-11.0,203.0,373.0,-565.0,190.0,50.0,-53.0
-105.0,1834.0,-82.0,11.0,184.0,1039.0,-343.0,-64.0,33.0,-34.0
-118.0,2321.0,-107.0,34.0,108.0,1089.0,-190.0,-90.0,34.0,-16.0
-133.0,2415.0,-70.0,19.0,7.0,512.0,-48.0,-216.0,19.0,29.0
-142.0,2288.0,-95.0,81.0,29.0,150.0,35.0,-356.0,17.0,73.0
-131.0,2148.0,-70.0,71.0,47.0,412.0,49.0,-565.0,44.0,100.0
-93.0,2026.0,-55.0,-13.0,-180.0,306.0,107.0,-541.0,55.0,126.0
-66.0,1694.0,-82.0,-100.0,-178.0,75.0,88.0,-258.0,91.0,160.0
-42.0,1423.0,-42.0,-179.0,-108.0,-43.0,-81.0,-134.0,79.0,153.0
-38.0,1053.0,-31.0,-183.0,-240.0,181.0,-191.0,-3.0,61.0,119.0
-27.0,71.0,-20.0,-154.0,-205.0,757.0,-256.0,36.0,48.0,93.0
-35.0,-731.0,-48.0,-80.0,-239.0,569.0,-246.0,160.0,23.0,93.0
-37.0,-1253.0,-31.0,-24.0,-320.0,279.0,-204.0,208.0,18.0,86.0
-15.0,-1894.0,-31.0,-9.0,-134.0,379.0,-169.0,97.0,21.0,26.0
0.0,-2268.0,-25.0,-20.0,-175.0,246.0,-162.0,70.0,8.0,9.0
37.0,-2150.0,17.0,-105.0,-157.0,-18.0,-182.0,-33.0,-35.0,14.0
52.0,-2279.0,45.0,-227.0,95.0,-517.0,-148.0,-72.0,-42.0,21.0
51.0,-2317.0,93.0,-245.0,146.0,-411.0,-5.0,-286.0,-76.0,49.0
37.0,-1738.0,6.0,-205.0,189.0,379.0,85.0,-408.0,-85.0,112.0
27.0,-1426.0,-26.0,-207.0,214.0,572.0,-57.0,-334.0,-74.0,190.0
33.0,-875.0,-72.0,-113.0,186.0,603.0,-370.0,-360.0,-58.0,247.0
43.0,72.0,-102.0,-71.0,182.0,638.0,-721.0,-365.0,-24.0,314.0
53.0,853.0,-31.0,-62.0,49.0,688.0,-850.0,-500.0,-14.0,350.0
71.0,1629.0,-25.0,33.0,-82.0,738.0,-742.0,-308.0,11.0,327.0
76.0,2301.0,0.0,23.0,-34.0,336.0,-615.0,-110.0,9.0,252.0
63.0,2575.0,-15.0,34.0,-53.0,66.0,-532.0,-145.0,31.0,162.0
68.0,2254.0,-38.0,77.0,-40.0,-132.0,-495.0,-88.0,36.0,55.0
67.0,1970.0,-76.0,104.0,-29.0,-318.0,-534.0,-11.0,43.0,-103.0
59.0,1460.0,-68.0,149.0,-21.0,-194.0,-416.0,179.0,40.0,-236.0
39.0,587.0,-41.0,99.0,116.0,-12.0,-73.0,18.0,0.0,-313.0
62.0,243.0,-92.0,6.0,-35.0,136.0,183.0,-109.0,-3.0,-369.0
62.0,22.0,-90.0,-111.0,-65.0,89.0,353.0,-20.0,-31.0,-402.0
32.0,-128.0,-96.0,-260.0,62.0,142.0,454.0,-25.0,-31.0,-388.0
42.0,57.0,-131.0,-318.0,-104.0,560.0,448.0,-35.0,-41.0,-356.0
61.0,-8.0,-119.0,-258.0,-121.0,751.0,397.0,-186.0,-53.0,-353.0
107.0,204.0,-79.0,-148.0,-136.0,587.0,420.0,-116.0,-47.0,-343.0
103.0,726.0,-116.0,34.0,-272.0,438.0,528.0,-75.0,-82.0,-320.0
104.0,440.0,-139.0,184.0,-121.0,315.0,578.0,-155.0,-100.0,-309.0
87.0,12.0,-154.0,197.0,12.0,74.0,454.0,-184.0,-149.0,-295.0
72.0,-418.0,-177.0,200.0,-35.0,94.0,230.0,-162.0,-188.0,-261.0
67.0,-927.0,-119.0,182.0,129.0,152.0,168.0,57.0,-167.0,-214.0
40.0,-1214.0,-84.0,150.0,295.0,-265.0,110.0,9.0,-132.0,-190.0
48.0,-1714.0,-58.0,121.0,144.0,-228.0,-66.0,-44.0,-100.0,-168.0
36.0,-1719.0,-45.0,82.0,2.0,198.0,-175.0,-44.0,-95.0,-119.0
51.0,-1489.0,-52.0,56.0,9.0,462.0,-291.0,-36.0,-87.0,-62.0
43.0,-1315.0,-77.0,29.0,-33.0,779.0,-423.0,-35.0,-78.0,-19.0
35.0,-922.0,-81.0,-4.0,-24.0,689.0,-442.0,-295.0,-62.0,30.0
32.0,-792.0,-17.0,-59.0,21.0,472.0,-428.0,-293.0,-16.0,109.0
13.0,-533.0,24.0,-48.0,-18.0,444.0,-528.0,-223.0,6.0,156.0
8.0,-142.0,19.0,11.0,184.0,385.0,-638.0,-127.0,20.0,179.0
18.0,52.0,31.0,-24.0,379.0,519.0,-699.0,-186.0,52.0,210.0
32.0,49.0,52.0,-93.0,281.0,298.0,-659.0,-469.0,49.0,231.0
21.0,56.0,63.0,-71.0,191.0,50.0,-483.0,-445.0,18.0,221.0
20.0,251.0,106.0,-33.0,201.0,320.0,-370.0,-376.0,-27.0,200.0
13.0,203.0,114.0,6.0,154.0,206.0,-283.0,-138.0,-82.0,201.0
49.0,307.0,111.0,48.0,37.0,324.0,-138.0,-57.0,-129.0,194.0
45.0,558.0,122.0,107.0,-21.0,598.0,-124.0,-38.0,-140.0,173.0
65.0,678.0,104.0,183.0,-142.0,510.0,-171.0,247.0,-144.0,182.0
88.0,1006.0,84.0,176.0,-22.0,567.0,12.0,136.0,-117.0,220.0
86.0,1053.0,119.0,135.0,82.0,275.0,298.0,-190.0,-48.0,246.0
104.0,1054.0,129.0,92.0,-140.0,301.0,443.0,-415.0,16.0,268.0
67.0,1201.0,98.0,51.0,-236.0,458.0,390.0,-397.0,73.0,308.0
55.0,1108.0,170.0,41.0,-175.0,171.0,333.0,-388.0,90.0,338.0
5.0,1260.0,192.0,60.0,-88.0,-91.0,422.0,-485.0,104.0,301.0
4.0,1597.0,184.0,38.0,-132.0,-336.0,485.0,-328.0,96.0,228.0
0.0,1517.0,292.0,-33.0,-204.0,2.0,447.0,-194.0,72.0,151.0
-26.0,1159.0,289.0,-57.0,-173.0,64.0,347.0,-62.0,62.0,73.0
-52.0,808.0,283.0,-43.0,-89.0,-288.0,242.0,-103.0,60.0,13.0
-108.0,93.0,311.0,-13.0,-133.0,-60.0,140.0,-291.0,60.0,-22.0
-138.0,-1046.0,243.0,-15.0,-181.0,402.0,57.0,-221.0,65.0,13.0
-189.0,-2049.0,266.0,-21.0,-90.0,715.0,-17.0,-169.0,92.0,99.0
-200.0,-2672.0,245.0,-14.0,-18.0,421.0,7.0,-164.0,103.0,226.0
-220.0,-3027.0,211.0,-46.0,15.0,133.0,136.0,-188.0,95.0,360.0
-223.0,-3009.0,218.0,-40.0,-77.0,273.0,164.0,-101.0,64.0,442.0
-222.0,-2752.0,188.0,-20.0,7.0,367.0,143.0,-16.0,43.0,470.0
-200.0,-2433.0,165.0,-56.0,101.0,511.0,138.0,-55.0,16.0,426.0
-211.0,-1843.0,119.0,-105.0,29.0,505.0,158.0,-99.0,-33.0,340.0
-214.0,-1179.0,81.0,-108.0,20.0,354.0,129.0,-194.0,-85.0,216.0
-204.0,-661.0,0.0,-78.0,-37.0,487.0,15.0,-3.0,-129.0,54.0
-194.0,-370.0,-12.0,-47.0,0.0,892.0,-115.0,68.0,-136.0,-100.0
-159.0,-82.0,-19.0,10.0,75.0,976.0,-123.0,59.0,-143.0,-200.0
-182.0,90.0,-32.0,58.0,9.0,420.0,2.0,55.0,-124.0,-261.0
-146.0,16.0,25.0,18.0,-50.0,-11.0,38.0,-3.0,-99.0,-281.0
-141.0,414.0,69.0,-17.0,50.0,225.0,40.0,157.0,-80.0,-257.0
-107.0,984.0,100.0,17.0,33.0,592.0,0.0,53.0,-87.0,-209.0
-101.0,1309.0,88.0,10.0,-43.0,585.0,-24.0,-29.0,-132.0,-142.0
-90.0,1410.0,63.0,-27.0,138.0,290.0,109.0,-168.0,-157.0,-99.0
-47.0,1601.0,39.0,-66.0,228.0,-54.0,185.0,-343.0,-170.0,-71.0
-49.0,2008.0,18.0,-139.0,271.0,-185.0,185.0,-445.0,-164.0,-78.0
-41.0,2005.0,-2.0,-224.0,247.0,-73.0,188.0,-716.0,-166.0,-109.0
-88.0,1942.0,-10.0,-256.0,119.0,127.0,139.0,-683.0,-150.0,-140.0
-44.0,1709.0,-27.0,-224.0,138.0,210.0,71.0,-642.0,-111.0,-175.0
-20.0,1224.0,-30.0,-223.0,-48.0,102.0,-53.0,-450.0,-50.0,-192.0
23.0,633.0,-58.0,-173.0,-218.0,-64.0,-214.0,-279.0,28.0,-196.0
58.0,-214.0,-117.0,-107.0,-120.0,-281.0,-216.0,-280.0,91.0,-176.0
62.0,-815.0,-125.0,-138.0,-176.0,115.0,-141.0,-112.0,148.0,-136.0
86.0,-1328.0,-94.0,-130.0,-306.0,710.0,-165.0,-186.0,188.0,-86.0
55.0,-1668.0,-18.0,-88.0,-279.0,431.0,-188.0,-123.0,200.0,-33.0
65.0,-1599.0,-2.0,12.0,-226.0,-116.0,-126.0,20.0,196.0,18.0
43.0,-1316.0,-34.0,130.0,-186.0,-479.0,8.0,164.0,208.0,74.0
52.0,-1071.0,-92.0,212.0,-50.0,-496.0,216.0,347.0,203.0,106.0
66.0,-883.0,-171.0,228.0,-68.0,-423.0,327.0,179.0,190.0,98.0
63.0,-575.0,-183.0,89.0,-90.0,-461.0,268.0,57.0,153.0,45.0
53.0,-821.0,-167.0,1.0,94.0,-509.0,264.0,-25.0,84.0,-49.0
13.0,-1408.0,-185.0,-31.0,112.0,-534.0,302.0,-49.0,20.0,-170.0
-34.0,-1453.0,-179.0,-20.0,100.0,-209.0,280.0,-192.0,-58.0,-293.0
-94.0,-1404.0,-131.0,20.0,91.0,25.0,235.0,-384.0,-81.0,-402.0
-108.0,-1467.0,-147.0,13.0,172.0,4.0,160.0,-205.0,-77.0,-486.0
-94.0,-1131.0,-99.0,24.0,245.0,-81.0,79.0,-162.0,-82.0,-530.0
-69.0,-788.0,-66.0,58.0,62.0,-294.0,25.0,-53.0,-81.0,-525.0
-62.0,-432.0,-146.0,127.0,61.0,-415.0,-40.0,94.0,-59.0,-465.0
-65.0,437.0,-144.0,162.0,43.0,-159.0,-113.0,134.0,-19.0,-378.0
-58.0,1359.0,-165.0,241.0,9.0,248.0,-105.0,243.0,-11.0,-281.0
-39.0,1915.0,-172.0,333.0,0.0,-77.0,-26.0,175.0,-5.0,-177.0
-42.0,2051.0,-87.0,335.0,-130.0,-828.0,58.0,164.0,-4.0,-115.0
-71.0,1910.0,-56.0,311.0,-87.0,-701.0,74.0,68.0,-18.0,-100.0
-99.0,1414.0,-22.0,257.0,40.0,0.0,36.0,22.0,-21.0,-108.0
-103.0,835.0,6.0,190.0,40.0,327.0,126.0,-36.0,-25.0,-136.0
-114.0,451.0,-75.0,76.0,-20.0,224.0,257.0,-273.0,-55.0,-170.0
-110.0,11.0,-104.0,6.0,12.0,99.0,171.0,-365.0,-95.0,-220.0
-60.0,-206.0,-101.0,-34.0,-54.0,288.0,34.0,-413.0,-123.0,-254.0
-41.0,-513.0,-138.0,-84.0,-50.0,245.0,-28.0,-223.0,-148.0,-242.0
-24.0,-898.0,-58.0,-65.0,-39.0,-226.0,-60.0,-70.0,-173.0,-239.0
-38.0,-1023.0,-49.0,-54.0,-86.0,-398.0,-87.0,20.0,-181.0,-258.0
-52.0,-1141.0,-64.0,-23.0,124.0,-391.0,-169.0,68.0,-147.0,-269.0
-54.0,-1036.0,-37.0,-34.0,116.0,-196.0,-160.0,12.0,-94.0,-256.0
-54.0,-918.0,-63.0,-61.0,-30.0,244.0,-83.0,120.0,-26.0,-206.0
-41.0,-797.0,-1.0,-76.0,-18.0,85.0,-21.0,44.0,33.0,-138.0
-24.0,-518.0,45.0,-83.0,-122.0,35.0,29.0,94.0,63.0,-74.0
29.0,-241.0,51.0,59.0,-129.0,419.0,43.0,133.0,66.0,-35.0
22.0,-56.0,50.0,196.0,-87.0,357.0,40.0,-11.0,70.0,-44.0
-3.0,-92.0,-8.0,286.0,-266.0,157.0,119.0,-88.0,68.0,-71.0
-9.0,176.0,9.0,383.0,-134.0,-449.0,281.0,-315.0,46.0,-102.0
-5.0,676.0,60.0,390.0,-5.0,-1120.0,218.0,-354.0,30.0,-161.0
13.0,1047.0,69.0,328.0,-114.0,-891.0,70.0,-264.0,20.0,-200.0
20.0,1362.0,128.0,269.0,43.0,-533.0,105.0,-138.0,45.0,-198.0
38.0,1579.0,139.0,243.0,24.0,-467.0,227.0,-40.0,55.0,-183.0
41.0,1730.0,128.0,217.0,93.0,-611.0,294.0,77.0,40.0,-176.0
34.0,1581.0,184.0,159.0,239.0,-536.0,216.0,277.0,30.0,-164.0
18.0,1276.0,203.0,81.0,-7.0,68.0,140.0,164.0,4.0,-166.0
3.0,814.0,231.0,18.0,-23.0,-65.0,158.0,131.0,-14.0,-205.0
11.0,258.0,228.0,-65.0,48.0,-561.0,176.0,79.0,-37.0,-238.0
32.0,-144.0,161.0,-154.0,-119.0,-622.0,169.0,72.0,-71.0,-261.0
52.0,-444.0,117.0,-186.0,-210.0,-689.0,183.0,227.0,-110.0,-270.0
60.0,-356.0,97.0,-176.0,-294.0,-469.0,153.0,142.0,-121.0,-284.0
69.0,-225.0,99.0,-133.0,-294.0,-391.0,162.0,144.0,-103.0,-265.0
70.0,-50.0,148.0,-88.0,-178.0,-502.0,205.0,81.0,-75.0,-190.0
76.0,219.0,176.0,-44.0,-301.0,-576.0,165.0,22.0,-62.0,-129.0
84.0,173.0,187.0,25.0,-362.0,-475.0,191.0,-60.0,-49.0,-70.0
92.0,35.0,261.0,5.0,-141.0,58.0,206.0,-136.0,-4.0,-13.0
107.0,-110.0,258.0,24.0,35.0,212.0,64.0,79.0,24.0,63.0
109.0,-116.0,207.0,126.0,14.0,124.0,-163.0,127.0,46.0,138.0
92.0,-185.0,234.0,150.0,-136.0,-57.0,-314.0,194.0,25.0,180.0
67.0,-398.0,233.0,122.0,11.0,-146.0,-346.0,164.0,-20.0,239.0
50.0,-378.0,208.0,27.0,219.0,43.0,-300.0,64.0,-42.0,295.0
51.0,-236.0,241.0,-19.0,84.0,-60.0,-268.0,46.0,-64.0,324.0
72.0,-131.0,263.0,-13.0,50.0,-305.0,-306.0,42.0,-66.0,331.0
103.0,-121.0,207.0,-19.0,176.0,-661.0,-232.0,225.0,-56.0,334.0
129.0,-104.0,213.0,-36.0,188.0,-398.0,-60.0,155.0,-34.0,321.0
137.0,11.0,204.0,-16.0,181.0,-151.0,95.0,138.0,0.0,284.0
121.0,276.0,124.0,18.0,192.0,-617.0,286.0,25.0,37.0,277.0
100.0,555.0,169.0,23.0,209.0,-444.0,511.0,-188.0,86.0,288.0
89.0,711.0,156.0,36.0,385.0,18.0,734.0,-51.0,141.0,298.0
77.0,922.0,133.0,-9.0,226.0,372.0,975.0,18.0,160.0,327.0
78.0,1056.0,182.0,-7.0,0.0,335.0,1104.0,242.0,181.0,347.0
74.0,1183.0,138.0,5.0,160.0,-108.0,1210.0,345.0,196.0,344.0
69.0,1250.0,130.0,40.0,0.0,-574.0,1315.0,264.0,155.0,295.0
75.0,1442.0,121.0,61.0,-38.0,-966.0,1235.0,210.0,107.0,194.0
75.0,1825.0,112.0,14.0,-52.0,-556.0,1042.0,36.0,36.0,77.0
81.0,1703.0,141.0,-3.0,-231.0,-421.0,679.0,3.0,-10.0,-52.0
59.0,1343.0,117.0,-45.0,-50.0,-730.0,280.0,-127.0,-46.0,-161.0
30.0,969.0,71.0,32.0,-108.0,-760.0,-1.0,-171.0,-102.0,-232.0
16.0,524.0,50.0,89.0,-250.0,-724.0,-202.0,-184.0,-111.0,-267.0
-5.0,63.0,12.0,79.0,-186.0,-223.0,-348.0,-205.0,-108.0,-255.0
-39.0,-143.0,-44.0,86.0,-105.0,-29.0,-408.0,84.0,-100.0,-227.0
-61.0,-156.0,-59.0,-3.0,-33.0,-73.0,-332.0,280.0,-108.0,-198.0
-52.0,-290.0,-51.0,-72.0,-63.0,-212.0,-208.0,443.0,-125.0,-150.0
-57.0,-278.0,-55.0,-50.0,-16.0,-909.0,-81.0,436.0,-156.0,-85.0
-69.0,-364.0,-44.0,42.0,268.0,-860.0,-28.0,332.0,-205.0,-32.0
-82.0,-466.0,19.0,105.0,354.0,-396.0,67.0,343.0,-227.0,26.0
-95.0,-655.0,23.0,90.0,207.0,-318.0,261.0,312.0,-237.0,84.0
-91.0,-809.0,-16.0,-15.0,256.0,-166.0,400.0,354.0,-235.0,114.0
-84.0,-688.0,-9.0,-160.0,258.0,-265.0,437.0,219.0,-190.0,127.0
-65.0,-547.0,6.0,-252.0,250.0,-166.0,389.0,218.0,-134.0,119.0
-51.0,-223.0,-6.0,-256.0,114.0,189.0,299.0,317.0,-84.0,67.0
-50.0,48.0,-4.0,-173.0,-8.0,209.0,229.0,332.0,-15.0,-13.0
-58.0,401.0,-5.0,-169.0,155.0,-30.0,124.0,389.0,37.0,-104.0
-70.0,846.0,-45.0,-196.0,146.0,-531.0,-60.0,273.0,72.0,-165.0
-96.0,1059.0,-16.0,-224.0,78.0,-645.0,-107.0,345.0,93.0,-198.0
-137.0,1323.0,3.0,-241.0,63.0,-450.0,7.0,332.0,104.0,-245.0
-168.0,1403.0,2.0,-158.0,16.0,-421.0,121.0,188.0,140.0,-225.0
-163.0,936.0,41.0,-36.0,83.0,-262.0,255.0,72.0,170.0,-160.0
-138.0,413.0,36.0,106.0,104.0,-344.0,437.0,-35.0,203.0,-87.0
-127.0,-95.0,23.0,163.0,-33.0,-498.0,646.0,53.0,224.0,-17.0
-108.0,-852.0,18.0,110.0,39.0,-74.0,891.0,72.0,229.0,16.0
-108.0,-1345.0,-30.0,100.0,133.0,359.0,997.0,168.0,242.0,28.0
-90.0,-1512.0,-78.0,117.0,-45.0,253.0,911.0,109.0,237.0,-9.0
-78.0,-1742.0,-90.0,110.0,-80.0,-71.0,756.0,-5.0,229.0,-41.0
-72.0,-1630.0,-131.0,117.0,42.0,-167.0,558.0,-75.0,216.0,-74.0
-48.0,-1059.0,-148.0,36.0,84.0,-136.0,473.0,-173.0,175.0,-138.0
-27.0,-581.0,-154.0,-10.0,91.0,-204.0,358.0,72.0,136.0,-191.0
22.0,-281.0,-220.0,38.0,45.0,-214.0,177.0,182.0,88.0,-194.0
15.0,32.0,-190.0,8.0,-16.0,-335.0,149.0,315.0,35.0,-147.0
18.0,141.0,-195.0,28.0,21.0,-475.0,179.0,447.0,-5.0,-116.0
40.0,-66.0,-235.0,95.0,52.0,-297.0,145.0,532.0,-36.0,-65.0
42.0,17.0,-170.0,100.0,48.0,107.0,72.0,657.0,-67.0,30.0
65.0,104.0,-166.0,52.0,15.0,532.0,-30.0,480.0,-108.0,104.0
71.0,-34.0,-153.0,-5.0,20.0,540.0,-107.0,456.0,-152.0,134.0
94.0,-205.0,-119.0,33.0,4.0,120.0,-86.0,323.0,-181.0,153.0
72.0,-714.0,-142.0,46.0,-77.0,-399.0,-158.0,164.0,-185.0,168.0
35.0,-1185.0,-131.0,37.0,-97.0,-649.0,-271.0,20.0,-174.0,169.0
53.0,-1206.0,-97.0,90.0,-198.0,-354.0,-286.0,-271.0,-127.0,160.0
79.0,-900.0,-69.0,20.0,-176.0,-81.0,-275.0,-131.0,-73.0,159.0
94.0,-935.0,-29.0,-104.0,-163.0,-183.0,-235.0,-62.0,-18.0,146.0
94.0,-886.0,-17.0,-229.0,-311.0,-398.0,-185.0,64.0,34.0,100.0
109.0,-932.0,-60.0,-329.0,-52.0,-717.0,-73.0,391.0,28.0,55.0
130.0,-1235.0,-77.0,-346.0,138.0,-804.0,93.0,591.0,-9.0,-3.0
128.0,-948.0,-87.0,-337.0,-87.0,-352.0,152.0,726.0,-42.0,-91.0
118.0,-408.0,-116.0,-229.0,66.0,-6.0,87.0,593.0,-61.0,-161.0
112.0,132.0,-113.0,-161.0,233.0,-288.0,197.0,498.0,-60.0,-184.0
108.0,-176.0,-100.0,-159.0,109.0,-762.0,386.0,343.0,-34.0,-155.0
115.0,-911.0,-90.0,-141.0,176.0,-603.0,495.0,238.0,-26.0,-105.0
108.0,-1303.0,-67.0,-75.0,213.0,-187.0,600.0,210.0,-30.0,-45.0
91.0,-1509.0,-80.0,20.0,191.0,-430.0,561.0,77.0,-23.0,10.0
64.0,-1322.0,-85.0,36.0,252.0,-916.0,584.0,266.0,-27.0,30.0
45.0,-974.0,-60.0,-6.0,285.0,-1122.0,640.0,360.0,-12.0,4.0
17.0,-907.0,-45.0,-70.0,142.0,-828.0,603.0,312.0,-2.0,-64.0
3.0,-1139.0,-3.0,-153.0,41.0,-287.0,553.0,243.0,-9.0,-155.0
-2.0,-803.0,2.0,-240.0,93.0,-31.0,456.0,153.0,27.0,-286.0
-22.0,-28.0,25.0,-247.0,-50.0,108.0,391.0,271.0,94.0,-397.0
-20.0,753.0,67.0,-238.0,-254.0,242.0,371.0,380.0,161.0,-452.0
-51.0,1706.0,47.0,-238.0,-150.0,375.0,316.0,498.0,216.0,-470.0
-64.0,2033.0,64.0,-148.0,-71.0,62.0,199.0,460.0,258.0,-431.0
-105.0,1492.0,66.0,-12.0,-164.0,-464.0,218.0,432.0,295.0,-362.0
-128.0,1349.0,30.0,117.0,-42.0,-502.0,208.0,404.0,322.0,-260.0
-131.0,1591.0,23.0,242.0,-144.0,-390.0,42.0,205.0,324.0,-171.0
-149.0,1945.0,0.0,356.0,-89.0,-282.0,-44.0,22.0,286.0,-93.0
-170.0,2436.0,-33.0,418.0,118.0,-334.0,-88.0,-142.0,230.0,9.0
-201.0,2333.0,-21.0,337.0,-188.0,-131.0,-48.0,-70.0,194.0,99.0
-195.0,2063.0,-16.0,220.0,-209.0,292.0,3.0,5.0,161.0,195.0
-203.0,2147.0,-34.0,134.0,-44.0,231.0,-79.0,181.0,96.0,287.0
-156.0,2044.0,-38.0,20.0,-232.0,98.0,-184.0,369.0,22.0,374.0
-148.0,1249.0,-43.0,-26.0,-370.0,-206.0,-207.0,330.0,-47.0,441.0
-133.0,750.0,-25.0,-101.0,-239.0,-428.0,-241.0,330.0,-123.0,448.0
-119.0,654.0,-20.0,-152.0,-284.0,-180.0,-275.0,190.0,-170.0,417.0
-94.0,209.0,20.0,-142.0,-163.0,-109.0,-299.0,238.0,-185.0,331.0
-26.0,-200.0,59.0,-204.0,-34.0,-299.0,-312.0,271.0,-221.0,201.0
4.0,-583.0,45.0,-195.0,-191.0,-707.0,-195.0,133.0,-235.0,54.0
86.0,-791.0,49.0,-143.0,-37.0,-949.0,-77.0,101.0,-207.0,-95.0
124.0,-833.0,-8.0,-118.0,-24.0,-569.0,-23.0,-46.0,-186.0,-220.0
182.0,-1157.0,-58.0,-67.0,-52.0,-310.0,47.0,-20.0,-150.0,-324.0
175.0,-1391.0,-57.0,-11.0,-52.0,-121.0,143.0,5.0,-152.0,-377.0
174.0,-853.0,-55.0,11.0,-19.0,-102.0,308.0,125.0,-176.0,-384.0
176.0,-242.0,-48.0,-12.0,164.0,-165.0,475.0,279.0,-161.0,-340.0
147.0,-193.0,-44.0,-93.0,182.0,360.0,423.0,151.0,-151.0,-246.0
142.0,-646.0,-52.0,-137.0,155.0,302.0,368.0,153.0,-169.0,-138.0
101.0,-1155.0,-90.0,-190.0,252.0,58.0,462.0,31.0,-173.0,-30.0
129.0,-755.0,-131.0,-187.0,307.0,-146.0,483.0,57.0,-161.0,38.0
118.0,-635.0,-181.0,-60.0,83.0,-489.0,434.0,162.0,-157.0,47.0
143.0,-1662.0,-204.0,-6.0,3.0,-225.0,304.0,22.0,-135.0,-29.0
146.0,-2757.0,-231.0,-3.0,111.0,-144.0,292.0,14.0,-122.0,-160.0
146.0,-2842.0,-284.0,-35.0,217.0,64.0,397.0,-68.0,-75.0,-294.0
134.0,-1331.0,-251.0,-36.0,133.0,162.0,352.0,14.0,-4.0,-430.0
112.0,546.0,-213.0,-20.0,92.0,-108.0,197.0,171.0,76.0,-534.0
125.0,1545.0,-221.0,3.0,244.0,164.0,93.0,216.0,162.0,-574.0
69.0,1761.0,-157.0,83.0,94.0,228.0,63.0,182.0,191.0,-530.0
58.0,2101.0,-153.0,124.0,-32.0,-59.0,48.0,75.0,221.0,-430.0
13.0,2619.0,-187.0,176.0,-113.0,-4.0,60.0,192.0,218.0,-298.0
-12.0,2621.0,-134.0,196.0,-223.0,297.0,-23.0,258.0,212.0,-145.0
-33.0,2690.0,-146.0,243.0,-97.0,622.0,-67.0,304.0,200.0,7.0
-62.0,2875.0,-122.0,300.0,47.0,519.0,18.0,223.0,170.0,122.0
-65.0,2823.0,-66.0,285.0,73.0,-79.0,-1.0,164.0,157.0,183.0
-59.0,2564.0,-82.0,231.0,131.0,-331.0,-77.0,232.0,117.0,179.0
-41.0,1721.0,-53.0,146.0,233.0,108.0,-114.0,90.0,83.0,92.0
-37.0,432.0,-16.0,-14.0,249.0,513.0,-170.0,140.0,59.0,-36.0
-22.0,-683.0,-12.0,-168.0,144.0,145.0,-134.0,240.0,26.0,-202.0
-29.0,-1610.0,31.0,-207.0,4.0,-367.0,-109.0,282.0,-10.0,-347.0
-60.0,-2017.0,134.0,-245.0,-50.0,-44.0,-210.0,136.0,-36.0,-453.0
-126.0,-1890.0,191.0,-222.0,-28.0,530.0,-191.0,-157.0,-69.0,-512.0
-133.0,-1606.0,218.0,-212.0,20.0,689.0,-129.0,-212.0,-119.0,-481.0
-152.0,-764.0,283.0,-180.0,1.0,364.0,-60.0,-225.0,-147.0,-403.0
-144.0,382.0,272.0,-147.0,49.0,-5.0,-38.0,-70.0,-172.0,-288.0
-103.0,1363.0,239.0,-140.0,184.0,-84.0,-130.0,-94.0,-185.0,-164.0
-56.0,1143.0,274.0,-82.0,97.0,-89.0,-119.0,-86.0,-150.0,-44.0
-2.0,-404.0,281.0,-69.0,-136.0,283.0,-26.0,49.0,-104.0,29.0
-8.0,-2026.0,272.0,34.0,-227.0,316.0,-23.0,-103.0,-76.0,69.0
20.0,-2669.0,232.0,122.0,-179.0,-2.0,-61.0,-199.0,-32.0,127.0
18.0,-1752.0,194.0,155.0,-211.0,49.0,-11.0,-365.0,-17.0,168.0
40.0,-1007.0,228.0,208.0,-170.0,320.0,77.0,-279.0,-43.0,231.0
58.0,-1771.0,208.0,231.0,-57.0,860.0,240.0,-109.0,-60.0,303.0
84.0,-2858.0,156.0,166.0,-156.0,712.0,277.0,-109.0,-95.0,407.0
129.0,-2692.0,123.0,100.0,-241.0,221.0,140.0,-27.0,-121.0,531.0
138.0,-1332.0,66.0,124.0,-283.0,29.0,42.0,-81.0,-140.0,593.0
159.0,-337.0,14.0,130.0,-336.0,-91.0,-98.0,66.0,-161.0,627.0
162.0,-101.0,2.0,200.0,-146.0,175.0,-306.0,107.0,-133.0,636.0
201.0,-166.0,29.0,231.0,-47.0,59.0,-472.0,-14.0,-100.0,610.0
204.0,-729.0,35.0,190.0,-244.0,54.0,-526.0,7.0,-59.0,567.0
198.0,-1461.0,74.0,138.0,-180.0,88.0,-511.0,-40.0,-30.0,534.0
162.0,-1808.0,105.0,124.0,29.0,-178.0,-419.0,-96.0,-28.0,512.0
113.0,-1446.0,119.0,149.0,-81.0,317.0,-374.0,-334.0,-4.0,449.0
53.0,-136.0,199.0,110.0,-234.0,793.0,-246.0,-524.0,20.0,358.0
-9.0,1631.0,234.0,109.0,-171.0,1014.0,8.0,-497.0,67.0,261.0
-33.0,3104.0,209.0,59.0,-64.0,575.0,174.0,-325.0,101.0,111.0
-74.0,3805.0,202.0,-31.0,76.0,-56.0,246.0,-194.0,149.0,-101.0
-67.0,3939.0,193.0,-41.0,204.0,310.0,210.0,-234.0,203.0,-331.0
-76.0,3274.0,136.0,4.0,211.0,470.0,236.0,-16.0,235.0,-546.0
-57.0,2317.0,174.0,67.0,252.0,346.0,304.0,116.0,253.0,-751.0
-47.0,2150.0,220.0,109.0,69.0,183.0,266.0,114.0,230.0,-921.0
-52.0,1289.0,195.0,83.0,-227.0,73.0,40.0,103.0,208.0,-995.0
-48.0,-558.0,182.0,0.0,-335.0,418.0,-131.0,-3.0,174.0,-997.0
-60.0,-1220.0,116.0,-86.0,-293.0,792.0,-125.0,133.0,154.0,-946.0
-27.0,-447.0,62.0,-155.0,-85.0,1270.0,-100.0,254.0,140.0,-836.0
-38.0,-41.0,16.0,-146.0,90.0,1305.0,-2.0,282.0,128.0,-683.0
-21.0,-982.0,-17.0,-114.0,319.0,677.0,23.0,123.0,123.0,-516.0
4.0,-2237.0,-48.0,-75.0,441.0,360.0,105.0,20.0,115.0,-389.0
46.0,-2922.0,-53.0,-40.0,264.0,303.0,241.0,1.0,141.0,-246.0
98.0,-3093.0,-55.0,-85.0,-134.0,152.0,182.0,-301.0,145.0,-118.0
132.0,-2830.0,-81.0,-134.0,-517.0,-242.0,38.0,-315.0,140.0,-62.0
157.0,-2182.0,-44.0,-196.0,-545.0,-463.0,-109.0,-219.0,109.0,-3.0
159.0,-1274.0,-17.0,-240.0,-453.0,-125.0,-233.0,-201.0,78.0,39.0
168.0,-322.0,32.0,-190.0,-411.0,319.0,-287.0,-253.0,48.0,43.0
132.0,472.0,16.0,-123.0,-321.0,513.0,-380.0,-395.0,15.0,4.0
98.0,644.0,-2.0,-109.0,-82.0,541.0,-501.0,-280.0,0.0,-41.0
41.0,584.0,2.0,-151.0,68.0,744.0,-390.0,-199.0,-40.0,-71.0
17.0,1199.0,-40.0,-200.0,-107.0,434.0,-162.0,-83.0,-49.0,-118.0
38.0,1610.0,-46.0,-196.0,-190.0,-260.0,-57.0,-5.0,-69.0,-117.0
40.0,900.0,-76.0,-148.0,-95.0,-398.0,-18.0,86.0,-71.0,-77.0
31.0,-87.0,-88.0,-126.0,-177.0,96.0,-4.0,297.0,-59.0,-44.0
33.0,-671.0,-103.0,-145.0,-182.0,566.0,47.0,254.0,-65.0,-12.0
60.0,-695.0,-107.0,-162.0,95.0,239.0,221.0,168.0,-46.0,31.0
52.0,-913.0,-128.0,-186.0,429.0,-150.0,321.0,-16.0,-42.0,71.0
63.0,-1784.0,-140.0,-214.0,750.0,-164.0,325.0,-94.0,-8.0,63.0
54.0,-2216.0,-152.0,-182.0,807.0,287.0,341.0,-101.0,2.0,16.0
72.0,-2216.0,-227.0,-96.0,537.0,844.0,277.0,-199.0,-6.0,-59.0
106.0,-1636.0,-242.0,-26.0,347.0,689.0,192.0,-107.0,-2.0,-173.0
107.0,-325.0,-237.0,46.0,159.0,386.0,89.0,-57.0,-53.0,-282.0
111.0,736.0,-233.0,83.0,-66.0,241.0,35.0,38.0,-87.0,-362.0
96.0,1074.0,-211.0,101.0,6.0,262.0,75.0,-44.0,-121.0,-404.0
90.0,564.0,-152.0,144.0,73.0,214.0,103.0,-188.0,-171.0,-418.0
91.0,30.0,-110.0,166.0,227.0,-179.0,-40.0,-40.0,-210.0,-417.0
102.0,-96.0,-11.0,137.0,282.0,-381.0,-282.0,103.0,-248.0,-340.0
88.0,288.0,31.0,48.0,-56.0,-415.0,-328.0,206.0,-278.0,-203.0
81.0,1160.0,60.0,-40.0,22.0,-249.0,-186.0,107.0,-315.0,-86.0
77.0,2000.0,127.0,-96.0,152.0,239.0,7.0,24.0,-325.0,0.0
100.0,2996.0,85.0,-109.0,105.0,725.0,62.0,-33.0,-300.0,46.0
103.0,3614.0,159.0,-100.0,207.0,864.0,82.0,-120.0,-248.0,55.0
81.0,3713.0,187.0,-116.0,151.0,531.0,182.0,-114.0,-193.0,26.0
114.0,3090.0,215.0,-171.0,233.0,203.0,218.0,-120.0,-148.0,-25.0
131.0,1630.0,299.0,-207.0,383.0,77.0,190.0,101.0,-100.0,-64.0
119.0,668.0,314.0,-249.0,129.0,-6.0,168.0,72.0,-67.0,-76.0
68.0,672.0,338.0,-257.0,-210.0,-285.0,63.0,-133.0,-61.0,-26.0
33.0,1130.0,297.0,-184.0,-194.0,-535.0,-93.0,-258.0,-52.0,76.0
2.0,1263.0,255.0,-103.0,-137.0,-407.0,-128.0,-386.0,-45.0,183.0
-28.0,781.0,174.0,-41.0,21.0,-174.0,-178.0,-354.0,-61.0,303.0
-47.0,240.0,65.0,9.0,203.0,110.0,-138.0,-478.0,-42.0,373.0
-33.0,407.0,24.0,79.0,-22.0,260.0,22.0,-260.0,-23.0,390.0
2.0,641.0,14.0,65.0,-178.0,336.0,126.0,114.0,-17.0,362.0
38.0,416.0,19.0,0.0,-297.0,439.0,164.0,373.0,3.0,280.0
86.0,-160.0,81.0,-15.0,-303.0,179.0,173.0,491.0,-16.0,234.0
102.0,-1228.0,155.0,20.0,-9.0,-98.0,304.0,199.0,-47.0,209.0
119.0,-2276.0,189.0,50.0,160.0,-8.0,511.0,171.0,-64.0,203.0
113.0,-3475.0,203.0,68.0,102.0,-10.0,656.0,120.0,-55.0,216.0
129.0,-4137.0,178.0,176.0,-33.0,-230.0,623.0,31.0,-16.0,249.0
118.0,-3580.0,181.0,282.0,-10.0,-131.0,490.0,-94.0,17.0,306.0
130.0,-2525.0,177.0,359.0,-35.0,-105.0,328.0,-388.0,69.0,372.0
130.0,-1903.0,141.0,474.0,-31.0,-347.0,145.0,-378.0,88.0,439.0
102.0,-1727.0,139.0,477.0,164.0,-312.0,-54.0,-380.0,76.0,484.0
119.0,-1122.0,179.0,357.0,129.0,118.0,-304.0,-262.0,60.0,487.0
100.0,-765.0,219.0,255.0,-116.0,707.0,-478.0,-136.0,7.0,434.0
116.0,-1029.0,233.0,171.0,-373.0,485.0,-572.0,-14.0,-33.0,383.0
94.0,-1193.0,216.0,145.0,-530.0,267.0,-591.0,134.0,-84.0,336.0
99.0,-1154.0,159.0,173.0,-312.0,515.0,-599.0,92.0,-83.0,289.0
110.0,-937.0,163.0,147.0,24.0,258.0,-548.0,99.0,-56.0,248.0
112.0,-275.0,153.0,78.0,174.0,-208.0,-418.0,7.0,-70.0,227.0
121.0,498.0,100.0,-40.0,308.0,-720.0,-306.0,64.0,-65.0,241.0
113.0,697.0,110.0,-165.0,187.0,-646.0,-182.0,-44.0,-98.0,261.0
101.0,637.0,83.0,-176.0,33.0,-126.0,-73.0,-282.0,-138.0,317.0
51.0,372.0,77.0,-169.0,243.0,87.0,63.0,-188.0,-146.0,388.0
30.0,152.0,50.0,-161.0,263.0,180.0,129.0,-221.0,-136.0,474.0
-8.0,595.0,11.0,-121.0,178.0,252.0,243.0,-151.0,-125.0,593.0
1.0,1133.0,31.0,-41.0,243.0,167.0,492.0,-129.0,-116.0,706.0
-16.0,1308.0,36.0,100.0,33.0,-161.0,745.0,-181.0,-79.0,766.0
-3.0,1093.0,58.0,173.0,-96.0,-289.0,966.0,-199.0,-44.0,781.0
32.0,1022.0,100.0,198.0,-78.0,108.0,1015.0,-365.0,0.0,764.0
55.0,1084.0,144.0,168.0,-153.0,173.0,897.0,-386.0,31.0,694.0
87.0,863.0,120.0,42.0,148.0,-185.0,687.0,-354.0,60.0,583.0
65.0,620.0,95.0,-65.0,301.0,-60.0,502.0,-151.0,90.0,441.0
66.0,142.0,54.0,-142.0,162.0,-16.0,307.0,-59.0,111.0,309.0
64.0,-7.0,6.0,-204.0,43.0,-59.0,41.0,-72.0,166.0,177.0
109.0,273.0,2.0,-259.0,-224.0,116.0,-283.0,-7.0,206.0,54.0
118.0,725.0,-43.0,-344.0,-183.0,223.0,-606.0,-51.0,256.0,-15.0
138.0,1276.0,-44.0,-411.0,-49.0,127.0,-807.0,16.0,319.0,-45.0
134.0,1228.0,-29.0,-397.0,-89.0,-149.0,-934.0,-109.0,348.0,-51.0
122.0,916.0,-20.0,-283.0,-51.0,90.0,-930.0,-234.0,380.0,-56.0
121.0,451.0,10.0,-158.0,-91.0,412.0,-776.0,-277.0,399.0,-45.0
95.0,-24.0,-4.0,-65.0,-312.0,444.0,-542.0,-229.0,397.0,-23.0
95.0,-124.0,-8.0,-13.0,-388.0,201.0,-289.0,-42.0,389.0,-20.0
77.0,91.0,30.0,-8.0,-309.0,-355.0,-109.0,-118.0,395.0,-51.0
84.0,250.0,-9.0,41.0,-156.0,-444.0,-21.0,-51.0,396.0,-101.0
46.0,185.0,-6.0,124.0,71.0,-215.0,60.0,-84.0,361.0,-168.0
57.0,169.0,9.0,140.0,-53.0,8.0,154.0,-149.0,296.0,-243.0
36.0,-15.0,-22.0,103.0,23.0,-140.0,143.0,-138.0,206.0,-301.0
36.0,-198.0,27.0,132.0,154.0,-275.0,17.0,-314.0,105.0,-387.0
31.0,-350.0,8.0,87.0,-181.0,171.0,-185.0,-171.0,-28.0,-520.0
0.0,-554.0,6.0,-15.0,-246.0,156.0,-347.0,-51.0,-164.0,-629.0
3.0,-730.0,-9.0,-44.0,-210.0,172.0,-338.0,-55.0,-277.0,-701.0
-51.0,-853.0,-62.0,-96.0,-177.0,259.0,-221.0,-103.0,-382.0,-756.0
-61.0,-1246.0,-43.0,-147.0,-24.0,-184.0,-61.0,-184.0,-438.0,-780.0
-97.0,-1697.0,-34.0,-130.0,91.0,-400.0,190.0,-129.0,-463.0,-755.0
-88.0,-1288.0,-16.0,-66.0,275.0,-467.0,430.0,-118.0,-460.0,-692.0
-96.0,-394.0,-22.0,-70.0,250.0,-390.0,581.0,-22.0,-423.0,-621.0
-103.0,705.0,3.0,-79.0,63.0,-296.0,674.0,-157.0,-363.0,-507.0
-111.0,1451.0,-24.0,-29.0,62.0,-486.0,693.0,-242.0,-260.0,-369.0
-131.0,1585.0,-29.0,10.0,-25.0,-417.0,663.0,-88.0,-136.0,-239.0
-117.0,1461.0,8.0,32.0,-241.0,-70.0,513.0,-12.0,-20.0,-119.0
-139.0,695.0,22.0,81.0,-266.0,95.0,240.0,151.0,92.0,-57.0
-147.0,28.0,115.0,161.0,-286.0,348.0,-107.0,49.0,176.0,-26.0
-142.0,130.0,108.0,169.0,-142.0,439.0,-345.0,-5.0,233.0,-30.0
-73.0,202.0,115.0,105.0,25.0,20.0,-377.0,-83.0,285.0,-87.0
-25.0,19.0,130.0,72.0,-95.0,-402.0,-394.0,-254.0,346.0,-155.0
15.0,158.0,43.0,-22.0,-15.0,-799.0,-489.0,-151.0,434.0,-209.0
13.0,812.0,16.0,-120.0,149.0,-855.0,-567.0,-157.0,508.0,-254.0
46.0,1451.0,-8.0,-102.0,251.0,-361.0,-545.0,-68.0,544.0,-259.0
68.0,1371.0,-66.0,-91.0,337.0,-119.0,-566.0,-107.0,582.0,-217.0
79.0,753.0,-67.0,-51.0,160.0,-438.0,-609.0,-171.0,629.0,-174.0
102.0,212.0,-98.0,-72.0,176.0,-471.0,-595.0,-68.0,658.0,-132.0
89.0,65.0,-167.0,-131.0,509.0,116.0,-487.0,-16.0,656.0,-92.0
144.0,153.0,-188.0,-114.0,363.0,613.0,-290.0,133.0,618.0,-35.0
139.0,553.0,-222.0,-48.0,94.0,546.0,-144.0,97.0,547.0,29.0
174.0,845.0,-208.0,121.0,207.0,-54.0,-28.0,164.0,448.0,60.0
146.0,533.0,-147.0,217.0,143.0,-613.0,76.0,105.0,356.0,78.0
140.0,156.0,-114.0,231.0,59.0,-737.0,238.0,-103.0,271.0,86.0
145.0,-166.0,-59.0,219.0,48.0,-632.0,385.0,-70.0,144.0,83.0
149.0,-419.0,-5.0,110.0,51.0,-346.0,394.0,-90.0,22.0,92.0
200.0,-362.0,-6.0,-34.0,255.0,-199.0,288.0,-53.0,-91.0,136.0
178.0,64.0,2.0,-170.0,314.0,-378.0,152.0,-186.0,-203.0,247.0
179.0,111.0,18.0,-220.0,262.0,-87.0,136.0,-264.0,-320.0,364.0
133.0,-165.0,12.0,-231.0,336.0,588.0,88.0,-264.0,-438.0,465.0
144.0,-536.0,29.0,-255.0,414.0,803.0,-51.0,-312.0,-508.0,589.0
126.0,-1071.0,46.0,-263.0,317.0,405.0,-148.0,-201.0,-533.0,713.0
122.0,-1238.0,55.0,-238.0,-48.0,-300.0,-113.0,-286.0,-531.0,813.0
124.0,-1378.0,75.0,-137.0,-465.0,-585.0,-2.0,-279.0,-520.0,901.0
141.0,-1175.0,92.0,-53.0,-536.0,-198.0,20.0,-286.0,-491.0,998.0
152.0,-734.0,93.0,0.0,-367.0,-8.0,-34.0,-286.0,-469.0,1082.0
114.0,-382.0,121.0,43.0,-294.0,-381.0,-96.0,-118.0,-427.0,1136.0
95.0,-116.0,136.0,100.0,-263.0,-544.0,-113.0,-96.0,-327.0,1137.0
38.0,282.0,149.0,157.0,-184.0,-195.0,-219.0,7.0,-251.0,1054.0
55.0,751.0,186.0,102.0,-42.0,326.0,-536.0,-25.0,-192.0,895.0
27.0,155.0,187.0,28.0,-24.0,412.0,-864.0,-59.0,-145.0,696.0
29.0,-942.0,176.0,-5.0,-140.0,225.0,-1001.0,-81.0,-100.0,519.0
0.0,-2068.0,158.0,-10.0,22.0,55.0,-958.0,-195.0,-79.0,424.0
-8.0,-2677.0,169.0,32.0,225.0,-51.0,-880.0,-205.0,-104.0,408.0
14.0,-2232.0,185.0,49.0,146.0,-47.0,-822.0,-301.0,-121.0,442.0
-1.0,-1439.0,218.0,45.0,67.0,-502.0,-737.0,-243.0,-145.0,508.0
0.0,-702.0,220.0,63.0,-31.0,-1059.0,-643.0,-212.0,-151.0,572.0
15.0,-501.0,206.0,90.0,52.0,-1300.0,-529.0,-162.0,-114.0,628.0
97.0,-594.0,200.0,144.0,264.0,-850.0,-373.0,-84.0,-80.0,701.0
126.0,-488.0,114.0,208.0,142.0,-259.0,-212.0,-88.0,-48.0,798.0
163.0,-43.0,101.0,291.0,120.0,54.0,-21.0,44.0,-25.0,864.0
133.0,662.0,69.0,379.0,272.0,433.0,158.0,-27.0,-33.0,833.0
103.0,1585.0,30.0,410.0,251.0,354.0,252.0,49.0,-57.0,736.0
89.0,2356.0,54.0,366.0,158.0,453.0,221.0,169.0,-106.0,583.0
76.0,2307.0,16.0,283.0,-15.0,401.0,91.0,227.0,-140.0,363.0
60.0,2090.0,-11.0,188.0,-108.0,-365.0,-15.0,388.0,-121.0,128.0
39.0,2122.0,-43.0,35.0,53.0,-1161.0,-15.0,245.0,-114.0,-42.0
32.0,1779.0,-52.0,-102.0,133.0,-1130.0,30.0,99.0,-82.0,-130.0
0.0,1214.0,-75.0,-195.0,106.0,-415.0,39.0,-86.0,-67.0,-159.0
22.0,687.0,-98.0,-259.0,164.0,-234.0,39.0,-195.0,-85.0,-136.0
0.0,-117.0,-122.0,-302.0,-8.0,-273.0,31.0,-182.0,-100.0,-97.0
21.0,-521.0,-130.0,-341.0,-311.0,-177.0,35.0,-142.0,-147.0,-95.0
3.0,-515.0,-94.0,-297.0,-464.0,129.0,10.0,-107.0,-193.0,-127.0
30.0,-1001.0,-104.0,-223.0,-456.0,509.0,-35.0,-330.0,-229.0,-130.0
33.0,-1375.0,-61.0,-150.0,-221.0,410.0,-34.0,-341.0,-254.0,-119.0
-10.0,-1456.0,-47.0,-118.0,-103.0,-19.0,-49.0,-327.0,-263.0,-119.0
-31.0,-1555.0,-72.0,-141.0,-173.0,-519.0,-143.0,-279.0,-253.0,-112.0
-117.0,-1417.0,-48.0,-130.0,-221.0,-719.0,-232.0,-127.0,-222.0,-85.0
-135.0,-996.0,-32.0,-146.0,-258.0,-497.0,-243.0,-179.0,-207.0,-63.0
-197.0,-52.0,14.0,-139.0,-276.0,-424.0,-181.0,-48.0,-197.0,-82.0
-184.0,1044.0,68.0,-65.0,-385.0,-338.0,-118.0,38.0,-170.0,-147.0
-186.0,1409.0,87.0,31.0,-457.0,18.0,-190.0,123.0,-119.0,-304.0
-179.0,1132.0,124.0,76.0,-386.0,163.0,-224.0,177.0,-62.0,-521.0
-155.0,529.0,147.0,62.0,-371.0,107.0,-124.0,158.0,-2.0,-740.0
-168.0,-216.0,129.0,66.0,-399.0,38.0,-6.0,310.0,51.0,-938.0
-163.0,-774.0,110.0,7.0,-350.0,93.0,-39.0,188.0,119.0,-1082.0
-220.0,-915.0,58.0,-51.0,-190.0,-4.0,-250.0,24.0,183.0,-1156.0
-237.0,-944.0,0.0,-120.0,-54.0,-63.0,-421.0,-186.0,194.0,-1133.0
-274.0,-856.0,-30.0,-190.0,-112.0,148.0,-556.0,-297.0,215.0,-1030.0
-273.0,-348.0,-95.0,-197.0,-195.0,-55.0,-650.0,-206.0,221.0,-890.0
-292.0,17.0,-115.0,-169.0,-81.0,-436.0,-685.0,-247.0,212.0,-760.0
-300.0,423.0,-55.0,-86.0,-22.0,-527.0,-614.0,-168.0,190.0,-666.0
-285.0,804.0,-65.0,-24.0,-183.0,-270.0,-472.0,-175.0,149.0,-618.0
-258.0,732.0,3.0,23.0,-89.0,175.0,-296.0,-48.0,153.0,-609.0
-217.0,375.0,58.0,20.0,356.0,172.0,-74.0,-1.0,141.0,-589.0
-184.0,-343.0,35.0,-2.0,549.0,-97.0,98.0,-112.0,141.0,-553.0
-120.0,-973.0,90.0,47.0,382.0,-119.0,268.0,12.0,160.0,-535.0
-79.0,-977.0,111.0,100.0,133.0,-94.0,356.0,44.0,193.0,-543.0
-15.0,-580.0,111.0,91.0,-1.0,-294.0,263.0,188.0,260.0,-516.0
16.0,-436.0,112.0,44.0,5.0,-415.0,27.0,158.0,306.0,-435.0
62.0,-94.0,133.0,-13.0,-117.0,-175.0,-207.0,173.0,353.0,-382.0
57.0,330.0,118.0,-72.0,-163.0,-28.0,-346.0,317.0,387.0,-349.0
49.0,467.0,105.0,-82.0,35.0,157.0,-392.0,194.0,383.0,-336.0
23.0,672.0,69.0,-4.0,122.0,250.0,-347.0,64.0,363.0,-322.0
-24.0,531.0,62.0,114.0,-111.0,69.0,-228.0,-262.0,342.0,-249.0
-43.0,132.0,114.0,162.0,-481.0,-137.0,-50.0,-360.0,322.0,-160.0
-85.0,-317.0,73.0,190.0,-538.0,-313.0,51.0,-288.0,282.0,-65.0
-89.0,-209.0,81.0,169.0,-367.0,20.0,17.0,-249.0,226.0,-4.0
-157.0,94.0,86.0,91.0,-296.0,72.0,-63.0,-96.0,201.0,0.0
-197.0,-87.0,57.0,14.0,-272.0,-241.0,-109.0,-101.0,175.0,-19.0
-230.0,-207.0,77.0,-31.0,-13.0,-296.0,-211.0,-94.0,133.0,-106.0
-249.0,57.0,106.0,-31.0,434.0,-293.0,-438.0,-118.0,80.0,-220.0
-267.0,728.0,116.0,-25.0,634.0,-212.0,-623.0,-97.0,20.0,-326.0
-290.0,816.0,115.0,-20.0,411.0,-113.0,-581.0,-92.0,-42.0,-375.0
-293.0,436.0,115.0,-66.0,254.0,-52.0,-395.0,-18.0,-120.0,-339.0
-315.0,78.0,83.0,-119.0,465.0,-226.0,-203.0,157.0,-176.0,-265.0
-317.0,-276.0,54.0,-173.0,362.0,-454.0,4.0,153.0,-189.0,-174.0
-352.0,-140.0,40.0,-158.0,81.0,-390.0,242.0,216.0,-163.0,-96.0
-327.0,316.0,52.0,-76.0,28.0,-27.0,481.0,144.0,-126.0,-40.0
-315.0,664.0,64.0,-5.0,-116.0,179.0,539.0,84.0,-71.0,14.0
-308.0,821.0,78.0,12.0,-164.0,218.0,476.0,-14.0,-49.0,97.0
-322.0,938.0,103.0,-92.0,-363.0,131.0,436.0,-223.0,-40.0,198.0
-339.0,857.0,102.0,-162.0,-597.0,-25.0,355.0,-84.0,1.0,309.0
-338.0,715.0,104.0,-185.0,-250.0,285.0,169.0,-48.0,33.0,406.0
-345.0,683.0,79.0,-217.0,-48.0,651.0,-75.0,49.0,76.0,431.0
-301.0,637.0,34.0,-202.0,-138.0,343.0,-283.0,144.0,61.0,354.0
-280.0,504.0,-50.0,-153.0,-101.0,-68.0,-394.0,46.0,23.0,160.0
-211.0,413.0,-105.0,-103.0,-82.0,-79.0,-413.0,70.0,3.0,-76.0
-187.0,234.0,-137.0,-106.0,76.0,-219.0,-383.0,-66.0,-15.0,-276.0
-173.0,-218.0,-187.0,-138.0,82.0,-337.0,-303.0,-96.0,13.0,-417.0
-144.0,-488.0,-120.0,-131.0,-168.0,-379.0,-291.0,-51.0,53.0,-506.0
-109.0,-563.0,-135.0,-86.0,-91.0,-319.0,-259.0,73.0,107.0,-544.0
-79.0,-564.0,-150.0,-10.0,34.0,-363.0,-121.0,153.0,163.0,-572.0
-42.0,-396.0,-94.0,77.0,-88.0,-375.0,7.0,-22.0,233.0,-607.0
12.0,-270.0,-74.0,154.0,-87.0,209.0,28.0,24.0,318.0,-605.0
42.0,-255.0,-74.0,193.0,-99.0,525.0,-86.0,35.0,363.0,-521.0
81.0,-212.0,-145.0,149.0,16.0,-15.0,-96.0,175.0,399.0,-340.0
67.0,-461.0,-174.0,89.0,219.0,-603.0,-4.0,328.0,386.0,-139.0
104.0,-631.0,-198.0,50.0,103.0,-377.0,9.0,223.0,291.0,51.0
98.0,-897.0,-219.0,41.0,171.0,-226.0,-54.0,109.0,199.0,190.0
98.0,-1497.0,-244.0,86.0,387.0,-341.0,-72.0,-11.0,114.0,223.0
97.0,-1704.0,-190.0,68.0,307.0,-242.0,-26.0,133.0,24.0,180.0
79.0,-1722.0,-172.0,25.0,136.0,-87.0,-63.0,173.0,-13.0,74.0
86.0,-1546.0,-192.0,-55.0,86.0,190.0,-167.0,216.0,-44.0,-71.0
51.0,-1587.0,-113.0,-161.0,121.0,340.0,-264.0,352.0,-95.0,-219.0
81.0,-1530.0,-140.0,-179.0,159.0,573.0,-317.0,273.0,-138.0,-327.0
60.0,-1121.0,-159.0,-200.0,8.0,625.0,-354.0,254.0,-172.0,-356.0
91.0,-788.0,-173.0,-235.0,-126.0,217.0,-431.0,121.0,-239.0,-325.0
108.0,-158.0,-196.0,-267.0,-123.0,-229.0,-587.0,175.0,-327.0,-275.0
84.0,344.0,-219.0,-312.0,-166.0,-365.0,-708.0,225.0,-391.0,-215.0
56.0,653.0,-250.0,-466.0,-121.0,-348.0,-625.0,88.0,-455.0,-128.0
11.0,816.0,-260.0,-550.0,-105.0,-220.0,-395.0,127.0,-490.0,-20.0
12.0,826.0,-271.0,-503.0,64.0,30.0,-204.0,31.0,-492.0,72.0
-12.0,970.0,-275.0,-419.0,177.0,332.0,-88.0,29.0,-466.0,160.0
7.0,1185.0,-331.0,-235.0,-19.0,865.0,76.0,-25.0,-419.0,195.0
-14.0,1406.0,-323.0,-99.0,-50.0,940.0,275.0,-86.0,-370.0,135.0
-79.0,1579.0,-276.0,6.0,29.0,656.0,512.0,-5.0,-323.0,38.0
-133.0,1366.0,-221.0,72.0,114.0,462.0,674.0,-38.0,-302.0,-87.0
-170.0,898.0,-156.0,94.0,195.0,372.0,668.0,-3.0,-293.0,-216.0
-218.0,477.0,-93.0,109.0,180.0,356.0,634.0,38.0,-311.0,-322.0
-248.0,303.0,-31.0,139.0,209.0,343.0,573.0,247.0,-306.0,-413.0
-259.0,514.0,23.0,193.0,321.0,186.0,425.0,356.0,-263.0,-496.0
-243.0,390.0,66.0,216.0,211.0,-72.0,208.0,279.0,-206.0,-548.0
-176.0,477.0,58.0,217.0,180.0,112.0,99.0,203.0,-163.0,-518.0
-155.0,736.0,77.0,197.0,282.0,217.0,148.0,114.0,-154.0,-390.0
-139.0,634.0,48.0,226.0,107.0,89.0,185.0,210.0,-121.0,-181.0
-142.0,520.0,0.0,171.0,-56.0,63.0,137.0,197.0,-80.0,22.0
-119.0,183.0,-4.0,57.0,-126.0,118.0,116.0,254.0,-55.0,188.0
-136.0,-81.0,-27.0,1.0,-46.0,43.0,166.0,275.0,-42.0,304.0
-137.0,-466.0,-92.0,-92.0,-41.0,-156.0,199.0,219.0,1.0,358.0
-133.0,-555.0,-172.0,-178.0,-154.0,-207.0,79.0,308.0,74.0,370.0
-120.0,-230.0,-157.0,-232.0,-206.0,-107.0,-168.0,277.0,159.0,323.0
-41.0,157.0,-171.0,-234.0,-262.0,-47.0,-364.0,384.0,251.0,228.0
0.0,355.0,-156.0,-188.0,-173.0,-89.0,-535.0,402.0,283.0,100.0
81.0,111.0,-108.0,-62.0,-118.0,216.0,-668.0,358.0,310.0,-9.0
112.0,214.0,-75.0,144.0,-123.0,431.0,-758.0,227.0,326.0,-66.0
138.0,204.0,2.0,295.0,-25.0,301.0,-674.0,-72.0,322.0,-74.0
160.0,-49.0,-42.0,406.0,270.0,302.0,-408.0,-51.0,340.0,-50.0
161.0,-233.0,-58.0,491.0,375.0,482.0,-168.0,-46.0,333.0,12.0
159.0,-341.0,-19.0,509.0,285.0,402.0,-6.0,29.0,324.0,141.0
116.0,-272.0,-33.0,467.0,234.0,81.0,34.0,96.0,329.0,328.0
110.0,-272.0,-49.0,423.0,25.0,35.0,87.0,81.0,304.0,507.0
100.0,-287.0,-60.0,387.0,42.0,155.0,146.0,175.0,263.0,618.0
108.0,-487.0,-77.0,293.0,-52.0,260.0,149.0,73.0,205.0,677.0
101.0,-630.0,-120.0,176.0,-194.0,211.0,82.0,138.0,161.0,671.0
99.0,-494.0,-124.0,92.0,124.0,189.0,-28.0,158.0,159.0,621.0
99.0,-664.0,-143.0,19.0,352.0,482.0,-42.0,83.0,165.0,587.0
93.0,-879.0,-153.0,-58.0,263.0,503.0,0.0,177.0,181.0,543.0
95.0,-339.0,-149.0,-109.0,173.0,130.0,14.0,140.0,202.0,444.0
100.0,519.0,-141.0,-169.0,324.0,11.0,22.0,157.0,223.0,328.0
123.0,1135.0,-120.0,-269.0,449.0,108.0,165.0,136.0,246.0,214.0
154.0,1379.0,-115.0,-287.0,339.0,240.0,405.0,86.0,253.0,99.0
174.0,1169.0,-91.0,-192.0,132.0,171.0,509.0,-14.0,246.0,7.0
153.0,635.0,-61.0,-64.0,174.0,98.0,412.0,-97.0,271.0,-54.0
150.0,176.0,-52.0,30.0,308.0,244.0,286.0,-33.0,315.0,-94.0
125.0,-101.0,-69.0,83.0,126.0,217.0,233.0,-79.0,381.0,-176.0
128.0,-382.0,-44.0,90.0,-21.0,191.0,176.0,27.0,478.0,-239.0
126.0,-363.0,41.0,52.0,-66.0,137.0,34.0,51.0,524.0,-239.0
98.0,-113.0,90.0,83.0,-21.0,81.0,-147.0,36.0,524.0,-213.0
68.0,259.0,99.0,93.0,35.0,88.0,-250.0,127.0,491.0,-130.0
39.0,988.0,116.0,47.0,-109.0,-12.0,-261.0,77.0,416.0,-10.0
37.0,1620.0,90.0,140.0,-137.0,-91.0,-224.0,105.0,344.0,117.0
-10.0,1712.0,67.0,244.0,118.0,-20.0,-162.0,88.0,274.0,190.0
-17.0,1537.0,55.0,286.0,364.0,307.0,-62.0,158.0,198.0,210.0
-35.0,1308.0,46.0,348.0,217.0,345.0,40.0,109.0,123.0,265.0
-13.0,1189.0,41.0,393.0,-73.0,-70.0,112.0,-79.0,42.0,336.0
33.0,704.0,14.0,427.0,86.0,-85.0,123.0,-169.0,-46.0,393.0
44.0,106.0,2.0,387.0,221.0,29.0,105.0,-291.0,-156.0,437.0
58.0,-91.0,-37.0,310.0,-46.0,54.0,138.0,-184.0,-251.0,484.0
46.0,-601.0,-70.0,219.0,-211.0,161.0,222.0,-194.0,-347.0,542.0
62.0,-819.0,-114.0,108.0,-130.0,140.0,320.0,-169.0,-459.0,597.0
45.0,-665.0,-141.0,39.0,8.0,323.0,306.0,-49.0,-530.0,647.0
47.0,-576.0,-106.0,-20.0,-88.0,252.0,307.0,20.0,-576.0,688.0
57.0,-243.0,-93.0,-87.0,-311.0,161.0,390.0,216.0,-608.0,718.0
94.0,124.0,-78.0,-37.0,-156.0,389.0,432.0,127.0,-608.0,723.0
137.0,99.0,-38.0,62.0,203.0,350.0,412.0,57.0,-584.0,729.0
176.0,-140.0,-52.0,43.0,237.0,360.0,324.0,-27.0,-587.0,749.0
228.0,-293.0,-79.0,105.0,112.0,413.0,266.0,-44.0,-608.0,718.0
226.0,-940.0,-72.0,169.0,108.0,315.0,218.0,55.0,-605.0,632.0
246.0,-1484.0,-81.0,189.0,132.0,251.0,59.0,-110.0,-577.0,524.0
230.0,-1595.0,-62.0,308.0,96.0,333.0,-130.0,-110.0,-525.0,422.0
218.0,-1473.0,-19.0,453.0,-49.0,316.0,-127.0,-166.0,-475.0,342.0
216.0,-1169.0,-7.0,579.0,-227.0,265.0,-43.0,-149.0,-403.0,279.0
185.0,-1044.0,11.0,607.0,-236.0,221.0,-40.0,-157.0,-306.0,257.0
156.0,-945.0,46.0,599.0,-103.0,198.0,-37.0,-260.0,-221.0,284.0
129.0,-930.0,37.0,542.0,-195.0,189.0,-58.0,-168.0,-140.0,308.0
95.0,-781.0,38.0,342.0,-214.0,75.0,-38.0,-218.0,-40.0,319.0
45.0,-694.0,70.0,195.0,-20.0,-60.0,24.0,-42.0,42.0,329.0
-15.0,-376.0,48.0,114.0,2.0,-134.0,25.0,-1.0,63.0,315.0
-83.0,83.0,23.0,43.0,-45.0,264.0,-77.0,-24.0,63.0,232.0
-133.0,414.0,31.0,111.0,-58.0,227.0,-206.0,55.0,48.0,88.0
-172.0,873.0,26.0,212.0,-1.0,-244.0,-207.0,-70.0,-20.0,-33.0
-192.0,1134.0,12.0,261.0,11.0,-358.0,-168.0,-73.0,-111.0,-140.0
-219.0,1694.0,4.0,245.0,-112.0,-67.0,-176.0,-166.0,-214.0,-205.0
-221.0,1972.0,-23.0,209.0,-217.0,383.0,-171.0,-92.0,-297.0,-210.0
-247.0,1623.0,-75.0,153.0,-193.0,254.0,-113.0,-38.0,-304.0,-231.0
-286.0,1265.0,-56.0,58.0,-238.0,159.0,-7.0,31.0,-267.0,-255.0
-317.0,904.0,-39.0,45.0,-248.0,296.0,20.0,192.0,-197.0,-287.0
-341.0,524.0,-94.0,31.0,-162.0,248.0,-105.0,155.0,-103.0,-283.0
-324.0,1.0,-91.0,-8.0,-270.0,175.0,-228.0,269.0,-3.0,-255.0
-334.0,-559.0,-67.0,-54.0,-254.0,356.0,-232.0,188.0,109.0,-253.0
-333.0,-1120.0,-26.0,-44.0,-228.0,452.0,-172.0,157.0,191.0,-244.0
-321.0,-1422.0,9.0,8.0,-364.0,-30.0,-129.0,206.0,225.0,-259.0
-293.0,-1428.0,33.0,93.0,-350.0,-343.0,-42.0,169.0,206.0,-282.0
-279.0,-1310.0,80.0,210.0,-306.0,-200.0,165.0,164.0,173.0,-280.0
-264.0,-1067.0,55.0,168.0,-289.0,-60.0,384.0,11.0,156.0,-254.0
-249.0,-974.0,71.0,110.0,-301.0,-94.0,507.0,77.0,136.0,-231.0
-247.0,-1192.0,33.0,127.0,-281.0,-390.0,506.0,92.0,147.0,-208.0
-235.0,-1495.0,-30.0,99.0,-152.0,-307.0,527.0,138.0,183.0,-166.0
-232.0,-1489.0,3.0,79.0,-40.0,210.0,631.0,271.0,212.0,-83.0
-198.0,-1216.0,-10.0,29.0,-75.0,344.0,718.0,277.0,264.0,-12.0
-171.0,-803.0,-63.0,-51.0,-21.0,228.0,673.0,362.0,321.0,-8.0
-132.0,-188.0,-135.0,-103.0,232.0,208.0,486.0,162.0,353.0,30.0
-130.0,320.0,-146.0,-183.0,198.0,338.0,330.0,-27.0,391.0,89.0
-129.0,370.0,-177.0,-251.0,92.0,256.0,203.0,-107.0,406.0,127.0
-120.0,-42.0,-228.0,-314.0,138.0,73.0,67.0,-147.0,430.0,199.0
-172.0,-422.0,-253.0,-417.0,278.0,201.0,-135.0,-49.0,437.0,302.0
-195.0,-720.0,-304.0,-460.0,352.0,380.0,-270.0,-134.0,404.0,390.0
-228.0,-1061.0,-299.0,-352.0,157.0,253.0,-202.0,-105.0,407.0,436.0
-245.0,-1047.0,-326.0,-204.0,173.0,185.0,-119.0,-42.0,404.0,482.0
-243.0,-926.0,-297.0,-102.0,112.0,457.0,-142.0,-44.0,398.0,469.0
-244.0,-604.0,-227.0,-17.0,77.0,463.0,-229.0,-79.0,375.0,391.0
-224.0,-99.0,-220.0,-13.0,164.0,220.0,-209.0,-164.0,348.0,319.0
-224.0,73.0,-134.0,-24.0,27.0,0.0,-82.0,-33.0,348.0,267.0
-237.0,45.0,-67.0,-59.0,150.0,-285.0,48.0,38.0,347.0,209.0
-268.0,386.0,-25.0,-71.0,197.0,-457.0,42.0,123.0,334.0,115.0
-281.0,1092.0,64.0,-24.0,-22.0,-335.0,5.0,232.0,287.0,66.0
-269.0,1402.0,66.0,34.0,-159.0,-181.0,51.0,338.0,251.0,60.0
-285.0,1817.0,60.0,84.0,-128.0,110.0,62.0,467.0,226.0,88.0
-311.0,2049.0,87.0,5.0,-147.0,415.0,17.0,321.0,232.0,163.0
-349.0,1410.0,78.0,-134.0,-172.0,643.0,-32.0,199.0,292.0,289.0
-350.0,682.0,56.0,-251.0,-107.0,735.0,24.0,123.0,345.0,423.0
-333.0,-1.0,24.0,-338.0,-192.0,533.0,89.0,151.0,369.0,464.0
-347.0,-437.0,-16.0,-436.0,-186.0,522.0,116.0,206.0,384.0,455.0
-324.0,-544.0,-20.0,-557.0,-284.0,353.0,124.0,94.0,379.0,408.0
-300.0,-465.0,32.0,-660.0,-351.0,-124.0,198.0,96.0,300.0,287.0
-261.0,-144.0,65.0,-657.0,-202.0,-409.0,370.0,49.0,155.0,108.0
-228.0,280.0,126.0,-598.0,-115.0,-200.0,548.0,20.0,-5.0,-85.0
-213.0,624.0,163.0,-472.0,-80.0,26.0,695.0,-99.0,-143.0,-276.0
-202.0,465.0,143.0,-245.0,-166.0,283.0,726.0,-101.0,-240.0,-484.0
-220.0,305.0,134.0,-111.0,-130.0,576.0,740.0,140.0,-286.0,-632.0
-210.0,419.0,120.0,19.0,-10.0,484.0,768.0,114.0,-294.0,-689.0
-199.0,413.0,104.0,146.0,36.0,392.0,691.0,92.0,-272.0,-715.0
-165.0,218.0,90.0,148.0,71.0,321.0,449.0,70.0,-245.0,-704.0
-118.0,-363.0,114.0,173.0,133.0,272.0,235.0,151.0,-217.0,-622.0
-82.0,-1079.0,97.0,234.0,369.0,0.0,160.0,177.0,-194.0,-519.0
-34.0,-1739.0,76.0,262.0,446.0,-198.0,129.0,35.0,-174.0,-456.0
-2.0,-2200.0,73.0,249.0,301.0,-108.0,52.0,62.0,-150.0,-445.0
48.0,-2137.0,23.0,241.0,297.0,2.0,-17.0,-66.0,-125.0,-458.0
117.0,-1488.0,2.0,345.0,280.0,57.0,67.0,-60.0,-80.0,-475.0
187.0,-584.0,-34.0,449.0,127.0,98.0,176.0,-125.0,-38.0,-494.0
243.0,176.0,-71.0,503.0,-4.0,303.0,239.0,-214.0,0.0,-522.0
280.0,804.0,-116.0,484.0,-8.0,383.0,222.0,-109.0,25.0,-553.0
297.0,1140.0,-183.0,401.0,37.0,325.0,183.0,-157.0,22.0,-585.0
315.0,1227.0,-165.0,350.0,34.0,67.0,283.0,-109.0,-3.0,-634.0
336.0,1411.0,-201.0,316.0,-98.0,-91.0,395.0,-177.0,-41.0,-636.0
339.0,1471.0,-239.0,352.0,-212.0,48.0,429.0,-99.0,-60.0,-653.0
330.0,1110.0,-259.0,332.0,-20.0,36.0,407.0,-25.0,-53.0,-703.0
305.0,744.0,-333.0,300.0,92.0,-285.0,347.0,-33.0,-64.0,-692.0
321.0,545.0,-344.0,294.0,-37.0,-249.0,288.0,212.0,-118.0,-624.0
367.0,185.0,-381.0,297.0,-72.0,-67.0,296.0,266.0,-171.0,-509.0
401.0,-116.0,-379.0,342.0,-7.0,-295.0,299.0,369.0,-221.0,-397.0
403.0,-222.0,-322.0,356.0,5.0,-208.0,288.0,308.0,-231.0,-265.0
378.0,-443.0,-323.0,366.0,-102.0,231.0,305.0,131.0,-231.0,-134.0
335.0,-585.0,-279.0,264.0,-109.0,506.0,300.0,25.0,-257.0,-91.0
275.0,-164.0,-244.0,100.0,-106.0,249.0,199.0,-171.0,-253.0,-108.0
238.0,377.0,-216.0,-41.0,-46.0,152.0,6.0,-206.0,-266.0,-165.0
230.0,617.0,-122.0,-82.0,71.0,260.0,-97.0,-273.0,-300.0,-257.0
254.0,889.0,-38.0,-54.0,-41.0,128.0,-117.0,-133.0,-311.0,-347.0
282.0,838.0,32.0,-4.0,-15.0,300.0,-107.0,-29.0,-307.0,-392.0
307.0,524.0,113.0,14.0,16.0,286.0,-102.0,-133.0,-303.0,-418.0
297.0,434.0,164.0,-125.0,10.0,125.0,-140.0,-208.0,-281.0,-470.0
258.0,617.0,177.0,-293.0,8.0,136.0,-151.0,-400.0,-273.0,-510.0
215.0,905.0,203.0,-412.0,-115.0,3.0,-171.0,-375.0,-267.0,-471.0
188.0,1016.0,174.0,-371.0,-78.0,22.0,-178.0,-330.0,-214.0,-355.0
178.0,1037.0,117.0,-178.0,-75.0,26.0,-117.0,-205.0,-189.0,-219.0
196.0,860.0,108.0,-30.0,-97.0,38.0,-51.0,24.0,-169.0,-86.0
232.0,679.0,61.0,4.0,0.0,171.0,-35.0,133.0,-144.0,24.0
239.0,317.0,25.0,-35.0,83.0,91.0,-37.0,144.0,-132.0,59.0
250.0,-147.0,19.0,-101.0,146.0,236.0,-36.0,-66.0,-111.0,3.0
229.0,-331.0,0.0,-72.0,156.0,375.0,35.0,-18.0,-80.0,-73.0
212.0,-374.0,-8.0,51.0,113.0,425.0,188.0,-20.0,-10.0,-149.0
175.0,-411.0,1.0,201.0,136.0,314.0,316.0,-125.0,38.0,-256.0
184.0,-440.0,-2.0,343.0,85.0,1.0,377.0,-88.0,60.0,-324.0
215.0,72.0,58.0,340.0,25.0,50.0,392.0,-181.0,83.0,-333.0
212.0,388.0,105.0,194.0,57.0,70.0,444.0,-112.0,90.0,-333.0
192.0,57.0,103.0,8.0,76.0,183.0,559.0,-125.0,124.0,-299.0
108.0,-270.0,155.0,-53.0,180.0,263.0,628.0,-114.0,149.0,-244.0
65.0,-457.0,166.0,-24.0,157.0,181.0,540.0,-77.0,157.0,-159.0
18.0,-598.0,158.0,-5.0,78.0,308.0,400.0,-16.0,167.0,-65.0
-6.0,-622.0,127.0,35.0,-22.0,274.0,235.0,160.0,154.0,-6.0
-56.0,-524.0,131.0,37.0,-261.0,85.0,96.0,81.0,143.0,52.0
-95.0,-606.0,147.0,32.0,-362.0,-30.0,-16.0,144.0,118.0,82.0
-92.0,-468.0,149.0,107.0,-248.0,2.0,-156.0,140.0,82.0,65.0
-81.0,-384.0,183.0,275.0,-159.0,106.0,-154.0,92.0,42.0,63.0
-46.0,-537.0,204.0,468.0,-138.0,55.0,-15.0,46.0,-1.0,121.0
-61.0,-429.0,211.0,553.0,-21.0,37.0,129.0,-99.0,-43.0,222.0
-74.0,-316.0,222.0,508.0,-44.0,-46.0,196.0,18.0,-100.0,344.0
-112.0,-384.0,245.0,423.0,-53.0,-68.0,263.0,68.0,-114.0,484.0
-122.0,-689.0,200.0,300.0,-17.0,254.0,342.0,205.0,-102.0,600.0
-162.0,-866.0,193.0,230.0,-59.0,356.0,305.0,192.0,-100.0,649.0
-186.0,-636.0,173.0,204.0,109.0,281.0,100.0,38.0,-79.0,635.0
-200.0,-281.0,130.0,73.0,65.0,206.0,-178.0,18.0,-80.0,603.0
-231.0,-194.0,156.0,-110.0,-3.0,244.0,-386.0,-166.0,-90.0,597.0
-260.0,65.0,94.0,-332.0,152.0,119.0,-544.0,-201.0,-55.0,584.0
-300.0,775.0,53.0,-481.0,-19.0,-199.0,-688.0,-264.0,-11.0,546.0
-267.0,1020.0,64.0,-532.0,-83.0,-109.0,-802.0,-157.0,38.0,486.0
-280.0,1208.0,10.0,-572.0,78.0,-8.0,-791.0,-24.0,93.0,344.0
-279.0,1306.0,-2.0,-599.0,-94.0,83.0,-609.0,-79.0,132.0,120.0
-313.0,909.0,18.0,-716.0,-179.0,71.0,-337.0,70.0,169.0,-92.0
-343.0,552.0,-25.0,-823.0,77.0,-51.0,-132.0,72.0,226.0,-254.0
-349.0,90.0,-41.0,-706.0,161.0,-87.0,4.0,208.0,285.0,-381.0
-346.0,-215.0,-71.0,-452.0,190.0,-219.0,182.0,205.0,331.0,-463.0
-333.0,-454.0,-112.0,-220.0,272.0,-368.0,349.0,5.0,391.0,-502.0
-360.0,-511.0,-114.0,11.0,133.0,-402.0,457.0,81.0,421.0,-508.0
-334.0,-245.0,-129.0,168.0,89.0,-548.0,446.0,24.0,420.0,-476.0
-348.0,-57.0,-156.0,216.0,180.0,-683.0,386.0,-7.0,418.0,-429.0
-312.0,93.0,-184.0,305.0,26.0,-320.0,377.0,-147.0,383.0,-362.0
-275.0,372.0,-191.0,419.0,-82.0,31.0,409.0,-168.0,328.0,-291.0
-242.0,812.0,-244.0,507.0,47.0,405.0,405.0,-51.0,269.0,-232.0
-225.0,1158.0,-232.0,527.0,67.0,283.0,383.0,-92.0,211.0,-164.0
-225.0,1396.0,-231.0,491.0,16.0,-303.0,454.0,14.0,161.0,-100.0
-192.0,1049.0,-246.0,409.0,57.0,-150.0,568.0,-24.0,141.0,-47.0
-204.0,349.0,-196.0,287.0,58.0,143.0,568.0,-22.0,124.0,-24.0
-179.0,-421.0,-194.0,296.0,-13.0,20.0,347.0,-86.0,100.0,-23.0
-186.0,-977.0,-169.0,412.0,10.0,-342.0,31.0,-188.0,80.0,-66.0
-162.0,-1024.0,-167.0,449.0,-35.0,-429.0,-299.0,-251.0,27.0,-196.0
-163.0,-1124.0,-160.0,391.0,-86.0,-429.0,-522.0,-378.0,-42.0,-375.0
-164.0,-755.0,-119.0,275.0,192.0,-524.0,-662.0,-264.0,-115.0,-529.0
-135.0,-342.0,-117.0,134.0,284.0,-427.0,-811.0,-330.0,-182.0,-614.0
-122.0,148.0,-108.0,51.0,120.0,-380.0,-830.0,-293.0,-248.0,-644.0
-92.0,616.0,-85.0,32.0,198.0,-149.0,-784.0,-142.0,-284.0,-599.0
-105.0,694.0,-75.0,105.0,156.0,-179.0,-738.0,-123.0,-314.0,-493.0
-78.0,1041.0,-75.0,121.0,40.0,-482.0,-650.0,-88.0,-347.0,-374.0
-53.0,859.0,-85.0,21.0,80.0,-173.0,-406.0,-155.0,-317.0,-235.0
-10.0,326.0,-132.0,-90.0,-116.0,-16.0,-58.0,-70.0,-302.0,-74.0
2.0,-163.0,-164.0,-176.0,-150.0,-344.0,221.0,-64.0,-313.0,94.0
48.0,-466.0,-191.0,-140.0,43.0,-591.0,353.0,-177.0,-299.0,223.0
130.0,-543.0,-285.0,-138.0,-19.0,-684.0,310.0,-341.0,-267.0,291.0
170.0,-544.0,-310.0,-223.0,32.0,-644.0,241.0,-367.0,-221.0,312.0
224.0,-327.0,-313.0,-354.0,261.0,-771.0,254.0,-147.0,-127.0,280.0
246.0,-333.0,-317.0,-475.0,301.0,-551.0,310.0,-169.0,-41.0,229.0
279.0,-154.0,-274.0,-495.0,180.0,-213.0,294.0,-101.0,-21.0,208.0
270.0,31.0,-286.0,-474.0,115.0,-237.0,261.0,-33.0,0.0,213.0
292.0,222.0,-248.0,-376.0,45.0,-361.0,319.0,-9.0,-6.0,225.0
339.0,655.0,-202.0,-290.0,-51.0,-534.0,437.0,75.0,-19.0,233.0
380.0,788.0,-160.0,-216.0,-14.0,-239.0,458.0,-151.0,-20.0,240.0
415.0,691.0,-123.0,-183.0,-15.0,-338.0,380.0,-271.0,-52.0,239.0
401.0,398.0,-153.0,-183.0,15.0,-805.0,333.0,-216.0,-51.0,235.0
375.0,337.0,-158.0,-83.0,123.0,-755.0,239.0,-44.0,-38.0,237.0
336.0,174.0,-209.0,-34.0,122.0,-776.0,29.0,84.0,-20.0,227.0
299.0,-444.0,-247.0,19.0,33.0,-452.0,-308.0,133.0,-5.0,195.0
222.0,-641.0,-246.0,75.0,-24.0,-206.0,-682.0,264.0,-13.0,136.0
201.0,-303.0,-231.0,7.0,-75.0,-480.0,-899.0,157.0,-16.0,39.0
205.0,194.0,-236.0,-70.0,-139.0,-453.0,-951.0,162.0,-19.0,-78.0
204.0,491.0,-274.0,-129.0,-28.0,-454.0,-998.0,160.0,-16.0,-198.0
161.0,683.0,-190.0,-162.0,23.0,-596.0,-964.0,214.0,-24.0,-337.0
102.0,813.0,-123.0,-121.0,128.0,-699.0,-790.0,395.0,-31.0,-496.0
81.0,561.0,-142.0,44.0,261.0,-600.0,-553.0,247.0,-8.0,-660.0
58.0,86.0,-105.0,225.0,136.0,-563.0,-280.0,142.0,20.0,-813.0
99.0,-306.0,-82.0,301.0,80.0,-724.0,-95.0,11.0,67.0,-933.0
96.0,-577.0,-67.0,318.0,37.0,-634.0,32.0,11.0,128.0,-1040.0
102.0,-743.0,10.0,337.0,-53.0,-511.0,112.0,0.0,157.0,-1145.0
113.0,-829.0,64.0,364.0,-90.0,-141.0,168.0,-70.0,161.0,-1220.0
91.0,-957.0,83.0,331.0,-82.0,-45.0,191.0,169.0,163.0,-1249.0
69.0,-921.0,129.0,255.0,-83.0,-285.0,172.0,314.0,134.0,-1184.0
58.0,-946.0,176.0,159.0,42.0,-192.0,246.0,321.0,96.0,-1029.0
84.0,-680.0,199.0,53.0,236.0,-304.0,369.0,62.0,94.0,-817.0
114.0,-71.0,215.0,34.0,205.0,-396.0,417.0,-70.0,85.0,-564.0
171.0,325.0,209.0,59.0,131.0,-365.0,385.0,51.0,73.0,-309.0
223.0,972.0,178.0,69.0,110.0,-532.0,375.0,125.0,67.0,-53.0
287.0,1256.0,187.0,-6.0,104.0,-757.0,395.0,308.0,49.0,153.0
322.0,1030.0,202.0,-172.0,159.0,-905.0,381.0,351.0,21.0,296.0
366.0,738.0,202.0,-273.0,129.0,-935.0,183.0,445.0,16.0,363.0
416.0,417.0,249.0,-325.0,71.0,-679.0,-169.0,369.0,60.0,346.0
422.0,6.0,218.0,-345.0,149.0,-361.0,-470.0,110.0,102.0,280.0
422.0,-347.0,180.0,-382.0,2.0,-296.0,-627.0,27.0,146.0,153.0
409.0,-200.0,203.0,-480.0,-189.0,-194.0,-755.0,-29.0,172.0,41.0
387.0,-238.0,204.0,-506.0,-72.0,-219.0,-956.0,-3.0,175.0,-14.0
358.0,-156.0,255.0,-460.0,-59.0,-263.0,-995.0,-184.0,161.0,-44.0
347.0,112.0,277.0,-380.0,-191.0,-373.0,-766.0,-260.0,103.0,-42.0
328.0,449.0,317.0,-333.0,-78.0,-401.0,-413.0,-40.0,52.0,-14.0
336.0,994.0,358.0,-235.0,75.0,-356.0,-139.0,199.0,-16.0,51.0
333.0,1165.0,359.0,-86.0,-13.0,-483.0,12.0,423.0,-89.0,148.0
325.0,1236.0,378.0,-27.0,-7.0,-424.0,118.0,412.0,-123.0,259.0
317.0,1304.0,377.0,85.0,-35.0,-317.0,204.0,476.0,-135.0,343.0
289.0,1326.0,402.0,237.0,-78.0,-91.0,190.0,365.0,-136.0,376.0
287.0,970.0,401.0,348.0,-99.0,-276.0,3.0,129.0,-141.0,359.0
269.0,497.0,416.0,434.0,-235.0,-453.0,-126.0,-24.0,-138.0,295.0
254.0,291.0,429.0,483.0,-167.0,-178.0,-95.0,-280.0,-144.0,220.0
220.0,233.0,411.0,477.0,-131.0,-246.0,0.0,-240.0,-178.0,163.0
192.0,108.0,409.0,397.0,-142.0,-302.0,40.0,-232.0,-233.0,157.0
176.0,-157.0,353.0,346.0,-20.0,-316.0,88.0,-188.0,-279.0,209.0
181.0,-257.0,295.0,322.0,-35.0,-484.0,262.0,-73.0,-294.0,328.0
214.0,-637.0,271.0,383.0,-66.0,-473.0,473.0,-55.0,-287.0,486.0
254.0,-791.0,222.0,498.0,15.0,-230.0,517.0,-38.0,-262.0,637.0
321.0,-574.0,203.0,438.0,-27.0,-2.0,330.0,-243.0,-233.0,811.0
371.0,-631.0,227.0,334.0,-70.0,270.0,123.0,-107.0,-216.0,987.0
410.0,-775.0,225.0,218.0,-16.0,323.0,-15.0,129.0,-213.0,1152.0
414.0,-687.0,191.0,123.0,14.0,110.0,-205.0,266.0,-236.0,1287.0
384.0,-738.0,142.0,153.0,-59.0,67.0,-481.0,413.0,-280.0,1366.0
349.0,-1118.0,135.0,166.0,-232.0,174.0,-643.0,421.0,-333.0,1370.0
311.0,-1289.0,90.0,173.0,-216.0,373.0,-656.0,552.0,-391.0,1286.0
293.0,-1619.0,35.0,219.0,-175.0,365.0,-551.0,432.0,-432.0,1156.0
275.0,-2005.0,23.0,190.0,-268.0,292.0,-326.0,158.0,-475.0,996.0
244.0,-1845.0,43.0,39.0,-221.0,240.0,-96.0,-194.0,-514.0,856.0
236.0,-1327.0,58.0,-27.0,-83.0,20.0,153.0,-498.0,-530.0,762.0
241.0,-873.0,58.0,6.0,-89.0,73.0,383.0,-513.0,-537.0,706.0
220.0,-314.0,86.0,13.0,-57.0,371.0,495.0,-474.0,-512.0,692.0
186.0,477.0,52.0,43.0,10.0,376.0,398.0,-194.0,-433.0,696.0
154.0,921.0,50.0,80.0,-16.0,114.0,157.0,112.0,-322.0,716.0
114.0,886.0,-51.0,121.0,126.0,9.0,-50.0,437.0,-225.0,735.0
92.0,884.0,-110.0,138.0,205.0,102.0,-132.0,548.0,-151.0,725.0
70.0,982.0,-75.0,117.0,198.0,166.0,-197.0,406.0,-71.0,669.0
32.0,698.0,-161.0,83.0,169.0,206.0,-297.0,502.0,15.0,596.0
45.0,216.0,-152.0,10.0,122.0,9.0,-273.0,484.0,86.0,527.0
92.0,-32.0,-189.0,-12.0,171.0,-206.0,-211.0,454.0,161.0,470.0
126.0,-319.0,-218.0,-10.0,28.0,-270.0,-185.0,347.0,256.0,433.0
141.0,-679.0,-211.0,-141.0,-31.0,-298.0,-216.0,142.0,365.0,396.0
162.0,-648.0,-251.0,-332.0,123.0,-93.0,-329.0,60.0,457.0,387.0
134.0,-355.0,-191.0,-526.0,234.0,124.0,-464.0,-147.0,526.0,397.0
78.0,78.0,-207.0,-664.0,177.0,294.0,-591.0,-249.0,613.0,417.0
33.0,401.0,-245.0,-705.0,51.0,49.0,-715.0,-267.0,697.0,457.0
-22.0,441.0,-236.0,-734.0,-1.0,-218.0,-854.0,-151.0,737.0,505.0
-54.0,348.0,-246.0,-681.0,-109.0,-175.0,-895.0,-101.0,760.0,579.0
-87.0,360.0,-226.0,-540.0,-224.0,-308.0,-814.0,-158.0,776.0,679.0
-63.0,597.0,-202.0,-375.0,-211.0,-481.0,-663.0,1.0,751.0,793.0
-50.0,373.0,-175.0,-220.0,-149.0,-762.0,-532.0,114.0,722.0,896.0
-43.0,29.0,-185.0,-88.0,-193.0,-753.0,-415.0,319.0,671.0,938.0
-15.0,-197.0,-169.0,55.0,-126.0,-430.0,-205.0,291.0,622.0,922.0
0.0,-517.0,-123.0,223.0,-134.0,-59.0,34.0,253.0,574.0,837.0
26.0,-565.0,-97.0,327.0,-319.0,229.0,246.0,428.0,503.0,677.0
18.0,-597.0,-65.0,369.0,-186.0,202.0,405.0,345.0,469.0,497.0
23.0,-518.0,-69.0,298.0,-100.0,208.0,484.0,254.0,422.0,302.0
26.0,-192.0,-15.0,108.0,-224.0,317.0,497.0,92.0,364.0,151.0
46.0,142.0,-27.0,-26.0,-147.0,231.0,473.0,138.0,321.0,54.0
55.0,251.0,-51.0,-156.0,-130.0,156.0,340.0,214.0,275.0,-25.0
76.0,230.0,-14.0,-307.0,-62.0,108.0,207.0,107.0,236.0,-56.0
110.0,232.0,-64.0,-497.0,56.0,-53.0,232.0,83.0,158.0,-90.0
135.0,137.0,-49.0,-688.0,-13.0,-91.0,395.0,-51.0,74.0,-129.0
170.0,-72.0,-33.0,-805.0,73.0,-40.0,587.0,27.0,8.0,-155.0
191.0,-584.0,-23.0,-880.0,45.0,415.0,601.0,101.0,-27.0,-182.0
235.0,-1030.0,13.0,-895.0,-110.0,628.0,552.0,173.0,-49.0,-201.0
258.0,-1137.0,28.0,-933.0,-2.0,256.0,523.0,351.0,-60.0,-254.0
264.0,-1111.0,39.0,-992.0,39.0,116.0,472.0,458.0,-64.0,-336.0
258.0,-873.0,42.0,-983.0,-90.0,146.0,333.0,513.0,-84.0,-449.0
226.0,-431.0,85.0,-926.0,22.0,58.0,29.0,284.0,-88.0,-607.0
154.0,-260.0,54.0,-782.0,92.0,-208.0,-276.0,293.0,-56.0,-800.0
119.0,-277.0,92.0,-600.0,-52.0,-65.0,-548.0,437.0,-16.0,-997.0
123.0,49.0,132.0,-464.0,28.0,191.0,-828.0,434.0,0.0,-1182.0
139.0,21.0,46.0,-359.0,148.0,168.0,-968.0,452.0,39.0,-1350.0
156.0,-177.0,75.0,-342.0,134.0,73.0,-904.0,376.0,85.0,-1439.0
145.0,-82.0,64.0,-285.0,124.0,-58.0,-766.0,413.0,111.0,-1455.0
139.0,-407.0,32.0,-112.0,280.0,316.0,-637.0,304.0,99.0,-1390.0
93.0,-619.0,51.0,29.0,207.0,517.0,-585.0,120.0,56.0,-1272.0
51.0,-249.0,5.0,66.0,36.0,237.0,-556.0,40.0,25.0,-1128.0
-34.0,234.0,-53.0,41.0,144.0,182.0,-445.0,38.0,-10.0,-945.0
-89.0,642.0,-74.0,83.0,-79.0,98.0,-292.0,169.0,-30.0,-798.0
-96.0,1141.0,-109.0,197.0,-215.0,-186.0,-233.0,158.0,-61.0,-687.0
-123.0,1406.0,-151.0,352.0,10.0,-277.0,-350.0,262.0,-60.0,-621.0
-140.0,1044.0,-147.0,469.0,27.0,-141.0,-405.0,345.0,-11.0,-617.0
-169.0,816.0,-157.0,528.0,-3.0,-114.0,-244.0,408.0,14.0,-688.0
-163.0,547.0,-169.0,527.0,68.0,-114.0,5.0,434.0,10.0,-836.0
-171.0,47.0,-171.0,463.0,11.0,-179.0,165.0,219.0,-40.0,-983.0
-187.0,-166.0,-132.0,432.0,-63.0,-146.0,280.0,264.0,-92.0,-1105.0
-217.0,-332.0,-130.0,397.0,-64.0,68.0,439.0,171.0,-130.0,-1189.0
-225.0,-544.0,-151.0,333.0,-176.0,49.0,584.0,-57.0,-178.0,-1200.0
-221.0,-423.0,-150.0,285.0,-247.0,63.0,657.0,-203.0,-235.0,-1142.0
-238.0,119.0,-171.0,244.0,-172.0,-41.0,581.0,-175.0,-305.0,-1045.0
-247.0,507.0,-168.0,220.0,-173.0,-231.0,437.0,55.0,-365.0,-930.0
-278.0,591.0,-180.0,242.0,-223.0,-188.0,306.0,-73.0,-400.0,-815.0
-288.0,525.0,-182.0,277.0,-139.0,-142.0,137.0,-218.0,-453.0,-714.0
-304.0,458.0,-156.0,295.0,-105.0,-92.0,-179.0,-254.0,-466.0,-653.0
-287.0,331.0,-132.0,235.0,-101.0,-4.0,-476.0,-53.0,-429.0,-650.0
-215.0,216.0,-130.0,192.0,6.0,230.0,-523.0,199.0,-425.0,-683.0
-161.0,114.0,-91.0,141.0,122.0,235.0,-395.0,116.0,-377.0,-727.0
-105.0,-181.0,-76.0,61.0,144.0,327.0,-236.0,133.0,-300.0,-763.0
-69.0,-290.0,-87.0,94.0,146.0,191.0,-124.0,97.0,-221.0,-762.0
-64.0,-303.0,-71.0,59.0,175.0,-325.0,10.0,127.0,-114.0,-706.0
-90.0,-369.0,-83.0,-57.0,82.0,-78.0,206.0,101.0,-3.0,-597.0
-165.0,-523.0,-59.0,-183.0,63.0,-100.0,397.0,66.0,97.0,-459.0
-215.0,-452.0,-51.0,-254.0,5.0,-451.0,497.0,280.0,172.0,-292.0
-221.0,-166.0,-49.0,-242.0,-13.0,-400.0,504.0,221.0,245.0,-144.0
-202.0,77.0,-68.0,-183.0,181.0,-292.0,477.0,25.0,299.0,-48.0
-168.0,438.0,-95.0,-89.0,121.0,-116.0,509.0,-190.0,325.0,10.0
-149.0,571.0,-97.0,-133.0,-57.0,-31.0,508.0,-177.0,334.0,11.0
-128.0,709.0,-143.0,-273.0,-81.0,-112.0,380.0,-73.0,324.0,-37.0
-113.0,683.0,-155.0,-313.0,-108.0,22.0,280.0,-212.0,308.0,-116.0
-110.0,472.0,-166.0,-200.0,-76.0,431.0,196.0,-197.0,264.0,-182.0
-138.0,455.0,-215.0,-16.0,-35.0,166.0,176.0,-121.0,238.0,-216.0
-138.0,141.0,-239.0,105.0,-65.0,-30.0,132.0,99.0,209.0,-209.0
-107.0,-264.0,-195.0,122.0,69.0,194.0,15.0,199.0,190.0,-147.0
-97.0,-534.0,-162.0,149.0,211.0,94.0,-94.0,140.0,214.0,-34.0
-96.0,-608.0,-151.0,118.0,146.0,5.0,-208.0,243.0,227.0,88.0
-153.0,-313.0,-125.0,27.0,114.0,-196.0,-344.0,236.0,248.0,197.0
-177.0,10.0,-116.0,-7.0,159.0,-331.0,-612.0,121.0,263.0,328.0
-169.0,332.0,-71.0,-51.0,196.0,-196.0,-837.0,-192.0,261.0,482.0
-153.0,737.0,-18.0,-127.0,149.0,-25.0,-872.0,-251.0,250.0,642.0
-155.0,844.0,37.0,-220.0,8.0,86.0,-738.0,-86.0,217.0,782.0
-201.0,780.0,79.0,-376.0,25.0,545.0,-536.0,-125.0,188.0,925.0
-181.0,757.0,104.0,-486.0,112.0,791.0,-299.0,-129.0,166.0,1061.0
-183.0,498.0,150.0,-469.0,41.0,323.0,17.0,-131.0,150.0,1153.0
-191.0,336.0,174.0,-412.0,-55.0,261.0,302.0,22.0,120.0,1252.0
-190.0,63.0,172.0,-262.0,-84.0,425.0,429.0,-25.0,92.0,1341.0
-154.0,-280.0,171.0,-170.0,-97.0,329.0,358.0,-210.0,109.0,1378.0
-82.0,-161.0,149.0,-143.0,-120.0,31.0,229.0,-253.0,100.0,1354.0
-48.0,-86.0,97.0,-181.0,-71.0,-211.0,73.0,-279.0,99.0,1326.0
-15.0,-142.0,76.0,-271.0,1.0,-123.0,-82.0,-57.0,128.0,1297.0
-24.0,-181.0,44.0,-274.0,108.0,-43.0,-284.0,-42.0,110.0,1219.0
-33.0,-66.0,27.0,-283.0,175.0,104.0,-483.0,-27.0,106.0,1171.0
-43.0,-4.0,19.0,-256.0,-30.0,186.0,-543.0,173.0,115.0,1126.0
-32.0,-46.0,-32.0,-280.0,-167.0,486.0,-501.0,214.0,143.0,1045.0
-5.0,-32.0,-32.0,-319.0,-131.0,580.0,-320.0,199.0,195.0,965.0
31.0,-152.0,-48.0,-360.0,-232.0,367.0,49.0,94.0,209.0,888.0
85.0,161.0,-55.0,-406.0,-175.0,555.0,485.0,68.0,218.0,819.0
136.0,370.0,-10.0,-394.0,-123.0,241.0,734.0,-84.0,242.0,729.0
199.0,170.0,1.0,-429.0,-117.0,51.0,786.0,-201.0,245.0,629.0
203.0,376.0,21.0,-435.0,112.0,4.0,683.0,-125.0,216.0,514.0
198.0,594.0,49.0,-458.0,17.0,-202.0,525.0,-31.0,187.0,365.0
203.0,547.0,108.0,-406.0,-4.0,66.0,451.0,218.0,168.0,209.0
226.0,111.0,209.0,-251.0,193.0,205.0,358.0,144.0,155.0,55.0
253.0,-473.0,258.0,-183.0,110.0,283.0,82.0,55.0,121.0,-82.0
284.0,-730.0,273.0,-207.0,-14.0,411.0,-299.0,81.0,72.0,-205.0
312.0,-836.0,296.0,-264.0,-67.0,425.0,-547.0,42.0,20.0,-325.0
309.0,-735.0,300.0,-246.0,-39.0,203.0,-617.0,66.0,-25.0,-417.0
301.0,-429.0,331.0,-162.0,32.0,105.0,-517.0,-96.0,-71.0,-476.0
270.0,-197.0,382.0,-88.0,85.0,141.0,-378.0,-40.0,-117.0,-530.0
242.0,-300.0,377.0,-41.0,-36.0,238.0,-261.0,-5.0,-145.0,-535.0
198.0,-177.0,372.0,-55.0,20.0,290.0,-128.0,-48.0,-174.0,-500.0
175.0,315.0,384.0,-105.0,165.0,-59.0,49.0,-138.0,-184.0,-465.0
155.0,620.0,336.0,-124.0,62.0,-69.0,234.0,-328.0,-186.0,-436.0
159.0,635.0,291.0,-106.0,114.0,275.0,379.0,-242.0,-185.0,-424.0
134.0,401.0,258.0,-64.0,94.0,454.0,542.0,-362.0,-184.0,-425.0
83.0,426.0,188.0,-70.0,124.0,315.0,632.0,-406.0,-191.0,-447.0
60.0,465.0,161.0,-128.0,167.0,231.0,567.0,-439.0,-183.0,-460.0
34.0,357.0,138.0,-130.0,-49.0,304.0,313.0,-456.0,-177.0,-475.0
57.0,232.0,97.0,-100.0,-35.0,376.0,158.0,-227.0,-181.0,-503.0
51.0,-4.0,83.0,-45.0,48.0,414.0,142.0,-258.0,-185.0,-508.0
83.0,-71.0,70.0,67.0,29.0,172.0,43.0,-177.0,-181.0,-523.0
113.0,-31.0,18.0,224.0,-61.0,387.0,-170.0,-48.0,-179.0,-548.0
151.0,288.0,26.0,391.0,-163.0,609.0,-486.0,83.0,-170.0,-566.0
170.0,484.0,43.0,510.0,-48.0,318.0,-736.0,112.0,-175.0,-581.0
163.0,283.0,39.0,617.0,2.0,83.0,-928.0,-68.0,-195.0,-580.0
209.0,23.0,104.0,710.0,-28.0,-89.0,-1036.0,-86.0,-196.0,-561.0
227.0,-312.0,122.0,768.0,14.0,85.0,-1100.0,-90.0,-197.0,-516.0
264.0,-403.0,143.0,767.0,38.0,251.0,-1009.0,-31.0,-222.0,-448.0
254.0,-169.0,156.0,629.0,75.0,269.0,-623.0,-145.0,-258.0,-375.0
255.0,-85.0,145.0,492.0,117.0,108.0,-108.0,-280.0,-290.0,-295.0
252.0,-287.0,130.0,373.0,-4.0,-16.0,330.0,-280.0,-319.0,-217.0
228.0,-318.0,78.0,254.0,-56.0,38.0,571.0,-393.0,-336.0,-180.0
224.0,-297.0,31.0,228.0,-25.0,18.0,801.0,-423.0,-362.0,-167.0
222.0,-497.0,-2.0,217.0,-187.0,271.0,921.0,-504.0,-342.0,-166.0
250.0,-953.0,-43.0,175.0,-189.0,281.0,804.0,-456.0,-296.0,-187.0
255.0,-1533.0,-86.0,90.0,-206.0,201.0,461.0,-424.0,-270.0,-209.0
249.0,-1862.0,-113.0,58.0,-181.0,187.0,19.0,-423.0,-207.0,-225.0
232.0,-1813.0,-132.0,98.0,19.0,254.0,-282.0,-197.0,-151.0,-242.0
198.0,-1232.0,-123.0,193.0,-61.0,415.0,-433.0,-14.0,-116.0,-250.0
147.0,-651.0,-150.0,328.0,-67.0,135.0,-479.0,291.0,-74.0,-196.0
110.0,-34.0,-153.0,370.0,118.0,-79.0,-523.0,397.0,-41.0,-78.0
67.0,336.0,-135.0,406.0,53.0,-85.0,-394.0,463.0,-26.0,68.0
33.0,149.0,-167.0,494.0,-56.0,-66.0,-34.0,563.0,-47.0,231.0
0.0,360.0,-159.0,647.0,-30.0,-77.0,320.0,371.0,-69.0,400.0
-49.0,463.0,-180.0,721.0,-83.0,62.0,526.0,245.0,-88.0,548.0
-81.0,379.0,-208.0,621.0,85.0,388.0,606.0,-14.0,-116.0,636.0
-133.0,429.0,-210.0,498.0,148.0,424.0,641.0,-190.0,-110.0,667.0
-174.0,290.0,-216.0,346.0,-63.0,383.0,615.0,-332.0,-99.0,646.0
-200.0,440.0,-211.0,215.0,60.0,442.0,459.0,-500.0,-98.0,578.0
-204.0,747.0,-216.0,153.0,29.0,383.0,166.0,-495.0,-84.0,466.0
-209.0,1013.0,-210.0,190.0,-77.0,35.0,-38.0,-485.0,-78.0,370.0
-214.0,1321.0,-204.0,307.0,-25.0,-452.0,-109.0,-169.0,-65.0,325.0
-229.0,1171.0,-179.0,335.0,-42.0,-475.0,-112.0,12.0,-40.0,323.0
-233.0,440.0,-172.0,233.0,45.0,-182.0,-130.0,35.0,-26.0,370.0
-227.0,-410.0,-218.0,79.0,-30.0,-62.0,-152.0,33.0,0.0,434.0
-208.0,-898.0,-238.0,-70.0,-76.0,105.0,-66.0,-40.0,31.0,527.0
-186.0,-1236.0,-226.0,-167.0,4.0,243.0,82.0,-29.0,46.0,608.0
-188.0,-1123.0,-229.0,-235.0,54.0,210.0,188.0,-240.0,79.0,647.0
-169.0,-129.0,-228.0,-291.0,170.0,179.0,136.0,-197.0,111.0,670.0
-177.0,854.0,-191.0,-339.0,9.0,81.0,45.0,-138.0,133.0,638.0
-185.0,1564.0,-204.0,-292.0,-30.0,64.0,-7.0,-297.0,156.0,567.0
-189.0,1624.0,-178.0,-145.0,200.0,-16.0,-34.0,-408.0,187.0,475.0
-148.0,1010.0,-154.0,-107.0,160.0,-310.0,-140.0,-611.0,215.0,385.0
-77.0,795.0,-200.0,-2.0,136.0,-392.0,-244.0,-519.0,227.0,298.0
-39.0,885.0,-176.0,135.0,142.0,-369.0,-150.0,-436.0,242.0,222.0
0.0,714.0,-202.0,51.0,60.0,-220.0,51.0,-384.0,233.0,212.0
7.0,285.0,-203.0,-169.0,134.0,-249.0,169.0,-216.0,226.0,232.0
8.0,-327.0,-208.0,-325.0,167.0,-283.0,126.0,-127.0,248.0,301.0
-12.0,-707.0,-227.0,-300.0,-8.0,-18.0,131.0,9.0,247.0,409.0
-53.0,-962.0,-182.0,-283.0,17.0,33.0,156.0,7.0,236.0,512.0
-89.0,-1445.0,-203.0,-215.0,191.0,193.0,148.0,92.0,199.0,597.0
-143.0,-1532.0,-191.0,-27.0,7.0,66.0,115.0,173.0,141.0,630.0
-163.0,-1387.0,-157.0,11.0,-77.0,85.0,34.0,181.0,109.0,625.0
-179.0,-1287.0,-147.0,-83.0,-45.0,306.0,-1.0,107.0,58.0,581.0
-196.0,-1354.0,-127.0,-198.0,-103.0,-115.0,2.0,-166.0,1.0,513.0
-207.0,-1137.0,-75.0,-312.0,3.0,-394.0,6.0,-164.0,-57.0,421.0
-236.0,51.0,-60.0,-368.0,-129.0,-427.0,14.0,-136.0,-106.0,320.0
-245.0,1198.0,-88.0,-377.0,-89.0,-325.0,57.0,-142.0,-144.0,241.0
-250.0,1691.0,-91.0,-321.0,174.0,-287.0,35.0,-121.0,-203.0,153.0
-257.0,1380.0,-78.0,-268.0,87.0,-308.0,42.0,-118.0,-245.0,72.0
-268.0,611.0,-62.0,-301.0,-33.0,-119.0,95.0,-9.0,-308.0,9.0
-257.0,-13.0,-114.0,-402.0,-26.0,63.0,101.0,-79.0,-364.0,-24.0
-225.0,-77.0,-131.0,-494.0,16.0,32.0,98.0,-153.0,-421.0,-52.0
-225.0,280.0,-129.0,-461.0,-96.0,-283.0,74.0,-225.0,-480.0,-92.0
-209.0,236.0,-160.0,-414.0,-129.0,-425.0,72.0,-123.0,-515.0,-132.0
-190.0,144.0,-146.0,-366.0,-179.0,-730.0,81.0,84.0,-566.0,-195.0
-172.0,-96.0,-115.0,-260.0,-209.0,-974.0,144.0,16.0,-595.0,-276.0
-154.0,-414.0,-129.0,-206.0,-31.0,-567.0,286.0,68.0,-621.0,-356.0
-157.0,-340.0,-162.0,-204.0,-70.0,-512.0,437.0,169.0,-622.0,-410.0
-168.0,-530.0,-123.0,-218.0,-10.0,-606.0,497.0,192.0,-619.0,-449.0
-179.0,-1070.0,-102.0,-189.0,45.0,-361.0,495.0,3.0,-611.0,-489.0
-165.0,-1624.0,-89.0,-131.0,-1.0,-130.0,457.0,-160.0,-563.0,-512.0
-150.0,-1863.0,-86.0,-148.0,-12.0,66.0,411.0,-73.0,-513.0,-541.0
-139.0,-1859.0,-114.0,-151.0,-40.0,41.0,423.0,-123.0,-444.0,-579.0
-130.0,-1614.0,-91.0,-119.0,155.0,-79.0,406.0,-181.0,-389.0,-594.0
-124.0,-762.0,-134.0,-102.0,224.0,-128.0,310.0,-363.0,-312.0,-587.0
-120.0,395.0,-147.0,10.0,169.0,-95.0,148.0,-395.0,-231.0,-565.0
-100.0,982.0,-130.0,109.0,225.0,-298.0,51.0,-330.0,-157.0,-525.0
-77.0,1057.0,-214.0,106.0,214.0,-459.0,-96.0,-445.0,-53.0,-467.0
-54.0,1296.0,-204.0,94.0,178.0,-333.0,-261.0,-352.0,22.0,-389.0
-27.0,1074.0,-154.0,113.0,31.0,-450.0,-300.0,-330.0,90.0,-312.0
-10.0,524.0,-190.0,121.0,-144.0,-617.0,-261.0,-212.0,174.0,-254.0
17.0,-215.0,-163.0,96.0,-77.0,-636.0,-138.0,-51.0,233.0,-175.0
4.0,-942.0,-132.0,195.0,-50.0,-342.0,0.0,9.0,256.0,-89.0
-13.0,-1222.0,-152.0,344.0,-133.0,106.0,184.0,218.0,283.0,-14.0
36.0,-1360.0,-64.0,470.0,-69.0,113.0,324.0,254.0,298.0,73.0
84.0,-972.0,-31.0,586.0,50.0,-213.0,395.0,225.0,335.0,154.0
99.0,-257.0,-10.0,658.0,39.0,-98.0,381.0,84.0,386.0,232.0
124.0,853.0,71.0,807.0,28.0,-54.0,302.0,20.0,395.0,296.0
128.0,1616.0,101.0,977.0,-19.0,-607.0,238.0,12.0,403.0,358.0
119.0,1923.0,153.0,992.0,-107.0,-668.0,174.0,-92.0,385.0,417.0
89.0,1966.0,146.0,864.0,39.0,-505.0,112.0,-81.0,359.0,447.0
69.0,791.0,121.0,661.0,-110.0,-466.0,-39.0,-144.0,310.0,466.0
79.0,-580.0,111.0,388.0,-278.0,-253.0,-65.0,55.0,222.0,453.0
73.0,-1621.0,62.0,140.0,-154.0,-134.0,77.0,77.0,121.0,404.0
75.0,-1869.0,0.0,12.0,-186.0,-17.0,129.0,-158.0,10.0,339.0
84.0,-1333.0,-21.0,-5.0,-102.0,181.0,36.0,-197.0,-75.0,288.0
123.0,-1011.0,-40.0,4.0,-84.0,254.0,-15.0,-319.0,-155.0,253.0
134.0,-1011.0,-100.0,58.0,-85.0,110.0,131.0,-206.0,-205.0,209.0
126.0,-668.0,-106.0,117.0,124.0,160.0,353.0,-149.0,-249.0,183.0
108.0,499.0,-157.0,64.0,164.0,-30.0,471.0,-101.0,-267.0,177.0
102.0,1395.0,-191.0,-38.0,-40.0,-474.0,469.0,62.0,-242.0,181.0
108.0,1550.0,-177.0,-130.0,5.0,-432.0,449.0,40.0,-254.0,197.0
70.0,1111.0,-192.0,-224.0,106.0,-497.0,453.0,22.0,-244.0,198.0
72.0,205.0,-146.0,-242.0,-11.0,-482.0,398.0,-114.0,-214.0,200.0
83.0,-611.0,-144.0,-75.0,-32.0,-381.0,227.0,-105.0,-192.0,194.0
90.0,-604.0,-152.0,39.0,-166.0,-454.0,116.0,-120.0,-173.0,176.0
46.0,310.0,-119.0,-13.0,-169.0,-50.0,73.0,-238.0,-164.0,163.0
-11.0,1466.0,-148.0,-179.0,-92.0,123.0,20.0,-258.0,-176.0,120.0
-22.0,2153.0,-173.0,-328.0,-144.0,-269.0,-123.0,-293.0,-204.0,67.0
-35.0,1497.0,-146.0,-347.0,-86.0,-381.0,-353.0,-158.0,-198.0,22.0
-48.0,400.0,-170.0,-349.0,-173.0,-272.0,-415.0,-195.0,-196.0,-14.0
-66.0,-268.0,-181.0,-381.0,-99.0,-603.0,-339.0,-194.0,-157.0,-55.0
-62.0,-658.0,-123.0,-503.0,18.0,-883.0,-208.0,-140.0,-79.0,-87.0
-69.0,-912.0,-112.0,-509.0,-191.0,-749.0,-99.0,-175.0,-29.0,-80.0
-116.0,-1487.0,-83.0,-466.0,-17.0,-625.0,88.0,-162.0,29.0,-87.0
-171.0,-1454.0,-39.0,-444.0,223.0,-344.0,391.0,-351.0,78.0,-112.0
-196.0,-777.0,-7.0,-294.0,62.0,-422.0,559.0,-206.0,111.0,-118.0
-219.0,-282.0,39.0,-134.0,77.0,-521.0,558.0,48.0,127.0,-123.0
-231.0,-72.0,90.0,17.0,131.0,-108.0,448.0,134.0,125.0,-118.0
-240.0,131.0,130.0,138.0,77.0,-7.0,353.0,203.0,127.0,-107.0
-247.0,855.0,118.0,262.0,186.0,-135.0,263.0,112.0,117.0,-89.0
-242.0,1343.0,148.0,307.0,45.0,-139.0,139.0,49.0,100.0,-52.0
-269.0,1371.0,177.0,278.0,-120.0,-234.0,-64.0,-138.0,99.0,-3.0
-283.0,1240.0,141.0,250.0,139.0,-406.0,-254.0,-243.0,107.0,30.0
-290.0,1063.0,126.0,117.0,125.0,-329.0,-307.0,-325.0,102.0,64.0
-302.0,666.0,102.0,-2.0,-3.0,-434.0,-269.0,-303.0,92.0,99.0
-333.0,-166.0,76.0,-40.0,3.0,-730.0,-200.0,-60.0,76.0,136.0
-373.0,-655.0,71.0,-60.0,-64.0,-677.0,-213.0,-29.0,43.0,196.0
-384.0,-992.0,63.0,-124.0,11.0,-598.0,-159.0,46.0,1.0,233.0
-388.0,-1262.0,83.0,-225.0,-70.0,-558.0,-32.0,62.0,-48.0,237.0
-395.0,-1106.0,86.0,-342.0,-229.0,-285.0,54.0,-53.0,-81.0,189.0
-432.0,-633.0,99.0,-451.0,-118.0,-108.0,46.0,-218.0,-108.0,130.0
-432.0,-174.0,148.0,-426.0,-21.0,-100.0,-21.0,-290.0,-136.0,101.0
-430.0,-106.0,176.0,-267.0,-116.0,87.0,8.0,-125.0,-153.0,41.0
-429.0,-428.0,207.0,-65.0,-189.0,73.0,68.0,-101.0,-187.0,0.0
-413.0,-890.0,228.0,10.0,-184.0,6.0,59.0,-66.0,-199.0,-15.0
-429.0,-910.0,242.0,47.0,-168.0,-33.0,19.0,-171.0,-196.0,-43.0
-411.0,-927.0,252.0,85.0,-144.0,-298.0,61.0,-284.0,-197.0,-97.0
-409.0,-1054.0,260.0,73.0,-116.0,-296.0,127.0,-247.0,-180.0,-152.0
-399.0,-875.0,303.0,125.0,1.0,-175.0,164.0,-362.0,-163.0,-153.0
-378.0,-316.0,310.0,183.0,123.0,-373.0,139.0,-251.0,-145.0,-153.0
-348.0,715.0,264.0,288.0,109.0,-497.0,6.0,-173.0,-123.0,-123.0
-303.0,1794.0,216.0,389.0,-8.0,-160.0,-101.0,-101.0,-85.0,-48.0
-276.0,2682.0,141.0,449.0,-41.0,44.0,-137.0,5.0,-37.0,25.0
-229.0,2613.0,49.0,480.0,102.0,63.0,-158.0,-110.0,41.0,92.0
-187.0,1856.0,-11.0,427.0,148.0,204.0,-239.0,-60.0,130.0,126.0
-145.0,952.0,-93.0,328.0,41.0,148.0,-328.0,-110.0,216.0,155.0
-133.0,-58.0,-177.0,215.0,7.0,110.0,-314.0,-136.0,316.0,134.0
-104.0,-325.0,-257.0,99.0,25.0,54.0,-250.0,-136.0,397.0,43.0
-60.0,-611.0,-308.0,67.0,-9.0,-91.0,-182.0,-123.0,448.0,-44.0
-35.0,-1365.0,-323.0,110.0,-72.0,127.0,-109.0,1.0,453.0,-105.0
-15.0,-1676.0,-381.0,131.0,-19.0,308.0,-1.0,-208.0,454.0,-154.0
-31.0,-1098.0,-378.0,228.0,160.0,383.0,192.0,-373.0,450.0,-218.0
-52.0,46.0,-394.0,333.0,230.0,448.0,323.0,-506.0,446.0,-289.0
-86.0,1245.0,-397.0,364.0,57.0,342.0,344.0,-408.0,437.0,-370.0
-108.0,1956.0,-401.0,313.0,-19.0,411.0,343.0,-151.0,395.0,-461.0
-125.0,1498.0,-447.0,209.0,33.0,390.0,344.0,-86.0,338.0,-572.0
-125.0,734.0,-405.0,231.0,5.0,372.0,357.0,64.0,264.0,-681.0
-118.0,271.0,-388.0,307.0,-41.0,335.0,241.0,48.0,202.0,-782.0
-101.0,7.0,-332.0,289.0,-109.0,246.0,72.0,42.0,132.0,-868.0
-99.0,-132.0,-293.0,316.0,75.0,375.0,-31.0,-99.0,48.0,-912.0
-90.0,-775.0,-268.0,468.0,224.0,268.0,-134.0,-205.0,-22.0,-939.0
-90.0,-1695.0,-219.0,513.0,136.0,114.0,-280.0,-55.0,-79.0,-947.0
-134.0,-2113.0,-222.0,397.0,144.0,-29.0,-413.0,-3.0,-146.0,-957.0
-110.0,-1482.0,-167.0,251.0,106.0,-206.0,-436.0,59.0,-216.0,-927.0
-86.0,-418.0,-129.0,83.0,-43.0,-125.0,-432.0,-51.0,-224.0,-855.0
-65.0,240.0,-101.0,-103.0,-242.0,-20.0,-413.0,-36.0,-179.0,-782.0
-65.0,-16.0,-81.0,-190.0,-349.0,162.0,-384.0,-3.0,-108.0,-684.0
-51.0,-834.0,-38.0,-207.0,-300.0,477.0,-350.0,-79.0,-40.0,-587.0
-32.0,-783.0,2.0,-273.0,-175.0,674.0,-359.0,7.0,33.0,-497.0
-31.0,-297.0,-4.0,-258.0,-110.0,665.0,-392.0,57.0,90.0,-422.0
-22.0,308.0,62.0,-164.0,41.0,509.0,-425.0,181.0,159.0,-362.0
-13.0,1072.0,56.0,-183.0,234.0,233.0,-468.0,72.0,202.0,-297.0
51.0,1155.0,69.0,-184.0,171.0,-18.0,-361.0,-131.0,174.0,-202.0
78.0,875.0,120.0,-110.0,106.0,-62.0,-171.0,-166.0,157.0,-81.0
133.0,1049.0,85.0,-166.0,-10.0,33.0,40.0,-171.0,117.0,52.0
160.0,1569.0,106.0,-246.0,-105.0,144.0,204.0,-120.0,65.0,188.0
189.0,1517.0,108.0,-222.0,-40.0,284.0,341.0,-223.0,12.0,303.0
214.0,961.0,81.0,-174.0,-45.0,540.0,457.0,-116.0,-23.0,420.0
195.0,51.0,54.0,-166.0,18.0,412.0,533.0,55.0,-57.0,481.0
221.0,-1057.0,30.0,-99.0,-4.0,199.0,582.0,99.0,-100.0,494.0
230.0,-1562.0,50.0,-11.0,-77.0,406.0,435.0,112.0,-117.0,463.0
283.0,-1547.0,45.0,-4.0,66.0,362.0,349.0,7.0,-160.0,389.0
269.0,-1399.0,34.0,76.0,-4.0,166.0,338.0,133.0,-177.0,335.0
264.0,-1292.0,16.0,96.0,-110.0,363.0,232.0,97.0,-194.0,267.0
266.0,-707.0,-9.0,-10.0,3.0,767.0,49.0,55.0,-192.0,214.0
227.0,61.0,-13.0,4.0,-119.0,703.0,-160.0,121.0,-161.0,149.0
201.0,620.0,0.0,51.0,-282.0,619.0,-226.0,72.0,-141.0,70.0
148.0,1098.0,6.0,49.0,-91.0,797.0,-224.0,90.0,-96.0,12.0
136.0,832.0,-31.0,111.0,88.0,674.0,-275.0,-216.0,-62.0,-48.0
96.0,157.0,0.0,102.0,48.0,483.0,-374.0,-441.0,-26.0,-105.0
64.0,-436.0,29.0,49.0,89.0,160.0,-310.0,-450.0,-30.0,-157.0
35.0,-321.0,26.0,39.0,77.0,68.0,-102.0,-345.0,-24.0,-171.0
8.0,236.0,58.0,0.0,119.0,143.0,46.0,-147.0,2.0,-164.0
-8.0,612.0,65.0,-41.0,304.0,-213.0,110.0,-144.0,1.0,-142.0
-34.0,979.0,135.0,-155.0,322.0,-130.0,176.0,3.0,31.0,-99.0
-70.0,952.0,115.0,-300.0,219.0,450.0,361.0,20.0,43.0,-20.0
-123.0,776.0,49.0,-349.0,103.0,740.0,518.0,16.0,29.0,33.0
-139.0,467.0,73.0,-277.0,102.0,671.0,518.0,31.0,31.0,41.0
-150.0,387.0,37.0,-175.0,71.0,588.0,409.0,-42.0,54.0,59.0
-159.0,644.0,-8.0,-121.0,31.0,849.0,280.0,7.0,59.0,76.0
-174.0,772.0,-17.0,-96.0,47.0,810.0,207.0,-129.0,55.0,107.0
-155.0,675.0,-42.0,-80.0,44.0,430.0,184.0,-230.0,63.0,155.0
-143.0,-42.0,-71.0,-63.0,155.0,233.0,45.0,-240.0,67.0,215.0
-132.0,-709.0,-45.0,-75.0,148.0,351.0,-141.0,-73.0,79.0,251.0
-126.0,-736.0,-65.0,-77.0,33.0,419.0,-215.0,175.0,92.0,274.0
-138.0,-706.0,-112.0,-155.0,167.0,-33.0,-170.0,205.0,91.0,314.0
-135.0,-896.0,-80.0,-363.0,262.0,0.0,-60.0,293.0,100.0,330.0
-140.0,-1013.0,-98.0,-517.0,32.0,238.0,-1.0,301.0,125.0,306.0
-134.0,-1167.0,-91.0,-483.0,-74.0,47.0,63.0,273.0,141.0,280.0
-162.0,-994.0,-87.0,-315.0,-66.0,83.0,140.0,114.0,162.0,267.0
-165.0,-134.0,-112.0,-126.0,-133.0,242.0,129.0,-27.0,175.0,234.0
-162.0,681.0,-104.0,62.0,-114.0,320.0,18.0,120.0,173.0,186.0
-140.0,1014.0,-122.0,244.0,-275.0,293.0,-48.0,160.0,184.0,135.0
-105.0,633.0,-100.0,381.0,-203.0,256.0,1.0,206.0,225.0,80.0
-109.0,-22.0,-98.0,455.0,17.0,27.0,76.0,197.0,279.0,40.0
-104.0,-209.0,-121.0,521.0,-144.0,-42.0,19.0,205.0,322.0,11.0
-118.0,259.0,-92.0,554.0,-4.0,150.0,-186.0,225.0,368.0,-33.0
-124.0,811.0,-80.0,544.0,94.0,33.0,-342.0,22.0,363.0,-75.0
-140.0,765.0,-113.0,529.0,-49.0,187.0,-310.0,-101.0,326.0,-113.0
-131.0,441.0,-119.0,470.0,8.0,345.0,-141.0,-230.0,287.0,-138.0
-104.0,43.0,-123.0,394.0,-36.0,287.0,-32.0,-164.0,232.0,-141.0
-79.0,-294.0,-151.0,330.0,-7.0,317.0,67.0,-94.0,200.0,-136.0
-35.0,-612.0,-132.0,232.0,27.0,30.0,169.0,-234.0,146.0,-145.0
8.0,-872.0,-113.0,94.0,-99.0,-5.0,278.0,-256.0,77.0,-130.0
44.0,-1087.0,-102.0,-38.0,-122.0,194.0,350.0,-308.0,42.0,-51.0
46.0,-1545.0,-45.0,-79.0,-80.0,8.0,322.0,-232.0,20.0,-3.0
62.0,-1497.0,7.0,-86.0,-10.0,-200.0,306.0,-275.0,-19.0,25.0
92.0,-1106.0,28.0,-176.0,95.0,-49.0,247.0,-249.0,-41.0,54.0
94.0,-1110.0,58.0,-269.0,-49.0,164.0,166.0,1.0,-51.0,68.0
79.0,-1315.0,75.0,-214.0,-122.0,73.0,57.0,73.0,-117.0,75.0
89.0,-1206.0,65.0,-66.0,82.0,91.0,91.0,40.0,-203.0,61.0
114.0,-422.0,74.0,42.0,-82.0,229.0,311.0,-125.0,-282.0,63.0
143.0,570.0,88.0,110.0,-229.0,340.0,457.0,-62.0,-358.0,45.0
156.0,1529.0,104.0,86.0,-129.0,558.0,471.0,24.0,-405.0,2.0
159.0,1791.0,113.0,105.0,-139.0,488.0,391.0,16.0,-428.0,-43.0
151.0,1260.0,111.0,195.0,-89.0,350.0,346.0,101.0,-434.0,-78.0
119.0,895.0,134.0,247.0,-101.0,235.0,336.0,84.0,-416.0,-90.0
88.0,781.0,142.0,270.0,31.0,-165.0,284.0,190.0,-406.0,-112.0
37.0,751.0,135.0,244.0,263.0,-304.0,97.0,153.0,-414.0,-130.0
0.0,808.0,146.0,201.0,172.0,-227.0,-131.0,73.0,-443.0,-130.0
-10.0,899.0,170.0,116.0,134.0,-463.0,-214.0,68.0,-487.0,-113.0
12.0,517.0,168.0,5.0,46.0,-570.0,-167.0,64.0,-467.0,-63.0
22.0,-127.0,160.0,-108.0,-36.0,-221.0,-124.0,160.0,-417.0,-3.0
21.0,-653.0,165.0,-209.0,159.0,220.0,-156.0,107.0,-331.0,52.0
11.0,-979.0,146.0,-270.0,123.0,493.0,-164.0,271.0,-218.0,102.0
-27.0,-993.0,181.0,-252.0,24.0,674.0,-126.0,395.0,-154.0,147.0
-67.0,-880.0,218.0,-182.0,41.0,811.0,-75.0,315.0,-68.0,212.0
-95.0,-551.0,248.0,-78.0,108.0,677.0,-43.0,219.0,0.0,265.0
-110.0,-139.0,291.0,81.0,203.0,436.0,-24.0,40.0,24.0,298.0
-132.0,468.0,264.0,102.0,93.0,191.0,-29.0,153.0,60.0,360.0
-95.0,992.0,253.0,23.0,-94.0,-7.0,-34.0,136.0,96.0,428.0
-56.0,1204.0,191.0,-9.0,4.0,-48.0,-68.0,22.0,142.0,480.0
-43.0,1188.0,127.0,41.0,49.0,-227.0,-201.0,-133.0,191.0,534.0
-61.0,1015.0,98.0,155.0,-272.0,-223.0,-234.0,-267.0,222.0,583.0
-76.0,1012.0,0.0,226.0,-232.0,-231.0,-160.0,-188.0,264.0,639.0
-79.0,838.0,-20.0,238.0,-11.0,-256.0,-137.0,-332.0,286.0,698.0
-81.0,573.0,-34.0,177.0,-11.0,20.0,-185.0,-182.0,305.0,720.0
-58.0,342.0,-75.0,114.0,-44.0,201.0,-200.0,96.0,320.0,716.0
-54.0,40.0,-99.0,124.0,-41.0,388.0,-91.0,275.0,296.0,671.0
-16.0,-425.0,-143.0,181.0,-60.0,479.0,35.0,315.0,290.0,568.0
1.0,-1030.0,-176.0,196.0,-123.0,482.0,95.0,53.0,280.0,449.0
19.0,-1270.0,-214.0,178.0,-175.0,348.0,51.0,-18.0,269.0,317.0
15.0,-1221.0,-200.0,107.0,-189.0,275.0,-84.0,-162.0,241.0,146.0
19.0,-891.0,-191.0,46.0,20.0,327.0,-180.0,-230.0,193.0,-30.0
27.0,-590.0,-211.0,146.0,80.0,195.0,-223.0,-203.0,173.0,-149.0
8.0,-523.0,-204.0,231.0,125.0,304.0,-299.0,-84.0,147.0,-225.0
8.0,-236.0,-232.0,252.0,110.0,401.0,-312.0,138.0,133.0,-275.0
0.0,-8.0,-239.0,235.0,25.0,318.0,-258.0,162.0,112.0,-286.0
-2.0,202.0,-263.0,228.0,194.0,239.0,-164.0,249.0,97.0,-240.0
-57.0,410.0,-287.0,259.0,150.0,104.0,-88.0,142.0,67.0,-180.0
-85.0,401.0,-273.0,207.0,81.0,50.0,-74.0,142.0,1.0,-143.0
-108.0,139.0,-314.0,80.0,120.0,121.0,-23.0,160.0,-40.0,-122.0
-98.0,-211.0,-299.0,-5.0,201.0,247.0,17.0,-14.0,-52.0,-157.0
-68.0,-505.0,-302.0,0.0,168.0,296.0,56.0,96.0,-59.0,-229.0
-39.0,-881.0,-363.0,-19.0,14.0,431.0,15.0,199.0,-66.0,-318.0
5.0,-866.0,-385.0,5.0,24.0,632.0,-87.0,288.0,-38.0,-426.0
21.0,-502.0,-412.0,77.0,95.0,640.0,-89.0,136.0,-1.0,-553.0
68.0,5.0,-365.0,123.0,-3.0,531.0,-9.0,-88.0,54.0,-690.0
83.0,478.0,-344.0,103.0,-218.0,441.0,41.0,-79.0,124.0,-832.0
120.0,762.0,-353.0,19.0,-107.0,363.0,15.0,-75.0,180.0,-954.0
137.0,663.0,-321.0,-94.0,37.0,256.0,5.0,-9.0,235.0,-1038.0
137.0,299.0,-316.0,-296.0,-72.0,340.0,22.0,-116.0,272.0,-1115.0
135.0,339.0,-314.0,-485.0,-76.0,374.0,7.0,-62.0,296.0,-1152.0
108.0,402.0,-329.0,-575.0,18.0,211.0,-119.0,88.0,306.0,-1140.0
111.0,338.0,-353.0,-498.0,41.0,356.0,-297.0,-57.0,347.0,-1109.0
112.0,130.0,-393.0,-323.0,52.0,500.0,-455.0,-203.0,371.0,-1063.0
134.0,205.0,-371.0,-171.0,52.0,460.0,-572.0,-306.0,358.0,-1000.0
157.0,616.0,-365.0,-71.0,12.0,279.0,-617.0,-79.0,345.0,-933.0
182.0,550.0,-416.0,-6.0,61.0,42.0,-581.0,121.0,338.0,-851.0
196.0,288.0,-364.0,27.0,156.0,106.0,-400.0,162.0,398.0,-733.0
230.0,-200.0,-368.0,-2.0,-9.0,-8.0,-208.0,341.0,414.0,-625.0
248.0,-867.0,-415.0,-70.0,-166.0,-67.0,-124.0,384.0,406.0,-548.0
240.0,-1007.0,-403.0,-145.0,-9.0,116.0,-110.0,382.0,395.0,-483.0
213.0,-536.0,-440.0,-105.0,13.0,29.0,-76.0,216.0,348.0,-411.0
163.0,-7.0,-442.0,-17.0,-163.0,-164.0,13.0,181.0,308.0,-377.0
107.0,389.0,-392.0,41.0,-53.0,-283.0,81.0,249.0,227.0,-379.0
49.0,653.0,-349.0,66.0,146.0,-125.0,36.0,225.0,143.0,-368.0
25.0,529.0,-294.0,39.0,102.0,172.0,-85.0,219.0,25.0,-356.0
5.0,308.0,-232.0,-27.0,211.0,530.0,-130.0,79.0,-99.0,-349.0
-11.0,109.0,-175.0,-125.0,163.0,661.0,-81.0,186.0,-164.0,-332.0
-26.0,-279.0,-168.0,-143.0,54.0,417.0,-43.0,195.0,-194.0,-277.0
-17.0,-680.0,-117.0,-151.0,215.0,447.0,-150.0,107.0,-214.0,-204.0
-33.0,-916.0,-115.0,-185.0,50.0,352.0,-332.0,149.0,-230.0,-136.0
-57.0,-889.0,-116.0,-181.0,-92.0,9.0,-428.0,149.0,-237.0,-73.0
-97.0,-636.0,-52.0,-144.0,77.0,6.0,-388.0,275.0,-250.0,8.0
-122.0,-327.0,-82.0,-109.0,107.0,74.0,-273.0,199.0,-270.0,100.0
-106.0,-136.0,-28.0,-119.0,-42.0,-36.0,-152.0,234.0,-297.0,162.0
-90.0,47.0,-49.0,-136.0,-8.0,-111.0,-14.0,336.0,-282.0,232.0
-45.0,198.0,-97.0,-163.0,-69.0,-9.0,69.0,327.0,-274.0,282.0
-9.0,287.0,-71.0,-197.0,-161.0,156.0,28.0,314.0,-262.0,272.0
43.0,637.0,-100.0,-204.0,-52.0,296.0,-122.0,107.0,-213.0,220.0
69.0,764.0,-45.0,-174.0,-222.0,272.0,-291.0,177.0,-174.0,186.0
116.0,588.0,-67.0,-141.0,-227.0,391.0,-382.0,352.0,-143.0,153.0
143.0,423.0,-42.0,-45.0,-26.0,759.0,-381.0,338.0,-108.0,108.0
154.0,315.0,22.0,69.0,-31.0,687.0,-392.0,164.0,-86.0,103.0
190.0,392.0,30.0,46.0,-25.0,303.0,-430.0,59.0,-87.0,137.0
192.0,322.0,56.0,-16.0,1.0,175.0,-365.0,208.0,-72.0,193.0
209.0,186.0,56.0,-81.0,7.0,216.0,-125.0,77.0,-62.0,232.0
182.0,85.0,68.0,-200.0,78.0,106.0,176.0,-68.0,-20.0,292.0
169.0,67.0,107.0,-325.0,149.0,-194.0,358.0,-9.0,64.0,349.0
134.0,88.0,187.0,-359.0,28.0,-313.0,444.0,194.0,119.0,376.0
136.0,129.0,155.0,-306.0,-23.0,-56.0,495.0,363.0,183.0,395.0
138.0,314.0,168.0,-287.0,97.0,84.0,530.0,251.0,242.0,385.0
116.0,420.0,211.0,-283.0,-117.0,32.0,516.0,299.0,269.0,362.0
144.0,431.0,188.0,-315.0,-178.0,258.0,444.0,336.0,285.0,304.0
140.0,93.0,232.0,-352.0,107.0,483.0,372.0,393.0,260.0,248.0
174.0,-242.0,247.0,-234.0,-53.0,279.0,388.0,312.0,225.0,226.0
184.0,-307.0,256.0,-83.0,-80.0,-89.0,524.0,29.0,190.0,193.0
200.0,-479.0,286.0,-44.0,15.0,-355.0,595.0,-9.0,159.0,146.0
188.0,-614.0,293.0,-78.0,-48.0,-692.0,584.0,-96.0,180.0,116.0
178.0,-615.0,293.0,-168.0,105.0,-1056.0,554.0,-77.0,207.0,109.0
172.0,-428.0,339.0,-224.0,43.0,-1075.0,487.0,-158.0,249.0,114.0
114.0,-357.0,322.0,-203.0,-48.0,-936.0,323.0,-177.0,312.0,134.0
85.0,-436.0,320.0,-185.0,63.0,-832.0,-5.0,35.0,339.0,168.0
55.0,-490.0,328.0,-283.0,90.0,-640.0,-342.0,-36.0,335.0,193.0
50.0,-380.0,308.0,-491.0,62.0,-557.0,-513.0,-3.0,314.0,202.0
21.0,-117.0,370.0,-664.0,35.0,-327.0,-515.0,129.0,307.0,222.0
-10.0,-153.0,329.0,-637.0,22.0,-48.0,-497.0,341.0,300.0,218.0
-26.0,-146.0,309.0,-525.0,97.0,-189.0,-454.0,408.0,261.0,174.0
-42.0,-155.0,326.0,-460.0,99.0,-518.0,-300.0,288.0,242.0,101.0
-76.0,-248.0,299.0,-363.0,-64.0,-420.0,-58.0,256.0,239.0,22.0
-115.0,-267.0,325.0,-221.0,-158.0,-79.0,122.0,70.0,202.0,-57.0
-162.0,-236.0,352.0,-54.0,-89.0,-306.0,100.0,20.0,154.0,-160.0
-190.0,-110.0,357.0,104.0,9.0,-519.0,34.0,-57.0,116.0,-189.0
-209.0,-165.0,366.0,249.0,2.0,-530.0,65.0,-16.0,93.0,-134.0
-246.0,16.0,409.0,328.0,-95.0,-413.0,154.0,205.0,88.0,-56.0
-246.0,604.0,398.0,335.0,-32.0,-158.0,244.0,184.0,86.0,26.0
-296.0,1175.0,352.0,316.0,100.0,-296.0,367.0,79.0,84.0,111.0
-310.0,1506.0,358.0,313.0,-40.0,-229.0,509.0,-99.0,71.0,201.0
-315.0,1536.0,305.0,289.0,-12.0,65.0,655.0,-68.0,58.0,239.0
-291.0,1114.0,261.0,233.0,51.0,85.0,767.0,-127.0,71.0,212.0
-248.0,637.0,287.0,192.0,-47.0,-32.0,758.0,-234.0,79.0,136.0
-237.0,196.0,249.0,135.0,55.0,-275.0,688.0,-77.0,53.0,13.0
-198.0,-369.0,250.0,80.0,-51.0,-547.0,529.0,83.0,25.0,-157.0
-202.0,-547.0,302.0,12.0,-25.0,-563.0,247.0,249.0,5.0,-335.0
-205.0,-610.0,273.0,-24.0,186.0,-340.0,-170.0,123.0,6.0,-478.0
-251.0,-493.0,268.0,-52.0,-70.0,-193.0,-568.0,131.0,20.0,-606.0
-245.0,-184.0,275.0,-72.0,-124.0,-141.0,-711.0,77.0,28.0,-693.0
-232.0,172.0,194.0,-62.0,137.0,-81.0,-607.0,-88.0,55.0,-710.0
-219.0,508.0,163.0,-67.0,-1.0,-27.0,-425.0,-59.0,63.0,-677.0
-162.0,495.0,156.0,-88.0,-81.0,44.0,-282.0,-291.0,66.0,-639.0
-121.0,496.0,73.0,-137.0,34.0,-10.0,-121.0,-253.0,89.0,-574.0
-33.0,359.0,27.0,-223.0,-115.0,-371.0,50.0,-177.0,122.0,-479.0
21.0,368.0,35.0,-309.0,-99.0,-714.0,250.0,-173.0,160.0,-385.0
86.0,346.0,-1.0,-290.0,-94.0,-690.0,378.0,-110.0,203.0,-276.0
110.0,-201.0,-25.0,-253.0,-301.0,-759.0,400.0,24.0,216.0,-168.0
136.0,-690.0,-8.0,-220.0,-119.0,-829.0,455.0,452.0,175.0,-49.0
176.0,-1079.0,-33.0,-193.0,122.0,-580.0,497.0,465.0,130.0,42.0
214.0,-1161.0,-26.0,-191.0,68.0,-558.0,453.0,328.0,81.0,120.0
262.0,-1124.0,-16.0,-148.0,21.0,-512.0,350.0,173.0,50.0,202.0
265.0,-784.0,-31.0,-83.0,112.0,-325.0,283.0,116.0,38.0,246.0
274.0,-254.0,-12.0,24.0,185.0,-214.0,204.0,201.0,57.0,284.0
248.0,-141.0,9.0,110.0,146.0,-111.0,115.0,83.0,105.0,302.0
238.0,-38.0,9.0,100.0,-44.0,-75.0,32.0,149.0,157.0,321.0
201.0,5.0,-2.0,34.0,-207.0,19.0,-14.0,83.0,188.0,370.0
176.0,208.0,5.0,8.0,7.0,-139.0,62.0,7.0,164.0,441.0
164.0,409.0,5.0,3.0,95.0,-461.0,163.0,18.0,108.0,530.0
169.0,519.0,-19.0,48.0,-157.0,-731.0,186.0,-20.0,11.0,621.0
210.0,584.0,-46.0,101.0,-100.0,-782.0,73.0,203.0,-85.0,670.0
228.0,770.0,-41.0,109.0,185.0,-535.0,-69.0,362.0,-141.0,640.0
261.0,1292.0,-77.0,155.0,111.0,-619.0,-154.0,417.0,-191.0,561.0
245.0,1469.0,-107.0,224.0,19.0,-696.0,-246.0,269.0,-224.0,438.0
223.0,1324.0,-126.0,310.0,187.0,-678.0,-327.0,199.0,-242.0,261.0
203.0,730.0,-151.0,314.0,149.0,-590.0,-411.0,375.0,-259.0,64.0
203.0,-7.0,-78.0,350.0,217.0,-102.0,-482.0,397.0,-270.0,-108.0
192.0,-495.0,-102.0,470.0,239.0,85.0,-536.0,404.0,-277.0,-266.0
181.0,-633.0,-81.0,581.0,-93.0,90.0,-626.0,243.0,-308.0,-388.0
200.0,-279.0,-10.0,606.0,0.0,175.0,-710.0,216.0,-355.0,-444.0
220.0,161.0,-10.0,478.0,122.0,107.0,-728.0,199.0,-413.0,-482.0
226.0,395.0,72.0,314.0,-204.0,-195.0,-616.0,48.0,-474.0,-493.0
217.0,235.0,65.0,236.0,-324.0,-498.0,-440.0,83.0,-505.0,-468.0
262.0,239.0,74.0,192.0,-232.0,-457.0,-369.0,-86.0,-515.0,-412.0
257.0,246.0,122.0,85.0,-164.0,-710.0,-336.0,-42.0,-519.0,-329.0
257.0,-39.0,156.0,-52.0,-94.0,-862.0,-268.0,64.0,-495.0,-231.0
229.0,-323.0,162.0,-217.0,-41.0,-584.0,-233.0,59.0,-480.0,-88.0
222.0,-765.0,145.0,-322.0,17.0,-479.0,-334.0,166.0,-474.0,78.0
238.0,-1069.0,155.0,-409.0,121.0,-252.0,-500.0,171.0,-496.0,245.0
197.0,-1022.0,103.0,-418.0,112.0,-137.0,-550.0,245.0,-538.0,377.0
167.0,-709.0,133.0,-326.0,-21.0,-125.0,-462.0,155.0,-525.0,491.0
116.0,-391.0,108.0,-297.0,-94.0,-97.0,-276.0,162.0,-523.0,598.0
119.0,-149.0,92.0,-294.0,-25.0,-324.0,-115.0,166.0,-492.0,678.0
59.0,-43.0,78.0,-274.0,48.0,-657.0,12.0,62.0,-443.0,733.0
25.0,-142.0,15.0,-192.0,-137.0,-878.0,143.0,168.0,-415.0,731.0
38.0,8.0,41.0,-117.0,-201.0,-771.0,268.0,195.0,-339.0,695.0
56.0,129.0,-11.0,-67.0,-32.0,-832.0,335.0,293.0,-247.0,634.0
84.0,7.0,-45.0,-42.0,-17.0,-868.0,310.0,181.0,-149.0,584.0
59.0,78.0,-48.0,3.0,-62.0,-663.0,310.0,3.0,-80.0,538.0
94.0,193.0,-55.0,34.0,23.0,-527.0,288.0,-38.0,-9.0,469.0
98.0,230.0,-71.0,24.0,64.0,-325.0,234.0,-109.0,74.0,409.0
106.0,628.0,-56.0,49.0,112.0,-243.0,126.0,-20.0,100.0,355.0
110.0,1104.0,-38.0,61.0,130.0,-154.0,33.0,-55.0,134.0,332.0
108.0,1024.0,-32.0,91.0,-87.0,-183.0,83.0,105.0,186.0,314.0
110.0,889.0,34.0,75.0,-31.0,-348.0,170.0,317.0,232.0,284.0
82.0,514.0,9.0,52.0,58.0,-568.0,176.0,321.0,308.0,267.0
55.0,-176.0,66.0,3.0,-54.0,-820.0,42.0,269.0,443.0,240.0
37.0,-431.0,137.0,-91.0,29.0,-628.0,-72.0,53.0,607.0,198.0
56.0,-568.0,125.0,-141.0,99.0,-311.0,-63.0,125.0,747.0,162.0
63.0,-1036.0,214.0,-177.0,94.0,-203.0,-24.0,153.0,801.0,163.0
79.0,-1446.0,245.0,-167.0,165.0,-244.0,15.0,60.0,747.0,187.0
126.0,-1266.0,287.0,-114.0,32.0,-279.0,99.0,77.0,652.0,224.0
190.0,-1031.0,374.0,-53.0,-53.0,-59.0,227.0,84.0,496.0,275.0
213.0,-674.0,384.0,-91.0,137.0,-90.0,325.0,267.0,315.0,324.0
207.0,-83.0,426.0,-110.0,-37.0,-314.0,370.0,184.0,173.0,337.0
187.0,-5.0,479.0,-12.0,-124.0,-179.0,331.0,12.0,54.0,308.0
181.0,16.0,486.0,62.0,-20.0,-6.0,237.0,-136.0,-31.0,229.0
176.0,131.0,523.0,101.0,-155.0,-137.0,145.0,-110.0,-126.0,104.0
128.0,241.0,535.0,104.0,-58.0,-352.0,-9.0,225.0,-210.0,-26.0
117.0,496.0,478.0,125.0,-2.0,-224.0,-305.0,256.0,-282.0,-129.0
137.0,632.0,436.0,201.0,-108.0,-227.0,-606.0,173.0,-337.0,-170.0
175.0,793.0,365.0,226.0,-9.0,-481.0,-712.0,-81.0,-362.0,-202.0
179.0,871.0,289.0,183.0,39.0,-419.0,-689.0,-219.0,-364.0,-230.0
186.0,641.0,219.0,175.0,0.0,-148.0,-683.0,-245.0,-324.0,-248.0
209.0,361.0,156.0,186.0,76.0,-163.0,-721.0,-352.0,-291.0,-279.0
201.0,328.0,161.0,152.0,94.0,-488.0,-647.0,-144.0,-218.0,-314.0
175.0,326.0,147.0,105.0,18.0,-465.0,-435.0,-83.0,-139.0,-358.0
128.0,89.0,138.0,38.0,-82.0,-287.0,-224.0,-7.0,-61.0,-396.0
108.0,45.0,103.0,-82.0,-169.0,-281.0,-77.0,73.0,48.0,-447.0
95.0,2.0,83.0,-140.0,-100.0,-425.0,6.0,48.0,149.0,-467.0
72.0,-284.0,88.0,-121.0,-11.0,-506.0,108.0,86.0,226.0,-445.0
71.0,-356.0,19.0,-112.0,-25.0,-344.0,245.0,68.0,257.0,-389.0
79.0,-356.0,6.0,-93.0,35.0,-234.0,335.0,145.0,266.0,-312.0
59.0,-565.0,0.0,-68.0,173.0,-219.0,329.0,142.0,235.0,-212.0
18.0,-691.0,-41.0,-41.0,192.0,-288.0,372.0,206.0,192.0,-83.0
-20.0,-663.0,-50.0,8.0,49.0,-239.0,511.0,59.0,130.0,39.0
-52.0,-422.0,-10.0,70.0,-44.0,-290.0,651.0,-203.0,39.0,138.0
-94.0,112.0,-32.0,70.0,-15.0,-461.0,723.0,-153.0,-18.0,188.0
-142.0,605.0,-71.0,53.0,-10.0,-435.0,694.0,-208.0,-62.0,248.0
-157.0,1028.0,-39.0,116.0,-51.0,-298.0,627.0,-49.0,-122.0,265.0
-148.0,1192.0,-84.0,211.0,34.0,-187.0,518.0,138.0,-192.0,225.0
-112.0,966.0,-76.0,271.0,99.0,-213.0,330.0,245.0,-234.0,216.0
-89.0,437.0,-58.0,306.0,93.0,8.0,82.0,406.0,-285.0,258.0
-71.0,-7.0,-86.0,313.0,136.0,290.0,-61.0,280.0,-329.0,315.0
-17.0,-287.0,-28.0,290.0,-73.0,155.0,-83.0,177.0,-335.0,396.0
25.0,-456.0,-28.0,252.0,-123.0,-155.0,-130.0,44.0,-328.0,577.0
47.0,-184.0,-28.0,262.0,74.0,-292.0,-197.0,31.0,-316.0,755.0
22.0,-143.0,17.0,294.0,21.0,-254.0,-210.0,94.0,-328.0,875.0
-15.0,-190.0,46.0,240.0,-90.0,-219.0,-146.0,101.0,-313.0,987.0
-19.0,-267.0,49.0,170.0,-81.0,-177.0,-83.0,177.0,-256.0,1062.0
-17.0,-495.0,17.0,71.0,28.0,-419.0,-84.0,107.0,-150.0,1008.0
-2.0,-479.0,29.0,-20.0,36.0,-593.0,-44.0,116.0,-62.0,862.0
22.0,-529.0,-40.0,-29.0,-40.0,-305.0,91.0,-1.0,-40.0,780.0
71.0,-339.0,-50.0,-7.0,-87.0,-187.0,217.0,1.0,-4.0,748.0
123.0,70.0,-46.0,23.0,2.0,-73.0,331.0,173.0,23.0,704.0
127.0,357.0,-146.0,-20.0,98.0,-41.0,436.0,182.0,39.0,693.0
82.0,547.0,-131.0,-117.0,-60.0,-328.0,557.0,267.0,47.0,772.0
27.0,785.0,-185.0,-237.0,-30.0,-238.0,643.0,144.0,61.0,812.0
-37.0,817.0,-241.0,-319.0,112.0,-81.0,623.0,92.0,107.0,773.0
-92.0,689.0,-237.0,-288.0,17.0,-139.0,517.0,94.0,161.0,758.0
-127.0,720.0,-311.0,-212.0,16.0,-260.0,447.0,190.0,214.0,744.0
-158.0,722.0,-346.0,-119.0,57.0,-283.0,465.0,406.0,265.0,669.0
-153.0,712.0,-361.0,-33.0,25.0,-108.0,400.0,347.0,284.0,553.0
-137.0,440.0,-408.0,11.0,61.0,-198.0,257.0,328.0,262.0,492.0
-103.0,135.0,-436.0,22.0,-63.0,-154.0,51.0,151.0,241.0,404.0
-103.0,-220.0,-458.0,48.0,-201.0,-79.0,-117.0,59.0,218.0,231.0
-103.0,-469.0,-428.0,146.0,-138.0,-73.0,-134.0,44.0,203.0,132.0
-97.0,-433.0,-394.0,228.0,-103.0,34.0,-96.0,-42.0,225.0,103.0
-108.0,-482.0,-408.0,209.0,-163.0,-3.0,-92.0,72.0,270.0,11.0
-79.0,-284.0,-355.0,169.0,-213.0,271.0,-131.0,29.0,329.0,-106.0
-51.0,-57.0,-320.0,126.0,-136.0,484.0,-144.0,114.0,389.0,-169.0
-1.0,127.0,-310.0,36.0,-14.0,277.0,-207.0,131.0,410.0,-243.0
35.0,46.0,-291.0,20.0,-9.0,-75.0,-344.0,36.0,394.0,-374.0
79.0,-253.0,-251.0,11.0,-68.0,-49.0,-501.0,147.0,371.0,-509.0
115.0,-414.0,-254.0,-72.0,-31.0,178.0,-587.0,221.0,357.0,-631.0
124.0,-686.0,-266.0,-103.0,-11.0,114.0,-596.0,424.0,351.0,-756.0
113.0,-869.0,-195.0,-119.0,-47.0,99.0,-578.0,450.0,318.0,-837.0
83.0,-768.0,-227.0,-164.0,-38.0,-27.0,-511.0,437.0,274.0,-854.0
75.0,-460.0,-209.0,-200.0,45.0,179.0,-428.0,362.0,241.0,-836.0
78.0,-268.0,-199.0,-133.0,213.0,630.0,-280.0,38.0,204.0,-777.0
81.0,105.0,-297.0,-16.0,157.0,642.0,-140.0,-64.0,197.0,-713.0
79.0,566.0,-314.0,51.0,16.0,615.0,-77.0,-169.0,235.0,-634.0
81.0,544.0,-374.0,78.0,27.0,488.0,-53.0,-79.0,278.0,-515.0
81.0,158.0,-412.0,40.0,-47.0,148.0,-2.0,92.0,313.0,-426.0
93.0,-314.0,-389.0,-13.0,-127.0,-52.0,162.0,201.0,320.0,-359.0
91.0,-491.0,-388.0,-31.0,-170.0,140.0,352.0,280.0,291.0,-258.0
106.0,-573.0,-360.0,-13.0,-179.0,258.0,475.0,94.0,295.0,-172.0
104.0,-601.0,-316.0,12.0,-4.0,-4.0,581.0,97.0,292.0,-161.0
78.0,-505.0,-304.0,78.0,72.0,118.0,713.0,46.0,297.0,-149.0
54.0,-417.0,-277.0,148.0,58.0,409.0,839.0,-29.0,337.0,-86.0
14.0,-307.0,-195.0,183.0,122.0,627.0,965.0,-77.0,372.0,-84.0
0.0,-129.0,-197.0,184.0,136.0,743.0,992.0,-214.0,384.0,-135.0
-15.0,60.0,-125.0,220.0,130.0,515.0,908.0,-229.0,371.0,-144.0
-22.0,-24.0,-28.0,325.0,-2.0,609.0,838.0,-338.0,349.0,-166.0
-17.0,-149.0,-29.0,390.0,-92.0,690.0,708.0,-297.0,275.0,-220.0
-7.0,-300.0,37.0,435.0,-13.0,527.0,468.0,-312.0,155.0,-236.0
-3.0,-395.0,46.0,438.0,18.0,320.0,234.0,-312.0,-6.0,-176.0
0.0,-135.0,70.0,425.0,-16.0,133.0,98.0,-227.0,-155.0,-67.0
1.0,206.0,127.0,445.0,-49.0,246.0,-13.0,-319.0,-250.0,44.0
18.0,462.0,84.0,439.0,-19.0,107.0,-180.0,-216.0,-319.0,197.0
-17.0,533.0,52.0,452.0,-40.0,146.0,-375.0,-227.0,-359.0,398.0
-83.0,767.0,105.0,422.0,-92.0,462.0,-468.0,-384.0,-373.0,516.0
-130.0,1100.0,97.0,317.0,-100.0,542.0,-426.0,-454.0,-363.0,547.0
-170.0,1091.0,90.0,198.0,-122.0,550.0,-336.0,-373.0,-361.0,556.0
-181.0,857.0,129.0,58.0,-2.0,400.0,-217.0,-142.0,-354.0,486.0
-213.0,467.0,80.0,-31.0,72.0,671.0,-82.0,-18.0,-356.0,349.0
-199.0,11.0,110.0,-59.0,-2.0,736.0,155.0,110.0,-351.0,200.0
-179.0,-359.0,82.0,-46.0,20.0,267.0,448.0,51.0,-340.0,77.0
-150.0,-387.0,31.0,65.0,120.0,143.0,645.0,-24.0,-332.0,-2.0
-143.0,-328.0,41.0,213.0,152.0,146.0,780.0,-40.0,-319.0,-7.0
-147.0,-279.0,-27.0,283.0,42.0,256.0,910.0,-216.0,-292.0,33.0
-102.0,-169.0,9.0,280.0,108.0,83.0,1032.0,-212.0,-224.0,93.0
-89.0,-101.0,41.0,314.0,173.0,-94.0,1024.0,-136.0,-161.0,203.0
-95.0,-18.0,19.0,266.0,84.0,-110.0,789.0,31.0,-119.0,255.0
-87.0,-36.0,53.0,105.0,33.0,-94.0,448.0,27.0,-121.0,244.0
-51.0,35.0,94.0,89.0,-5.0,303.0,197.0,-253.0,-141.0,205.0
-40.0,-4.0,114.0,179.0,24.0,450.0,36.0,-406.0,-144.0,59.0
-41.0,-37.0,128.0,253.0,12.0,594.0,-136.0,-450.0,-126.0,-143.0
-51.0,166.0,171.0,235.0,50.0,771.0,-292.0,-258.0,-115.0,-287.0
-32.0,425.0,154.0,85.0,-48.0,705.0,-380.0,-155.0,-124.0,-394.0
1.0,644.0,162.0,-34.0,-39.0,611.0,-412.0,-110.0,-85.0,-515.0
36.0,634.0,185.0,-62.0,62.0,588.0,-394.0,-186.0,-33.0,-603.0
56.0,586.0,158.0,-38.0,-55.0,720.0,-403.0,-426.0,3.0,-626.0
65.0,302.0,151.0,-13.0,3.0,632.0,-395.0,-349.0,-9.0,-631.0
81.0,-35.0,113.0,-60.0,48.0,419.0,-293.0,-345.0,-43.0,-632.0
58.0,-258.0,102.0,-93.0,108.0,299.0,-166.0,-290.0,-61.0,-575.0
11.0,-492.0,96.0,-90.0,129.0,248.0,-77.0,-290.0,-89.0,-468.0
-27.0,-372.0,60.0,-117.0,90.0,275.0,-45.0,-267.0,-106.0,-343.0
-46.0,-321.0,78.0,-126.0,131.0,235.0,25.0,-49.0,-114.0,-198.0
-83.0,-375.0,87.0,-147.0,143.0,269.0,129.0,-125.0,-100.0,-28.0
-65.0,-202.0,82.0,-241.0,180.0,630.0,183.0,-114.0,-81.0,135.0
-25.0,22.0,72.0,-321.0,158.0,708.0,196.0,-88.0,-72.0,269.0
29.0,285.0,40.0,-355.0,247.0,304.0,293.0,24.0,-74.0,408.0
42.0,393.0,21.0,-335.0,253.0,108.0,476.0,192.0,-89.0,583.0
34.0,447.0,63.0,-264.0,81.0,129.0,628.0,131.0,-115.0,707.0
32.0,436.0,71.0,-224.0,-35.0,195.0,680.0,81.0,-112.0,758.0
5.0,391.0,72.0,-173.0,-31.0,128.0,652.0,-42.0,-98.0,833.0
-3.0,383.0,94.0,-192.0,13.0,50.0,680.0,-99.0,-82.0,844.0
-31.0,213.0,17.0,-235.0,-129.0,147.0,683.0,-288.0,-44.0,755.0
8.0,62.0,-8.0,-227.0,-270.0,169.0,646.0,-415.0,-45.0,613.0
54.0,-165.0,-43.0,-232.0,-238.0,112.0,548.0,-334.0,-56.0,471.0
92.0,-318.0,-107.0,-162.0,-173.0,73.0,372.0,-306.0,-71.0,335.0
110.0,-344.0,-88.0,-69.0,-143.0,213.0,322.0,-109.0,-93.0,184.0
138.0,-322.0,-101.0,15.0,-90.0,230.0,392.0,-64.0,-76.0,93.0
172.0,-274.0,-93.0,60.0,-65.0,-31.0,497.0,9.0,-49.0,-7.0
147.0,-460.0,-58.0,85.0,11.0,137.0,532.0,112.0,-10.0,-137.0
128.0,-574.0,-54.0,121.0,87.0,459.0,574.0,-33.0,37.0,-243.0
150.0,-417.0,-35.0,112.0,56.0,294.0,679.0,-206.0,73.0,-336.0
189.0,-262.0,-13.0,101.0,61.0,20.0,690.0,-406.0,93.0,-448.0
225.0,-238.0,14.0,92.0,119.0,-27.0,582.0,-273.0,99.0,-575.0
274.0,-131.0,24.0,131.0,167.0,110.0,402.0,-103.0,101.0,-642.0
308.0,-46.0,31.0,192.0,125.0,266.0,261.0,-94.0,71.0,-660.0
371.0,89.0,60.0,252.0,38.0,431.0,163.0,-123.0,32.0,-653.0
397.0,88.0,18.0,256.0,41.0,493.0,15.0,-145.0,40.0,-607.0
438.0,-99.0,-3.0,183.0,149.0,578.0,-148.0,-62.0,39.0,-495.0
457.0,-141.0,19.0,113.0,40.0,834.0,-219.0,-240.0,19.0,-353.0
494.0,-346.0,16.0,27.0,-123.0,768.0,-222.0,-267.0,-35.0,-250.0
489.0,-497.0,0.0,-61.0,-18.0,587.0,-223.0,-288.0,-141.0,-160.0
430.0,-645.0,5.0,-176.0,25.0,335.0,-261.0,-434.0,-241.0,-90.0
420.0,-561.0,-5.0,-198.0,-73.0,11.0,-257.0,-424.0,-308.0,-78.0
353.0,-355.0,-50.0,-98.0,-102.0,80.0,-121.0,-400.0,-346.0,-80.0
312.0,-174.0,-52.0,-26.0,50.0,201.0,10.0,-105.0,-343.0,-52.0
262.0,153.0,-98.0,-33.0,135.0,254.0,134.0,60.0,-308.0,-24.0
293.0,203.0,-92.0,-70.0,94.0,-12.0,224.0,107.0,-296.0,-3.0
317.0,613.0,-91.0,-78.0,85.0,-342.0,266.0,92.0,-299.0,52.0
313.0,811.0,-57.0,-94.0,7.0,-217.0,304.0,-36.0,-302.0,155.0
293.0,672.0,-18.0,-50.0,32.0,-51.0,313.0,-38.0,-309.0,252.0
270.0,845.0,-55.0,-6.0,89.0,124.0,285.0,-260.0,-290.0,316.0
255.0,769.0,72.0,5.0,-36.0,116.0,207.0,-351.0,-259.0,363.0
204.0,497.0,93.0,51.0,-31.0,113.0,104.0,-351.0,-242.0,384.0
139.0,157.0,75.0,61.0,-1.0,191.0,-96.0,-395.0,-210.0,323.0
50.0,-48.0,131.0,58.0,-101.0,199.0,-378.0,-386.0,-156.0,188.0
51.0,-171.0,80.0,111.0,-68.0,456.0,-674.0,-456.0,-100.0,56.0
6.0,-162.0,61.0,181.0,-92.0,407.0,-861.0,-266.0,-39.0,-105.0
-6.0,119.0,73.0,207.0,3.0,175.0,-883.0,-162.0,-7.0,-273.0
-42.0,381.0,55.0,219.0,182.0,157.0,-822.0,-155.0,26.0,-338.0
-41.0,383.0,68.0,269.0,88.0,206.0,-725.0,-90.0,74.0,-369.0
-36.0,173.0,104.0,321.0,80.0,264.0,-569.0,-121.0,83.0,-404.0
-93.0,-216.0,72.0,334.0,112.0,38.0,-310.0,-101.0,55.0,-381.0
-118.0,-652.0,72.0,344.0,71.0,6.0,-51.0,-210.0,41.0,-330.0
-170.0,-747.0,22.0,321.0,-57.0,162.0,191.0,-212.0,54.0,-315.0
-149.0,-773.0,-23.0,290.0,-178.0,149.0,389.0,-190.0,13.0,-340.0
-189.0,-606.0,11.0,229.0,-147.0,-39.0,597.0,-109.0,-29.0,-361.0
-167.0,-214.0,-57.0,196.0,-133.0,-295.0,833.0,38.0,-70.0,-374.0
-187.0,272.0,-52.0,203.0,-63.0,60.0,958.0,-125.0,-135.0,-415.0
-193.0,547.0,-22.0,159.0,-19.0,325.0,897.0,-114.0,-178.0,-444.0
-182.0,437.0,-49.0,188.0,-9.0,111.0,746.0,-57.0,-216.0,-463.0
-197.0,485.0,-4.0,212.0,31.0,37.0,721.0,-81.0,-226.0,-493.0
-134.0,197.0,-42.0,235.0,74.0,69.0,707.0,-105.0,-233.0,-497.0
-149.0,55.0,-82.0,230.0,94.0,202.0,603.0,-103.0,-241.0,-489.0
-120.0,102.0,-60.0,154.0,119.0,89.0,479.0,-36.0,-233.0,-485.0
-144.0,-151.0,-81.0,104.0,190.0,-70.0,431.0,-166.0,-224.0,-471.0
-135.0,-115.0,-53.0,50.0,29.0,-93.0,509.0,-145.0,-235.0,-431.0
-146.0,-150.0,-17.0,41.0,-25.0,-118.0,641.0,-158.0,-251.0,-371.0
-151.0,-128.0,9.0,54.0,77.0,-123.0,719.0,-134.0,-220.0,-336.0
-131.0,2.0,20.0,15.0,-70.0,-246.0,729.0,-29.0,-183.0,-313.0
-109.0,192.0,24.0,-18.0,-52.0,12.0,767.0,-140.0,-150.0,-327.0
-20.0,423.0,22.0,16.0,-49.0,188.0,786.0,-286.0,-149.0,-373.0
-28.0,341.0,2.0,-12.0,-137.0,179.0,667.0,-424.0,-146.0,-398.0
18.0,249.0,54.0,-6.0,-109.0,367.0,479.0,-245.0,-132.0,-411.0
31.0,130.0,37.0,72.0,-199.0,193.0,326.0,-155.0,-121.0,-413.0
61.0,-293.0,60.0,76.0,-125.0,164.0,113.0,-254.0,-100.0,-398.0
85.0,-979.0,128.0,55.0,10.0,176.0,-182.0,-277.0,-130.0,-329.0
89.0,-1404.0,111.0,-45.0,-65.0,41.0,-468.0,-336.0,-129.0,-251.0
121.0,-1510.0,131.0,-123.0,-95.0,-183.0,-646.0,-219.0,-111.0,-195.0
122.0,-1422.0,112.0,-122.0,0.0,-359.0,-701.0,-243.0,-66.0,-104.0
158.0,-1032.0,127.0,-114.0,12.0,-19.0,-688.0,-293.0,-6.0,13.0
140.0,-571.0,185.0,-152.0,5.0,145.0,-716.0,-177.0,15.0,149.0
143.0,-229.0,143.0,-205.0,1.0,402.0,-855.0,-1.0,78.0,256.0
108.0,47.0,126.0,-194.0,-86.0,402.0,-923.0,110.0,141.0,335.0
73.0,276.0,174.0,-216.0,-129.0,156.0,-940.0,-83.0,204.0,369.0
66.0,181.0,118.0,-266.0,-95.0,477.0,-994.0,-70.0,247.0,319.0
51.0,133.0,69.0,-299.0,-26.0,547.0,-1060.0,-62.0,241.0,271.0
59.0,225.0,69.0,-294.0,-84.0,246.0,-1070.0,-177.0,200.0,202.0
63.0,265.0,-25.0,-222.0,10.0,-293.0,-949.0,-181.0,164.0,70.0
111.0,362.0,-29.0,-114.0,252.0,-392.0,-715.0,-284.0,135.0,-48.0
128.0,376.0,5.0,-34.0,150.0,52.0,-386.0,-162.0,100.0,-84.0
128.0,520.0,-91.0,36.0,37.0,270.0,-60.0,-158.0,107.0,-90.0
113.0,427.0,-96.0,107.0,207.0,406.0,291.0,-203.0,83.0,-106.0
95.0,151.0,-45.0,194.0,153.0,377.0,592.0,-208.0,45.0,-74.0
69.0,59.0,-126.0,256.0,-13.0,463.0,699.0,-336.0,0.0,-30.0
47.0,-64.0,-154.0,235.0,-46.0,554.0,609.0,-232.0,-64.0,-32.0
29.0,-101.0,-161.0,242.0,-209.0,518.0,405.0,-240.0,-149.0,-58.0
13.0,-104.0,-225.0,235.0,-84.0,714.0,243.0,-219.0,-207.0,-63.0
30.0,9.0,-205.0,217.0,-60.0,592.0,67.0,-169.0,-199.0,-46.0
17.0,11.0,-187.0,224.0,-282.0,154.0,-137.0,-68.0,-226.0,-30.0
-2.0,-179.0,-187.0,252.0,-83.0,-106.0,-403.0,62.0,-205.0,2.0
-23.0,-269.0,-205.0,320.0,-40.0,-145.0,-626.0,-66.0,-139.0,64.0
-4.0,-312.0,-257.0,381.0,-124.0,-20.0,-688.0,-44.0,-73.0,106.0
-3.0,-370.0,-266.0,373.0,42.0,-52.0,-741.0,-162.0,54.0,114.0
33.0,-302.0,-275.0,261.0,-15.0,-251.0,-805.0,-277.0,163.0,116.0
117.0,4.0,-286.0,146.0,-42.0,-327.0,-798.0,-284.0,239.0,103.0
169.0,143.0,-271.0,137.0,164.0,-116.0,-608.0,-328.0,297.0,68.0
222.0,399.0,-250.0,179.0,10.0,194.0,-343.0,-118.0,323.0,14.0
208.0,647.0,-228.0,141.0,-170.0,273.0,-127.0,-97.0,309.0,-54.0
200.0,503.0,-203.0,17.0,20.0,350.0,107.0,-177.0,282.0,-121.0
152.0,589.0,-184.0,-103.0,19.0,385.0,423.0,-188.0,263.0,-189.0
96.0,710.0,-209.0,-141.0,-134.0,352.0,788.0,-77.0,259.0,-248.0
77.0,443.0,-176.0,-164.0,-46.0,400.0,1078.0,105.0,267.0,-276.0
67.0,82.0,-133.0,-158.0,4.0,338.0,1232.0,142.0,242.0,-280.0
82.0,-40.0,-124.0,-38.0,38.0,226.0,1217.0,247.0,216.0,-277.0
52.0,-242.0,-82.0,56.0,56.0,173.0,1097.0,171.0,183.0,-223.0
33.0,-603.0,-106.0,74.0,-115.0,310.0,941.0,75.0,125.0,-122.0
2.0,-753.0,-64.0,51.0,-45.0,361.0,741.0,-171.0,42.0,-54.0
-45.0,-808.0,-17.0,14.0,116.0,254.0,454.0,-428.0,-56.0,32.0
-114.0,-835.0,-60.0,-82.0,122.0,427.0,151.0,-175.0,-112.0,138.0
-180.0,-734.0,-44.0,-152.0,53.0,611.0,-91.0,70.0,-164.0,193.0
-207.0,-603.0,28.0,-165.0,-29.0,630.0,-289.0,232.0,-185.0,222.0
-239.0,-674.0,69.0,-221.0,-3.0,654.0,-469.0,232.0,-216.0,231.0
-252.0,-454.0,65.0,-212.0,-77.0,530.0,-646.0,109.0,-299.0,258.0
-266.0,-116.0,158.0,-192.0,-164.0,313.0,-743.0,-22.0,-358.0,262.0
-297.0,-243.0,221.0,-169.0,-199.0,303.0,-780.0,-210.0,-420.0,222.0
-338.0,-193.0,185.0,-79.0,-199.0,342.0,-847.0,-197.0,-454.0,173.0
-398.0,-34.0,192.0,-8.0,-49.0,66.0,-1022.0,-142.0,-458.0,110.0
-443.0,-78.0,174.0,34.0,23.0,-298.0,-1201.0,14.0,-460.0,49.0
-457.0,-138.0,126.0,63.0,-38.0,-151.0,-1271.0,-36.0,-429.0,-25.0
-444.0,-53.0,127.0,84.0,81.0,320.0,-1271.0,-275.0,-378.0,-104.0
-396.0,245.0,163.0,58.0,270.0,521.0,-1289.0,-240.0,-330.0,-180.0
-359.0,399.0,117.0,24.0,173.0,424.0,-1296.0,-188.0,-287.0,-249.0
-336.0,473.0,68.0,49.0,75.0,164.0,-1142.0,-77.0,-248.0,-286.0
-285.0,599.0,56.0,19.0,-2.0,61.0,-938.0,-129.0,-186.0,-314.0
-224.0,536.0,5.0,-33.0,-90.0,146.0,-782.0,-81.0,-129.0,-310.0
-198.0,469.0,6.0,-62.0,55.0,70.0,-729.0,125.0,-97.0,-288.0
-170.0,487.0,3.0,-158.0,-10.0,-42.0,-670.0,149.0,-40.0,-256.0
-167.0,166.0,24.0,-256.0,-225.0,-45.0,-550.0,230.0,-8.0,-216.0
-184.0,-33.0,80.0,-304.0,-47.0,51.0,-477.0,151.0,14.0,-217.0
-186.0,135.0,70.0,-294.0,79.0,250.0,-434.0,186.0,42.0,-221.0
-203.0,230.0,58.0,-211.0,-22.0,349.0,-398.0,164.0,39.0,-252.0
-191.0,476.0,66.0,-179.0,83.0,150.0,-249.0,-14.0,54.0,-303.0
-179.0,593.0,34.0,-157.0,110.0,-35.0,23.0,-118.0,77.0,-359.0
-146.0,733.0,46.0,-111.0,64.0,-29.0,291.0,-234.0,102.0,-437.0
-103.0,776.0,90.0,-121.0,159.0,-18.0,421.0,-121.0,118.0,-505.0
-55.0,573.0,9.0,-113.0,-73.0,129.0,512.0,-218.0,81.0,-553.0
-24.0,442.0,34.0,-121.0,-72.0,118.0,634.0,-284.0,38.0,-579.0
-35.0,32.0,71.0,-162.0,220.0,-31.0,733.0,-190.0,0.0,-583.0
-51.0,-253.0,38.0,-254.0,-12.0,-39.0,765.0,-138.0,-31.0,-525.0
-78.0,-706.0,117.0,-307.0,-48.0,-242.0,662.0,-1.0,-39.0,-425.0
-78.0,-1041.0,98.0,-324.0,123.0,-462.0,482.0,-127.0,-57.0,-304.0
-106.0,-1068.0,116.0,-404.0,57.0,-335.0,194.0,-142.0,-82.0,-105.0
-124.0,-1176.0,169.0,-449.0,71.0,33.0,-179.0,-133.0,-108.0,124.0
-113.0,-856.0,119.0,-530.0,-10.0,246.0,-559.0,-260.0,-154.0,345.0
-65.0,-487.0,139.0,-579.0,-2.0,262.0,-811.0,-282.0,-204.0,555.0
-12.0,-110.0,142.0,-522.0,33.0,114.0,-958.0,-214.0,-278.0,729.0
16.0,322.0,148.0,-450.0,-68.0,-146.0,-1101.0,48.0,-369.0,838.0
53.0,746.0,162.0,-316.0,-69.0,-264.0,-1248.0,25.0,-435.0,887.0
57.0,927.0,128.0,-186.0,-18.0,-411.0,-1397.0,-48.0,-450.0,883.0
47.0,839.0,93.0,-122.0,158.0,-600.0,-1427.0,-44.0,-420.0,842.0
0.0,468.0,101.0,-108.0,166.0,-584.0,-1356.0,-20.0,-374.0,785.0
-15.0,-171.0,128.0,-104.0,-52.0,-623.0,-1155.0,201.0,-305.0,712.0
-29.0,-509.0,105.0,-27.0,-53.0,-673.0,-872.0,151.0,-205.0,631.0
-20.0,-700.0,131.0,-4.0,83.0,-246.0,-625.0,194.0,-107.0,572.0
6.0,-774.0,159.0,4.0,71.0,127.0,-440.0,280.0,-35.0,482.0
6.0,-715.0,121.0,29.0,-53.0,221.0,-363.0,280.0,48.0,343.0
16.0,-372.0,99.0,-6.0,33.0,194.0,-388.0,275.0,135.0,220.0
-7.0,-152.0,98.0,0.0,180.0,149.0,-445.0,149.0,185.0,63.0
-2.0,-15.0,118.0,-20.0,145.0,245.0,-435.0,192.0,223.0,-112.0
-11.0,425.0,140.0,-42.0,-25.0,210.0,-438.0,72.0,220.0,-261.0
-15.0,693.0,138.0,-30.0,-121.0,-58.0,-489.0,-70.0,238.0,-376.0
-34.0,912.0,130.0,3.0,-14.0,-453.0,-533.0,-105.0,294.0,-459.0
-34.0,938.0,127.0,77.0,-51.0,-515.0,-410.0,5.0,331.0,-514.0
0.0,845.0,85.0,62.0,-119.0,-598.0,-116.0,195.0,347.0,-514.0
9.0,741.0,66.0,10.0,-179.0,-525.0,197.0,94.0,315.0,-512.0
38.0,593.0,28.0,-13.0,-176.0,-181.0,419.0,59.0,318.0,-481.0
41.0,451.0,-42.0,-36.0,107.0,-224.0,423.0,-31.0,355.0,-430.0
61.0,157.0,-68.0,0.0,16.0,-217.0,382.0,-81.0,378.0,-383.0
27.0,-2.0,-148.0,70.0,-179.0,-148.0,313.0,-96.0,353.0,-300.0
-4.0,51.0,-185.0,104.0,-29.0,-200.0,149.0,-286.0,290.0,-216.0
-25.0,177.0,-141.0,56.0,-77.0,-436.0,9.0,-162.0,257.0,-133.0
-52.0,246.0,-140.0,2.0,-161.0,-625.0,-38.0,123.0,195.0,-37.0
-47.0,177.0,-171.0,-23.0,-188.0,-649.0,-21.0,280.0,148.0,93.0
-39.0,-55.0,-181.0,25.0,-108.0,-614.0,-28.0,149.0,117.0,206.0
-4.0,-400.0,-197.0,128.0,-3.0,-544.0,-108.0,86.0,69.0,293.0
-33.0,-634.0,-184.0,206.0,-69.0,-692.0,-187.0,175.0,43.0,378.0
-57.0,-755.0,-150.0,291.0,-124.0,-548.0,-200.0,81.0,57.0,418.0
-77.0,-722.0,-178.0,303.0,-129.0,-323.0,-233.0,99.0,94.0,406.0
-96.0,-533.0,-127.0,266.0,41.0,-326.0,-277.0,33.0,73.0,348.0
-100.0,-409.0,-62.0,207.0,79.0,-206.0,-351.0,40.0,66.0,299.0
-132.0,-384.0,-79.0,151.0,-42.0,-194.0,-452.0,59.0,82.0,205.0
-159.0,-290.0,-20.0,96.0,29.0,-106.0,-562.0,-151.0,104.0,76.0
-172.0,-47.0,-20.0,48.0,229.0,38.0,-724.0,-230.0,142.0,-10.0
-169.0,-25.0,-55.0,48.0,184.0,-127.0,-941.0,-301.0,173.0,-85.0
-192.0,-138.0,-44.0,72.0,52.0,-356.0,-1132.0,-162.0,249.0,-133.0
-208.0,-318.0,-68.0,82.0,137.0,-456.0,-1200.0,-109.0,302.0,-153.0
-234.0,-653.0,-41.0,48.0,45.0,-471.0,-1190.0,-173.0,316.0,-120.0
-261.0,-736.0,-57.0,17.0,15.0,-688.0,-1157.0,-11.0,340.0,-78.0
-273.0,-697.0,-75.0,-72.0,118.0,-889.0,-1130.0,72.0,344.0,-59.0
-287.0,-885.0,-37.0,-176.0,91.0,-612.0,-1013.0,112.0,360.0,-22.0
-295.0,-1124.0,-35.0,-220.0,149.0,-386.0,-753.0,64.0,384.0,0.0
-295.0,-997.0,-65.0,-245.0,219.0,-342.0,-389.0,303.0,389.0,-4.0
-273.0,-782.0,-109.0,-311.0,42.0,-265.0,-31.0,582.0,364.0,-35.0
-296.0,-456.0,-133.0,-363.0,-60.0,-406.0,230.0,509.0,319.0,-38.0
-338.0,-21.0,-168.0,-303.0,55.0,-550.0,473.0,279.0,315.0,-16.0
-368.0,269.0,-156.0,-261.0,-23.0,-746.0,679.0,-70.0,306.0,-22.0
-375.0,511.0,-161.0,-242.0,-67.0,-916.0,821.0,-35.0,244.0,-22.0
-364.0,688.0,-186.0,-147.0,-121.0,-575.0,901.0,-118.0,193.0,2.0
-351.0,1060.0,-169.0,-83.0,-255.0,-331.0,911.0,-264.0,125.0,22.0
-324.0,1156.0,-214.0,-134.0,-149.0,-450.0,804.0,-59.0,33.0,7.0
-315.0,1097.0,-243.0,-185.0,-81.0,-544.0,599.0,147.0,-59.0,22.0
-319.0,1030.0,-229.0,-236.0,-151.0,-507.0,345.0,352.0,-144.0,36.0
-338.0,711.0,-268.0,-325.0,-194.0,-382.0,113.0,195.0,-182.0,3.0
-324.0,347.0,-231.0,-366.0,-194.0,-483.0,-1.0,35.0,-218.0,-11.0
-315.0,-14.0,-176.0,-375.0,-179.0,-644.0,-33.0,112.0,-275.0,-8.0
-295.0,-110.0,-198.0,-410.0,-197.0,-750.0,-82.0,219.0,-343.0,-22.0
-252.0,-463.0,-161.0,-430.0,-137.0,-940.0,-264.0,229.0,-424.0,-59.0
-238.0,-706.0,-122.0,-476.0,-70.0,-1050.0,-413.0,-59.0,-467.0,-69.0
-205.0,-657.0,-133.0,-562.0,-119.0,-993.0,-450.0,-219.0,-476.0,-57.0
-199.0,-755.0,-90.0,-602.0,-159.0,-689.0,-469.0,-371.0,-443.0,-79.0
-159.0,-674.0,18.0,-599.0,-132.0,-441.0,-509.0,-450.0,-398.0,-101.0
-121.0,-545.0,33.0,-507.0,-30.0,-471.0,-550.0,-351.0,-365.0,-79.0
-85.0,-202.0,74.0,-415.0,-15.0,-334.0,-486.0,-188.0,-303.0,-36.0
-51.0,113.0,136.0,-364.0,13.0,-243.0,-359.0,216.0,-260.0,20.0
-56.0,349.0,116.0,-295.0,18.0,-257.0,-238.0,279.0,-256.0,101.0
-27.0,552.0,171.0,-279.0,-80.0,-173.0,-243.0,103.0,-262.0,190.0
-44.0,491.0,190.0,-283.0,7.0,-300.0,-279.0,110.0,-239.0,255.0
-36.0,263.0,174.0,-299.0,-35.0,-573.0,-190.0,238.0,-165.0,266.0
-19.0,-230.0,189.0,-239.0,-39.0,-834.0,-40.0,179.0,-96.0,233.0
4.0,-741.0,220.0,-89.0,67.0,-782.0,51.0,-105.0,-66.0,165.0
30.0,-1131.0,191.0,-1.0,-73.0,-588.0,-31.0,-92.0,-56.0,18.0
45.0,-1171.0,148.0,-4.0,-105.0,-279.0,-156.0,-94.0,-59.0,-171.0
101.0,-1030.0,109.0,-78.0,-17.0,42.0,-213.0,-59.0,-44.0,-334.0
112.0,-945.0,33.0,-114.0,-41.0,73.0,-305.0,0.0,-9.0,-465.0
111.0,-637.0,-2.0,-45.0,-127.0,-5.0,-451.0,-79.0,11.0,-566.0
67.0,-138.0,-18.0,17.0,-194.0,-125.0,-541.0,59.0,16.0,-593.0
23.0,185.0,16.0,82.0,-238.0,-41.0,-543.0,86.0,29.0,-522.0
-1.0,355.0,-5.0,166.0,-137.0,-233.0,-444.0,112.0,85.0,-424.0
-1.0,670.0,-15.0,173.0,22.0,-427.0,-278.0,136.0,130.0,-300.0
-2.0,786.0,31.0,88.0,-7.0,-235.0,-39.0,188.0,150.0,-146.0
-16.0,928.0,-18.0,-16.0,-45.0,7.0,285.0,328.0,179.0,-14.0
-21.0,842.0,-8.0,-33.0,-35.0,-6.0,581.0,169.0,189.0,75.0
-90.0,849.0,46.0,-34.0,-31.0,-330.0,753.0,-25.0,163.0,127.0
-148.0,1279.0,7.0,-19.0,-31.0,-201.0,716.0,-99.0,121.0,164.0
-184.0,998.0,11.0,58.0,-161.0,98.0,615.0,48.0,75.0,168.0
-180.0,694.0,27.0,77.0,-213.0,141.0,569.0,5.0,34.0,143.0
-180.0,495.0,-16.0,38.0,-68.0,-100.0,591.0,-151.0,8.0,111.0
-164.0,202.0,15.0,-58.0,4.0,-223.0,615.0,-42.0,-4.0,81.0
-116.0,81.0,-10.0,-152.0,23.0,-127.0,541.0,-110.0,-28.0,44.0
-83.0,-45.0,-50.0,-237.0,87.0,-81.0,455.0,-49.0,-60.0,17.0
-54.0,-96.0,-50.0,-266.0,189.0,-51.0,331.0,-20.0,-77.0,29.0
-54.0,-223.0,-67.0,-214.0,160.0,-231.0,108.0,-22.0,-93.0,58.0
-55.0,-66.0,-58.0,-190.0,60.0,-323.0,-144.0,120.0,-118.0,108.0
-58.0,-87.0,-95.0,-179.0,128.0,-260.0,-235.0,44.0,-147.0,184.0
-38.0,-79.0,-120.0,-164.0,217.0,-125.0,-160.0,-60.0,-145.0,285.0
-57.0,3.0,-144.0,-141.0,232.0,-11.0,-88.0,-208.0,-125.0,404.0
-72.0,-290.0,-165.0,-107.0,227.0,11.0,-44.0,-114.0,-90.0,495.0
-90.0,-262.0,-138.0,-24.0,216.0,-31.0,-6.0,44.0,-56.0,576.0
-128.0,-178.0,-54.0,22.0,151.0,131.0,127.0,-16.0,-51.0,642.0
-167.0,-49.0,0.0,11.0,136.0,384.0,378.0,-24.0,-20.0,628.0
-228.0,183.0,51.0,7.0,88.0,543.0,579.0,-75.0,19.0,571.0
-233.0,361.0,106.0,-25.0,-7.0,651.0,654.0,36.0,69.0,475.0
-275.0,313.0,91.0,-93.0,-33.0,487.0,648.0,-9.0,121.0,332.0
-287.0,223.0,147.0,-217.0,-20.0,390.0,560.0,-123.0,181.0,206.0
-298.0,270.0,158.0,-294.0,116.0,178.0,416.0,-59.0,249.0,115.0
-319.0,178.0,148.0,-334.0,113.0,-51.0,177.0,-153.0,288.0,82.0
-332.0,276.0,214.0,-370.0,83.0,-89.0,-59.0,-188.0,304.0,82.0
-380.0,316.0,261.0,-355.0,177.0,-131.0,-221.0,-267.0,290.0,93.0
-426.0,280.0,291.0,-346.0,42.0,-100.0,-398.0,-160.0,265.0,128.0
-498.0,171.0,246.0,-279.0,-120.0,-32.0,-531.0,-20.0,265.0,144.0
-501.0,173.0,203.0,-190.0,-47.0,191.0,-573.0,-16.0,284.0,103.0
-520.0,245.0,153.0,-145.0,-2.0,250.0,-436.0,-73.0,270.0,43.0
-505.0,-27.0,100.0,-112.0,-31.0,79.0,-161.0,-295.0,265.0,-6.0
-432.0,-329.0,128.0,-77.0,-39.0,137.0,95.0,-190.0,268.0,-82.0
-375.0,-671.0,71.0,-41.0,-71.0,304.0,260.0,-219.0,244.0,-156.0
-313.0,-844.0,37.0,0.0,-51.0,353.0,347.0,-314.0,253.0,-197.0
-285.0,-943.0,49.0,46.0,-35.0,254.0,490.0,-240.0,256.0,-240.0
-218.0,-821.0,-36.0,103.0,-49.0,204.0,696.0,-151.0,272.0,-275.0
-194.0,-754.0,-78.0,206.0,-86.0,431.0,846.0,-14.0,274.0,-283.0
-186.0,-953.0,-134.0,245.0,-88.0,457.0,927.0,-147.0,271.0,-259.0
-156.0,-893.0,-158.0,216.0,16.0,284.0,1051.0,-105.0,302.0,-222.0
-142.0,-648.0,-128.0,193.0,81.0,166.0,1209.0,62.0,283.0,-198.0
-101.0,-59.0,-119.0,146.0,19.0,247.0,1340.0,347.0,252.0,-136.0
-69.0,360.0,-87.0,129.0,76.0,530.0,1359.0,659.0,237.0,-73.0
-39.0,320.0,-106.0,160.0,151.0,559.0,1246.0,517.0,238.0,-17.0
-18.0,6.0,-94.0,150.0,-37.0,643.0,1087.0,386.0,235.0,58.0
18.0,-112.0,-48.0,148.0,-96.0,698.0,844.0,352.0,219.0,112.0
56.0,-8.0,28.0,155.0,-128.0,536.0,442.0,373.0,201.0,150.0
80.0,-44.0,57.0,149.0,-68.0,466.0,-58.0,303.0,166.0,153.0
130.0,-42.0,35.0,159.0,106.0,474.0,-504.0,121.0,137.0,135.0
160.0,-200.0,39.0,124.0,-62.0,234.0,-820.0,96.0,78.0,80.0
169.0,59.0,-5.0,108.0,35.0,-137.0,-1003.0,-97.0,17.0,-4.0
176.0,491.0,-13.0,8.0,180.0,-221.0,-1112.0,-114.0,-38.0,-97.0
173.0,871.0,-16.0,-98.0,23.0,56.0,-1121.0,-11.0,-103.0,-203.0
184.0,1156.0,-27.0,-88.0,142.0,604.0,-991.0,83.0,-152.0,-266.0
185.0,923.0,-58.0,-74.0,126.0,887.0,-687.0,304.0,-195.0,-318.0
195.0,755.0,-81.0,48.0,67.0,888.0,-286.0,384.0,-224.0,-339.0
221.0,702.0,-105.0,97.0,211.0,594.0,81.0,593.0,-240.0,-312.0
225.0,1007.0,-141.0,73.0,70.0,306.0,450.0,657.0,-226.0,-274.0
223.0,1121.0,-138.0,89.0,-5.0,164.0,690.0,727.0,-200.0,-199.0
214.0,704.0,-129.0,74.0,73.0,112.0,732.0,637.0,-189.0,-87.0
220.0,255.0,-111.0,133.0,-8.0,309.0,652.0,378.0,-152.0,46.0
222.0,-178.0,-115.0,146.0,-12.0,183.0,615.0,504.0,-94.0,181.0
212.0,-340.0,-126.0,129.0,32.0,37.0,674.0,550.0,-40.0,288.0
193.0,-261.0,-159.0,127.0,-23.0,169.0,820.0,545.0,9.0,357.0
167.0,-130.0,-153.0,17.0,60.0,533.0,963.0,352.0,52.0,378.0
157.0,-331.0,-143.0,-54.0,122.0,692.0,887.0,373.0,100.0,353.0
140.0,-467.0,-142.0,-7.0,80.0,388.0,724.0,609.0,140.0,306.0
87.0,-411.0,-110.0,48.0,137.0,256.0,570.0,654.0,167.0,235.0
53.0,-430.0,-130.0,59.0,80.0,537.0,443.0,788.0,194.0,169.0
47.0,-418.0,-119.0,81.0,13.0,921.0,249.0,801.0,219.0,129.0
17.0,-597.0,-113.0,124.0,-53.0,949.0,-59.0,920.0,245.0,97.0
-10.0,-839.0,-134.0,70.0,-70.0,826.0,-381.0,923.0,256.0,95.0
-57.0,-1004.0,-97.0,30.0,27.0,715.0,-716.0,733.0,262.0,113.0
-96.0,-843.0,-48.0,72.0,-102.0,619.0,-952.0,607.0,255.0,143.0
-134.0,-554.0,-25.0,93.0,-170.0,421.0,-1083.0,511.0,231.0,190.0
-182.0,-400.0,-2.0,106.0,20.0,137.0,-1126.0,633.0,230.0,219.0
-251.0,-386.0,27.0,104.0,73.0,149.0,-1081.0,569.0,250.0,207.0
-311.0,-306.0,31.0,49.0,24.0,287.0,-1068.0,493.0,233.0,169.0
-317.0,330.0,0.0,6.0,35.0,260.0,-1158.0,515.0,231.0,111.0
-313.0,1204.0,10.0,72.0,21.0,295.0,-1228.0,388.0,241.0,30.0
-315.0,1746.0,6.0,108.0,118.0,499.0,-1191.0,412.0,209.0,-65.0
-305.0,1290.0,-19.0,75.0,92.0,466.0,-1043.0,386.0,173.0,-152.0
-276.0,292.0,13.0,86.0,-70.0,154.0,-841.0,474.0,88.0,-187.0
-304.0,-20.0,-2.0,70.0,-57.0,-128.0,-711.0,561.0,11.0,-178.0
-311.0,241.0,-23.0,-41.0,-145.0,-181.0,-615.0,467.0,-63.0,-130.0
-338.0,407.0,-26.0,-105.0,-193.0,-189.0,-461.0,476.0,-134.0,-71.0
-355.0,289.0,-63.0,-111.0,-161.0,-379.0,-205.0,452.0,-169.0,-20.0
-357.0,47.0,-68.0,-154.0,-200.0,-553.0,35.0,548.0,-234.0,7.0
-351.0,-179.0,-79.0,-213.0,-135.0,-507.0,274.0,395.0,-256.0,4.0
-286.0,-96.0,-93.0,-187.0,-64.0,-262.0,651.0,243.0,-232.0,-8.0
-245.0,252.0,-66.0,-131.0,-57.0,18.0,1056.0,218.0,-190.0,-55.0
-184.0,572.0,-66.0,-149.0,41.0,325.0,1249.0,140.0,-153.0,-114.0
-181.0,810.0,-80.0,-69.0,175.0,619.0,1195.0,282.0,-125.0,-162.0
-129.0,1049.0,-116.0,-16.0,188.0,767.0,1120.0,179.0,-84.0,-226.0
-76.0,1023.0,-183.0,34.0,154.0,858.0,1047.0,269.0,-52.0,-305.0
-38.0,513.0,-216.0,199.0,98.0,792.0,911.0,391.0,-28.0,-384.0
-22.0,214.0,-249.0,287.0,89.0,423.0,679.0,269.0,0.0,-462.0
-25.0,79.0,-255.0,288.0,76.0,45.0,368.0,138.0,26.0,-525.0
23.0,59.0,-262.0,283.0,35.0,-226.0,16.0,24.0,52.0,-576.0
0.0,270.0,-303.0,297.0,14.0,-200.0,-314.0,223.0,89.0,-619.0
22.0,-191.0,-307.0,266.0,-26.0,122.0,-578.0,273.0,131.0,-628.0
13.0,-865.0,-280.0,201.0,-25.0,303.0,-747.0,349.0,154.0,-592.0
46.0,-921.0,-268.0,83.0,11.0,373.0,-726.0,413.0,130.0,-507.0
81.0,-491.0,-243.0,-34.0,30.0,325.0,-633.0,415.0,123.0,-409.0
110.0,-160.0,-215.0,-173.0,47.0,204.0,-614.0,491.0,120.0,-308.0
161.0,-292.0,-170.0,-323.0,93.0,187.0,-681.0,330.0,96.0,-196.0
162.0,-603.0,-121.0,-358.0,-36.0,279.0,-728.0,251.0,81.0,-95.0
219.0,-990.0,-94.0,-378.0,-144.0,348.0,-668.0,208.0,64.0,-1.0
226.0,-723.0,-17.0,-413.0,-79.0,415.0,-548.0,323.0,59.0,57.0
260.0,30.0,-32.0,-464.0,-72.0,512.0,-467.0,388.0,43.0,110.0
271.0,443.0,-36.0,-540.0,6.0,343.0,-479.0,245.0,30.0,183.0
293.0,392.0,-13.0,-567.0,23.0,170.0,-498.0,290.0,11.0,246.0
299.0,24.0,-6.0,-489.0,-7.0,297.0,-426.0,221.0,28.0,331.0
300.0,-11.0,44.0,-373.0,31.0,234.0,-185.0,145.0,59.0,425.0
330.0,92.0,67.0,-291.0,10.0,-183.0,91.0,158.0,69.0,500.0
323.0,223.0,126.0,-145.0,40.0,-333.0,294.0,216.0,86.0,562.0
332.0,350.0,141.0,6.0,73.0,-218.0,454.0,327.0,63.0,618.0
305.0,307.0,156.0,89.0,-47.0,-85.0,499.0,214.0,22.0,643.0
320.0,242.0,190.0,150.0,-98.0,61.0,381.0,133.0,-5.0,620.0
304.0,-25.0,238.0,194.0,27.0,25.0,165.0,88.0,-23.0,586.0
326.0,-337.0,278.0,185.0,26.0,-87.0,3.0,33.0,-61.0,536.0
307.0,-223.0,311.0,117.0,-50.0,-58.0,-29.0,-27.0,-71.0,472.0
283.0,265.0,340.0,138.0,-18.0,-118.0,60.0,-94.0,-53.0,378.0
281.0,216.0,306.0,190.0,-30.0,-438.0,63.0,66.0,-61.0,258.0
224.0,-71.0,333.0,161.0,-87.0,-536.0,-43.0,83.0,-31.0,117.0
221.0,-117.0,278.0,145.0,-12.0,-504.0,17.0,97.0,-24.0,-33.0
171.0,-365.0,221.0,137.0,67.0,-427.0,205.0,5.0,-38.0,-163.0
181.0,-392.0,208.0,128.0,95.0,-183.0,302.0,-194.0,-27.0,-280.0
151.0,248.0,133.0,124.0,143.0,-11.0,274.0,-160.0,-28.0,-358.0
145.0,1128.0,126.0,48.0,131.0,100.0,135.0,-216.0,-11.0,-404.0
135.0,1364.0,72.0,-14.0,148.0,114.0,-70.0,-66.0,-19.0,-415.0
106.0,951.0,-12.0,22.0,140.0,-3.0,-209.0,46.0,-46.0,-414.0
113.0,304.0,-33.0,106.0,112.0,-14.0,-315.0,90.0,-53.0,-413.0
73.0,-21.0,-67.0,204.0,-16.0,187.0,-398.0,68.0,-61.0,-392.0
83.0,64.0,-96.0,279.0,-62.0,146.0,-389.0,-140.0,-81.0,-370.0
65.0,57.0,-78.0,304.0,153.0,37.0,-294.0,-199.0,-103.0,-347.0
105.0,-70.0,-94.0,291.0,43.0,143.0,-215.0,-343.0,-139.0,-329.0
106.0,-430.0,-104.0,235.0,-123.0,334.0,-192.0,-227.0,-161.0,-310.0
103.0,-738.0,-94.0,257.0,-125.0,580.0,-16.0,-129.0,-158.0,-291.0
98.0,-680.0,-111.0,293.0,-193.0,594.0,300.0,-158.0,-175.0,-253.0
55.0,-460.0,-89.0,238.0,-176.0,223.0,561.0,-68.0,-170.0,-202.0
17.0,-676.0,-59.0,223.0,-151.0,-246.0,610.0,-59.0,-133.0,-164.0
-43.0,-978.0,-18.0,163.0,-60.0,-454.0,530.0,103.0,-73.0,-119.0
-36.0,-1004.0,41.0,64.0,73.0,-398.0,453.0,188.0,-14.0,-45.0
-52.0,-924.0,65.0,72.0,22.0,-222.0,369.0,358.0,38.0,16.0
-21.0,-355.0,74.0,129.0,-90.0,-260.0,220.0,345.0,123.0,49.0
-1.0,-92.0,102.0,194.0,24.0,-293.0,3.0,81.0,160.0,98.0
14.0,-371.0,89.0,256.0,34.0,-132.0,-29.0,68.0,181.0,149.0
36.0,-863.0,90.0,366.0,-108.0,157.0,105.0,158.0,219.0,182.0
42.0,-1048.0,124.0,510.0,-98.0,321.0,240.0,388.0,215.0,189.0
67.0,-423.0,110.0,539.0,-75.0,-57.0,271.0,315.0,215.0,203.0
60.0,393.0,157.0,525.0,-16.0,-413.0,245.0,166.0,216.0,207.0
100.0,916.0,202.0,434.0,-30.0,-559.0,285.0,186.0,226.0,195.0
102.0,751.0,182.0,319.0,54.0,-559.0,283.0,57.0,218.0,210.0
114.0,508.0,193.0,231.0,43.0,-467.0,233.0,-96.0,173.0,199.0
121.0,344.0,220.0,169.0,-212.0,-513.0,170.0,-399.0,168.0,176.0
125.0,131.0,200.0,165.0,-156.0,-557.0,135.0,-456.0,162.0,123.0
148.0,115.0,172.0,27.0,-125.0,-544.0,95.0,-330.0,165.0,73.0
140.0,252.0,146.0,-93.0,-196.0,-414.0,64.0,-256.0,192.0,55.0
161.0,365.0,96.0,-134.0,-80.0,-296.0,51.0,-169.0,214.0,22.0
174.0,86.0,128.0,-145.0,48.0,-472.0,-5.0,-168.0,234.0,32.0
175.0,78.0,112.0,-111.0,54.0,-813.0,-34.0,51.0,248.0,93.0
159.0,428.0,125.0,-110.0,72.0,-915.0,9.0,186.0,289.0,182.0
135.0,514.0,189.0,-125.0,145.0,-867.0,79.0,201.0,320.0,246.0
116.0,451.0,161.0,-102.0,88.0,-912.0,7.0,216.0,327.0,286.0
109.0,808.0,126.0,-35.0,125.0,-1028.0,-135.0,160.0,324.0,321.0
84.0,970.0,50.0,69.0,128.0,-859.0,-169.0,175.0,307.0,336.0
51.0,684.0,26.0,204.0,10.0,-539.0,-157.0,-20.0,272.0,335.0
13.0,310.0,-44.0,303.0,4.0,-527.0,-195.0,-262.0,221.0,344.0
-29.0,-325.0,-73.0,376.0,22.0,-453.0,-255.0,-519.0,180.0,362.0
-48.0,-670.0,-75.0,355.0,119.0,-369.0,-236.0,-582.0,124.0,337.0
-74.0,-888.0,-136.0,345.0,123.0,-313.0,-89.0,-417.0,58.0,280.0
-70.0,-677.0,-122.0,341.0,-150.0,-273.0,87.0,-412.0,13.0,207.0
-70.0,-139.0,-176.0,239.0,-252.0,-258.0,213.0,-195.0,-1.0,118.0
-48.0,135.0,-195.0,128.0,50.0,-65.0,381.0,-57.0,-23.0,-2.0
-4.0,150.0,-248.0,16.0,157.0,-104.0,592.0,-33.0,-41.0,-93.0
19.0,-2.0,-308.0,-76.0,-5.0,-371.0,737.0,-25.0,-44.0,-145.0
49.0,-18.0,-291.0,-155.0,52.0,-670.0,723.0,-136.0,-47.0,-212.0
60.0,-114.0,-291.0,-190.0,147.0,-705.0,648.0,-120.0,-48.0,-248.0
64.0,-172.0,-317.0,-177.0,113.0,-446.0,642.0,-153.0,-43.0,-234.0
50.0,-479.0,-343.0,-138.0,96.0,-332.0,631.0,20.0,-20.0,-189.0
69.0,-549.0,-302.0,-76.0,10.0,-272.0,451.0,31.0,18.0,-143.0
111.0,-215.0,-313.0,-1.0,79.0,-70.0,132.0,-79.0,72.0,-82.0
131.0,-163.0,-277.0,107.0,182.0,227.0,-65.0,-121.0,86.0,-34.0
151.0,-5.0,-231.0,245.0,-98.0,194.0,-59.0,-419.0,75.0,-17.0
155.0,334.0,-220.0,373.0,-200.0,-169.0,118.0,-373.0,66.0,-14.0
150.0,528.0,-157.0,425.0,-25.0,-339.0,320.0,-369.0,25.0,-1.0
116.0,496.0,-152.0,433.0,-58.0,-503.0,436.0,-380.0,15.0,37.0
113.0,503.0,-87.0,453.0,-74.0,-732.0,521.0,-336.0,23.0,73.0
102.0,553.0,-61.0,394.0,6.0,-565.0,573.0,-354.0,-12.0,149.0
70.0,618.0,-123.0,254.0,-140.0,-331.0,598.0,-264.0,-51.0,279.0
63.0,554.0,0.0,101.0,-249.0,-369.0,560.0,-369.0,-73.0,411.0
42.0,279.0,5.0,-8.0,-132.0,-534.0,461.0,-230.0,-119.0,507.0
58.0,-1.0,-40.0,-12.0,-98.0,-611.0,357.0,-190.0,-172.0,610.0
42.0,-242.0,62.0,-20.0,7.0,-437.0,289.0,-90.0,-221.0,687.0
39.0,-257.0,20.0,-57.0,194.0,-330.0,274.0,42.0,-243.0,714.0
71.0,-206.0,59.0,-89.0,87.0,-250.0,384.0,-140.0,-247.0,707.0
90.0,-235.0,149.0,-134.0,-139.0,-250.0,673.0,-153.0,-238.0,650.0
129.0,-245.0,120.0,-110.0,-124.0,-515.0,978.0,-286.0,-198.0,567.0
153.0,-273.0,145.0,-53.0,-76.0,-889.0,1137.0,-295.0,-136.0,452.0
188.0,-234.0,174.0,18.0,-48.0,-1062.0,1164.0,-290.0,-88.0,327.0
235.0,56.0,107.0,91.0,-136.0,-837.0,1134.0,-306.0,-60.0,199.0
281.0,411.0,88.0,123.0,-262.0,-772.0,1072.0,-162.0,-15.0,70.0
299.0,301.0,151.0,152.0,-53.0,-941.0,1012.0,-145.0,-6.0,-41.0
300.0,96.0,123.0,205.0,34.0,-979.0,881.0,-125.0,0.0,-93.0
287.0,55.0,130.0,272.0,-45.0,-730.0,696.0,-205.0,0.0,-79.0
294.0,-76.0,107.0,236.0,-29.0,-434.0,512.0,-157.0,-23.0,-61.0
306.0,6.0,35.0,131.0,71.0,-400.0,338.0,-129.0,-23.0,-33.0
291.0,-2.0,11.0,116.0,189.0,-338.0,191.0,-190.0,-19.0,3.0
296.0,-142.0,-18.0,157.0,52.0,-119.0,-34.0,-133.0,10.0,33.0
290.0,-11.0,18.0,162.0,-13.0,45.0,-207.0,-116.0,9.0,43.0
292.0,175.0,27.0,180.0,26.0,-118.0,-203.0,-3.0,1.0,25.0
289.0,238.0,32.0,264.0,-32.0,-447.0,-188.0,-162.0,14.0,11.0
293.0,301.0,54.0,339.0,57.0,-652.0,-271.0,-402.0,9.0,-18.0
297.0,169.0,12.0,373.0,51.0,-798.0,-373.0,-428.0,14.0,-47.0
279.0,-68.0,-6.0,369.0,46.0,-913.0,-419.0,-473.0,25.0,-48.0
266.0,-7.0,-26.0,321.0,205.0,-951.0,-391.0,-375.0,20.0,-40.0
249.0,-55.0,-30.0,228.0,118.0,-949.0,-321.0,-397.0,14.0,9.0
249.0,-65.0,-22.0,138.0,-67.0,-792.0,-255.0,-402.0,6.0,82.0
222.0,-26.0,-48.0,24.0,-78.0,-396.0,-126.0,-334.0,-46.0,167.0
192.0,-122.0,-25.0,-69.0,5.0,73.0,69.0,-330.0,-83.0,242.0
188.0,-148.0,-18.0,-87.0,140.0,370.0,225.0,-288.0,-120.0,298.0
178.0,14.0,-6.0,-98.0,147.0,302.0,336.0,-363.0,-168.0,358.0
170.0,314.0,26.0,-151.0,30.0,143.0,434.0,-336.0,-203.0,390.0
141.0,326.0,30.0,-253.0,-1.0,-4.0,481.0,-358.0,-254.0,355.0
116.0,409.0,113.0,-327.0,-89.0,-42.0,545.0,-338.0,-282.0,295.0
105.0,337.0,118.0,-390.0,-196.0,-69.0,588.0,-280.0,-295.0,233.0
81.0,88.0,111.0,-448.0,-182.0,-162.0,520.0,-288.0,-302.0,123.0
39.0,70.0,164.0,-465.0,-174.0,-152.0,473.0,-53.0,-321.0,32.0
28.0,-43.0,128.0,-412.0,-129.0,-310.0,517.0,14.0,-344.0,-32.0
36.0,113.0,163.0,-304.0,-34.0,-351.0,632.0,164.0,-359.0,-86.0
23.0,419.0,173.0,-198.0,6.0,-212.0,705.0,376.0,-349.0,-122.0
3.0,383.0,155.0,-91.0,140.0,-93.0,674.0,430.0,-309.0,-154.0
-38.0,-57.0,124.0,-6.0,237.0,-167.0,573.0,545.0,-275.0,-140.0
-49.0,-565.0,41.0,76.0,206.0,-390.0,436.0,336.0,-224.0,-119.0
-48.0,-829.0,45.0,166.0,263.0,-358.0,298.0,36.0,-165.0,-108.0
-43.0,-835.0,60.0,220.0,199.0,-87.0,146.0,-223.0,-117.0,-97.0
-25.0,-252.0,58.0,245.0,148.0,104.0,12.0,-389.0,-88.0,-70.0
-10.0,527.0,18.0,240.0,119.0,-114.0,-105.0,-445.0,-49.0,-28.0
31.0,822.0,39.0,175.0,-48.0,-242.0,-194.0,-500.0,20.0,-24.0
54.0,504.0,24.0,110.0,41.0,-231.0,-285.0,-356.0,73.0,-4.0
65.0,75.0,-8.0,48.0,102.0,-375.0,-331.0,-303.0,135.0,26.0
70.0,26.0,-14.0,38.0,-118.0,-402.0,-248.0,-236.0,202.0,16.0
95.0,168.0,-73.0,67.0,-124.0,-292.0,-118.0,-72.0,245.0,-14.0
88.0,430.0,-29.0,56.0,-107.0,-205.0,-7.0,125.0,289.0,-48.0
86.0,442.0,-78.0,127.0,-233.0,-146.0,72.0,182.0,337.0,-73.0
99.0,169.0,-117.0,218.0,-172.0,0.0,174.0,-22.0,358.0,-118.0
81.0,-273.0,-94.0,261.0,-149.0,-1.0,249.0,-133.0,367.0,-164.0
84.0,-802.0,-126.0,322.0,-50.0,-112.0,248.0,-197.0,377.0,-175.0
59.0,-814.0,-139.0,366.0,109.0,-239.0,179.0,-236.0,372.0,-185.0
72.0,-493.0,-199.0,311.0,12.0,-383.0,129.0,-375.0,356.0,-190.0
55.0,-187.0,-201.0,198.0,50.0,-302.0,168.0,-487.0,329.0,-168.0
15.0,35.0,-196.0,129.0,55.0,-131.0,181.0,-404.0,311.0,-137.0
-20.0,216.0,-193.0,50.0,68.0,-184.0,130.0,-437.0,284.0,-123.0
-83.0,243.0,-116.0,-72.0,224.0,-317.0,83.0,-441.0,224.0,-107.0
-110.0,23.0,-64.0,-162.0,71.0,-140.0,196.0,-423.0,149.0,-61.0
-150.0,-130.0,-22.0,-171.0,86.0,223.0,382.0,-338.0,74.0,-17.0
-161.0,136.0,21.0,-173.0,216.0,272.0,438.0,-177.0,-21.0,14.0
-157.0,487.0,52.0,-219.0,152.0,43.0,319.0,-105.0,-114.0,38.0
-132.0,543.0,113.0,-244.0,218.0,-52.0,143.0,40.0,-145.0,68.0
-113.0,708.0,148.0,-302.0,131.0,3.0,82.0,218.0,-163.0,98.0
-124.0,713.0,149.0,-376.0,88.0,100.0,56.0,413.0,-176.0,107.0
-116.0,552.0,145.0,-356.0,195.0,30.0,-35.0,413.0,-176.0,96.0
-98.0,464.0,155.0,-291.0,-30.0,-199.0,-196.0,195.0,-194.0,72.0
-62.0,543.0,141.0,-208.0,-142.0,-160.0,-234.0,-14.0,-206.0,32.0
-10.0,374.0,114.0,-114.0,94.0,190.0,-127.0,-288.0,-184.0,-21.0
23.0,-238.0,132.0,-13.0,50.0,377.0,-32.0,-458.0,-157.0,-63.0
31.0,-465.0,37.0,31.0,-90.0,231.0,77.0,-654.0,-121.0,-108.0
37.0,-622.0,22.0,35.0,-31.0,60.0,243.0,-740.0,-76.0,-154.0
21.0,-588.0,65.0,34.0,-39.0,107.0,395.0,-639.0,-55.0,-176.0
0.0,-349.0,-26.0,20.0,3.0,169.0,414.0,-500.0,-42.0,-182.0
-37.0,-299.0,-9.0,24.0,8.0,-40.0,344.0,-197.0,-38.0,-161.0
-50.0,-270.0,-54.0,36.0,-83.0,-68.0,173.0,-136.0,-47.0,-125.0
-54.0,-366.0,-109.0,70.0,-20.0,94.0,18.0,-123.0,-78.0,-78.0
-56.0,-223.0,-56.0,73.0,156.0,12.0,-14.0,-73.0,-118.0,-27.0
-63.0,76.0,-105.0,53.0,165.0,-162.0,-46.0,-112.0,-173.0,-11.0
-81.0,338.0,-107.0,32.0,73.0,-185.0,-176.0,-68.0,-224.0,-39.0
-79.0,434.0,-52.0,-2.0,115.0,24.0,-338.0,-83.0,-271.0,-70.0
-82.0,147.0,-91.0,-75.0,125.0,373.0,-304.0,-53.0,-337.0,-78.0
-72.0,-115.0,-51.0,-156.0,-30.0,528.0,-165.0,-225.0,-373.0,-53.0
-85.0,-155.0,-4.0,-175.0,-269.0,254.0,45.0,-284.0,-384.0,20.0
-58.0,-48.0,-33.0,-125.0,-297.0,25.0,395.0,-243.0,-383.0,118.0
-36.0,14.0,58.0,-41.0,-149.0,-57.0,733.0,-345.0,-359.0,237.0
-39.0,-108.0,77.0,-6.0,-87.0,-263.0,926.0,-240.0,-331.0,338.0
-5.0,-410.0,18.0,-25.0,-313.0,-250.0,920.0,-347.0,-289.0,392.0
30.0,-554.0,22.0,-104.0,-388.0,-8.0,757.0,-253.0,-250.0,449.0
71.0,-303.0,1.0,-154.0,-28.0,-74.0,543.0,-55.0,-221.0,457.0
82.0,36.0,-81.0,-199.0,24.0,-210.0,353.0,-103.0,-202.0,444.0
79.0,135.0,-78.0,-189.0,-18.0,77.0,172.0,-179.0,-211.0,440.0
86.0,-86.0,-58.0,-82.0,-16.0,395.0,-10.0,-452.0,-201.0,389.0
85.0,-36.0,-124.0,-4.0,29.0,447.0,-199.0,-432.0,-189.0,332.0
66.0,90.0,-84.0,44.0,191.0,393.0,-398.0,-301.0,-181.0,265.0
70.0,227.0,-137.0,-11.0,73.0,354.0,-495.0,-81.0,-141.0,215.0
74.0,613.0,-142.0,-19.0,54.0,106.0,-437.0,107.0,-69.0,192.0
84.0,587.0,-88.0,9.0,289.0,-215.0,-421.0,86.0,20.0,163.0
101.0,291.0,-173.0,55.0,282.0,-265.0,-467.0,149.0,118.0,149.0
95.0,8.0,-129.0,165.0,5.0,-368.0,-494.0,5.0,226.0,142.0
86.0,-35.0,-130.0,224.0,-90.0,-501.0,-553.0,27.0,288.0,129.0
94.0,75.0,-136.0,229.0,-89.0,-321.0,-623.0,25.0,337.0,84.0
94.0,338.0,-110.0,174.0,-93.0,175.0,-670.0,20.0,395.0,66.0
78.0,382.0,-154.0,125.0,-135.0,694.0,-540.0,49.0,439.0,56.0
98.0,-187.0,-132.0,37.0,-260.0,886.0,-319.0,-284.0,484.0,16.0
99.0,-527.0,-78.0,-15.0,-139.0,738.0,-163.0,-369.0,537.0,-6.0
81.0,-524.0,-58.0,-6.0,-22.0,575.0,-61.0,-371.0,569.0,-24.0
61.0,-351.0,-40.0,5.0,-98.0,676.0,20.0,-242.0,561.0,-28.0
48.0,-271.0,-27.0,82.0,-138.0,524.0,184.0,-46.0,534.0,-42.0
45.0,41.0,-55.0,204.0,-155.0,-64.0,377.0,11.0,447.0,-31.0
40.0,463.0,-54.0,219.0,-70.0,-389.0,441.0,328.0,367.0,29.0
26.0,350.0,-78.0,170.0,13.0,-425.0,321.0,395.0,292.0,78.0
32.0,203.0,-68.0,194.0,-117.0,-355.0,112.0,339.0,181.0,95.0
56.0,66.0,-23.0,131.0,-47.0,-207.0,-121.0,354.0,90.0,80.0
58.0,-156.0,25.0,121.0,101.0,-2.0,-321.0,354.0,-4.0,39.0
59.0,-360.0,24.0,158.0,3.0,192.0,-534.0,277.0,-100.0,-34.0
24.0,-262.0,68.0,88.0,9.0,365.0,-686.0,-125.0,-193.0,-110.0
0.0,-129.0,126.0,-10.0,102.0,471.0,-746.0,-352.0,-265.0,-160.0
-37.0,-64.0,79.0,-154.0,184.0,333.0,-859.0,-404.0,-320.0,-187.0
-42.0,-52.0,133.0,-252.0,121.0,354.0,-962.0,-312.0,-372.0,-234.0
-51.0,-371.0,114.0,-243.0,-53.0,379.0,-1057.0,-208.0,-416.0,-302.0
-90.0,-532.0,148.0,-199.0,-122.0,133.0,-1025.0,-254.0,-461.0,-360.0
-98.0,-768.0,170.0,-182.0,-129.0,-42.0,-832.0,-31.0,-511.0,-414.0
-134.0,-894.0,153.0,-183.0,-93.0,62.0,-657.0,227.0,-543.0,-458.0
-130.0,-785.0,173.0,-156.0,-99.0,240.0,-591.0,378.0,-519.0,-491.0
-148.0,-609.0,130.0,-80.0,-63.0,380.0,-550.0,408.0,-489.0,-487.0
-132.0,-276.0,155.0,31.0,45.0,447.0,-375.0,502.0,-434.0,-472.0
-98.0,-210.0,70.0,104.0,47.0,406.0,-149.0,705.0,-354.0,-445.0
-95.0,-142.0,9.0,135.0,-26.0,444.0,43.0,685.0,-300.0,-382.0
-100.0,149.0,-43.0,142.0,-45.0,356.0,247.0,631.0,-262.0,-346.0
-136.0,634.0,-21.0,65.0,70.0,352.0,520.0,515.0,-221.0,-344.0
-151.0,883.0,-34.0,0.0,174.0,325.0,723.0,517.0,-148.0,-347.0
-162.0,924.0,-138.0,-3.0,90.0,306.0,712.0,413.0,-96.0,-338.0
-152.0,888.0,-117.0,-15.0,-22.0,569.0,571.0,79.0,-52.0,-316.0
-152.0,691.0,-211.0,-27.0,30.0,659.0,448.0,-70.0,8.0,-317.0
-148.0,707.0,-301.0,-58.0,125.0,413.0,333.0,-97.0,36.0,-331.0
-138.0,480.0,-310.0,-79.0,11.0,275.0,180.0,-25.0,58.0,-329.0
-112.0,39.0,-308.0,-90.0,-140.0,601.0,54.0,-157.0,85.0,-305.0
-87.0,-362.0,-330.0,-82.0,-64.0,909.0,-57.0,-125.0,102.0,-273.0
-61.0,-616.0,-282.0,-55.0,70.0,934.0,-90.0,175.0,102.0,-224.0
-40.0,-711.0,-253.0,-68.0,146.0,717.0,-31.0,400.0,101.0,-160.0
-15.0,-714.0,-283.0,-76.0,138.0,544.0,29.0,604.0,116.0,-132.0
4.0,-734.0,-207.0,-88.0,56.0,684.0,-28.0,504.0,100.0,-116.0
-15.0,-898.0,-219.0,-105.0,86.0,911.0,-162.0,509.0,71.0,-117.0
-23.0,-762.0,-177.0,-91.0,114.0,874.0,-241.0,474.0,40.0,-166.0
-62.0,-598.0,-64.0,-79.0,0.0,805.0,-361.0,273.0,-4.0,-238.0
-41.0,-339.0,-14.0,-92.0,-43.0,930.0,-511.0,169.0,-32.0,-287.0
-37.0,-25.0,27.0,-117.0,40.0,849.0,-594.0,-14.0,-53.0,-333.0
-57.0,228.0,19.0,-141.0,-24.0,789.0,-634.0,64.0,-92.0,-389.0
-67.0,424.0,22.0,-178.0,-144.0,794.0,-629.0,-3.0,-121.0,-422.0
-90.0,299.0,22.0,-182.0,-93.0,736.0,-567.0,-149.0,-134.0,-455.0
-80.0,285.0,19.0,-113.0,-66.0,678.0,-565.0,-79.0,-169.0,-445.0
-78.0,118.0,38.0,-14.0,30.0,792.0,-612.0,-16.0,-196.0,-384.0
-38.0,-54.0,46.0,9.0,45.0,790.0,-582.0,210.0,-221.0,-286.0
-35.0,-150.0,61.0,-38.0,-43.0,343.0,-459.0,258.0,-272.0,-163.0
-12.0,-301.0,42.0,-84.0,68.0,93.0,-355.0,400.0,-282.0,-41.0
-6.0,-347.0,35.0,-166.0,16.0,223.0,-265.0,533.0,-262.0,92.0
0.0,-561.0,23.0,-208.0,-104.0,483.0,-91.0,373.0,-271.0,198.0
7.0,-506.0,-37.0,-190.0,-115.0,634.0,40.0,218.0,-284.0,311.0
-7.0,-333.0,-13.0,-190.0,-219.0,656.0,120.0,36.0,-281.0,419.0
22.0,-194.0,-53.0,-249.0,-176.0,620.0,161.0,218.0,-273.0,483.0
24.0,65.0,-97.0,-247.0,-89.0,694.0,221.0,277.0,-258.0,533.0
53.0,159.0,-49.0,-176.0,-152.0,1007.0,342.0,64.0,-218.0,538.0
58.0,54.0,-89.0,-186.0,-84.0,1083.0,423.0,-157.0,-172.0,490.0
59.0,-91.0,-69.0,-173.0,10.0,786.0,454.0,-362.0,-143.0,396.0
43.0,-219.0,-46.0,-106.0,-24.0,580.0,404.0,-242.0,-110.0,276.0
19.0,-351.0,-63.0,-48.0,-87.0,463.0,355.0,-306.0,-76.0,161.0
-2.0,-378.0,-26.0,-79.0,-84.0,330.0,365.0,-395.0,-70.0,51.0
-38.0,-411.0,-38.0,-138.0,46.0,391.0,348.0,-327.0,-71.0,-31.0
-37.0,-268.0,-34.0,-148.0,45.0,448.0,152.0,-245.0,-51.0,-85.0
-30.0,-196.0,-57.0,-141.0,-6.0,349.0,-134.0,-186.0,-50.0,-127.0
-7.0,-153.0,-71.0,-85.0,42.0,214.0,-344.0,-221.0,-54.0,-160.0
-8.0,-66.0,-48.0,-47.0,3.0,522.0,-452.0,-73.0,-41.0,-168.0
-28.0,-121.0,-59.0,-44.0,28.0,1026.0,-478.0,-66.0,-9.0,-164.0
-63.0,-14.0,-24.0,-94.0,27.0,1216.0,-514.0,-48.0,29.0,-150.0
-89.0,55.0,-34.0,-125.0,-1.0,1320.0,-431.0,-60.0,46.0,-124.0
-98.0,225.0,-50.0,-102.0,135.0,1431.0,-244.0,-240.0,65.0,-112.0
-81.0,292.0,-40.0,-27.0,82.0,1495.0,-98.0,-240.0,52.0,-101.0
-58.0,452.0,-27.0,65.0,-45.0,1270.0,25.0,-279.0,12.0,-99.0
-19.0,409.0,-5.0,71.0,36.0,852.0,264.0,-216.0,-39.0,-106.0
14.0,22.0,-18.0,56.0,63.0,369.0,626.0,-227.0,-88.0,-108.0
61.0,-57.0,-8.0,-8.0,67.0,321.0,889.0,-218.0,-98.0,-114.0
123.0,-229.0,-17.0,-92.0,40.0,454.0,967.0,-25.0,-110.0,-122.0
122.0,-46.0,-33.0,-117.0,-95.0,342.0,924.0,11.0,-116.0,-134.0
130.0,128.0,-43.0,-101.0,-104.0,384.0,836.0,162.0,-95.0,-140.0
130.0,169.0,-27.0,-9.0,-87.0,471.0,735.0,325.0,-74.0,-164.0
159.0,336.0,-37.0,68.0,-191.0,628.0,604.0,463.0,-83.0,-170.0
160.0,338.0,-47.0,73.0,-226.0,803.0,396.0,321.0,-99.0,-103.0
182.0,417.0,-22.0,59.0,-97.0,895.0,257.0,5.0,-77.0,-9.0
221.0,136.0,-41.0,104.0,-13.0,575.0,134.0,53.0,-57.0,89.0
218.0,-49.0,-7.0,141.0,-144.0,347.0,-60.0,24.0,-40.0,174.0
241.0,-40.0,-10.0,157.0,-144.0,455.0,-204.0,49.0,-26.0,218.0
193.0,-168.0,15.0,247.0,26.0,532.0,-356.0,-20.0,-33.0,256.0
198.0,-11.0,68.0,228.0,93.0,620.0,-457.0,-103.0,-45.0,308.0
207.0,82.0,10.0,126.0,49.0,530.0,-522.0,72.0,-62.0,361.0
213.0,-178.0,31.0,6.0,2.0,459.0,-648.0,66.0,-88.0,377.0
201.0,-214.0,46.0,-169.0,61.0,361.0,-852.0,42.0,-115.0,374.0
144.0,56.0,27.0,-262.0,124.0,266.0,-967.0,1.0,-143.0,386.0
121.0,151.0,50.0,-253.0,148.0,236.0,-852.0,175.0,-169.0,412.0
82.0,389.0,58.0,-259.0,-20.0,276.0,-712.0,290.0,-178.0,429.0
67.0,537.0,65.0,-321.0,-46.0,207.0,-646.0,160.0,-194.0,409.0
49.0,505.0,63.0,-335.0,114.0,112.0,-553.0,140.0,-212.0,384.0
50.0,501.0,101.0,-342.0,23.0,187.0,-355.0,129.0,-232.0,363.0
47.0,241.0,95.0,-373.0,-15.0,278.0,-111.0,266.0,-246.0,314.0
51.0,-60.0,69.0,-363.0,-57.0,396.0,105.0,192.0,-246.0,217.0
53.0,-294.0,84.0,-304.0,-112.0,492.0,292.0,114.0,-218.0,84.0
56.0,-326.0,141.0,-233.0,-56.0,669.0,521.0,140.0,-153.0,-86.0
74.0,-448.0,184.0,-124.0,-73.0,854.0,735.0,62.0,-100.0,-254.0
88.0,-520.0,178.0,39.0,-116.0,933.0,786.0,62.0,-20.0,-374.0
116.0,-483.0,218.0,145.0,33.0,799.0,680.0,-133.0,35.0,-437.0
125.0,-563.0,202.0,207.0,196.0,582.0,536.0,-129.0,53.0,-451.0
134.0,-312.0,214.0,231.0,99.0,335.0,484.0,-66.0,101.0,-447.0
105.0,-79.0,244.0,227.0,111.0,-15.0,554.0,-125.0,125.0,-402.0
89.0,58.0,275.0,221.0,225.0,-276.0,677.0,-197.0,126.0,-354.0
62.0,92.0,259.0,201.0,221.0,-436.0,679.0,-312.0,140.0,-348.0
43.0,-8.0,257.0,189.0,144.0,-620.0,598.0,-62.0,164.0,-350.0
34.0,-39.0,297.0,164.0,-55.0,-519.0,551.0,-1.0,173.0,-368.0
18.0,-30.0,285.0,170.0,-73.0,-85.0,559.0,-31.0,162.0,-401.0
26.0,36.0,338.0,199.0,63.0,283.0,612.0,103.0,168.0,-430.0
3.0,-58.0,267.0,217.0,-10.0,609.0,592.0,190.0,163.0,-433.0
-6.0,-88.0,238.0,228.0,-75.0,696.0,533.0,303.0,147.0,-419.0
-34.0,-128.0,211.0,201.0,-85.0,609.0,405.0,125.0,172.0,-380.0
-37.0,-239.0,140.0,152.0,-15.0,544.0,176.0,48.0,224.0,-294.0
-62.0,-102.0,174.0,62.0,-48.0,565.0,-56.0,9.0,264.0,-183.0
-97.0,-1.0,139.0,-11.0,-201.0,412.0,-266.0,-70.0,303.0,-85.0
-112.0,-89.0,165.0,-30.0,-7.0,234.0,-391.0,-53.0,330.0,-22.0
-143.0,-34.0,175.0,-59.0,96.0,164.0,-428.0,-145.0,343.0,52.0
-134.0,160.0,155.0,-27.0,104.0,-297.0,-588.0,-55.0,343.0,130.0
-127.0,220.0,143.0,-41.0,55.0,-585.0,-853.0,7.0,330.0,187.0
-116.0,451.0,122.0,-87.0,-102.0,-511.0,-949.0,-46.0,317.0,214.0
-141.0,598.0,104.0,-76.0,148.0,-237.0,-827.0,-197.0,285.0,198.0
-150.0,458.0,116.0,-105.0,177.0,112.0,-606.0,-201.0,245.0,168.0
-150.0,334.0,148.0,-65.0,-78.0,363.0,-440.0,-51.0,197.0,120.0
-175.0,-71.0,65.0,0.0,22.0,571.0,-260.0,-70.0,159.0,71.0
-170.0,-449.0,50.0,65.0,164.0,571.0,-21.0,81.0,121.0,12.0
-160.0,-592.0,43.0,68.0,88.0,377.0,160.0,151.0,96.0,-71.0
-127.0,-602.0,8.0,3.0,-140.0,114.0,244.0,205.0,83.0,-157.0
-124.0,-420.0,30.0,-35.0,-295.0,-3.0,278.0,216.0,49.0,-231.0
-135.0,-316.0,-38.0,-91.0,-163.0,-17.0,398.0,59.0,27.0,-278.0
-141.0,-273.0,-32.0,-28.0,-7.0,-170.0,478.0,-51.0,-19.0,-331.0
-131.0,-87.0,18.0,83.0,-237.0,-232.0,380.0,-232.0,-78.0,-381.0
-115.0,55.0,-29.0,136.0,-330.0,-85.0,144.0,-243.0,-130.0,-407.0
-118.0,-151.0,-52.0,146.0,-43.0,-127.0,15.0,-417.0,-177.0,-433.0
-95.0,-192.0,-91.0,91.0,108.0,-198.0,48.0,-511.0,-192.0,-462.0
-91.0,-145.0,-154.0,3.0,64.0,-209.0,67.0,-291.0,-204.0,-486.0
-81.0,-209.0,-239.0,-94.0,-109.0,-144.0,48.0,-194.0,-196.0,-473.0
-71.0,132.0,-289.0,-154.0,-21.0,-118.0,-2.0,55.0,-178.0,-442.0
-63.0,378.0,-296.0,-182.0,169.0,-378.0,18.0,151.0,-165.0,-420.0
-33.0,390.0,-360.0,-198.0,90.0,-436.0,40.0,304.0,-152.0,-390.0
-9.0,386.0,-342.0,-227.0,15.0,-402.0,-20.0,489.0,-144.0,-375.0
23.0,345.0,-332.0,-261.0,88.0,-429.0,-109.0,312.0,-116.0,-366.0
54.0,370.0,-395.0,-242.0,274.0,-249.0,-119.0,334.0,-77.0,-366.0
76.0,487.0,-426.0,-239.0,219.0,177.0,-75.0,264.0,-48.0,-353.0
35.0,565.0,-448.0,-308.0,-25.0,391.0,-171.0,155.0,-12.0,-325.0
9.0,370.0,-472.0,-338.0,13.0,183.0,-314.0,9.0,22.0,-312.0
18.0,184.0,-469.0,-324.0,107.0,33.0,-386.0,-186.0,69.0,-276.0
42.0,-59.0,-463.0,-254.0,9.0,94.0,-370.0,-11.0,124.0,-230.0
86.0,-380.0,-450.0,-200.0,-66.0,265.0,-313.0,129.0,176.0,-191.0
88.0,-462.0,-365.0,-201.0,-108.0,287.0,-263.0,266.0,242.0,-171.0
93.0,-393.0,-323.0,-166.0,89.0,91.0,-221.0,260.0,255.0,-151.0
100.0,-486.0,-296.0,-173.0,167.0,-118.0,-207.0,186.0,233.0,-132.0
125.0,-431.0,-240.0,-177.0,-189.0,-377.0,-182.0,290.0,221.0,-144.0
120.0,-145.0,-181.0,-170.0,-247.0,-806.0,-96.0,356.0,213.0,-143.0
117.0,-109.0,-116.0,-126.0,-59.0,-774.0,-6.0,413.0,225.0,-110.0
147.0,-44.0,-58.0,-76.0,-160.0,-248.0,0.0,391.0,246.0,-58.0
178.0,-112.0,-20.0,-76.0,-298.0,169.0,-3.0,469.0,273.0,-32.0
223.0,-200.0,24.0,-64.0,-275.0,463.0,-42.0,469.0,299.0,-6.0
244.0,-119.0,70.0,-83.0,-149.0,611.0,-137.0,461.0,308.0,59.0
231.0,-108.0,71.0,-104.0,69.0,663.0,-220.0,541.0,288.0,130.0
215.0,-212.0,99.0,-113.0,-50.0,659.0,-242.0,497.0,286.0,189.0
203.0,-360.0,28.0,-112.0,-212.0,826.0,-143.0,474.0,287.0,242.0
182.0,-445.0,46.0,-105.0,-4.0,799.0,1.0,245.0,268.0,287.0
171.0,-611.0,106.0,-75.0,97.0,335.0,57.0,46.0,248.0,304.0
146.0,-337.0,53.0,-104.0,24.0,-215.0,12.0,-75.0,193.0,305.0
152.0,9.0,112.0,-107.0,-62.0,-643.0,-22.0,-44.0,133.0,300.0
155.0,106.0,71.0,4.0,-29.0,-914.0,-15.0,197.0,77.0,288.0
156.0,216.0,61.0,76.0,137.0,-1008.0,-40.0,173.0,7.0,269.0
142.0,262.0,79.0,154.0,112.0,-836.0,-130.0,247.0,-66.0,283.0
113.0,404.0,42.0,190.0,-123.0,-677.0,-274.0,266.0,-125.0,369.0
126.0,463.0,87.0,224.0,-37.0,-206.0,-475.0,254.0,-170.0,447.0
108.0,537.0,9.0,273.0,210.0,296.0,-664.0,399.0,-215.0,475.0
92.0,256.0,26.0,277.0,189.0,242.0,-791.0,378.0,-250.0,491.0
78.0,-116.0,57.0,296.0,47.0,1.0,-809.0,399.0,-273.0,497.0
83.0,-84.0,-8.0,286.0,-57.0,-275.0,-679.0,195.0,-273.0,479.0
68.0,-54.0,-9.0,295.0,96.0,-523.0,-470.0,60.0,-252.0,451.0
54.0,65.0,-64.0,263.0,124.0,-640.0,-227.0,97.0,-236.0,456.0
43.0,239.0,-43.0,204.0,-111.0,-738.0,-45.0,68.0,-191.0,456.0
14.0,253.0,-53.0,136.0,-87.0,-808.0,85.0,243.0,-137.0,452.0
-10.0,51.0,-46.0,120.0,21.0,-908.0,204.0,262.0,-121.0,458.0
-45.0,249.0,18.0,165.0,23.0,-1036.0,364.0,242.0,-85.0,444.0
-70.0,505.0,-12.0,121.0,-26.0,-902.0,530.0,245.0,-72.0,413.0
-112.0,487.0,21.0,113.0,-139.0,-609.0,579.0,266.0,-68.0,364.0
-104.0,523.0,23.0,117.0,-29.0,-150.0,638.0,304.0,-11.0,354.0
-102.0,152.0,-12.0,126.0,169.0,229.0,601.0,195.0,39.0,373.0
-98.0,-158.0,-56.0,159.0,21.0,7.0,436.0,229.0,71.0,362.0
-117.0,-320.0,-79.0,140.0,-20.0,-542.0,332.0,147.0,109.0,306.0
-144.0,-392.0,-84.0,137.0,51.0,-665.0,355.0,14.0,147.0,225.0
-135.0,-434.0,-122.0,204.0,-5.0,-507.0,423.0,-25.0,188.0,142.0
-141.0,-296.0,-141.0,250.0,55.0,-334.0,410.0,68.0,239.0,28.0
-116.0,-38.0,-127.0,207.0,-98.0,-143.0,313.0,266.0,283.0,-68.0
-133.0,-133.0,-117.0,139.0,-157.0,-298.0,168.0,349.0,332.0,-135.0
-116.0,-17.0,-156.0,96.0,102.0,-421.0,183.0,415.0,393.0,-187.0
-101.0,-63.0,-117.0,34.0,-87.0,-362.0,319.0,256.0,473.0,-232.0
-92.0,-260.0,-94.0,-80.0,-327.0,-125.0,366.0,205.0,553.0,-262.0
-64.0,-389.0,-67.0,-163.0,-97.0,-66.0,222.0,243.0,605.0,-246.0
-26.0,-429.0,-49.0,-221.0,20.0,-232.0,73.0,199.0,642.0,-233.0
32.0,-330.0,-71.0,-276.0,-4.0,-327.0,54.0,181.0,641.0,-217.0
31.0,-231.0,-28.0,-288.0,-10.0,-507.0,-51.0,1.0,619.0,-145.0
49.0,-101.0,-11.0,-276.0,-3.0,-348.0,-212.0,3.0,604.0,-27.0
58.0,-180.0,20.0,-287.0,134.0,-295.0,-342.0,-62.0,567.0,59.0
49.0,-63.0,85.0,-285.0,129.0,-534.0,-332.0,-138.0,504.0,130.0
27.0,-56.0,85.0,-276.0,-56.0,-707.0,-229.0,-107.0,423.0,219.0
28.0,-73.0,49.0,-248.0,-78.0,-734.0,-146.0,-210.0,321.0,288.0
51.0,70.0,70.0,-196.0,100.0,-542.0,-98.0,-157.0,227.0,344.0
52.0,72.0,58.0,-173.0,195.0,-371.0,-18.0,-92.0,132.0,400.0
27.0,39.0,48.0,-158.0,60.0,-269.0,174.0,99.0,37.0,447.0
-28.0,-141.0,10.0,-166.0,-15.0,-304.0,322.0,157.0,-36.0,465.0
-53.0,-269.0,-17.0,-217.0,149.0,-323.0,443.0,90.0,-121.0,482.0
-91.0,-262.0,1.0,-235.0,77.0,-114.0,549.0,155.0,-181.0,485.0
-121.0,11.0,-47.0,-152.0,-139.0,-92.0,611.0,-27.0,-211.0,459.0
-159.0,234.0,-53.0,-47.0,-188.0,-228.0,580.0,-60.0,-217.0,417.0
-165.0,357.0,-41.0,57.0,-125.0,-265.0,396.0,-140.0,-224.0,361.0
-158.0,437.0,-94.0,145.0,160.0,-582.0,172.0,-205.0,-248.0,316.0
-171.0,593.0,-210.0,199.0,90.0,-658.0,34.0,-84.0,-265.0,276.0
-183.0,787.0,-248.0,249.0,-152.0,-491.0,-76.0,-168.0,-293.0,265.0
-228.0,443.0,-254.0,241.0,112.0,-618.0,-235.0,-188.0,-294.0,270.0
-234.0,347.0,-253.0,158.0,266.0,-759.0,-389.0,-317.0,-293.0,281.0
-241.0,321.0,-267.0,38.0,93.0,-899.0,-521.0,-243.0,-327.0,294.0
-232.0,107.0,-289.0,-103.0,23.0,-892.0,-521.0,-60.0,-360.0,297.0
-230.0,186.0,-278.0,-176.0,6.0,-806.0,-436.0,-164.0,-392.0,316.0
-197.0,304.0,-293.0,-115.0,9.0,-730.0,-449.0,-125.0,-391.0,314.0
-145.0,281.0,-278.0,-5.0,-70.0,-607.0,-579.0,-127.0,-359.0,285.0
-124.0,117.0,-312.0,86.0,-244.0,-564.0,-613.0,-96.0,-312.0,253.0
-82.0,52.0,-317.0,191.0,-85.0,-522.0,-520.0,-70.0,-221.0,237.0
-68.0,-241.0,-338.0,320.0,95.0,-465.0,-405.0,-97.0,-133.0,203.0
-51.0,-330.0,-305.0,370.0,-36.0,-559.0,-267.0,-109.0,-69.0,146.0
-73.0,-28.0,-171.0,385.0,-99.0,-559.0,-148.0,-188.0,-1.0,77.0
-88.0,-124.0,-145.0,442.0,-88.0,-525.0,14.0,-145.0,41.0,-7.0
-81.0,-392.0,-127.0,442.0,47.0,-631.0,129.0,-169.0,84.0,-83.0
-76.0,-478.0,-95.0,366.0,170.0,-790.0,118.0,-173.0,118.0,-152.0
-89.0,-459.0,-74.0,311.0,-16.0,-1023.0,47.0,-136.0,133.0,-207.0
-118.0,-290.0,-11.0,252.0,-21.0,-1008.0,10.0,-121.0,177.0,-261.0
-98.0,177.0,54.0,191.0,172.0,-939.0,79.0,-190.0,218.0,-292.0
-96.0,413.0,76.0,166.0,75.0,-780.0,186.0,-341.0,253.0,-298.0
-71.0,404.0,99.0,121.0,-7.0,-463.0,206.0,-267.0,301.0,-279.0
-54.0,313.0,138.0,121.0,10.0,-262.0,197.0,-290.0,323.0,-271.0
-32.0,-6.0,163.0,151.0,-25.0,-123.0,240.0,-362.0,319.0,-288.0
7.0,-87.0,159.0,158.0,126.0,49.0,333.0,-354.0,305.0,-267.0
26.0,-216.0,179.0,74.0,26.0,106.0,406.0,-249.0,282.0,-253.0
44.0,-343.0,225.0,-58.0,-124.0,16.0,292.0,-147.0,268.0,-259.0
68.0,-212.0,216.0,-112.0,155.0,-39.0,101.0,-197.0,235.0,-291.0
91.0,-143.0,182.0,-117.0,162.0,-318.0,-61.0,-38.0,201.0,-349.0
87.0,-134.0,100.0,-106.0,22.0,-486.0,-141.0,-51.0,182.0,-391.0
88.0,7.0,5.0,-122.0,-19.0,-516.0,-233.0,-105.0,154.0,-416.0
86.0,402.0,-30.0,-190.0,-32.0,-710.0,-347.0,-158.0,162.0,-416.0
89.0,543.0,-80.0,-231.0,133.0,-912.0,-295.0,-321.0,156.0,-395.0
71.0,587.0,-160.0,-207.0,34.0,-822.0,-178.0,-140.0,133.0,-366.0
71.0,622.0,-260.0,-174.0,-176.0,-686.0,-132.0,-160.0,108.0,-318.0
111.0,396.0,-289.0,-149.0,-7.0,-629.0,-188.0,-194.0,71.0,-217.0
129.0,205.0,-341.0,-189.0,61.0,-363.0,-204.0,-179.0,31.0,-95.0
125.0,-32.0,-389.0,-243.0,-75.0,-476.0,-142.0,-258.0,-15.0,13.0
99.0,-208.0,-343.0,-258.0,-64.0,-575.0,-84.0,-203.0,-38.0,119.0
86.0,-343.0,-326.0,-217.0,-61.0,-349.0,-95.0,-288.0,-73.0,217.0
50.0,-286.0,-313.0,-96.0,118.0,-162.0,-211.0,-70.0,-118.0,288.0
0.0,-55.0,-339.0,-87.0,164.0,-106.0,-261.0,107.0,-154.0,318.0
-56.0,95.0,-334.0,-85.0,-91.0,-268.0,-242.0,116.0,-165.0,344.0
-103.0,248.0,-342.0,-45.0,-49.0,-544.0,-255.0,184.0,-182.0,385.0
-133.0,196.0,-358.0,-20.0,37.0,-682.0,-183.0,24.0,-201.0,407.0
-175.0,116.0,-306.0,54.0,66.0,-387.0,-15.0,-51.0,-200.0,426.0
-215.0,-42.0,-253.0,111.0,47.0,-224.0,101.0,-218.0,-190.0,447.0
-242.0,-282.0,-208.0,136.0,-66.0,-467.0,116.0,-236.0,-147.0,420.0
-271.0,-390.0,-127.0,138.0,52.0,-626.0,15.0,-79.0,-124.0,377.0
-333.0,-439.0,-84.0,131.0,109.0,-724.0,-127.0,-60.0,-110.0,333.0
-355.0,-291.0,-129.0,77.0,-135.0,-529.0,-252.0,-22.0,-87.0,297.0
-327.0,-50.0,-95.0,38.0,-180.0,-36.0,-359.0,-25.0,-82.0,280.0
-306.0,114.0,-44.0,-4.0,-78.0,50.0,-423.0,46.0,-81.0,257.0
-310.0,134.0,-28.0,-48.0,-65.0,-83.0,-456.0,40.0,-89.0,246.0
-324.0,218.0,26.0,-79.0,-57.0,-262.0,-419.0,5.0,-69.0,268.0
-320.0,365.0,78.0,-124.0,-214.0,-166.0,-289.0,-138.0,-37.0,304.0
-310.0,295.0,116.0,-68.0,-85.0,68.0,-116.0,-214.0,-3.0,322.0
-327.0,192.0,179.0,-24.0,52.0,-4.0,18.0,31.0,44.0,357.0
-341.0,179.0,197.0,0.0,-226.0,-18.0,63.0,86.0,77.0,392.0
-320.0,-85.0,178.0,26.0,-140.0,-13.0,99.0,99.0,115.0,389.0
-324.0,-405.0,161.0,-19.0,-21.0,283.0,167.0,-38.0,182.0,393.0
-327.0,-370.0,136.0,-34.0,-125.0,632.0,201.0,-201.0,211.0,369.0
-329.0,-472.0,114.0,-42.0,0.0,544.0,186.0,-266.0,222.0,318.0
-323.0,-288.0,53.0,-52.0,-39.0,149.0,186.0,-415.0,233.0,268.0
-296.0,135.0,19.0,-45.0,-23.0,-283.0,163.0,-279.0,215.0,231.0
-281.0,247.0,-43.0,-10.0,190.0,-611.0,87.0,-225.0,223.0,175.0
-246.0,542.0,-133.0,32.0,109.0,-621.0,6.0,-59.0,212.0,93.0
-203.0,722.0,-186.0,31.0,36.0,-327.0,-9.0,72.0,193.0,18.0
-157.0,833.0,-262.0,16.0,35.0,-170.0,76.0,-107.0,204.0,-48.0
-120.0,826.0,-324.0,-13.0,100.0,-272.0,193.0,-94.0,204.0,-82.0
-91.0,541.0,-333.0,-4.0,179.0,-398.0,283.0,-112.0,202.0,-107.0
-44.0,87.0,-344.0,24.0,-43.0,-160.0,310.0,12.0,200.0,-97.0
-25.0,-359.0,-329.0,41.0,-74.0,-159.0,396.0,36.0,181.0,-62.0
-37.0,-570.0,-319.0,3.0,57.0,-274.0,614.0,-53.0,161.0,-53.0
-59.0,-778.0,-354.0,-29.0,-39.0,-77.0,805.0,11.0,174.0,-60.0
-58.0,-711.0,-342.0,17.0,-51.0,0.0,784.0,-116.0,177.0,-52.0
-69.0,-554.0,-311.0,57.0,-34.0,-66.0,632.0,-105.0,155.0,-29.0
-123.0,-362.0,-313.0,113.0,-146.0,-204.0,578.0,-136.0,135.0,-11.0
-177.0,-222.0,-269.0,157.0,-98.0,-221.0,587.0,-218.0,118.0,3.0
-208.0,-94.0,-179.0,152.0,-121.0,-77.0,585.0,-131.0,113.0,15.0
-221.0,109.0,-155.0,84.0,-121.0,46.0,484.0,-22.0,96.0,41.0
-253.0,14.0,-107.0,36.0,69.0,-17.0,390.0,72.0,70.0,72.0
-274.0,-64.0,-119.0,57.0,0.0,-18.0,432.0,-53.0,47.0,124.0
-275.0,-253.0,-177.0,89.0,-32.0,91.0,474.0,-133.0,25.0,181.0
-280.0,-327.0,-174.0,157.0,50.0,-11.0,397.0,-175.0,-7.0,220.0
-286.0,-330.0,-201.0,217.0,111.0,-237.0,295.0,-216.0,-51.0,243.0
-282.0,-322.0,-154.0,228.0,225.0,41.0,303.0,-291.0,-70.0,262.0
-258.0,-217.0,-113.0,230.0,87.0,509.0,303.0,-421.0,-79.0,248.0
-249.0,-268.0,-98.0,311.0,-100.0,511.0,260.0,-389.0,-78.0,172.0
-227.0,-25.0,-71.0,337.0,0.0,573.0,193.0,-375.0,-60.0,84.0
-207.0,0.0,-69.0,312.0,76.0,528.0,122.0,-199.0,-50.0,-19.0
-191.0,-182.0,-85.0,255.0,-5.0,381.0,-8.0,-199.0,-48.0,-127.0
-173.0,-159.0,-123.0,134.0,-64.0,355.0,-186.0,-330.0,-46.0,-251.0
-155.0,-167.0,-136.0,72.0,-89.0,449.0,-356.0,-332.0,-9.0,-374.0
-134.0,-230.0,-174.0,6.0,51.0,590.0,-539.0,-412.0,52.0,-472.0
-132.0,-322.0,-170.0,-24.0,-41.0,337.0,-585.0,-328.0,116.0,-536.0
-112.0,-115.0,-169.0,-50.0,-246.0,150.0,-595.0,-417.0,169.0,-581.0
-116.0,8.0,-225.0,-129.0,30.0,86.0,-630.0,-347.0,192.0,-613.0
-111.0,74.0,-215.0,-205.0,164.0,-55.0,-615.0,-260.0,191.0,-604.0
-96.0,242.0,-190.0,-287.0,15.0,-33.0,-542.0,-485.0,181.0,-606.0
-102.0,287.0,-221.0,-379.0,-51.0,-21.0,-406.0,-454.0,174.0,-553.0
-89.0,503.0,-187.0,-398.0,-31.0,214.0,-215.0,-450.0,130.0,-468.0
-79.0,716.0,-146.0,-320.0,80.0,469.0,0.0,-323.0,90.0,-423.0
-65.0,689.0,-202.0,-220.0,93.0,247.0,191.0,-317.0,43.0,-384.0
-73.0,448.0,-199.0,-153.0,-66.0,-56.0,369.0,-417.0,-9.0,-353.0
-102.0,269.0,-211.0,-135.0,-93.0,-133.0,463.0,-308.0,-39.0,-309.0
-107.0,-88.0,-232.0,-104.0,169.0,165.0,446.0,-437.0,-83.0,-263.0
-70.0,-344.0,-225.0,-58.0,175.0,415.0,324.0,-495.0,-96.0,-211.0
-54.0,-259.0,-228.0,7.0,8.0,554.0,268.0,-498.0,-103.0,-159.0
-52.0,-324.0,-176.0,79.0,103.0,519.0,243.0,-358.0,-105.0,-123.0
-30.0,-41.0,-148.0,110.0,84.0,-47.0,164.0,-147.0,-109.0,-85.0
-20.0,195.0,-136.0,164.0,69.0,-377.0,138.0,-133.0,-132.0,-54.0
-15.0,157.0,-130.0,223.0,20.0,-371.0,162.0,-171.0,-148.0,-52.0
-1.0,316.0,-117.0,234.0,-148.0,-358.0,310.0,-245.0,-156.0,-67.0
16.0,534.0,-153.0,235.0,71.0,-317.0,414.0,-133.0,-112.0,-85.0
20.0,441.0,-165.0,259.0,261.0,-64.0,351.0,-120.0,-93.0,-109.0
44.0,170.0,-110.0,314.0,100.0,54.0,187.0,-79.0,-74.0,-142.0
64.0,18.0,-178.0,345.0,35.0,-107.0,59.0,-48.0,-30.0,-175.0
94.0,-210.0,-214.0,280.0,113.0,14.0,40.0,-97.0,-36.0,-194.0
115.0,-143.0,-183.0,159.0,192.0,380.0,-4.0,22.0,-52.0,-219.0
113.0,-84.0,-124.0,78.0,193.0,831.0,-134.0,-145.0,-60.0,-237.0
114.0,-118.0,-11.0,85.0,-2.0,847.0,-225.0,-299.0,-47.0,-250.0
94.0,-115.0,77.0,125.0,22.0,469.0,-134.0,-339.0,-3.0,-253.0
94.0,-86.0,166.0,69.0,138.0,267.0,-2.0,-290.0,-3.0,-214.0
81.0,186.0,151.0,3.0,-3.0,339.0,6.0,-199.0,-24.0,-184.0
59.0,397.0,107.0,-19.0,-11.0,319.0,-115.0,-269.0,-23.0,-125.0
48.0,689.0,117.0,-19.0,-111.0,71.0,-280.0,-149.0,-27.0,-39.0
53.0,630.0,87.0,79.0,1.0,39.0,-444.0,-194.0,-15.0,15.0
46.0,363.0,66.0,103.0,193.0,276.0,-601.0,-219.0,-21.0,77.0
19.0,280.0,122.0,114.0,-146.0,381.0,-777.0,-101.0,-23.0,117.0
12.0,288.0,119.0,101.0,-137.0,164.0,-947.0,-40.0,-13.0,147.0
-26.0,373.0,94.0,11.0,101.0,106.0,-977.0,197.0,-13.0,170.0
-87.0,149.0,157.0,-43.0,-77.0,381.0,-955.0,245.0,9.0,180.0
-116.0,98.0,116.0,-143.0,-131.0,634.0,-977.0,262.0,-9.0,205.0
-139.0,131.0,129.0,-207.0,-86.0,706.0,-979.0,262.0,-37.0,184.0
-143.0,76.0,196.0,-245.0,-75.0,775.0,-825.0,181.0,-47.0,142.0
-156.0,145.0,119.0,-246.0,90.0,599.0,-504.0,229.0,-46.0,112.0
-203.0,181.0,147.0,-217.0,-91.0,335.0,-171.0,184.0,-40.0,76.0
-238.0,354.0,118.0,-180.0,-59.0,356.0,11.0,253.0,-70.0,52.0
-271.0,366.0,32.0,-197.0,205.0,519.0,73.0,314.0,-120.0,29.0
-273.0,183.0,81.0,-262.0,-49.0,789.0,109.0,304.0,-150.0,14.0
-258.0,71.0,-3.0,-212.0,-49.0,711.0,110.0,147.0,-159.0,16.0
-237.0,46.0,-49.0,-165.0,36.0,363.0,37.0,-68.0,-167.0,3.0
-219.0,-31.0,-80.0,-73.0,6.0,126.0,-137.0,-33.0,-188.0,-25.0
-229.0,-179.0,-198.0,13.0,131.0,359.0,-289.0,-62.0,-226.0,-47.0
-230.0,-176.0,-180.0,113.0,-3.0,548.0,-344.0,68.0,-249.0,-60.0
-213.0,-12.0,-228.0,228.0,-35.0,366.0,-378.0,94.0,-262.0,-71.0
-185.0,303.0,-279.0,244.0,76.0,381.0,-487.0,33.0,-270.0,-72.0
-159.0,401.0,-251.0,283.0,-60.0,208.0,-554.0,18.0,-264.0,-67.0
-121.0,391.0,-237.0,319.0,20.0,111.0,-547.0,-131.0,-264.0,-68.0
-94.0,409.0,-223.0,310.0,-10.0,361.0,-525.0,3.0,-245.0,-48.0
-41.0,311.0,-240.0,207.0,-166.0,663.0,-461.0,70.0,-214.0,-11.0
-17.0,167.0,-250.0,116.0,118.0,657.0,-526.0,254.0,-209.0,28.0
-5.0,152.0,-245.0,59.0,-58.0,462.0,-603.0,375.0,-211.0,75.0
29.0,272.0,-191.0,28.0,-134.0,584.0,-548.0,266.0,-186.0,123.0
38.0,51.0,-116.0,1.0,177.0,623.0,-474.0,236.0,-162.0,202.0
51.0,-210.0,-60.0,-3.0,-11.0,519.0,-447.0,9.0,-143.0,282.0
19.0,-473.0,-39.0,88.0,35.0,571.0,-402.0,49.0,-128.0,357.0
22.0,-508.0,-8.0,83.0,-11.0,568.0,-305.0,81.0,-132.0,460.0
28.0,-189.0,-16.0,60.0,-107.0,308.0,-202.0,66.0,-120.0,554.0
15.0,-31.0,-85.0,75.0,246.0,62.0,-146.0,131.0,-98.0,625.0
0.0,139.0,-86.0,93.0,81.0,-73.0,-116.0,53.0,-87.0,663.0
-20.0,223.0,-71.0,112.0,-116.0,3.0,2.0,266.0,-62.0,652.0
-15.0,252.0,-80.0,138.0,143.0,212.0,106.0,365.0,-39.0,596.0
-30.0,191.0,-69.0,165.0,39.0,210.0,155.0,286.0,-24.0,495.0
-20.0,94.0,-45.0,207.0,-100.0,127.0,104.0,169.0,-5.0,380.0
-38.0,104.0,-36.0,218.0,8.0,221.0,9.0,16.0,-10.0,278.0
-56.0,156.0,27.0,158.0,-141.0,555.0,-53.0,9.0,-10.0,157.0
-54.0,120.0,51.0,83.0,-117.0,810.0,-151.0,55.0,-17.0,35.0
-18.0,64.0,44.0,-27.0,-69.0,838.0,-294.0,229.0,-41.0,-62.0
26.0,85.0,109.0,-34.0,-271.0,546.0,-476.0,323.0,-36.0,-141.0
55.0,-41.0,80.0,-6.0,-130.0,177.0,-501.0,382.0,-13.0,-213.0
89.0,3.0,126.0,-44.0,-70.0,166.0,-433.0,332.0,37.0,-277.0
96.0,-96.0,130.0,-105.0,-116.0,302.0,-367.0,194.0,55.0,-297.0
143.0,-280.0,127.0,-110.0,-61.0,154.0,-319.0,208.0,47.0,-316.0
149.0,-421.0,214.0,-108.0,-162.0,-101.0,-272.0,105.0,57.0,-313.0
137.0,-549.0,171.0,-154.0,32.0,-104.0,-136.0,105.0,47.0,-295.0
130.0,-738.0,205.0,-155.0,141.0,77.0,17.0,-35.0,49.0,-299.0
145.0,-1126.0,200.0,-141.0,-94.0,223.0,24.0,-158.0,45.0,-306.0
173.0,-1053.0,174.0,-111.0,34.0,208.0,-123.0,-73.0,39.0,-308.0
153.0,-1287.0,173.0,-64.0,235.0,354.0,-196.0,-286.0,35.0,-284.0
151.0,-1305.0,181.0,-12.0,211.0,342.0,-191.0,-351.0,22.0,-247.0
138.0,-921.0,156.0,-16.0,157.0,120.0,-96.0,-395.0,31.0,-194.0
140.0,-682.0,89.0,-30.0,91.0,31.0,-9.0,-354.0,25.0,-163.0
132.0,-157.0,83.0,-2.0,149.0,-43.0,15.0,-184.0,-27.0,-128.0
125.0,-13.0,16.0,42.0,138.0,-94.0,54.0,-182.0,-61.0,-67.0
118.0,223.0,30.0,44.0,-88.0,-184.0,54.0,14.0,-79.0,-48.0
123.0,254.0,-5.0,-12.0,-146.0,-217.0,49.0,123.0,-138.0,-23.0
133.0,120.0,-42.0,-81.0,-12.0,-220.0,22.0,256.0,-161.0,-11.0
120.0,242.0,-62.0,-130.0,-29.0,-54.0,13.0,273.0,-181.0,-43.0
98.0,210.0,-78.0,-128.0,-85.0,71.0,1.0,79.0,-190.0,-91.0
68.0,458.0,-42.0,-109.0,-153.0,62.0,-49.0,134.0,-154.0,-145.0
53.0,640.0,-12.0,-93.0,-9.0,178.0,-193.0,157.0,-126.0,-204.0
35.0,644.0,5.0,-60.0,162.0,64.0,-313.0,68.0,-80.0,-269.0
37.0,568.0,-55.0,14.0,-88.0,-331.0,-325.0,-158.0,-46.0,-310.0
12.0,496.0,-32.0,38.0,-77.0,-490.0,-294.0,-254.0,-21.0,-318.0
1.0,465.0,-95.0,38.0,78.0,-179.0,-300.0,-142.0,-14.0,-316.0
21.0,284.0,-95.0,7.0,116.0,300.0,-408.0,-48.0,-27.0,-301.0
36.0,35.0,-59.0,-52.0,176.0,510.0,-463.0,18.0,-59.0,-260.0
56.0,-142.0,-87.0,-47.0,-20.0,326.0,-504.0,18.0,-105.0,-210.0
68.0,-309.0,-11.0,-19.0,-53.0,139.0,-520.0,133.0,-140.0,-157.0
72.0,-678.0,-36.0,21.0,204.0,19.0,-518.0,9.0,-170.0,-134.0
58.0,-681.0,-75.0,49.0,51.0,169.0,-501.0,-60.0,-210.0,-149.0
40.0,-558.0,-53.0,65.0,-218.0,198.0,-426.0,9.0,-262.0,-179.0
54.0,-538.0,-2.0,129.0,-38.0,-269.0,-370.0,-7.0,-257.0,-239.0
83.0,-294.0,-25.0,256.0,13.0,-519.0,-361.0,282.0,-257.0,-299.0
124.0,-165.0,8.0,359.0,-29.0,-515.0,-353.0,264.0,-260.0,-321.0
162.0,-65.0,86.0,420.0,-60.0,-213.0,-196.0,195.0,-238.0,-330.0
166.0,54.0,102.0,470.0,-114.0,219.0,36.0,121.0,-246.0,-331.0
208.0,215.0,215.0,467.0,110.0,461.0,229.0,-84.0,-225.0,-292.0
236.0,212.0,163.0,381.0,186.0,647.0,345.0,7.0,-213.0,-235.0
278.0,200.0,102.0,287.0,-64.0,655.0,469.0,-127.0,-215.0,-173.0
297.0,411.0,163.0,290.0,-137.0,463.0,630.0,-94.0,-194.0,-110.0
303.0,477.0,118.0,285.0,102.0,257.0,737.0,35.0,-181.0,-45.0
303.0,461.0,133.0,301.0,114.0,-89.0,722.0,24.0,-165.0,14.0
286.0,433.0,156.0,307.0,-92.0,-287.0,585.0,144.0,-136.0,33.0
323.0,581.0,130.0,238.0,-147.0,-220.0,476.0,131.0,-122.0,43.0
306.0,525.0,164.0,221.0,-4.0,-267.0,270.0,127.0,-121.0,58.0
308.0,273.0,122.0,253.0,99.0,-292.0,-66.0,73.0,-106.0,40.0
276.0,202.0,63.0,271.0,-69.0,-233.0,-381.0,112.0,-89.0,5.0
269.0,4.0,63.0,252.0,-132.0,-109.0,-590.0,201.0,-75.0,-38.0
269.0,-278.0,-10.0,256.0,64.0,-114.0,-727.0,234.0,-87.0,-89.0
241.0,-476.0,-33.0,235.0,174.0,95.0,-825.0,197.0,-84.0,-177.0
247.0,-468.0,-69.0,171.0,-13.0,283.0,-820.0,-18.0,-54.0,-290.0
204.0,-468.0,-97.0,110.0,-166.0,-8.0,-821.0,-107.0,-31.0,-365.0
180.0,-258.0,-71.0,59.0,10.0,-64.0,-793.0,-214.0,-2.0,-433.0
141.0,-155.0,-162.0,55.0,76.0,43.0,-688.0,-199.0,33.0,-487.0
123.0,-308.0,-188.0,20.0,-72.0,-116.0,-553.0,-251.0,80.0,-514.0
93.0,33.0,-183.0,-79.0,-97.0,-431.0,-413.0,-386.0,115.0,-531.0
71.0,209.0,-207.0,-162.0,-74.0,-657.0,-221.0,-308.0,128.0,-531.0
35.0,369.0,-252.0,-268.0,60.0,-678.0,45.0,-410.0,153.0,-515.0
7.0,673.0,-236.0,-328.0,137.0,-466.0,289.0,-264.0,185.0,-458.0
-1.0,491.0,-219.0,-303.0,-120.0,-229.0,481.0,-83.0,211.0,-407.0
-51.0,309.0,-298.0,-308.0,-93.0,39.0,553.0,24.0,235.0,-380.0
-69.0,346.0,-310.0,-253.0,213.0,365.0,557.0,251.0,217.0,-321.0
-83.0,368.0,-355.0,-232.0,148.0,519.0,547.0,81.0,181.0,-249.0
-58.0,181.0,-415.0,-286.0,13.0,328.0,520.0,-59.0,189.0,-170.0
-87.0,83.0,-419.0,-318.0,52.0,-53.0,399.0,-243.0,181.0,-79.0
-123.0,67.0,-433.0,-285.0,96.0,-231.0,236.0,-436.0,156.0,-5.0
-114.0,-204.0,-391.0,-165.0,154.0,-346.0,204.0,-371.0,156.0,68.0
-107.0,-329.0,-325.0,-134.0,0.0,-598.0,306.0,-399.0,153.0,138.0
-115.0,-164.0,-345.0,-104.0,-179.0,-852.0,412.0,-352.0,146.0,193.0
-128.0,-21.0,-323.0,-62.0,-13.0,-722.0,387.0,-256.0,140.0,254.0
-103.0,249.0,-332.0,-117.0,137.0,-444.0,364.0,-208.0,124.0,306.0
-67.0,510.0,-384.0,-156.0,-76.0,-281.0,400.0,-212.0,105.0,357.0
-41.0,200.0,-334.0,-146.0,-279.0,-22.0,423.0,-46.0,78.0,409.0
-42.0,-29.0,-291.0,-131.0,-56.0,196.0,366.0,51.0,92.0,463.0
7.0,185.0,-218.0,-169.0,101.0,191.0,258.0,16.0,115.0,505.0
40.0,344.0,-123.0,-245.0,-94.0,88.0,140.0,182.0,105.0,525.0
31.0,244.0,-69.0,-314.0,-147.0,-5.0,-29.0,179.0,85.0,544.0
26.0,30.0,-39.0,-403.0,-18.0,-263.0,-210.0,269.0,59.0,546.0
47.0,-172.0,-28.0,-466.0,90.0,-486.0,-314.0,169.0,25.0,505.0
70.0,-513.0,-77.0,-460.0,43.0,-710.0,-194.0,24.0,-60.0,441.0
65.0,-678.0,-63.0,-437.0,-134.0,-975.0,-17.0,144.0,-146.0,401.0
84.0,-734.0,17.0,-370.0,11.0,-853.0,31.0,-96.0,-190.0,332.0
122.0,-568.0,20.0,-286.0,242.0,-399.0,0.0,-155.0,-248.0,261.0
159.0,-272.0,46.0,-262.0,29.0,-225.0,7.0,-125.0,-310.0,232.0
143.0,-116.0,103.0,-290.0,-103.0,-252.0,69.0,-140.0,-343.0,187.0
137.0,190.0,142.0,-269.0,52.0,-82.0,115.0,-109.0,-363.0,148.0
126.0,388.0,170.0,-206.0,1.0,-194.0,169.0,-232.0,-368.0,127.0
116.0,645.0,183.0,-154.0,-11.0,-326.0,227.0,-258.0,-343.0,111.0
122.0,711.0,181.0,-63.0,-41.0,-129.0,297.0,-428.0,-351.0,76.0
124.0,528.0,189.0,-48.0,-152.0,-207.0,278.0,-426.0,-338.0,44.0
139.0,500.0,180.0,-93.0,71.0,-669.0,202.0,-225.0,-305.0,29.0
148.0,281.0,189.0,-126.0,108.0,-819.0,106.0,-86.0,-300.0,9.0
143.0,-211.0,184.0,-244.0,-128.0,-475.0,31.0,18.0,-255.0,-27.0
145.0,-777.0,161.0,-312.0,-116.0,-290.0,97.0,9.0,-233.0,-106.0
149.0,-955.0,117.0,-328.0,84.0,-299.0,118.0,51.0,-199.0,-155.0
153.0,-889.0,37.0,-360.0,28.0,-153.0,68.0,-96.0,-141.0,-197.0
153.0,-953.0,41.0,-361.0,-172.0,4.0,30.0,-219.0,-111.0,-265.0
130.0,-907.0,-12.0,-380.0,-133.0,-154.0,15.0,-262.0,-69.0,-293.0
138.0,-515.0,-20.0,-352.0,5.0,-466.0,110.0,-243.0,-49.0,-290.0
132.0,-173.0,-6.0,-332.0,77.0,-580.0,191.0,-169.0,-46.0,-276.0
139.0,-66.0,-7.0,-248.0,-29.0,-368.0,113.0,-384.0,-29.0,-272.0
155.0,145.0,4.0,-96.0,-43.0,-260.0,31.0,-317.0,-34.0,-251.0
138.0,326.0,-88.0,-35.0,79.0,-426.0,20.0,-253.0,-74.0,-204.0
116.0,696.0,-99.0,-10.0,146.0,-398.0,70.0,-221.0,-106.0,-166.0
116.0,925.0,-128.0,-1.0,74.0,-31.0,97.0,1.0,-141.0,-123.0
135.0,776.0,-108.0,30.0,-132.0,467.0,20.0,49.0,-156.0,-74.0
119.0,685.0,-76.0,72.0,-11.0,564.0,-46.0,229.0,-123.0,-60.0
121.0,475.0,-34.0,152.0,232.0,429.0,-109.0,129.0,-100.0,-87.0
94.0,223.0,23.0,224.0,27.0,271.0,-177.0,-9.0,-75.0,-119.0
80.0,-123.0,-32.0,263.0,-162.0,187.0,-222.0,55.0,-55.0,-176.0
62.0,-343.0,-9.0,227.0,-3.0,162.0,-234.0,-53.0,-25.0,-252.0
38.0,-403.0,-60.0,134.0,60.0,-23.0,-192.0,-118.0,-2.0,-324.0
19.0,-674.0,-71.0,141.0,-2.0,-150.0,-23.0,-129.0,-7.0,-363.0
-1.0,-843.0,-27.0,125.0,-223.0,-375.0,197.0,-7.0,7.0,-352.0
31.0,-690.0,-28.0,83.0,-234.0,-356.0,358.0,-14.0,13.0,-352.0
25.0,-500.0,48.0,38.0,93.0,-384.0,569.0,-22.0,23.0,-350.0
13.0,-632.0,73.0,-71.0,-32.0,-691.0,733.0,3.0,13.0,-331.0
3.0,-618.0,77.0,-174.0,-231.0,-722.0,754.0,-103.0,0.0,-293.0
20.0,-283.0,71.0,-183.0,-39.0,-623.0,645.0,-83.0,5.0,-252.0
34.0,-87.0,56.0,-115.0,197.0,-450.0,498.0,-190.0,-24.0,-202.0
27.0,-53.0,70.0,-47.0,171.0,-254.0,370.0,-227.0,-36.0,-140.0
57.0,-75.0,77.0,17.0,-53.0,-27.0,310.0,-138.0,-30.0,-123.0
93.0,-84.0,120.0,42.0,-45.0,-85.0,250.0,25.0,-44.0,-129.0
152.0,-156.0,170.0,3.0,116.0,-227.0,48.0,186.0,-88.0,-129.0
179.0,-464.0,165.0,-48.0,101.0,-217.0,-85.0,77.0,-120.0,-159.0
166.0,-795.0,151.0,-80.0,-67.0,-440.0,-130.0,14.0,-126.0,-211.0
156.0,-673.0,161.0,-120.0,-184.0,-478.0,-152.0,-171.0,-146.0,-214.0
162.0,-436.0,207.0,-126.0,-120.0,-317.0,-198.0,-212.0,-161.0,-193.0
133.0,-343.0,199.0,-88.0,-5.0,-313.0,-246.0,-49.0,-168.0,-187.0
101.0,-287.0,198.0,-52.0,-146.0,-315.0,-174.0,-57.0,-164.0,-184.0
85.0,-176.0,260.0,-32.0,-272.0,-167.0,-52.0,7.0,-171.0,-199.0
92.0,54.0,264.0,-17.0,-57.0,2.0,39.0,-49.0,-146.0,-217.0
114.0,53.0,280.0,-2.0,67.0,21.0,29.0,-60.0,-107.0,-224.0
132.0,-16.0,300.0,-31.0,-71.0,25.0,45.0,-55.0,-81.0,-207.0
161.0,-148.0,312.0,-77.0,-172.0,53.0,151.0,-70.0,-43.0,-170.0
140.0,-196.0,306.0,-79.0,-74.0,-139.0,293.0,-55.0,-46.0,-117.0
121.0,-95.0,250.0,-62.0,91.0,-557.0,417.0,-136.0,-58.0,-44.0
92.0,-53.0,252.0,-76.0,46.0,-684.0,541.0,-7.0,-62.0,36.0
70.0,-17.0,230.0,-97.0,-182.0,-246.0,760.0,86.0,-59.0,109.0
36.0,-185.0,230.0,-65.0,-99.0,194.0,914.0,169.0,-49.0,175.0
38.0,-215.0,238.0,-42.0,115.0,448.0,859.0,118.0,-32.0,220.0
84.0,-235.0,201.0,-21.0,41.0,471.0,598.0,9.0,-32.0,251.0
91.0,-220.0,227.0,40.0,-36.0,179.0,324.0,-3.0,-65.0,275.0
115.0,85.0,206.0,27.0,44.0,113.0,148.0,-162.0,-52.0,265.0
110.0,264.0,237.0,-20.0,144.0,63.0,-49.0,-72.0,-48.0,246.0
143.0,313.0,253.0,-64.0,79.0,-181.0,-271.0,-182.0,-56.0,216.0
153.0,289.0,238.0,-55.0,-112.0,-342.0,-397.0,-310.0,-49.0,192.0
145.0,330.0,262.0,-13.0,-59.0,-356.0,-420.0,-197.0,-43.0,181.0
146.0,357.0,211.0,-45.0,103.0,-443.0,-451.0,-227.0,-16.0,177.0
137.0,354.0,198.0,-66.0,-10.0,-455.0,-476.0,11.0,-10.0,177.0
153.0,392.0,171.0,-134.0,-77.0,6.0,-467.0,160.0,-5.0,163.0
159.0,239.0,158.0,-229.0,-118.0,254.0,-344.0,219.0,25.0,153.0
197.0,35.0,121.0,-253.0,28.0,304.0,-174.0,236.0,23.0,125.0
196.0,-125.0,98.0,-273.0,221.0,423.0,-76.0,44.0,-7.0,96.0
204.0,-183.0,72.0,-240.0,-106.0,309.0,-1.0,-12.0,-18.0,65.0
197.0,-154.0,12.0,-211.0,-60.0,127.0,68.0,18.0,-19.0,32.0
179.0,-134.0,44.0,-243.0,237.0,-79.0,154.0,112.0,-28.0,4.0
158.0,-31.0,9.0,-247.0,64.0,-352.0,235.0,22.0,-37.0,-37.0
104.0,75.0,67.0,-234.0,-23.0,-676.0,291.0,-62.0,-67.0,-56.0
87.0,151.0,91.0,-216.0,-22.0,-695.0,299.0,-127.0,-91.0,-44.0
68.0,366.0,55.0,-164.0,-38.0,-287.0,314.0,-299.0,-95.0,1.0
69.0,632.0,137.0,-123.0,171.0,-68.0,320.0,-286.0,-94.0,67.0
41.0,706.0,146.0,-139.0,12.0,-159.0,275.0,-363.0,-74.0,151.0
10.0,988.0,137.0,-125.0,-248.0,85.0,252.0,-297.0,-79.0,261.0
-44.0,1096.0,146.0,-86.0,128.0,552.0,230.0,-236.0,-85.0,361.0
-97.0,828.0,122.0,-69.0,192.0,654.0,198.0,-242.0,-87.0,427.0
-105.0,855.0,73.0,-51.0,-42.0,552.0,124.0,-84.0,-80.0,478.0
-123.0,711.0,58.0,-118.0,-50.0,408.0,7.0,-131.0,-82.0,491.0
-110.0,337.0,30.0,-208.0,-10.0,44.0,-84.0,-136.0,-90.0,461.0
-133.0,-40.0,13.0,-238.0,206.0,-82.0,-54.0,-277.0,-42.0,411.0
-147.0,-165.0,-18.0,-254.0,172.0,112.0,-21.0,-290.0,-40.0,332.0
-153.0,-201.0,-27.0,-280.0,-134.0,152.0,-100.0,-199.0,-51.0,256.0
-176.0,-489.0,-46.0,-308.0,-61.0,175.0,-186.0,-312.0,-35.0,164.0
-189.0,-738.0,-60.0,-270.0,248.0,175.0,-218.0,-225.0,-58.0,55.0
-200.0,-1084.0,-119.0,-253.0,111.0,234.0,-222.0,-321.0,-80.0,-18.0
-154.0,-1042.0,-167.0,-251.0,-151.0,489.0,-250.0,-378.0,-68.0,-78.0
-117.0,-731.0,-38.0,-166.0,-57.0,800.0,-313.0,-380.0,-35.0,-141.0
-99.0,-551.0,-97.0,-153.0,67.0,653.0,-361.0,-332.0,-20.0,-172.0
-84.0,-222.0,-44.0,-139.0,55.0,177.0,-330.0,-188.0,-6.0,-172.0
-88.0,89.0,-19.0,-70.0,-38.0,50.0,-269.0,-310.0,15.0,-197.0
-79.0,248.0,-34.0,-84.0,2.0,44.0,-239.0,-303.0,40.0,-220.0
-71.0,196.0,-17.0,-84.0,88.0,-100.0,-257.0,-212.0,69.0,-220.0
-65.0,64.0,-79.0,-128.0,126.0,-357.0,-144.0,-114.0,84.0,-218.0
-65.0,5.0,-17.0,-179.0,-3.0,-332.0,70.0,-169.0,82.0,-222.0
-49.0,98.0,-106.0,-209.0,-165.0,-58.0,195.0,-186.0,58.0,-209.0
-1.0,214.0,-52.0,-304.0,140.0,302.0,248.0,20.0,39.0,-217.0
25.0,229.0,-113.0,-305.0,220.0,670.0,176.0,169.0,46.0,-243.0
44.0,193.0,-165.0,-272.0,-89.0,713.0,129.0,365.0,28.0,-215.0
60.0,221.0,-129.0,-249.0,-122.0,667.0,110.0,264.0,-3.0,-187.0
55.0,98.0,-218.0,-207.0,-84.0,472.0,81.0,245.0,23.0,-159.0
67.0,-188.0,-150.0,-197.0,-14.0,-14.0,30.0,236.0,50.0,-118.0
66.0,-154.0,-144.0,-197.0,18.0,-318.0,-54.0,-35.0,58.0,-78.0
55.0,-250.0,-103.0,-180.0,-256.0,-285.0,-73.0,-53.0,93.0,-16.0
54.0,-272.0,-59.0,-155.0,-242.0,-418.0,-99.0,-199.0,99.0,44.0
46.0,-291.0,-45.0,-134.0,3.0,-765.0,-121.0,-136.0,86.0,92.0
43.0,-524.0,-27.0,-151.0,-197.0,-805.0,-188.0,-9.0,95.0,130.0
12.0,-334.0,-16.0,-210.0,-220.0,-439.0,-188.0,-155.0,108.0,142.0
0.0,-136.0,14.0,-193.0,7.0,48.0,-98.0,-57.0,138.0,135.0
8.0,-35.0,21.0,-204.0,-11.0,655.0,-70.0,-22.0,155.0,139.0
13.0,4.0,4.0,-196.0,13.0,925.0,-119.0,35.0,162.0,126.0
24.0,227.0,-13.0,-91.0,22.0,694.0,-158.0,-20.0,219.0,129.0
28.0,340.0,-44.0,-55.0,32.0,449.0,-157.0,-109.0,271.0,153.0
43.0,345.0,0.0,-36.0,246.0,152.0,-219.0,-31.0,292.0,185.0
61.0,557.0,31.0,-22.0,256.0,29.0,-249.0,-64.0,325.0,260.0
85.0,263.0,-54.0,4.0,-13.0,130.0,-230.0,46.0,346.0,323.0
77.0,132.0,41.0,107.0,-46.0,219.0,-98.0,42.0,347.0,418.0
73.0,79.0,60.0,210.0,81.0,54.0,149.0,42.0,328.0,542.0
100.0,-146.0,32.0,264.0,54.0,-198.0,384.0,97.0,320.0,620.0
118.0,-158.0,63.0,287.0,-73.0,-73.0,527.0,31.0,336.0,684.0
139.0,-352.0,36.0,261.0,-89.0,198.0,605.0,-83.0,310.0,738.0
166.0,-563.0,67.0,159.0,94.0,244.0,724.0,-208.0,248.0,759.0
188.0,-599.0,66.0,59.0,99.0,111.0,780.0,-60.0,194.0,725.0
179.0,-504.0,78.0,-7.0,-73.0,41.0,696.0,-129.0,144.0,672.0
192.0,-433.0,46.0,-43.0,-134.0,80.0,528.0,-245.0,86.0,614.0
213.0,-286.0,71.0,-52.0,14.0,173.0,416.0,-254.0,49.0,507.0
207.0,-47.0,69.0,-103.0,160.0,120.0,286.0,-232.0,73.0,389.0
208.0,235.0,42.0,-129.0,-10.0,66.0,93.0,24.0,106.0,286.0
215.0,441.0,53.0,-149.0,-60.0,214.0,-4.0,92.0,100.0,176.0
216.0,245.0,35.0,-214.0,64.0,423.0,1.0,269.0,114.0,89.0
201.0,187.0,112.0,-224.0,57.0,497.0,31.0,306.0,127.0,20.0
168.0,218.0,88.0,-179.0,-24.0,698.0,26.0,240.0,103.0,-42.0
161.0,-119.0,88.0,-132.0,-108.0,936.0,-51.0,312.0,83.0,-84.0
156.0,-477.0,116.0,-131.0,-152.0,653.0,-148.0,99.0,66.0,-113.0
142.0,-481.0,59.0,-97.0,-17.0,281.0,-142.0,105.0,52.0,-138.0
129.0,-305.0,71.0,-50.0,90.0,119.0,-93.0,171.0,17.0,-159.0
92.0,-331.0,69.0,-62.0,-190.0,52.0,-68.0,114.0,-22.0,-168.0
102.0,-255.0,24.0,-76.0,-97.0,-191.0,-98.0,140.0,-35.0,-186.0
118.0,-98.0,22.0,-83.0,173.0,-320.0,-145.0,179.0,-50.0,-187.0
106.0,141.0,-33.0,-95.0,2.0,-25.0,-169.0,254.0,-42.0,-158.0
71.0,411.0,-4.0,-121.0,-104.0,335.0,-177.0,271.0,9.0,-136.0
43.0,400.0,-5.0,-138.0,-101.0,597.0,-179.0,347.0,58.0,-111.0
22.0,412.0,-76.0,-204.0,69.0,581.0,-229.0,352.0,83.0,-56.0
-31.0,496.0,-27.0,-258.0,143.0,578.0,-245.0,358.0,95.0,11.0
-63.0,484.0,-76.0,-265.0,-115.0,627.0,-177.0,327.0,109.0,60.0
-99.0,182.0,-9.0,-261.0,-83.0,558.0,-24.0,288.0,121.0,110.0
-101.0,-139.0,-61.0,-195.0,177.0,323.0,62.0,469.0,117.0,137.0
-101.0,-414.0,-105.0,-117.0,12.0,25.0,115.0,437.0,157.0,131.0
-94.0,-477.0,-87.0,-58.0,-63.0,-22.0,210.0,419.0,219.0,126.0
-87.0,-469.0,-203.0,-55.0,73.0,-38.0,268.0,315.0,244.0,128.0
-102.0,-681.0,-130.0,-58.0,42.0,-150.0,305.0,158.0,262.0,111.0
-112.0,-372.0,-189.0,-45.0,149.0,17.0,325.0,177.0,255.0,57.0
-130.0,-57.0,-176.0,-38.0,48.0,300.0,412.0,-48.0,231.0,14.0
-130.0,13.0,-148.0,-17.0,-50.0,282.0,543.0,-31.0,192.0,-39.0
-135.0,98.0,-155.0,-34.0,94.0,196.0,680.0,-7.0,152.0,-116.0
-127.0,152.0,-111.0,-53.0,151.0,166.0,785.0,48.0,128.0,-188.0
-125.0,120.0,-127.0,-17.0,129.0,220.0,846.0,247.0,113.0,-254.0
-115.0,40.0,-91.0,62.0,-15.0,158.0,851.0,236.0,103.0,-291.0
-116.0,169.0,-127.0,69.0,49.0,-142.0,747.0,452.0,85.0,-300.0
-128.0,178.0,-87.0,41.0,184.0,-240.0,523.0,498.0,99.0,-298.0
-150.0,326.0,-108.0,51.0,14.0,-139.0,192.0,351.0,122.0,-264.0
-170.0,326.0,-84.0,15.0,-88.0,-62.0,-3.0,277.0,119.0,-226.0
-180.0,192.0,2.0,43.0,44.0,54.0,10.0,291.0,129.0,-205.0
-223.0,126.0,0.0,140.0,61.0,93.0,64.0,408.0,130.0,-180.0
-246.0,-115.0,25.0,214.0,-27.0,282.0,59.0,439.0,82.0,-165.0
-273.0,-151.0,-19.0,333.0,-108.0,553.0,44.0,399.0,43.0,-171.0
-262.0,-320.0,-28.0,412.0,-167.0,408.0,106.0,192.0,5.0,-189.0
-254.0,-555.0,-71.0,403.0,-19.0,308.0,192.0,210.0,-36.0,-179.0
-249.0,-510.0,-108.0,365.0,-46.0,301.0,157.0,264.0,-43.0,-165.0
-249.0,-370.0,-80.0,368.0,-250.0,177.0,46.0,238.0,-54.0,-145.0
-262.0,-474.0,-81.0,418.0,-173.0,100.0,-10.0,328.0,-54.0,-88.0
-267.0,-469.0,-150.0,401.0,25.0,-60.0,-120.0,376.0,-37.0,-34.0
-274.0,-250.0,-165.0,322.0,82.0,-262.0,-304.0,635.0,-17.0,41.0
-247.0,-255.0,-114.0,227.0,-45.0,-447.0,-437.0,552.0,20.0,123.0
-255.0,23.0,-181.0,90.0,-76.0,-315.0,-431.0,395.0,54.0,208.0
-235.0,330.0,-160.0,-20.0,83.0,135.0,-272.0,434.0,95.0,305.0
-196.0,362.0,-124.0,-62.0,164.0,346.0,-76.0,223.0,132.0,392.0
-139.0,463.0,-113.0,-113.0,-2.0,383.0,67.0,306.0,160.0,482.0
-115.0,495.0,-70.0,-165.0,-73.0,331.0,230.0,328.0,162.0,550.0
-115.0,247.0,-54.0,-168.0,113.0,343.0,373.0,306.0,167.0,612.0
-66.0,182.0,-67.0,-121.0,122.0,559.0,412.0,419.0,241.0,668.0
-51.0,269.0,-121.0,-77.0,-35.0,510.0,393.0,432.0,269.0,706.0
-27.0,-5.0,-187.0,-37.0,-68.0,330.0,303.0,500.0,256.0,748.0
-33.0,113.0,-251.0,-7.0,65.0,208.0,209.0,415.0,255.0,773.0
-17.0,285.0,-181.0,-5.0,96.0,138.0,96.0,393.0,240.0,777.0
16.0,228.0,-171.0,-10.0,9.0,54.0,-65.0,386.0,202.0,770.0
39.0,400.0,-124.0,-24.0,-48.0,-174.0,-255.0,432.0,146.0,742.0
59.0,373.0,-41.0,-48.0,-41.0,-164.0,-399.0,463.0,126.0,685.0
55.0,234.0,-81.0,-65.0,107.0,175.0,-409.0,391.0,74.0,622.0
65.0,19.0,-68.0,-6.0,57.0,423.0,-436.0,354.0,25.0,571.0
89.0,-69.0,-34.0,25.0,-123.0,292.0,-513.0,110.0,11.0,521.0
99.0,-11.0,-42.0,36.0,-27.0,184.0,-521.0,70.0,-9.0,491.0
89.0,146.0,-39.0,83.0,99.0,289.0,-386.0,53.0,-20.0,472.0
99.0,284.0,34.0,115.0,52.0,323.0,-193.0,149.0,-66.0,457.0
98.0,168.0,67.0,155.0,20.0,266.0,-13.0,369.0,-93.0,462.0
102.0,91.0,143.0,164.0,-12.0,30.0,139.0,206.0,-77.0,454.0
110.0,-44.0,194.0,139.0,28.0,-59.0,282.0,134.0,-72.0,434.0
143.0,-118.0,201.0,128.0,105.0,248.0,483.0,3.0,-68.0,402.0
158.0,1.0,243.0,107.0,-53.0,419.0,637.0,-9.0,-21.0,353.0
149.0,28.0,181.0,58.0,-29.0,304.0,682.0,73.0,-11.0,304.0
151.0,-238.0,169.0,18.0,206.0,237.0,709.0,-14.0,-24.0,259.0
110.0,-226.0,177.0,1.0,126.0,319.0,804.0,44.0,-3.0,218.0
78.0,24.0,156.0,-8.0,30.0,341.0,866.0,46.0,1.0,170.0
30.0,-245.0,185.0,-47.0,69.0,235.0,793.0,86.0,26.0,148.0
3.0,-316.0,209.0,-42.0,49.0,221.0,589.0,55.0,59.0,147.0
-21.0,-14.0,170.0,29.0,38.0,175.0,371.0,55.0,90.0,154.0
-24.0,54.0,178.0,74.0,-113.0,18.0,234.0,194.0,123.0,148.0
-30.0,65.0,187.0,40.0,-116.0,-30.0,77.0,212.0,156.0,143.0
-47.0,317.0,116.0,0.0,66.0,-4.0,-118.0,260.0,181.0,168.0
-25.0,517.0,156.0,36.0,1.0,-79.0,-311.0,188.0,204.0,163.0
-44.0,297.0,154.0,62.0,23.0,-1.0,-408.0,234.0,205.0,164.0
-76.0,292.0,74.0,69.0,38.0,174.0,-476.0,258.0,161.0,155.0
-126.0,369.0,95.0,102.0,-19.0,83.0,-585.0,144.0,158.0,115.0
-111.0,96.0,81.0,153.0,138.0,225.0,-648.0,195.0,141.0,85.0
-100.0,167.0,51.0,152.0,31.0,338.0,-602.0,157.0,105.0,53.0
-91.0,272.0,61.0,140.0,-134.0,-265.0,-502.0,230.0,84.0,30.0
-64.0,-39.0,52.0,161.0,56.0,-831.0,-484.0,134.0,64.0,1.0
-46.0,-132.0,40.0,141.0,119.0,-688.0,-529.0,40.0,42.0,-21.0
-6.0,25.0,-20.0,151.0,-2.0,-186.0,-604.0,195.0,9.0,-20.0
-19.0,-92.0,-69.0,195.0,-34.0,149.0,-543.0,101.0,-10.0,5.0
-5.0,-148.0,-64.0,193.0,0.0,206.0,-397.0,99.0,-43.0,41.0
-9.0,106.0,-127.0,169.0,5.0,276.0,-278.0,1.0,-76.0,78.0
10.0,188.0,-177.0,145.0,-71.0,460.0,-184.0,-73.0,-132.0,134.0
35.0,135.0,-168.0,132.0,-111.0,610.0,-81.0,35.0,-170.0,182.0
32.0,165.0,-188.0,117.0,-47.0,564.0,144.0,136.0,-161.0,230.0
57.0,218.0,-189.0,134.0,-42.0,278.0,269.0,258.0,-170.0,276.0
55.0,204.0,-207.0,197.0,-56.0,-28.0,263.0,271.0,-166.0,307.0
47.0,186.0,-251.0,173.0,-42.0,-190.0,225.0,465.0,-136.0,334.0
20.0,48.0,-243.0,141.0,5.0,-239.0,141.0,545.0,-124.0,344.0
34.0,-80.0,-302.0,131.0,105.0,-281.0,9.0,635.0,-134.0,347.0
33.0,-25.0,-298.0,91.0,-1.0,-300.0,-177.0,763.0,-111.0,362.0
30.0,56.0,-208.0,73.0,-75.0,-173.0,-314.0,694.0,-84.0,369.0
47.0,162.0,-216.0,81.0,85.0,137.0,-335.0,668.0,-72.0,373.0
75.0,64.0,-199.0,81.0,97.0,477.0,-200.0,343.0,-48.0,370.0
113.0,-76.0,-206.0,-3.0,13.0,457.0,2.0,173.0,-18.0,362.0
122.0,-162.0,-236.0,-108.0,0.0,15.0,141.0,131.0,6.0,359.0
118.0,-203.0,-145.0,-195.0,-24.0,-214.0,197.0,-27.0,1.0,323.0
104.0,-225.0,-136.0,-239.0,57.0,-100.0,297.0,-40.0,1.0,278.0
123.0,-323.0,-158.0,-228.0,52.0,-154.0,369.0,-157.0,7.0,243.0
98.0,-341.0,-79.0,-192.0,-141.0,-221.0,269.0,-46.0,6.0,201.0
80.0,-307.0,-67.0,-119.0,-50.0,-177.0,16.0,90.0,25.0,150.0
76.0,-118.0,-49.0,-42.0,69.0,-202.0,-241.0,7.0,60.0,118.0
76.0,-22.0,1.0,19.0,-30.0,-166.0,-370.0,-11.0,107.0,123.0
82.0,108.0,13.0,60.0,-115.0,16.0,-430.0,110.0,137.0,139.0
64.0,338.0,-1.0,146.0,-166.0,329.0,-380.0,206.0,139.0,165.0
73.0,356.0,16.0,295.0,-43.0,598.0,-272.0,55.0,153.0,184.0
60.0,455.0,54.0,429.0,2.0,719.0,-140.0,109.0,179.0,189.0
68.0,340.0,27.0,515.0,-116.0,682.0,15.0,236.0,175.0,191.0
55.0,108.0,58.0,538.0,-81.0,374.0,130.0,351.0,177.0,183.0
54.0,95.0,99.0,511.0,65.0,60.0,197.0,343.0,199.0,172.0
41.0,19.0,105.0,432.0,47.0,-88.0,192.0,92.0,175.0,155.0
25.0,-44.0,55.0,321.0,-89.0,-340.0,140.0,151.0,131.0,123.0
28.0,-237.0,17.0,192.0,-47.0,-466.0,4.0,140.0,75.0,114.0
39.0,-479.0,14.0,72.0,-10.0,-194.0,-162.0,157.0,2.0,110.0
68.0,-460.0,-47.0,-10.0,-10.0,60.0,-250.0,256.0,-75.0,87.0
39.0,-304.0,-22.0,-68.0,51.0,296.0,-184.0,267.0,-138.0,85.0
65.0,-365.0,-20.0,-20.0,-21.0,601.0,21.0,354.0,-157.0,71.0
54.0,-351.0,7.0,54.0,-52.0,508.0,257.0,144.0,-162.0,45.0
46.0,-35.0,40.0,114.0,133.0,283.0,412.0,3.0,-180.0,37.0
1.0,10.0,21.0,141.0,105.0,277.0,536.0,35.0,-183.0,43.0
-29.0,-52.0,0.0,77.0,-152.0,225.0,689.0,184.0,-160.0,55.0
-16.0,64.0,-98.0,91.0,-114.0,-104.0,766.0,279.0,-146.0,57.0
-44.0,245.0,-88.0,166.0,-8.0,-521.0,699.0,149.0,-119.0,71.0
-13.0,347.0,-136.0,177.0,-34.0,-559.0,448.0,201.0,-68.0,95.0
-37.0,382.0,-118.0,161.0,8.0,-349.0,197.0,223.0,-44.0,123.0
5.0,210.0,-43.0,138.0,26.0,-202.0,88.0,267.0,-18.0,153.0
-4.0,163.0,-40.0,111.0,30.0,-29.0,58.0,121.0,0.0,188.0
-26.0,423.0,20.0,145.0,72.0,198.0,-15.0,-7.0,29.0,216.0
-29.0,322.0,-29.0,141.0,34.0,258.0,-120.0,103.0,69.0,220.0
-56.0,75.0,-40.0,47.0,-62.0,112.0,-160.0,-25.0,93.0,228.0
-10.0,-36.0,-83.0,-23.0,11.0,6.0,-191.0,-36.0,142.0,257.0
-7.0,-75.0,-95.0,-34.0,102.0,-55.0,-243.0,-121.0,170.0,267.0
38.0,-162.0,-58.0,0.0,54.0,-79.0,-369.0,-157.0,188.0,244.0
41.0,-109.0,-97.0,2.0,17.0,-116.0,-405.0,-29.0,216.0,240.0
57.0,-175.0,-57.0,13.0,2.0,-377.0,-409.0,-123.0,250.0,223.0
58.0,-272.0,-4.0,98.0,110.0,-477.0,-481.0,-36.0,278.0,189.0
32.0,81.0,34.0,211.0,53.0,-450.0,-459.0,49.0,255.0,123.0
10.0,110.0,58.0,259.0,-141.0,-518.0,-358.0,121.0,237.0,37.0
-14.0,134.0,41.0,259.0,-102.0,-354.0,-165.0,125.0,254.0,-36.0
1.0,306.0,-6.0,247.0,-59.0,-37.0,57.0,59.0,253.0,-144.0
-19.0,338.0,38.0,217.0,-38.0,127.0,231.0,179.0,222.0,-244.0
-13.0,249.0,30.0,145.0,-98.0,-8.0,308.0,144.0,240.0,-328.0
-21.0,66.0,27.0,78.0,-100.0,5.0,379.0,48.0,268.0,-417.0
-35.0,-1.0,71.0,70.0,7.0,-15.0,532.0,-153.0,247.0,-487.0
-60.0,-256.0,36.0,34.0,-40.0,-345.0,688.0,-275.0,226.0,-521.0
-48.0,-279.0,58.0,-13.0,-58.0,-329.0,720.0,-236.0,221.0,-535.0
-57.0,-345.0,44.0,-79.0,-32.0,-94.0,620.0,-160.0,183.0,-557.0
-57.0,-501.0,71.0,-97.0,56.0,-70.0,511.0,-5.0,132.0,-566.0
-41.0,-454.0,49.0,-28.0,109.0,-212.0,405.0,5.0,116.0,-558.0
-49.0,-313.0,47.0,37.0,40.0,-200.0,371.0,216.0,80.0,-545.0
-7.0,10.0,69.0,55.0,109.0,32.0,403.0,245.0,24.0,-547.0
-5.0,-27.0,36.0,76.0,172.0,64.0,464.0,44.0,-23.0,-519.0
0.0,37.0,52.0,148.0,59.0,23.0,545.0,12.0,-88.0,-491.0
-25.0,146.0,-12.0,169.0,-8.0,85.0,557.0,-110.0,-154.0,-503.0
-23.0,68.0,-32.0,186.0,21.0,-24.0,420.0,-127.0,-190.0,-504.0
-33.0,155.0,-84.0,232.0,-15.0,-171.0,190.0,-256.0,-200.0,-498.0
-49.0,161.0,-107.0,269.0,2.0,-296.0,26.0,-308.0,-194.0,-509.0
-49.0,6.0,-84.0,263.0,-17.0,-410.0,-151.0,-136.0,-199.0,-555.0
-42.0,-110.0,-147.0,217.0,-129.0,-493.0,-411.0,-105.0,-225.0,-583.0
-6.0,-15.0,-124.0,211.0,-40.0,-371.0,-641.0,-164.0,-191.0,-590.0
-3.0,-129.0,-124.0,199.0,12.0,-210.0,-793.0,-210.0,-165.0,-623.0
20.0,-197.0,-96.0,191.0,-42.0,-262.0,-790.0,-97.0,-190.0,-638.0
3.0,-17.0,-43.0,190.0,-29.0,-90.0,-684.0,-120.0,-177.0,-598.0
35.0,151.0,-98.0,214.0,19.0,85.0,-560.0,-118.0,-156.0,-527.0
32.0,95.0,-58.0,243.0,59.0,112.0,-268.0,-199.0,-150.0,-467.0
22.0,9.0,-37.0,294.0,-48.0,-20.0,52.0,-360.0,-169.0,-378.0
22.0,154.0,-88.0,351.0,-55.0,-164.0,227.0,-210.0,-162.0,-281.0
-1.0,232.0,-111.0,335.0,84.0,-175.0,357.0,-269.0,-155.0,-218.0
15.0,359.0,-127.0,295.0,82.0,-395.0,417.0,-216.0,-168.0,-164.0
-11.0,192.0,-96.0,262.0,1.0,-427.0,424.0,-134.0,-166.0,-113.0
9.0,148.0,-112.0,276.0,-50.0,-306.0,436.0,-230.0,-182.0,-96.0
-18.0,208.0,-131.0,228.0,19.0,-419.0,373.0,-145.0,-165.0,-103.0
-60.0,41.0,-128.0,174.0,122.0,-476.0,188.0,-251.0,-141.0,-128.0
-98.0,143.0,-116.0,151.0,52.0,-264.0,-9.0,-182.0,-121.0,-150.0
-144.0,200.0,-120.0,131.0,-41.0,-16.0,-143.0,-48.0,-85.0,-143.0
-187.0,380.0,-132.0,174.0,66.0,55.0,-168.0,-127.0,-62.0,-136.0
-229.0,400.0,-106.0,145.0,116.0,-114.0,-201.0,-212.0,-41.0,-120.0
-225.0,342.0,-150.0,93.0,31.0,-425.0,-292.0,-240.0,5.0,-112.0
-245.0,350.0,-151.0,96.0,6.0,-506.0,-292.0,-103.0,69.0,-91.0
-236.0,224.0,-105.0,76.0,-58.0,-346.0,-331.0,-133.0,92.0,-54.0
-267.0,277.0,-102.0,14.0,-3.0,-302.0,-461.0,-142.0,115.0,-11.0
-270.0,37.0,-49.0,-29.0,58.0,-349.0,-649.0,-266.0,124.0,50.0
-249.0,-211.0,-16.0,-71.0,-40.0,-158.0,-740.0,-384.0,95.0,96.0
-210.0,-178.0,-65.0,-96.0,-45.0,-18.0,-620.0,-375.0,52.0,148.0
-170.0,-66.0,-84.0,-92.0,27.0,-61.0,-514.0,-602.0,25.0,193.0
-153.0,-15.0,-111.0,-83.0,-77.0,-158.0,-535.0,-574.0,29.0,235.0
-87.0,-183.0,-137.0,-49.0,-184.0,-344.0,-626.0,-467.0,-7.0,266.0
-65.0,-228.0,-102.0,-62.0,-78.0,-471.0,-627.0,-266.0,-47.0,279.0
-12.0,-132.0,-41.0,-150.0,-70.0,-440.0,-615.0,-81.0,-80.0,288.0
0.0,-218.0,8.0,-207.0,-10.0,-244.0,-711.0,-40.0,-110.0,296.0
27.0,-236.0,33.0,-134.0,11.0,-256.0,-802.0,205.0,-130.0,305.0
66.0,-25.0,73.0,-35.0,-83.0,-443.0,-777.0,227.0,-149.0,287.0
95.0,-4.0,108.0,5.0,41.0,-386.0,-654.0,238.0,-155.0,244.0
142.0,76.0,164.0,-9.0,53.0,-200.0,-590.0,277.0,-192.0,190.0
148.0,147.0,227.0,-44.0,-70.0,-156.0,-553.0,260.0,-211.0,132.0
200.0,111.0,246.0,-109.0,-67.0,-219.0,-456.0,275.0,-169.0,35.0
194.0,131.0,256.0,-143.0,26.0,-290.0,-265.0,173.0,-110.0,-52.0
222.0,28.0,246.0,-93.0,71.0,-304.0,-47.0,197.0,-96.0,-133.0
232.0,-38.0,179.0,-126.0,68.0,-224.0,54.0,116.0,-76.0,-225.0
264.0,-143.0,131.0,-161.0,63.0,-189.0,88.0,-73.0,-38.0,-276.0
288.0,-102.0,133.0,-184.0,67.0,-204.0,119.0,-297.0,-35.0,-318.0
256.0,-14.0,96.0,-213.0,83.0,-308.0,179.0,-391.0,-4.0,-326.0
284.0,-25.0,36.0,-162.0,0.0,-298.0,271.0,-188.0,24.0,-324.0
247.0,-119.0,29.0,-160.0,-59.0,-221.0,311.0,-120.0,54.0,-323.0
244.0,-316.0,-2.0,-162.0,-3.0,-302.0,336.0,-35.0,63.0,-289.0
200.0,-156.0,-36.0,-107.0,49.0,-313.0,411.0,-35.0,62.0,-263.0
186.0,-28.0,-48.0,12.0,4.0,-177.0,440.0,-44.0,91.0,-253.0
187.0,106.0,-71.0,117.0,-71.0,106.0,356.0,16.0,85.0,-249.0
149.0,278.0,-13.0,111.0,-11.0,129.0,204.0,-88.0,61.0,-238.0
140.0,128.0,-45.0,86.0,72.0,-187.0,113.0,42.0,35.0,-231.0
98.0,55.0,0.0,66.0,33.0,-220.0,73.0,99.0,32.0,-209.0
81.0,-34.0,97.0,105.0,-11.0,-147.0,-22.0,38.0,15.0,-174.0
48.0,-34.0,58.0,145.0,-46.0,-143.0,-221.0,-123.0,-17.0,-181.0
17.0,-56.0,144.0,138.0,0.0,-160.0,-489.0,-395.0,-13.0,-172.0
-18.0,-241.0,170.0,111.0,94.0,-424.0,-743.0,-312.0,-42.0,-149.0
-38.0,-344.0,115.0,31.0,30.0,-373.0,-1003.0,-262.0,-98.0,-159.0
-91.0,-327.0,107.0,-79.0,75.0,-39.0,-1235.0,-258.0,-131.0,-176.0
-121.0,-164.0,123.0,-115.0,93.0,235.0,-1430.0,-225.0,-154.0,-205.0
-141.0,-65.0,102.0,5.0,9.0,307.0,-1499.0,-123.0,-178.0,-217.0
-179.0,-24.0,95.0,89.0,5.0,87.0,-1477.0,-97.0,-183.0,-217.0
-182.0,-77.0,150.0,72.0,-61.0,114.0,-1434.0,-184.0,-173.0,-241.0
-209.0,-28.0,109.0,62.0,94.0,89.0,-1272.0,-86.0,-183.0,-268.0
-194.0,-3.0,83.0,35.0,153.0,-163.0,-1022.0,-68.0,-186.0,-267.0
-192.0,11.0,61.0,69.0,-3.0,-377.0,-671.0,153.0,-175.0,-250.0
-201.0,276.0,34.0,206.0,52.0,-292.0,-322.0,158.0,-146.0,-227.0
-223.0,377.0,35.0,353.0,42.0,37.0,-14.0,-16.0,-91.0,-189.0
-232.0,293.0,61.0,407.0,-20.0,216.0,271.0,73.0,-90.0,-157.0
-277.0,195.0,118.0,342.0,8.0,265.0,529.0,-12.0,-94.0,-142.0
-327.0,258.0,74.0,194.0,-69.0,221.0,721.0,59.0,-74.0,-147.0
-345.0,134.0,125.0,79.0,-58.0,259.0,768.0,22.0,-59.0,-159.0
-376.0,72.0,182.0,96.0,58.0,312.0,777.0,-53.0,0.0,-199.0
-375.0,139.0,138.0,132.0,-69.0,214.0,671.0,-1.0,19.0,-260.0
-402.0,-63.0,173.0,138.0,-87.0,0.0,509.0,-131.0,24.0,-343.0
-405.0,-21.0,142.0,87.0,30.0,-198.0,459.0,-138.0,27.0,-429.0
-416.0,-102.0,109.0,35.0,27.0,-164.0,410.0,-155.0,-11.0,-508.0
-418.0,-207.0,70.0,11.0,33.0,-27.0,248.0,-44.0,-31.0,-595.0
-430.0,-129.0,21.0,0.0,-54.0,78.0,67.0,-40.0,-34.0,-658.0
-435.0,-123.0,15.0,4.0,-23.0,306.0,-37.0,-145.0,-4.0,-699.0
-405.0,-221.0,-28.0,-43.0,44.0,448.0,-187.0,-33.0,23.0,-720.0
-378.0,-284.0,-26.0,-48.0,13.0,483.0,-403.0,62.0,30.0,-719.0
-328.0,-185.0,-28.0,-43.0,80.0,449.0,-564.0,227.0,48.0,-707.0
-308.0,-284.0,-14.0,-27.0,50.0,327.0,-576.0,123.0,77.0,-699.0
-254.0,-250.0,-19.0,22.0,14.0,367.0,-487.0,131.0,143.0,-684.0
-222.0,-216.0,-30.0,81.0,54.0,307.0,-403.0,280.0,191.0,-659.0
-198.0,-72.0,-49.0,142.0,-33.0,179.0,-301.0,123.0,172.0,-641.0
-159.0,243.0,-107.0,163.0,-35.0,98.0,-90.0,84.0,160.0,-592.0
-129.0,451.0,-50.0,241.0,122.0,82.0,167.0,38.0,148.0,-543.0
-77.0,589.0,-65.0,343.0,72.0,100.0,422.0,173.0,107.0,-498.0
-33.0,506.0,-122.0,375.0,-50.0,-6.0,667.0,197.0,76.0,-438.0
18.0,353.0,-104.0,297.0,-18.0,-124.0,844.0,18.0,54.0,-377.0
62.0,82.0,-133.0,112.0,-31.0,-131.0,944.0,59.0,63.0,-284.0
111.0,28.0,-146.0,-24.0,32.0,-29.0,864.0,118.0,54.0,-208.0
147.0,-244.0,-163.0,-19.0,49.0,29.0,638.0,210.0,-3.0,-154.0
143.0,-371.0,-172.0,-4.0,-35.0,191.0,417.0,1.0,-13.0,-109.0
157.0,-201.0,-165.0,-30.0,59.0,233.0,215.0,-114.0,-46.0,-89.0
170.0,-331.0,-205.0,-57.0,63.0,150.0,-7.0,14.0,-111.0,-60.0
177.0,-96.0,-215.0,-72.0,-49.0,179.0,-228.0,42.0,-112.0,-52.0
180.0,29.0,-181.0,-79.0,-29.0,218.0,-448.0,116.0,-114.0,-65.0
173.0,66.0,-134.0,-102.0,46.0,169.0,-634.0,175.0,-128.0,-84.0
184.0,74.0,-95.0,-124.0,-25.0,-80.0,-663.0,310.0,-140.0,-112.0
160.0,266.0,-93.0,-179.0,-75.0,-102.0,-601.0,218.0,-155.0,-120.0
145.0,419.0,-58.0,-172.0,-95.0,122.0,-593.0,97.0,-156.0,-135.0
123.0,176.0,-46.0,-102.0,-44.0,398.0,-607.0,79.0,-166.0,-160.0
114.0,264.0,-58.0,-83.0,81.0,459.0,-489.0,144.0,-174.0,-163.0
106.0,129.0,-53.0,-32.0,-47.0,316.0,-353.0,384.0,-153.0,-152.0
74.0,5.0,-92.0,-54.0,-160.0,225.0,-346.0,267.0,-149.0,-139.0
69.0,-128.0,-92.0,-120.0,-98.0,-115.0,-443.0,214.0,-161.0,-131.0
47.0,-352.0,-99.0,-86.0,10.0,-223.0,-612.0,223.0,-129.0,-128.0
47.0,-293.0,-99.0,-24.0,-1.0,-51.0,-703.0,195.0,-93.0,-121.0
5.0,-294.0,-63.0,42.0,-83.0,-97.0,-705.0,214.0,-107.0,-97.0
0.0,-333.0,-35.0,95.0,-49.0,-147.0,-592.0,-134.0,-117.0,-68.0
0.0,-297.0,-35.0,131.0,27.0,-15.0,-364.0,-151.0,-105.0,-63.0
-16.0,-115.0,-66.0,56.0,9.0,271.0,-159.0,57.0,-93.0,-71.0
-26.0,-115.0,-68.0,-69.0,-91.0,517.0,25.0,94.0,-45.0,-80.0
-56.0,-138.0,-47.0,-116.0,-45.0,656.0,194.0,136.0,12.0,-96.0
-46.0,-92.0,4.0,-50.0,107.0,594.0,303.0,138.0,54.0,-121.0
-45.0,-57.0,-4.0,79.0,64.0,372.0,364.0,210.0,80.0,-148.0
-39.0,-78.0,-6.0,99.0,-118.0,143.0,420.0,70.0,99.0,-163.0
-57.0,-166.0,18.0,80.0,-21.0,-75.0,465.0,-140.0,129.0,-179.0
-48.0,-142.0,2.0,60.0,102.0,-169.0,481.0,-236.0,152.0,-185.0
-36.0,-174.0,19.0,23.0,36.0,-245.0,502.0,-68.0,169.0,-193.0
-19.0,-94.0,38.0,34.0,-67.0,-245.0,528.0,70.0,186.0,-224.0
0.0,-123.0,18.0,62.0,-152.0,-291.0,416.0,-99.0,215.0,-246.0
6.0,-74.0,-11.0,85.0,-84.0,-413.0,202.0,-96.0,225.0,-260.0
35.0,4.0,0.0,71.0,33.0,-169.0,-17.0,-238.0,187.0,-246.0
56.0,-47.0,-35.0,32.0,-5.0,-12.0,-207.0,-243.0,150.0,-228.0
74.0,113.0,-36.0,17.0,-121.0,-173.0,-325.0,-177.0,133.0,-225.0
59.0,136.0,-23.0,-3.0,11.0,-187.0,-451.0,-212.0,145.0,-210.0
56.0,171.0,-66.0,-31.0,94.0,-23.0,-565.0,105.0,143.0,-209.0
29.0,198.0,-66.0,-69.0,-41.0,-17.0,-574.0,147.0,130.0,-210.0
31.0,69.0,-59.0,-88.0,-81.0,-128.0,-427.0,118.0,130.0,-215.0
38.0,-15.0,-43.0,-48.0,-53.0,-42.0,-301.0,131.0,105.0,-210.0
57.0,96.0,-69.0,-44.0,-1.0,171.0,-323.0,177.0,94.0,-204.0
84.0,134.0,-69.0,-34.0,-5.0,247.0,-339.0,343.0,100.0,-211.0
71.0,52.0,-61.0,-45.0,-78.0,-89.0,-272.0,227.0,131.0,-190.0
57.0,189.0,-71.0,-62.0,-46.0,-223.0,-196.0,68.0,177.0,-173.0
18.0,229.0,-87.0,-11.0,102.0,112.0,-170.0,-103.0,202.0,-166.0
13.0,225.0,-91.0,-36.0,42.0,263.0,-132.0,-114.0,222.0,-165.0
-21.0,196.0,-86.0,-47.0,-121.0,242.0,-40.0,-164.0,201.0,-151.0
-49.0,196.0,-72.0,-43.0,-42.0,281.0,123.0,-254.0,150.0,-139.0
-83.0,77.0,-17.0,-101.0,-10.0,298.0,263.0,-99.0,120.0,-147.0
-108.0,-157.0,-51.0,-141.0,-30.0,207.0,355.0,-3.0,91.0,-156.0
-116.0,-190.0,-3.0,-125.0,10.0,225.0,411.0,97.0,17.0,-198.0
-144.0,-274.0,24.0,-101.0,-56.0,199.0,425.0,-42.0,-27.0,-268.0
-155.0,-251.0,-12.0,-112.0,20.0,-2.0,462.0,-59.0,-58.0,-351.0
-176.0,-201.0,2.0,-53.0,148.0,-105.0,404.0,114.0,-138.0,-424.0
-174.0,-60.0,19.0,41.0,42.0,-165.0,228.0,-5.0,-192.0,-508.0
-185.0,-4.0,62.0,90.0,-5.0,-166.0,-20.0,-81.0,-233.0,-606.0
-217.0,28.0,50.0,120.0,119.0,0.0,-255.0,-136.0,-281.0,-660.0
-258.0,250.0,73.0,200.0,65.0,234.0,-388.0,22.0,-308.0,-671.0
-270.0,195.0,91.0,264.0,-63.0,299.0,-411.0,131.0,-312.0,-680.0
-290.0,308.0,71.0,304.0,-19.0,169.0,-408.0,1.0,-293.0,-678.0
-289.0,320.0,51.0,329.0,42.0,-34.0,-497.0,35.0,-261.0,-628.0
-285.0,256.0,37.0,279.0,110.0,-230.0,-555.0,-64.0,-215.0,-565.0
-284.0,238.0,4.0,242.0,53.0,-148.0,-467.0,-66.0,-159.0,-492.0
-246.0,-39.0,-8.0,102.0,-74.0,-89.0,-253.0,-49.0,-103.0,-395.0
-229.0,79.0,35.0,-26.0,-62.0,-269.0,-64.0,-73.0,-71.0,-282.0
-190.0,48.0,7.0,-86.0,52.0,-175.0,144.0,125.0,-41.0,-178.0
-185.0,-417.0,5.0,-156.0,23.0,50.0,436.0,271.0,0.0,-106.0
-169.0,-522.0,18.0,-182.0,-89.0,100.0,536.0,236.0,20.0,-20.0
-156.0,-250.0,11.0,-202.0,30.0,56.0,386.0,11.0,18.0,53.0
-143.0,-223.0,19.0,-141.0,37.0,187.0,242.0,-77.0,54.0,103.0
-133.0,-212.0,34.0,-121.0,-28.0,304.0,277.0,-166.0,52.0,138.0
-124.0,52.0,30.0,-174.0,0.0,63.0,392.0,-236.0,3.0,182.0
-94.0,-14.0,27.0,-190.0,-72.0,-70.0,412.0,-260.0,-18.0,247.0
-68.0,-33.0,61.0,-168.0,9.0,14.0,330.0,-352.0,-41.0,293.0
-26.0,119.0,15.0,-145.0,72.0,209.0,226.0,-194.0,-31.0,340.0
-32.0,103.0,-19.0,-124.0,-32.0,239.0,130.0,-230.0,-27.0,387.0
-24.0,13.0,-11.0,-172.0,8.0,183.0,130.0,-195.0,-8.0,423.0
-46.0,61.0,6.0,-318.0,80.0,396.0,127.0,-29.0,51.0,445.0
-56.0,133.0,66.0,-375.0,51.0,339.0,32.0,40.0,42.0,468.0
-68.0,5.0,71.0,-270.0,11.0,206.0,-35.0,227.0,46.0,500.0
-101.0,47.0,21.0,-167.0,25.0,194.0,-130.0,101.0,75.0,497.0
-98.0,-29.0,10.0,-222.0,128.0,22.0,-278.0,60.0,67.0,467.0
-107.0,-118.0,6.0,-276.0,110.0,-152.0,-357.0,138.0,73.0,461.0
-98.0,-61.0,-31.0,-283.0,-44.0,-101.0,-236.0,35.0,75.0,434.0
-110.0,-198.0,16.0,-278.0,-52.0,298.0,-78.0,-92.0,87.0,360.0
-108.0,-162.0,52.0,-207.0,27.0,379.0,-90.0,-267.0,88.0,299.0
-122.0,-16.0,52.0,-136.0,4.0,338.0,-218.0,-212.0,61.0,218.0
-115.0,86.0,117.0,-131.0,-51.0,503.0,-204.0,-157.0,39.0,142.0
-98.0,214.0,146.0,-121.0,-82.0,432.0,10.0,-105.0,11.0,61.0
-83.0,140.0,183.0,-15.0,-42.0,482.0,127.0,7.0,6.0,-35.0
-42.0,-108.0,204.0,41.0,31.0,651.0,93.0,96.0,12.0,-106.0
-42.0,-29.0,193.0,37.0,-74.0,757.0,88.0,90.0,31.0,-182.0
-39.0,78.0,217.0,11.0,-137.0,613.0,185.0,-107.0,58.0,-235.0
-66.0,-9.0,219.0,4.0,-30.0,375.0,185.0,-9.0,78.0,-258.0
-102.0,-28.0,193.0,-33.0,49.0,327.0,31.0,7.0,100.0,-281.0
-132.0,-67.0,142.0,-111.0,36.0,205.0,-125.0,49.0,121.0,-302.0
-153.0,-11.0,107.0,-128.0,-142.0,175.0,-132.0,258.0,141.0,-284.0
-117.0,-68.0,69.0,-217.0,-121.0,287.0,-15.0,256.0,132.0,-245.0
-80.0,-76.0,54.0,-274.0,115.0,362.0,48.0,389.0,129.0,-198.0
-74.0,49.0,74.0,-187.0,31.0,249.0,19.0,315.0,177.0,-149.0
-80.0,209.0,85.0,-76.0,-140.0,172.0,-61.0,175.0,211.0,-89.0
-74.0,176.0,124.0,-47.0,-85.0,265.0,18.0,-53.0,188.0,3.0
-40.0,-39.0,171.0,-110.0,-6.0,236.0,239.0,-290.0,171.0,80.0
-14.0,62.0,177.0,-169.0,5.0,35.0,404.0,-195.0,169.0,159.0
2.0,3.0,143.0,-163.0,-103.0,-107.0,391.0,-312.0,144.0,238.0
37.0,-166.0,111.0,-87.0,-107.0,-221.0,277.0,-260.0,132.0,280.0
71.0,-227.0,58.0,-65.0,145.0,-477.0,155.0,-136.0,95.0,283.0
117.0,-318.0,46.0,-92.0,104.0,-603.0,47.0,-57.0,34.0,290.0
141.0,-226.0,91.0,-84.0,-97.0,-664.0,78.0,40.0,-24.0,281.0
171.0,-2.0,79.0,-67.0,-52.0,-506.0,122.0,-72.0,-69.0,233.0
222.0,208.0,55.0,-95.0,6.0,-63.0,118.0,-9.0,-75.0,200.0
250.0,358.0,47.0,-138.0,40.0,303.0,67.0,83.0,-72.0,189.0
268.0,539.0,6.0,-98.0,-37.0,363.0,4.0,168.0,-60.0,194.0
274.0,616.0,-23.0,-85.0,-141.0,73.0,-74.0,88.0,-56.0,184.0
291.0,385.0,-68.0,-159.0,13.0,23.0,-93.0,-62.0,-59.0,200.0
295.0,106.0,-112.0,-200.0,152.0,77.0,76.0,-96.0,-57.0,220.0
288.0,114.0,-85.0,-166.0,32.0,-20.0,171.0,-186.0,-69.0,215.0
285.0,74.0,-86.0,-109.0,-85.0,-102.0,109.0,-84.0,-71.0,209.0
291.0,-319.0,-28.0,-95.0,-5.0,-239.0,-32.0,-99.0,-59.0,197.0
305.0,-488.0,-9.0,-44.0,87.0,-208.0,-146.0,-1.0,-47.0,181.0
299.0,-398.0,-61.0,48.0,13.0,-42.0,-237.0,129.0,-14.0,127.0
298.0,-408.0,-62.0,111.0,-93.0,114.0,-306.0,-77.0,29.0,79.0
289.0,-360.0,-113.0,183.0,0.0,370.0,-244.0,-171.0,21.0,31.0
266.0,-312.0,-121.0,228.0,66.0,647.0,-170.0,-303.0,10.0,-20.0
229.0,-105.0,-113.0,234.0,5.0,730.0,-118.0,-264.0,3.0,-63.0
195.0,72.0,-105.0,216.0,0.0,633.0,-62.0,-179.0,4.0,-103.0
189.0,193.0,-94.0,193.0,-9.0,515.0,37.0,-184.0,19.0,-123.0
188.0,336.0,-61.0,141.0,83.0,315.0,334.0,-53.0,20.0,-145.0
174.0,259.0,-29.0,27.0,41.0,91.0,740.0,-29.0,29.0,-135.0
163.0,112.0,-8.0,-65.0,-118.0,22.0,882.0,24.0,9.0,-110.0
151.0,-143.0,-5.0,-120.0,-66.0,6.0,679.0,-57.0,8.0,-89.0
99.0,-105.0,-66.0,-131.0,24.0,-10.0,415.0,-92.0,28.0,-71.0
40.0,-25.0,-4.0,-89.0,69.0,-28.0,266.0,-46.0,40.0,-45.0
6.0,3.0,30.0,-82.0,27.0,22.0,86.0,-3.0,32.0,-5.0
7.0,185.0,23.0,-95.0,-3.0,45.0,-127.0,75.0,-1.0,16.0
9.0,29.0,56.0,-98.0,27.0,165.0,-269.0,31.0,10.0,30.0
9.0,-68.0,66.0,-98.0,46.0,480.0,-395.0,245.0,7.0,42.0
11.0,26.0,57.0,-76.0,19.0,490.0,-423.0,232.0,1.0,63.0
14.0,-44.0,25.0,-85.0,-29.0,449.0,-349.0,109.0,16.0,80.0
-3.0,4.0,18.0,-106.0,1.0,466.0,-243.0,177.0,14.0,75.0
-35.0,221.0,-13.0,-112.0,38.0,287.0,-172.0,59.0,7.0,72.0
-18.0,8.0,-20.0,-100.0,-42.0,-3.0,-98.0,48.0,-20.0,83.0
-1.0,-159.0,21.0,-112.0,-60.0,-160.0,18.0,-66.0,-45.0,90.0
28.0,-65.0,71.0,-90.0,55.0,-56.0,18.0,-72.0,-79.0,108.0
44.0,-62.0,51.0,-42.0,73.0,-23.0,-162.0,-64.0,-121.0,133.0
67.0,-84.0,43.0,-84.0,75.0,4.0,-366.0,-212.0,-158.0,152.0
102.0,-69.0,36.0,-81.0,-21.0,0.0,-406.0,-214.0,-168.0,199.0
121.0,183.0,0.0,-131.0,-122.0,-135.0,-367.0,-362.0,-158.0,249.0
129.0,127.0,3.0,-172.0,29.0,-160.0,-351.0,-315.0,-161.0,298.0
153.0,154.0,11.0,-75.0,43.0,151.0,-336.0,-221.0,-151.0,338.0
193.0,118.0,0.0,-3.0,-59.0,377.0,-282.0,-134.0,-158.0,355.0
173.0,-197.0,-35.0,67.0,1.0,154.0,-104.0,-49.0,-160.0,373.0
187.0,-77.0,21.0,118.0,59.0,-174.0,211.0,-107.0,-133.0,389.0
186.0,-232.0,39.0,186.0,111.0,-333.0,445.0,27.0,-115.0,385.0
186.0,-239.0,58.0,241.0,67.0,-248.0,577.0,-29.0,-83.0,379.0
174.0,-16.0,81.0,221.0,-72.0,-91.0,753.0,-44.0,-82.0,366.0
151.0,39.0,55.0,199.0,29.0,31.0,811.0,-90.0,-65.0,335.0
147.0,239.0,102.0,174.0,77.0,22.0,690.0,-206.0,-19.0,316.0
114.0,236.0,81.0,125.0,-88.0,-33.0,475.0,-121.0,-4.0,304.0
91.0,13.0,101.0,80.0,-129.0,-79.0,332.0,-242.0,-4.0,278.0
37.0,-334.0,122.0,29.0,-65.0,-115.0,325.0,-282.0,-6.0,249.0
45.0,-345.0,97.0,-106.0,-47.0,-137.0,409.0,-369.0,16.0,238.0
52.0,-404.0,133.0,-271.0,-121.0,-21.0,447.0,-454.0,18.0,253.0
48.0,-556.0,132.0,-413.0,-142.0,54.0,384.0,-485.0,0.0,261.0
47.0,-300.0,141.0,-483.0,-43.0,77.0,316.0,-478.0,-9.0,268.0
28.0,-151.0,123.0,-433.0,29.0,344.0,238.0,-284.0,-9.0,296.0
49.0,-38.0,137.0,-287.0,-7.0,208.0,200.0,-375.0,-7.0,322.0
25.0,113.0,151.0,-204.0,-75.0,124.0,130.0,-410.0,-28.0,352.0
-5.0,175.0,114.0,-193.0,11.0,488.0,48.0,-362.0,-41.0,386.0
-32.0,12.0,121.0,-131.0,108.0,567.0,-62.0,-297.0,-61.0,411.0
-69.0,121.0,89.0,-100.0,6.0,234.0,-262.0,-216.0,-103.0,429.0
-102.0,191.0,43.0,-28.0,-43.0,-79.0,-467.0,-299.0,-137.0,441.0
-106.0,-4.0,-32.0,67.0,0.0,-18.0,-541.0,-269.0,-172.0,457.0
-85.0,155.0,-58.0,75.0,-32.0,99.0,-493.0,-319.0,-210.0,460.0
-48.0,279.0,-51.0,17.0,-10.0,-2.0,-525.0,-343.0,-194.0,460.0
-28.0,318.0,-42.0,-28.0,-79.0,-87.0,-556.0,-454.0,-171.0,454.0
-12.0,131.0,-13.0,-77.0,-94.0,-40.0,-543.0,-604.0,-186.0,451.0
32.0,-31.0,5.0,-99.0,98.0,-27.0,-430.0,-511.0,-169.0,437.0
57.0,-71.0,9.0,-79.0,-16.0,-71.0,-210.0,-487.0,-136.0,401.0
73.0,-70.0,-12.0,-141.0,-100.0,-177.0,-23.0,-363.0,-110.0,371.0
78.0,-67.0,9.0,-200.0,50.0,105.0,95.0,-317.0,-101.0,324.0
118.0,-247.0,-22.0,-261.0,106.0,366.0,215.0,-352.0,-106.0,267.0
146.0,-113.0,31.0,-290.0,124.0,373.0,451.0,-271.0,-114.0,211.0
143.0,223.0,52.0,-314.0,-59.0,437.0,646.0,-279.0,-117.0,182.0
140.0,287.0,57.0,-328.0,-95.0,242.0,686.0,-273.0,-102.0,171.0
121.0,14.0,129.0,-225.0,96.0,287.0,694.0,-341.0,-100.0,157.0
127.0,-22.0,70.0,-118.0,19.0,604.0,785.0,-315.0,-100.0,161.0
101.0,88.0,32.0,-60.0,-84.0,703.0,825.0,-365.0,-76.0,186.0
77.0,-105.0,8.0,-13.0,-27.0,335.0,695.0,-495.0,-41.0,208.0
63.0,-206.0,14.0,44.0,25.0,119.0,507.0,-391.0,-46.0,205.0
32.0,-19.0,8.0,41.0,63.0,90.0,371.0,-395.0,-60.0,222.0
30.0,-36.0,40.0,31.0,-9.0,-25.0,292.0,-245.0,-59.0,224.0
27.0,-249.0,59.0,-1.0,-128.0,221.0,186.0,-134.0,-53.0,199.0
30.0,-291.0,18.0,-5.0,92.0,293.0,29.0,-114.0,-16.0,186.0
40.0,-476.0,35.0,38.0,143.0,189.0,-130.0,12.0,-1.0,161.0
57.0,-473.0,-58.0,69.0,-46.0,103.0,-151.0,-44.0,23.0,135.0
82.0,-249.0,-127.0,97.0,73.0,125.0,-36.0,-99.0,49.0,97.0
110.0,-427.0,-149.0,9.0,74.0,65.0,122.0,-277.0,68.0,63.0
133.0,-362.0,-209.0,-24.0,141.0,-214.0,242.0,-262.0,95.0,47.0
157.0,-56.0,-237.0,-17.0,75.0,-197.0,250.0,-286.0,123.0,33.0
189.0,-48.0,-259.0,-39.0,-207.0,39.0,199.0,-456.0,176.0,17.0
205.0,-40.0,-247.0,-2.0,28.0,228.0,83.0,-441.0,185.0,21.0
224.0,22.0,-240.0,51.0,117.0,231.0,-101.0,-559.0,195.0,29.0
219.0,67.0,-253.0,125.0,-59.0,172.0,-210.0,-458.0,180.0,25.0
206.0,41.0,-205.0,165.0,-64.0,185.0,-143.0,-441.0,159.0,30.0
209.0,167.0,-138.0,148.0,-82.0,237.0,-109.0,-439.0,172.0,27.0
202.0,209.0,-128.0,191.0,56.0,77.0,-197.0,-280.0,163.0,29.0
189.0,311.0,-101.0,190.0,29.0,-209.0,-358.0,-190.0,149.0,43.0
188.0,493.0,-103.0,75.0,-254.0,-339.0,-430.0,-22.0,126.0,65.0
188.0,260.0,-134.0,-11.0,-93.0,-258.0,-260.0,-144.0,102.0,81.0
173.0,179.0,-119.0,-117.0,148.0,-128.0,-75.0,-177.0,67.0,59.0
158.0,206.0,-120.0,-193.0,-27.0,-100.0,-22.0,-112.0,23.0,38.0
128.0,91.0,-127.0,-234.0,-85.0,38.0,-15.0,-138.0,-40.0,20.0
125.0,-82.0,-132.0,-240.0,20.0,244.0,71.0,-138.0,-108.0,-16.0
123.0,2.0,-176.0,-199.0,132.0,322.0,233.0,-158.0,-140.0,-55.0
122.0,5.0,-211.0,-201.0,192.0,66.0,464.0,12.0,-162.0,-101.0
123.0,-292.0,-205.0,-176.0,-50.0,-100.0,726.0,-7.0,-190.0,-142.0
107.0,-197.0,-227.0,-100.0,-116.0,-81.0,928.0,-96.0,-231.0,-144.0
122.0,-102.0,-227.0,-36.0,110.0,8.0,1068.0,-136.0,-259.0,-125.0
132.0,-99.0,-241.0,-27.0,93.0,265.0,1072.0,-254.0,-263.0,-89.0
143.0,-120.0,-246.0,-4.0,-36.0,123.0,942.0,-234.0,-274.0,-41.0
129.0,-276.0,-165.0,57.0,-35.0,-195.0,702.0,-258.0,-265.0,21.0
141.0,-282.0,-156.0,113.0,51.0,-231.0,503.0,-179.0,-210.0,109.0
154.0,-58.0,-72.0,153.0,181.0,-50.0,367.0,-110.0,-151.0,172.0
163.0,21.0,27.0,110.0,48.0,59.0,85.0,-81.0,-97.0,209.0
169.0,-112.0,25.0,25.0,-134.0,85.0,-398.0,-22.0,-38.0,216.0
157.0,-79.0,37.0,-62.0,53.0,248.0,-792.0,-46.0,-21.0,210.0
174.0,-142.0,55.0,-117.0,135.0,207.0,-837.0,155.0,-5.0,227.0
171.0,-124.0,69.0,-136.0,0.0,-192.0,-769.0,266.0,21.0,212.0
176.0,-28.0,74.0,-210.0,-204.0,-496.0,-717.0,269.0,33.0,185.0
186.0,-74.0,124.0,-275.0,-186.0,-383.0,-702.0,227.0,60.0,180.0
225.0,-75.0,81.0,-273.0,64.0,-215.0,-657.0,103.0,66.0,190.0
236.0,-77.0,151.0,-200.0,-69.0,-331.0,-510.0,66.0,61.0,213.0
238.0,-92.0,213.0,-97.0,-250.0,-264.0,-313.0,-57.0,53.0,247.0
247.0,-288.0,152.0,-17.0,-113.0,-83.0,-52.0,-29.0,10.0,305.0
261.0,-38.0,188.0,83.0,80.0,-402.0,203.0,-29.0,-11.0,358.0
264.0,332.0,120.0,114.0,24.0,-646.0,425.0,18.0,-8.0,416.0
220.0,109.0,158.0,134.0,-173.0,-467.0,537.0,0.0,3.0,456.0
211.0,-77.0,156.0,187.0,-159.0,-44.0,506.0,-186.0,32.0,454.0
195.0,21.0,88.0,186.0,33.0,188.0,384.0,-48.0,61.0,457.0
221.0,200.0,86.0,169.0,73.0,-123.0,289.0,14.0,100.0,416.0
188.0,21.0,-1.0,117.0,-120.0,-310.0,321.0,49.0,138.0,353.0
155.0,35.0,10.0,65.0,-68.0,-263.0,361.0,-24.0,167.0,283.0
166.0,162.0,-42.0,-13.0,81.0,-306.0,316.0,-96.0,177.0,179.0
141.0,-28.0,-116.0,-47.0,-2.0,-438.0,243.0,107.0,185.0,89.0
115.0,-126.0,-149.0,-14.0,-78.0,-438.0,288.0,151.0,195.0,5.0
60.0,-189.0,-246.0,-19.0,-85.0,-364.0,408.0,107.0,186.0,-65.0
62.0,-168.0,-280.0,19.0,-20.0,-325.0,402.0,-27.0,165.0,-140.0
46.0,-160.0,-302.0,36.0,25.0,-249.0,278.0,40.0,136.0,-188.0
37.0,-24.0,-282.0,-36.0,-113.0,-143.0,253.0,-79.0,120.0,-192.0
29.0,121.0,-263.0,-50.0,-118.0,91.0,283.0,-448.0,101.0,-185.0
14.0,159.0,-276.0,-33.0,42.0,255.0,141.0,-345.0,94.0,-157.0
36.0,222.0,-287.0,-29.0,93.0,313.0,-118.0,-341.0,58.0,-125.0
32.0,178.0,-296.0,-30.0,43.0,250.0,-275.0,-273.0,11.0,-89.0
28.0,-75.0,-293.0,-131.0,-31.0,89.0,-249.0,-182.0,3.0,-48.0
23.0,-108.0,-293.0,-179.0,97.0,-73.0,-181.0,-190.0,-39.0,-14.0
20.0,184.0,-241.0,-174.0,234.0,-183.0,-185.0,40.0,-91.0,6.0
-6.0,28.0,-244.0,-192.0,186.0,-37.0,-207.0,107.0,-119.0,32.0
-30.0,131.0,-239.0,-175.0,114.0,110.0,-187.0,173.0,-141.0,52.0
-58.0,418.0,-270.0,-171.0,164.0,-81.0,-188.0,131.0,-156.0,51.0
-64.0,177.0,-337.0,-148.0,275.0,-267.0,-180.0,192.0,-160.0,55.0
-67.0,9.0,-321.0,-79.0,154.0,-227.0,-77.0,321.0,-159.0,38.0
-86.0,-9.0,-337.0,-41.0,-32.0,-133.0,78.0,144.0,-144.0,18.0
-79.0,45.0,-306.0,-66.0,70.0,53.0,130.0,-29.0,-134.0,35.0
-87.0,-1.0,-252.0,-118.0,178.0,160.0,20.0,-236.0,-124.0,47.0
-79.0,-103.0,-210.0,-183.0,-38.0,191.0,-115.0,-223.0,-75.0,47.0
-89.0,-268.0,-175.0,-218.0,-113.0,127.0,-232.0,-260.0,-58.0,48.0
-95.0,-245.0,-181.0,-193.0,-19.0,146.0,-180.0,-288.0,-51.0,72.0
-84.0,-111.0,-218.0,-160.0,13.0,212.0,56.0,-75.0,-27.0,89.0
-97.0,-443.0,-173.0,-104.0,89.0,95.0,266.0,57.0,-37.0,105.0
-102.0,-435.0,-128.0,12.0,-22.0,57.0,316.0,258.0,-33.0,153.0
-75.0,-209.0,-115.0,96.0,-105.0,-64.0,329.0,238.0,-41.0,185.0
-38.0,-321.0,-9.0,124.0,77.0,-158.0,444.0,271.0,-38.0,220.0
-18.0,-484.0,-23.0,105.0,11.0,-160.0,495.0,391.0,-10.0,268.0
-6.0,-539.0,17.0,96.0,-213.0,-60.0,409.0,375.0,6.0,332.0
4.0,-298.0,40.0,101.0,-63.0,165.0,208.0,373.0,53.0,377.0
33.0,-142.0,0.0,65.0,105.0,60.0,40.0,328.0,65.0,403.0
32.0,-260.0,39.0,112.0,41.0,-102.0,-87.0,434.0,49.0,436.0
25.0,-137.0,0.0,108.0,-78.0,-127.0,-254.0,310.0,39.0,428.0
43.0,239.0,0.0,35.0,-134.0,-58.0,-392.0,72.0,27.0,407.0
56.0,255.0,-31.0,-3.0,13.0,221.0,-494.0,-44.0,27.0,357.0
79.0,208.0,2.0,-48.0,87.0,169.0,-514.0,-83.0,35.0,291.0
83.0,198.0,49.0,-84.0,-58.0,55.0,-494.0,-20.0,70.0,222.0
87.0,73.0,54.0,-110.0,-141.0,124.0,-472.0,-188.0,90.0,134.0
77.0,267.0,92.0,-76.0,25.0,-2.0,-489.0,-127.0,80.0,38.0
67.0,247.0,74.0,-27.0,165.0,-227.0,-503.0,40.0,62.0,-69.0
49.0,-32.0,58.0,14.0,4.0,-482.0,-400.0,86.0,39.0,-151.0
35.0,-104.0,35.0,88.0,-112.0,-366.0,-263.0,182.0,20.0,-232.0
31.0,-11.0,47.0,145.0,22.0,-198.0,-255.0,125.0,-21.0,-286.0
-22.0,-114.0,26.0,149.0,76.0,-141.0,-340.0,227.0,-65.0,-306.0
-32.0,-218.0,44.0,175.0,-52.0,107.0,-382.0,293.0,-85.0,-323.0
-37.0,106.0,45.0,186.0,-162.0,141.0,-278.0,203.0,-92.0,-321.0
-44.0,255.0,13.0,180.0,-52.0,-109.0,-51.0,84.0,-115.0,-298.0
-44.0,342.0,37.0,167.0,143.0,-371.0,146.0,57.0,-127.0,-264.0
-52.0,214.0,55.0,117.0,-4.0,-331.0,342.0,168.0,-121.0,-245.0
-41.0,93.0,61.0,115.0,-152.0,-68.0,455.0,-49.0,-127.0,-211.0
-65.0,329.0,36.0,88.0,43.0,-35.0,383.0,-230.0,-114.0,-176.0
-79.0,259.0,39.0,18.0,86.0,-217.0,194.0,-230.0,-91.0,-157.0
-93.0,139.0,26.0,-58.0,-27.0,-242.0,65.0,-79.0,-78.0,-140.0
-109.0,25.0,34.0,-83.0,-36.0,-152.0,50.0,60.0,-63.0,-115.0
-93.0,-7.0,34.0,-76.0,-106.0,-84.0,78.0,-114.0,-62.0,-87.0
-84.0,-38.0,6.0,-62.0,73.0,80.0,124.0,-116.0,-40.0,-60.0
-73.0,18.0,-49.0,-48.0,273.0,202.0,98.0,-94.0,25.0,-23.0
-57.0,103.0,-113.0,-20.0,-76.0,177.0,49.0,-110.0,87.0,-3.0
-59.0,96.0,-121.0,28.0,-104.0,214.0,-24.0,-179.0,147.0,-6.0
-48.0,145.0,-157.0,24.0,165.0,134.0,-83.0,-158.0,212.0,-20.0
-65.0,-107.0,-117.0,13.0,63.0,-83.0,-105.0,147.0,237.0,-36.0
-84.0,-51.0,-96.0,-53.0,-91.0,-262.0,-142.0,247.0,258.0,-63.0
-84.0,29.0,-106.0,-171.0,-160.0,-353.0,-138.0,264.0,292.0,-112.0
-69.0,-91.0,-74.0,-235.0,-11.0,-273.0,-107.0,101.0,308.0,-169.0
-27.0,-148.0,-97.0,-255.0,112.0,-120.0,-111.0,0.0,295.0,-199.0
-42.0,-248.0,-120.0,-301.0,-113.0,23.0,-90.0,3.0,265.0,-228.0
-49.0,-113.0,-118.0,-321.0,-198.0,86.0,98.0,-206.0,243.0,-265.0
-65.0,-61.0,-113.0,-275.0,83.0,265.0,292.0,-164.0,206.0,-290.0
-62.0,-5.0,-131.0,-207.0,121.0,168.0,375.0,-90.0,183.0,-325.0
-60.0,38.0,-99.0,-112.0,-94.0,23.0,334.0,84.0,144.0,-339.0
-78.0,66.0,-80.0,-20.0,-180.0,-60.0,233.0,249.0,79.0,-350.0
-69.0,1.0,-93.0,31.0,-96.0,-417.0,166.0,160.0,56.0,-337.0
-64.0,-144.0,-110.0,15.0,158.0,-400.0,51.0,131.0,46.0,-316.0
-16.0,57.0,-161.0,-18.0,54.0,-256.0,-141.0,25.0,25.0,-293.0
-18.0,123.0,-166.0,-48.0,-154.0,-19.0,-367.0,48.0,-19.0,-213.0
-27.0,126.0,-137.0,-11.0,47.0,98.0,-439.0,-14.0,-67.0,-118.0
-19.0,252.0,-93.0,6.0,180.0,-28.0,-422.0,33.0,-81.0,-50.0
-13.0,260.0,-131.0,-15.0,102.0,-132.0,-458.0,266.0,-97.0,2.0
-27.0,259.0,-116.0,33.0,-101.0,-149.0,-490.0,203.0,-106.0,52.0
-70.0,231.0,-87.0,78.0,-137.0,14.0,-428.0,151.0,-113.0,71.0
-80.0,-33.0,-87.0,161.0,63.0,-144.0,-305.0,-24.0,-117.0,79.0
-95.0,-271.0,-39.0,267.0,19.0,-104.0,-249.0,7.0,-121.0,58.0
-107.0,-144.0,-88.0,280.0,-162.0,169.0,-306.0,79.0,-120.0,26.0
-156.0,-109.0,-129.0,237.0,-88.0,132.0,-420.0,-27.0,-57.0,-2.0
-179.0,-170.0,-215.0,252.0,82.0,-107.0,-430.0,103.0,-39.0,-39.0
-210.0,-273.0,-232.0,260.0,117.0,-264.0,-406.0,223.0,-51.0,-58.0
-255.0,-257.0,-205.0,230.0,-51.0,-87.0,-438.0,345.0,-39.0,-87.0
-267.0,-102.0,-224.0,245.0,-205.0,15.0,-498.0,164.0,-26.0,-93.0
-294.0,-273.0,-184.0,207.0,57.0,-54.0,-475.0,-40.0,26.0,-80.0
-317.0,-377.0,-202.0,155.0,177.0,-118.0,-358.0,-5.0,33.0,-36.0
-329.0,-152.0,-214.0,139.0,-105.0,-135.0,-292.0,36.0,70.0,11.0
-310.0,41.0,-220.0,152.0,-119.0,-6.0,-244.0,75.0,111.0,58.0
-294.0,-140.0,-257.0,200.0,42.0,-96.0,-124.0,-75.0,111.0,125.0
-268.0,-102.0,-270.0,197.0,123.0,-449.0,72.0,25.0,167.0,164.0
-259.0,138.0,-258.0,161.0,54.0,-439.0,201.0,99.0,188.0,206.0
-265.0,151.0,-240.0,132.0,-94.0,-219.0,215.0,36.0,229.0,231.0
-256.0,207.0,-229.0,69.0,84.0,-81.0,148.0,53.0,260.0,242.0
-226.0,40.0,-174.0,-20.0,196.0,-148.0,131.0,36.0,260.0,235.0
-209.0,87.0,-120.0,-96.0,-95.0,-254.0,226.0,227.0,283.0,190.0
-207.0,282.0,-157.0,-142.0,-174.0,-212.0,325.0,299.0,287.0,145.0
-169.0,228.0,-139.0,-94.0,10.0,-87.0,358.0,317.0,255.0,84.0
-130.0,170.0,-124.0,6.0,150.0,250.0,373.0,352.0,213.0,36.0
-96.0,120.0,-122.0,54.0,86.0,358.0,499.0,412.0,213.0,-11.0
-79.0,152.0,-85.0,55.0,-128.0,161.0,677.0,428.0,181.0,-57.0
-42.0,71.0,-106.0,52.0,-55.0,-145.0,774.0,216.0,146.0,-61.0
-16.0,13.0,-75.0,50.0,130.0,-206.0,661.0,153.0,133.0,-76.0
14.0,10.0,-127.0,106.0,82.0,-25.0,515.0,70.0,103.0,-89.0
37.0,47.0,-170.0,96.0,-81.0,-81.0,392.0,40.0,80.0,-78.0
46.0,93.0,-156.0,-27.0,-102.0,-226.0,163.0,-5.0,39.0,-97.0
88.0,-41.0,-214.0,-111.0,87.0,-251.0,-135.0,-97.0,11.0,-117.0
95.0,-103.0,-228.0,-197.0,144.0,-49.0,-400.0,182.0,14.0,-117.0
104.0,-97.0,-185.0,-162.0,-41.0,104.0,-467.0,371.0,3.0,-138.0
99.0,-212.0,-178.0,-74.0,-109.0,-8.0,-476.0,447.0,-28.0,-159.0
110.0,-382.0,-186.0,-82.0,68.0,-64.0,-467.0,467.0,-44.0,-188.0
105.0,-307.0,-157.0,-93.0,102.0,180.0,-420.0,515.0,-57.0,-229.0
92.0,-191.0,-186.0,-98.0,-89.0,290.0,-329.0,598.0,-67.0,-254.0
107.0,-176.0,-190.0,-58.0,-178.0,139.0,-116.0,347.0,-46.0,-301.0
91.0,-103.0,-177.0,-52.0,-56.0,-121.0,104.0,192.0,-20.0,-352.0
67.0,9.0,-224.0,-5.0,61.0,-220.0,226.0,97.0,-21.0,-396.0
41.0,174.0,-215.0,38.0,-105.0,22.0,245.0,134.0,-37.0,-423.0
27.0,-29.0,-202.0,-34.0,-213.0,64.0,204.0,142.0,-20.0,-426.0
28.0,-156.0,-226.0,-10.0,-2.0,-8.0,46.0,-14.0,-28.0,-422.0
22.0,-20.0,-228.0,86.0,81.0,-68.0,-151.0,101.0,-62.0,-413.0
-9.0,-181.0,-216.0,103.0,-64.0,66.0,-287.0,140.0,-83.0,-420.0
-28.0,-250.0,-200.0,65.0,-181.0,199.0,-288.0,225.0,-114.0,-398.0
-32.0,-192.0,-175.0,30.0,-115.0,44.0,-202.0,160.0,-117.0,-350.0
-28.0,-21.0,-119.0,24.0,13.0,-4.0,-164.0,160.0,-111.0,-284.0
-34.0,166.0,-116.0,22.0,-25.0,-37.0,-153.0,500.0,-110.0,-230.0
-44.0,154.0,-57.0,-4.0,-114.0,-68.0,-150.0,578.0,-100.0,-192.0
-51.0,130.0,0.0,-5.0,-108.0,-208.0,-88.0,583.0,-101.0,-135.0
-82.0,26.0,-28.0,29.0,-4.0,-212.0,-34.0,502.0,-97.0,-93.0
-104.0,164.0,62.0,72.0,7.0,-127.0,-105.0,545.0,-99.0,-66.0
-135.0,247.0,72.0,82.0,-117.0,-183.0,-319.0,509.0,-118.0,-46.0
-144.0,-61.0,53.0,53.0,-126.0,-107.0,-472.0,262.0,-153.0,-19.0
-155.0,8.0,27.0,14.0,22.0,-133.0,-447.0,125.0,-161.0,4.0
-177.0,286.0,1.0,16.0,91.0,-150.0,-381.0,-70.0,-140.0,37.0
-176.0,208.0,0.0,32.0,-57.0,-145.0,-341.0,3.0,-155.0,52.0
-157.0,51.0,-38.0,6.0,-124.0,-29.0,-282.0,64.0,-160.0,40.0
-140.0,15.0,14.0,-13.0,19.0,343.0,-143.0,136.0,-152.0,40.0
-126.0,-62.0,44.0,-73.0,42.0,502.0,-15.0,362.0,-124.0,7.0
-110.0,-222.0,62.0,-115.0,-106.0,373.0,37.0,415.0,-88.0,-31.0
-116.0,-287.0,97.0,-133.0,-107.0,310.0,-4.0,478.0,-69.0,-58.0
-126.0,-159.0,115.0,-156.0,56.0,345.0,-39.0,389.0,-38.0,-96.0
-155.0,-64.0,83.0,-137.0,67.0,312.0,-81.0,389.0,-39.0,-122.0
-187.0,86.0,86.0,-84.0,-43.0,200.0,-202.0,406.0,-47.0,-139.0
-172.0,78.0,118.0,-26.0,-43.0,-79.0,-319.0,286.0,-25.0,-128.0
-144.0,3.0,136.0,-21.0,26.0,-244.0,-394.0,232.0,-4.0,-102.0
-149.0,216.0,170.0,45.0,68.0,-154.0,-355.0,136.0,-20.0,-75.0
-138.0,133.0,136.0,121.0,-16.0,8.0,-275.0,184.0,-35.0,-34.0
-142.0,96.0,120.0,119.0,-127.0,137.0,-259.0,83.0,-23.0,0.0
-159.0,-75.0,81.0,132.0,41.0,111.0,-284.0,7.0,-20.0,34.0
-180.0,-266.0,42.0,198.0,159.0,-58.0,-289.0,59.0,-12.0,48.0
-199.0,-82.0,41.0,346.0,-13.0,-260.0,-262.0,55.0,0.0,46.0
-172.0,-137.0,19.0,417.0,-94.0,-81.0,-219.0,138.0,16.0,45.0
-172.0,-134.0,0.0,299.0,-5.0,-14.0,-171.0,29.0,36.0,22.0
-180.0,-141.0,4.0,197.0,84.0,-223.0,-87.0,44.0,50.0,-5.0
-178.0,-101.0,31.0,233.0,-10.0,-258.0,65.0,48.0,52.0,-15.0
-178.0,-105.0,21.0,255.0,-133.0,-502.0,225.0,0.0,52.0,-39.0
-193.0,-201.0,32.0,295.0,-66.0,-707.0,294.0,25.0,63.0,-79.0
-222.0,-55.0,26.0,366.0,99.0,-510.0,213.0,-22.0,64.0,-122.0
-235.0,16.0,-22.0,346.0,47.0,-250.0,143.0,205.0,69.0,-160.0
-218.0,-64.0,-28.0,224.0,-247.0,-283.0,157.0,308.0,65.0,-179.0
-198.0,-80.0,-48.0,48.0,-123.0,-366.0,213.0,262.0,42.0,-220.0
-175.0,110.0,-59.0,24.0,83.0,-376.0,239.0,145.0,45.0,-245.0
-160.0,229.0,-76.0,76.0,-35.0,-419.0,179.0,107.0,37.0,-237.0
-166.0,101.0,-112.0,69.0,-38.0,-416.0,98.0,147.0,4.0,-215.0
-160.0,-79.0,-114.0,100.0,-47.0,-393.0,-6.0,-75.0,13.0,-169.0
-161.0,-47.0,-107.0,167.0,74.0,-309.0,-134.0,22.0,32.0,-122.0
-149.0,-123.0,-61.0,209.0,223.0,-438.0,-303.0,90.0,27.0,-69.0
-158.0,-257.0,-21.0,182.0,-70.0,-665.0,-438.0,44.0,19.0,-30.0
-131.0,-174.0,-24.0,104.0,-156.0,-695.0,-509.0,64.0,12.0,11.0
-108.0,-127.0,2.0,69.0,145.0,-567.0,-632.0,-42.0,50.0,48.0
-104.0,24.0,14.0,111.0,97.0,-346.0,-861.0,33.0,69.0,64.0
-85.0,87.0,-20.0,129.0,-26.0,-233.0,-1088.0,11.0,58.0,77.0
-121.0,194.0,0.0,101.0,-20.0,-292.0,-1098.0,-59.0,77.0,103.0
-128.0,217.0,0.0,68.0,24.0,-328.0,-847.0,-168.0,81.0,130.0
-133.0,287.0,-54.0,3.0,192.0,-275.0,-588.0,-155.0,72.0,139.0
-133.0,476.0,-16.0,-26.0,43.0,-322.0,-474.0,35.0,63.0,157.0
-158.0,239.0,12.0,-35.0,-109.0,-318.0,-300.0,-44.0,64.0,174.0
-169.0,332.0,0.0,-48.0,60.0,-190.0,-35.0,-49.0,40.0,201.0
-130.0,479.0,48.0,23.0,119.0,-182.0,181.0,-42.0,19.0,215.0
-107.0,293.0,42.0,119.0,32.0,-509.0,265.0,40.0,9.0,209.0
-84.0,77.0,42.0,107.0,-42.0,-947.0,299.0,142.0,-25.0,191.0
-89.0,-71.0,54.0,3.0,-16.0,-759.0,380.0,57.0,-50.0,134.0
-89.0,-67.0,69.0,-59.0,151.0,-374.0,462.0,153.0,-93.0,60.0
-80.0,-325.0,145.0,-46.0,160.0,-470.0,565.0,147.0,-142.0,-34.0
-68.0,-320.0,158.0,24.0,-40.0,-513.0,628.0,160.0,-185.0,-128.0
-57.0,-17.0,193.0,69.0,44.0,-529.0,585.0,190.0,-191.0,-208.0
-55.0,101.0,229.0,17.0,164.0,-472.0,505.0,116.0,-172.0,-279.0
-54.0,274.0,273.0,3.0,47.0,-240.0,475.0,168.0,-166.0,-325.0
-32.0,307.0,272.0,35.0,-9.0,-224.0,403.0,96.0,-161.0,-331.0
-9.0,221.0,250.0,58.0,-64.0,-413.0,361.0,20.0,-177.0,-321.0
-15.0,341.0,264.0,131.0,0.0,-610.0,377.0,-125.0,-158.0,-308.0
-37.0,373.0,171.0,160.0,108.0,-727.0,325.0,-169.0,-139.0,-278.0
-45.0,197.0,175.0,106.0,-55.0,-905.0,229.0,-155.0,-135.0,-242.0
-19.0,206.0,171.0,34.0,-118.0,-867.0,20.0,-301.0,-106.0,-187.0
-12.0,198.0,124.0,-42.0,47.0,-709.0,-166.0,-266.0,-85.0,-148.0
-21.0,-45.0,105.0,-20.0,33.0,-561.0,-191.0,-234.0,-64.0,-119.0
-29.0,-156.0,16.0,65.0,-119.0,-429.0,-163.0,-127.0,-38.0,-96.0
-19.0,-131.0,1.0,69.0,-145.0,-509.0,-245.0,-62.0,-1.0,-78.0
-13.0,-184.0,49.0,-13.0,-54.0,-570.0,-336.0,-48.0,9.0,-59.0
-15.0,-196.0,70.0,-89.0,40.0,-642.0,-345.0,12.0,-3.0,-59.0
-7.0,-122.0,74.0,-55.0,-31.0,-638.0,-397.0,-35.0,-8.0,-48.0
3.0,-220.0,109.0,48.0,-118.0,-578.0,-450.0,49.0,-12.0,-33.0
29.0,102.0,98.0,97.0,63.0,-472.0,-511.0,51.0,-4.0,-27.0
24.0,377.0,80.0,83.0,82.0,-396.0,-504.0,7.0,-27.0,-21.0
14.0,-43.0,96.0,17.0,-45.0,-536.0,-378.0,-103.0,-56.0,-11.0
7.0,57.0,102.0,-102.0,18.0,-799.0,-171.0,-245.0,-57.0,-9.0
-1.0,82.0,81.0,-179.0,62.0,-939.0,13.0,-242.0,-72.0,8.0
-4.0,-189.0,74.0,-236.0,111.0,-649.0,109.0,-221.0,-64.0,49.0
-14.0,-240.0,96.0,-281.0,49.0,-467.0,265.0,-49.0,-64.0,89.0
-7.0,-98.0,70.0,-282.0,-63.0,-783.0,504.0,-86.0,-87.0,123.0
0.0,124.0,108.0,-273.0,51.0,-846.0,696.0,-171.0,-77.0,142.0
27.0,-17.0,92.0,-290.0,75.0,-292.0,664.0,-36.0,-63.0,169.0
56.0,35.0,61.0,-257.0,-81.0,-49.0,512.0,64.0,-42.0,179.0
62.0,25.0,73.0,-131.0,-90.0,-394.0,442.0,184.0,-20.0,194.0
90.0,-12.0,56.0,-110.0,-51.0,-494.0,424.0,136.0,-2.0,204.0
85.0,-7.0,102.0,-138.0,-15.0,-423.0,386.0,173.0,24.0,191.0
79.0,-134.0,92.0,-143.0,1.0,-377.0,336.0,112.0,49.0,182.0
77.0,-128.0,64.0,-150.0,-145.0,-141.0,378.0,-110.0,39.0,168.0
74.0,-156.0,47.0,-100.0,-76.0,15.0,501.0,-166.0,10.0,152.0
97.0,-31.0,79.0,-49.0,110.0,-80.0,570.0,-218.0,-8.0,134.0
103.0,-38.0,106.0,1.0,48.0,-224.0,536.0,-62.0,-35.0,123.0
119.0,-123.0,67.0,29.0,-66.0,-223.0,521.0,-101.0,-24.0,122.0
139.0,88.0,94.0,33.0,-74.0,-252.0,495.0,-177.0,3.0,121.0
178.0,122.0,92.0,5.0,22.0,-126.0,363.0,-144.0,28.0,90.0
200.0,-2.0,107.0,-15.0,69.0,-15.0,156.0,-225.0,40.0,70.0
206.0,156.0,121.0,10.0,-68.0,-57.0,-51.0,-101.0,24.0,40.0
226.0,161.0,117.0,-5.0,-84.0,29.0,-230.0,-75.0,14.0,-10.0
241.0,123.0,199.0,0.0,83.0,-41.0,-404.0,121.0,6.0,-63.0
249.0,132.0,219.0,48.0,35.0,125.0,-548.0,267.0,-11.0,-125.0
251.0,17.0,218.0,65.0,-92.0,289.0,-623.0,169.0,-14.0,-155.0
246.0,90.0,225.0,58.0,-132.0,246.0,-515.0,147.0,15.0,-222.0
224.0,-127.0,217.0,21.0,-98.0,183.0,-235.0,79.0,20.0,-266.0
229.0,-225.0,209.0,2.0,6.0,-129.0,52.0,216.0,8.0,-277.0
207.0,-99.0,178.0,22.0,-97.0,-171.0,189.0,214.0,-11.0,-302.0
179.0,-195.0,197.0,10.0,-243.0,89.0,159.0,147.0,-28.0,-302.0
156.0,-32.0,141.0,38.0,-51.0,342.0,162.0,77.0,-56.0,-295.0
126.0,-101.0,168.0,86.0,87.0,335.0,243.0,-36.0,-82.0,-284.0
94.0,-206.0,176.0,117.0,-15.0,229.0,248.0,1.0,-76.0,-279.0
37.0,-166.0,112.0,159.0,-73.0,158.0,123.0,-221.0,-106.0,-229.0
12.0,-233.0,118.0,118.0,-36.0,-27.0,12.0,-341.0,-128.0,-162.0
-2.0,-79.0,46.0,51.0,90.0,129.0,33.0,-308.0,-146.0,-109.0
-8.0,-173.0,77.0,29.0,57.0,411.0,129.0,-279.0,-156.0,-75.0
-25.0,-199.0,49.0,32.0,-33.0,281.0,221.0,-199.0,-136.0,-46.0
-43.0,-126.0,25.0,42.0,-18.0,269.0,319.0,-210.0,-140.0,-9.0
-57.0,-175.0,84.0,72.0,71.0,317.0,378.0,14.0,-118.0,6.0
-92.0,-157.0,98.0,69.0,131.0,-58.0,372.0,192.0,-92.0,1.0
-105.0,33.0,123.0,48.0,-66.0,-114.0,296.0,214.0,-82.0,6.0
-131.0,334.0,94.0,61.0,-99.0,352.0,115.0,129.0,-75.0,13.0
-164.0,228.0,81.0,76.0,134.0,644.0,-43.0,42.0,-88.0,7.0
-156.0,352.0,62.0,89.0,81.0,448.0,-112.0,118.0,-106.0,14.0
-159.0,588.0,108.0,56.0,-96.0,168.0,-110.0,0.0,-118.0,0.0
-163.0,454.0,74.0,41.0,8.0,116.0,-105.0,25.0,-88.0,-2.0
-149.0,146.0,45.0,25.0,45.0,224.0,-81.0,120.0,-60.0,-4.0
-152.0,-110.0,81.0,-20.0,129.0,525.0,69.0,149.0,-65.0,14.0
-114.0,-218.0,68.0,11.0,160.0,587.0,266.0,118.0,-53.0,45.0
-87.0,-527.0,150.0,0.0,-56.0,356.0,355.0,-62.0,-50.0,43.0
-82.0,-638.0,176.0,-41.0,94.0,294.0,300.0,16.0,-40.0,49.0
-93.0,-429.0,117.0,45.0,166.0,295.0,232.0,51.0,-22.0,27.0
-103.0,-312.0,82.0,137.0,-52.0,276.0,129.0,1.0,-41.0,31.0
-71.0,-300.0,111.0,128.0,0.0,402.0,-37.0,-120.0,-57.0,-12.0
-47.0,-139.0,118.0,89.0,53.0,452.0,-221.0,-116.0,-83.0,-90.0
-23.0,-72.0,141.0,78.0,58.0,181.0,-416.0,96.0,-111.0,-129.0
-35.0,-18.0,138.0,69.0,148.0,22.0,-617.0,36.0,-107.0,-170.0
-29.0,210.0,133.0,89.0,-43.0,337.0,-777.0,-27.0,-94.0,-194.0
-7.0,230.0,156.0,145.0,-63.0,640.0,-810.0,-22.0,-65.0,-222.0
-13.0,180.0,95.0,180.0,167.0,596.0,-760.0,127.0,-61.0,-204.0
0.0,30.0,114.0,162.0,50.0,476.0,-615.0,136.0,-41.0,-164.0
24.0,-125.0,97.0,107.0,-24.0,463.0,-397.0,-51.0,-14.0,-144.0
52.0,-188.0,68.0,46.0,4.0,270.0,-146.0,-79.0,-36.0,-106.0
48.0,-175.0,75.0,-6.0,10.0,-58.0,39.0,-171.0,-27.0,-69.0
43.0,-104.0,62.0,-10.0,105.0,75.0,165.0,-173.0,0.0,-79.0
59.0,-73.0,54.0,5.0,44.0,346.0,282.0,-356.0,2.0,-101.0
35.0,-7.0,0.0,42.0,-25.0,392.0,310.0,-478.0,8.0,-104.0
16.0,-133.0,-12.0,38.0,108.0,445.0,352.0,-269.0,23.0,-165.0
0.0,-116.0,2.0,-27.0,94.0,221.0,391.0,-247.0,46.0,-253.0
-16.0,50.0,26.0,-65.0,-55.0,-27.0,382.0,-286.0,64.0,-305.0
-12.0,-39.0,36.0,-121.0,-30.0,217.0,314.0,-363.0,56.0,-359.0
-49.0,-248.0,58.0,-167.0,16.0,485.0,210.0,-238.0,39.0,-428.0
-53.0,-297.0,58.0,-206.0,59.0,555.0,95.0,-118.0,5.0,-454.0
-46.0,-140.0,-7.0,-238.0,-22.0,621.0,55.0,-160.0,-33.0,-398.0
-45.0,-102.0,-25.0,-221.0,-109.0,525.0,109.0,-14.0,-37.0,-337.0
-72.0,212.0,-8.0,-210.0,4.0,98.0,115.0,38.0,-32.0,-267.0
-83.0,469.0,-10.0,-245.0,0.0,55.0,57.0,109.0,-41.0,-144.0
-64.0,397.0,-85.0,-301.0,-39.0,485.0,-15.0,-83.0,-65.0,-43.0
-92.0,542.0,-116.0,-336.0,-96.0,424.0,43.0,-371.0,-56.0,10.0
-97.0,461.0,-122.0,-352.0,-46.0,314.0,206.0,-260.0,-19.0,63.0
-104.0,322.0,-189.0,-373.0,86.0,300.0,354.0,-142.0,-30.0,118.0
-79.0,348.0,-178.0,-396.0,-84.0,157.0,385.0,-51.0,-52.0,111.0
-78.0,349.0,-193.0,-390.0,-105.0,273.0,367.0,-136.0,-40.0,79.0
-82.0,251.0,-153.0,-368.0,33.0,562.0,465.0,-81.0,-40.0,92.0
-82.0,108.0,-89.0,-240.0,-23.0,776.0,521.0,90.0,-29.0,67.0
-98.0,65.0,-103.0,-131.0,17.0,640.0,372.0,75.0,-17.0,-24.0
-102.0,-12.0,-45.0,-172.0,12.0,408.0,52.0,103.0,-47.0,-86.0
-137.0,-52.0,-80.0,-204.0,-104.0,259.0,-197.0,131.0,-58.0,-98.0
-119.0,-273.0,-66.0,-233.0,51.0,208.0,-257.0,382.0,-29.0,-136.0
-117.0,-449.0,-13.0,-245.0,54.0,350.0,-218.0,354.0,13.0,-175.0
-93.0,-430.0,-42.0,-204.0,-140.0,419.0,-192.0,79.0,40.0,-141.0
-83.0,-464.0,-8.0,-160.0,40.0,465.0,-159.0,7.0,10.0,-106.0
-68.0,-366.0,-15.0,-128.0,139.0,563.0,-82.0,-79.0,3.0,-109.0
-26.0,-213.0,-3.0,-131.0,-29.0,557.0,-18.0,-57.0,16.0,-63.0
-33.0,-141.0,-2.0,-197.0,-65.0,719.0,37.0,-186.0,9.0,1.0
-5.0,-60.0,-33.0,-261.0,18.0,1060.0,41.0,-197.0,10.0,3.0
-25.0,198.0,-47.0,-258.0,88.0,1212.0,-15.0,-48.0,0.0,-1.0
-29.0,294.0,-47.0,-129.0,44.0,1153.0,-135.0,-29.0,0.0,31.0
-46.0,302.0,-47.0,28.0,-67.0,904.0,-263.0,-145.0,-3.0,40.0
-59.0,316.0,-81.0,35.0,-100.0,701.0,-353.0,-343.0,7.0,3.0
-42.0,122.0,-87.0,-22.0,13.0,714.0,-370.0,-194.0,17.0,-17.0
-50.0,16.0,-51.0,-94.0,23.0,676.0,-261.0,-145.0,0.0,-7.0
-43.0,-99.0,-46.0,-120.0,-106.0,505.0,-136.0,-221.0,-30.0,-37.0
-74.0,-102.0,-91.0,-83.0,-17.0,571.0,-73.0,-227.0,-46.0,-96.0
-89.0,-72.0,-63.0,-91.0,77.0,720.0,-50.0,-155.0,-35.0,-115.0
-103.0,12.0,-55.0,-34.0,-19.0,545.0,14.0,66.0,-49.0,-97.0
-110.0,-30.0,-44.0,70.0,-54.0,465.0,37.0,-57.0,-69.0,-85.0
-135.0,-175.0,-25.0,117.0,-120.0,613.0,4.0,-121.0,-67.0,-71.0
-135.0,-9.0,-27.0,83.0,-132.0,662.0,44.0,-77.0,-71.0,9.0
-145.0,-110.0,7.0,-8.0,31.0,690.0,78.0,-112.0,-102.0,59.0
-176.0,-103.0,-7.0,-30.0,-40.0,828.0,9.0,-125.0,-117.0,54.0
-189.0,-95.0,-61.0,-18.0,-136.0,940.0,-125.0,-173.0,-102.0,81.0
-227.0,-129.0,-30.0,12.0,19.0,988.0,-260.0,-33.0,-109.0,111.0
-217.0,55.0,26.0,109.0,-46.0,962.0,-405.0,-81.0,-125.0,116.0
-211.0,-23.0,5.0,149.0,-94.0,807.0,-487.0,-121.0,-128.0,103.0
-171.0,60.0,58.0,73.0,7.0,528.0,-537.0,-127.0,-126.0,130.0
-155.0,219.0,19.0,-12.0,-92.0,319.0,-585.0,-97.0,-134.0,155.0
-135.0,311.0,9.0,-79.0,14.0,235.0,-588.0,157.0,-96.0,129.0
-98.0,372.0,27.0,-100.0,94.0,299.0,-522.0,64.0,-66.0,108.0
-84.0,502.0,-2.0,-40.0,-118.0,637.0,-340.0,29.0,-73.0,90.0
-52.0,613.0,28.0,25.0,-13.0,909.0,-92.0,62.0,-42.0,38.0
-74.0,476.0,15.0,5.0,93.0,901.0,169.0,48.0,-11.0,-45.0
-74.0,486.0,83.0,-49.0,-67.0,758.0,388.0,14.0,23.0,-73.0
-62.0,305.0,13.0,-43.0,-3.0,855.0,615.0,-194.0,60.0,-64.0
-45.0,-22.0,-23.0,-93.0,41.0,920.0,807.0,-131.0,82.0,-98.0
-30.0,-81.0,-22.0,-162.0,54.0,609.0,820.0,-107.0,100.0,-110.0
-20.0,-26.0,-48.0,-176.0,155.0,514.0,665.0,-88.0,130.0,-62.0
-3.0,-3.0,-12.0,-138.0,-25.0,572.0,497.0,-92.0,184.0,-19.0
25.0,92.0,-49.0,-64.0,-26.0,421.0,383.0,-118.0,221.0,11.0
43.0,189.0,3.0,6.0,102.0,490.0,239.0,68.0,236.0,76.0
46.0,118.0,-30.0,45.0,-9.0,907.0,70.0,101.0,228.0,160.0
44.0,128.0,-40.0,0.0,-83.0,1047.0,-157.0,151.0,212.0,200.0
48.0,70.0,8.0,-36.0,-12.0,914.0,-319.0,12.0,194.0,241.0
78.0,-25.0,-21.0,-30.0,153.0,813.0,-349.0,-118.0,186.0,318.0
75.0,-116.0,-34.0,-20.0,142.0,671.0,-360.0,-101.0,181.0,332.0
107.0,-140.0,-31.0,-1.0,11.0,605.0,-391.0,-188.0,162.0,288.0
121.0,-105.0,-16.0,-9.0,59.0,645.0,-408.0,-68.0,153.0,257.0
146.0,-133.0,-47.0,-80.0,91.0,539.0,-340.0,-64.0,106.0,218.0
152.0,-39.0,-58.0,-95.0,7.0,168.0,-221.0,-3.0,64.0,144.0
147.0,-55.0,-71.0,-34.0,62.0,-123.0,-155.0,48.0,32.0,62.0
166.0,104.0,-67.0,-59.0,22.0,56.0,-124.0,-73.0,-27.0,26.0
160.0,114.0,-65.0,-148.0,15.0,414.0,-55.0,-18.0,-62.0,15.0
171.0,9.0,-90.0,-199.0,173.0,582.0,-6.0,-14.0,-95.0,-14.0
141.0,55.0,-90.0,-192.0,38.0,590.0,4.0,60.0,-106.0,-7.0
128.0,-228.0,-135.0,-110.0,-39.0,327.0,-61.0,72.0,-102.0,43.0
102.0,-232.0,-111.0,-6.0,13.0,-39.0,-127.0,105.0,-138.0,34.0
76.0,-198.0,-94.0,47.0,40.0,-87.0,-94.0,182.0,-170.0,3.0
61.0,-282.0,-137.0,66.0,64.0,144.0,-4.0,201.0,-204.0,18.0
74.0,-398.0,-169.0,-4.0,-81.0,301.0,95.0,317.0,-234.0,32.0
84.0,-525.0,-198.0,-52.0,-108.0,350.0,154.0,175.0,-258.0,3.0
88.0,-309.0,-227.0,-25.0,49.0,231.0,191.0,94.0,-283.0,-27.0
104.0,-274.0,-271.0,27.0,48.0,62.0,140.0,44.0,-288.0,-3.0
108.0,-322.0,-272.0,163.0,-113.0,131.0,38.0,44.0,-297.0,-23.0
146.0,-171.0,-294.0,167.0,-102.0,164.0,-23.0,208.0,-296.0,-77.0
96.0,-53.0,-266.0,88.0,-5.0,153.0,-25.0,153.0,-268.0,-71.0
96.0,-70.0,-288.0,-25.0,16.0,205.0,-17.0,121.0,-234.0,-71.0
109.0,130.0,-285.0,-167.0,-55.0,292.0,-67.0,-1.0,-184.0,-108.0
131.0,312.0,-236.0,-142.0,-155.0,230.0,-162.0,-86.0,-131.0,-143.0
152.0,194.0,-290.0,-102.0,-63.0,-52.0,-287.0,-166.0,-102.0,-124.0
143.0,159.0,-244.0,-103.0,-1.0,-133.0,-308.0,-280.0,-81.0,-125.0
171.0,138.0,-237.0,-132.0,-78.0,106.0,-258.0,-212.0,-46.0,-179.0
153.0,340.0,-179.0,-152.0,-93.0,194.0,-179.0,-243.0,-1.0,-196.0
149.0,432.0,-62.0,-116.0,51.0,-47.0,-97.0,-166.0,25.0,-163.0
102.0,344.0,-38.0,-105.0,96.0,-267.0,21.0,-118.0,45.0,-165.0
99.0,295.0,-24.0,-31.0,-94.0,-426.0,281.0,25.0,80.0,-200.0
78.0,196.0,-38.0,58.0,-170.0,-405.0,509.0,186.0,136.0,-148.0
46.0,320.0,0.0,83.0,-69.0,-224.0,593.0,116.0,167.0,-83.0
40.0,69.0,58.0,137.0,13.0,-37.0,595.0,206.0,161.0,-76.0
21.0,-193.0,62.0,226.0,-66.0,76.0,641.0,203.0,191.0,-42.0
2.0,-59.0,65.0,221.0,-102.0,179.0,677.0,232.0,203.0,34.0
-44.0,65.0,88.0,107.0,72.0,221.0,654.0,184.0,181.0,77.0
-31.0,118.0,77.0,10.0,134.0,16.0,592.0,77.0,171.0,63.0
-27.0,73.0,69.0,-35.0,52.0,14.0,490.0,109.0,141.0,90.0
-19.0,113.0,110.0,-84.0,-9.0,-24.0,440.0,27.0,122.0,145.0
-41.0,-160.0,97.0,-121.0,-9.0,-169.0,403.0,83.0,110.0,147.0
-39.0,-217.0,46.0,-128.0,34.0,-106.0,342.0,14.0,89.0,113.0
-32.0,-72.0,11.0,-146.0,-3.0,-35.0,224.0,-40.0,48.0,130.0
-39.0,-254.0,-40.0,-124.0,-5.0,2.0,141.0,-16.0,14.0,149.0
-49.0,-215.0,-55.0,-58.0,54.0,68.0,153.0,-144.0,-14.0,117.0
-67.0,-118.0,-43.0,-27.0,88.0,219.0,114.0,-24.0,-60.0,143.0
-51.0,-317.0,-67.0,-7.0,132.0,129.0,-16.0,129.0,-77.0,202.0
-49.0,-461.0,-96.0,13.0,7.0,-187.0,-144.0,301.0,-88.0,249.0
-14.0,-225.0,-159.0,-58.0,-125.0,-280.0,-209.0,378.0,-90.0,276.0
-15.0,-379.0,-219.0,-125.0,-30.0,-20.0,-294.0,354.0,-80.0,309.0
0.0,-366.0,-232.0,-38.0,-46.0,162.0,-416.0,304.0,-77.0,355.0
-7.0,-26.0,-254.0,77.0,-124.0,131.0,-449.0,1.0,-64.0,336.0
8.0,-16.0,-224.0,154.0,-54.0,165.0,-364.0,-147.0,-54.0,293.0
46.0,161.0,-184.0,197.0,86.0,369.0,-267.0,-312.0,-8.0,261.0
43.0,237.0,-198.0,189.0,218.0,469.0,-180.0,-354.0,29.0,223.0
54.0,272.0,-192.0,167.0,118.0,193.0,-164.0,-358.0,29.0,154.0
31.0,257.0,-174.0,190.0,-11.0,-159.0,-107.0,-537.0,36.0,86.0
36.0,145.0,-179.0,211.0,-11.0,-343.0,143.0,-473.0,20.0,45.0
13.0,-22.0,-219.0,149.0,-21.0,-252.0,420.0,-400.0,10.0,-11.0
-5.0,109.0,-194.0,21.0,-64.0,-144.0,647.0,-136.0,13.0,-84.0
-26.0,268.0,-149.0,-86.0,-87.0,-165.0,835.0,14.0,8.0,-138.0
-36.0,59.0,-139.0,-89.0,76.0,-197.0,949.0,-27.0,11.0,-153.0
-51.0,111.0,-141.0,-11.0,159.0,-42.0,946.0,24.0,8.0,-178.0
-61.0,37.0,-165.0,98.0,44.0,264.0,813.0,66.0,-3.0,-205.0
-69.0,25.0,-140.0,169.0,10.0,235.0,559.0,301.0,-22.0,-191.0
-103.0,-42.0,-150.0,173.0,-25.0,106.0,335.0,328.0,-46.0,-194.0
-114.0,-53.0,-151.0,123.0,-58.0,-17.0,225.0,336.0,-57.0,-205.0
-149.0,90.0,-152.0,62.0,-64.0,-201.0,102.0,288.0,-74.0,-204.0
-155.0,-39.0,-166.0,51.0,-77.0,-155.0,28.0,131.0,-104.0,-187.0
-176.0,34.0,-144.0,24.0,23.0,-162.0,20.0,125.0,-130.0,-157.0
-171.0,223.0,-194.0,0.0,153.0,-262.0,-7.0,20.0,-140.0,-126.0
-175.0,251.0,-198.0,-8.0,200.0,-76.0,-48.0,151.0,-124.0,-78.0
-193.0,42.0,-196.0,-33.0,110.0,143.0,-128.0,151.0,-102.0,-48.0
-172.0,116.0,-190.0,42.0,-1.0,24.0,-244.0,0.0,-73.0,-30.0
-167.0,34.0,-150.0,183.0,20.0,-291.0,-267.0,-44.0,-37.0,-33.0
-154.0,76.0,-155.0,289.0,15.0,-292.0,-151.0,-186.0,-11.0,-21.0
-155.0,472.0,-160.0,304.0,-16.0,-143.0,-67.0,-97.0,14.0,-11.0
-131.0,240.0,-173.0,188.0,22.0,-342.0,-60.0,-40.0,50.0,-36.0
-127.0,137.0,-197.0,71.0,84.0,-526.0,-17.0,68.0,72.0,-22.0
-120.0,157.0,-207.0,0.0,192.0,-567.0,123.0,201.0,92.0,8.0
-110.0,81.0,-161.0,-1.0,74.0,-423.0,292.0,219.0,118.0,39.0
-98.0,-17.0,-175.0,51.0,-117.0,-78.0,381.0,253.0,124.0,60.0
-75.0,-14.0,-190.0,-27.0,85.0,86.0,419.0,223.0,140.0,87.0
-65.0,-102.0,-168.0,-99.0,173.0,64.0,523.0,242.0,160.0,115.0
-28.0,-431.0,-190.0,-123.0,7.0,15.0,608.0,125.0,172.0,140.0
-15.0,-420.0,-180.0,-134.0,-12.0,29.0,587.0,212.0,179.0,178.0
-14.0,-535.0,-201.0,-10.0,13.0,-162.0,510.0,254.0,195.0,205.0
-17.0,-364.0,-199.0,115.0,92.0,-415.0,457.0,206.0,201.0,228.0
2.0,-186.0,-191.0,182.0,188.0,-252.0,469.0,410.0,171.0,228.0
25.0,-543.0,-227.0,121.0,5.0,-229.0,458.0,367.0,156.0,228.0
46.0,-538.0,-193.0,1.0,-111.0,-464.0,435.0,402.0,123.0,232.0
41.0,-244.0,-174.0,-50.0,44.0,-348.0,352.0,314.0,111.0,206.0
39.0,-203.0,-160.0,-52.0,41.0,-198.0,247.0,190.0,88.0,186.0
67.0,-255.0,-127.0,13.0,-42.0,-364.0,165.0,221.0,35.0,189.0
31.0,54.0,-96.0,62.0,-95.0,-632.0,62.0,114.0,19.0,190.0
41.0,257.0,-53.0,76.0,-9.0,-429.0,-35.0,208.0,-7.0,176.0
50.0,313.0,-58.0,35.0,109.0,-127.0,-104.0,75.0,-19.0,164.0
70.0,374.0,-48.0,-17.0,-70.0,-297.0,-7.0,-92.0,-50.0,150.0
77.0,339.0,-55.0,-16.0,-145.0,-379.0,157.0,-168.0,-74.0,138.0
55.0,521.0,-33.0,51.0,21.0,-411.0,246.0,-284.0,-100.0,126.0
80.0,584.0,25.0,172.0,44.0,-206.0,255.0,-229.0,-153.0,121.0
71.0,437.0,-2.0,215.0,-97.0,-29.0,247.0,-230.0,-180.0,126.0
84.0,273.0,6.0,155.0,-111.0,-202.0,172.0,-48.0,-196.0,115.0
62.0,288.0,-9.0,82.0,103.0,-323.0,-32.0,92.0,-189.0,100.0
64.0,163.0,-65.0,53.0,117.0,-323.0,-277.0,145.0,-180.0,103.0
73.0,-3.0,-86.0,62.0,-74.0,-258.0,-526.0,218.0,-146.0,107.0
51.0,104.0,-86.0,104.0,-72.0,-491.0,-702.0,242.0,-119.0,111.0
53.0,17.0,-77.0,151.0,1.0,-455.0,-813.0,293.0,-88.0,125.0
41.0,-64.0,-95.0,165.0,78.0,-184.0,-825.0,133.0,-62.0,149.0
63.0,-338.0,-95.0,102.0,31.0,-168.0,-733.0,136.0,-27.0,175.0
54.0,-444.0,-109.0,-7.0,-86.0,0.0,-568.0,114.0,28.0,190.0
44.0,-222.0,-101.0,13.0,-77.0,241.0,-356.0,72.0,61.0,220.0
53.0,-335.0,-101.0,119.0,-27.0,231.0,-186.0,245.0,118.0,255.0
72.0,-411.0,-121.0,134.0,-23.0,66.0,-108.0,330.0,152.0,255.0
76.0,-228.0,-135.0,85.0,-150.0,-16.0,-128.0,602.0,189.0,272.0
69.0,67.0,-120.0,1.0,-52.0,-190.0,-94.0,570.0,214.0,304.0
104.0,189.0,-101.0,-74.0,163.0,-282.0,15.0,354.0,229.0,317.0
131.0,243.0,-164.0,-27.0,127.0,-160.0,104.0,365.0,255.0,340.0
151.0,133.0,-134.0,102.0,-42.0,-212.0,153.0,339.0,241.0,381.0
175.0,-36.0,-81.0,173.0,-70.0,-432.0,241.0,434.0,249.0,422.0
196.0,-62.0,-58.0,101.0,91.0,-622.0,303.0,284.0,225.0,429.0
234.0,-188.0,-5.0,-34.0,-42.0,-588.0,260.0,179.0,173.0,438.0
278.0,-85.0,-18.0,-117.0,-183.0,-443.0,191.0,164.0,127.0,446.0
293.0,16.0,-31.0,-130.0,-48.0,-613.0,82.0,-68.0,69.0,411.0
310.0,12.0,-16.0,-17.0,47.0,-683.0,55.0,-260.0,44.0,381.0
332.0,-71.0,18.0,114.0,105.0,-480.0,115.0,-362.0,27.0,358.0
354.0,-65.0,-4.0,145.0,29.0,-279.0,130.0,-225.0,4.0,329.0
345.0,20.0,-54.0,156.0,-125.0,-214.0,70.0,-203.0,-44.0,280.0
352.0,-54.0,-61.0,137.0,-74.0,-250.0,70.0,-234.0,-74.0,237.0
367.0,-21.0,-77.0,52.0,31.0,-189.0,221.0,-221.0,-85.0,218.0
319.0,-79.0,-83.0,-35.0,-68.0,-378.0,338.0,-190.0,-124.0,198.0
303.0,109.0,-80.0,-27.0,-140.0,-463.0,312.0,25.0,-143.0,178.0
306.0,138.0,-54.0,63.0,-77.0,-350.0,202.0,66.0,-168.0,145.0
306.0,-74.0,-29.0,161.0,75.0,-388.0,170.0,-1.0,-169.0,131.0
284.0,94.0,-39.0,228.0,111.0,-523.0,143.0,-33.0,-157.0,118.0
268.0,122.0,-42.0,190.0,-52.0,-551.0,26.0,147.0,-152.0,89.0
255.0,49.0,-4.0,86.0,-54.0,-429.0,-132.0,299.0,-122.0,77.0
215.0,-3.0,11.0,11.0,34.0,-374.0,-254.0,258.0,-103.0,68.0
170.0,189.0,11.0,-10.0,-3.0,-439.0,-194.0,386.0,-89.0,48.0
102.0,393.0,35.0,-31.0,-141.0,-505.0,-72.0,371.0,-66.0,29.0
83.0,210.0,37.0,-41.0,-134.0,-167.0,-21.0,210.0,-28.0,22.0
69.0,18.0,29.0,7.0,60.0,-4.0,39.0,-86.0,6.0,14.0
56.0,-142.0,23.0,-38.0,94.0,-200.0,143.0,-247.0,43.0,-17.0
28.0,-131.0,-7.0,-79.0,-29.0,-448.0,215.0,-149.0,66.0,-54.0
16.0,-334.0,-29.0,-18.0,-44.0,-476.0,261.0,-186.0,89.0,-74.0
45.0,-486.0,-40.0,24.0,21.0,-219.0,330.0,-20.0,135.0,-110.0
24.0,-59.0,-43.0,83.0,41.0,-311.0,370.0,77.0,143.0,-137.0
29.0,-23.0,-4.0,117.0,74.0,-415.0,335.0,195.0,158.0,-141.0
10.0,-262.0,14.0,124.0,21.0,-217.0,228.0,253.0,183.0,-129.0
18.0,-253.0,13.0,159.0,47.0,-112.0,87.0,-51.0,185.0,-97.0
22.0,-213.0,38.0,216.0,182.0,-327.0,28.0,-125.0,193.0,-54.0
-3.0,-112.0,25.0,263.0,48.0,-302.0,58.0,-242.0,188.0,0.0
13.0,75.0,47.0,259.0,-24.0,-167.0,55.0,-232.0,175.0,31.0
-2.0,98.0,117.0,265.0,43.0,-283.0,-17.0,-153.0,174.0,55.0
7.0,-9.0,113.0,299.0,13.0,-381.0,-144.0,-99.0,161.0,85.0
15.0,226.0,158.0,318.0,-1.0,-505.0,-186.0,73.0,154.0,95.0
38.0,435.0,198.0,305.0,-22.0,-538.0,-219.0,-36.0,136.0,95.0
73.0,284.0,176.0,226.0,0.0,-431.0,-366.0,1.0,113.0,94.0
78.0,321.0,248.0,142.0,80.0,-392.0,-528.0,-36.0,110.0,100.0
52.0,564.0,229.0,86.0,59.0,-445.0,-598.0,-70.0,97.0,108.0
38.0,415.0,168.0,84.0,5.0,-175.0,-536.0,-72.0,85.0,114.0
66.0,234.0,184.0,141.0,97.0,-252.0,-448.0,-282.0,62.0,123.0
38.0,94.0,131.0,117.0,132.0,-722.0,-344.0,-229.0,63.0,146.0
34.0,-172.0,107.0,62.0,98.0,-821.0,-305.0,-256.0,58.0,159.0
45.0,-172.0,143.0,26.0,23.0,-593.0,-268.0,-219.0,34.0,161.0
65.0,-457.0,156.0,-8.0,-31.0,-360.0,-152.0,-136.0,31.0,171.0
66.0,-624.0,158.0,11.0,91.0,-482.0,-96.0,-55.0,7.0,180.0
65.0,-300.0,148.0,-3.0,5.0,-228.0,-124.0,86.0,-12.0,173.0
82.0,-281.0,120.0,-48.0,-30.0,-79.0,-98.0,-1.0,-21.0,150.0
75.0,-298.0,93.0,-65.0,81.0,-265.0,148.0,-29.0,-23.0,139.0
95.0,36.0,95.0,-110.0,4.0,-271.0,405.0,-145.0,-34.0,121.0
96.0,380.0,98.0,-82.0,12.0,-348.0,520.0,-164.0,-58.0,85.0
120.0,500.0,105.0,-13.0,-20.0,-375.0,524.0,-151.0,-63.0,72.0
126.0,585.0,110.0,-57.0,-32.0,-489.0,548.0,-194.0,-69.0,57.0
153.0,499.0,90.0,-155.0,88.0,-459.0,631.0,-5.0,-62.0,25.0
153.0,324.0,89.0,-217.0,-13.0,-679.0,536.0,-24.0,-29.0,33.0
159.0,341.0,66.0,-204.0,-121.0,-1012.0,276.0,-68.0,-15.0,66.0
183.0,109.0,3.0,-196.0,19.0,-767.0,50.0,-181.0,-26.0,91.0
156.0,-252.0,0.0,-159.0,65.0,-431.0,-64.0,-291.0,-27.0,123.0
194.0,-330.0,29.0,-65.0,-23.0,-358.0,-193.0,-273.0,-21.0,156.0
198.0,-230.0,14.0,-30.0,-78.0,-250.0,-390.0,-419.0,-10.0,206.0
231.0,-329.0,4.0,-10.0,-156.0,-107.0,-632.0,-391.0,-19.0,256.0
252.0,-491.0,-5.0,1.0,-121.0,-72.0,-774.0,-351.0,-45.0,281.0
267.0,-355.0,-51.0,31.0,-93.0,-89.0,-776.0,-308.0,-62.0,311.0
287.0,-105.0,-61.0,124.0,-156.0,-276.0,-812.0,-301.0,-94.0,322.0
272.0,98.0,-39.0,153.0,-105.0,-215.0,-851.0,-378.0,-121.0,300.0
283.0,116.0,-52.0,104.0,-13.0,-129.0,-786.0,-303.0,-117.0,265.0
255.0,266.0,-22.0,60.0,29.0,-140.0,-576.0,-306.0,-101.0,233.0
242.0,319.0,-10.0,23.0,-43.0,-402.0,-260.0,-232.0,-88.0,194.0
222.0,282.0,-42.0,39.0,-79.0,-761.0,56.0,-242.0,-67.0,136.0
223.0,376.0,-6.0,35.0,22.0,-638.0,271.0,-144.0,-54.0,108.0
198.0,163.0,-13.0,29.0,-3.0,-583.0,447.0,48.0,-62.0,108.0
193.0,105.0,3.0,41.0,-85.0,-451.0,593.0,-72.0,-54.0,89.0
184.0,-17.0,27.0,35.0,-109.0,-300.0,666.0,-151.0,-33.0,78.0
131.0,-237.0,-6.0,97.0,-86.0,-181.0,674.0,-327.0,-23.0,96.0
111.0,-267.0,2.0,94.0,87.0,-210.0,598.0,-376.0,-8.0,103.0
68.0,-179.0,-4.0,74.0,98.0,-342.0,564.0,-352.0,4.0,86.0
47.0,-147.0,-33.0,63.0,-58.0,-150.0,558.0,-308.0,11.0,76.0
0.0,-219.0,-37.0,32.0,-47.0,-192.0,466.0,-101.0,34.0,92.0
-25.0,-48.0,-15.0,103.0,-11.0,-520.0,311.0,-184.0,71.0,90.0
-52.0,-322.0,24.0,141.0,-11.0,-753.0,241.0,-282.0,95.0,74.0
-70.0,-449.0,17.0,123.0,-98.0,-808.0,198.0,-410.0,106.0,84.0
-50.0,-276.0,34.0,51.0,-75.0,-618.0,40.0,-365.0,108.0,81.0
-63.0,-242.0,59.0,36.0,138.0,-187.0,-159.0,-177.0,123.0,74.0
-82.0,-45.0,61.0,96.0,99.0,88.0,-277.0,-186.0,137.0,84.0
-102.0,-25.0,93.0,61.0,-39.0,99.0,-310.0,-140.0,151.0,101.0
-116.0,82.0,27.0,-41.0,7.0,24.0,-389.0,-314.0,168.0,137.0
-115.0,388.0,2.0,-235.0,62.0,-139.0,-500.0,-334.0,155.0,171.0
-85.0,533.0,31.0,-404.0,20.0,-424.0,-532.0,-325.0,190.0,199.0
-81.0,210.0,44.0,-387.0,-39.0,-536.0,-372.0,-400.0,215.0,236.0
-67.0,230.0,73.0,-256.0,-85.0,-404.0,-146.0,-229.0,192.0,258.0
-44.0,350.0,44.0,-185.0,-28.0,-371.0,-38.0,-206.0,203.0,263.0
0.0,126.0,107.0,-150.0,24.0,-340.0,-23.0,-179.0,205.0,273.0
3.0,95.0,193.0,-113.0,-50.0,-150.0,-13.0,-317.0,186.0,261.0
-6.0,-67.0,214.0,-124.0,-52.0,83.0,73.0,-349.0,205.0,233.0
-13.0,62.0,213.0,-172.0,28.0,141.0,202.0,-254.0,220.0,209.0
-13.0,332.0,264.0,-188.0,-6.0,380.0,304.0,-347.0,189.0,173.0
9.0,374.0,269.0,-77.0,-149.0,437.0,302.0,-327.0,164.0,117.0
-9.0,360.0,208.0,26.0,-126.0,135.0,285.0,-413.0,110.0,55.0
6.0,522.0,234.0,69.0,-35.0,195.0,301.0,-254.0,59.0,12.0
14.0,554.0,209.0,48.0,-5.0,173.0,327.0,-216.0,32.0,-35.0
61.0,280.0,201.0,-57.0,-34.0,15.0,372.0,-349.0,-23.0,-89.0
57.0,179.0,165.0,-111.0,-100.0,45.0,419.0,-267.0,-72.0,-128.0
53.0,-104.0,88.0,-54.0,27.0,192.0,522.0,-290.0,-99.0,-144.0
89.0,-246.0,70.0,42.0,142.0,427.0,552.0,-131.0,-113.0,-146.0
104.0,-193.0,31.0,109.0,23.0,416.0,412.0,-118.0,-118.0,-152.0
149.0,-535.0,33.0,122.0,-61.0,356.0,179.0,-66.0,-121.0,-143.0
152.0,-768.0,28.0,38.0,40.0,444.0,62.0,-29.0,-130.0,-124.0
193.0,-546.0,26.0,-54.0,139.0,445.0,118.0,-179.0,-108.0,-112.0
184.0,-415.0,39.0,-80.0,86.0,512.0,132.0,-169.0,-72.0,-88.0
170.0,-549.0,37.0,-53.0,-89.0,543.0,1.0,-291.0,-76.0,-52.0
177.0,-449.0,-12.0,13.0,-51.0,557.0,-148.0,-249.0,-68.0,-36.0
180.0,-66.0,-49.0,44.0,186.0,626.0,-112.0,-321.0,-50.0,-11.0
175.0,145.0,26.0,72.0,134.0,557.0,-7.0,-454.0,-49.0,-13.0
162.0,289.0,11.0,23.0,-7.0,409.0,-15.0,-415.0,-40.0,-19.0
170.0,488.0,11.0,-58.0,14.0,327.0,-74.0,-461.0,-33.0,-18.0
161.0,322.0,45.0,-76.0,114.0,388.0,-85.0,-351.0,-18.0,-68.0
165.0,127.0,-25.0,-111.0,129.0,561.0,-65.0,-280.0,22.0,-82.0
118.0,114.0,3.0,-46.0,-31.0,716.0,-74.0,-157.0,34.0,-105.0
84.0,42.0,40.0,91.0,-19.0,744.0,-105.0,-105.0,37.0,-139.0
81.0,139.0,9.0,149.0,163.0,847.0,-105.0,-92.0,49.0,-139.0
78.0,114.0,14.0,138.0,163.0,784.0,-80.0,-14.0,56.0,-122.0
57.0,-95.0,20.0,54.0,26.0,691.0,-119.0,-68.0,81.0,-80.0
60.0,-227.0,8.0,-28.0,-23.0,963.0,-279.0,5.0,107.0,-58.0
88.0,-282.0,-17.0,-62.0,43.0,1076.0,-487.0,-55.0,125.0,-24.0
106.0,-37.0,-30.0,-132.0,87.0,910.0,-557.0,-59.0,144.0,26.0
121.0,159.0,-45.0,-190.0,31.0,688.0,-502.0,25.0,155.0,78.0
99.0,384.0,1.0,-162.0,-63.0,644.0,-435.0,-18.0,161.0,128.0
87.0,604.0,24.0,-102.0,-40.0,621.0,-412.0,57.0,197.0,172.0
89.0,645.0,21.0,-77.0,122.0,424.0,-439.0,-18.0,201.0,206.0
110.0,981.0,92.0,-55.0,137.0,540.0,-400.0,9.0,196.0,231.0
82.0,974.0,90.0,-33.0,28.0,779.0,-232.0,55.0,202.0,252.0
71.0,754.0,145.0,-4.0,107.0,891.0,-46.0,12.0,166.0,258.0
81.0,488.0,195.0,33.0,249.0,989.0,7.0,62.0,141.0,263.0
57.0,82.0,197.0,10.0,162.0,800.0,54.0,-25.0,110.0,267.0
26.0,21.0,208.0,-41.0,-23.0,680.0,176.0,-112.0,95.0,289.0
9.0,-141.0,122.0,-74.0,76.0,807.0,276.0,-266.0,78.0,310.0
0.0,-252.0,131.0,-72.0,202.0,668.0,244.0,-236.0,34.0,315.0
-54.0,-275.0,111.0,-48.0,71.0,386.0,90.0,-155.0,30.0,325.0
-68.0,-101.0,106.0,15.0,-65.0,438.0,15.0,-181.0,21.0,329.0
-76.0,138.0,181.0,35.0,-99.0,736.0,1.0,-92.0,9.0,319.0
-71.0,-53.0,119.0,-24.0,-44.0,640.0,-49.0,-169.0,19.0,300.0
-83.0,-148.0,109.0,-84.0,-77.0,400.0,-133.0,-138.0,25.0,280.0
-78.0,-173.0,153.0,-149.0,-163.0,372.0,-183.0,-121.0,40.0,246.0
-71.0,-217.0,134.0,-115.0,-139.0,285.0,-199.0,-123.0,62.0,210.0
-85.0,-282.0,176.0,-27.0,-120.0,417.0,-278.0,-20.0,61.0,159.0
-51.0,-452.0,244.0,89.0,-56.0,600.0,-417.0,-40.0,68.0,101.0
-39.0,-572.0,219.0,193.0,-24.0,429.0,-516.0,116.0,77.0,46.0
-7.0,-418.0,243.0,175.0,-85.0,335.0,-461.0,288.0,50.0,-23.0
-11.0,-195.0,275.0,180.0,29.0,313.0,-310.0,413.0,47.0,-78.0
0.0,-167.0,197.0,151.0,97.0,221.0,-239.0,395.0,45.0,-128.0
10.0,-26.0,181.0,115.0,-20.0,274.0,-250.0,179.0,14.0,-166.0
-15.0,60.0,199.0,187.0,-99.0,300.0,-153.0,92.0,17.0,-197.0
-11.0,1.0,155.0,265.0,-13.0,336.0,-22.0,-66.0,17.0,-238.0
-36.0,137.0,138.0,300.0,79.0,325.0,-59.0,-110.0,24.0,-245.0
-24.0,427.0,136.0,189.0,-53.0,451.0,-230.0,-101.0,54.0,-262.0
-15.0,354.0,104.0,24.0,-73.0,657.0,-355.0,-116.0,21.0,-300.0
-7.0,323.0,91.0,-78.0,26.0,477.0,-333.0,-107.0,15.0,-302.0
-1.0,277.0,59.0,-193.0,24.0,354.0,-236.0,-273.0,39.0,-294.0
-14.0,-171.0,40.0,-205.0,-5.0,479.0,-149.0,-260.0,34.0,-294.0
-25.0,-130.0,25.0,-155.0,-66.0,578.0,-166.0,-297.0,28.0,-282.0
-46.0,-3.0,-16.0,-128.0,-106.0,467.0,-204.0,-254.0,20.0,-254.0
-40.0,-149.0,-1.0,-81.0,-14.0,324.0,-183.0,-73.0,11.0,-228.0
-38.0,-322.0,-39.0,-31.0,-54.0,181.0,-174.0,35.0,24.0,-206.0
-41.0,-338.0,-51.0,-8.0,-196.0,106.0,-208.0,279.0,21.0,-178.0
-52.0,-162.0,-10.0,-81.0,-28.0,352.0,-174.0,284.0,-21.0,-150.0
-52.0,-65.0,-33.0,-141.0,163.0,436.0,-19.0,243.0,-36.0,-135.0
-52.0,267.0,6.0,-110.0,57.0,346.0,83.0,121.0,-50.0,-127.0
-61.0,386.0,-18.0,-20.0,-79.0,452.0,71.0,-14.0,-62.0,-111.0
-44.0,285.0,-31.0,103.0,-27.0,618.0,-28.0,-97.0,-58.0,-91.0
-51.0,192.0,-23.0,152.0,45.0,525.0,-94.0,-208.0,-85.0,-91.0
-52.0,146.0,-56.0,100.0,33.0,391.0,-102.0,-121.0,-121.0,-105.0
-43.0,101.0,15.0,-5.0,-66.0,523.0,-129.0,-243.0,-145.0,-103.0
-43.0,-135.0,-31.0,-98.0,-85.0,483.0,-185.0,-236.0,-151.0,-100.0
-44.0,-259.0,-48.0,-128.0,54.0,235.0,-175.0,-205.0,-154.0,-129.0
-41.0,-593.0,-35.0,-196.0,103.0,191.0,-137.0,-303.0,-148.0,-134.0
-35.0,-674.0,-86.0,-242.0,-59.0,235.0,-190.0,-310.0,-150.0,-112.0
-57.0,-389.0,-56.0,-258.0,-129.0,93.0,-227.0,-354.0,-169.0,-120.0
-51.0,-334.0,-44.0,-281.0,28.0,-6.0,-243.0,-243.0,-170.0,-106.0
-40.0,-301.0,-5.0,-209.0,-15.0,-26.0,-251.0,-221.0,-172.0,-83.0
-37.0,-209.0,-12.0,-114.0,-122.0,57.0,-294.0,-29.0,-156.0,-52.0
-34.0,-114.0,5.0,0.0,-89.0,183.0,-343.0,121.0,-134.0,-25.0
-9.0,-129.0,5.0,31.0,-21.0,109.0,-411.0,129.0,-127.0,-24.0
12.0,87.0,-58.0,-22.0,78.0,65.0,-484.0,219.0,-111.0,3.0
13.0,253.0,-88.0,-6.0,12.0,-25.0,-440.0,25.0,-98.0,-16.0
38.0,110.0,-182.0,34.0,-96.0,-82.0,-367.0,-49.0,-59.0,-56.0
35.0,180.0,-179.0,60.0,8.0,-150.0,-320.0,-145.0,-14.0,-64.0
33.0,174.0,-128.0,25.0,56.0,-244.0,-339.0,-199.0,9.0,-82.0
5.0,71.0,-104.0,-31.0,-110.0,-89.0,-367.0,-90.0,37.0,-112.0
5.0,125.0,-85.0,-65.0,-173.0,88.0,-345.0,-107.0,27.0,-129.0
22.0,161.0,-54.0,-29.0,-61.0,102.0,-319.0,-25.0,25.0,-105.0
33.0,97.0,-24.0,83.0,143.0,-233.0,-290.0,-116.0,39.0,-92.0
54.0,17.0,-61.0,123.0,192.0,-350.0,-174.0,-140.0,19.0,-99.0
29.0,-15.0,-22.0,52.0,-39.0,-137.0,-11.0,-83.0,23.0,-92.0
49.0,-9.0,-11.0,-44.0,22.0,-178.0,120.0,-109.0,16.0,-71.0
51.0,136.0,22.0,-112.0,242.0,-269.0,238.0,-5.0,5.0,-70.0
43.0,378.0,69.0,-163.0,108.0,-244.0,303.0,38.0,9.0,-67.0
43.0,506.0,86.0,-190.0,2.0,-42.0,439.0,219.0,-2.0,-51.0
56.0,457.0,130.0,-204.0,-2.0,37.0,599.0,219.0,2.0,-56.0
82.0,302.0,121.0,-227.0,-1.0,-20.0,603.0,147.0,12.0,-71.0
79.0,55.0,104.0,-227.0,49.0,41.0,430.0,134.0,19.0,-94.0
103.0,-24.0,59.0,-269.0,-27.0,87.0,268.0,-123.0,6.0,-98.0
90.0,17.0,41.0,-358.0,-62.0,188.0,227.0,-155.0,17.0,-119.0
69.0,-141.0,8.0,-431.0,2.0,27.0,204.0,-173.0,30.0,-152.0
81.0,-105.0,45.0,-439.0,13.0,-221.0,144.0,-129.0,-8.0,-158.0
81.0,142.0,75.0,-343.0,-89.0,-8.0,51.0,-86.0,-35.0,-168.0
58.0,297.0,28.0,-217.0,-198.0,162.0,-11.0,-110.0,-59.0,-167.0
18.0,244.0,3.0,-58.0,-73.0,153.0,-37.0,57.0,-90.0,-167.0
0.0,58.0,-84.0,100.0,36.0,298.0,-75.0,99.0,-121.0,-129.0
-2.0,7.0,-116.0,122.0,-64.0,191.0,-165.0,225.0,-169.0,-88.0
-17.0,-67.0,-138.0,101.0,-78.0,-173.0,-238.0,254.0,-216.0,-72.0
-28.0,-105.0,-166.0,131.0,-25.0,-91.0,-289.0,253.0,-239.0,-26.0
-45.0,-195.0,-153.0,123.0,-14.0,149.0,-357.0,236.0,-247.0,9.0
-52.0,-152.0,-127.0,55.0,-38.0,-102.0,-492.0,105.0,-252.0,36.0
-55.0,47.0,-148.0,17.0,-136.0,-402.0,-735.0,120.0,-260.0,62.0
-75.0,61.0,-131.0,48.0,-74.0,-177.0,-907.0,36.0,-258.0,68.0
-105.0,295.0,-104.0,50.0,83.0,177.0,-931.0,157.0,-258.0,74.0
-118.0,364.0,-168.0,-13.0,-55.0,114.0,-868.0,227.0,-278.0,67.0
-90.0,56.0,-139.0,-93.0,-216.0,91.0,-755.0,103.0,-286.0,62.0
-125.0,-205.0,-165.0,-127.0,-19.0,76.0,-620.0,70.0,-286.0,61.0
-132.0,-356.0,-184.0,-85.0,84.0,-112.0,-451.0,16.0,-253.0,46.0
-125.0,-381.0,-170.0,-18.0,11.0,180.0,-230.0,129.0,-213.0,43.0
-143.0,-331.0,-124.0,83.0,-107.0,280.0,-9.0,86.0,-178.0,25.0
-151.0,-268.0,-77.0,182.0,-186.0,-77.0,233.0,79.0,-141.0,7.0
-159.0,-253.0,-121.0,217.0,-30.0,-239.0,533.0,153.0,-81.0,-12.0
-107.0,-188.0,-76.0,172.0,-113.0,-336.0,843.0,110.0,-17.0,-54.0
-100.0,-230.0,-56.0,161.0,-240.0,-374.0,954.0,166.0,9.0,-70.0
-72.0,-379.0,-65.0,182.0,-95.0,-439.0,790.0,44.0,62.0,-77.0
-37.0,-438.0,-91.0,117.0,-4.0,-300.0,618.0,-24.0,82.0,-110.0
7.0,-508.0,-38.0,83.0,12.0,-28.0,497.0,-90.0,88.0,-136.0
45.0,-579.0,-34.0,17.0,-81.0,122.0,377.0,-75.0,107.0,-134.0
36.0,-436.0,-70.0,-76.0,-119.0,54.0,219.0,66.0,102.0,-145.0
51.0,-368.0,-21.0,-93.0,14.0,-296.0,90.0,121.0,100.0,-149.0
85.0,-436.0,-55.0,-56.0,27.0,-258.0,43.0,306.0,84.0,-147.0
124.0,22.0,-30.0,-27.0,-101.0,-20.0,-37.0,260.0,79.0,-135.0
78.0,390.0,-54.0,-85.0,-52.0,-145.0,-148.0,208.0,84.0,-120.0
65.0,341.0,-42.0,-124.0,195.0,-544.0,-250.0,151.0,90.0,-125.0
66.0,415.0,21.0,-70.0,200.0,-651.0,-290.0,44.0,60.0,-105.0
74.0,323.0,27.0,-18.0,55.0,-336.0,-191.0,121.0,34.0,-107.0
52.0,51.0,59.0,-17.0,87.0,-356.0,-2.0,160.0,15.0,-126.0
25.0,-228.0,24.0,-40.0,137.0,-516.0,50.0,269.0,-14.0,-130.0
30.0,-355.0,-19.0,-52.0,149.0,-202.0,-10.0,162.0,-19.0,-130.0
-11.0,-469.0,-15.0,-109.0,13.0,116.0,-59.0,230.0,-14.0,-143.0
-19.0,-510.0,-21.0,-193.0,-88.0,-52.0,-80.0,391.0,0.0,-172.0
-64.0,-428.0,-29.0,-223.0,26.0,-233.0,-40.0,254.0,-16.0,-184.0
-47.0,-375.0,26.0,-217.0,126.0,-129.0,7.0,273.0,-15.0,-184.0
-56.0,-47.0,24.0,-171.0,94.0,-37.0,84.0,199.0,-31.0,-176.0
-56.0,38.0,4.0,-167.0,-58.0,-229.0,127.0,234.0,-71.0,-168.0
-45.0,-85.0,48.0,-219.0,-11.0,-393.0,130.0,304.0,-47.0,-145.0
-66.0,-29.0,14.0,-163.0,101.0,-301.0,99.0,315.0,-11.0,-110.0
-45.0,34.0,-64.0,3.0,-46.0,-239.0,80.0,382.0,13.0,-96.0
-95.0,68.0,-117.0,140.0,-141.0,-129.0,109.0,319.0,25.0,-97.0
-98.0,230.0,-131.0,236.0,-31.0,-214.0,133.0,356.0,41.0,-111.0
-107.0,488.0,-142.0,324.0,78.0,-425.0,116.0,266.0,40.0,-150.0
-98.0,349.0,-99.0,264.0,85.0,-294.0,-65.0,271.0,47.0,-205.0
-127.0,300.0,-29.0,103.0,-10.0,-79.0,-244.0,280.0,80.0,-263.0
-134.0,468.0,-11.0,2.0,-52.0,-36.0,-264.0,127.0,71.0,-316.0
-124.0,409.0,27.0,-15.0,76.0,-122.0,-112.0,214.0,66.0,-377.0
-172.0,413.0,36.0,58.0,86.0,-133.0,12.0,179.0,63.0,-430.0
-176.0,366.0,14.0,131.0,-140.0,-308.0,-20.0,267.0,66.0,-456.0
-212.0,53.0,-6.0,144.0,-220.0,-713.0,-20.0,371.0,86.0,-483.0
-204.0,-169.0,15.0,126.0,-18.0,-930.0,39.0,258.0,82.0,-504.0
-221.0,-103.0,46.0,98.0,99.0,-920.0,141.0,169.0,95.0,-523.0
-218.0,33.0,38.0,65.0,16.0,-744.0,229.0,11.0,96.0,-523.0
-238.0,162.0,85.0,-16.0,-57.0,-578.0,340.0,84.0,89.0,-515.0
-219.0,275.0,46.0,-74.0,45.0,-442.0,501.0,92.0,96.0,-512.0
-185.0,142.0,31.0,-83.0,156.0,-471.0,649.0,46.0,85.0,-497.0
-207.0,-209.0,28.0,-55.0,22.0,-502.0,670.0,75.0,89.0,-477.0
-183.0,-221.0,-31.0,21.0,-97.0,-293.0,487.0,125.0,81.0,-453.0
-194.0,-67.0,25.0,117.0,38.0,-302.0,225.0,301.0,68.0,-449.0
-170.0,-137.0,25.0,203.0,208.0,-301.0,27.0,258.0,73.0,-438.0
-190.0,-109.0,20.0,219.0,132.0,-236.0,-9.0,199.0,76.0,-436.0
-164.0,-181.0,92.0,198.0,-51.0,-342.0,3.0,31.0,58.0,-450.0
-147.0,-249.0,55.0,134.0,-26.0,-412.0,-28.0,-105.0,56.0,-441.0
-151.0,-46.0,34.0,42.0,118.0,-438.0,14.0,-107.0,58.0,-404.0
-146.0,69.0,18.0,-14.0,60.0,-482.0,150.0,-110.0,37.0,-364.0
-170.0,-153.0,-57.0,-60.0,-80.0,-616.0,224.0,121.0,52.0,-324.0
-144.0,-445.0,-18.0,-145.0,-99.0,-617.0,219.0,160.0,65.0,-261.0
-169.0,-359.0,-22.0,-228.0,17.0,-565.0,277.0,107.0,86.0,-211.0
-157.0,-237.0,-18.0,-218.0,33.0,-513.0,419.0,40.0,101.0,-179.0
-170.0,43.0,17.0,-155.0,-156.0,-501.0,486.0,-22.0,110.0,-146.0
-163.0,426.0,-28.0,-67.0,-58.0,-682.0,464.0,40.0,149.0,-105.0
-145.0,139.0,-21.0,2.0,137.0,-676.0,512.0,110.0,149.0,-62.0
-180.0,-160.0,-13.0,-22.0,69.0,-531.0,579.0,363.0,118.0,-20.0
-193.0,-49.0,12.0,-100.0,-27.0,-360.0,640.0,437.0,81.0,33.0
-187.0,-5.0,-9.0,-79.0,-39.0,-452.0,629.0,400.0,38.0,74.0
-173.0,-7.0,-36.0,35.0,23.0,-624.0,477.0,275.0,9.0,98.0
-192.0,198.0,-20.0,94.0,68.0,-488.0,324.0,53.0,-15.0,111.0
-191.0,179.0,-84.0,69.0,15.0,-499.0,194.0,46.0,-57.0,126.0
-185.0,-247.0,-127.0,31.0,-102.0,-590.0,23.0,-55.0,-115.0,119.0
-186.0,-294.0,-150.0,-63.0,-6.0,-515.0,-107.0,-96.0,-159.0,100.0
-207.0,-299.0,-182.0,-104.0,86.0,-490.0,-105.0,-99.0,-161.0,104.0
-199.0,-280.0,-210.0,-86.0,-70.0,-849.0,-102.0,-1.0,-175.0,97.0
-200.0,-132.0,-174.0,-105.0,-141.0,-897.0,-113.0,181.0,-196.0,71.0
-161.0,-240.0,-140.0,-73.0,-18.0,-511.0,-154.0,110.0,-201.0,47.0
-128.0,-184.0,-134.0,-72.0,94.0,-597.0,-193.0,77.0,-225.0,31.0
-161.0,-108.0,-75.0,-29.0,-14.0,-918.0,-101.0,0.0,-240.0,12.0
-163.0,-65.0,-94.0,-17.0,-93.0,-1095.0,45.0,-14.0,-220.0,1.0
-151.0,-61.0,-81.0,-84.0,-32.0,-905.0,143.0,-118.0,-163.0,-9.0
-112.0,-26.0,-53.0,-91.0,12.0,-753.0,164.0,-308.0,-121.0,-26.0
-129.0,12.0,-77.0,-90.0,47.0,-872.0,269.0,-260.0,-79.0,-37.0
-93.0,75.0,-83.0,-44.0,20.0,-866.0,403.0,-230.0,-13.0,-38.0
-82.0,408.0,-91.0,2.0,6.0,-839.0,413.0,-3.0,44.0,-35.0
-62.0,357.0,-17.0,34.0,96.0,-609.0,385.0,92.0,70.0,-44.0
-15.0,86.0,-12.0,24.0,37.0,-425.0,388.0,145.0,61.0,-49.0
-34.0,47.0,-21.0,20.0,-148.0,-563.0,418.0,323.0,87.0,-38.0
-1.0,-64.0,-27.0,72.0,-59.0,-512.0,422.0,256.0,116.0,-18.0
-13.0,-127.0,-124.0,17.0,30.0,-358.0,305.0,253.0,127.0,-4.0
12.0,85.0,-137.0,-70.0,-45.0,-409.0,90.0,114.0,129.0,9.0
12.0,248.0,-160.0,-95.0,-40.0,-444.0,-42.0,88.0,115.0,26.0
2.0,185.0,-202.0,-103.0,-27.0,-409.0,-98.0,162.0,121.0,44.0
7.0,96.0,-194.0,-124.0,21.0,-481.0,-138.0,136.0,129.0,72.0
-9.0,54.0,-180.0,-198.0,44.0,-565.0,-243.0,186.0,132.0,78.0
0.0,80.0,-175.0,-249.0,-90.0,-599.0,-357.0,81.0,133.0,83.0
0.0,13.0,-153.0,-262.0,-148.0,-644.0,-396.0,129.0,141.0,101.0
13.0,20.0,-123.0,-162.0,-23.0,-563.0,-352.0,92.0,141.0,108.0
5.0,-32.0,-99.0,6.0,-33.0,-436.0,-227.0,27.0,111.0,118.0
8.0,-272.0,-81.0,72.0,-80.0,-359.0,-187.0,40.0,78.0,108.0
31.0,-224.0,-85.0,62.0,-31.0,-326.0,-186.0,-72.0,46.0,71.0
58.0,-158.0,-38.0,-45.0,-29.0,-410.0,-268.0,-40.0,15.0,44.0
65.0,-324.0,-8.0,-119.0,12.0,-574.0,-403.0,-116.0,-8.0,7.0
112.0,-503.0,11.0,-51.0,-31.0,-694.0,-497.0,-46.0,-32.0,-48.0
142.0,-373.0,52.0,43.0,-115.0,-565.0,-548.0,120.0,-88.0,-95.0
164.0,-245.0,69.0,138.0,-36.0,-417.0,-522.0,194.0,-132.0,-114.0
198.0,-255.0,96.0,191.0,38.0,-398.0,-414.0,280.0,-133.0,-121.0
192.0,-165.0,109.0,211.0,10.0,-479.0,-208.0,227.0,-160.0,-133.0
207.0,-185.0,115.0,217.0,-31.0,-528.0,-20.0,256.0,-181.0,-145.0
206.0,35.0,112.0,217.0,49.0,-402.0,149.0,157.0,-176.0,-162.0
218.0,116.0,93.0,198.0,222.0,-546.0,301.0,120.0,-161.0,-176.0
184.0,101.0,91.0,116.0,76.0,-584.0,428.0,199.0,-126.0,-192.0
174.0,142.0,64.0,64.0,-139.0,-317.0,399.0,147.0,-92.0,-213.0
156.0,113.0,21.0,36.0,44.0,-191.0,179.0,206.0,-63.0,-224.0
132.0,441.0,13.0,51.0,79.0,-173.0,12.0,182.0,-60.0,-241.0
134.0,379.0,39.0,51.0,-35.0,-361.0,-26.0,238.0,-54.0,-260.0
90.0,148.0,78.0,21.0,-61.0,-442.0,-7.0,242.0,-43.0,-278.0
71.0,-8.0,105.0,42.0,-55.0,-388.0,-71.0,245.0,-46.0,-299.0
61.0,-277.0,170.0,20.0,158.0,-250.0,-161.0,386.0,-36.0,-321.0
85.0,-224.0,205.0,-2.0,132.0,-56.0,-169.0,288.0,-32.0,-329.0
65.0,4.0,170.0,-103.0,-72.0,-246.0,-144.0,138.0,0.0,-326.0
33.0,286.0,175.0,-213.0,-19.0,-354.0,-182.0,-92.0,36.0,-343.0
19.0,356.0,148.0,-150.0,20.0,-301.0,-273.0,-121.0,28.0,-352.0
10.0,419.0,139.0,32.0,24.0,-313.0,-316.0,-66.0,-1.0,-356.0
-4.0,413.0,171.0,163.0,-12.0,-294.0,-232.0,-77.0,-21.0,-346.0
-45.0,118.0,151.0,94.0,-39.0,-177.0,-163.0,1.0,8.0,-332.0
-29.0,103.0,193.0,-20.0,139.0,-42.0,-227.0,-25.0,42.0,-302.0
4.0,211.0,188.0,-59.0,196.0,-463.0,-244.0,149.0,62.0,-244.0
20.0,115.0,125.0,-86.0,32.0,-686.0,-189.0,131.0,65.0,-211.0
0.0,226.0,113.0,-103.0,-21.0,-483.0,-158.0,51.0,56.0,-157.0
-5.0,376.0,96.0,-27.0,50.0,-421.0,-238.0,166.0,98.0,-92.0
-5.0,197.0,101.0,87.0,99.0,-246.0,-256.0,145.0,141.0,-18.0
0.0,40.0,115.0,152.0,35.0,-296.0,-82.0,186.0,145.0,57.0
4.0,-126.0,132.0,180.0,-121.0,-169.0,74.0,86.0,148.0,118.0
-10.0,-241.0,131.0,176.0,0.0,229.0,143.0,107.0,152.0,179.0
3.0,-298.0,136.0,159.0,160.0,434.0,193.0,158.0,134.0,213.0
-1.0,-200.0,142.0,129.0,-6.0,454.0,274.0,105.0,111.0,241.0
-6.0,136.0,116.0,96.0,-12.0,272.0,349.0,127.0,93.0,248.0
6.0,156.0,112.0,114.0,44.0,190.0,425.0,48.0,60.0,261.0
30.0,135.0,109.0,150.0,-10.0,116.0,438.0,83.0,48.0,265.0
43.0,-16.0,128.0,106.0,-7.0,129.0,400.0,72.0,35.0,262.0
43.0,-354.0,175.0,18.0,-93.0,127.0,373.0,227.0,46.0,269.0
60.0,-434.0,194.0,-96.0,-98.0,141.0,282.0,445.0,76.0,258.0
53.0,-440.0,231.0,-183.0,62.0,194.0,98.0,412.0,48.0,276.0
31.0,-353.0,207.0,-152.0,65.0,18.0,-187.0,430.0,14.0,291.0
32.0,-384.0,178.0,-98.0,-12.0,17.0,-417.0,251.0,24.0,303.0
31.0,-364.0,234.0,-24.0,6.0,308.0,-548.0,182.0,60.0,330.0
42.0,-273.0,197.0,26.0,2.0,666.0,-611.0,249.0,44.0,344.0
52.0,-327.0,166.0,0.0,-6.0,611.0,-646.0,223.0,11.0,359.0
18.0,-117.0,127.0,-6.0,-83.0,242.0,-702.0,195.0,-23.0,348.0
6.0,41.0,91.0,-9.0,-110.0,112.0,-735.0,79.0,-52.0,324.0
15.0,9.0,83.0,-8.0,4.0,303.0,-699.0,116.0,-43.0,299.0
13.0,-102.0,19.0,28.0,-9.0,451.0,-487.0,-31.0,-46.0,276.0
4.0,-172.0,40.0,30.0,-43.0,203.0,-229.0,-162.0,-57.0,262.0
1.0,-55.0,18.0,-83.0,2.0,-14.0,-86.0,-129.0,-89.0,224.0
19.0,-118.0,7.0,-180.0,39.0,181.0,-15.0,-110.0,-102.0,198.0
14.0,-446.0,-3.0,-128.0,60.0,381.0,50.0,77.0,-71.0,157.0
23.0,-594.0,-25.0,-12.0,20.0,241.0,115.0,90.0,-69.0,108.0
28.0,-226.0,11.0,84.0,-34.0,176.0,157.0,144.0,-88.0,105.0
13.0,86.0,4.0,130.0,-22.0,139.0,229.0,164.0,-108.0,79.0
10.0,272.0,26.0,130.0,42.0,141.0,392.0,179.0,-124.0,67.0
28.0,544.0,10.0,58.0,-29.0,260.0,532.0,229.0,-136.0,82.0
53.0,558.0,19.0,18.0,-77.0,263.0,492.0,73.0,-132.0,96.0
35.0,381.0,8.0,86.0,39.0,342.0,447.0,99.0,-112.0,115.0
29.0,271.0,-23.0,68.0,0.0,423.0,492.0,57.0,-97.0,125.0
37.0,184.0,-14.0,-31.0,-6.0,541.0,523.0,12.0,-100.0,157.0
43.0,180.0,-35.0,-70.0,19.0,489.0,367.0,-31.0,-105.0,190.0
61.0,526.0,-29.0,-16.0,-17.0,295.0,56.0,-81.0,-95.0,202.0
63.0,528.0,-34.0,89.0,96.0,262.0,-109.0,-16.0,-78.0,192.0
66.0,261.0,-45.0,139.0,40.0,321.0,-92.0,-160.0,-78.0,183.0
83.0,316.0,-79.0,91.0,-62.0,380.0,-49.0,-221.0,-99.0,172.0
107.0,302.0,-99.0,35.0,14.0,462.0,-110.0,-264.0,-99.0,141.0
90.0,292.0,-67.0,-17.0,21.0,633.0,-167.0,-208.0,-60.0,118.0
56.0,364.0,-33.0,-48.0,13.0,599.0,-87.0,-134.0,-12.0,108.0
54.0,367.0,9.0,-3.0,-80.0,643.0,73.0,-242.0,0.0,98.0
32.0,232.0,-4.0,58.0,-118.0,738.0,156.0,-157.0,12.0,78.0
23.0,250.0,12.0,162.0,39.0,615.0,71.0,-90.0,39.0,55.0
12.0,179.0,92.0,198.0,-14.0,420.0,19.0,1.0,44.0,40.0
0.0,-309.0,66.0,184.0,-97.0,245.0,52.0,3.0,82.0,41.0
-6.0,-566.0,89.0,259.0,-13.0,302.0,99.0,-44.0,99.0,46.0
-16.0,-591.0,103.0,325.0,45.0,281.0,95.0,11.0,66.0,66.0
-8.0,-651.0,63.0,345.0,108.0,305.0,21.0,-129.0,52.0,92.0
-27.0,-518.0,101.0,278.0,40.0,419.0,-23.0,-162.0,56.0,99.0
-17.0,-115.0,98.0,193.0,-21.0,611.0,-11.0,-162.0,37.0,113.0
-14.0,89.0,84.0,125.0,77.0,944.0,-51.0,-94.0,27.0,133.0
-31.0,27.0,72.0,79.0,59.0,835.0,-225.0,-59.0,42.0,148.0
-35.0,-2.0,66.0,125.0,-48.0,452.0,-358.0,-153.0,25.0,139.0
-46.0,34.0,29.0,118.0,-42.0,188.0,-322.0,-27.0,29.0,126.0
-57.0,216.0,52.0,35.0,16.0,235.0,-196.0,-5.0,53.0,105.0
-72.0,331.0,83.0,13.0,112.0,302.0,-125.0,70.0,45.0,57.0
-58.0,274.0,58.0,13.0,74.0,318.0,-7.0,96.0,37.0,25.0
-45.0,82.0,55.0,26.0,-35.0,564.0,251.0,59.0,46.0,8.0
-22.0,77.0,23.0,143.0,13.0,403.0,483.0,186.0,55.0,0.0
0.0,68.0,99.0,249.0,69.0,225.0,556.0,205.0,91.0,-3.0
15.0,-237.0,105.0,239.0,-6.0,572.0,529.0,245.0,117.0,8.0
37.0,-333.0,77.0,173.0,-121.0,1033.0,540.0,101.0,96.0,41.0
34.0,-406.0,101.0,76.0,-8.0,1124.0,543.0,11.0,121.0,87.0
42.0,-474.0,45.0,3.0,100.0,720.0,444.0,-3.0,132.0,120.0
31.0,-320.0,54.0,-45.0,-35.0,469.0,207.0,-64.0,133.0,147.0
14.0,-174.0,18.0,-65.0,-190.0,516.0,-63.0,38.0,132.0,170.0
39.0,-331.0,-4.0,-102.0,-32.0,753.0,-345.0,-20.0,100.0,181.0
15.0,-529.0,22.0,-112.0,8.0,800.0,-570.0,9.0,108.0,202.0
-17.0,-442.0,-42.0,-63.0,-161.0,646.0,-651.0,-88.0,101.0,200.0
-20.0,-354.0,-47.0,-29.0,-121.0,744.0,-692.0,-236.0,87.0,200.0
-23.0,-106.0,-68.0,14.0,-179.0,761.0,-648.0,-110.0,69.0,187.0
-23.0,186.0,-71.0,65.0,-25.0,619.0,-557.0,-103.0,45.0,167.0
-43.0,427.0,-37.0,83.0,28.0,421.0,-468.0,-53.0,44.0,174.0
-40.0,540.0,-81.0,22.0,-203.0,534.0,-386.0,-73.0,43.0,153.0
-33.0,436.0,0.0,-25.0,-99.0,970.0,-315.0,-62.0,19.0,151.0
-21.0,357.0,35.0,-29.0,75.0,915.0,-186.0,-38.0,-2.0,152.0
-27.0,75.0,26.0,-52.0,52.0,732.0,-69.0,-151.0,20.0,147.0
-43.0,115.0,90.0,-3.0,-61.0,832.0,-21.0,-199.0,33.0,139.0
-35.0,517.0,85.0,126.0,-18.0,626.0,-1.0,-232.0,55.0,120.0
-36.0,576.0,125.0,162.0,70.0,438.0,61.0,-53.0,81.0,110.0
-39.0,525.0,146.0,55.0,77.0,594.0,241.0,-27.0,99.0,102.0
-47.0,530.0,135.0,-58.0,-28.0,761.0,527.0,-48.0,104.0,78.0
-34.0,537.0,129.0,-165.0,-81.0,831.0,780.0,83.0,96.0,28.0
-22.0,523.0,107.0,-200.0,65.0,801.0,956.0,1.0,96.0,0.0
-4.0,387.0,82.0,-112.0,130.0,842.0,1078.0,-48.0,61.0,-19.0
17.0,103.0,76.0,-5.0,53.0,879.0,1110.0,-144.0,55.0,-41.0
27.0,-2.0,128.0,30.0,-87.0,956.0,992.0,-88.0,64.0,-47.0
23.0,18.0,130.0,-41.0,81.0,1094.0,760.0,12.0,60.0,-33.0
28.0,-213.0,86.0,-89.0,228.0,1089.0,520.0,-9.0,78.0,0.0
26.0,-282.0,59.0,-87.0,-23.0,972.0,347.0,64.0,50.0,46.0
9.0,-182.0,41.0,-16.0,-74.0,626.0,196.0,14.0,19.0,115.0
22.0,-188.0,62.0,71.0,21.0,375.0,-77.0,79.0,17.0,162.0
26.0,-250.0,19.0,107.0,77.0,450.0,-387.0,42.0,11.0,176.0
22.0,-316.0,-17.0,74.0,89.0,578.0,-624.0,-57.0,0.0,178.0
16.0,-83.0,1.0,-65.0,-37.0,688.0,-772.0,-94.0,-39.0,197.0
13.0,273.0,-41.0,-119.0,-8.0,691.0,-909.0,-127.0,-72.0,209.0
-15.0,418.0,-46.0,-132.0,158.0,770.0,-1146.0,20.0,-82.0,181.0
-14.0,329.0,-77.0,-145.0,56.0,807.0,-1360.0,-72.0,-75.0,173.0
-12.0,123.0,-91.0,-167.0,-86.0,597.0,-1386.0,-51.0,-59.0,199.0
-30.0,-48.0,-107.0,-204.0,-47.0,462.0,-1227.0,-5.0,-62.0,227.0
-41.0,-99.0,-117.0,-174.0,16.0,324.0,-1020.0,-70.0,-63.0,235.0
-56.0,-85.0,-95.0,-159.0,99.0,133.0,-729.0,55.0,-48.0,239.0
-54.0,42.0,-141.0,-119.0,10.0,144.0,-299.0,110.0,-48.0,231.0
-71.0,129.0,-42.0,-92.0,-70.0,418.0,167.0,253.0,-44.0,206.0
-57.0,-22.0,12.0,-54.0,63.0,435.0,483.0,195.0,-30.0,199.0
-56.0,-236.0,43.0,14.0,93.0,72.0,707.0,44.0,-26.0,208.0
-39.0,-411.0,95.0,61.0,-107.0,115.0,972.0,-97.0,-19.0,209.0
-37.0,-170.0,60.0,76.0,-194.0,438.0,1118.0,-240.0,-14.0,202.0
-45.0,-101.0,133.0,64.0,-42.0,432.0,1087.0,-177.0,-15.0,200.0
-32.0,-280.0,99.0,73.0,4.0,444.0,870.0,-205.0,-4.0,193.0
-36.0,-116.0,77.0,20.0,-36.0,641.0,604.0,-86.0,-12.0,163.0
-5.0,-109.0,77.0,6.0,0.0,596.0,421.0,-73.0,-21.0,110.0
-12.0,-77.0,0.0,26.0,85.0,357.0,264.0,-112.0,-19.0,80.0
-2.0,64.0,-6.0,5.0,89.0,210.0,19.0,-44.0,-34.0,46.0
4.0,184.0,-93.0,25.0,39.0,298.0,-266.0,-72.0,-51.0,-18.0
-16.0,106.0,-129.0,-3.0,-26.0,425.0,-434.0,75.0,-50.0,-60.0
-9.0,-52.0,-117.0,-36.0,-60.0,549.0,-522.0,40.0,-42.0,-97.0
6.0,119.0,-144.0,-31.0,59.0,610.0,-593.0,-1.0,-64.0,-133.0
15.0,72.0,-115.0,5.0,64.0,493.0,-695.0,51.0,-98.0,-166.0
-17.0,-137.0,-40.0,128.0,-19.0,547.0,-727.0,72.0,-116.0,-176.0
-37.0,-88.0,-8.0,157.0,102.0,522.0,-638.0,94.0,-141.0,-168.0
-6.0,-141.0,-34.0,128.0,177.0,415.0,-511.0,-94.0,-166.0,-186.0
0.0,-211.0,-27.0,106.0,66.0,452.0,-433.0,-57.0,-188.0,-189.0
-15.0,-73.0,-34.0,-5.0,-32.0,582.0,-383.0,-105.0,-203.0,-180.0
0.0,-126.0,-52.0,-90.0,-66.0,585.0,-271.0,-238.0,-221.0,-156.0
0.0,-128.0,-67.0,-83.0,3.0,375.0,-197.0,-253.0,-225.0,-137.0
8.0,129.0,-44.0,-73.0,73.0,369.0,-208.0,-253.0,-238.0,-149.0
17.0,235.0,2.0,-113.0,-7.0,420.0,-347.0,42.0,-262.0,-130.0
8.0,268.0,14.0,-121.0,-23.0,402.0,-515.0,164.0,-258.0,-120.0
19.0,422.0,-1.0,-112.0,97.0,421.0,-547.0,245.0,-226.0,-129.0
29.0,719.0,-62.0,-61.0,90.0,459.0,-406.0,223.0,-189.0,-96.0
47.0,783.0,-123.0,37.0,-28.0,262.0,-221.0,68.0,-160.0,-87.0
29.0,556.0,-123.0,99.0,-80.0,-52.0,-121.0,68.0,-122.0,-92.0
7.0,430.0,-154.0,135.0,33.0,-60.0,-2.0,-60.0,-115.0,-73.0
11.0,119.0,-188.0,128.0,66.0,99.0,117.0,33.0,-118.0,-42.0
7.0,-159.0,-155.0,100.0,-40.0,342.0,154.0,173.0,-84.0,-6.0
0.0,-222.0,-185.0,34.0,7.0,475.0,116.0,279.0,-52.0,10.0
-7.0,-376.0,-174.0,-29.0,43.0,408.0,196.0,279.0,-35.0,26.0
13.0,-388.0,-166.0,-9.0,59.0,281.0,402.0,160.0,-33.0,30.0
5.0,-188.0,-231.0,9.0,32.0,222.0,584.0,269.0,-40.0,20.0
-11.0,-67.0,-242.0,10.0,-52.0,67.0,671.0,179.0,-57.0,16.0
8.0,-149.0,-280.0,19.0,39.0,-298.0,623.0,44.0,-63.0,18.0
2.0,89.0,-284.0,26.0,103.0,-218.0,626.0,-118.0,-66.0,34.0
-4.0,331.0,-281.0,60.0,-27.0,188.0,686.0,-279.0,-48.0,61.0
-20.0,178.0,-228.0,93.0,-15.0,332.0,625.0,-304.0,-16.0,78.0
-23.0,20.0,-186.0,82.0,67.0,408.0,396.0,-395.0,-4.0,106.0
-13.0,-34.0,-204.0,80.0,36.0,333.0,146.0,-234.0,0.0,120.0
-17.0,28.0,-147.0,132.0,36.0,196.0,-130.0,-84.0,1.0,112.0
-11.0,-11.0,-122.0,143.0,-112.0,183.0,-444.0,3.0,15.0,131.0
-10.0,-57.0,-64.0,127.0,-126.0,267.0,-767.0,7.0,11.0,137.0
-5.0,-315.0,-62.0,130.0,66.0,380.0,-1066.0,-31.0,9.0,144.0
-42.0,-470.0,-77.0,169.0,0.0,183.0,-1159.0,112.0,35.0,153.0
-69.0,-416.0,-75.0,201.0,-56.0,28.0,-1117.0,-36.0,18.0,151.0
-60.0,-576.0,-97.0,171.0,15.0,74.0,-1001.0,-192.0,-15.0,172.0
-56.0,-471.0,-52.0,123.0,41.0,155.0,-877.0,-288.0,-19.0,178.0
-53.0,-312.0,-56.0,35.0,84.0,435.0,-670.0,-291.0,-24.0,185.0
-65.0,-237.0,-17.0,51.0,28.0,601.0,-368.0,-190.0,-28.0,200.0
-74.0,-274.0,-10.0,90.0,-45.0,437.0,-136.0,-295.0,-6.0,202.0
-82.0,-91.0,22.0,38.0,69.0,277.0,-6.0,-238.0,-13.0,204.0
-97.0,186.0,67.0,-10.0,99.0,200.0,55.0,-279.0,-30.0,212.0
-111.0,259.0,-8.0,-13.0,12.0,110.0,161.0,-280.0,-18.0,230.0
-108.0,531.0,-40.0,-24.0,23.0,19.0,271.0,-162.0,-29.0,257.0
-104.0,429.0,-85.0,-29.0,81.0,-100.0,355.0,-60.0,-29.0,274.0
-88.0,373.0,-124.0,38.0,194.0,57.0,335.0,49.0,-12.0,288.0
-72.0,484.0,-101.0,8.0,130.0,285.0,246.0,-105.0,14.0,308.0
-59.0,349.0,-67.0,-6.0,-13.0,315.0,168.0,-155.0,70.0,327.0
-43.0,142.0,-60.0,13.0,102.0,354.0,69.0,-206.0,96.0,344.0
-45.0,138.0,-45.0,14.0,83.0,298.0,-32.0,-151.0,98.0,340.0
-20.0,289.0,-28.0,-13.0,-59.0,252.0,-161.0,-110.0,101.0,310.0
8.0,81.0,4.0,-96.0,-120.0,169.0,-310.0,-243.0,107.0,275.0
41.0,50.0,34.0,-74.0,-124.0,42.0,-462.0,-123.0,101.0,246.0
51.0,7.0,-11.0,-72.0,-61.0,-63.0,-477.0,-160.0,78.0,206.0
61.0,-246.0,-25.0,-76.0,-116.0,-201.0,-388.0,-212.0,85.0,134.0
73.0,-292.0,31.0,4.0,-142.0,-160.0,-245.0,-297.0,79.0,72.0
50.0,-19.0,23.0,72.0,-109.0,-12.0,-82.0,-412.0,48.0,34.0
40.0,172.0,65.0,133.0,-86.0,291.0,43.0,-273.0,51.0,-30.0
35.0,170.0,139.0,200.0,-67.0,454.0,176.0,-197.0,47.0,-109.0
55.0,296.0,56.0,202.0,-111.0,294.0,299.0,-73.0,58.0,-198.0
67.0,256.0,43.0,176.0,-173.0,202.0,442.0,-107.0,80.0,-279.0
67.0,244.0,-26.0,144.0,-19.0,174.0,536.0,-221.0,79.0,-332.0
59.0,38.0,-98.0,146.0,167.0,-26.0,541.0,-238.0,81.0,-398.0
52.0,-208.0,-64.0,173.0,18.0,-450.0,423.0,-155.0,74.0,-457.0
58.0,-213.0,-120.0,167.0,24.0,-358.0,258.0,103.0,63.0,-512.0
46.0,-158.0,-108.0,182.0,146.0,-51.0,159.0,49.0,52.0,-567.0
74.0,-255.0,-81.0,209.0,189.0,-74.0,69.0,55.0,50.0,-595.0
116.0,-382.0,-57.0,231.0,160.0,-171.0,-34.0,92.0,59.0,-600.0
126.0,-70.0,-43.0,160.0,-77.0,-530.0,-160.0,20.0,79.0,-588.0
139.0,87.0,-102.0,99.0,36.0,-702.0,-246.0,62.0,98.0,-579.0
153.0,198.0,-163.0,92.0,142.0,-617.0,-207.0,-123.0,80.0,-552.0
171.0,214.0,-199.0,159.0,-77.0,-548.0,-107.0,-136.0,77.0,-504.0
170.0,99.0,-179.0,178.0,17.0,-447.0,-82.0,-83.0,106.0,-477.0
141.0,198.0,-159.0,83.0,50.0,-191.0,-111.0,-38.0,91.0,-471.0
155.0,152.0,-202.0,62.0,-4.0,-2.0,-107.0,0.0,74.0,-447.0
157.0,-178.0,-245.0,40.0,111.0,-225.0,-34.0,-109.0,75.0,-406.0
168.0,-635.0,-237.0,152.0,-61.0,-402.0,-40.0,-101.0,42.0,-368.0
191.0,-692.0,-252.0,217.0,-115.0,-245.0,-112.0,-280.0,19.0,-328.0
192.0,-632.0,-275.0,209.0,46.0,44.0,-79.0,-351.0,-15.0,-290.0
206.0,-647.0,-283.0,307.0,-70.0,48.0,-18.0,-317.0,-45.0,-243.0
186.0,-520.0,-306.0,288.0,-76.0,-114.0,-20.0,-277.0,-42.0,-200.0
175.0,-292.0,-320.0,212.0,-21.0,-242.0,-183.0,-223.0,-76.0,-165.0
146.0,19.0,-290.0,98.0,-8.0,-392.0,-408.0,-279.0,-115.0,-114.0
134.0,173.0,-306.0,-18.0,137.0,-494.0,-554.0,-97.0,-119.0,-88.0
140.0,230.0,-299.0,-44.0,-33.0,-635.0,-638.0,-33.0,-126.0,-81.0
132.0,322.0,-262.0,-41.0,-176.0,-780.0,-708.0,5.0,-167.0,-60.0
122.0,384.0,-248.0,-27.0,3.0,-849.0,-691.0,77.0,-202.0,-42.0
108.0,371.0,-173.0,-65.0,-40.0,-682.0,-503.0,62.0,-191.0,-37.0
118.0,397.0,-194.0,-136.0,-65.0,-540.0,-269.0,121.0,-186.0,-26.0
101.0,461.0,-197.0,-176.0,9.0,-550.0,-6.0,175.0,-187.0,-20.0
105.0,599.0,-199.0,-170.0,-38.0,-491.0,281.0,351.0,-187.0,-41.0
81.0,585.0,-164.0,-97.0,66.0,-414.0,570.0,343.0,-180.0,-58.0
73.0,342.0,-103.0,-23.0,21.0,-246.0,782.0,301.0,-155.0,-67.0
91.0,167.0,-176.0,44.0,-129.0,-285.0,853.0,219.0,-116.0,-53.0
72.0,29.0,-99.0,124.0,22.0,-498.0,770.0,-20.0,-63.0,-72.0
55.0,-120.0,-60.0,148.0,16.0,-682.0,553.0,-7.0,-36.0,-119.0
42.0,-285.0,-64.0,127.0,-72.0,-771.0,309.0,-75.0,-19.0,-142.0
58.0,-306.0,0.0,110.0,-45.0,-580.0,71.0,-114.0,5.0,-189.0
39.0,-283.0,-5.0,183.0,-75.0,-688.0,-99.0,-60.0,52.0,-238.0
46.0,-332.0,15.0,305.0,38.0,-878.0,-254.0,18.0,95.0,-269.0
53.0,-354.0,24.0,372.0,25.0,-860.0,-350.0,103.0,127.0,-271.0
46.0,-320.0,28.0,356.0,-140.0,-791.0,-325.0,-138.0,161.0,-247.0
52.0,-248.0,35.0,230.0,-63.0,-555.0,-237.0,-264.0,177.0,-226.0
53.0,-192.0,51.0,141.0,-6.0,-588.0,-168.0,-232.0,184.0,-181.0
47.0,-90.0,75.0,89.0,-34.0,-759.0,-138.0,-90.0,189.0,-138.0
22.0,367.0,98.0,19.0,-23.0,-887.0,-46.0,-72.0,201.0,-121.0
30.0,566.0,103.0,-3.0,-37.0,-740.0,92.0,-256.0,202.0,-104.0
26.0,190.0,90.0,-8.0,37.0,-498.0,194.0,-262.0,189.0,-82.0
28.0,194.0,106.0,10.0,55.0,-595.0,224.0,-421.0,159.0,-62.0
29.0,235.0,94.0,23.0,-53.0,-784.0,257.0,-382.0,140.0,-51.0
36.0,146.0,110.0,10.0,-52.0,-1007.0,280.0,-277.0,140.0,-40.0
24.0,62.0,120.0,-8.0,-16.0,-938.0,271.0,-221.0,132.0,-22.0
16.0,42.0,40.0,20.0,-67.0,-805.0,225.0,0.0,120.0,-20.0
29.0,25.0,66.0,72.0,-18.0,-585.0,69.0,20.0,117.0,-41.0
23.0,-212.0,143.0,100.0,-1.0,-390.0,-144.0,42.0,125.0,-69.0
22.0,-377.0,179.0,103.0,-40.0,-501.0,-379.0,-64.0,111.0,-65.0
9.0,-688.0,244.0,51.0,83.0,-536.0,-529.0,-35.0,83.0,-36.0
40.0,-722.0,215.0,20.0,14.0,-686.0,-504.0,110.0,48.0,-8.0
18.0,-632.0,222.0,-5.0,-98.0,-713.0,-365.0,114.0,8.0,41.0
-2.0,-518.0,212.0,-17.0,-33.0,-646.0,-225.0,216.0,-14.0,88.0
0.0,-306.0,147.0,11.0,-30.0,-487.0,-22.0,168.0,-20.0,115.0
-25.0,-219.0,121.0,51.0,-1.0,-415.0,291.0,144.0,-33.0,145.0
-6.0,111.0,72.0,107.0,-32.0,-578.0,594.0,27.0,-40.0,172.0
-3.0,280.0,96.0,53.0,-58.0,-512.0,840.0,-84.0,-15.0,157.0
7.0,355.0,82.0,-64.0,1.0,-617.0,948.0,-31.0,0.0,117.0
4.0,318.0,111.0,-124.0,-4.0,-740.0,890.0,7.0,-5.0,90.0
13.0,283.0,104.0,-117.0,-82.0,-654.0,716.0,171.0,-6.0,58.0
19.0,423.0,-11.0,-109.0,-64.0,-534.0,585.0,68.0,-12.0,8.0
-4.0,322.0,3.0,-118.0,4.0,-573.0,465.0,55.0,-22.0,-34.0
14.0,160.0,-31.0,-137.0,-56.0,-802.0,205.0,234.0,-45.0,-61.0
10.0,-39.0,-39.0,-189.0,0.0,-830.0,-91.0,194.0,-60.0,-88.0
18.0,-196.0,2.0,-134.0,108.0,-862.0,-386.0,190.0,-30.0,-100.0
39.0,-337.0,-56.0,-21.0,82.0,-955.0,-574.0,205.0,-16.0,-108.0
13.0,-305.0,-4.0,89.0,139.0,-795.0,-597.0,290.0,-25.0,-96.0
0.0,-164.0,22.0,179.0,91.0,-543.0,-594.0,168.0,-23.0,-47.0
-9.0,-104.0,19.0,168.0,-86.0,-492.0,-618.0,-29.0,-27.0,0.0
0.0,81.0,54.0,114.0,19.0,-642.0,-588.0,-92.0,-20.0,41.0
13.0,227.0,30.0,73.0,32.0,-811.0,-408.0,-92.0,-4.0,84.0
-9.0,238.0,32.0,48.0,-78.0,-812.0,-28.0,46.0,1.0,128.0
-10.0,-38.0,44.0,-31.0,22.0,-710.0,289.0,-73.0,1.0,154.0
-9.0,-115.0,101.0,-89.0,-1.0,-690.0,349.0,-94.0,-11.0,188.0
-9.0,82.0,125.0,-96.0,-34.0,-788.0,406.0,-86.0,-23.0,212.0
-10.0,236.0,141.0,-84.0,0.0,-886.0,528.0,-123.0,-44.0,209.0
-15.0,333.0,151.0,-93.0,-33.0,-1005.0,640.0,116.0,-51.0,202.0
5.0,287.0,136.0,-103.0,-37.0,-1229.0,718.0,223.0,-42.0,162.0
8.0,336.0,177.0,-45.0,2.0,-1209.0,724.0,293.0,-60.0,119.0
16.0,324.0,174.0,43.0,9.0,-819.0,582.0,223.0,-78.0,101.0
8.0,366.0,137.0,146.0,7.0,-577.0,351.0,223.0,-79.0,93.0
12.0,259.0,101.0,144.0,116.0,-538.0,176.0,273.0,-78.0,89.0
40.0,-19.0,109.0,131.0,155.0,-421.0,-11.0,99.0,-71.0,91.0
49.0,-248.0,72.0,125.0,90.0,-406.0,-220.0,75.0,-69.0,98.0
49.0,-478.0,25.0,30.0,52.0,-556.0,-416.0,57.0,-57.0,91.0
56.0,-470.0,48.0,-15.0,3.0,-571.0,-537.0,147.0,-34.0,103.0
51.0,-463.0,12.0,-34.0,8.0,-229.0,-520.0,64.0,-10.0,108.0
20.0,-318.0,-24.0,-69.0,56.0,-141.0,-365.0,-105.0,-6.0,96.0
22.0,-169.0,-16.0,-128.0,-42.0,-391.0,-158.0,57.0,-32.0,83.0
22.0,-316.0,-64.0,-121.0,-56.0,-534.0,3.0,127.0,-21.0,67.0
19.0,-464.0,-78.0,-98.0,102.0,-680.0,84.0,133.0,-2.0,42.0
16.0,-220.0,-50.0,-133.0,33.0,-670.0,152.0,-40.0,0.0,7.0
7.0,38.0,-105.0,-123.0,-63.0,-638.0,225.0,-199.0,-11.0,-35.0
1.0,-151.0,-56.0,-109.0,39.0,-425.0,230.0,-258.0,-42.0,-90.0
-3.0,64.0,-14.0,-103.0,-3.0,-438.0,212.0,-188.0,-43.0,-119.0
-28.0,175.0,-10.0,-124.0,-119.0,-756.0,85.0,205.0,-53.0,-149.0
-66.0,12.0,-18.0,-145.0,-52.0,-841.0,-67.0,360.0,-49.0,-177.0
-60.0,189.0,-54.0,-192.0,25.0,-1007.0,-101.0,330.0,-33.0,-183.0
-58.0,95.0,1.0,-189.0,64.0,-851.0,-115.0,149.0,-36.0,-201.0
-75.0,-81.0,-9.0,-110.0,61.0,-613.0,-107.0,107.0,-10.0,-216.0
-89.0,-155.0,34.0,-138.0,-22.0,-600.0,-85.0,282.0,2.0,-229.0
-89.0,-71.0,77.0,-144.0,-25.0,-553.0,37.0,234.0,-31.0,-234.0
-65.0,-62.0,60.0,-131.0,108.0,-369.0,348.0,279.0,-48.0,-246.0
-55.0,73.0,66.0,-134.0,149.0,-190.0,621.0,162.0,-24.0,-262.0
-42.0,320.0,87.0,-73.0,78.0,-439.0,659.0,94.0,-27.0,-271.0
-30.0,53.0,104.0,30.0,43.0,-495.0,650.0,125.0,-19.0,-267.0
-29.0,-28.0,82.0,109.0,66.0,-291.0,776.0,3.0,12.0,-261.0
-26.0,222.0,130.0,115.0,98.0,-306.0,889.0,-40.0,27.0,-269.0
-64.0,234.0,117.0,121.0,-3.0,-381.0,793.0,-171.0,12.0,-252.0
-80.0,-90.0,154.0,92.0,-44.0,-365.0,599.0,5.0,-9.0,-234.0
-62.0,-48.0,202.0,83.0,-15.0,-421.0,404.0,254.0,-17.0,-206.0
-55.0,126.0,188.0,32.0,-19.0,-536.0,95.0,375.0,-30.0,-170.0
-38.0,40.0,262.0,-41.0,-36.0,-425.0,-168.0,330.0,-20.0,-150.0
-40.0,-89.0,275.0,-26.0,-127.0,-490.0,-227.0,103.0,-9.0,-129.0
-23.0,-235.0,254.0,-3.0,-64.0,-653.0,-213.0,251.0,25.0,-94.0
-24.0,-76.0,243.0,31.0,-12.0,-621.0,-165.0,317.0,55.0,-69.0
-25.0,-2.0,225.0,34.0,-126.0,-544.0,29.0,308.0,43.0,-65.0
-5.0,76.0,203.0,-3.0,-109.0,-461.0,189.0,291.0,32.0,-44.0
2.0,46.0,186.0,0.0,7.0,-427.0,191.0,184.0,19.0,-22.0
15.0,153.0,194.0,87.0,-52.0,-339.0,171.0,147.0,47.0,15.0
54.0,343.0,203.0,97.0,-44.0,-206.0,15.0,42.0,57.0,56.0
78.0,85.0,222.0,49.0,58.0,-27.0,-320.0,96.0,35.0,92.0
76.0,80.0,220.0,0.0,-19.0,-39.0,-610.0,70.0,55.0,134.0
76.0,-7.0,169.0,-27.0,-6.0,-39.0,-745.0,55.0,80.0,171.0
43.0,-43.0,111.0,-14.0,-30.0,-16.0,-802.0,112.0,80.0,219.0
34.0,88.0,92.0,-34.0,-68.0,-67.0,-731.0,83.0,65.0,245.0
15.0,-138.0,44.0,-37.0,-23.0,-104.0,-630.0,134.0,45.0,248.0
0.0,-326.0,4.0,-99.0,2.0,-331.0,-616.0,-20.0,48.0,234.0
-33.0,-274.0,73.0,-179.0,76.0,-151.0,-483.0,-48.0,75.0,217.0
-29.0,-260.0,115.0,-266.0,41.0,-110.0,-230.0,68.0,109.0,212.0
-9.0,-595.0,112.0,-289.0,51.0,-367.0,13.0,162.0,125.0,194.0
-49.0,-672.0,164.0,-238.0,102.0,-207.0,163.0,266.0,138.0,162.0
-51.0,-374.0,203.0,-189.0,15.0,47.0,207.0,97.0,176.0,147.0
-71.0,-444.0,202.0,-166.0,-63.0,52.0,253.0,112.0,200.0,143.0
-65.0,-477.0,209.0,-129.0,-4.0,-151.0,439.0,234.0,217.0,127.0
-75.0,-37.0,197.0,-94.0,20.0,-22.0,657.0,304.0,203.0,117.0
-49.0,171.0,195.0,-207.0,-45.0,4.0,757.0,334.0,192.0,94.0
-16.0,-40.0,171.0,-263.0,-99.0,-196.0,852.0,223.0,223.0,62.0
5.0,31.0,151.0,-272.0,-62.0,-166.0,995.0,175.0,224.0,29.0
40.0,124.0,165.0,-273.0,-28.0,-100.0,1184.0,140.0,229.0,-1.0
26.0,94.0,69.0,-307.0,-185.0,-115.0,1249.0,323.0,218.0,-32.0
38.0,200.0,43.0,-277.0,-127.0,-256.0,1139.0,408.0,207.0,-69.0
24.0,374.0,58.0,-171.0,-18.0,-243.0,983.0,291.0,208.0,-77.0
35.0,490.0,26.0,-194.0,-39.0,-17.0,744.0,149.0,172.0,-79.0
21.0,434.0,59.0,-276.0,78.0,288.0,435.0,-103.0,140.0,-76.0
35.0,542.0,63.0,-401.0,65.0,356.0,105.0,-129.0,84.0,-78.0
28.0,529.0,111.0,-318.0,35.0,62.0,-269.0,-242.0,29.0,-83.0
-4.0,589.0,149.0,-151.0,60.0,-99.0,-727.0,-280.0,13.0,-69.0
-9.0,549.0,151.0,-42.0,-4.0,-103.0,-1097.0,-53.0,5.0,-89.0
-12.0,47.0,168.0,-47.0,-89.0,-35.0,-1219.0,116.0,-13.0,-111.0
0.0,-151.0,133.0,-168.0,-119.0,154.0,-1124.0,199.0,-23.0,-110.0
-52.0,-208.0,126.0,-168.0,-69.0,208.0,-883.0,46.0,-29.0,-101.0
-47.0,-143.0,153.0,-117.0,-72.0,68.0,-668.0,22.0,-50.0,-93.0
-54.0,-205.0,175.0,-98.0,-123.0,-20.0,-559.0,160.0,-64.0,-109.0
-46.0,-364.0,168.0,-135.0,-156.0,8.0,-415.0,351.0,-107.0,-110.0
-73.0,-317.0,193.0,-96.0,-116.0,33.0,-113.0,378.0,-146.0,-109.0
-94.0,-339.0,206.0,-121.0,-83.0,-77.0,264.0,230.0,-161.0,-105.0
-78.0,-283.0,130.0,-187.0,-155.0,-229.0,540.0,182.0,-177.0,-123.0
-99.0,-399.0,126.0,-84.0,-140.0,-169.0,548.0,-97.0,-143.0,-152.0
-91.0,-295.0,113.0,123.0,-23.0,-99.0,468.0,-151.0,-121.0,-149.0
-132.0,-15.0,84.0,168.0,13.0,-185.0,571.0,-62.0,-134.0,-156.0
-98.0,24.0,105.0,62.0,-22.0,-165.0,724.0,-51.0,-122.0,-137.0
-83.0,104.0,50.0,30.0,63.0,152.0,703.0,125.0,-90.0,-107.0
-99.0,-1.0,44.0,-124.0,63.0,559.0,576.0,99.0,-35.0,-120.0
-114.0,-191.0,56.0,-294.0,-63.0,740.0,534.0,127.0,13.0,-141.0
-94.0,-356.0,32.0,-394.0,6.0,699.0,498.0,75.0,30.0,-140.0
-66.0,-541.0,9.0,-448.0,14.0,463.0,410.0,-9.0,25.0,-119.0
-81.0,-539.0,-48.0,-491.0,-20.0,370.0,162.0,1.0,28.0,-132.0
-71.0,-296.0,-23.0,-372.0,117.0,578.0,-215.0,-73.0,39.0,-150.0
-79.0,-156.0,1.0,-76.0,96.0,674.0,-393.0,-22.0,36.0,-123.0
-80.0,-67.0,-7.0,71.0,-66.0,468.0,-431.0,-109.0,35.0,-100.0
-94.0,163.0,13.0,145.0,31.0,287.0,-494.0,-72.0,19.0,-78.0
-37.0,355.0,14.0,89.0,68.0,293.0,-595.0,-81.0,3.0,-59.0
-14.0,493.0,29.0,-34.0,50.0,185.0,-711.0,-155.0,-14.0,-37.0
31.0,518.0,42.0,-64.0,135.0,181.0,-737.0,90.0,-17.0,-11.0
54.0,409.0,78.0,-58.0,-89.0,209.0,-691.0,206.0,6.0,3.0
42.0,165.0,90.0,-93.0,-13.0,194.0,-667.0,232.0,7.0,14.0
61.0,195.0,48.0,-196.0,133.0,507.0,-581.0,66.0,0.0,-3.0
59.0,126.0,46.0,-265.0,-53.0,788.0,-394.0,60.0,-29.0,-19.0
78.0,-90.0,21.0,-238.0,56.0,796.0,-186.0,166.0,-44.0,-37.0
22.0,44.0,18.0,-162.0,53.0,654.0,-43.0,59.0,-38.0,-63.0
56.0,-164.0,-18.0,-5.0,-62.0,492.0,29.0,90.0,-42.0,-91.0
65.0,-282.0,1.0,147.0,-16.0,398.0,101.0,-75.0,-21.0,-119.0
59.0,-196.0,48.0,176.0,50.0,303.0,197.0,-140.0,3.0,-129.0
57.0,-195.0,-15.0,175.0,-21.0,357.0,325.0,-49.0,16.0,-129.0
30.0,-136.0,42.0,131.0,-84.0,553.0,326.0,-1.0,25.0,-127.0
50.0,-122.0,15.0,31.0,-35.0,440.0,216.0,20.0,11.0,-111.0
28.0,146.0,-16.0,-47.0,-103.0,299.0,234.0,-99.0,8.0,-88.0
18.0,242.0,9.0,-100.0,-73.0,402.0,317.0,-72.0,39.0,-82.0
-8.0,430.0,-58.0,-206.0,-39.0,507.0,280.0,-35.0,54.0,-71.0
3.0,629.0,-21.0,-184.0,42.0,778.0,154.0,96.0,85.0,-45.0
9.0,520.0,54.0,9.0,55.0,1016.0,126.0,131.0,108.0,-22.0
7.0,443.0,84.0,173.0,31.0,992.0,162.0,40.0,118.0,-16.0
-22.0,354.0,120.0,221.0,-9.0,719.0,103.0,125.0,163.0,-2.0
-43.0,386.0,148.0,167.0,-79.0,464.0,9.0,134.0,181.0,11.0
-23.0,78.0,131.0,124.0,75.0,500.0,-78.0,66.0,197.0,18.0
-7.0,-32.0,158.0,70.0,-24.0,619.0,-197.0,-225.0,229.0,20.0
0.0,62.0,108.0,38.0,-8.0,743.0,-278.0,-343.0,266.0,7.0
-36.0,-262.0,21.0,-33.0,102.0,785.0,-354.0,-179.0,320.0,5.0
-38.0,-517.0,56.0,-126.0,-23.0,694.0,-393.0,-131.0,360.0,-4.0
-46.0,-484.0,25.0,-141.0,72.0,698.0,-245.0,-29.0,380.0,0.0
-32.0,-418.0,-31.0,-65.0,125.0,644.0,-144.0,-53.0,360.0,-7.0
-54.0,-502.0,-35.0,123.0,-34.0,467.0,-264.0,-59.0,346.0,-30.0
-51.0,-322.0,-11.0,166.0,-38.0,651.0,-373.0,-97.0,343.0,-48.0
-18.0,-175.0,14.0,7.0,-46.0,1048.0,-353.0,-31.0,308.0,-83.0
-11.0,-32.0,1.0,-207.0,-112.0,1156.0,-272.0,206.0,262.0,-88.0
-16.0,141.0,25.0,-357.0,115.0,975.0,-180.0,157.0,217.0,-91.0
-41.0,177.0,-2.0,-394.0,77.0,884.0,-108.0,123.0,178.0,-104.0
-19.0,221.0,-40.0,-400.0,-40.0,796.0,21.0,-22.0,156.0,-104.0
-24.0,184.0,5.0,-365.0,157.0,590.0,229.0,-44.0,117.0,-104.0
0.0,178.0,-5.0,-346.0,73.0,665.0,330.0,48.0,56.0,-97.0
1.0,-95.0,-5.0,-328.0,-107.0,822.0,278.0,-29.0,4.0,-78.0
19.0,-278.0,-15.0,-322.0,-81.0,965.0,283.0,29.0,-30.0,-63.0
28.0,-378.0,-20.0,-311.0,-20.0,1146.0,403.0,-42.0,-43.0,-74.0
11.0,-388.0,2.0,-183.0,-57.0,1299.0,519.0,1.0,-68.0,-68.0
20.0,-239.0,-56.0,-101.0,-74.0,1296.0,646.0,-35.0,-104.0,-52.0
-10.0,-179.0,-62.0,-69.0,-47.0,1049.0,698.0,-179.0,-124.0,-45.0
-29.0,191.0,-39.0,-5.0,-49.0,991.0,513.0,-194.0,-126.0,-30.0
-61.0,353.0,-13.0,-22.0,-27.0,909.0,157.0,-338.0,-119.0,-13.0
-43.0,228.0,30.0,-165.0,-72.0,691.0,-103.0,-184.0,-127.0,-7.0
-62.0,288.0,16.0,-259.0,-160.0,626.0,-208.0,-51.0,-130.0,12.0
-58.0,476.0,55.0,-211.0,-179.0,585.0,-293.0,1.0,-112.0,42.0
-55.0,371.0,110.0,-134.0,-114.0,491.0,-336.0,33.0,-89.0,66.0
-89.0,151.0,113.0,-20.0,-53.0,376.0,-431.0,-175.0,-90.0,106.0
-64.0,115.0,101.0,-26.0,-47.0,415.0,-514.0,-208.0,-135.0,134.0
-74.0,-75.0,128.0,-200.0,-10.0,623.0,-488.0,-267.0,-159.0,147.0
-72.0,-105.0,118.0,-349.0,0.0,870.0,-497.0,-328.0,-137.0,169.0
-118.0,-32.0,51.0,-375.0,53.0,935.0,-462.0,-343.0,-111.0,168.0
-113.0,-80.0,83.0,-228.0,91.0,767.0,-289.0,-221.0,-84.0,158.0
-87.0,-117.0,45.0,-31.0,-86.0,624.0,-95.0,-25.0,-57.0,156.0
-98.0,25.0,23.0,79.0,-32.0,655.0,23.0,-44.0,-35.0,166.0
-121.0,96.0,51.0,65.0,95.0,554.0,43.0,38.0,-20.0,171.0
-153.0,-92.0,-9.0,-18.0,-21.0,369.0,119.0,-18.0,26.0,156.0
-132.0,-132.0,-2.0,-121.0,66.0,406.0,406.0,-57.0,83.0,159.0
-156.0,-265.0,0.0,-146.0,111.0,335.0,631.0,31.0,80.0,146.0
-156.0,-299.0,-31.0,-36.0,42.0,407.0,637.0,27.0,62.0,126.0
-150.0,-257.0,-4.0,134.0,1.0,600.0,546.0,48.0,48.0,125.0
-138.0,-436.0,-21.0,275.0,-10.0,563.0,439.0,-75.0,51.0,104.0
-136.0,-448.0,-33.0,301.0,28.0,646.0,318.0,-107.0,68.0,89.0
-143.0,-407.0,-50.0,159.0,-17.0,842.0,154.0,-194.0,56.0,69.0
-137.0,-327.0,-115.0,-86.0,-13.0,968.0,-34.0,-304.0,43.0,36.0
-163.0,-381.0,-84.0,-190.0,-74.0,951.0,-339.0,-412.0,38.0,22.0
-165.0,-278.0,-128.0,-152.0,-78.0,869.0,-702.0,-519.0,31.0,-7.0
-142.0,21.0,-144.0,-80.0,-95.0,823.0,-968.0,-306.0,-3.0,-48.0
-127.0,37.0,-131.0,24.0,-31.0,567.0,-1064.0,-251.0,-52.0,-76.0
-149.0,245.0,-211.0,196.0,119.0,262.0,-963.0,-160.0,-80.0,-92.0
-162.0,261.0,-171.0,346.0,-65.0,465.0,-761.0,-107.0,-88.0,-101.0
-154.0,119.0,-136.0,352.0,-100.0,621.0,-517.0,-121.0,-84.0,-116.0
-124.0,298.0,-130.0,292.0,43.0,452.0,-250.0,-38.0,-78.0,-126.0
-119.0,395.0,-158.0,182.0,56.0,519.0,20.0,-192.0,-61.0,-117.0
-128.0,261.0,-147.0,48.0,-13.0,514.0,186.0,-134.0,-71.0,-121.0
-111.0,51.0,-119.0,-62.0,59.0,530.0,183.0,-55.0,-83.0,-136.0
-100.0,-109.0,-156.0,-115.0,67.0,630.0,74.0,-12.0,-58.0,-141.0
-78.0,-313.0,-96.0,-152.0,-24.0,592.0,-28.0,-1.0,-56.0,-168.0
-98.0,-334.0,-69.0,-220.0,108.0,594.0,45.0,-177.0,-51.0,-204.0
-133.0,-473.0,-60.0,-267.0,10.0,336.0,313.0,-175.0,-40.0,-204.0
-117.0,-700.0,-54.0,-248.0,-25.0,157.0,540.0,-243.0,-41.0,-191.0
-87.0,-608.0,-58.0,-149.0,73.0,440.0,509.0,-260.0,-32.0,-201.0
-115.0,-570.0,-51.0,-71.0,39.0,557.0,324.0,-290.0,-48.0,-224.0
-130.0,-506.0,-91.0,-14.0,40.0,501.0,158.0,-325.0,-66.0,-237.0
-124.0,-318.0,-81.0,70.0,73.0,429.0,124.0,-208.0,-45.0,-242.0
-129.0,-175.0,-111.0,0.0,167.0,376.0,130.0,-279.0,-3.0,-270.0
-99.0,-95.0,-138.0,-83.0,53.0,643.0,20.0,-310.0,32.0,-304.0
-104.0,61.0,-118.0,-25.0,-38.0,708.0,-21.0,-319.0,60.0,-309.0
-127.0,235.0,-102.0,66.0,-27.0,501.0,132.0,-155.0,71.0,-315.0
-143.0,521.0,-107.0,118.0,-2.0,335.0,233.0,68.0,63.0,-326.0
-127.0,752.0,-152.0,31.0,8.0,261.0,74.0,68.0,79.0,-303.0
-139.0,642.0,-193.0,-3.0,-93.0,380.0,-184.0,99.0,87.0,-269.0
-146.0,508.0,-227.0,-7.0,-51.0,94.0,-426.0,-42.0,64.0,-254.0
-117.0,397.0,-229.0,8.0,-29.0,-254.0,-439.0,-138.0,56.0,-232.0
-108.0,445.0,-261.0,71.0,-13.0,-93.0,-219.0,-242.0,47.0,-166.0
-78.0,401.0,-270.0,56.0,-5.0,46.0,-34.0,-373.0,42.0,-95.0
-63.0,220.0,-212.0,32.0,-43.0,75.0,-38.0,-358.0,44.0,-54.0
-38.0,122.0,-181.0,17.0,-57.0,156.0,-356.0,-376.0,22.0,0.0
-64.0,-67.0,-174.0,6.0,-37.0,169.0,-709.0,-245.0,17.0,63.0
-55.0,-91.0,-116.0,-28.0,27.0,295.0,-768.0,-249.0,-10.0,99.0
-13.0,-72.0,-129.0,-70.0,-89.0,309.0,-403.0,-144.0,-58.0,128.0
15.0,2.0,-136.0,-89.0,-16.0,148.0,65.0,38.0,-67.0,181.0
40.0,-2.0,-108.0,-36.0,79.0,306.0,266.0,11.0,-86.0,219.0
21.0,-121.0,-88.0,26.0,-75.0,377.0,205.0,88.0,-132.0,232.0
62.0,128.0,-49.0,122.0,-19.0,329.0,70.0,86.0,-160.0,272.0
59.0,220.0,-80.0,245.0,18.0,81.0,22.0,212.0,-153.0,311.0
79.0,248.0,-31.0,193.0,-5.0,-227.0,-137.0,223.0,-146.0,338.0
98.0,355.0,-55.0,108.0,26.0,2.0,-314.0,99.0,-133.0,367.0
88.0,150.0,-69.0,82.0,-37.0,-11.0,-334.0,27.0,-112.0,388.0
120.0,-78.0,-46.0,-2.0,-34.0,-111.0,-118.0,-144.0,-83.0,418.0
118.0,-201.0,-42.0,-70.0,49.0,12.0,283.0,-173.0,-68.0,428.0
107.0,-279.0,10.0,-15.0,31.0,-93.0,552.0,-284.0,-70.0,414.0
102.0,-236.0,-35.0,43.0,-30.0,98.0,526.0,-234.0,-82.0,401.0
99.0,-134.0,31.0,10.0,-50.0,330.0,342.0,-125.0,-122.0,373.0
67.0,-320.0,48.0,-34.0,-120.0,229.0,273.0,-155.0,-131.0,339.0
53.0,-238.0,46.0,-46.0,-86.0,296.0,304.0,-153.0,-121.0,315.0
34.0,-57.0,85.0,-50.0,-51.0,375.0,232.0,-206.0,-114.0,294.0
45.0,-95.0,8.0,-59.0,-135.0,348.0,-1.0,-42.0,-101.0,260.0
34.0,61.0,62.0,-34.0,-26.0,93.0,-280.0,-42.0,-103.0,210.0
19.0,21.0,74.0,6.0,119.0,-137.0,-581.0,-92.0,-104.0,179.0
43.0,140.0,85.0,-9.0,64.0,193.0,-728.0,-3.0,-86.0,143.0
12.0,250.0,113.0,-36.0,-17.0,291.0,-599.0,1.0,-63.0,86.0
9.0,182.0,25.0,-8.0,59.0,304.0,-339.0,92.0,-39.0,48.0
9.0,40.0,46.0,4.0,119.0,690.0,-146.0,-22.0,-3.0,10.0
51.0,15.0,10.0,69.0,-39.0,769.0,-142.0,-66.0,15.0,-25.0
57.0,121.0,13.0,210.0,-90.0,494.0,-137.0,-70.0,38.0,-38.0
43.0,-35.0,57.0,205.0,-19.0,28.0,-85.0,-120.0,51.0,-50.0
70.0,100.0,22.0,93.0,-24.0,-58.0,38.0,-151.0,39.0,-71.0
74.0,93.0,103.0,0.0,-16.0,-54.0,154.0,-216.0,18.0,-79.0
120.0,114.0,56.0,-25.0,-88.0,-409.0,130.0,51.0,0.0,-72.0
132.0,208.0,17.0,33.0,-41.0,-407.0,148.0,123.0,15.0,-92.0
121.0,37.0,28.0,28.0,28.0,-279.0,322.0,90.0,10.0,-115.0
107.0,-41.0,-31.0,-17.0,-27.0,-185.0,444.0,84.0,-9.0,-131.0
128.0,-114.0,-51.0,-69.0,45.0,-79.0,328.0,14.0,-45.0,-149.0
141.0,9.0,-106.0,-80.0,62.0,-120.0,193.0,118.0,-104.0,-147.0
115.0,-65.0,-130.0,3.0,38.0,-164.0,168.0,-27.0,-127.0,-175.0
135.0,-193.0,-193.0,137.0,94.0,-273.0,293.0,-125.0,-153.0,-200.0
135.0,-229.0,-186.0,286.0,60.0,-284.0,423.0,-160.0,-153.0,-219.0
128.0,-298.0,-222.0,325.0,-28.0,-119.0,389.0,-162.0,-142.0,-271.0
124.0,-265.0,-213.0,277.0,19.0,14.0,247.0,-184.0,-141.0,-294.0
101.0,-202.0,-77.0,181.0,74.0,73.0,97.0,-352.0,-87.0,-291.0
90.0,-59.0,-111.0,95.0,-50.0,-273.0,78.0,-168.0,-60.0,-275.0
82.0,-46.0,-2.0,51.0,-173.0,-687.0,52.0,-5.0,-41.0,-260.0
80.0,89.0,48.0,-50.0,-76.0,-552.0,-192.0,140.0,-13.0,-231.0
47.0,254.0,-6.0,-150.0,-38.0,-309.0,-571.0,186.0,5.0,-197.0
21.0,223.0,56.0,-174.0,-128.0,-67.0,-643.0,103.0,59.0,-163.0
10.0,221.0,8.0,-127.0,-127.0,231.0,-290.0,290.0,89.0,-110.0
-18.0,294.0,26.0,-60.0,-92.0,365.0,141.0,365.0,94.0,-62.0
-23.0,389.0,56.0,27.0,2.0,139.0,386.0,301.0,95.0,-28.0
-38.0,220.0,26.0,126.0,16.0,-87.0,335.0,12.0,99.0,-5.0
-50.0,67.0,13.0,183.0,43.0,-34.0,152.0,-216.0,110.0,32.0
-76.0,145.0,-36.0,179.0,65.0,-144.0,132.0,-267.0,97.0,67.0
-85.0,99.0,11.0,168.0,85.0,-181.0,245.0,-467.0,73.0,86.0
-75.0,-21.0,-33.0,208.0,130.0,-137.0,236.0,-517.0,58.0,99.0
-100.0,-65.0,-58.0,262.0,20.0,-221.0,84.0,-548.0,59.0,104.0
-93.0,-6.0,-10.0,288.0,-4.0,-176.0,-201.0,-476.0,79.0,113.0
-68.0,-28.0,-61.0,323.0,-56.0,-132.0,-462.0,-280.0,92.0,123.0
-50.0,115.0,10.0,311.0,-12.0,-229.0,-604.0,-125.0,89.0,123.0
-52.0,296.0,-33.0,231.0,41.0,-368.0,-710.0,38.0,60.0,124.0
-58.0,77.0,-50.0,185.0,-30.0,-353.0,-671.0,-7.0,31.0,130.0
-78.0,-8.0,-41.0,135.0,71.0,-232.0,-512.0,3.0,6.0,131.0
-67.0,15.0,-114.0,113.0,110.0,-427.0,-362.0,42.0,-12.0,144.0
-40.0,106.0,-67.0,123.0,70.0,-684.0,-208.0,97.0,-14.0,141.0
-54.0,137.0,-89.0,93.0,-23.0,-719.0,-39.0,120.0,-46.0,119.0
-57.0,78.0,-44.0,56.0,62.0,-735.0,71.0,-83.0,-53.0,93.0
-75.0,158.0,-9.0,-12.0,197.0,-674.0,146.0,-131.0,-46.0,70.0
-66.0,119.0,34.0,-131.0,78.0,-680.0,179.0,-138.0,-80.0,50.0
-65.0,222.0,13.0,-183.0,16.0,-736.0,219.0,29.0,-99.0,0.0
-82.0,235.0,-38.0,-108.0,48.0,-713.0,311.0,232.0,-119.0,-38.0
-70.0,51.0,0.0,29.0,64.0,-427.0,407.0,267.0,-140.0,-57.0
-53.0,97.0,-59.0,159.0,-2.0,-140.0,426.0,247.0,-165.0,-66.0
-43.0,210.0,11.0,248.0,-14.0,-382.0,362.0,97.0,-178.0,-45.0
-47.0,121.0,57.0,224.0,-3.0,-461.0,462.0,118.0,-189.0,-18.0
-33.0,71.0,74.0,141.0,-11.0,-503.0,672.0,-27.0,-217.0,39.0
-22.0,22.0,104.0,107.0,-41.0,-729.0,686.0,-133.0,-227.0,104.0
-9.0,-184.0,32.0,66.0,-51.0,-789.0,430.0,-147.0,-209.0,175.0
-5.0,-199.0,56.0,48.0,-58.0,-891.0,310.0,-234.0,-167.0,257.0
16.0,-181.0,46.0,37.0,-89.0,-792.0,495.0,-101.0,-175.0,300.0
49.0,-237.0,25.0,-3.0,-10.0,-757.0,627.0,-70.0,-199.0,328.0
44.0,-443.0,26.0,-55.0,-72.0,-685.0,469.0,-7.0,-209.0,348.0
33.0,-595.0,-8.0,-40.0,-111.0,-592.0,92.0,-44.0,-216.0,353.0
48.0,-649.0,-4.0,20.0,28.0,-669.0,-174.0,5.0,-213.0,334.0
91.0,-650.0,12.0,12.0,89.0,-452.0,-298.0,203.0,-195.0,305.0
95.0,-281.0,68.0,22.0,6.0,-297.0,-274.0,125.0,-167.0,291.0
67.0,-159.0,71.0,27.0,-3.0,-200.0,-230.0,90.0,-187.0,273.0
82.0,-159.0,58.0,81.0,36.0,-112.0,-278.0,-36.0,-181.0,257.0
106.0,-24.0,85.0,204.0,-78.0,-365.0,-314.0,18.0,-168.0,246.0
103.0,106.0,57.0,240.0,-89.0,-607.0,-346.0,155.0,-165.0,237.0
107.0,111.0,84.0,239.0,-79.0,-555.0,-262.0,-7.0,-141.0,217.0
89.0,121.0,121.0,203.0,-78.0,-377.0,-179.0,-64.0,-140.0,198.0
124.0,435.0,127.0,152.0,34.0,-425.0,-127.0,-142.0,-139.0,194.0
131.0,324.0,155.0,146.0,-11.0,-694.0,-4.0,-20.0,-124.0,181.0
87.0,171.0,139.0,193.0,-46.0,-612.0,132.0,168.0,-102.0,178.0
82.0,62.0,125.0,263.0,54.0,-525.0,190.0,328.0,-86.0,174.0
58.0,-163.0,90.0,175.0,-61.0,-517.0,144.0,502.0,-68.0,177.0
85.0,-157.0,73.0,55.0,-156.0,-275.0,45.0,280.0,-42.0,187.0
81.0,-279.0,73.0,22.0,-4.0,-105.0,-116.0,110.0,-8.0,169.0
75.0,-213.0,53.0,-29.0,-19.0,-155.0,-316.0,-14.0,29.0,172.0
59.0,-187.0,59.0,-38.0,-33.0,-552.0,-516.0,-121.0,52.0,182.0
40.0,-252.0,11.0,29.0,105.0,-681.0,-619.0,-221.0,77.0,170.0
39.0,-136.0,4.0,93.0,8.0,-686.0,-608.0,-279.0,73.0,157.0
-12.0,42.0,-3.0,75.0,-31.0,-761.0,-481.0,-142.0,56.0,146.0
-23.0,92.0,-30.0,85.0,99.0,-744.0,-300.0,-186.0,50.0,140.0
-32.0,64.0,15.0,76.0,-19.0,-905.0,-76.0,-118.0,14.0,131.0
-28.0,325.0,42.0,23.0,-74.0,-902.0,143.0,-112.0,0.0,125.0
-18.0,473.0,76.0,6.0,45.0,-667.0,218.0,-46.0,-9.0,135.0
-25.0,496.0,99.0,2.0,-20.0,-271.0,220.0,190.0,-14.0,129.0
-33.0,485.0,151.0,20.0,-57.0,-189.0,222.0,206.0,6.0,112.0
-4.0,343.0,166.0,0.0,23.0,-498.0,375.0,201.0,0.0,108.0
7.0,149.0,177.0,-16.0,0.0,-592.0,643.0,0.0,5.0,112.0
-19.0,166.0,224.0,-15.0,93.0,-600.0,680.0,-109.0,7.0,114.0
-21.0,226.0,221.0,-60.0,136.0,-611.0,421.0,-175.0,7.0,121.0
-12.0,96.0,246.0,-69.0,-20.0,-501.0,222.0,-273.0,23.0,137.0
-4.0,192.0,245.0,-48.0,55.0,-573.0,179.0,-182.0,18.0,150.0
-11.0,306.0,301.0,-31.0,190.0,-630.0,144.0,-112.0,10.0,164.0
-13.0,349.0,316.0,64.0,174.0,-563.0,44.0,62.0,6.0,179.0
0.0,406.0,216.0,131.0,149.0,-501.0,-202.0,60.0,24.0,219.0
32.0,283.0,192.0,156.0,43.0,-403.0,-462.0,35.0,36.0,249.0
8.0,185.0,210.0,127.0,0.0,-339.0,-540.0,-9.0,35.0,242.0
0.0,219.0,225.0,13.0,99.0,-117.0,-500.0,-179.0,35.0,232.0
22.0,-23.0,213.0,-66.0,4.0,-118.0,-573.0,-177.0,15.0,212.0
40.0,-401.0,176.0,-140.0,-80.0,-106.0,-564.0,-275.0,7.0,185.0
54.0,-622.0,147.0,-125.0,67.0,-18.0,-359.0,-186.0,8.0,130.0
54.0,-734.0,116.0,-41.0,97.0,-236.0,-137.0,-24.0,-3.0,91.0
107.0,-763.0,102.0,26.0,17.0,-540.0,-82.0,55.0,-5.0,79.0
125.0,-777.0,69.0,108.0,-1.0,-900.0,-252.0,142.0,-13.0,54.0
138.0,-532.0,32.0,222.0,17.0,-837.0,-325.0,27.0,-23.0,44.0
149.0,-184.0,57.0,294.0,59.0,-701.0,-273.0,9.0,-9.0,37.0
183.0,35.0,66.0,259.0,56.0,-675.0,-122.0,-121.0,-6.0,29.0
201.0,47.0,86.0,126.0,-28.0,-367.0,-30.0,-175.0,-2.0,-3.0
176.0,8.0,89.0,-8.0,-20.0,-154.0,-99.0,-64.0,6.0,-18.0
174.0,190.0,79.0,-14.0,19.0,-28.0,-151.0,-48.0,14.0,-20.0
171.0,125.0,109.0,13.0,37.0,-16.0,-134.0,72.0,27.0,-48.0
182.0,-105.0,95.0,90.0,61.0,-98.0,-34.0,88.0,30.0,-64.0
185.0,-101.0,107.0,184.0,36.0,0.0,76.0,245.0,24.0,-71.0
197.0,14.0,95.0,258.0,55.0,-85.0,223.0,312.0,17.0,-73.0
187.0,360.0,48.0,305.0,10.0,-406.0,267.0,236.0,11.0,-82.0
185.0,589.0,58.0,311.0,-43.0,-544.0,173.0,218.0,-5.0,-82.0
138.0,701.0,62.0,270.0,-28.0,-447.0,29.0,68.0,14.0,-74.0
84.0,801.0,47.0,154.0,-49.0,-350.0,-121.0,155.0,23.0,-72.0
49.0,593.0,36.0,120.0,-51.0,-513.0,-62.0,169.0,2.0,-82.0
8.0,749.0,4.0,87.0,0.0,-265.0,143.0,73.0,-3.0,-102.0
-3.0,768.0,-16.0,15.0,-73.0,139.0,275.0,-110.0,-41.0,-116.0
-28.0,522.0,-22.0,-38.0,-58.0,154.0,316.0,-262.0,-47.0,-151.0
-15.0,544.0,-66.0,-71.0,64.0,170.0,425.0,-238.0,-41.0,-167.0
-49.0,359.0,-94.0,-71.0,-97.0,147.0,562.0,-404.0,-50.0,-190.0
-69.0,151.0,-83.0,-76.0,-62.0,175.0,504.0,-386.0,-46.0,-213.0
-75.0,62.0,-86.0,-72.0,63.0,-118.0,393.0,-423.0,-60.0,-238.0
-93.0,230.0,-107.0,-137.0,-44.0,-242.0,370.0,-445.0,-53.0,-261.0
-84.0,113.0,-93.0,-221.0,21.0,-377.0,241.0,-365.0,-39.0,-245.0
-85.0,-187.0,-96.0,-224.0,-4.0,-711.0,-85.0,-454.0,-13.0,-250.0
-71.0,-197.0,-105.0,-172.0,-52.0,-579.0,-397.0,-293.0,24.0,-242.0
-66.0,-277.0,-76.0,-27.0,0.0,-654.0,-489.0,-162.0,23.0,-224.0
-57.0,-177.0,-62.0,116.0,-75.0,-606.0,-456.0,-51.0,45.0,-189.0
-62.0,-255.0,-36.0,159.0,-27.0,-497.0,-398.0,-114.0,81.0,-154.0
-60.0,-450.0,-48.0,230.0,-7.0,-361.0,-388.0,-319.0,91.0,-143.0
-52.0,-494.0,-10.0,256.0,-19.0,-247.0,-518.0,-362.0,94.0,-109.0
-42.0,-538.0,30.0,203.0,26.0,-361.0,-577.0,-473.0,100.0,-80.0
-41.0,-541.0,2.0,109.0,-41.0,-160.0,-444.0,-334.0,133.0,-55.0
-43.0,-460.0,66.0,91.0,-4.0,-150.0,-264.0,-144.0,168.0,-30.0
-48.0,-204.0,63.0,171.0,16.0,-308.0,-194.0,103.0,177.0,3.0
-60.0,-80.0,53.0,121.0,-105.0,-435.0,-115.0,253.0,182.0,48.0
-69.0,39.0,96.0,110.0,-87.0,-492.0,83.0,18.0,193.0,82.0
-78.0,160.0,104.0,136.0,45.0,-525.0,232.0,-101.0,187.0,96.0
-49.0,88.0,134.0,107.0,26.0,-507.0,262.0,-303.0,195.0,118.0
-46.0,-1.0,125.0,116.0,51.0,-237.0,169.0,-389.0,201.0,135.0
-26.0,-6.0,120.0,95.0,21.0,33.0,109.0,-375.0,201.0,133.0
-13.0,191.0,125.0,64.0,-71.0,163.0,182.0,-437.0,191.0,128.0
-24.0,378.0,118.0,95.0,118.0,81.0,313.0,-317.0,161.0,101.0
11.0,364.0,130.0,84.0,50.0,-35.0,366.0,-194.0,174.0,59.0
45.0,311.0,174.0,35.0,-83.0,-31.0,357.0,-9.0,191.0,18.0
69.0,196.0,158.0,8.0,31.0,179.0,415.0,55.0,199.0,-14.0
97.0,-26.0,116.0,-30.0,54.0,-89.0,434.0,155.0,195.0,-41.0
116.0,-223.0,158.0,-6.0,131.0,-515.0,508.0,266.0,171.0,-52.0
115.0,-304.0,133.0,55.0,102.0,-390.0,584.0,254.0,143.0,-44.0
123.0,-288.0,111.0,144.0,-69.0,-271.0,498.0,317.0,117.0,-26.0
114.0,-286.0,96.0,172.0,19.0,-54.0,322.0,177.0,74.0,4.0
116.0,-414.0,43.0,118.0,84.0,23.0,156.0,131.0,12.0,18.0
123.0,-602.0,43.0,20.0,-93.0,121.0,48.0,-53.0,-2.0,40.0
119.0,-667.0,13.0,-86.0,-95.0,261.0,-50.0,-412.0,-26.0,65.0
106.0,-681.0,-6.0,-108.0,27.0,272.0,-74.0,-626.0,-67.0,84.0
69.0,-742.0,0.0,-111.0,58.0,288.0,-96.0,-807.0,-82.0,138.0
52.0,-789.0,-7.0,-148.0,28.0,-24.0,-163.0,-670.0,-92.0,161.0
22.0,-567.0,19.0,-183.0,-29.0,-189.0,-193.0,-554.0,-126.0,176.0
13.0,-205.0,30.0,-121.0,-4.0,-169.0,-168.0,-363.0,-164.0,189.0
15.0,-33.0,44.0,-112.0,118.0,-202.0,-180.0,-94.0,-174.0,175.0
20.0,54.0,68.0,-120.0,52.0,-367.0,-337.0,35.0,-184.0,172.0
9.0,239.0,52.0,-29.0,-46.0,-338.0,-555.0,107.0,-182.0,147.0
-9.0,458.0,25.0,50.0,48.0,-96.0,-731.0,0.0,-197.0,116.0
-7.0,517.0,28.0,138.0,107.0,-126.0,-788.0,53.0,-202.0,83.0
-16.0,655.0,55.0,220.0,146.0,60.0,-779.0,-55.0,-189.0,45.0
-21.0,557.0,38.0,223.0,19.0,307.0,-793.0,-179.0,-201.0,5.0
-40.0,370.0,47.0,156.0,-43.0,398.0,-658.0,-179.0,-204.0,-34.0
-29.0,435.0,88.0,62.0,6.0,302.0,-311.0,-303.0,-173.0,-67.0
-26.0,203.0,88.0,-117.0,3.0,208.0,-98.0,-212.0,-122.0,-111.0
-23.0,167.0,83.0,-251.0,113.0,452.0,-81.0,-277.0,-84.0,-128.0
-11.0,235.0,45.0,-213.0,-5.0,433.0,-75.0,-188.0,-44.0,-149.0
-6.0,302.0,26.0,-145.0,-22.0,134.0,-44.0,-53.0,-12.0,-170.0
6.0,350.0,17.0,-79.0,94.0,-100.0,280.0,-155.0,8.0,-162.0
16.0,243.0,-52.0,33.0,-90.0,-108.0,912.0,-182.0,27.0,-155.0
50.0,346.0,-80.0,76.0,-124.0,48.0,1315.0,-297.0,50.0,-147.0
61.0,65.0,-109.0,40.0,-27.0,160.0,1076.0,-127.0,94.0,-146.0
75.0,-216.0,-131.0,66.0,-51.0,283.0,469.0,12.0,132.0,-134.0
99.0,-393.0,-121.0,51.0,-66.0,582.0,-53.0,53.0,155.0,-115.0
112.0,-577.0,-133.0,-18.0,-84.0,891.0,-269.0,-3.0,179.0,-108.0
124.0,-686.0,-158.0,3.0,-82.0,578.0,-246.0,-114.0,208.0,-97.0
139.0,-970.0,-186.0,47.0,53.0,120.0,-272.0,109.0,237.0,-74.0
160.0,-916.0,-160.0,24.0,42.0,139.0,-336.0,77.0,253.0,-64.0
171.0,-816.0,-129.0,22.0,-114.0,172.0,-380.0,-40.0,271.0,-44.0
174.0,-680.0,-114.0,59.0,-4.0,-7.0,-446.0,-186.0,280.0,-17.0
170.0,-467.0,-108.0,38.0,42.0,-81.0,-585.0,-288.0,266.0,8.0
187.0,-274.0,-84.0,-23.0,-14.0,106.0,-664.0,-199.0,252.0,36.0
199.0,49.0,-22.0,-67.0,23.0,252.0,-621.0,-282.0,229.0,45.0
177.0,293.0,-6.0,-98.0,-6.0,388.0,-469.0,-260.0,211.0,59.0
173.0,471.0,63.0,-92.0,13.0,526.0,-169.0,-199.0,210.0,67.0
164.0,517.0,114.0,-38.0,7.0,574.0,51.0,-31.0,201.0,60.0
135.0,690.0,70.0,28.0,-32.0,549.0,205.0,96.0,167.0,52.0
136.0,933.0,88.0,105.0,-34.0,509.0,359.0,53.0,130.0,32.0
117.0,944.0,91.0,128.0,-7.0,605.0,418.0,97.0,90.0,0.0
117.0,865.0,82.0,113.0,32.0,621.0,433.0,-1.0,36.0,-45.0
99.0,777.0,80.0,111.0,-24.0,511.0,603.0,-64.0,7.0,-97.0
43.0,541.0,70.0,81.0,-65.0,215.0,900.0,-157.0,-39.0,-156.0
9.0,122.0,84.0,34.0,-14.0,-122.0,1055.0,-153.0,-82.0,-216.0
-34.0,-265.0,53.0,20.0,-14.0,-148.0,888.0,31.0,-99.0,-248.0
-59.0,-456.0,63.0,12.0,-51.0,95.0,536.0,-9.0,-128.0,-250.0
-105.0,-691.0,61.0,2.0,32.0,363.0,236.0,20.0,-113.0,-243.0
-144.0,-1053.0,55.0,10.0,-8.0,498.0,-82.0,18.0,-94.0,-217.0
-157.0,-921.0,75.0,-13.0,-52.0,584.0,-377.0,53.0,-95.0,-181.0
-185.0,-695.0,22.0,-24.0,129.0,500.0,-681.0,83.0,-90.0,-159.0
-238.0,-644.0,14.0,-62.0,41.0,459.0,-918.0,-14.0,-79.0,-149.0
-263.0,-369.0,-8.0,-91.0,32.0,573.0,-805.0,46.0,-76.0,-147.0
-233.0,-230.0,-59.0,-63.0,159.0,631.0,-585.0,14.0,-70.0,-131.0
-220.0,-45.0,-68.0,-93.0,-13.0,551.0,-569.0,83.0,-54.0,-126.0
-221.0,215.0,-44.0,-72.0,-11.0,378.0,-610.0,88.0,-74.0,-124.0
-210.0,200.0,-3.0,-42.0,61.0,277.0,-464.0,64.0,-63.0,-92.0
-173.0,206.0,10.0,-58.0,-60.0,183.0,-269.0,90.0,-72.0,-56.0
-153.0,537.0,5.0,-30.0,-8.0,315.0,-260.0,24.0,-52.0,-29.0
-155.0,744.0,-18.0,-32.0,83.0,562.0,-378.0,258.0,1.0,-11.0
-162.0,675.0,-13.0,-38.0,-105.0,548.0,-343.0,367.0,0.0,17.0
-133.0,773.0,-14.0,-9.0,-74.0,492.0,-64.0,336.0,20.0,41.0
-107.0,786.0,-17.0,31.0,-36.0,718.0,191.0,192.0,25.0,26.0
-97.0,714.0,-26.0,92.0,-167.0,920.0,224.0,22.0,50.0,29.0
-84.0,458.0,-77.0,100.0,-34.0,688.0,186.0,-33.0,56.0,40.0
-71.0,146.0,-67.0,90.0,-64.0,413.0,287.0,-254.0,47.0,15.0
-38.0,245.0,-86.0,129.0,-85.0,489.0,562.0,-312.0,93.0,-28.0
-36.0,211.0,-92.0,131.0,-40.0,648.0,809.0,-280.0,100.0,-72.0
-26.0,9.0,-20.0,97.0,-115.0,500.0,838.0,-79.0,126.0,-126.0
-7.0,-92.0,-29.0,51.0,-51.0,275.0,694.0,36.0,141.0,-192.0
0.0,1.0,-31.0,-42.0,-44.0,263.0,432.0,29.0,126.0,-246.0
-23.0,-94.0,-21.0,-64.0,-30.0,491.0,269.0,216.0,135.0,-281.0
-27.0,-379.0,-17.0,28.0,51.0,529.0,76.0,197.0,108.0,-299.0
-7.0,-462.0,-17.0,130.0,-58.0,313.0,-75.0,310.0,87.0,-318.0
-13.0,-660.0,21.0,184.0,-85.0,474.0,51.0,415.0,83.0,-308.0
-3.0,-574.0,65.0,204.0,21.0,672.0,57.0,478.0,57.0,-274.0
10.0,-509.0,35.0,286.0,-68.0,572.0,-146.0,648.0,26.0,-273.0
13.0,-641.0,116.0,324.0,3.0,268.0,-370.0,591.0,0.0,-275.0
6.0,-715.0,164.0,220.0,91.0,75.0,-435.0,491.0,-9.0,-266.0
-21.0,-722.0,116.0,145.0,-28.0,95.0,-419.0,223.0,6.0,-254.0
-57.0,-464.0,192.0,89.0,-1.0,-266.0,-481.0,147.0,15.0,-270.0
-69.0,-548.0,197.0,-55.0,-10.0,-452.0,-549.0,203.0,0.0,-299.0
-69.0,-492.0,108.0,-117.0,22.0,-119.0,-489.0,114.0,-8.0,-307.0
-54.0,-203.0,174.0,-121.0,169.0,130.0,-213.0,120.0,7.0,-335.0
-57.0,-165.0,189.0,-148.0,48.0,459.0,14.0,20.0,25.0,-356.0
-41.0,93.0,189.0,-225.0,-28.0,755.0,-30.0,138.0,12.0,-342.0
-41.0,313.0,246.0,-231.0,48.0,909.0,-184.0,168.0,-6.0,-319.0
-63.0,411.0,260.0,-93.0,29.0,899.0,-165.0,138.0,-8.0,-291.0
-55.0,460.0,279.0,-70.0,77.0,481.0,-52.0,317.0,-18.0,-241.0
-58.0,360.0,226.0,-76.0,-13.0,165.0,-31.0,339.0,-19.0,-186.0
-44.0,258.0,267.0,-77.0,1.0,105.0,-74.0,478.0,0.0,-144.0
-36.0,253.0,233.0,-107.0,141.0,226.0,-103.0,504.0,22.0,-104.0
-4.0,369.0,171.0,-159.0,-7.0,262.0,-25.0,443.0,23.0,-57.0
6.0,254.0,225.0,-249.0,-7.0,16.0,144.0,254.0,16.0,-15.0
1.0,109.0,164.0,-261.0,60.0,46.0,295.0,-29.0,29.0,22.0
-3.0,269.0,171.0,-187.0,-112.0,171.0,319.0,-68.0,46.0,65.0
6.0,246.0,145.0,-130.0,-116.0,203.0,261.0,-33.0,56.0,91.0
34.0,97.0,122.0,-146.0,-85.0,239.0,101.0,192.0,52.0,115.0
33.0,113.0,123.0,-152.0,-208.0,334.0,-156.0,206.0,54.0,122.0
39.0,-31.0,60.0,-114.0,-113.0,571.0,-424.0,203.0,53.0,119.0
40.0,-9.0,73.0,-55.0,-137.0,728.0,-463.0,343.0,69.0,130.0
36.0,144.0,10.0,-13.0,-238.0,744.0,-190.0,343.0,92.0,132.0
-15.0,-31.0,-9.0,3.0,-102.0,627.0,72.0,382.0,83.0,157.0
-55.0,48.0,-47.0,29.0,-90.0,517.0,190.0,271.0,88.0,200.0
-64.0,199.0,-76.0,26.0,-33.0,513.0,164.0,373.0,89.0,215.0
-52.0,93.0,-24.0,13.0,41.0,528.0,99.0,543.0,84.0,218.0
-52.0,143.0,-26.0,39.0,-36.0,292.0,81.0,567.0,61.0,231.0
-64.0,297.0,38.0,20.0,93.0,198.0,154.0,558.0,14.0,230.0
-60.0,228.0,18.0,6.0,136.0,427.0,235.0,445.0,5.0,202.0
-63.0,-37.0,20.0,25.0,11.0,391.0,186.0,506.0,7.0,165.0
-59.0,-94.0,33.0,24.0,93.0,425.0,55.0,373.0,-7.0,126.0
-78.0,-182.0,1.0,16.0,41.0,619.0,-22.0,199.0,-29.0,60.0
-85.0,-133.0,57.0,-24.0,31.0,748.0,28.0,120.0,-46.0,-14.0
-84.0,-19.0,74.0,-69.0,112.0,655.0,4.0,84.0,-39.0,-82.0
-42.0,-155.0,107.0,-109.0,19.0,395.0,-45.0,169.0,-31.0,-163.0
-35.0,-8.0,117.0,-128.0,94.0,314.0,-37.0,27.0,-30.0,-227.0
-32.0,170.0,136.0,-159.0,69.0,83.0,-77.0,77.0,-9.0,-279.0
-25.0,275.0,126.0,-232.0,-73.0,-183.0,-269.0,157.0,0.0,-325.0
-54.0,307.0,89.0,-267.0,19.0,-77.0,-398.0,160.0,-21.0,-338.0
-54.0,469.0,101.0,-265.0,-40.0,152.0,-309.0,208.0,-39.0,-340.0
-65.0,742.0,72.0,-317.0,-64.0,323.0,-290.0,127.0,-69.0,-340.0
-57.0,724.0,39.0,-271.0,64.0,583.0,-313.0,232.0,-103.0,-319.0
-76.0,755.0,20.0,-166.0,-93.0,753.0,-237.0,205.0,-122.0,-307.0
-85.0,800.0,10.0,-150.0,-43.0,864.0,113.0,140.0,-119.0,-293.0
-71.0,796.0,-40.0,-117.0,71.0,1167.0,460.0,97.0,-108.0,-260.0
-54.0,649.0,-38.0,-147.0,-89.0,1134.0,372.0,27.0,-121.0,-254.0
-58.0,411.0,-43.0,-224.0,1.0,666.0,109.0,42.0,-91.0,-246.0
-53.0,186.0,-91.0,-279.0,-13.0,354.0,32.0,-131.0,-58.0,-239.0
-32.0,127.0,-53.0,-236.0,-103.0,381.0,173.0,-107.0,-51.0,-235.0
-27.0,66.0,-51.0,-210.0,7.0,358.0,387.0,-96.0,-28.0,-217.0
-28.0,-440.0,-102.0,-242.0,-55.0,39.0,465.0,-11.0,-14.0,-198.0
-30.0,-810.0,-127.0,-125.0,-83.0,-100.0,173.0,186.0,24.0,-168.0
-25.0,-904.0,-116.0,-93.0,-99.0,104.0,-193.0,149.0,46.0,-147.0
-33.0,-1057.0,-117.0,-136.0,-149.0,358.0,-267.0,277.0,40.0,-129.0
-4.0,-1200.0,-125.0,-126.0,-28.0,477.0,-71.0,327.0,46.0,-101.0
-17.0,-1159.0,-111.0,-109.0,-58.0,482.0,130.0,382.0,45.0,-83.0
-7.0,-866.0,-92.0,-122.0,-141.0,399.0,143.0,391.0,33.0,-72.0
-9.0,-578.0,-82.0,-172.0,-11.0,342.0,85.0,286.0,-12.0,-56.0
-22.0,-263.0,-65.0,-195.0,-6.0,217.0,68.0,321.0,-52.0,-43.0
-25.0,18.0,-81.0,-241.0,-10.0,-110.0,19.0,297.0,-74.0,-19.0
-39.0,434.0,-117.0,-240.0,39.0,-213.0,-130.0,336.0,-100.0,4.0
-18.0,843.0,-99.0,-279.0,-51.0,-388.0,-146.0,243.0,-84.0,20.0
-40.0,825.0,-144.0,-313.0,16.0,-539.0,23.0,277.0,-71.0,29.0
-18.0,990.0,-145.0,-265.0,22.0,-319.0,193.0,349.0,-62.0,28.0
-25.0,1088.0,-119.0,-176.0,-24.0,-239.0,230.0,151.0,-40.0,22.0
-34.0,974.0,-198.0,-60.0,39.0,-206.0,166.0,88.0,-41.0,5.0
-26.0,816.0,-161.0,22.0,39.0,-32.0,81.0,18.0,-20.0,-19.0
-18.0,497.0,-142.0,120.0,98.0,380.0,-46.0,109.0,-10.0,-37.0
-15.0,411.0,-101.0,152.0,149.0,790.0,-140.0,242.0,12.0,-47.0
-32.0,302.0,-22.0,124.0,119.0,716.0,-80.0,284.0,69.0,-66.0
-21.0,1.0,-47.0,134.0,33.0,426.0,160.0,347.0,81.0,-78.0
-18.0,-283.0,1.0,157.0,73.0,449.0,417.0,275.0,93.0,-77.0
-9.0,-582.0,-23.0,71.0,119.0,462.0,551.0,284.0,101.0,-85.0
1.0,-911.0,-16.0,0.0,18.0,123.0,504.0,171.0,94.0,-100.0
2.0,-1077.0,13.0,-28.0,-76.0,-194.0,438.0,103.0,86.0,-108.0
-40.0,-1352.0,-39.0,-34.0,-12.0,-332.0,481.0,121.0,62.0,-115.0
-18.0,-1366.0,-33.0,15.0,66.0,-71.0,523.0,84.0,36.0,-127.0
-24.0,-1092.0,-30.0,-3.0,-43.0,202.0,503.0,131.0,5.0,-147.0
-61.0,-1141.0,-17.0,25.0,-20.0,208.0,358.0,18.0,-37.0,-176.0
-68.0,-925.0,-27.0,62.0,-23.0,204.0,213.0,-33.0,-80.0,-197.0
-77.0,-710.0,-2.0,86.0,-6.0,457.0,216.0,-133.0,-100.0,-218.0
-72.0,-528.0,-17.0,73.0,89.0,809.0,288.0,-188.0,-139.0,-221.0
-91.0,-208.0,-58.0,4.0,8.0,549.0,219.0,-114.0,-190.0,-188.0
-41.0,102.0,-30.0,6.0,-16.0,112.0,80.0,-123.0,-188.0,-157.0
-47.0,484.0,-24.0,16.0,29.0,-193.0,-23.0,53.0,-181.0,-133.0
-69.0,569.0,-11.0,-26.0,65.0,-254.0,-207.0,210.0,-183.0,-97.0
-63.0,709.0,-16.0,-93.0,21.0,-198.0,-361.0,408.0,-160.0,-61.0
-74.0,783.0,13.0,-119.0,-22.0,-219.0,-252.0,487.0,-126.0,-53.0
-83.0,801.0,17.0,-115.0,11.0,-68.0,31.0,443.0,-109.0,-55.0
-94.0,943.0,8.0,-54.0,74.0,-29.0,90.0,473.0,-99.0,-39.0
-79.0,849.0,53.0,-36.0,28.0,133.0,-70.0,295.0,-82.0,-40.0
-82.0,821.0,9.0,-53.0,-113.0,314.0,-121.0,299.0,-56.0,-62.0
-56.0,825.0,10.0,-6.0,-54.0,325.0,68.0,328.0,-41.0,-46.0
-58.0,685.0,21.0,48.0,43.0,315.0,358.0,314.0,-33.0,-18.0
-61.0,281.0,-7.0,129.0,-60.0,210.0,604.0,199.0,-9.0,-14.0
-41.0,-72.0,-1.0,152.0,-206.0,-121.0,824.0,-68.0,-2.0,1.0
-33.0,-215.0,-34.0,131.0,-147.0,-464.0,1003.0,-27.0,-6.0,27.0
-46.0,-505.0,-25.0,114.0,-52.0,-387.0,1100.0,-81.0,14.0,37.0
-56.0,-671.0,-7.0,26.0,-81.0,-370.0,930.0,-42.0,44.0,56.0
-42.0,-677.0,12.0,-45.0,-109.0,-577.0,572.0,5.0,43.0,100.0
-37.0,-710.0,31.0,-2.0,-106.0,-655.0,286.0,-118.0,60.0,145.0
-21.0,-538.0,20.0,-11.0,-48.0,-526.0,149.0,-162.0,98.0,164.0
-8.0,-286.0,-4.0,-55.0,-28.0,-315.0,60.0,-293.0,120.0,166.0
18.0,-295.0,-14.0,-62.0,-94.0,-147.0,-9.0,-210.0,137.0,185.0
14.0,64.0,-24.0,-99.0,-114.0,-8.0,7.0,-206.0,112.0,184.0
15.0,506.0,-59.0,-96.0,-58.0,-33.0,-7.0,-118.0,84.0,170.0
42.0,630.0,-15.0,-79.0,3.0,-159.0,-65.0,103.0,66.0,161.0
23.0,848.0,-43.0,-27.0,23.0,-260.0,-185.0,101.0,37.0,143.0
7.0,886.0,-65.0,-11.0,8.0,-434.0,-331.0,214.0,19.0,138.0
7.0,847.0,-33.0,-20.0,-11.0,-355.0,-328.0,175.0,-8.0,140.0
-7.0,746.0,-24.0,2.0,75.0,-256.0,-192.0,301.0,-26.0,133.0
-3.0,688.0,17.0,-10.0,112.0,-494.0,-57.0,408.0,-44.0,133.0
0.0,353.0,-8.0,-38.0,25.0,-626.0,-20.0,260.0,-66.0,159.0
-4.0,-237.0,-30.0,-57.0,89.0,-575.0,9.0,184.0,-101.0,157.0
1.0,-648.0,-63.0,-77.0,182.0,-301.0,130.0,46.0,-141.0,157.0
8.0,-1249.0,-76.0,-76.0,131.0,-196.0,232.0,112.0,-149.0,200.0
12.0,-1583.0,-29.0,-6.0,25.0,-135.0,205.0,-35.0,-165.0,205.0
-31.0,-1667.0,2.0,43.0,77.0,294.0,177.0,-251.0,-188.0,162.0
-37.0,-1612.0,35.0,69.0,113.0,296.0,281.0,-312.0,-207.0,137.0
-28.0,-1230.0,17.0,64.0,60.0,-196.0,485.0,-303.0,-210.0,139.0
-25.0,-1005.0,4.0,70.0,104.0,-473.0,671.0,-53.0,-203.0,84.0
-38.0,-747.0,22.0,80.0,22.0,-510.0,772.0,-44.0,-209.0,33.0
-60.0,-515.0,26.0,57.0,-21.0,-515.0,738.0,-27.0,-206.0,41.0
-38.0,-392.0,55.0,59.0,77.0,-487.0,479.0,-96.0,-191.0,10.0
-51.0,-104.0,77.0,68.0,71.0,-479.0,57.0,-144.0,-158.0,-44.0
-51.0,75.0,119.0,48.0,-25.0,-569.0,-258.0,-25.0,-142.0,-27.0
-71.0,248.0,143.0,-17.0,10.0,-532.0,-314.0,-166.0,-123.0,14.0
-73.0,491.0,120.0,-34.0,63.0,-115.0,-272.0,-175.0,-100.0,6.0
-62.0,709.0,133.0,-107.0,-32.0,28.0,-121.0,-155.0,-93.0,19.0
-80.0,1085.0,125.0,-160.0,-28.0,104.0,113.0,-103.0,-64.0,75.0
-99.0,1318.0,106.0,-146.0,4.0,352.0,263.0,-168.0,-35.0,89.0
-105.0,1154.0,73.0,-159.0,-29.0,58.0,268.0,-369.0,-20.0,54.0
-77.0,1115.0,41.0,-115.0,-15.0,-329.0,85.0,-358.0,-45.0,52.0
-83.0,1095.0,0.0,-104.0,-37.0,-444.0,-189.0,-341.0,-77.0,63.0
-69.0,775.0,-33.0,-152.0,-66.0,-423.0,-338.0,-145.0,-82.0,29.0
-54.0,565.0,-1.0,-242.0,-25.0,-506.0,-167.0,-27.0,-94.0,10.0
-57.0,307.0,-8.0,-264.0,-39.0,-388.0,101.0,-35.0,-103.0,28.0
-69.0,-56.0,-50.0,-197.0,-79.0,-189.0,202.0,-105.0,-110.0,48.0
-59.0,-357.0,-48.0,-86.0,-5.0,-360.0,111.0,-271.0,-110.0,36.0
-28.0,-529.0,-52.0,65.0,-34.0,-497.0,-68.0,-242.0,-109.0,20.0
-24.0,-697.0,-82.0,143.0,-194.0,-597.0,-157.0,-325.0,-105.0,24.0
-27.0,-949.0,-82.0,156.0,-66.0,-424.0,-139.0,-280.0,-129.0,9.0
-27.0,-993.0,-79.0,64.0,0.0,-87.0,26.0,-79.0,-125.0,-30.0
-4.0,-1026.0,-81.0,-39.0,-93.0,-5.0,282.0,94.0,-88.0,-29.0
10.0,-987.0,-59.0,-69.0,-16.0,-196.0,417.0,166.0,-97.0,0.0
-3.0,-748.0,-52.0,-23.0,-72.0,-383.0,309.0,88.0,-102.0,-13.0
-23.0,-330.0,-34.0,68.0,-111.0,-387.0,123.0,173.0,-100.0,-37.0
8.0,-137.0,5.0,58.0,-75.0,-408.0,63.0,88.0,-80.0,-13.0
32.0,-98.0,29.0,52.0,-99.0,-487.0,104.0,121.0,-53.0,-13.0
44.0,212.0,75.0,65.0,-88.0,-698.0,114.0,166.0,-46.0,-82.0
37.0,310.0,120.0,9.0,-79.0,-753.0,-21.0,-14.0,-30.0,-92.0
54.0,342.0,97.0,-81.0,-35.0,-835.0,-149.0,-70.0,0.0,-49.0
70.0,299.0,98.0,-170.0,-24.0,-1033.0,-131.0,-227.0,20.0,-70.0
56.0,327.0,103.0,-235.0,-75.0,-850.0,-26.0,-219.0,32.0,-75.0
89.0,400.0,67.0,-241.0,-7.0,-492.0,76.0,-212.0,61.0,18.0
77.0,284.0,79.0,-226.0,74.0,-165.0,168.0,-214.0,71.0,93.0
96.0,213.0,56.0,-201.0,15.0,0.0,235.0,-131.0,73.0,95.0
101.0,-33.0,4.0,-111.0,-44.0,-13.0,249.0,-173.0,82.0,140.0
103.0,-215.0,12.0,-99.0,-36.0,-86.0,222.0,-73.0,102.0,216.0
103.0,-415.0,-1.0,-83.0,113.0,-165.0,182.0,22.0,131.0,251.0
108.0,-544.0,-41.0,-36.0,159.0,-186.0,204.0,171.0,121.0,240.0
145.0,-560.0,-37.0,33.0,32.0,-319.0,219.0,134.0,111.0,257.0
135.0,-522.0,-43.0,168.0,71.0,-183.0,214.0,-24.0,108.0,301.0
146.0,-346.0,-83.0,200.0,116.0,123.0,200.0,9.0,103.0,291.0
119.0,-357.0,-54.0,209.0,73.0,-239.0,141.0,29.0,79.0,270.0
101.0,-260.0,-54.0,193.0,17.0,-632.0,52.0,133.0,21.0,297.0
80.0,-143.0,-77.0,117.0,-57.0,-370.0,1.0,-42.0,0.0,328.0
74.0,36.0,-8.0,29.0,16.0,-167.0,53.0,-199.0,-16.0,278.0
77.0,172.0,-49.0,-77.0,116.0,-392.0,185.0,-184.0,-20.0,250.0
73.0,246.0,-52.0,-161.0,2.0,-504.0,449.0,-360.0,2.0,309.0
67.0,265.0,42.0,-206.0,-41.0,-331.0,707.0,-397.0,7.0,295.0
42.0,-114.0,-7.0,-265.0,96.0,-382.0,878.0,-454.0,-1.0,232.0
23.0,-204.0,-14.0,-267.0,112.0,-439.0,970.0,-319.0,-16.0,259.0
6.0,-190.0,-5.0,-190.0,97.0,-252.0,912.0,-114.0,-18.0,283.0
7.0,-249.0,-65.0,-145.0,-33.0,-250.0,781.0,-147.0,-18.0,215.0
-9.0,-241.0,-69.0,-101.0,-110.0,-337.0,629.0,-219.0,-29.0,179.0
23.0,-270.0,-82.0,-69.0,154.0,-383.0,460.0,-343.0,-38.0,197.0
21.0,-314.0,-63.0,-38.0,63.0,-469.0,252.0,-219.0,-32.0,162.0
13.0,-296.0,-41.0,-69.0,-172.0,-454.0,34.0,-116.0,-14.0,77.0
19.0,44.0,-14.0,-65.0,-63.0,-330.0,-241.0,-33.0,-13.0,41.0
16.0,82.0,17.0,-25.0,47.0,-226.0,-618.0,-11.0,5.0,29.0
6.0,-67.0,11.0,-23.0,-27.0,-334.0,-932.0,-129.0,14.0,-52.0
0.0,-11.0,63.0,10.0,-148.0,-463.0,-967.0,-121.0,5.0,-134.0
20.0,11.0,51.0,-17.0,-147.0,-477.0,-755.0,-234.0,16.0,-139.0
4.0,-2.0,-1.0,0.0,-71.0,-588.0,-569.0,-216.0,9.0,-140.0
24.0,255.0,57.0,23.0,75.0,-500.0,-551.0,-177.0,16.0,-183.0
10.0,661.0,94.0,-62.0,-44.0,-390.0,-606.0,-155.0,9.0,-181.0
32.0,698.0,47.0,-132.0,-133.0,-538.0,-556.0,-18.0,-23.0,-112.0
38.0,636.0,63.0,-111.0,32.0,-653.0,-392.0,77.0,-39.0,-93.0
43.0,590.0,58.0,-38.0,56.0,-716.0,-196.0,210.0,-23.0,-99.0
63.0,484.0,2.0,-7.0,-12.0,-659.0,31.0,114.0,3.0,-21.0
59.0,336.0,35.0,-3.0,-84.0,-478.0,238.0,70.0,18.0,59.0
90.0,82.0,39.0,31.0,3.0,-269.0,347.0,25.0,30.0,63.0
66.0,-308.0,27.0,62.0,133.0,-169.0,426.0,-203.0,15.0,78.0
64.0,-444.0,50.0,53.0,113.0,-265.0,509.0,-269.0,4.0,162.0
39.0,-171.0,45.0,74.0,-10.0,-200.0,615.0,-216.0,5.0,216.0
41.0,-118.0,24.0,117.0,45.0,-40.0,737.0,36.0,-8.0,204.0
4.0,-69.0,29.0,140.0,188.0,-129.0,831.0,129.0,-20.0,242.0
-23.0,13.0,10.0,169.0,98.0,-237.0,873.0,81.0,-40.0,281.0
-12.0,-162.0,-1.0,152.0,-14.0,-196.0,759.0,96.0,-47.0,244.0
0.0,-300.0,1.0,139.0,-7.0,-139.0,501.0,24.0,-45.0,208.0
15.0,-428.0,-36.0,138.0,8.0,-256.0,222.0,53.0,-40.0,237.0
-27.0,-375.0,-18.0,111.0,4.0,-347.0,84.0,22.0,-49.0,252.0
-21.0,-324.0,-55.0,105.0,-15.0,-295.0,83.0,1.0,-62.0,190.0
-42.0,-505.0,-64.0,114.0,-68.0,-180.0,115.0,-35.0,-74.0,162.0
-38.0,-709.0,-41.0,78.0,-5.0,22.0,88.0,11.0,-90.0,182.0
-60.0,-670.0,-90.0,44.0,-38.0,-43.0,-4.0,155.0,-106.0,136.0
-62.0,-306.0,-58.0,54.0,-177.0,-209.0,-104.0,51.0,-154.0,45.0
-24.0,-161.0,-49.0,61.0,-119.0,-244.0,-230.0,53.0,-171.0,8.0
-17.0,18.0,-57.0,32.0,-79.0,-292.0,-274.0,127.0,-169.0,7.0
-12.0,205.0,-20.0,4.0,-102.0,-401.0,-260.0,253.0,-187.0,-56.0
-33.0,81.0,1.0,43.0,-128.0,-415.0,-298.0,158.0,-211.0,-134.0
-20.0,-13.0,11.0,50.0,-171.0,-239.0,-340.0,-158.0,-221.0,-145.0
-27.0,-210.0,31.0,73.0,-76.0,-300.0,-270.0,-182.0,-203.0,-169.0
-21.0,-498.0,47.0,75.0,27.0,-435.0,-264.0,-164.0,-198.0,-239.0
-29.0,-627.0,59.0,51.0,-12.0,-399.0,-428.0,3.0,-169.0,-265.0
6.0,-671.0,87.0,83.0,-158.0,-213.0,-492.0,5.0,-162.0,-239.0
13.0,-732.0,102.0,107.0,-211.0,-210.0,-397.0,-110.0,-161.0,-243.0
22.0,-529.0,127.0,130.0,-75.0,-338.0,-233.0,-147.0,-124.0,-248.0
31.0,-62.0,106.0,107.0,-184.0,18.0,-206.0,-317.0,-117.0,-185.0
-6.0,216.0,160.0,86.0,-317.0,279.0,-280.0,-247.0,-92.0,-131.0
-1.0,344.0,184.0,44.0,-90.0,249.0,-266.0,-321.0,-55.0,-121.0
-30.0,734.0,140.0,28.0,-20.0,94.0,-117.0,-317.0,-27.0,-97.0
4.0,1099.0,237.0,42.0,-42.0,-171.0,110.0,-140.0,30.0,-40.0
6.0,1279.0,190.0,45.0,-60.0,-255.0,212.0,-11.0,61.0,20.0
35.0,1606.0,165.0,12.0,-132.0,-208.0,169.0,214.0,76.0,44.0
60.0,1594.0,207.0,-65.0,104.0,-146.0,73.0,164.0,108.0,92.0
45.0,1371.0,144.0,-83.0,109.0,-272.0,77.0,144.0,140.0,154.0
33.0,1222.0,145.0,-88.0,-120.0,-246.0,179.0,55.0,181.0,165.0
0.0,895.0,88.0,-115.0,11.0,-87.0,240.0,-79.0,175.0,183.0
-32.0,661.0,103.0,-128.0,155.0,-114.0,144.0,-120.0,167.0,199.0
-91.0,359.0,127.0,-70.0,138.0,-31.0,-45.0,-195.0,175.0,201.0
-60.0,118.0,99.0,-23.0,145.0,173.0,-67.0,-158.0,165.0,158.0
-73.0,-202.0,117.0,15.0,152.0,209.0,-118.0,-345.0,169.0,129.0
-63.0,-340.0,101.0,4.0,154.0,85.0,-395.0,-402.0,168.0,148.0
-68.0,-142.0,118.0,-98.0,243.0,13.0,-656.0,-290.0,186.0,118.0
-80.0,-291.0,116.0,-186.0,184.0,-344.0,-758.0,-188.0,187.0,107.0
-81.0,-126.0,124.0,-235.0,42.0,-759.0,-805.0,-53.0,184.0,116.0
-96.0,-122.0,116.0,-228.0,190.0,-714.0,-740.0,-199.0,203.0,109.0
-79.0,-242.0,81.0,-210.0,217.0,-534.0,-506.0,-251.0,216.0,92.0
-117.0,-47.0,75.0,-119.0,40.0,-402.0,-252.0,-232.0,212.0,81.0
-79.0,-31.0,59.0,-48.0,38.0,-302.0,-15.0,-153.0,201.0,101.0
-60.0,19.0,87.0,-23.0,73.0,-287.0,176.0,-44.0,204.0,113.0
-32.0,-204.0,71.0,-24.0,82.0,-497.0,279.0,-84.0,160.0,96.0
-23.0,-276.0,46.0,-89.0,28.0,-505.0,398.0,70.0,112.0,93.0
-12.0,-251.0,60.0,-94.0,-53.0,-189.0,644.0,88.0,91.0,104.0
-1.0,-303.0,40.0,-114.0,-71.0,-43.0,745.0,24.0,73.0,76.0
-14.0,48.0,12.0,-122.0,7.0,17.0,520.0,-27.0,60.0,47.0
15.0,326.0,20.0,-121.0,0.0,108.0,163.0,-97.0,39.0,16.0
-8.0,342.0,8.0,-152.0,-162.0,286.0,-129.0,-88.0,40.0,2.0
-4.0,436.0,-24.0,-153.0,-46.0,189.0,-310.0,-131.0,18.0,-13.0
11.0,527.0,1.0,-200.0,149.0,-72.0,-571.0,-68.0,23.0,-45.0
64.0,272.0,5.0,-253.0,78.0,7.0,-893.0,-68.0,28.0,-49.0
53.0,-30.0,-21.0,-203.0,-23.0,11.0,-1021.0,86.0,12.0,-75.0
31.0,-383.0,-9.0,-157.0,23.0,-10.0,-864.0,114.0,13.0,-111.0
16.0,-824.0,-24.0,-112.0,63.0,156.0,-584.0,-110.0,-11.0,-130.0
-1.0,-920.0,-49.0,-49.0,-6.0,247.0,-370.0,-105.0,3.0,-128.0
12.0,-804.0,-44.0,-51.0,-52.0,243.0,-191.0,-243.0,0.0,-137.0
-35.0,-831.0,-55.0,-9.0,-34.0,278.0,-45.0,-279.0,0.0,-148.0
-42.0,-889.0,-38.0,-27.0,95.0,315.0,30.0,-306.0,-11.0,-131.0
-53.0,-858.0,-21.0,-86.0,116.0,351.0,71.0,-339.0,-20.0,-130.0
-34.0,-891.0,-41.0,-80.0,-121.0,379.0,75.0,-203.0,17.0,-138.0
-77.0,-680.0,0.0,-97.0,-95.0,220.0,41.0,-212.0,0.0,-123.0
-104.0,-540.0,4.0,-104.0,30.0,-82.0,-51.0,-127.0,-1.0,-97.0
-87.0,-496.0,-2.0,-115.0,-149.0,-195.0,-109.0,-27.0,-35.0,-84.0
-118.0,-235.0,-2.0,-95.0,-165.0,4.0,-49.0,184.0,-70.0,-50.0
-97.0,-96.0,-42.0,-81.0,-168.0,98.0,7.0,304.0,-75.0,-10.0
-105.0,147.0,-22.0,-108.0,-175.0,43.0,26.0,227.0,-89.0,9.0
-79.0,416.0,-42.0,-89.0,49.0,108.0,-40.0,245.0,-93.0,35.0
-75.0,621.0,-40.0,-40.0,-5.0,180.0,-130.0,84.0,-108.0,69.0
-71.0,664.0,-24.0,-13.0,-112.0,59.0,-281.0,14.0,-66.0,126.0
-72.0,725.0,-7.0,44.0,77.0,-32.0,-465.0,-64.0,-42.0,160.0
-91.0,665.0,-14.0,89.0,119.0,30.0,-540.0,-131.0,-34.0,195.0
-78.0,380.0,-18.0,78.0,-3.0,-47.0,-599.0,-9.0,-15.0,264.0
-77.0,616.0,40.0,128.0,38.0,52.0,-571.0,-5.0,-26.0,308.0
-64.0,542.0,8.0,161.0,94.0,145.0,-528.0,-36.0,-18.0,338.0
-54.0,156.0,22.0,119.0,114.0,80.0,-437.0,-214.0,-40.0,360.0
-49.0,206.0,20.0,76.0,77.0,155.0,-260.0,-210.0,-64.0,377.0
-42.0,256.0,12.0,51.0,-22.0,135.0,-113.0,-205.0,-78.0,370.0
-23.0,30.0,20.0,67.0,82.0,139.0,30.0,-314.0,-111.0,330.0
-30.0,-41.0,-22.0,75.0,91.0,93.0,229.0,-208.0,-137.0,298.0
3.0,181.0,0.0,16.0,-3.0,142.0,534.0,-190.0,-161.0,248.0
-1.0,-15.0,-7.0,-14.0,-109.0,177.0,779.0,-59.0,-171.0,166.0
-3.0,54.0,-27.0,-9.0,-123.0,5.0,813.0,-103.0,-151.0,89.0
8.0,214.0,1.0,34.0,73.0,-1.0,610.0,-127.0,-126.0,44.0
0.0,14.0,7.0,130.0,-75.0,11.0,373.0,18.0,-90.0,-11.0
33.0,301.0,42.0,191.0,-144.0,59.0,263.0,-31.0,-64.0,-84.0
20.0,525.0,67.0,253.0,-82.0,10.0,228.0,3.0,-46.0,-141.0
46.0,511.0,56.0,171.0,-136.0,-34.0,135.0,-179.0,-3.0,-179.0
44.0,376.0,111.0,0.0,-31.0,57.0,10.0,-234.0,2.0,-226.0
92.0,384.0,106.0,-98.0,-103.0,260.0,-7.0,-121.0,-4.0,-273.0
114.0,225.0,102.0,-223.0,-172.0,541.0,-64.0,-99.0,-2.0,-276.0
95.0,-236.0,119.0,-269.0,3.0,523.0,-218.0,-81.0,5.0,-288.0
130.0,-71.0,92.0,-259.0,89.0,520.0,-402.0,-103.0,28.0,-310.0
123.0,-190.0,70.0,-192.0,-100.0,469.0,-519.0,46.0,44.0,-299.0
144.0,-545.0,27.0,-95.0,-64.0,331.0,-609.0,-40.0,90.0,-273.0
89.0,-415.0,16.0,-55.0,48.0,208.0,-761.0,-129.0,125.0,-246.0
76.0,-332.0,0.0,62.0,54.0,142.0,-967.0,-64.0,149.0,-210.0
65.0,-416.0,-2.0,167.0,99.0,258.0,-1075.0,-57.0,184.0,-151.0
60.0,-183.0,-8.0,193.0,-85.0,249.0,-800.0,-24.0,181.0,-93.0
59.0,91.0,-10.0,216.0,18.0,170.0,-328.0,-229.0,180.0,-32.0
33.0,-66.0,-18.0,242.0,168.0,-17.0,-25.0,-277.0,176.0,41.0
48.0,-19.0,-46.0,257.0,47.0,-93.0,78.0,-123.0,164.0,121.0
46.0,-73.0,-32.0,214.0,-23.0,-81.0,87.0,84.0,180.0,193.0
50.0,-300.0,-54.0,123.0,26.0,-101.0,13.0,236.0,154.0,253.0
0.0,-204.0,-86.0,69.0,140.0,-84.0,18.0,168.0,124.0,302.0
15.0,58.0,-36.0,-27.0,86.0,-19.0,210.0,162.0,123.0,317.0
11.0,155.0,9.0,-93.0,10.0,17.0,414.0,40.0,103.0,304.0
25.0,229.0,8.0,-46.0,121.0,-189.0,408.0,-107.0,80.0,276.0
32.0,688.0,63.0,-54.0,218.0,-148.0,185.0,-304.0,36.0,228.0
10.0,942.0,68.0,-41.0,79.0,63.0,-183.0,-432.0,2.0,175.0
15.0,993.0,122.0,-69.0,109.0,125.0,-638.0,-293.0,-18.0,123.0
-10.0,1120.0,176.0,-131.0,161.0,30.0,-886.0,-262.0,-41.0,69.0
6.0,1217.0,159.0,-107.0,167.0,192.0,-849.0,-162.0,-55.0,28.0
-46.0,1101.0,187.0,-83.0,244.0,562.0,-647.0,-157.0,-65.0,-15.0
-57.0,843.0,156.0,-14.0,107.0,479.0,-440.0,-60.0,-59.0,-34.0
-64.0,713.0,205.0,77.0,171.0,143.0,-310.0,149.0,-94.0,-24.0
-44.0,248.0,200.0,122.0,264.0,-5.0,-297.0,109.0,-129.0,-19.0
-28.0,-29.0,144.0,116.0,167.0,45.0,-359.0,79.0,-143.0,6.0
-21.0,-181.0,201.0,79.0,90.0,-114.0,-272.0,-24.0,-186.0,49.0
14.0,-627.0,194.0,42.0,15.0,-148.0,-77.0,57.0,-201.0,90.0
6.0,-795.0,119.0,36.0,103.0,-141.0,160.0,24.0,-211.0,107.0
35.0,-939.0,116.0,46.0,165.0,-271.0,291.0,-116.0,-235.0,93.0
12.0,-1031.0,129.0,82.0,13.0,-184.0,289.0,-75.0,-255.0,90.0
14.0,-1080.0,58.0,76.0,-29.0,-106.0,149.0,-140.0,-252.0,94.0
6.0,-932.0,68.0,-20.0,73.0,-45.0,-191.0,-120.0,-208.0,74.0
33.0,-677.0,70.0,-66.0,-84.0,50.0,-515.0,-225.0,-195.0,60.0
46.0,-593.0,52.0,-30.0,-204.0,392.0,-704.0,-177.0,-189.0,63.0
54.0,-348.0,115.0,58.0,-91.0,575.0,-677.0,-138.0,-183.0,63.0
72.0,-280.0,121.0,155.0,-201.0,375.0,-517.0,-299.0,-171.0,78.0
54.0,-201.0,94.0,280.0,-162.0,526.0,-286.0,-210.0,-127.0,104.0
74.0,114.0,118.0,377.0,-81.0,774.0,-107.0,-171.0,-88.0,123.0
68.0,311.0,104.0,397.0,-263.0,593.0,-113.0,-38.0,-40.0,134.0
95.0,398.0,69.0,356.0,-151.0,425.0,-228.0,84.0,-7.0,132.0
54.0,615.0,90.0,250.0,-51.0,515.0,-367.0,81.0,32.0,123.0
43.0,895.0,48.0,166.0,-185.0,661.0,-397.0,20.0,54.0,114.0
32.0,1135.0,67.0,117.0,-286.0,584.0,-391.0,-103.0,65.0,89.0
38.0,1299.0,116.0,104.0,-263.0,525.0,-460.0,-99.0,104.0,65.0
57.0,1356.0,73.0,103.0,-30.0,632.0,-423.0,-297.0,91.0,61.0
26.0,1337.0,65.0,107.0,29.0,480.0,-129.0,-391.0,94.0,45.0
55.0,1199.0,75.0,66.0,-87.0,379.0,188.0,-347.0,105.0,25.0
70.0,1154.0,64.0,99.0,38.0,163.0,263.0,-363.0,97.0,30.0
102.0,915.0,39.0,197.0,153.0,-166.0,87.0,-253.0,115.0,45.0
63.0,712.0,38.0,232.0,12.0,-108.0,-138.0,-332.0,116.0,60.0
73.0,452.0,-10.0,224.0,-36.0,69.0,-308.0,-351.0,108.0,67.0
98.0,-111.0,-38.0,147.0,-2.0,189.0,-442.0,-334.0,89.0,71.0
80.0,-435.0,-39.0,83.0,86.0,114.0,-565.0,-219.0,82.0,67.0
79.0,-801.0,-95.0,33.0,71.0,112.0,-826.0,-27.0,88.0,46.0
55.0,-1011.0,-67.0,43.0,-108.0,208.0,-1074.0,-84.0,60.0,18.0
64.0,-1227.0,-99.0,35.0,75.0,67.0,-1084.0,-31.0,42.0,-12.0
63.0,-1519.0,-116.0,5.0,166.0,112.0,-905.0,-11.0,15.0,-41.0
73.0,-1531.0,-84.0,-3.0,97.0,255.0,-687.0,84.0,-9.0,-67.0
56.0,-1411.0,-124.0,-5.0,23.0,246.0,-492.0,66.0,-20.0,-73.0
53.0,-1138.0,-113.0,-28.0,-167.0,365.0,-266.0,31.0,-40.0,-74.0
47.0,-998.0,-122.0,-89.0,103.0,560.0,-48.0,190.0,-41.0,-84.0
48.0,-709.0,-152.0,-33.0,192.0,740.0,63.0,107.0,-59.0,-83.0
64.0,-468.0,-173.0,24.0,-99.0,642.0,51.0,90.0,-52.0,-69.0
63.0,-399.0,-174.0,124.0,47.0,413.0,15.0,-59.0,-12.0,-51.0
58.0,-28.0,-185.0,197.0,178.0,137.0,-78.0,-120.0,5.0,-43.0
36.0,185.0,-187.0,121.0,74.0,-25.0,-300.0,-77.0,-5.0,-40.0
41.0,267.0,-170.0,38.0,99.0,211.0,-452.0,-153.0,0.0,6.0
27.0,543.0,-148.0,-32.0,12.0,302.0,-365.0,-101.0,35.0,74.0
4.0,852.0,-96.0,-79.0,35.0,308.0,-213.0,-192.0,59.0,135.0
-21.0,897.0,-87.0,-19.0,162.0,411.0,-143.0,-110.0,72.0,185.0
-1.0,977.0,-43.0,116.0,-89.0,472.0,-168.0,-84.0,46.0,222.0
19.0,1274.0,-31.0,138.0,-172.0,301.0,-211.0,-131.0,19.0,265.0
7.0,1222.0,-21.0,82.0,60.0,200.0,-76.0,-123.0,1.0,288.0
1.0,1137.0,-5.0,-8.0,53.0,493.0,177.0,-262.0,-12.0,300.0
2.0,1181.0,-56.0,-82.0,-65.0,567.0,261.0,-251.0,-24.0,300.0
3.0,1079.0,-16.0,-79.0,-76.0,365.0,93.0,-354.0,-50.0,283.0
-23.0,760.0,0.0,-40.0,-29.0,275.0,-124.0,-312.0,-64.0,267.0
-45.0,328.0,-21.0,-13.0,1.0,296.0,-253.0,-221.0,-67.0,263.0
-66.0,83.0,-20.0,-9.0,-98.0,227.0,-252.0,-254.0,-34.0,253.0
-55.0,-449.0,-26.0,-28.0,-112.0,171.0,-138.0,-157.0,-23.0,216.0
-46.0,-823.0,-54.0,-21.0,-52.0,100.0,104.0,-206.0,-46.0,219.0
-48.0,-651.0,-80.0,52.0,-37.0,-43.0,345.0,-101.0,-56.0,243.0
-53.0,-721.0,-66.0,60.0,-32.0,-114.0,369.0,-46.0,-65.0,244.0
-54.0,-1004.0,-89.0,114.0,-99.0,11.0,280.0,-133.0,-76.0,254.0
-42.0,-1125.0,-46.0,221.0,7.0,171.0,127.0,-182.0,-106.0,252.0
-46.0,-1161.0,-40.0,314.0,83.0,168.0,42.0,-310.0,-114.0,258.0
-15.0,-1485.0,-50.0,336.0,17.0,305.0,122.0,-345.0,-101.0,268.0
-8.0,-1525.0,5.0,242.0,-41.0,152.0,84.0,-530.0,-86.0,253.0
-16.0,-1289.0,-15.0,176.0,1.0,-256.0,-228.0,-530.0,-69.0,217.0
-3.0,-1192.0,-5.0,27.0,169.0,-215.0,-603.0,-365.0,-64.0,173.0
1.0,-803.0,7.0,-95.0,141.0,-89.0,-727.0,-284.0,-40.0,137.0
22.0,-412.0,28.0,-148.0,-6.0,-149.0,-605.0,-179.0,-37.0,74.0
23.0,-137.0,53.0,-195.0,60.0,-65.0,-504.0,-256.0,-35.0,-19.0
13.0,375.0,81.0,-195.0,279.0,171.0,-508.0,-194.0,-29.0,-100.0
32.0,944.0,92.0,-200.0,175.0,466.0,-450.0,-184.0,-60.0,-178.0
42.0,1151.0,108.0,-168.0,88.0,632.0,-372.0,-136.0,-64.0,-235.0
44.0,1364.0,139.0,-150.0,147.0,493.0,-362.0,68.0,-57.0,-250.0
56.0,1534.0,90.0,-114.0,100.0,214.0,-352.0,166.0,-59.0,-255.0
63.0,1548.0,121.0,-38.0,210.0,11.0,-251.0,291.0,-54.0,-259.0
94.0,1469.0,94.0,51.0,95.0,33.0,35.0,151.0,-49.0,-241.0
92.0,1110.0,76.0,93.0,-42.0,93.0,248.0,29.0,-28.0,-191.0
76.0,745.0,124.0,78.0,158.0,302.0,108.0,-92.0,-11.0,-160.0
96.0,360.0,102.0,44.0,84.0,492.0,-235.0,-203.0,2.0,-155.0
114.0,-21.0,132.0,27.0,-132.0,271.0,-408.0,-133.0,42.0,-132.0
119.0,-697.0,119.0,112.0,-83.0,74.0,-236.0,-90.0,62.0,-89.0
113.0,-1124.0,99.0,131.0,-105.0,72.0,76.0,92.0,75.0,-48.0
133.0,-1167.0,75.0,100.0,-120.0,202.0,253.0,86.0,84.0,-55.0
151.0,-1517.0,22.0,154.0,-107.0,315.0,289.0,36.0,85.0,-49.0
168.0,-1726.0,14.0,154.0,-277.0,267.0,270.0,-16.0,68.0,-14.0
170.0,-1756.0,44.0,129.0,-204.0,279.0,147.0,-44.0,38.0,-18.0
153.0,-1680.0,24.0,91.0,8.0,308.0,-69.0,120.0,40.0,3.0
146.0,-1501.0,18.0,24.0,-60.0,396.0,-295.0,22.0,5.0,49.0
139.0,-1238.0,51.0,118.0,-151.0,593.0,-307.0,-46.0,-70.0,91.0
143.0,-890.0,-27.0,229.0,-122.0,462.0,-103.0,-27.0,-127.0,130.0
143.0,-456.0,-38.0,232.0,-116.0,212.0,112.0,83.0,-147.0,167.0
137.0,15.0,-56.0,213.0,-106.0,274.0,180.0,218.0,-161.0,216.0
108.0,428.0,-76.0,121.0,-135.0,336.0,157.0,147.0,-184.0,213.0
97.0,788.0,-41.0,51.0,-95.0,153.0,303.0,153.0,-190.0,183.0
88.0,934.0,-83.0,72.0,19.0,11.0,557.0,86.0,-193.0,181.0
58.0,1088.0,-68.0,102.0,40.0,-24.0,752.0,84.0,-178.0,153.0
47.0,1238.0,-85.0,62.0,0.0,-205.0,752.0,-44.0,-168.0,65.0
28.0,1389.0,-95.0,-35.0,-89.0,-457.0,577.0,-230.0,-152.0,-17.0
42.0,1463.0,-63.0,-113.0,-12.0,-474.0,272.0,-59.0,-132.0,-66.0
28.0,1132.0,-46.0,-122.0,59.0,-229.0,-107.0,48.0,-147.0,-129.0
12.0,731.0,-34.0,-121.0,-142.0,-125.0,-386.0,129.0,-122.0,-216.0
16.0,306.0,-72.0,-63.0,-78.0,-209.0,-458.0,107.0,-100.0,-291.0
19.0,135.0,-71.0,20.0,162.0,-326.0,-334.0,175.0,-120.0,-315.0
54.0,155.0,-37.0,51.0,94.0,-285.0,-268.0,330.0,-131.0,-340.0
48.0,-3.0,-17.0,103.0,4.0,-165.0,-399.0,362.0,-141.0,-382.0
51.0,88.0,-18.0,115.0,-25.0,-187.0,-665.0,430.0,-133.0,-398.0
55.0,8.0,2.0,117.0,3.0,-233.0,-728.0,201.0,-122.0,-403.0
65.0,-263.0,0.0,145.0,117.0,-188.0,-394.0,90.0,-118.0,-423.0
74.0,-311.0,1.0,173.0,-23.0,-142.0,40.0,7.0,-100.0,-440.0
63.0,-206.0,53.0,167.0,-165.0,-309.0,262.0,-168.0,-90.0,-405.0
68.0,-159.0,77.0,120.0,33.0,-221.0,187.0,-173.0,-71.0,-392.0
41.0,-389.0,100.0,108.0,114.0,218.0,-85.0,-218.0,-41.0,-402.0
43.0,-468.0,116.0,130.0,94.0,519.0,-344.0,-138.0,-13.0,-347.0
60.0,-424.0,108.0,134.0,113.0,526.0,-375.0,-267.0,28.0,-270.0
56.0,-394.0,91.0,144.0,52.0,553.0,-271.0,-267.0,57.0,-221.0
32.0,-401.0,100.0,171.0,268.0,459.0,35.0,-35.0,83.0,-192.0
20.0,-507.0,106.0,117.0,333.0,112.0,506.0,81.0,133.0,-119.0
11.0,-594.0,91.0,121.0,98.0,-56.0,867.0,181.0,189.0,-39.0
-12.0,-587.0,84.0,186.0,88.0,-285.0,1051.0,153.0,251.0,-20.0
-15.0,-539.0,111.0,169.0,250.0,-499.0,1014.0,247.0,295.0,4.0
-35.0,-525.0,98.0,200.0,262.0,-323.0,919.0,186.0,316.0,73.0
-55.0,-429.0,98.0,268.0,-62.0,163.0,864.0,97.0,323.0,104.0
-70.0,-386.0,102.0,214.0,-131.0,275.0,768.0,151.0,332.0,101.0
-76.0,-255.0,54.0,157.0,63.0,108.0,538.0,123.0,333.0,136.0
-110.0,-251.0,66.0,116.0,-13.0,254.0,179.0,234.0,324.0,163.0
-123.0,-167.0,47.0,33.0,-134.0,256.0,-279.0,251.0,336.0,146.0
-119.0,197.0,26.0,32.0,-171.0,-61.0,-761.0,301.0,334.0,111.0
-141.0,237.0,22.0,-42.0,-209.0,-467.0,-1069.0,314.0,325.0,127.0
-140.0,258.0,22.0,-79.0,-134.0,-650.0,-998.0,164.0,320.0,117.0
-162.0,187.0,46.0,-117.0,-193.0,-558.0,-571.0,101.0,311.0,45.0
-148.0,197.0,61.0,-190.0,-329.0,-446.0,-225.0,38.0,327.0,11.0
-120.0,279.0,95.0,-117.0,-177.0,-413.0,-233.0,147.0,339.0,-9.0
-107.0,225.0,104.0,-166.0,-153.0,-303.0,-442.0,182.0,328.0,-41.0
-90.0,307.0,110.0,-125.0,-158.0,-110.0,-538.0,96.0,333.0,-103.0
-76.0,262.0,104.0,3.0,-137.0,-20.0,-431.0,66.0,348.0,-125.0
-58.0,429.0,109.0,-7.0,-265.0,-162.0,-274.0,99.0,333.0,-111.0
-29.0,499.0,106.0,-6.0,-47.0,-323.0,-249.0,299.0,322.0,-130.0
9.0,594.0,97.0,23.0,75.0,-83.0,-342.0,315.0,300.0,-144.0
26.0,786.0,119.0,-29.0,-93.0,143.0,-359.0,306.0,270.0,-112.0
59.0,477.0,100.0,-71.0,12.0,21.0,-269.0,254.0,255.0,-88.0
103.0,244.0,75.0,-27.0,80.0,-4.0,-116.0,290.0,248.0,-106.0
132.0,-25.0,36.0,-65.0,83.0,98.0,58.0,399.0,259.0,-65.0
119.0,-98.0,-6.0,-66.0,148.0,4.0,253.0,149.0,237.0,-1.0
114.0,-34.0,-35.0,4.0,109.0,2.0,392.0,16.0,213.0,14.0
119.0,-275.0,-68.0,-9.0,201.0,205.0,448.0,-107.0,198.0,11.0
134.0,-313.0,-74.0,-79.0,213.0,223.0,451.0,-125.0,157.0,24.0
165.0,-257.0,-98.0,-107.0,79.0,18.0,373.0,-101.0,115.0,29.0
185.0,-342.0,-129.0,-143.0,121.0,-116.0,282.0,-192.0,86.0,-17.0
215.0,-477.0,-132.0,-217.0,135.0,-45.0,258.0,-125.0,64.0,-72.0
216.0,-458.0,-135.0,-166.0,69.0,-51.0,315.0,-153.0,28.0,-111.0
230.0,-401.0,-140.0,-58.0,42.0,-181.0,420.0,-36.0,-34.0,-155.0
225.0,-402.0,-135.0,2.0,-47.0,-273.0,509.0,-109.0,-62.0,-218.0
214.0,-403.0,-134.0,-20.0,-26.0,-227.0,416.0,-195.0,-76.0,-244.0
233.0,-369.0,-126.0,-123.0,36.0,-194.0,116.0,-64.0,-141.0,-254.0
230.0,-297.0,-119.0,-179.0,-55.0,-409.0,-241.0,-59.0,-173.0,-283.0
226.0,-366.0,-100.0,-229.0,-75.0,-525.0,-444.0,133.0,-182.0,-281.0
213.0,-444.0,-72.0,-204.0,-97.0,-438.0,-453.0,236.0,-211.0,-245.0
186.0,-295.0,-69.0,-128.0,-79.0,-364.0,-412.0,384.0,-225.0,-210.0
161.0,21.0,0.0,-84.0,-24.0,-532.0,-390.0,513.0,-242.0,-220.0
145.0,41.0,10.0,-5.0,-159.0,-598.0,-448.0,528.0,-253.0,-183.0
138.0,-79.0,-27.0,49.0,-151.0,-302.0,-483.0,593.0,-251.0,-118.0
128.0,-24.0,9.0,50.0,-4.0,-224.0,-545.0,450.0,-254.0,-109.0
115.0,110.0,12.0,49.0,-98.0,-244.0,-662.0,371.0,-260.0,-71.0
108.0,192.0,-12.0,81.0,-192.0,-175.0,-646.0,212.0,-242.0,-16.0
92.0,130.0,0.0,61.0,-127.0,-264.0,-434.0,101.0,-203.0,33.0
91.0,255.0,44.0,-46.0,-127.0,-627.0,-65.0,90.0,-144.0,73.0
68.0,455.0,65.0,-112.0,-191.0,-604.0,312.0,12.0,-98.0,79.0
56.0,767.0,103.0,-48.0,-186.0,-95.0,537.0,103.0,-80.0,86.0
62.0,973.0,106.0,14.0,-70.0,72.0,553.0,-14.0,-51.0,58.0
52.0,921.0,105.0,37.0,-46.0,108.0,554.0,-86.0,-13.0,-14.0
54.0,1099.0,122.0,72.0,-54.0,123.0,599.0,-55.0,46.0,-69.0
45.0,1080.0,55.0,107.0,-5.0,89.0,608.0,-22.0,112.0,-136.0
47.0,744.0,40.0,67.0,-24.0,-69.0,524.0,16.0,141.0,-226.0
34.0,292.0,30.0,13.0,94.0,-392.0,302.0,-203.0,161.0,-296.0
33.0,203.0,53.0,14.0,160.0,-465.0,115.0,-194.0,193.0,-351.0
34.0,332.0,102.0,38.0,45.0,-359.0,49.0,-81.0,213.0,-398.0
36.0,174.0,77.0,149.0,88.0,-150.0,-10.0,112.0,212.0,-465.0
37.0,58.0,85.0,197.0,181.0,-123.0,-144.0,351.0,208.0,-510.0
71.0,-193.0,51.0,179.0,153.0,-513.0,-311.0,421.0,206.0,-500.0
105.0,-425.0,33.0,162.0,62.0,-651.0,-473.0,545.0,215.0,-512.0
94.0,-832.0,58.0,121.0,10.0,-357.0,-575.0,509.0,225.0,-512.0
82.0,-1284.0,41.0,32.0,160.0,-136.0,-624.0,524.0,242.0,-463.0
53.0,-1372.0,67.0,-90.0,199.0,-149.0,-632.0,303.0,248.0,-392.0
75.0,-1373.0,95.0,-186.0,-57.0,-202.0,-511.0,-38.0,248.0,-330.0
54.0,-1294.0,123.0,-257.0,-67.0,-175.0,-253.0,-116.0,246.0,-265.0
38.0,-1146.0,98.0,-254.0,51.0,-127.0,-14.0,-223.0,237.0,-179.0
18.0,-957.0,55.0,-234.0,-96.0,-77.0,59.0,-64.0,230.0,-109.0
15.0,-589.0,95.0,-209.0,-90.0,-317.0,85.0,114.0,184.0,-44.0
36.0,-81.0,58.0,-262.0,-3.0,-494.0,165.0,277.0,129.0,16.0
22.0,-12.0,22.0,-287.0,-30.0,-169.0,277.0,402.0,93.0,58.0
30.0,94.0,32.0,-204.0,53.0,196.0,364.0,341.0,63.0,80.0
12.0,229.0,30.0,-56.0,-39.0,223.0,439.0,279.0,40.0,112.0
36.0,344.0,37.0,117.0,-116.0,36.0,479.0,75.0,16.0,175.0
1.0,669.0,50.0,152.0,65.0,64.0,388.0,-16.0,-7.0,223.0
-15.0,962.0,61.0,140.0,143.0,137.0,226.0,-144.0,-20.0,244.0
-17.0,1295.0,37.0,60.0,66.0,15.0,74.0,-190.0,-35.0,283.0
-27.0,1108.0,50.0,-79.0,-57.0,-81.0,47.0,-31.0,-27.0,355.0
7.0,1006.0,41.0,-180.0,-3.0,6.0,121.0,48.0,2.0,392.0
15.0,903.0,66.0,-186.0,161.0,68.0,101.0,223.0,0.0,394.0
27.0,591.0,109.0,-236.0,104.0,63.0,-42.0,273.0,-3.0,415.0
19.0,226.0,116.0,-261.0,-102.0,89.0,-182.0,434.0,-24.0,414.0
38.0,-288.0,136.0,-177.0,-56.0,117.0,-207.0,533.0,-55.0,368.0
38.0,-522.0,129.0,-214.0,103.0,179.0,-144.0,437.0,-53.0,311.0
47.0,-900.0,161.0,-190.0,18.0,96.0,-182.0,417.0,-65.0,263.0
61.0,-1024.0,174.0,-213.0,-53.0,-47.0,-305.0,169.0,-81.0,214.0
58.0,-894.0,179.0,-233.0,6.0,-83.0,-378.0,75.0,-105.0,147.0
44.0,-725.0,207.0,-152.0,95.0,146.0,-407.0,103.0,-80.0,107.0
48.0,-440.0,185.0,-55.0,46.0,-70.0,-308.0,210.0,-40.0,77.0
64.0,-308.0,191.0,76.0,-53.0,-506.0,-178.0,279.0,-53.0,8.0
45.0,-196.0,199.0,121.0,-61.0,-294.0,-8.0,177.0,-72.0,-58.0
47.0,-76.0,151.0,168.0,-141.0,-299.0,275.0,177.0,-89.0,-114.0
22.0,31.0,161.0,145.0,-108.0,-431.0,511.0,48.0,-92.0,-172.0
14.0,-119.0,174.0,58.0,-136.0,-290.0,583.0,145.0,-91.0,-258.0
4.0,-327.0,167.0,-4.0,-392.0,-95.0,542.0,208.0,-89.0,-337.0
-8.0,-330.0,132.0,3.0,-310.0,-125.0,550.0,153.0,-98.0,-386.0
-2.0,-159.0,116.0,44.0,-120.0,-235.0,562.0,232.0,-134.0,-452.0
12.0,-29.0,137.0,59.0,-285.0,-22.0,525.0,190.0,-174.0,-505.0
27.0,57.0,87.0,41.0,-361.0,97.0,429.0,308.0,-181.0,-554.0
9.0,240.0,107.0,-49.0,-309.0,33.0,293.0,190.0,-184.0,-610.0
-3.0,386.0,96.0,-71.0,-226.0,-215.0,135.0,-29.0,-229.0,-636.0
-11.0,651.0,58.0,-51.0,-84.0,-444.0,-40.0,33.0,-234.0,-638.0
-14.0,731.0,51.0,-33.0,-157.0,-397.0,-150.0,171.0,-204.0,-626.0
-23.0,710.0,16.0,-45.0,-97.0,-317.0,-145.0,251.0,-199.0,-630.0
-49.0,738.0,18.0,-99.0,167.0,-282.0,-45.0,72.0,-193.0,-613.0
-54.0,592.0,-6.0,-133.0,116.0,-338.0,19.0,66.0,-193.0,-546.0
-34.0,320.0,-18.0,-200.0,91.0,-300.0,56.0,7.0,-157.0,-482.0
-29.0,158.0,-30.0,-169.0,259.0,-32.0,191.0,-105.0,-100.0,-413.0
-34.0,445.0,-31.0,-134.0,223.0,179.0,407.0,-55.0,-59.0,-323.0
-80.0,474.0,-73.0,-154.0,212.0,485.0,451.0,-127.0,-2.0,-208.0
-93.0,270.0,-56.0,-85.0,215.0,866.0,300.0,166.0,41.0,-89.0
-92.0,230.0,-21.0,-96.0,178.0,836.0,94.0,526.0,53.0,-9.0
-112.0,164.0,-72.0,-98.0,240.0,702.0,-101.0,681.0,52.0,58.0
-129.0,195.0,-11.0,-16.0,256.0,649.0,-160.0,716.0,67.0,121.0
-154.0,54.0,-56.0,-45.0,227.0,464.0,-109.0,521.0,87.0,153.0
-124.0,-155.0,-69.0,-79.0,74.0,232.0,-121.0,266.0,72.0,151.0
-117.0,-372.0,2.0,-51.0,-13.0,192.0,-258.0,-131.0,53.0,142.0
-135.0,-513.0,-45.0,-14.0,82.0,189.0,-299.0,-201.0,52.0,113.0
-136.0,-544.0,-51.0,-24.0,-6.0,-24.0,-270.0,-20.0,59.0,66.0
-124.0,-654.0,-34.0,-96.0,-181.0,-35.0,-272.0,190.0,52.0,13.0
-120.0,-679.0,-49.0,-70.0,-78.0,-38.0,-298.0,341.0,20.0,-37.0
-108.0,-691.0,-56.0,-39.0,-60.0,-81.0,-330.0,144.0,-16.0,-79.0
-83.0,-659.0,-36.0,-27.0,-209.0,43.0,-302.0,33.0,-44.0,-134.0
-69.0,-461.0,-48.0,0.0,-175.0,169.0,-248.0,-51.0,-65.0,-181.0
-68.0,-56.0,-51.0,-60.0,-112.0,277.0,-79.0,-31.0,-100.0,-217.0
-59.0,374.0,-61.0,-114.0,-155.0,-77.0,168.0,11.0,-123.0,-258.0
-62.0,677.0,-80.0,-107.0,-269.0,-297.0,506.0,109.0,-119.0,-303.0
-101.0,839.0,-90.0,-48.0,-221.0,-214.0,825.0,412.0,-122.0,-344.0
-107.0,788.0,-109.0,-12.0,-99.0,-323.0,898.0,406.0,-119.0,-365.0
-102.0,644.0,-108.0,-25.0,-19.0,-347.0,830.0,286.0,-89.0,-396.0
-86.0,525.0,-119.0,-12.0,36.0,-371.0,810.0,96.0,-47.0,-429.0
-78.0,535.0,-92.0,-38.0,16.0,-42.0,888.0,31.0,-25.0,-438.0
-46.0,491.0,-84.0,-130.0,13.0,167.0,874.0,14.0,-35.0,-439.0
-28.0,239.0,-72.0,-135.0,55.0,69.0,663.0,-118.0,1.0,-422.0
-30.0,116.0,-63.0,-65.0,116.0,47.0,345.0,-133.0,62.0,-387.0
-24.0,147.0,-69.0,-1.0,97.0,139.0,91.0,-205.0,86.0,-329.0
-49.0,259.0,-37.0,44.0,185.0,609.0,-78.0,-157.0,122.0,-263.0
-56.0,292.0,-8.0,43.0,277.0,534.0,-282.0,-352.0,147.0,-190.0
-79.0,181.0,19.0,-12.0,241.0,142.0,-540.0,-578.0,136.0,-84.0
-85.0,-10.0,30.0,-100.0,180.0,91.0,-700.0,-485.0,138.0,-4.0
-101.0,-310.0,64.0,-193.0,191.0,179.0,-688.0,-358.0,148.0,44.0
-108.0,-418.0,102.0,-200.0,273.0,175.0,-676.0,5.0,142.0,102.0
-106.0,-485.0,112.0,-122.0,133.0,-127.0,-718.0,240.0,142.0,157.0
-121.0,-479.0,86.0,-112.0,-30.0,-155.0,-705.0,461.0,133.0,199.0
-131.0,-438.0,70.0,-88.0,-15.0,-90.0,-449.0,567.0,101.0,240.0
-129.0,-562.0,96.0,-64.0,108.0,-108.0,-84.0,367.0,71.0,288.0
-126.0,-683.0,77.0,-74.0,34.0,-79.0,209.0,201.0,8.0,320.0
-127.0,-616.0,93.0,-78.0,-165.0,18.0,476.0,49.0,-80.0,356.0
-123.0,-403.0,98.0,-86.0,-96.0,102.0,690.0,236.0,-134.0,377.0
-137.0,-306.0,60.0,-124.0,-40.0,-37.0,864.0,328.0,-164.0,370.0
-137.0,-117.0,72.0,-194.0,-60.0,-8.0,958.0,339.0,-201.0,337.0
-154.0,74.0,10.0,-214.0,-112.0,8.0,920.0,382.0,-221.0,290.0
-154.0,345.0,24.0,-283.0,-161.0,-109.0,816.0,179.0,-214.0,243.0
-166.0,525.0,89.0,-315.0,-79.0,-204.0,751.0,182.0,-205.0,165.0
-146.0,555.0,66.0,-279.0,41.0,-256.0,665.0,129.0,-194.0,78.0
-119.0,619.0,118.0,-190.0,72.0,-151.0,430.0,121.0,-173.0,-5.0
-147.0,521.0,140.0,-86.0,-43.0,-14.0,132.0,27.0,-148.0,-74.0
-139.0,464.0,103.0,-84.0,-48.0,87.0,-96.0,-208.0,-126.0,-117.0
-121.0,253.0,107.0,-93.0,-43.0,309.0,-274.0,-256.0,-116.0,-152.0
-88.0,152.0,150.0,-141.0,-96.0,689.0,-386.0,-367.0,-95.0,-161.0
-110.0,182.0,97.0,-134.0,-110.0,747.0,-445.0,-251.0,-63.0,-140.0
-115.0,80.0,23.0,-143.0,-73.0,373.0,-517.0,-194.0,-22.0,-99.0
-82.0,-67.0,67.0,-141.0,58.0,95.0,-550.0,-59.0,9.0,-38.0
-62.0,-82.0,83.0,-50.0,-24.0,164.0,-466.0,219.0,42.0,10.0
-71.0,245.0,87.0,-60.0,-165.0,150.0,-297.0,369.0,98.0,35.0
-93.0,397.0,82.0,-111.0,-91.0,-135.0,-206.0,582.0,114.0,59.0
-82.0,475.0,42.0,-186.0,39.0,-350.0,-162.0,443.0,133.0,78.0
-72.0,461.0,44.0,-189.0,-47.0,-290.0,-36.0,284.0,151.0,74.0
-69.0,375.0,29.0,-133.0,-130.0,1.0,158.0,110.0,157.0,29.0
-83.0,427.0,21.0,-69.0,-66.0,243.0,291.0,-96.0,147.0,-29.0
-88.0,236.0,49.0,7.0,-156.0,398.0,215.0,-84.0,98.0,-77.0
-99.0,-34.0,-27.0,84.0,-100.0,333.0,82.0,-188.0,71.0,-132.0
-89.0,-353.0,-70.0,154.0,-72.0,362.0,85.0,-145.0,26.0,-196.0
-106.0,-627.0,-73.0,138.0,-158.0,473.0,197.0,-118.0,-19.0,-258.0
-125.0,-695.0,-118.0,124.0,-26.0,187.0,288.0,-145.0,-40.0,-290.0
-149.0,-515.0,-106.0,158.0,9.0,-48.0,309.0,-203.0,-76.0,-295.0
-173.0,-237.0,-113.0,210.0,-38.0,-208.0,273.0,-271.0,-96.0,-301.0
-165.0,-159.0,-143.0,133.0,14.0,-195.0,225.0,-116.0,-94.0,-291.0
-162.0,-188.0,-165.0,-3.0,42.0,-90.0,186.0,-38.0,-93.0,-278.0
-144.0,-339.0,-181.0,-96.0,81.0,-118.0,149.0,210.0,-80.0,-302.0
-134.0,-366.0,-199.0,-176.0,91.0,-106.0,199.0,397.0,-74.0,-324.0
-111.0,-329.0,-208.0,-163.0,12.0,-164.0,348.0,371.0,-102.0,-318.0
-113.0,-358.0,-194.0,-156.0,66.0,-218.0,445.0,230.0,-124.0,-321.0
-101.0,-265.0,-213.0,-144.0,149.0,-300.0,352.0,-144.0,-141.0,-325.0
-105.0,-71.0,-233.0,-48.0,85.0,-279.0,215.0,-238.0,-164.0,-282.0
-84.0,125.0,-204.0,31.0,36.0,-86.0,95.0,-253.0,-191.0,-242.0
-65.0,196.0,-175.0,27.0,67.0,272.0,-65.0,-140.0,-210.0,-215.0
-57.0,332.0,-204.0,0.0,175.0,505.0,-178.0,62.0,-202.0,-161.0
-39.0,460.0,-178.0,-55.0,92.0,536.0,-321.0,96.0,-189.0,-101.0
-65.0,467.0,-136.0,-89.0,-54.0,532.0,-550.0,62.0,-168.0,-51.0
-78.0,380.0,-172.0,-43.0,18.0,254.0,-727.0,-140.0,-165.0,-19.0
-111.0,397.0,-164.0,-17.0,33.0,4.0,-716.0,-199.0,-168.0,44.0
-113.0,528.0,-123.0,-29.0,31.0,-33.0,-589.0,-221.0,-165.0,103.0
-124.0,496.0,-154.0,-37.0,-29.0,-5.0,-436.0,-7.0,-181.0,145.0
-112.0,424.0,-164.0,-39.0,-82.0,-230.0,-216.0,291.0,-183.0,202.0
-104.0,223.0,-117.0,-80.0,21.0,-302.0,88.0,347.0,-169.0,223.0
-117.0,127.0,-149.0,-89.0,73.0,-75.0,466.0,328.0,-160.0,225.0
-141.0,89.0,-95.0,-58.0,6.0,22.0,880.0,7.0,-141.0,222.0
-180.0,16.0,-29.0,-20.0,-69.0,179.0,1218.0,-96.0,-137.0,236.0
-187.0,-75.0,-64.0,61.0,68.0,133.0,1365.0,-77.0,-132.0,238.0
-212.0,-180.0,-20.0,121.0,87.0,125.0,1363.0,-77.0,-112.0,222.0
-198.0,-245.0,-36.0,78.0,-32.0,189.0,1236.0,48.0,-130.0,210.0
-190.0,-635.0,-34.0,11.0,-51.0,106.0,935.0,60.0,-115.0,211.0
-167.0,-496.0,23.0,69.0,-24.0,16.0,527.0,218.0,-64.0,214.0
-161.0,-270.0,38.0,98.0,5.0,42.0,176.0,158.0,-23.0,207.0
-143.0,-400.0,56.0,97.0,-141.0,347.0,-124.0,-9.0,18.0,217.0
-120.0,-205.0,81.0,118.0,-190.0,367.0,-437.0,-110.0,14.0,207.0
-105.0,-290.0,95.0,98.0,-215.0,162.0,-593.0,-153.0,7.0,202.0
-99.0,-456.0,56.0,76.0,-198.0,99.0,-592.0,25.0,4.0,207.0
-102.0,-496.0,72.0,-22.0,-31.0,123.0,-560.0,96.0,-3.0,187.0
-56.0,-540.0,42.0,-52.0,-168.0,98.0,-461.0,343.0,-1.0,150.0
-48.0,-704.0,15.0,-51.0,-185.0,-25.0,-278.0,445.0,-23.0,115.0
-30.0,-674.0,61.0,-62.0,-5.0,85.0,-187.0,288.0,-28.0,95.0
-43.0,-357.0,30.0,6.0,-98.0,185.0,-172.0,129.0,0.0,63.0
-34.0,-241.0,6.0,46.0,-107.0,33.0,-70.0,-194.0,20.0,26.0
-22.0,94.0,14.0,62.0,2.0,-91.0,99.0,-284.0,33.0,-11.0
-23.0,506.0,9.0,28.0,39.0,-246.0,296.0,-343.0,21.0,-32.0
-14.0,672.0,-23.0,-4.0,106.0,-420.0,475.0,-251.0,-4.0,-35.0
-24.0,747.0,-12.0,-14.0,114.0,-290.0,549.0,-40.0,-11.0,-37.0
-7.0,851.0,-42.0,-9.0,40.0,-110.0,447.0,92.0,-8.0,-22.0
-28.0,888.0,-39.0,40.0,182.0,-33.0,381.0,234.0,-2.0,-9.0
-30.0,828.0,-18.0,38.0,253.0,218.0,442.0,-123.0,-12.0,6.0
-45.0,639.0,-59.0,22.0,40.0,454.0,436.0,-487.0,-29.0,15.0
-38.0,406.0,-20.0,10.0,124.0,462.0,358.0,-654.0,-40.0,22.0
-23.0,359.0,-68.0,-55.0,203.0,409.0,233.0,-521.0,-25.0,14.0
-14.0,118.0,-120.0,-69.0,51.0,375.0,39.0,-232.0,-10.0,-21.0
1.0,1.0,-106.0,-71.0,77.0,139.0,-154.0,-269.0,-27.0,-36.0
-3.0,-59.0,-101.0,-80.0,54.0,-170.0,-326.0,-225.0,-45.0,-51.0
2.0,-326.0,-137.0,-19.0,-76.0,-248.0,-528.0,-299.0,-52.0,-53.0
-27.0,-344.0,-149.0,17.0,1.0,-204.0,-572.0,-230.0,-51.0,-36.0
-32.0,-565.0,-116.0,34.0,-71.0,-273.0,-399.0,-121.0,-63.0,-32.0
-37.0,-821.0,-118.0,56.0,-223.0,-376.0,-177.0,-84.0,-67.0,-32.0
-45.0,-811.0,-53.0,62.0,-120.0,-307.0,-43.0,116.0,-60.0,-35.0
-38.0,-730.0,-22.0,-21.0,-208.0,-169.0,49.0,101.0,-85.0,-59.0
-34.0,-639.0,-59.0,-20.0,-208.0,60.0,180.0,97.0,-98.0,-76.0
-29.0,-714.0,-50.0,58.0,-201.0,277.0,352.0,-64.0,-96.0,-93.0
-20.0,-667.0,-43.0,29.0,-272.0,217.0,620.0,-147.0,-90.0,-150.0
-30.0,-517.0,-21.0,-20.0,-69.0,81.0,729.0,-125.0,-79.0,-192.0
-35.0,-372.0,-8.0,-30.0,-116.0,121.0,634.0,-216.0,-102.0,-216.0
-14.0,-362.0,22.0,39.0,-212.0,146.0,509.0,-142.0,-127.0,-268.0
-5.0,-386.0,63.0,66.0,-66.0,-9.0,363.0,-236.0,-146.0,-320.0
5.0,-341.0,-10.0,113.0,-31.0,-179.0,258.0,-234.0,-191.0,-352.0
-17.0,-333.0,-28.0,129.0,-19.0,-246.0,313.0,-245.0,-238.0,-381.0
14.0,-94.0,-28.0,114.0,48.0,-242.0,481.0,-347.0,-268.0,-427.0
33.0,176.0,-37.0,127.0,42.0,-299.0,540.0,-321.0,-281.0,-456.0
17.0,342.0,-34.0,60.0,83.0,-341.0,455.0,-395.0,-287.0,-451.0
18.0,433.0,-70.0,20.0,136.0,-292.0,202.0,-347.0,-275.0,-450.0
4.0,569.0,-34.0,58.0,113.0,-245.0,-116.0,-371.0,-256.0,-443.0
37.0,586.0,-27.0,155.0,150.0,-319.0,-342.0,-256.0,-250.0,-390.0
36.0,614.0,-45.0,183.0,95.0,-483.0,-405.0,36.0,-239.0,-322.0
38.0,713.0,-42.0,211.0,68.0,-375.0,-465.0,208.0,-203.0,-276.0
27.0,427.0,-47.0,240.0,96.0,-162.0,-624.0,347.0,-175.0,-236.0
35.0,288.0,-26.0,224.0,-4.0,-188.0,-721.0,279.0,-179.0,-169.0
38.0,329.0,-11.0,210.0,-4.0,-253.0,-788.0,321.0,-148.0,-101.0
7.0,370.0,-32.0,162.0,10.0,-86.0,-716.0,140.0,-106.0,-70.0
-11.0,488.0,-2.0,103.0,42.0,62.0,-417.0,-184.0,-74.0,-28.0
-59.0,619.0,8.0,21.0,58.0,-124.0,0.0,-273.0,-37.0,10.0
-62.0,697.0,-1.0,24.0,-122.0,-169.0,422.0,-408.0,-19.0,42.0
-59.0,657.0,22.0,6.0,-96.0,10.0,757.0,-349.0,8.0,80.0
-27.0,661.0,41.0,-46.0,-17.0,-102.0,1012.0,-434.0,9.0,112.0
0.0,462.0,66.0,5.0,-156.0,-360.0,1173.0,-489.0,25.0,144.0
4.0,303.0,49.0,26.0,-58.0,-189.0,1186.0,-323.0,56.0,138.0
20.0,157.0,75.0,67.0,35.0,184.0,1121.0,-116.0,47.0,153.0
25.0,-261.0,78.0,179.0,23.0,143.0,1015.0,96.0,55.0,195.0
-3.0,-546.0,64.0,263.0,123.0,-80.0,632.0,51.0,62.0,206.0
-59.0,-674.0,81.0,251.0,54.0,-150.0,77.0,205.0,60.0,207.0
-71.0,-760.0,61.0,155.0,22.0,-121.0,-331.0,399.0,42.0,199.0
-83.0,-863.0,69.0,79.0,97.0,-175.0,-574.0,413.0,19.0,197.0
-65.0,-860.0,27.0,42.0,62.0,-348.0,-733.0,145.0,-24.0,185.0
-69.0,-836.0,17.0,33.0,24.0,-475.0,-789.0,-306.0,-69.0,166.0
-68.0,-880.0,46.0,58.0,148.0,-461.0,-709.0,-341.0,-91.0,164.0
-52.0,-771.0,28.0,53.0,217.0,-414.0,-596.0,-321.0,-86.0,174.0
-57.0,-551.0,31.0,-10.0,182.0,-554.0,-517.0,-338.0,-47.0,172.0
-75.0,-361.0,51.0,-41.0,126.0,-563.0,-551.0,-487.0,-35.0,179.0
-116.0,-177.0,25.0,-110.0,62.0,-403.0,-564.0,-607.0,-25.0,213.0
-100.0,181.0,6.0,-131.0,53.0,-305.0,-419.0,-384.0,-10.0,223.0
-116.0,346.0,6.0,-38.0,-91.0,-247.0,-251.0,-230.0,2.0,219.0
-111.0,407.0,-43.0,91.0,-135.0,-233.0,-186.0,-75.0,29.0,221.0
-105.0,491.0,-18.0,206.0,-73.0,-238.0,-185.0,18.0,59.0,229.0
-94.0,338.0,-47.0,211.0,69.0,-385.0,-161.0,249.0,89.0,211.0
-62.0,138.0,-62.0,258.0,39.0,-240.0,-64.0,428.0,104.0,173.0
-77.0,135.0,-21.0,283.0,-43.0,95.0,150.0,306.0,119.0,172.0
-41.0,232.0,-63.0,252.0,67.0,70.0,241.0,262.0,155.0,165.0
-37.0,-37.0,-22.0,269.0,-72.0,1.0,210.0,20.0,200.0,144.0
-16.0,46.0,13.0,215.0,-119.0,118.0,283.0,-92.0,221.0,158.0
-21.0,611.0,2.0,174.0,-191.0,184.0,344.0,-121.0,242.0,189.0
-7.0,834.0,25.0,180.0,-137.0,26.0,428.0,-282.0,281.0,204.0
38.0,768.0,25.0,160.0,33.0,-166.0,572.0,-351.0,306.0,215.0
41.0,697.0,16.0,169.0,19.0,-275.0,571.0,-423.0,283.0,239.0
58.0,709.0,13.0,190.0,1.0,-269.0,435.0,-256.0,282.0,288.0
63.0,495.0,16.0,194.0,-95.0,-246.0,420.0,-99.0,300.0,303.0
107.0,176.0,39.0,162.0,1.0,-279.0,500.0,79.0,282.0,294.0
100.0,-133.0,67.0,110.0,26.0,-392.0,442.0,166.0,271.0,306.0
105.0,-315.0,85.0,111.0,-52.0,-438.0,285.0,138.0,272.0,287.0
107.0,-307.0,80.0,104.0,-89.0,-249.0,102.0,195.0,270.0,241.0
112.0,-464.0,81.0,65.0,-48.0,-189.0,-231.0,29.0,244.0,179.0
129.0,-603.0,40.0,73.0,48.0,-148.0,-592.0,38.0,232.0,107.0
132.0,-672.0,11.0,66.0,15.0,-26.0,-613.0,7.0,214.0,42.0
154.0,-642.0,44.0,5.0,0.0,-55.0,-684.0,-77.0,168.0,-37.0
146.0,-468.0,-5.0,-49.0,66.0,-54.0,-1118.0,-88.0,142.0,-99.0
169.0,-530.0,1.0,-107.0,181.0,-131.0,-1082.0,-254.0,147.0,-128.0
149.0,-712.0,19.0,-170.0,53.0,-475.0,-656.0,-232.0,145.0,-191.0
151.0,-866.0,-5.0,-181.0,-46.0,-725.0,-577.0,-199.0,87.0,-252.0
127.0,-1039.0,38.0,-140.0,74.0,-502.0,-362.0,-86.0,52.0,-265.0
128.0,-1123.0,10.0,-76.0,74.0,-109.0,-23.0,-36.0,40.0,-300.0
125.0,-1088.0,23.0,10.0,60.0,-223.0,-19.0,-48.0,18.0,-341.0
84.0,-812.0,52.0,24.0,98.0,-448.0,169.0,83.0,10.0,-358.0
103.0,-521.0,5.0,18.0,86.0,-181.0,539.0,90.0,13.0,-352.0
73.0,-420.0,52.0,36.0,135.0,49.0,458.0,86.0,30.0,-340.0
98.0,-184.0,77.0,30.0,68.0,-33.0,314.0,-96.0,30.0,-319.0
80.0,343.0,46.0,45.0,-79.0,-143.0,566.0,-184.0,45.0,-259.0
80.0,580.0,39.0,-4.0,11.0,-56.0,727.0,-216.0,77.0,-192.0
58.0,733.0,16.0,-25.0,23.0,-194.0,469.0,-301.0,81.0,-84.0
29.0,1057.0,-27.0,-40.0,-30.0,-614.0,91.0,-129.0,80.0,41.0
54.0,1032.0,-40.0,-21.0,-121.0,-708.0,30.0,-97.0,92.0,168.0
21.0,1088.0,-31.0,60.0,-203.0,-763.0,77.0,36.0,86.0,299.0
43.0,1352.0,-52.0,98.0,-40.0,-732.0,-21.0,94.0,65.0,403.0
31.0,1509.0,-48.0,172.0,-7.0,-361.0,-48.0,-79.0,76.0,497.0
35.0,1179.0,-61.0,165.0,-133.0,-23.0,-16.0,-166.0,83.0,557.0
24.0,691.0,-76.0,162.0,-95.0,124.0,54.0,-299.0,79.0,598.0
-12.0,472.0,-82.0,152.0,-25.0,-59.0,262.0,-264.0,50.0,613.0
-37.0,360.0,-88.0,115.0,-14.0,-378.0,338.0,-304.0,0.0,629.0
-58.0,90.0,-83.0,112.0,-20.0,-519.0,-129.0,-236.0,-20.0,634.0
-42.0,-429.0,-82.0,107.0,-101.0,-567.0,-523.0,-27.0,-33.0,602.0
-36.0,-575.0,-39.0,55.0,-29.0,-786.0,-537.0,140.0,-47.0,565.0
-13.0,-922.0,-25.0,18.0,-35.0,-1118.0,-785.0,365.0,-44.0,488.0
-34.0,-1105.0,21.0,106.0,-125.0,-929.0,-958.0,240.0,-44.0,405.0
-28.0,-1005.0,69.0,100.0,3.0,-580.0,-837.0,155.0,-47.0,318.0
-18.0,-1029.0,72.0,105.0,14.0,-572.0,-626.0,57.0,-24.0,211.0
-13.0,-583.0,78.0,105.0,51.0,-493.0,-249.0,-105.0,-4.0,96.0
-21.0,-454.0,64.0,96.0,124.0,-248.0,163.0,-169.0,-4.0,-32.0
-52.0,-403.0,47.0,129.0,-41.0,23.0,447.0,-256.0,-12.0,-168.0
-32.0,-238.0,24.0,177.0,-133.0,28.0,824.0,-103.0,-29.0,-287.0
-37.0,-293.0,34.0,306.0,-46.0,-131.0,1149.0,-81.0,-5.0,-383.0
-47.0,-215.0,-7.0,296.0,-110.0,-165.0,911.0,-48.0,20.0,-481.0
-47.0,-156.0,-50.0,251.0,-129.0,-219.0,590.0,0.0,13.0,-557.0
-8.0,-84.0,-61.0,236.0,-13.0,-231.0,464.0,-33.0,27.0,-605.0
14.0,-5.0,-94.0,142.0,72.0,-25.0,158.0,59.0,49.0,-636.0
24.0,45.0,-121.0,104.0,202.0,-19.0,-51.0,48.0,70.0,-658.0
41.0,260.0,-121.0,141.0,122.0,-136.0,12.0,114.0,108.0,-649.0
47.0,383.0,-98.0,103.0,80.0,7.0,105.0,97.0,148.0,-635.0
63.0,504.0,-116.0,76.0,158.0,-50.0,240.0,90.0,159.0,-614.0
67.0,687.0,-74.0,36.0,133.0,-287.0,360.0,88.0,162.0,-566.0
97.0,496.0,-56.0,-30.0,61.0,-532.0,294.0,5.0,200.0,-520.0
105.0,413.0,-64.0,-17.0,-18.0,-562.0,257.0,169.0,229.0,-437.0
117.0,185.0,-24.0,-32.0,62.0,-308.0,166.0,254.0,241.0,-359.0
138.0,-94.0,3.0,58.0,62.0,-109.0,-101.0,271.0,240.0,-261.0
145.0,-4.0,34.0,99.0,-61.0,-79.0,-271.0,158.0,250.0,-142.0
164.0,-45.0,58.0,44.0,-78.0,-230.0,-598.0,-11.0,266.0,-44.0
171.0,229.0,87.0,39.0,-64.0,-217.0,-930.0,-55.0,281.0,64.0
176.0,290.0,115.0,-6.0,-80.0,-265.0,-979.0,-72.0,305.0,142.0
177.0,143.0,158.0,-57.0,-71.0,-470.0,-1016.0,88.0,306.0,198.0
169.0,155.0,133.0,-99.0,-126.0,-367.0,-888.0,-7.0,279.0,249.0
175.0,-161.0,136.0,-99.0,-54.0,-67.0,-647.0,-120.0,243.0,273.0
159.0,-165.0,158.0,-124.0,114.0,33.0,-241.0,-73.0,215.0,271.0
149.0,-274.0,129.0,-95.0,-61.0,-148.0,644.0,-64.0,157.0,247.0
176.0,-237.0,133.0,-88.0,-148.0,-328.0,1370.0,29.0,108.0,213.0
183.0,-14.0,115.0,-96.0,8.0,-345.0,1341.0,-182.0,88.0,175.0
185.0,-301.0,134.0,-27.0,-29.0,-309.0,1064.0,-273.0,54.0,117.0
170.0,-189.0,83.0,-14.0,-80.0,-262.0,748.0,-245.0,42.0,74.0
172.0,-121.0,84.0,20.0,-38.0,-81.0,237.0,-303.0,1.0,59.0
148.0,-45.0,106.0,47.0,-50.0,-136.0,-151.0,-269.0,-43.0,38.0
102.0,84.0,55.0,68.0,31.0,-367.0,-400.0,-236.0,-69.0,17.0
58.0,249.0,98.0,69.0,31.0,-269.0,-484.0,-33.0,-106.0,29.0
31.0,718.0,54.0,90.0,-67.0,-85.0,-445.0,-92.0,-110.0,73.0
39.0,659.0,54.0,231.0,9.0,77.0,-416.0,-175.0,-118.0,107.0
7.0,692.0,58.0,326.0,23.0,110.0,-152.0,-197.0,-128.0,145.0
14.0,697.0,25.0,339.0,-42.0,13.0,166.0,-210.0,-117.0,202.0
8.0,546.0,52.0,361.0,-58.0,191.0,191.0,92.0,-82.0,267.0
-6.0,434.0,45.0,356.0,-98.0,490.0,186.0,188.0,-15.0,319.0
-47.0,152.0,71.0,297.0,-53.0,348.0,346.0,219.0,31.0,349.0
-87.0,13.0,78.0,282.0,-53.0,33.0,226.0,186.0,55.0,388.0
-90.0,-130.0,117.0,245.0,-200.0,68.0,-62.0,166.0,80.0,424.0
-116.0,-111.0,95.0,162.0,-137.0,143.0,-213.0,169.0,106.0,457.0
-144.0,-69.0,74.0,73.0,-10.0,112.0,-384.0,-51.0,134.0,509.0
-166.0,-117.0,86.0,-38.0,-52.0,121.0,-455.0,-70.0,164.0,565.0
-139.0,-45.0,66.0,-83.0,-132.0,248.0,-359.0,-73.0,197.0,586.0
-139.0,-89.0,122.0,-100.0,-112.0,258.0,-191.0,-5.0,218.0,596.0
-145.0,-251.0,100.0,-60.0,122.0,110.0,-54.0,210.0,242.0,633.0
-158.0,-33.0,118.0,-5.0,160.0,64.0,193.0,336.0,272.0,645.0
-161.0,218.0,130.0,-19.0,58.0,-16.0,394.0,317.0,277.0,613.0
-159.0,377.0,82.0,-23.0,192.0,-110.0,352.0,83.0,238.0,572.0
-172.0,384.0,82.0,17.0,224.0,-10.0,296.0,-94.0,192.0,534.0
-181.0,191.0,40.0,53.0,112.0,217.0,255.0,-288.0,133.0,485.0
-174.0,235.0,23.0,6.0,81.0,129.0,164.0,-247.0,75.0,390.0
-125.0,15.0,4.0,31.0,37.0,-98.0,-179.0,-57.0,31.0,286.0
-114.0,-98.0,0.0,76.0,90.0,-123.0,-383.0,-55.0,-22.0,208.0
-86.0,-201.0,-15.0,55.0,114.0,-77.0,-218.0,101.0,-52.0,127.0
-92.0,-269.0,-50.0,5.0,-91.0,-56.0,-134.0,20.0,-82.0,47.0
-85.0,-133.0,-45.0,-49.0,-78.0,-83.0,-82.0,-97.0,-90.0,-14.0
-86.0,-195.0,-28.0,-76.0,54.0,-133.0,-46.0,51.0,-85.0,-53.0
-104.0,24.0,-15.0,-100.0,43.0,-182.0,-125.0,290.0,-117.0,-96.0
-83.0,141.0,0.0,-104.0,51.0,43.0,-129.0,533.0,-114.0,-115.0
-88.0,271.0,55.0,-110.0,-1.0,259.0,-115.0,448.0,-115.0,-81.0
-76.0,403.0,55.0,-133.0,40.0,346.0,-272.0,330.0,-128.0,-64.0
-80.0,391.0,88.0,-134.0,91.0,360.0,-283.0,136.0,-136.0,-56.0
-64.0,687.0,128.0,-107.0,11.0,216.0,-239.0,53.0,-136.0,-5.0
-61.0,772.0,108.0,-133.0,19.0,113.0,-493.0,20.0,-87.0,64.0
-69.0,630.0,126.0,-83.0,-15.0,31.0,-628.0,-214.0,-58.0,82.0
-79.0,499.0,122.0,-38.0,11.0,22.0,-542.0,-277.0,-37.0,74.0
-73.0,349.0,106.0,-57.0,114.0,-85.0,-420.0,-375.0,4.0,104.0
-71.0,363.0,78.0,-36.0,-16.0,27.0,-107.0,-299.0,51.0,124.0
-62.0,207.0,41.0,-56.0,-73.0,428.0,157.0,-258.0,94.0,121.0
-38.0,123.0,8.0,-75.0,16.0,465.0,331.0,-218.0,134.0,103.0
-36.0,327.0,-38.0,-115.0,-92.0,106.0,787.0,48.0,150.0,89.0
-2.0,259.0,-66.0,-108.0,-122.0,-173.0,1140.0,149.0,152.0,52.0
-19.0,22.0,-74.0,-69.0,-41.0,-34.0,943.0,291.0,174.0,0.0
-27.0,-198.0,-103.0,-59.0,-16.0,68.0,548.0,389.0,188.0,-35.0
-19.0,-196.0,-104.0,-35.0,115.0,114.0,235.0,563.0,232.0,-83.0
-4.0,-95.0,-75.0,0.0,143.0,275.0,-167.0,556.0,260.0,-128.0
6.0,-135.0,-68.0,3.0,109.0,313.0,-540.0,352.0,271.0,-167.0
13.0,-120.0,-49.0,-34.0,181.0,509.0,-709.0,286.0,291.0,-186.0
52.0,-142.0,-38.0,-27.0,107.0,610.0,-831.0,-33.0,292.0,-215.0
81.0,-214.0,-64.0,-16.0,55.0,283.0,-813.0,-282.0,292.0,-249.0
91.0,-306.0,-73.0,48.0,132.0,6.0,-550.0,-365.0,249.0,-237.0
57.0,-460.0,-61.0,102.0,105.0,-36.0,-278.0,-173.0,229.0,-221.0
47.0,-447.0,-110.0,83.0,126.0,-198.0,-251.0,175.0,205.0,-209.0
44.0,-362.0,-104.0,14.0,144.0,-414.0,-313.0,290.0,144.0,-191.0
47.0,-334.0,-123.0,-87.0,88.0,-271.0,-369.0,430.0,83.0,-141.0
26.0,-81.0,-159.0,-96.0,88.0,-167.0,-595.0,321.0,27.0,-59.0
9.0,-28.0,-66.0,-123.0,29.0,-188.0,-844.0,151.0,12.0,3.0
-5.0,-85.0,-67.0,-201.0,-28.0,154.0,-866.0,20.0,-24.0,75.0
-40.0,-143.0,-91.0,-229.0,-93.0,530.0,-718.0,-33.0,-66.0,148.0
-72.0,-316.0,-81.0,-232.0,-159.0,580.0,-584.0,129.0,-94.0,191.0
-97.0,-233.0,-94.0,-223.0,-99.0,454.0,-300.0,121.0,-121.0,232.0
-95.0,-138.0,-35.0,-159.0,-30.0,406.0,112.0,188.0,-136.0,254.0
-141.0,38.0,35.0,-125.0,-82.0,389.0,435.0,3.0,-141.0,265.0
-139.0,-91.0,58.0,-179.0,-28.0,203.0,813.0,-138.0,-123.0,272.0
-144.0,-29.0,70.0,-166.0,52.0,291.0,1152.0,84.0,-128.0,282.0
-151.0,299.0,92.0,-166.0,-51.0,636.0,1161.0,169.0,-125.0,320.0
-162.0,-58.0,80.0,-142.0,-110.0,652.0,1057.0,234.0,-97.0,339.0
-180.0,-246.0,54.0,-24.0,-166.0,524.0,923.0,62.0,-106.0,338.0
-153.0,-304.0,80.0,-11.0,-87.0,411.0,463.0,5.0,-121.0,326.0
-164.0,-537.0,107.0,1.0,6.0,229.0,-17.0,77.0,-121.0,307.0
-145.0,-632.0,66.0,41.0,-63.0,177.0,-241.0,97.0,-125.0,286.0
-144.0,-587.0,52.0,85.0,-44.0,262.0,-443.0,133.0,-123.0,262.0
-116.0,-517.0,56.0,135.0,-20.0,296.0,-565.0,48.0,-126.0,261.0
-86.0,-438.0,29.0,81.0,82.0,323.0,-447.0,162.0,-114.0,274.0
-83.0,-74.0,36.0,35.0,122.0,400.0,-317.0,179.0,-99.0,306.0
-80.0,124.0,33.0,62.0,-29.0,335.0,-278.0,208.0,-101.0,364.0
-85.0,92.0,42.0,102.0,1.0,294.0,-245.0,275.0,-73.0,385.0
-61.0,310.0,73.0,82.0,147.0,406.0,-249.0,240.0,-45.0,370.0
-45.0,522.0,116.0,27.0,121.0,395.0,-297.0,173.0,-11.0,359.0
-22.0,480.0,116.0,-27.0,56.0,367.0,-488.0,-155.0,46.0,348.0
-17.0,573.0,84.0,-57.0,70.0,469.0,-629.0,-354.0,97.0,306.0
32.0,639.0,103.0,-17.0,81.0,455.0,-635.0,-517.0,144.0,224.0
51.0,434.0,54.0,32.0,56.0,236.0,-604.0,-402.0,175.0,143.0
52.0,245.0,21.0,103.0,-57.0,233.0,-430.0,158.0,190.0,82.0
88.0,10.0,50.0,107.0,-99.0,576.0,-229.0,576.0,190.0,36.0
111.0,-119.0,30.0,33.0,-43.0,722.0,-29.0,790.0,179.0,-24.0
143.0,-159.0,8.0,-11.0,-95.0,568.0,227.0,726.0,165.0,-68.0
148.0,-165.0,18.0,-35.0,-129.0,555.0,411.0,716.0,153.0,-83.0
178.0,-215.0,-1.0,-8.0,-69.0,719.0,484.0,678.0,119.0,-99.0
186.0,-451.0,-26.0,7.0,89.0,559.0,595.0,497.0,70.0,-114.0
208.0,-640.0,-7.0,-59.0,170.0,256.0,647.0,275.0,40.0,-149.0
209.0,-945.0,-40.0,-128.0,107.0,194.0,511.0,-136.0,21.0,-174.0
215.0,-955.0,-68.0,-145.0,142.0,151.0,272.0,-319.0,-12.0,-192.0
229.0,-690.0,-78.0,-117.0,133.0,440.0,26.0,-480.0,-59.0,-198.0
208.0,-529.0,-109.0,-65.0,187.0,740.0,-126.0,-478.0,-80.0,-179.0
192.0,-198.0,-141.0,3.0,192.0,661.0,-85.0,-256.0,-97.0,-179.0
168.0,154.0,-212.0,81.0,23.0,592.0,109.0,-64.0,-112.0,-143.0
177.0,419.0,-226.0,96.0,207.0,477.0,215.0,299.0,-104.0,-67.0
145.0,429.0,-227.0,80.0,358.0,483.0,188.0,321.0,-116.0,7.0
131.0,377.0,-235.0,80.0,168.0,614.0,65.0,254.0,-118.0,70.0
134.0,240.0,-228.0,66.0,124.0,676.0,-107.0,291.0,-66.0,125.0
165.0,-29.0,-259.0,59.0,99.0,532.0,-261.0,369.0,-27.0,186.0
170.0,-6.0,-262.0,63.0,27.0,300.0,-436.0,388.0,9.0,218.0
136.0,109.0,-274.0,72.0,-18.0,327.0,-652.0,110.0,32.0,213.0
127.0,159.0,-225.0,121.0,-164.0,488.0,-853.0,-12.0,17.0,167.0
132.0,291.0,-222.0,78.0,-104.0,397.0,-915.0,-171.0,14.0,117.0
143.0,522.0,-220.0,-69.0,0.0,161.0,-852.0,-169.0,12.0,46.0
108.0,411.0,-163.0,-99.0,-151.0,309.0,-635.0,-92.0,16.0,-48.0
107.0,295.0,-198.0,-110.0,-166.0,518.0,-305.0,-84.0,4.0,-130.0
86.0,351.0,-156.0,-163.0,-142.0,421.0,6.0,101.0,-2.0,-220.0
97.0,240.0,-153.0,-198.0,-190.0,250.0,240.0,75.0,8.0,-264.0
86.0,202.0,-132.0,-224.0,-74.0,293.0,319.0,79.0,9.0,-288.0
85.0,-56.0,-96.0,-192.0,-121.0,452.0,320.0,31.0,22.0,-279.0
85.0,-156.0,-86.0,-153.0,-134.0,505.0,389.0,97.0,10.0,-214.0
74.0,-266.0,-27.0,-116.0,68.0,463.0,495.0,317.0,-14.0,-147.0
97.0,-540.0,-45.0,1.0,62.0,177.0,455.0,352.0,-22.0,-94.0
84.0,-582.0,-40.0,128.0,16.0,-85.0,289.0,413.0,-20.0,-33.0
121.0,-606.0,-26.0,184.0,-32.0,-175.0,131.0,221.0,-22.0,33.0
107.0,-327.0,9.0,232.0,-27.0,-147.0,100.0,162.0,-47.0,53.0
131.0,-228.0,9.0,234.0,74.0,69.0,79.0,186.0,-39.0,75.0
126.0,-27.0,-4.0,225.0,-41.0,246.0,-79.0,36.0,-21.0,106.0
108.0,105.0,2.0,154.0,-94.0,367.0,-183.0,-20.0,-30.0,113.0
100.0,-251.0,14.0,65.0,27.0,565.0,-306.0,-179.0,-32.0,95.0
72.0,-209.0,62.0,100.0,37.0,675.0,-507.0,-140.0,-23.0,57.0
89.0,-89.0,16.0,115.0,63.0,536.0,-641.0,-92.0,-11.0,21.0
53.0,-18.0,32.0,159.0,93.0,227.0,-624.0,-24.0,-25.0,-33.0
52.0,55.0,66.0,186.0,72.0,62.0,-545.0,157.0,-50.0,-103.0
26.0,332.0,55.0,125.0,161.0,206.0,-582.0,221.0,-67.0,-146.0
26.0,659.0,90.0,73.0,105.0,269.0,-640.0,354.0,-81.0,-160.0
19.0,587.0,109.0,-39.0,-62.0,171.0,-554.0,216.0,-79.0,-147.0
-12.0,433.0,165.0,-152.0,-72.0,221.0,-328.0,114.0,-88.0,-122.0
-38.0,142.0,188.0,-148.0,-29.0,310.0,-148.0,177.0,-90.0,-112.0
-32.0,-126.0,209.0,-13.0,-34.0,270.0,-105.0,221.0,-100.0,-99.0
-8.0,-260.0,272.0,93.0,-195.0,221.0,-51.0,284.0,-126.0,-105.0
-24.0,-394.0,260.0,124.0,-243.0,158.0,138.0,158.0,-129.0,-129.0
-22.0,-679.0,281.0,155.0,-64.0,31.0,370.0,131.0,-130.0,-137.0
-5.0,-859.0,318.0,144.0,-41.0,193.0,561.0,68.0,-131.0,-153.0
25.0,-767.0,325.0,131.0,-167.0,440.0,617.0,118.0,-150.0,-172.0
12.0,-607.0,368.0,149.0,-198.0,364.0,550.0,177.0,-208.0,-149.0
46.0,-447.0,337.0,180.0,-172.0,132.0,525.0,11.0,-253.0,-113.0
40.0,-384.0,284.0,145.0,-180.0,0.0,485.0,-20.0,-279.0,-108.0
48.0,-226.0,291.0,56.0,-153.0,33.0,424.0,-31.0,-286.0,-104.0
55.0,-43.0,271.0,-58.0,-119.0,-80.0,297.0,121.0,-265.0,-102.0
53.0,154.0,249.0,-117.0,-60.0,-169.0,100.0,181.0,-241.0,-87.0
85.0,146.0,245.0,-102.0,87.0,-39.0,-29.0,181.0,-200.0,-91.0
48.0,209.0,176.0,-126.0,45.0,149.0,-68.0,243.0,-143.0,-97.0
79.0,402.0,123.0,-84.0,-133.0,169.0,-91.0,175.0,-84.0,-68.0
62.0,367.0,149.0,-53.0,-147.0,27.0,-129.0,136.0,-14.0,-50.0
77.0,533.0,97.0,-59.0,-85.0,73.0,-119.0,-25.0,66.0,-26.0
62.0,469.0,13.0,-96.0,-37.0,293.0,-232.0,64.0,135.0,10.0
23.0,220.0,65.0,-166.0,-79.0,474.0,-467.0,225.0,209.0,25.0
14.0,59.0,27.0,-173.0,-34.0,356.0,-739.0,168.0,288.0,3.0
-19.0,-70.0,-58.0,-171.0,150.0,360.0,-1045.0,57.0,346.0,-24.0
-7.0,-128.0,3.0,-239.0,161.0,583.0,-1253.0,-144.0,384.0,-46.0
-33.0,-137.0,-45.0,-303.0,41.0,440.0,-1336.0,-29.0,378.0,-70.0
-37.0,81.0,-12.0,-258.0,39.0,10.0,-1376.0,79.0,380.0,-117.0
-47.0,174.0,28.0,-217.0,85.0,-340.0,-1360.0,155.0,377.0,-168.0
-30.0,259.0,-2.0,-141.0,27.0,-367.0,-1158.0,303.0,331.0,-202.0
-8.0,422.0,38.0,-90.0,18.0,-108.0,-790.0,299.0,289.0,-238.0
1.0,443.0,6.0,0.0,-3.0,31.0,-415.0,397.0,249.0,-265.0
4.0,421.0,23.0,134.0,-66.0,-104.0,-53.0,208.0,215.0,-294.0
9.0,411.0,0.0,134.0,-9.0,-108.0,306.0,-18.0,172.0,-283.0
30.0,440.0,-23.0,104.0,-8.0,242.0,570.0,-151.0,121.0,-268.0
28.0,375.0,-27.0,69.0,-67.0,637.0,813.0,-264.0,55.0,-246.0
34.0,301.0,-38.0,100.0,-72.0,578.0,924.0,-151.0,-19.0,-192.0
24.0,355.0,-36.0,107.0,-126.0,350.0,872.0,-184.0,-88.0,-157.0
34.0,344.0,-34.0,37.0,-157.0,303.0,819.0,68.0,-159.0,-114.0
28.0,259.0,-72.0,35.0,-149.0,217.0,660.0,258.0,-207.0,-80.0
39.0,262.0,-92.0,30.0,-124.0,-1.0,479.0,168.0,-245.0,-32.0
17.0,242.0,-93.0,21.0,-52.0,-133.0,262.0,90.0,-236.0,2.0
10.0,82.0,-151.0,35.0,-63.0,-80.0,91.0,-86.0,-224.0,15.0
29.0,-117.0,-111.0,41.0,-115.0,-179.0,150.0,5.0,-233.0,37.0
28.0,-220.0,-83.0,62.0,-64.0,-151.0,344.0,33.0,-224.0,53.0
35.0,-357.0,-48.0,22.0,5.0,86.0,429.0,73.0,-232.0,83.0
0.0,-594.0,-43.0,-16.0,-31.0,206.0,341.0,121.0,-212.0,86.0
0.0,-651.0,-35.0,-5.0,-13.0,251.0,300.0,190.0,-179.0,102.0
-12.0,-597.0,-24.0,6.0,59.0,346.0,272.0,314.0,-157.0,137.0
-23.0,-693.0,-74.0,22.0,105.0,235.0,205.0,94.0,-151.0,159.0
-34.0,-889.0,-74.0,14.0,85.0,-31.0,0.0,-77.0,-141.0,173.0
-40.0,-964.0,-60.0,-10.0,-4.0,-125.0,-288.0,-260.0,-117.0,153.0
-29.0,-683.0,-86.0,-31.0,138.0,-230.0,-511.0,-254.0,-100.0,133.0
-26.0,-362.0,-97.0,-14.0,223.0,-238.0,-691.0,-149.0,-72.0,78.0
-11.0,-270.0,-47.0,13.0,48.0,-169.0,-846.0,-175.0,-91.0,-15.0
-26.0,-175.0,-72.0,31.0,66.0,-79.0,-968.0,99.0,-110.0,-92.0
-32.0,-47.0,-44.0,29.0,120.0,-93.0,-952.0,371.0,-105.0,-187.0
-50.0,97.0,-7.0,17.0,122.0,-64.0,-808.0,567.0,-115.0,-277.0
-58.0,108.0,-44.0,29.0,201.0,49.0,-539.0,533.0,-114.0,-344.0
-79.0,-29.0,-16.0,18.0,65.0,25.0,-230.0,286.0,-141.0,-386.0
-76.0,-133.0,18.0,-58.0,-69.0,194.0,98.0,40.0,-149.0,-400.0
-56.0,-107.0,37.0,-151.0,46.0,292.0,432.0,-121.0,-149.0,-415.0
-49.0,136.0,28.0,-211.0,125.0,150.0,661.0,-46.0,-188.0,-403.0
-11.0,443.0,2.0,-207.0,-4.0,-177.0,672.0,-81.0,-221.0,-389.0
-22.0,653.0,-14.0,-200.0,-117.0,-291.0,493.0,-57.0,-238.0,-369.0
-17.0,585.0,-61.0,-206.0,-43.0,-75.0,383.0,-79.0,-226.0,-321.0
-1.0,414.0,-59.0,-199.0,5.0,-230.0,292.0,-168.0,-213.0,-264.0
15.0,329.0,-7.0,-269.0,-52.0,-544.0,183.0,-66.0,-197.0,-214.0
30.0,254.0,-17.0,-247.0,-68.0,-597.0,115.0,-70.0,-187.0,-179.0
60.0,270.0,-5.0,-167.0,-15.0,-271.0,121.0,83.0,-196.0,-145.0
104.0,197.0,11.0,-148.0,18.0,118.0,193.0,192.0,-187.0,-107.0
108.0,120.0,0.0,-129.0,69.0,227.0,216.0,282.0,-186.0,-76.0
136.0,145.0,17.0,-151.0,43.0,185.0,148.0,325.0,-191.0,-82.0
143.0,216.0,64.0,-144.0,21.0,129.0,34.0,86.0,-171.0,-71.0
162.0,300.0,67.0,-155.0,157.0,210.0,-78.0,29.0,-142.0,-47.0
171.0,288.0,51.0,-128.0,144.0,73.0,-325.0,-40.0,-71.0,-50.0
181.0,219.0,118.0,-96.0,55.0,-163.0,-702.0,-70.0,-3.0,-28.0
199.0,19.0,113.0,-66.0,59.0,-39.0,-1039.0,-218.0,-12.0,21.0
191.0,-108.0,96.0,41.0,6.0,152.0,-1165.0,-400.0,7.0,82.0
185.0,-104.0,118.0,28.0,64.0,255.0,-1086.0,-413.0,17.0,134.0
168.0,-66.0,102.0,10.0,32.0,191.0,-849.0,-535.0,-9.0,191.0
168.0,-109.0,131.0,48.0,-148.0,-58.0,-487.0,-419.0,-9.0,261.0
160.0,-300.0,141.0,72.0,17.0,-210.0,-104.0,-410.0,-24.0,303.0
149.0,-470.0,139.0,61.0,99.0,-17.0,378.0,-356.0,-40.0,319.0
142.0,-578.0,136.0,48.0,-111.0,244.0,820.0,-182.0,-27.0,330.0
146.0,-364.0,117.0,140.0,-63.0,124.0,900.0,-227.0,-2.0,330.0
149.0,-119.0,94.0,169.0,71.0,-39.0,677.0,-68.0,21.0,321.0
160.0,1.0,78.0,132.0,80.0,191.0,456.0,129.0,32.0,314.0
157.0,155.0,42.0,94.0,64.0,386.0,264.0,467.0,31.0,303.0
153.0,256.0,3.0,60.0,-17.0,183.0,43.0,678.0,53.0,281.0
166.0,359.0,15.0,39.0,55.0,93.0,-110.0,524.0,74.0,251.0
155.0,399.0,-26.0,23.0,118.0,247.0,-99.0,338.0,78.0,250.0
137.0,628.0,-48.0,-12.0,-1.0,181.0,42.0,-9.0,83.0,247.0
111.0,704.0,-48.0,-25.0,-8.0,-48.0,269.0,-251.0,98.0,224.0
110.0,657.0,-90.0,45.0,-56.0,-79.0,576.0,-402.0,99.0,193.0
93.0,618.0,-75.0,58.0,-90.0,8.0,868.0,-360.0,74.0,181.0
102.0,427.0,-103.0,46.0,-99.0,-34.0,1204.0,-199.0,45.0,179.0
89.0,456.0,-119.0,50.0,-234.0,-13.0,1402.0,-112.0,0.0,131.0
73.0,381.0,-87.0,32.0,-271.0,203.0,1286.0,49.0,-36.0,89.0
75.0,267.0,-134.0,-21.0,-164.0,179.0,916.0,5.0,-59.0,45.0
57.0,180.0,-115.0,-43.0,-90.0,-199.0,420.0,133.0,-55.0,-1.0
55.0,202.0,-84.0,-63.0,-174.0,-490.0,-19.0,194.0,-75.0,-67.0
1.0,159.0,-97.0,-97.0,-167.0,-487.0,-327.0,9.0,-116.0,-165.0
-21.0,-40.0,-84.0,-94.0,39.0,-395.0,-439.0,-12.0,-132.0,-221.0
-31.0,-15.0,-94.0,-121.0,162.0,-488.0,-591.0,22.0,-157.0,-281.0
-30.0,-252.0,-130.0,-136.0,36.0,-488.0,-782.0,203.0,-192.0,-343.0
-31.0,-446.0,-136.0,-136.0,-15.0,-100.0,-778.0,145.0,-232.0,-359.0
-42.0,-448.0,-122.0,-86.0,154.0,215.0,-620.0,46.0,-232.0,-360.0
-34.0,-440.0,-150.0,-25.0,184.0,117.0,-439.0,35.0,-213.0,-338.0
-23.0,-343.0,-92.0,54.0,127.0,83.0,-289.0,38.0,-177.0,-280.0
-4.0,-203.0,-59.0,100.0,9.0,386.0,-287.0,181.0,-128.0,-196.0
5.0,-276.0,-87.0,79.0,67.0,614.0,-502.0,121.0,-83.0,-109.0
16.0,-494.0,-13.0,81.0,245.0,359.0,-807.0,181.0,-42.0,-39.0
12.0,-452.0,-19.0,80.0,76.0,17.0,-1054.0,138.0,-33.0,22.0
22.0,-650.0,-73.0,107.0,-71.0,131.0,-1081.0,-12.0,12.0,54.0
32.0,-775.0,-57.0,89.0,-56.0,55.0,-969.0,-109.0,57.0,41.0
40.0,-755.0,-117.0,3.0,0.0,-177.0,-741.0,-192.0,77.0,-16.0
32.0,-678.0,-116.0,-69.0,-35.0,-128.0,-372.0,-3.0,128.0,-92.0
42.0,-439.0,-40.0,-99.0,-108.0,-129.0,122.0,57.0,168.0,-160.0
52.0,-165.0,-54.0,-121.0,-52.0,-110.0,712.0,66.0,176.0,-237.0
49.0,172.0,-48.0,-113.0,99.0,43.0,1166.0,-38.0,191.0,-293.0
47.0,147.0,-85.0,-92.0,188.0,250.0,1377.0,-145.0,208.0,-295.0
29.0,400.0,-129.0,-108.0,-55.0,173.0,1361.0,-145.0,217.0,-268.0
25.0,645.0,-96.0,-66.0,-94.0,41.0,1227.0,-125.0,216.0,-233.0
0.0,496.0,-114.0,-22.0,84.0,81.0,1004.0,230.0,197.0,-165.0
-3.0,537.0,-125.0,44.0,97.0,87.0,778.0,378.0,198.0,-112.0
-23.0,488.0,-77.0,159.0,-8.0,116.0,568.0,349.0,182.0,-110.0
-49.0,199.0,-57.0,174.0,-53.0,-45.0,394.0,234.0,162.0,-119.0
-58.0,-182.0,-9.0,200.0,112.0,-206.0,299.0,-40.0,142.0,-157.0
-55.0,-296.0,15.0,217.0,99.0,-208.0,222.0,-199.0,77.0,-217.0
-57.0,-191.0,12.0,169.0,-39.0,-118.0,155.0,-397.0,27.0,-278.0
-103.0,62.0,39.0,174.0,-139.0,-72.0,48.0,-341.0,-12.0,-330.0
-112.0,407.0,17.0,104.0,-43.0,-135.0,-10.0,-216.0,-40.0,-357.0
-105.0,564.0,6.0,-16.0,72.0,64.0,-145.0,-96.0,-76.0,-350.0
-97.0,400.0,34.0,-114.0,-16.0,299.0,-464.0,-3.0,-121.0,-317.0
-97.0,227.0,23.0,-168.0,-86.0,404.0,-867.0,-110.0,-142.0,-244.0
-113.0,424.0,32.0,-159.0,-107.0,452.0,-1207.0,-44.0,-169.0,-144.0
-120.0,473.0,92.0,-231.0,59.0,396.0,-1394.0,-70.0,-188.0,-50.0
-122.0,299.0,81.0,-245.0,35.0,230.0,-1559.0,-31.0,-223.0,73.0
-131.0,277.0,118.0,-206.0,-224.0,229.0,-1655.0,-18.0,-222.0,187.0
-118.0,265.0,163.0,-235.0,-184.0,456.0,-1508.0,-97.0,-204.0,264.0
-89.0,64.0,151.0,-231.0,-15.0,130.0,-1135.0,81.0,-169.0,322.0
-47.0,-64.0,201.0,-179.0,-48.0,-398.0,-763.0,49.0,-112.0,342.0
5.0,-224.0,128.0,-120.0,-97.0,-419.0,-400.0,173.0,-84.0,335.0
31.0,-564.0,103.0,-93.0,-61.0,-279.0,-62.0,341.0,-20.0,293.0
33.0,-659.0,155.0,0.0,18.0,-300.0,236.0,423.0,30.0,222.0
67.0,-743.0,62.0,89.0,60.0,-409.0,592.0,628.0,70.0,166.0
131.0,-836.0,57.0,139.0,-39.0,-350.0,898.0,530.0,117.0,111.0
175.0,-768.0,73.0,148.0,-66.0,-162.0,1070.0,349.0,116.0,31.0
210.0,-598.0,-28.0,120.0,3.0,-40.0,1033.0,51.0,122.0,-48.0
223.0,-350.0,-89.0,159.0,81.0,-38.0,958.0,-144.0,150.0,-107.0
236.0,-266.0,-37.0,166.0,52.0,91.0,871.0,-356.0,166.0,-156.0
230.0,-144.0,-35.0,179.0,-82.0,227.0,687.0,-663.0,143.0,-204.0
221.0,-163.0,-95.0,146.0,-39.0,108.0,515.0,-624.0,110.0,-230.0
221.0,-112.0,-87.0,34.0,56.0,-4.0,359.0,-541.0,110.0,-246.0
218.0,63.0,-154.0,-24.0,-60.0,-71.0,303.0,-378.0,104.0,-280.0
212.0,62.0,-150.0,-100.0,-134.0,-115.0,374.0,-299.0,81.0,-290.0
176.0,444.0,-160.0,-168.0,-13.0,-360.0,346.0,-171.0,48.0,-292.0
155.0,560.0,-193.0,-168.0,95.0,-665.0,48.0,-60.0,1.0,-327.0
109.0,591.0,-147.0,-145.0,105.0,-391.0,-372.0,-192.0,-20.0,-357.0
52.0,750.0,-195.0,-114.0,-31.0,-102.0,-734.0,-109.0,-52.0,-351.0
7.0,512.0,-149.0,-92.0,-51.0,-266.0,-934.0,-40.0,-47.0,-328.0
-17.0,437.0,-184.0,-73.0,92.0,-223.0,-1035.0,31.0,-17.0,-319.0
-54.0,335.0,-190.0,-121.0,-22.0,95.0,-1159.0,-22.0,-15.0,-306.0
-109.0,337.0,-186.0,-194.0,-201.0,221.0,-1191.0,-214.0,4.0,-283.0
-131.0,256.0,-233.0,-249.0,-55.0,118.0,-952.0,-284.0,20.0,-276.0
-152.0,35.0,-141.0,-359.0,135.0,227.0,-663.0,-493.0,36.0,-275.0
-181.0,-147.0,-160.0,-435.0,134.0,411.0,-542.0,-602.0,60.0,-282.0
-234.0,-387.0,-133.0,-442.0,90.0,217.0,-253.0,-702.0,112.0,-273.0
-270.0,-313.0,-121.0,-401.0,69.0,108.0,175.0,-622.0,175.0,-282.0
-272.0,-439.0,-107.0,-395.0,95.0,161.0,462.0,-362.0,217.0,-302.0
-283.0,-586.0,-70.0,-362.0,44.0,89.0,598.0,-145.0,238.0,-274.0
-297.0,-467.0,-61.0,-275.0,-151.0,-5.0,608.0,177.0,241.0,-262.0
-296.0,-276.0,0.0,-283.0,-157.0,-85.0,550.0,206.0,251.0,-239.0
-293.0,44.0,-17.0,-280.0,-18.0,-139.0,440.0,236.0,235.0,-189.0
-272.0,264.0,-27.0,-280.0,-27.0,-228.0,276.0,199.0,214.0,-117.0
-240.0,202.0,-54.0,-325.0,-80.0,-232.0,179.0,81.0,190.0,-47.0
-216.0,123.0,-79.0,-336.0,-94.0,-132.0,302.0,116.0,183.0,-1.0
-200.0,290.0,-112.0,-258.0,-23.0,-71.0,400.0,72.0,173.0,57.0
-193.0,218.0,-119.0,-149.0,11.0,-54.0,277.0,110.0,128.0,90.0
-179.0,33.0,-98.0,-136.0,-85.0,8.0,63.0,-44.0,87.0,91.0
-154.0,-84.0,-92.0,-155.0,-116.0,146.0,-144.0,-186.0,3.0,73.0
-108.0,-358.0,-63.0,-171.0,-36.0,242.0,-447.0,-365.0,-65.0,53.0
-85.0,-622.0,-128.0,-159.0,36.0,194.0,-807.0,-511.0,-93.0,25.0
-69.0,-652.0,-160.0,-111.0,-16.0,-16.0,-983.0,-384.0,-119.0,-2.0
-48.0,-406.0,-183.0,-85.0,-60.0,16.0,-911.0,-432.0,-139.0,-14.0
-19.0,-257.0,-228.0,-62.0,55.0,178.0,-569.0,-356.0,-152.0,-36.0
0.0,-129.0,-264.0,-44.0,137.0,-4.0,-135.0,-345.0,-170.0,-63.0
-5.0,-111.0,-285.0,28.0,36.0,-120.0,236.0,-467.0,-191.0,-99.0
-16.0,53.0,-167.0,49.0,-51.0,-48.0,353.0,-617.0,-204.0,-106.0
-12.0,468.0,-118.0,62.0,81.0,-140.0,250.0,-768.0,-224.0,-112.0
13.0,498.0,-107.0,169.0,274.0,-375.0,306.0,-729.0,-234.0,-136.0
-9.0,605.0,-49.0,201.0,243.0,-353.0,436.0,-812.0,-217.0,-174.0
-17.0,704.0,-92.0,250.0,66.0,-70.0,423.0,-659.0,-203.0,-209.0
-2.0,530.0,-87.0,278.0,149.0,-31.0,232.0,-371.0,-195.0,-235.0
17.0,450.0,-38.0,211.0,268.0,-65.0,28.0,-144.0,-182.0,-304.0
33.0,315.0,-28.0,178.0,33.0,39.0,-67.0,72.0,-159.0,-345.0
7.0,86.0,6.0,162.0,-131.0,110.0,-123.0,1.0,-119.0,-362.0
0.0,43.0,35.0,106.0,-39.0,139.0,-166.0,-5.0,-101.0,-377.0
-7.0,29.0,44.0,84.0,39.0,90.0,-87.0,-86.0,-102.0,-355.0
-16.0,-239.0,55.0,58.0,45.0,145.0,118.0,-109.0,-100.0,-330.0
-32.0,-431.0,53.0,-43.0,-87.0,211.0,297.0,0.0,-73.0,-270.0
-38.0,-481.0,27.0,-163.0,-147.0,66.0,490.0,-29.0,-40.0,-215.0
-30.0,-483.0,35.0,-262.0,67.0,-91.0,556.0,44.0,-43.0,-172.0
-23.0,-471.0,29.0,-203.0,66.0,-89.0,323.0,-99.0,-48.0,-109.0
-20.0,-359.0,-28.0,-161.0,-152.0,83.0,-33.0,-181.0,-51.0,-46.0
-30.0,-384.0,-73.0,-169.0,-97.0,82.0,-290.0,-109.0,-47.0,9.0
-50.0,-695.0,-127.0,-61.0,40.0,-158.0,-526.0,-40.0,-34.0,34.0
-81.0,-648.0,-124.0,-26.0,27.0,-143.0,-686.0,84.0,-47.0,53.0
-82.0,-555.0,-114.0,-17.0,-51.0,87.0,-652.0,46.0,-78.0,75.0
-83.0,-385.0,-140.0,6.0,-105.0,11.0,-735.0,46.0,-108.0,82.0
-100.0,-109.0,-114.0,-9.0,-33.0,-239.0,-854.0,-227.0,-119.0,82.0
-108.0,-53.0,-140.0,23.0,11.0,-204.0,-704.0,-450.0,-113.0,104.0
-136.0,172.0,-159.0,-26.0,-121.0,-48.0,-395.0,-474.0,-125.0,133.0
-144.0,229.0,-153.0,-85.0,-196.0,-59.0,-61.0,-456.0,-132.0,145.0
-160.0,238.0,-194.0,-30.0,-58.0,-22.0,296.0,-236.0,-129.0,170.0
-184.0,252.0,-166.0,6.0,36.0,49.0,545.0,-343.0,-110.0,190.0
-187.0,173.0,-149.0,54.0,-62.0,-47.0,726.0,-345.0,-75.0,173.0
-171.0,195.0,-147.0,71.0,-150.0,-66.0,794.0,-253.0,-60.0,138.0
-144.0,105.0,-122.0,69.0,-49.0,-38.0,587.0,-184.0,-20.0,119.0
-151.0,68.0,-119.0,128.0,81.0,-180.0,302.0,-46.0,-7.0,74.0
-128.0,270.0,-82.0,240.0,-47.0,-375.0,125.0,-103.0,-13.0,37.0
-101.0,647.0,-37.0,263.0,-156.0,-318.0,1.0,9.0,2.0,27.0
-100.0,628.0,-13.0,171.0,42.0,-159.0,-169.0,75.0,11.0,25.0
-95.0,456.0,-58.0,132.0,207.0,-191.0,-106.0,177.0,43.0,47.0
-76.0,597.0,-36.0,109.0,68.0,-229.0,193.0,232.0,79.0,50.0
-45.0,545.0,36.0,93.0,-47.0,-160.0,438.0,229.0,134.0,70.0
-61.0,280.0,41.0,83.0,145.0,-87.0,537.0,343.0,181.0,95.0
-79.0,31.0,86.0,102.0,209.0,-29.0,538.0,206.0,184.0,101.0
-53.0,-315.0,37.0,50.0,6.0,0.0,609.0,199.0,226.0,105.0
-38.0,-682.0,31.0,-78.0,-116.0,-238.0,613.0,206.0,262.0,89.0
-47.0,-931.0,82.0,-128.0,-80.0,-363.0,386.0,197.0,258.0,71.0
-50.0,-1128.0,45.0,-178.0,29.0,-139.0,130.0,205.0,254.0,33.0
-32.0,-994.0,96.0,-200.0,-63.0,102.0,-9.0,27.0,222.0,10.0
-16.0,-702.0,88.0,-231.0,-248.0,210.0,-372.0,-90.0,199.0,-8.0
-51.0,-512.0,76.0,-256.0,-152.0,152.0,-822.0,-351.0,173.0,-68.0
-82.0,-208.0,116.0,-232.0,-108.0,22.0,-970.0,-471.0,120.0,-107.0
-119.0,49.0,89.0,-201.0,-188.0,6.0,-922.0,-447.0,76.0,-142.0
-121.0,191.0,90.0,-141.0,-207.0,251.0,-1005.0,-391.0,44.0,-172.0
-122.0,146.0,90.0,-148.0,-199.0,156.0,-1080.0,-218.0,-8.0,-181.0
-169.0,104.0,88.0,-223.0,23.0,-80.0,-528.0,-182.0,-32.0,-177.0
-177.0,120.0,94.0,-238.0,130.0,94.0,68.0,-116.0,-19.0,-145.0
-181.0,39.0,50.0,-217.0,-37.0,139.0,122.0,-162.0,-36.0,-138.0
-189.0,84.0,14.0,-207.0,-89.0,-59.0,232.0,-72.0,-28.0,-160.0
-219.0,2.0,32.0,-145.0,44.0,-29.0,609.0,83.0,-21.0,-165.0
-217.0,19.0,10.0,-96.0,112.0,300.0,751.0,-5.0,-16.0,-175.0
-198.0,222.0,61.0,-118.0,-51.0,346.0,677.0,22.0,-1.0,-194.0
-175.0,321.0,127.0,-132.0,-124.0,182.0,662.0,42.0,-7.0,-228.0
-171.0,332.0,61.0,-114.0,37.0,166.0,493.0,182.0,1.0,-269.0
-158.0,283.0,79.0,-76.0,137.0,148.0,254.0,266.0,30.0,-284.0
-118.0,432.0,89.0,-58.0,-6.0,109.0,10.0,169.0,58.0,-301.0
-105.0,411.0,47.0,-27.0,-73.0,102.0,-216.0,38.0,70.0,-301.0
-106.0,500.0,90.0,94.0,95.0,60.0,-115.0,-151.0,124.0,-269.0
-130.0,633.0,122.0,149.0,140.0,-184.0,109.0,-184.0,165.0,-229.0
-138.0,686.0,113.0,117.0,1.0,-277.0,54.0,-308.0,162.0,-175.0
-174.0,843.0,133.0,65.0,-172.0,-79.0,59.0,-210.0,163.0,-97.0
-184.0,715.0,115.0,-31.0,-132.0,-95.0,199.0,-7.0,161.0,-11.0
-208.0,650.0,92.0,-69.0,0.0,-170.0,49.0,7.0,155.0,62.0
-210.0,473.0,80.0,-88.0,-72.0,-109.0,-238.0,157.0,146.0,156.0
-241.0,265.0,19.0,-99.0,-83.0,-93.0,-286.0,160.0,132.0,252.0
-272.0,10.0,37.0,-23.0,-51.0,62.0,-152.0,168.0,94.0,347.0
-229.0,-295.0,21.0,27.0,-32.0,149.0,-180.0,55.0,59.0,410.0
-223.0,-429.0,-38.0,41.0,40.0,-12.0,-225.0,-127.0,12.0,426.0
-211.0,-452.0,-91.0,76.0,-162.0,16.0,-132.0,-169.0,-36.0,442.0
-243.0,-456.0,-154.0,99.0,-163.0,187.0,-119.0,-273.0,-65.0,422.0
-209.0,-527.0,-142.0,96.0,176.0,-4.0,-123.0,-199.0,-92.0,381.0
-192.0,-256.0,-118.0,136.0,67.0,-331.0,-15.0,-182.0,-119.0,344.0
-190.0,-143.0,-74.0,198.0,-104.0,-344.0,143.0,-75.0,-148.0,313.0
-165.0,-286.0,-83.0,112.0,5.0,-284.0,302.0,33.0,-179.0,305.0
-142.0,-293.0,-136.0,39.0,93.0,-200.0,476.0,-9.0,-220.0,293.0
-80.0,-265.0,-122.0,54.0,159.0,-95.0,511.0,12.0,-234.0,271.0
-45.0,-411.0,-93.0,61.0,72.0,-11.0,445.0,-110.0,-242.0,243.0
-18.0,-498.0,-89.0,119.0,-25.0,56.0,586.0,-44.0,-228.0,186.0
-12.0,-350.0,-109.0,139.0,156.0,18.0,803.0,3.0,-206.0,97.0
13.0,-379.0,-70.0,159.0,245.0,198.0,796.0,-14.0,-216.0,1.0
15.0,-341.0,-76.0,163.0,24.0,299.0,774.0,-51.0,-203.0,-102.0
19.0,-329.0,-91.0,150.0,-36.0,-10.0,772.0,-145.0,-181.0,-205.0
18.0,-440.0,-57.0,128.0,109.0,-95.0,643.0,14.0,-155.0,-279.0
31.0,-454.0,-87.0,110.0,185.0,10.0,472.0,-16.0,-139.0,-335.0
23.0,-444.0,-110.0,143.0,86.0,-129.0,271.0,-57.0,-161.0,-399.0
11.0,-386.0,-111.0,96.0,-107.0,-272.0,128.0,-31.0,-170.0,-462.0
4.0,-271.0,-67.0,60.0,24.0,-322.0,-51.0,44.0,-128.0,-501.0
-22.0,95.0,-67.0,45.0,243.0,-314.0,-246.0,205.0,-109.0,-504.0
-37.0,450.0,-90.0,-58.0,71.0,-103.0,-436.0,114.0,-110.0,-495.0
-90.0,669.0,-114.0,-203.0,-74.0,6.0,-603.0,75.0,-120.0,-459.0
-100.0,947.0,-135.0,-267.0,59.0,-75.0,-492.0,-48.0,-129.0,-381.0
-116.0,946.0,-65.0,-231.0,141.0,54.0,-367.0,-147.0,-109.0,-291.0
-118.0,932.0,-27.0,-263.0,80.0,0.0,-394.0,-273.0,-128.0,-197.0
-138.0,780.0,-53.0,-298.0,-67.0,-245.0,-391.0,-491.0,-141.0,-109.0
-137.0,408.0,-112.0,-249.0,-43.0,-269.0,-160.0,-363.0,-149.0,-46.0
-109.0,272.0,-113.0,-259.0,168.0,-356.0,130.0,-254.0,-189.0,-7.0
-104.0,137.0,-95.0,-330.0,51.0,-229.0,209.0,-227.0,-162.0,34.0
-107.0,-119.0,-92.0,-352.0,-102.0,14.0,247.0,-310.0,-106.0,76.0
-135.0,-337.0,-104.0,-346.0,-11.0,100.0,198.0,-288.0,-61.0,88.0
-117.0,-297.0,-101.0,-349.0,98.0,178.0,130.0,-127.0,-1.0,93.0
-116.0,-316.0,-83.0,-307.0,99.0,60.0,116.0,-129.0,69.0,117.0
-111.0,-348.0,-82.0,-235.0,-67.0,-8.0,101.0,27.0,147.0,134.0
-90.0,-268.0,-55.0,-130.0,-62.0,-79.0,167.0,5.0,191.0,140.0
-52.0,-186.0,-62.0,6.0,80.0,-186.0,135.0,-11.0,201.0,141.0
-49.0,-84.0,2.0,75.0,111.0,-99.0,123.0,16.0,228.0,138.0
-42.0,10.0,59.0,20.0,-43.0,-164.0,286.0,-88.0,240.0,142.0
-48.0,170.0,107.0,-96.0,-152.0,3.0,455.0,-40.0,238.0,145.0
-68.0,59.0,153.0,-184.0,27.0,229.0,599.0,-90.0,251.0,146.0
-55.0,71.0,102.0,-200.0,175.0,-50.0,716.0,-9.0,244.0,157.0
-22.0,100.0,64.0,-156.0,0.0,-6.0,822.0,-70.0,233.0,168.0
16.0,-20.0,94.0,-107.0,-159.0,95.0,763.0,-144.0,234.0,161.0
19.0,-82.0,198.0,-42.0,71.0,40.0,562.0,35.0,228.0,162.0
56.0,-271.0,216.0,-16.0,105.0,110.0,466.0,77.0,202.0,163.0
67.0,-318.0,190.0,35.0,-96.0,-28.0,260.0,149.0,171.0,151.0
84.0,-350.0,208.0,134.0,-112.0,-25.0,57.0,-24.0,155.0,160.0
83.0,-203.0,218.0,217.0,-85.0,-86.0,214.0,-195.0,131.0,180.0
98.0,-50.0,237.0,293.0,17.0,-112.0,405.0,-234.0,113.0,201.0
90.0,-42.0,278.0,294.0,-36.0,-99.0,197.0,-232.0,97.0,209.0
91.0,-17.0,286.0,269.0,-157.0,-148.0,18.0,-197.0,60.0,227.0
141.0,-199.0,235.0,181.0,0.0,-14.0,233.0,-339.0,42.0,244.0
127.0,-371.0,209.0,59.0,119.0,-139.0,230.0,-238.0,36.0,237.0
130.0,-560.0,221.0,23.0,19.0,86.0,24.0,-251.0,33.0,233.0
96.0,-654.0,166.0,33.0,-86.0,187.0,-118.0,-308.0,35.0,207.0
88.0,-574.0,131.0,76.0,-52.0,-242.0,-288.0,-230.0,7.0,179.0
66.0,-391.0,136.0,110.0,169.0,-313.0,-314.0,-218.0,-1.0,136.0
41.0,-131.0,80.0,106.0,213.0,-210.0,-249.0,-105.0,10.0,87.0
0.0,171.0,120.0,59.0,23.0,-159.0,-199.0,-238.0,20.0,43.0
-35.0,546.0,102.0,-4.0,130.0,-354.0,-289.0,-358.0,15.0,-18.0
-36.0,754.0,70.0,-13.0,259.0,-344.0,-291.0,-389.0,-7.0,-69.0
-74.0,887.0,100.0,-8.0,156.0,-235.0,-30.0,-332.0,-20.0,-90.0
-114.0,958.0,-13.0,40.0,57.0,-237.0,221.0,-175.0,-28.0,-68.0
-150.0,907.0,-13.0,101.0,43.0,-143.0,433.0,-114.0,-41.0,-58.0
-149.0,692.0,70.0,103.0,186.0,-96.0,598.0,-1.0,-80.0,-47.0
-182.0,545.0,61.0,80.0,144.0,98.0,692.0,-27.0,-108.0,-5.0
-164.0,555.0,65.0,34.0,-108.0,-68.0,895.0,16.0,-150.0,33.0
-148.0,287.0,91.0,68.0,-82.0,-291.0,1225.0,31.0,-237.0,66.0
-133.0,153.0,107.0,139.0,31.0,-214.0,1190.0,-48.0,-268.0,120.0
-96.0,166.0,139.0,211.0,-79.0,-127.0,769.0,-11.0,-264.0,196.0
-65.0,62.0,200.0,191.0,-195.0,-187.0,630.0,-109.0,-272.0,260.0
-43.0,113.0,205.0,131.0,-230.0,-275.0,768.0,-151.0,-281.0,340.0
-39.0,184.0,212.0,160.0,-130.0,-156.0,597.0,-184.0,-289.0,434.0
11.0,150.0,199.0,106.0,-26.0,-157.0,126.0,-175.0,-303.0,519.0
18.0,74.0,135.0,114.0,-165.0,-170.0,-171.0,-112.0,-300.0,568.0
35.0,194.0,159.0,160.0,-185.0,-205.0,-201.0,-153.0,-253.0,609.0
44.0,294.0,122.0,207.0,-53.0,-128.0,-266.0,-90.0,-208.0,654.0
61.0,281.0,93.0,308.0,-12.0,-181.0,-419.0,-142.0,-184.0,652.0
40.0,280.0,82.0,278.0,-112.0,-365.0,-504.0,-155.0,-172.0,650.0
37.0,210.0,45.0,190.0,-278.0,-358.0,-564.0,-205.0,-151.0,649.0
51.0,242.0,65.0,61.0,-169.0,-386.0,-459.0,-282.0,-112.0,620.0
38.0,148.0,57.0,-105.0,10.0,-340.0,-222.0,-120.0,-80.0,579.0
49.0,141.0,99.0,-237.0,-37.0,-402.0,-194.0,-83.0,-44.0,517.0
22.0,156.0,85.0,-245.0,-119.0,-419.0,-368.0,59.0,-16.0,459.0
24.0,87.0,34.0,-211.0,-62.0,-382.0,-373.0,38.0,15.0,419.0
-24.0,36.0,85.0,-232.0,100.0,-401.0,-169.0,-49.0,51.0,354.0
-44.0,-334.0,141.0,-200.0,85.0,-237.0,-51.0,-51.0,80.0,299.0
-65.0,-554.0,115.0,-198.0,-69.0,-169.0,-82.0,-177.0,105.0,267.0
-80.0,-629.0,53.0,-183.0,32.0,-370.0,-23.0,-120.0,98.0,229.0
-91.0,-620.0,40.0,-61.0,234.0,-619.0,280.0,-120.0,85.0,180.0
-112.0,-613.0,20.0,96.0,208.0,-693.0,584.0,49.0,65.0,129.0
-108.0,-521.0,55.0,225.0,105.0,-514.0,757.0,109.0,36.0,97.0
-107.0,-233.0,135.0,312.0,144.0,-375.0,720.0,7.0,45.0,43.0
-83.0,-142.0,133.0,335.0,247.0,-282.0,595.0,-35.0,58.0,21.0
-124.0,24.0,148.0,259.0,223.0,-181.0,728.0,-173.0,44.0,43.0
-112.0,62.0,165.0,172.0,92.0,-242.0,880.0,-31.0,11.0,46.0
-124.0,47.0,157.0,128.0,-22.0,-255.0,558.0,-72.0,-13.0,76.0
-125.0,148.0,196.0,125.0,57.0,-189.0,57.0,-136.0,-12.0,112.0
-125.0,123.0,165.0,114.0,89.0,-14.0,-77.0,-86.0,-29.0,168.0
-125.0,-81.0,156.0,86.0,-82.0,37.0,-137.0,-144.0,-56.0,228.0
-102.0,-173.0,144.0,98.0,-130.0,-134.0,-291.0,-40.0,-79.0,257.0
-111.0,-150.0,89.0,138.0,-84.0,-344.0,-397.0,-66.0,-85.0,288.0
-73.0,-250.0,106.0,143.0,-60.0,-335.0,-430.0,-88.0,-74.0,307.0
-87.0,-386.0,83.0,59.0,-179.0,-197.0,-369.0,-88.0,-55.0,308.0
-80.0,-498.0,54.0,51.0,-326.0,-316.0,-219.0,-97.0,-53.0,286.0
-93.0,-377.0,44.0,41.0,-203.0,-200.0,-15.0,-73.0,-69.0,270.0
-92.0,-485.0,21.0,-35.0,-45.0,-60.0,1.0,-145.0,-64.0,259.0
-99.0,-420.0,42.0,-27.0,-140.0,-97.0,-155.0,-145.0,-60.0,231.0
-107.0,-225.0,124.0,-55.0,-238.0,88.0,-64.0,-260.0,-40.0,214.0
-105.0,-269.0,184.0,-69.0,-59.0,217.0,316.0,-336.0,-7.0,216.0
-143.0,38.0,193.0,-110.0,119.0,58.0,386.0,-389.0,13.0,199.0
-125.0,230.0,162.0,-238.0,32.0,-409.0,154.0,-389.0,51.0,164.0
-133.0,390.0,146.0,-233.0,-99.0,-733.0,85.0,-134.0,86.0,166.0
-143.0,533.0,183.0,-157.0,-20.0,-634.0,149.0,-46.0,123.0,172.0
-161.0,628.0,138.0,-157.0,173.0,-375.0,152.0,20.0,165.0,153.0
-161.0,563.0,116.0,-219.0,163.0,-463.0,82.0,-33.0,200.0,124.0
-144.0,335.0,115.0,-228.0,-43.0,-912.0,-7.0,-96.0,226.0,123.0
-125.0,459.0,35.0,-200.0,1.0,-816.0,-179.0,18.0,229.0,136.0
-103.0,322.0,32.0,-224.0,184.0,-448.0,-217.0,81.0,214.0,143.0
-61.0,145.0,58.0,-151.0,101.0,-133.0,-79.0,201.0,190.0,168.0
-10.0,258.0,34.0,-12.0,-107.0,133.0,40.0,127.0,158.0,179.0
27.0,307.0,22.0,36.0,-155.0,146.0,123.0,46.0,143.0,163.0
74.0,339.0,45.0,70.0,32.0,-29.0,217.0,-107.0,123.0,137.0
109.0,282.0,-1.0,69.0,51.0,-438.0,341.0,-219.0,88.0,125.0
150.0,260.0,-76.0,41.0,-133.0,-434.0,400.0,-48.0,80.0,88.0
148.0,289.0,-64.0,28.0,-202.0,-261.0,440.0,48.0,61.0,44.0
143.0,229.0,-92.0,44.0,-66.0,-149.0,449.0,245.0,49.0,36.0
142.0,150.0,-152.0,84.0,66.0,-6.0,368.0,243.0,62.0,32.0
148.0,145.0,-177.0,72.0,-165.0,45.0,227.0,214.0,73.0,40.0
127.0,131.0,-221.0,110.0,-284.0,179.0,137.0,238.0,80.0,20.0
131.0,63.0,-271.0,166.0,-69.0,53.0,-21.0,24.0,76.0,9.0
161.0,-100.0,-225.0,221.0,11.0,1.0,-226.0,-46.0,105.0,13.0
143.0,-307.0,-197.0,283.0,-23.0,27.0,-184.0,-81.0,159.0,-15.0
94.0,-401.0,-186.0,290.0,-51.0,77.0,-189.0,18.0,201.0,-30.0
59.0,-473.0,-159.0,319.0,-10.0,24.0,-377.0,-12.0,232.0,-22.0
67.0,-363.0,-211.0,338.0,126.0,-56.0,-313.0,-123.0,201.0,-1.0
23.0,-285.0,-154.0,328.0,79.0,163.0,10.0,-127.0,172.0,26.0
26.0,-161.0,-176.0,199.0,-97.0,-119.0,68.0,-266.0,166.0,50.0
19.0,90.0,-178.0,26.0,-27.0,-300.0,-61.0,-177.0,127.0,85.0
40.0,-13.0,-139.0,-91.0,156.0,-111.0,10.0,-118.0,74.0,116.0
90.0,-87.0,-183.0,-187.0,136.0,-73.0,89.0,-11.0,7.0,137.0
100.0,-29.0,-110.0,-163.0,-78.0,-23.0,-11.0,92.0,-52.0,167.0
123.0,-12.0,-99.0,-93.0,14.0,-183.0,-74.0,84.0,-100.0,198.0
122.0,-207.0,-42.0,-97.0,233.0,-227.0,-59.0,208.0,-130.0,207.0
143.0,-226.0,-68.0,-163.0,85.0,-328.0,-93.0,94.0,-157.0,216.0
163.0,-66.0,-62.0,-194.0,-43.0,-479.0,-34.0,81.0,-227.0,228.0
194.0,-228.0,2.0,-103.0,-41.0,-302.0,26.0,75.0,-279.0,228.0
220.0,-156.0,-55.0,31.0,126.0,-232.0,-61.0,72.0,-274.0,191.0
278.0,-198.0,27.0,128.0,187.0,-252.0,-185.0,205.0,-224.0,143.0
299.0,-237.0,12.0,169.0,-61.0,-454.0,-84.0,145.0,-159.0,81.0
306.0,-91.0,11.0,182.0,-58.0,-640.0,40.0,134.0,-108.0,-10.0
313.0,-180.0,5.0,169.0,121.0,-300.0,-171.0,53.0,-85.0,-105.0
296.0,-202.0,-65.0,107.0,114.0,-77.0,-215.0,59.0,-58.0,-206.0
282.0,-109.0,-65.0,131.0,18.0,-90.0,-33.0,-33.0,5.0,-269.0
264.0,-45.0,-5.0,231.0,-9.0,89.0,4.0,-199.0,61.0,-317.0
283.0,-124.0,51.0,269.0,39.0,87.0,-73.0,-129.0,96.0,-336.0
238.0,-74.0,-15.0,209.0,150.0,12.0,-133.0,-243.0,149.0,-330.0
248.0,-117.0,-24.0,77.0,39.0,167.0,-85.0,-112.0,206.0,-325.0
226.0,-153.0,-54.0,3.0,-232.0,364.0,-7.0,138.0,209.0,-295.0
210.0,-16.0,-47.0,24.0,-76.0,452.0,185.0,290.0,201.0,-264.0
221.0,13.0,-37.0,106.0,141.0,359.0,428.0,476.0,198.0,-221.0
180.0,126.0,-58.0,221.0,-24.0,95.0,431.0,498.0,173.0,-178.0
184.0,29.0,-54.0,274.0,-197.0,51.0,208.0,524.0,129.0,-134.0
164.0,-69.0,-78.0,244.0,-181.0,365.0,-39.0,426.0,62.0,-78.0
193.0,-54.0,-25.0,235.0,-2.0,395.0,-183.0,373.0,20.0,-31.0
179.0,26.0,-41.0,231.0,23.0,411.0,-92.0,321.0,-13.0,-7.0
196.0,113.0,-15.0,203.0,-235.0,531.0,59.0,238.0,-60.0,-7.0
219.0,42.0,38.0,172.0,-181.0,212.0,-34.0,181.0,-90.0,-10.0
199.0,246.0,54.0,86.0,117.0,29.0,-239.0,-42.0,-113.0,-25.0
206.0,389.0,95.0,17.0,150.0,199.0,-323.0,-131.0,-130.0,-79.0
166.0,381.0,118.0,-2.0,-56.0,150.0,-344.0,-238.0,-130.0,-150.0
141.0,387.0,179.0,-45.0,-125.0,-52.0,-340.0,-169.0,-113.0,-216.0
103.0,467.0,203.0,-47.0,179.0,-216.0,-96.0,138.0,-92.0,-300.0
109.0,578.0,189.0,0.0,370.0,-375.0,90.0,327.0,-95.0,-374.0
99.0,540.0,148.0,62.0,132.0,-223.0,-82.0,439.0,-99.0,-433.0
87.0,751.0,133.0,76.0,-35.0,131.0,-330.0,391.0,-64.0,-486.0
104.0,828.0,181.0,32.0,154.0,242.0,-352.0,395.0,-31.0,-524.0
75.0,768.0,170.0,32.0,275.0,144.0,-233.0,315.0,-19.0,-545.0
64.0,690.0,131.0,64.0,114.0,65.0,-244.0,295.0,1.0,-505.0
31.0,379.0,85.0,83.0,-88.0,-20.0,-210.0,341.0,59.0,-465.0
16.0,141.0,66.0,72.0,48.0,-35.0,-277.0,136.0,111.0,-428.0
17.0,-231.0,128.0,52.0,233.0,85.0,-578.0,3.0,148.0,-375.0
15.0,-488.0,123.0,32.0,18.0,70.0,-794.0,-190.0,210.0,-312.0
4.0,-591.0,129.0,41.0,-161.0,12.0,-746.0,-218.0,259.0,-215.0
-7.0,-839.0,122.0,16.0,-77.0,-2.0,-582.0,-88.0,307.0,-137.0
-31.0,-883.0,83.0,-10.0,111.0,-87.0,-574.0,55.0,343.0,-69.0
-57.0,-695.0,155.0,-2.0,41.0,-219.0,-384.0,286.0,369.0,-3.0
-35.0,-804.0,133.0,-10.0,-166.0,-219.0,-18.0,299.0,378.0,48.0
-37.0,-897.0,161.0,31.0,-80.0,104.0,236.0,393.0,336.0,97.0
-12.0,-586.0,224.0,-13.0,144.0,379.0,374.0,323.0,304.0,142.0
0.0,-483.0,194.0,-41.0,112.0,259.0,428.0,203.0,296.0,185.0
22.0,-439.0,232.0,79.0,-110.0,64.0,477.0,277.0,309.0,239.0
66.0,-203.0,216.0,139.0,-80.0,70.0,328.0,232.0,319.0,305.0
76.0,138.0,203.0,134.0,55.0,105.0,170.0,149.0,304.0,361.0
77.0,285.0,189.0,186.0,70.0,106.0,244.0,-5.0,269.0,400.0
79.0,406.0,202.0,280.0,-50.0,248.0,302.0,110.0,226.0,423.0
113.0,611.0,191.0,401.0,-74.0,303.0,172.0,171.0,176.0,442.0
110.0,528.0,118.0,448.0,193.0,79.0,-32.0,59.0,115.0,435.0
130.0,592.0,66.0,418.0,256.0,-41.0,-152.0,7.0,54.0,414.0
157.0,497.0,4.0,387.0,-64.0,64.0,-230.0,-151.0,-20.0,401.0
167.0,369.0,57.0,352.0,-152.0,81.0,-245.0,-9.0,-89.0,385.0
161.0,306.0,51.0,390.0,80.0,-31.0,-155.0,84.0,-131.0,364.0
139.0,14.0,52.0,398.0,40.0,-37.0,-203.0,133.0,-161.0,342.0
110.0,84.0,77.0,341.0,-126.0,-130.0,-423.0,315.0,-248.0,312.0
80.0,216.0,23.0,263.0,-143.0,-164.0,-483.0,467.0,-322.0,252.0
80.0,340.0,78.0,221.0,19.0,-21.0,-409.0,694.0,-321.0,190.0
53.0,483.0,89.0,117.0,213.0,-209.0,-417.0,609.0,-309.0,154.0
39.0,404.0,81.0,-67.0,18.0,-175.0,-376.0,556.0,-259.0,144.0
27.0,145.0,116.0,-113.0,-165.0,54.0,-186.0,548.0,-202.0,123.0
14.0,-216.0,78.0,-129.0,-32.0,-76.0,-105.0,498.0,-150.0,116.0
-14.0,-300.0,67.0,-156.0,67.0,1.0,-120.0,493.0,-95.0,149.0
-24.0,-446.0,84.0,-131.0,-1.0,138.0,-67.0,288.0,-33.0,160.0
-48.0,-614.0,43.0,-82.0,-114.0,60.0,-15.0,269.0,35.0,126.0
-74.0,-651.0,45.0,-39.0,-84.0,83.0,109.0,99.0,109.0,67.0
-98.0,-733.0,73.0,6.0,94.0,40.0,219.0,-120.0,195.0,27.0
-133.0,-598.0,28.0,62.0,81.0,-10.0,147.0,-232.0,226.0,-14.0
-112.0,-495.0,27.0,103.0,-122.0,91.0,56.0,-345.0,235.0,-78.0
-139.0,-449.0,47.0,162.0,-48.0,-69.0,-37.0,-201.0,248.0,-121.0
-140.0,-282.0,44.0,242.0,101.0,-158.0,-18.0,-173.0,269.0,-136.0
-128.0,-94.0,37.0,291.0,31.0,-14.0,153.0,14.0,272.0,-138.0
-105.0,-67.0,31.0,278.0,-148.0,-54.0,215.0,256.0,207.0,-125.0
-106.0,38.0,58.0,237.0,-111.0,127.0,319.0,386.0,162.0,-86.0
-115.0,178.0,12.0,179.0,155.0,373.0,395.0,511.0,169.0,-54.0
-89.0,197.0,0.0,186.0,142.0,412.0,319.0,491.0,176.0,-32.0
-87.0,443.0,33.0,247.0,-94.0,342.0,118.0,535.0,152.0,12.0
-61.0,409.0,32.0,247.0,-197.0,240.0,-247.0,448.0,92.0,48.0
-68.0,264.0,58.0,233.0,-15.0,447.0,-528.0,362.0,64.0,52.0
-61.0,433.0,-8.0,183.0,42.0,429.0,-656.0,238.0,80.0,34.0
-49.0,501.0,-74.0,32.0,-113.0,133.0,-680.0,120.0,88.0,18.0
-49.0,102.0,-61.0,-45.0,-91.0,290.0,-816.0,86.0,81.0,10.0
-58.0,-209.0,-98.0,-5.0,2.0,478.0,-1086.0,-35.0,28.0,-49.0
-63.0,-163.0,-142.0,16.0,81.0,308.0,-1220.0,138.0,-21.0,-125.0
-66.0,-441.0,-126.0,109.0,-58.0,196.0,-1015.0,373.0,-37.0,-168.0
-86.0,-540.0,-180.0,186.0,-179.0,162.0,-569.0,591.0,-36.0,-232.0
-64.0,-503.0,-190.0,167.0,16.0,283.0,-176.0,696.0,-13.0,-283.0
-42.0,-484.0,-174.0,114.0,76.0,694.0,176.0,497.0,-38.0,-325.0
-39.0,-284.0,-210.0,10.0,-113.0,644.0,402.0,358.0,-73.0,-368.0
-34.0,-140.0,-183.0,-25.0,-233.0,214.0,534.0,240.0,-103.0,-402.0
-16.0,11.0,-177.0,-58.0,-126.0,148.0,573.0,286.0,-141.0,-422.0
0.0,65.0,-152.0,-71.0,112.0,224.0,536.0,258.0,-135.0,-412.0
19.0,115.0,-144.0,-14.0,76.0,403.0,590.0,173.0,-115.0,-434.0
43.0,67.0,-90.0,-14.0,-215.0,450.0,674.0,275.0,-129.0,-467.0
72.0,79.0,-65.0,-34.0,-82.0,199.0,666.0,197.0,-161.0,-488.0
115.0,106.0,-94.0,-40.0,168.0,200.0,525.0,236.0,-149.0,-492.0
135.0,101.0,-92.0,-47.0,31.0,176.0,419.0,282.0,-105.0,-529.0
165.0,166.0,-95.0,-58.0,-82.0,17.0,364.0,382.0,-89.0,-606.0
205.0,-90.0,8.0,18.0,9.0,45.0,293.0,526.0,-114.0,-658.0
233.0,-133.0,0.0,90.0,179.0,139.0,144.0,508.0,-123.0,-707.0
271.0,243.0,-36.0,55.0,188.0,306.0,-81.0,567.0,-86.0,-779.0
277.0,133.0,-27.0,-17.0,-10.0,97.0,-133.0,369.0,-57.0,-846.0
281.0,-223.0,-57.0,-118.0,-58.0,-317.0,-15.0,293.0,-63.0,-863.0
287.0,65.0,-25.0,-148.0,105.0,-50.0,-48.0,234.0,-65.0,-898.0
303.0,24.0,-3.0,-163.0,201.0,404.0,-230.0,120.0,-53.0,-933.0
296.0,-269.0,6.0,-164.0,35.0,610.0,-371.0,269.0,-75.0,-916.0
286.0,30.0,-5.0,-57.0,-103.0,534.0,-472.0,229.0,-112.0,-894.0
320.0,128.0,31.0,26.0,125.0,139.0,-524.0,194.0,-152.0,-890.0
301.0,107.0,72.0,5.0,220.0,65.0,-701.0,116.0,-194.0,-870.0
309.0,46.0,58.0,-27.0,4.0,265.0,-903.0,101.0,-180.0,-827.0
306.0,130.0,102.0,6.0,-118.0,461.0,-933.0,96.0,-146.0,-789.0
289.0,165.0,127.0,84.0,3.0,601.0,-894.0,72.0,-156.0,-748.0
277.0,75.0,153.0,144.0,189.0,302.0,-837.0,299.0,-147.0,-693.0
263.0,261.0,209.0,181.0,2.0,-193.0,-715.0,332.0,-113.0,-613.0
272.0,253.0,222.0,157.0,-257.0,-169.0,-408.0,448.0,-131.0,-535.0
267.0,340.0,232.0,120.0,-100.0,190.0,-84.0,570.0,-169.0,-437.0
300.0,446.0,271.0,106.0,116.0,413.0,103.0,478.0,-203.0,-311.0
290.0,485.0,181.0,42.0,-81.0,467.0,157.0,347.0,-201.0,-181.0
281.0,518.0,149.0,12.0,-225.0,190.0,124.0,77.0,-141.0,-31.0
272.0,525.0,253.0,-35.0,28.0,40.0,92.0,-64.0,-94.0,135.0
243.0,401.0,211.0,-121.0,135.0,162.0,169.0,-125.0,-99.0,310.0
222.0,-63.0,188.0,-159.0,92.0,265.0,238.0,-57.0,-129.0,460.0
212.0,-134.0,158.0,-87.0,-79.0,605.0,165.0,55.0,-137.0,610.0
208.0,-82.0,121.0,66.0,-126.0,567.0,219.0,173.0,-139.0,761.0
197.0,-170.0,148.0,144.0,125.0,45.0,365.0,397.0,-142.0,860.0
210.0,-270.0,117.0,131.0,25.0,-179.0,389.0,343.0,-149.0,913.0
219.0,-458.0,107.0,60.0,-125.0,-81.0,206.0,291.0,-150.0,939.0
212.0,-471.0,65.0,34.0,-73.0,334.0,125.0,240.0,-120.0,947.0
206.0,-302.0,53.0,44.0,9.0,434.0,215.0,205.0,-78.0,919.0
201.0,-53.0,65.0,22.0,99.0,118.0,222.0,216.0,-49.0,847.0
159.0,-305.0,107.0,56.0,-55.0,209.0,258.0,-1.0,-80.0,788.0
159.0,-269.0,136.0,148.0,-111.0,196.0,141.0,-86.0,-95.0,706.0
153.0,244.0,116.0,191.0,59.0,155.0,-91.0,-53.0,-52.0,593.0
144.0,97.0,147.0,125.0,42.0,518.0,-271.0,114.0,3.0,491.0
139.0,-50.0,145.0,55.0,-110.0,618.0,-475.0,195.0,51.0,378.0
135.0,148.0,110.0,28.0,-61.0,422.0,-761.0,205.0,83.0,291.0
159.0,367.0,37.0,-72.0,130.0,208.0,-1047.0,297.0,103.0,219.0
137.0,299.0,38.0,-128.0,193.0,231.0,-1185.0,173.0,94.0,168.0
159.0,289.0,11.0,-69.0,71.0,629.0,-1038.0,249.0,103.0,129.0
148.0,451.0,-84.0,-28.0,-59.0,784.0,-863.0,242.0,126.0,69.0
133.0,469.0,-106.0,28.0,95.0,527.0,-1031.0,105.0,151.0,9.0
113.0,605.0,-200.0,43.0,210.0,444.0,-1023.0,25.0,192.0,-33.0
82.0,419.0,-238.0,73.0,8.0,427.0,-580.0,-138.0,192.0,-78.0
90.0,172.0,-202.0,162.0,-79.0,405.0,-22.0,-149.0,173.0,-151.0
90.0,151.0,-181.0,152.0,55.0,610.0,288.0,-203.0,175.0,-202.0
93.0,132.0,-164.0,109.0,169.0,510.0,328.0,-75.0,159.0,-219.0
94.0,6.0,-173.0,148.0,71.0,290.0,397.0,36.0,139.0,-225.0
104.0,-245.0,-209.0,179.0,-124.0,139.0,573.0,64.0,138.0,-246.0
105.0,-362.0,-202.0,87.0,-36.0,-78.0,757.0,203.0,113.0,-252.0
96.0,-423.0,-179.0,-32.0,112.0,144.0,781.0,203.0,83.0,-243.0
67.0,-459.0,-183.0,-55.0,-113.0,351.0,666.0,310.0,60.0,-228.0
66.0,-443.0,-121.0,-95.0,-393.0,351.0,484.0,271.0,-6.0,-166.0
50.0,-274.0,-128.0,-233.0,-199.0,565.0,417.0,258.0,-98.0,-102.0
40.0,-125.0,-72.0,-261.0,68.0,523.0,325.0,334.0,-147.0,-47.0
23.0,-150.0,5.0,-241.0,-79.0,262.0,34.0,363.0,-166.0,1.0
6.0,-297.0,7.0,-252.0,-214.0,239.0,-278.0,460.0,-192.0,72.0
0.0,-377.0,58.0,-137.0,-114.0,424.0,-303.0,358.0,-237.0,146.0
-36.0,-415.0,87.0,-37.0,40.0,656.0,-119.0,423.0,-302.0,182.0
-17.0,-527.0,119.0,-86.0,52.0,367.0,-241.0,380.0,-342.0,208.0
-28.0,-418.0,126.0,-115.0,-149.0,18.0,-546.0,190.0,-351.0,222.0
-9.0,-351.0,165.0,-89.0,-195.0,284.0,-742.0,70.0,-359.0,249.0
6.0,-230.0,173.0,-214.0,147.0,400.0,-645.0,-90.0,-353.0,256.0
13.0,21.0,189.0,-356.0,260.0,412.0,-424.0,-90.0,-329.0,209.0
38.0,305.0,203.0,-379.0,-44.0,437.0,-500.0,-240.0,-292.0,160.0
41.0,559.0,192.0,-266.0,-20.0,345.0,-808.0,-162.0,-257.0,130.0
54.0,445.0,188.0,-172.0,193.0,387.0,-868.0,25.0,-282.0,92.0
38.0,611.0,133.0,-176.0,293.0,376.0,-710.0,77.0,-329.0,50.0
69.0,752.0,135.0,-56.0,213.0,488.0,-855.0,245.0,-318.0,37.0
81.0,581.0,79.0,89.0,-32.0,657.0,-1050.0,214.0,-233.0,11.0
69.0,564.0,42.0,191.0,129.0,546.0,-894.0,304.0,-136.0,-17.0
76.0,223.0,26.0,173.0,367.0,499.0,-487.0,323.0,-109.0,-28.0
67.0,-29.0,-19.0,76.0,149.0,545.0,-119.0,232.0,-88.0,-54.0
45.0,-66.0,-67.0,-83.0,-23.0,463.0,151.0,182.0,-24.0,-75.0
11.0,-201.0,-94.0,-354.0,93.0,600.0,270.0,-11.0,37.0,-94.0
-21.0,-379.0,-92.0,-442.0,218.0,782.0,383.0,14.0,88.0,-74.0
-30.0,-517.0,-158.0,-238.0,105.0,748.0,771.0,11.0,133.0,-51.0
-38.0,-422.0,-160.0,-2.0,-88.0,638.0,1017.0,24.0,156.0,-74.0
-60.0,-454.0,-174.0,-44.0,-33.0,291.0,843.0,-9.0,177.0,-82.0
-61.0,-363.0,-216.0,-157.0,92.0,233.0,492.0,-49.0,196.0,-79.0
-80.0,-247.0,-199.0,-242.0,51.0,580.0,253.0,145.0,219.0,-77.0
-65.0,-360.0,-169.0,-306.0,-135.0,479.0,233.0,188.0,258.0,-93.0
-80.0,-262.0,-136.0,-231.0,-166.0,158.0,309.0,336.0,258.0,-120.0
-90.0,-276.0,-113.0,-155.0,46.0,-73.0,62.0,456.0,235.0,-126.0
-47.0,-471.0,-61.0,-13.0,5.0,-75.0,-239.0,485.0,198.0,-142.0
-37.0,-550.0,-37.0,227.0,-102.0,219.0,-197.0,474.0,146.0,-184.0
-41.0,-437.0,-7.0,342.0,-3.0,165.0,-318.0,373.0,108.0,-226.0
-65.0,-370.0,14.0,156.0,12.0,280.0,-537.0,474.0,110.0,-280.0
-49.0,-625.0,-4.0,-40.0,41.0,417.0,-688.0,351.0,93.0,-331.0
-56.0,-558.0,15.0,-83.0,-37.0,-3.0,-655.0,131.0,45.0,-351.0
-67.0,-154.0,4.0,-155.0,-180.0,47.0,-332.0,-127.0,34.0,-353.0
-52.0,-124.0,11.0,-292.0,2.0,422.0,-293.0,-382.0,16.0,-369.0
-44.0,-22.0,19.0,-373.0,113.0,474.0,-620.0,-282.0,-2.0,-382.0
-28.0,336.0,-1.0,-258.0,-34.0,330.0,-914.0,-175.0,-25.0,-329.0
-27.0,412.0,48.0,-75.0,-36.0,117.0,-841.0,-151.0,-50.0,-246.0
-16.0,492.0,43.0,-114.0,63.0,120.0,-645.0,-216.0,-47.0,-182.0
-45.0,621.0,27.0,-370.0,33.0,291.0,-550.0,-125.0,-38.0,-116.0
-53.0,526.0,1.0,-321.0,-59.0,221.0,-325.0,-142.0,-6.0,-28.0
-33.0,461.0,-23.0,-10.0,-158.0,164.0,-207.0,-267.0,38.0,75.0
-32.0,511.0,-16.0,130.0,-141.0,227.0,-128.0,-99.0,54.0,137.0
-44.0,344.0,-43.0,183.0,-35.0,52.0,9.0,-29.0,71.0,168.0
-56.0,160.0,-34.0,207.0,-128.0,45.0,186.0,164.0,125.0,198.0
-64.0,303.0,-71.0,121.0,-138.0,104.0,286.0,221.0,165.0,228.0
-76.0,201.0,-93.0,-43.0,24.0,215.0,318.0,118.0,193.0,248.0
-90.0,133.0,-96.0,-160.0,47.0,341.0,487.0,177.0,199.0,229.0
-111.0,129.0,-105.0,-213.0,-32.0,-38.0,484.0,253.0,189.0,203.0
-111.0,-123.0,-69.0,-169.0,-167.0,-75.0,411.0,369.0,202.0,187.0
-132.0,-48.0,-80.0,-96.0,-187.0,239.0,338.0,147.0,214.0,190.0
-122.0,44.0,-63.0,-62.0,-18.0,148.0,334.0,35.0,253.0,210.0
-123.0,41.0,-80.0,-83.0,33.0,10.0,312.0,11.0,272.0,202.0
-122.0,-5.0,-73.0,-55.0,-67.0,-192.0,119.0,-44.0,220.0,181.0
-118.0,-146.0,-52.0,54.0,-59.0,-341.0,-51.0,94.0,164.0,160.0
-126.0,-394.0,-151.0,146.0,64.0,-281.0,-268.0,49.0,134.0,142.0
-120.0,-670.0,-221.0,339.0,73.0,-252.0,-352.0,157.0,111.0,83.0
-152.0,-751.0,-275.0,437.0,-84.0,37.0,-467.0,123.0,58.0,-33.0
-129.0,-1027.0,-335.0,387.0,-56.0,70.0,-596.0,-11.0,0.0,-129.0
-131.0,-1126.0,-353.0,286.0,49.0,-273.0,-688.0,14.0,-45.0,-176.0
-122.0,-1014.0,-410.0,142.0,-29.0,-56.0,-934.0,-90.0,-107.0,-221.0
-95.0,-918.0,-438.0,72.0,-100.0,150.0,-1045.0,-105.0,-148.0,-278.0
-99.0,-840.0,-423.0,-141.0,-101.0,66.0,-941.0,-171.0,-170.0,-299.0
-73.0,-742.0,-463.0,-373.0,-2.0,170.0,-724.0,-120.0,-213.0,-302.0
-59.0,-408.0,-450.0,-297.0,68.0,185.0,-428.0,-84.0,-245.0,-296.0
-67.0,-405.0,-428.0,-224.0,-19.0,231.0,-113.0,-88.0,-237.0,-257.0
-59.0,-280.0,-414.0,-283.0,-114.0,164.0,-74.0,81.0,-207.0,-211.0
-34.0,5.0,-371.0,-183.0,0.0,-36.0,-93.0,90.0,-175.0,-160.0
-45.0,115.0,-355.0,-75.0,56.0,31.0,205.0,216.0,-173.0,-88.0
-36.0,215.0,-318.0,-123.0,-109.0,-90.0,581.0,234.0,-160.0,10.0
-16.0,336.0,-280.0,-192.0,-95.0,-269.0,741.0,166.0,-112.0,89.0
9.0,715.0,-216.0,-201.0,-19.0,-185.0,819.0,160.0,-78.0,130.0
4.0,801.0,-172.0,-168.0,-56.0,-166.0,877.0,25.0,-30.0,172.0
-7.0,1042.0,-154.0,-135.0,-87.0,-58.0,638.0,16.0,23.0,233.0
-6.0,1401.0,-94.0,-133.0,-206.0,77.0,328.0,-127.0,70.0,256.0
-4.0,1465.0,-73.0,-163.0,-182.0,93.0,-8.0,-166.0,100.0,247.0
1.0,1526.0,-52.0,-83.0,22.0,137.0,-300.0,-88.0,107.0,245.0
-42.0,1258.0,-77.0,90.0,-97.0,-36.0,-460.0,-75.0,99.0,236.0
-43.0,1074.0,-107.0,167.0,-201.0,-290.0,-673.0,-81.0,122.0,222.0
-43.0,815.0,-59.0,37.0,26.0,-146.0,-805.0,-223.0,169.0,178.0
-37.0,301.0,-65.0,-174.0,90.0,-81.0,-813.0,-171.0,192.0,153.0
-47.0,39.0,-100.0,-343.0,18.0,-363.0,-741.0,-203.0,216.0,139.0
-78.0,-108.0,-113.0,-453.0,-2.0,-502.0,-625.0,-201.0,232.0,109.0
-57.0,-294.0,-92.0,-441.0,-68.0,-443.0,-358.0,-232.0,257.0,92.0
-47.0,-334.0,-75.0,-273.0,46.0,-294.0,-18.0,-290.0,247.0,77.0
-51.0,-328.0,-49.0,-89.0,118.0,-362.0,209.0,3.0,203.0,46.0
-59.0,-423.0,-32.0,48.0,-124.0,-508.0,168.0,49.0,166.0,3.0
-53.0,-461.0,-25.0,87.0,-85.0,-422.0,-124.0,9.0,132.0,-7.0
-43.0,-544.0,30.0,-2.0,116.0,-558.0,-383.0,-16.0,94.0,-13.0
-43.0,-604.0,25.0,69.0,67.0,-562.0,-486.0,-35.0,21.0,-41.0
-61.0,-648.0,-4.0,155.0,-41.0,-192.0,-496.0,-75.0,-21.0,-52.0
-52.0,-595.0,-69.0,44.0,-45.0,-187.0,-536.0,-245.0,-49.0,-41.0
-30.0,-531.0,-79.0,-63.0,8.0,-346.0,-615.0,-140.0,-80.0,-35.0
-29.0,-560.0,-15.0,-221.0,6.0,-271.0,-752.0,-51.0,-115.0,-24.0
-20.0,-559.0,-27.0,-375.0,-97.0,-159.0,-805.0,-1.0,-160.0,-10.0
-11.0,-584.0,-21.0,-259.0,-293.0,-64.0,-702.0,-16.0,-135.0,-12.0
-7.0,-128.0,-28.0,44.0,-129.0,-162.0,-444.0,25.0,-94.0,-8.0
-39.0,110.0,-51.0,285.0,88.0,-206.0,-85.0,169.0,-60.0,1.0
-51.0,166.0,-41.0,264.0,-156.0,0.0,271.0,123.0,-42.0,0.0
-64.0,584.0,-65.0,154.0,-226.0,-98.0,429.0,218.0,-42.0,3.0
-83.0,528.0,-50.0,131.0,53.0,-262.0,244.0,186.0,-7.0,7.0
-102.0,561.0,-20.0,31.0,119.0,-384.0,102.0,201.0,36.0,19.0
-125.0,578.0,-47.0,-61.0,-25.0,-509.0,155.0,301.0,99.0,45.0
-126.0,385.0,17.0,-85.0,-19.0,-272.0,451.0,138.0,140.0,34.0
-173.0,82.0,29.0,-16.0,-31.0,-384.0,654.0,77.0,140.0,11.0
-191.0,-112.0,15.0,43.0,36.0,-562.0,538.0,-81.0,130.0,22.0
-212.0,74.0,101.0,62.0,116.0,-302.0,363.0,-168.0,129.0,43.0
-210.0,-171.0,89.0,49.0,-64.0,-349.0,114.0,-219.0,132.0,36.0
-178.0,-255.0,33.0,-54.0,27.0,-383.0,-28.0,-315.0,122.0,19.0
-175.0,-195.0,37.0,-195.0,223.0,-400.0,-73.0,-243.0,117.0,33.0
-163.0,-241.0,89.0,-292.0,59.0,-580.0,-20.0,-249.0,99.0,41.0
-179.0,-233.0,70.0,-217.0,-72.0,-467.0,10.0,-51.0,76.0,37.0
-161.0,-200.0,49.0,-119.0,-28.0,-362.0,73.0,7.0,46.0,27.0
-170.0,-62.0,42.0,93.0,21.0,-238.0,122.0,33.0,30.0,30.0
-190.0,-19.0,40.0,200.0,53.0,-196.0,-129.0,144.0,52.0,30.0
-176.0,133.0,88.0,72.0,-60.0,-589.0,-241.0,22.0,53.0,23.0
-180.0,174.0,97.0,46.0,-104.0,-631.0,-158.0,9.0,21.0,51.0
-172.0,360.0,132.0,50.0,71.0,-369.0,-46.0,-190.0,0.0,59.0
-148.0,541.0,148.0,18.0,79.0,-465.0,29.0,-321.0,-2.0,63.0
-126.0,515.0,200.0,-110.0,-86.0,-519.0,130.0,-332.0,-4.0,103.0
-118.0,545.0,213.0,-190.0,-163.0,-543.0,-55.0,-319.0,15.0,166.0
-118.0,377.0,180.0,-164.0,-5.0,-582.0,-370.0,-221.0,52.0,208.0
-86.0,199.0,175.0,-90.0,29.0,-496.0,-259.0,-365.0,78.0,247.0
-62.0,182.0,150.0,-68.0,-125.0,-496.0,-239.0,-441.0,104.0,336.0
-82.0,-76.0,174.0,-204.0,-41.0,-340.0,-311.0,-480.0,120.0,436.0
-52.0,-422.0,121.0,-247.0,35.0,-211.0,-276.0,-269.0,125.0,513.0
-28.0,-494.0,143.0,-165.0,103.0,-318.0,-105.0,-62.0,128.0,585.0
18.0,-771.0,191.0,-31.0,116.0,-327.0,-142.0,-101.0,125.0,677.0
48.0,-838.0,122.0,99.0,-34.0,-331.0,-405.0,-20.0,141.0,744.0
50.0,-593.0,109.0,242.0,8.0,-226.0,-323.0,-157.0,159.0,779.0
63.0,-346.0,116.0,408.0,59.0,-108.0,5.0,-181.0,155.0,806.0
67.0,-34.0,156.0,449.0,-51.0,-296.0,324.0,-31.0,143.0,799.0
98.0,-13.0,147.0,435.0,-121.0,-348.0,308.0,-3.0,140.0,745.0
73.0,87.0,40.0,373.0,-34.0,-319.0,144.0,-25.0,130.0,674.0
76.0,239.0,1.0,145.0,30.0,-461.0,46.0,-88.0,133.0,633.0
95.0,161.0,-6.0,-57.0,37.0,-386.0,-10.0,-64.0,139.0,564.0
100.0,270.0,-63.0,-72.0,-15.0,-365.0,-38.0,-12.0,120.0,447.0
98.0,453.0,-113.0,12.0,-72.0,-519.0,102.0,164.0,81.0,356.0
85.0,500.0,-158.0,156.0,165.0,-617.0,343.0,194.0,8.0,280.0
75.0,571.0,-149.0,212.0,158.0,-590.0,327.0,157.0,-59.0,160.0
68.0,651.0,-139.0,171.0,-30.0,-267.0,430.0,258.0,-122.0,15.0
64.0,528.0,-150.0,136.0,139.0,-191.0,640.0,136.0,-163.0,-115.0
36.0,584.0,-110.0,191.0,274.0,-323.0,712.0,20.0,-200.0,-228.0
11.0,667.0,-130.0,333.0,200.0,-279.0,678.0,-184.0,-278.0,-336.0
1.0,41.0,-124.0,452.0,153.0,-415.0,758.0,-303.0,-304.0,-419.0
4.0,-124.0,-100.0,416.0,188.0,-470.0,899.0,-205.0,-307.0,-466.0
-32.0,69.0,-114.0,221.0,194.0,-297.0,713.0,-206.0,-302.0,-518.0
-30.0,-152.0,-113.0,121.0,203.0,-340.0,453.0,-77.0,-268.0,-538.0
-7.0,-124.0,-114.0,108.0,9.0,-490.0,210.0,48.0,-278.0,-538.0
2.0,-36.0,-48.0,128.0,-159.0,-436.0,-46.0,199.0,-298.0,-521.0
5.0,54.0,-48.0,116.0,-14.0,-388.0,-298.0,140.0,-276.0,-480.0
-7.0,73.0,-1.0,31.0,32.0,-415.0,-568.0,-66.0,-227.0,-458.0
-22.0,153.0,20.0,-114.0,-57.0,-542.0,-731.0,-92.0,-152.0,-421.0
-59.0,1.0,-36.0,-289.0,-95.0,-628.0,-742.0,-225.0,-57.0,-361.0
-70.0,-182.0,47.0,-283.0,-57.0,-365.0,-570.0,-230.0,5.0,-312.0
-87.0,29.0,47.0,-197.0,3.0,-304.0,-377.0,-295.0,46.0,-292.0
-91.0,-133.0,23.0,-187.0,-14.0,-364.0,-262.0,-354.0,113.0,-241.0
-97.0,-308.0,-4.0,-247.0,-121.0,-248.0,-79.0,-314.0,176.0,-187.0
-107.0,-229.0,-36.0,-281.0,-78.0,-276.0,194.0,-303.0,244.0,-167.0
-98.0,-174.0,-4.0,-203.0,73.0,-229.0,500.0,-253.0,341.0,-134.0
-87.0,-308.0,-8.0,-96.0,79.0,-179.0,849.0,-301.0,416.0,-95.0
-107.0,-335.0,25.0,-186.0,23.0,-112.0,1027.0,-62.0,434.0,-78.0
-114.0,-322.0,23.0,-361.0,104.0,44.0,966.0,-5.0,416.0,-100.0
-92.0,-388.0,59.0,-361.0,207.0,-116.0,897.0,-103.0,389.0,-107.0
-62.0,-373.0,82.0,-378.0,31.0,-320.0,796.0,11.0,362.0,-144.0
-34.0,-635.0,71.0,-346.0,-93.0,-310.0,554.0,-24.0,325.0,-196.0
-49.0,-630.0,150.0,-145.0,12.0,-462.0,249.0,31.0,279.0,-206.0
14.0,-466.0,125.0,51.0,16.0,-676.0,48.0,-12.0,218.0,-217.0
29.0,-574.0,119.0,113.0,-52.0,-744.0,35.0,-83.0,141.0,-202.0
43.0,-632.0,126.0,78.0,-60.0,-638.0,106.0,-134.0,67.0,-172.0
82.0,-307.0,116.0,0.0,-72.0,-465.0,119.0,-192.0,-26.0,-119.0
75.0,-88.0,118.0,-118.0,31.0,-583.0,69.0,-158.0,-142.0,-51.0
85.0,55.0,67.0,-118.0,86.0,-520.0,103.0,-328.0,-206.0,-9.0
63.0,551.0,73.0,-42.0,-94.0,-368.0,363.0,-282.0,-234.0,47.0
86.0,787.0,80.0,7.0,-29.0,-557.0,584.0,-279.0,-230.0,128.0
68.0,1110.0,151.0,35.0,139.0,-499.0,528.0,-375.0,-220.0,192.0
44.0,1096.0,82.0,56.0,2.0,-312.0,388.0,-279.0,-250.0,243.0
14.0,850.0,35.0,73.0,-136.0,-275.0,253.0,-254.0,-251.0,278.0
-15.0,875.0,63.0,24.0,-118.0,-377.0,7.0,-40.0,-234.0,319.0
2.0,710.0,-26.0,-38.0,-70.0,-523.0,-270.0,92.0,-209.0,372.0
-4.0,696.0,14.0,2.0,7.0,-426.0,-373.0,68.0,-176.0,407.0
-23.0,579.0,3.0,29.0,-40.0,-340.0,-345.0,-22.0,-146.0,437.0
-48.0,453.0,-17.0,-93.0,-150.0,-333.0,-289.0,-136.0,-79.0,460.0
-35.0,344.0,-54.0,-252.0,32.0,-245.0,-210.0,-105.0,-22.0,446.0
-38.0,361.0,-87.0,-317.0,34.0,-365.0,-118.0,-151.0,4.0,426.0
-83.0,377.0,-75.0,-290.0,-168.0,-425.0,-67.0,14.0,23.0,408.0
-119.0,83.0,-99.0,-176.0,-88.0,-228.0,65.0,94.0,52.0,355.0
-119.0,220.0,-57.0,-23.0,26.0,-206.0,280.0,60.0,91.0,308.0
-120.0,301.0,-101.0,13.0,117.0,-269.0,392.0,94.0,129.0,295.0
-114.0,-36.0,-94.0,89.0,141.0,-295.0,419.0,-64.0,171.0,287.0
-112.0,-235.0,-32.0,174.0,63.0,-260.0,424.0,-24.0,199.0,273.0
-95.0,-168.0,-34.0,100.0,41.0,33.0,478.0,49.0,205.0,253.0
-80.0,-364.0,-38.0,-56.0,159.0,345.0,486.0,12.0,184.0,226.0
-80.0,-615.0,-66.0,-245.0,144.0,221.0,540.0,-147.0,166.0,174.0
-49.0,-463.0,-60.0,-298.0,-76.0,-192.0,751.0,-286.0,159.0,129.0
-51.0,-527.0,-14.0,-211.0,-12.0,-373.0,845.0,-304.0,177.0,77.0
-49.0,-656.0,2.0,-83.0,102.0,-164.0,637.0,-423.0,201.0,9.0
-47.0,-529.0,-17.0,60.0,31.0,-128.0,224.0,-321.0,194.0,-46.0
3.0,-337.0,3.0,165.0,-8.0,-317.0,-148.0,-214.0,180.0,-99.0
34.0,-278.0,8.0,263.0,28.0,-252.0,-416.0,-92.0,147.0,-136.0
44.0,-33.0,7.0,314.0,-23.0,-246.0,-536.0,114.0,98.0,-166.0
55.0,283.0,18.0,181.0,-105.0,-291.0,-381.0,218.0,47.0,-188.0
51.0,318.0,-25.0,37.0,-105.0,-54.0,-44.0,291.0,-7.0,-200.0
71.0,264.0,-47.0,6.0,-179.0,101.0,149.0,147.0,-64.0,-208.0
59.0,-9.0,-64.0,-34.0,-36.0,45.0,247.0,31.0,-98.0,-198.0
44.0,-25.0,-85.0,27.0,127.0,120.0,261.0,-120.0,-97.0,-200.0
31.0,-162.0,-102.0,143.0,21.0,204.0,140.0,-216.0,-95.0,-198.0
37.0,-367.0,-103.0,233.0,28.0,226.0,246.0,-103.0,-103.0,-193.0
14.0,-87.0,-81.0,266.0,26.0,31.0,481.0,-175.0,-121.0,-209.0
5.0,-197.0,-46.0,154.0,-70.0,-167.0,621.0,-271.0,-147.0,-212.0
-15.0,-196.0,-32.0,23.0,-102.0,-6.0,608.0,-354.0,-141.0,-209.0
0.0,116.0,-25.0,-77.0,-184.0,-104.0,431.0,-266.0,-87.0,-237.0
0.0,27.0,12.0,-63.0,-105.0,-205.0,315.0,-101.0,-55.0,-261.0
-26.0,-170.0,-10.0,47.0,80.0,-78.0,453.0,60.0,-53.0,-238.0
-5.0,-250.0,35.0,213.0,-6.0,99.0,688.0,323.0,-50.0,-216.0
-21.0,-436.0,95.0,252.0,-51.0,400.0,651.0,319.0,-39.0,-188.0
-1.0,-709.0,99.0,94.0,124.0,217.0,457.0,373.0,-3.0,-134.0
-17.0,-654.0,160.0,20.0,133.0,-75.0,386.0,240.0,23.0,-79.0
15.0,-511.0,172.0,-28.0,-4.0,75.0,255.0,-36.0,34.0,-30.0
29.0,-298.0,147.0,-79.0,-85.0,68.0,-95.0,-120.0,74.0,4.0
41.0,55.0,177.0,-72.0,-63.0,-102.0,-328.0,-219.0,124.0,42.0
52.0,79.0,196.0,-15.0,74.0,-120.0,-204.0,-127.0,179.0,37.0
50.0,109.0,179.0,-79.0,84.0,-154.0,-51.0,-223.0,223.0,-5.0
66.0,310.0,193.0,-293.0,-11.0,-120.0,-119.0,-273.0,237.0,-40.0
24.0,320.0,171.0,-362.0,30.0,39.0,-244.0,-127.0,238.0,-82.0
44.0,293.0,180.0,-246.0,143.0,194.0,-342.0,29.0,223.0,-129.0
37.0,443.0,212.0,-96.0,124.0,143.0,-264.0,245.0,230.0,-177.0
65.0,327.0,155.0,-48.0,0.0,-181.0,-4.0,236.0,267.0,-209.0
58.0,154.0,136.0,-73.0,-9.0,-53.0,112.0,282.0,268.0,-222.0
62.0,336.0,140.0,-62.0,153.0,329.0,109.0,133.0,230.0,-223.0
65.0,163.0,126.0,-48.0,217.0,152.0,115.0,-105.0,162.0,-206.0
49.0,-77.0,177.0,-10.0,108.0,-70.0,171.0,-149.0,77.0,-189.0
39.0,-75.0,168.0,103.0,71.0,-11.0,275.0,-195.0,38.0,-177.0
0.0,-229.0,147.0,132.0,125.0,225.0,443.0,-140.0,6.0,-165.0
14.0,-338.0,223.0,137.0,214.0,356.0,668.0,-223.0,-63.0,-142.0
-1.0,-388.0,206.0,227.0,53.0,237.0,791.0,-99.0,-123.0,-101.0
-1.0,-359.0,187.0,212.0,-145.0,395.0,752.0,125.0,-158.0,-68.0
-35.0,-377.0,215.0,43.0,-31.0,547.0,846.0,160.0,-197.0,-37.0
-22.0,-420.0,212.0,-158.0,48.0,488.0,1103.0,201.0,-247.0,16.0
-33.0,-215.0,205.0,-275.0,-16.0,532.0,1012.0,12.0,-301.0,69.0
-36.0,82.0,199.0,-297.0,-125.0,396.0,649.0,-94.0,-348.0,103.0
-14.0,231.0,244.0,-278.0,-74.0,305.0,355.0,-110.0,-345.0,135.0
-39.0,330.0,239.0,-245.0,54.0,363.0,317.0,-97.0,-314.0,153.0
-42.0,468.0,238.0,-131.0,-33.0,214.0,292.0,-35.0,-256.0,157.0
-75.0,354.0,289.0,38.0,-147.0,267.0,-53.0,0.0,-183.0,173.0
-67.0,211.0,290.0,145.0,-58.0,388.0,-370.0,83.0,-127.0,174.0
-89.0,245.0,278.0,176.0,14.0,386.0,-627.0,-48.0,-80.0,164.0
-73.0,135.0,253.0,83.0,26.0,660.0,-904.0,-38.0,-56.0,119.0
-62.0,-138.0,212.0,8.0,-11.0,815.0,-928.0,-27.0,-22.0,71.0
-86.0,-161.0,174.0,13.0,-49.0,633.0,-762.0,-44.0,5.0,62.0
-89.0,-19.0,131.0,72.0,100.0,398.0,-610.0,149.0,38.0,36.0
-86.0,-26.0,99.0,166.0,88.0,370.0,-344.0,79.0,73.0,37.0
-68.0,-32.0,62.0,127.0,-64.0,544.0,-70.0,14.0,72.0,56.0
-57.0,-68.0,40.0,145.0,-70.0,408.0,-25.0,-36.0,49.0,61.0
-58.0,-99.0,47.0,215.0,27.0,6.0,-20.0,-14.0,55.0,67.0
-60.0,-190.0,42.0,141.0,80.0,-2.0,155.0,-27.0,88.0,45.0
-41.0,-206.0,50.0,80.0,-56.0,257.0,426.0,-190.0,99.0,12.0
-19.0,-116.0,91.0,256.0,-92.0,392.0,577.0,-84.0,141.0,-43.0
11.0,31.0,88.0,512.0,78.0,575.0,458.0,-16.0,202.0,-101.0
8.0,364.0,58.0,661.0,79.0,563.0,326.0,22.0,238.0,-123.0
15.0,421.0,46.0,709.0,-104.0,427.0,372.0,-92.0,238.0,-132.0
-10.0,379.0,16.0,561.0,-88.0,464.0,145.0,-151.0,222.0,-148.0
-21.0,405.0,23.0,449.0,49.0,552.0,-225.0,-59.0,219.0,-153.0
-52.0,540.0,20.0,273.0,-2.0,682.0,-277.0,-116.0,220.0,-121.0
-51.0,528.0,20.0,0.0,-117.0,583.0,-116.0,-16.0,214.0,-78.0
-27.0,83.0,53.0,-89.0,-152.0,516.0,-31.0,-9.0,193.0,-41.0
-60.0,69.0,28.0,-63.0,-82.0,703.0,76.0,20.0,165.0,0.0
-32.0,-15.0,40.0,-84.0,22.0,622.0,190.0,92.0,126.0,47.0
-37.0,-233.0,58.0,-166.0,20.0,360.0,0.0,68.0,94.0,101.0
-11.0,-148.0,14.0,-293.0,-10.0,221.0,26.0,48.0,59.0,176.0
-1.0,-293.0,27.0,-406.0,2.0,128.0,358.0,-86.0,15.0,254.0
-14.0,-180.0,39.0,-303.0,133.0,44.0,427.0,-90.0,-24.0,310.0
-34.0,-78.0,-23.0,-183.0,150.0,-235.0,254.0,-218.0,-37.0,343.0
-44.0,-121.0,-38.0,-87.0,-5.0,-447.0,264.0,-273.0,-14.0,369.0
-42.0,86.0,-17.0,16.0,70.0,-160.0,330.0,-160.0,-21.0,393.0
-38.0,191.0,-67.0,86.0,93.0,52.0,24.0,-212.0,-53.0,381.0
-1.0,177.0,-158.0,91.0,5.0,39.0,-208.0,-84.0,-65.0,348.0
14.0,-29.0,-183.0,-80.0,19.0,151.0,-224.0,-46.0,-47.0,298.0
43.0,-254.0,-206.0,-169.0,-30.0,329.0,-75.0,9.0,-33.0,228.0
25.0,-140.0,-253.0,-103.0,28.0,387.0,101.0,-1.0,-31.0,153.0
10.0,-45.0,-241.0,54.0,93.0,357.0,-278.0,-166.0,-2.0,66.0
-26.0,-163.0,-259.0,124.0,-102.0,497.0,-838.0,-96.0,17.0,-17.0
-25.0,-26.0,-242.0,97.0,-120.0,521.0,-1070.0,-144.0,35.0,-67.0
-22.0,114.0,-212.0,142.0,23.0,219.0,-938.0,-42.0,59.0,-87.0
-43.0,139.0,-244.0,154.0,-91.0,-4.0,-574.0,9.0,75.0,-111.0
-93.0,268.0,-234.0,166.0,-96.0,31.0,-376.0,-103.0,77.0,-119.0
-134.0,387.0,-186.0,219.0,-33.0,-10.0,-444.0,-120.0,74.0,-111.0
-127.0,437.0,-181.0,306.0,-92.0,-323.0,-392.0,-140.0,71.0,-97.0
-200.0,331.0,-181.0,335.0,50.0,-370.0,-135.0,1.0,48.0,-53.0
-217.0,528.0,-130.0,295.0,-56.0,30.0,-77.0,-73.0,17.0,-38.0
-241.0,316.0,-109.0,130.0,-262.0,188.0,30.0,-144.0,-2.0,-31.0
-232.0,22.0,-73.0,-102.0,-54.0,45.0,343.0,-219.0,-24.0,-5.0
-237.0,370.0,-79.0,-233.0,-3.0,10.0,698.0,-391.0,-58.0,19.0
-253.0,164.0,-72.0,-303.0,-54.0,143.0,783.0,-288.0,-70.0,41.0
-233.0,-8.0,-15.0,-240.0,-17.0,339.0,247.0,-149.0,-70.0,37.0
-229.0,179.0,-5.0,-87.0,24.0,298.0,-197.0,60.0,-61.0,37.0
-206.0,151.0,47.0,118.0,69.0,265.0,-296.0,155.0,-84.0,16.0
-192.0,-159.0,46.0,329.0,11.0,438.0,-414.0,192.0,-119.0,-36.0
-136.0,-15.0,33.0,429.0,-41.0,465.0,-476.0,142.0,-145.0,-105.0
-127.0,401.0,57.0,342.0,-89.0,409.0,-292.0,22.0,-187.0,-182.0
-85.0,264.0,62.0,168.0,-45.0,319.0,-18.0,171.0,-195.0,-262.0
-53.0,357.0,103.0,-1.0,-66.0,226.0,-123.0,129.0,-221.0,-343.0
-24.0,303.0,123.0,-263.0,-130.0,280.0,-264.0,14.0,-226.0,-396.0
11.0,75.0,76.0,-513.0,17.0,473.0,-221.0,-77.0,-200.0,-446.0
37.0,-113.0,74.0,-695.0,115.0,678.0,-37.0,-68.0,-177.0,-508.0
85.0,-288.0,103.0,-664.0,38.0,555.0,314.0,83.0,-137.0,-540.0
123.0,-347.0,44.0,-453.0,-5.0,390.0,377.0,-20.0,-100.0,-534.0
142.0,-451.0,41.0,-255.0,-45.0,573.0,59.0,-24.0,-47.0,-546.0
125.0,-515.0,36.0,-103.0,-58.0,845.0,-230.0,-49.0,20.0,-557.0
162.0,-835.0,26.0,32.0,38.0,863.0,-122.0,-70.0,102.0,-558.0
163.0,-839.0,54.0,207.0,-9.0,513.0,-4.0,-64.0,153.0,-551.0
186.0,-538.0,41.0,186.0,-24.0,345.0,-35.0,-149.0,187.0,-531.0
165.0,-342.0,67.0,93.0,15.0,530.0,74.0,-73.0,230.0,-517.0
143.0,-227.0,94.0,130.0,-13.0,592.0,176.0,-169.0,240.0,-484.0
133.0,-78.0,100.0,150.0,3.0,440.0,283.0,-280.0,227.0,-445.0
106.0,198.0,144.0,54.0,-113.0,221.0,278.0,-487.0,195.0,-390.0
129.0,422.0,151.0,-123.0,-130.0,92.0,133.0,-582.0,167.0,-324.0
108.0,462.0,105.0,-194.0,-29.0,58.0,-60.0,-447.0,151.0,-272.0
100.0,334.0,153.0,-11.0,-147.0,98.0,-132.0,-482.0,138.0,-217.0
55.0,280.0,151.0,230.0,-147.0,211.0,-134.0,-363.0,139.0,-148.0
57.0,169.0,138.0,289.0,31.0,331.0,-363.0,-343.0,125.0,-67.0
41.0,234.0,147.0,329.0,6.0,338.0,-576.0,-212.0,101.0,-8.0
28.0,149.0,54.0,443.0,7.0,311.0,-456.0,-62.0,67.0,17.0
56.0,14.0,100.0,451.0,-5.0,365.0,-146.0,-136.0,37.0,27.0
73.0,164.0,91.0,317.0,-98.0,346.0,-197.0,-86.0,34.0,47.0
95.0,64.0,16.0,238.0,35.0,178.0,-359.0,-121.0,28.0,31.0
87.0,118.0,50.0,258.0,17.0,120.0,-392.0,-20.0,20.0,-19.0
92.0,127.0,0.0,335.0,-46.0,283.0,-243.0,-118.0,0.0,-70.0
66.0,220.0,-15.0,335.0,135.0,304.0,284.0,-290.0,-41.0,-121.0
71.0,429.0,30.0,214.0,149.0,126.0,383.0,-184.0,-68.0,-159.0
64.0,271.0,5.0,34.0,109.0,-56.0,66.0,-131.0,-70.0,-205.0
78.0,269.0,-22.0,-136.0,107.0,58.0,-235.0,7.0,-60.0,-228.0
75.0,53.0,-25.0,-167.0,38.0,203.0,-359.0,-42.0,-76.0,-246.0
63.0,-121.0,-16.0,-145.0,137.0,43.0,-274.0,-88.0,-96.0,-275.0
73.0,-273.0,-15.0,-22.0,111.0,24.0,-532.0,-131.0,-95.0,-267.0
58.0,-588.0,-45.0,119.0,-31.0,156.0,-589.0,-192.0,-96.0,-258.0
59.0,-299.0,-27.0,135.0,138.0,195.0,-324.0,-12.0,-100.0,-267.0
26.0,-83.0,52.0,20.0,194.0,62.0,-466.0,64.0,-112.0,-268.0
31.0,-69.0,73.0,-24.0,66.0,-81.0,-544.0,240.0,-122.0,-252.0
9.0,-28.0,106.0,121.0,-54.0,-58.0,-389.0,171.0,-120.0,-228.0
0.0,131.0,183.0,251.0,-60.0,-16.0,-160.0,-60.0,-119.0,-217.0
-11.0,167.0,174.0,368.0,127.0,-162.0,227.0,-129.0,-146.0,-220.0
-25.0,-19.0,208.0,428.0,33.0,-261.0,320.0,-253.0,-182.0,-219.0
-17.0,51.0,277.0,387.0,-131.0,-98.0,329.0,-264.0,-187.0,-205.0
-32.0,-110.0,271.0,207.0,-37.0,131.0,525.0,-424.0,-176.0,-188.0
-21.0,-275.0,291.0,78.0,49.0,296.0,495.0,-325.0,-161.0,-145.0
-52.0,-259.0,302.0,104.0,58.0,135.0,495.0,-68.0,-158.0,-79.0
-51.0,-223.0,319.0,130.0,-46.0,-205.0,606.0,7.0,-143.0,-19.0
-38.0,-206.0,313.0,79.0,-70.0,-328.0,442.0,116.0,-114.0,70.0
-40.0,-76.0,263.0,-48.0,91.0,-188.0,441.0,29.0,-80.0,162.0
-45.0,119.0,251.0,-36.0,34.0,-154.0,582.0,83.0,-21.0,227.0
-49.0,135.0,220.0,86.0,-126.0,-302.0,330.0,11.0,35.0,267.0
-33.0,126.0,224.0,231.0,-69.0,-413.0,46.0,-81.0,114.0,289.0
-38.0,109.0,198.0,303.0,-45.0,-502.0,-138.0,22.0,185.0,312.0
-63.0,204.0,117.0,337.0,-11.0,-346.0,-210.0,11.0,217.0,291.0
-58.0,114.0,103.0,371.0,-43.0,-212.0,-411.0,97.0,252.0,234.0
-49.0,5.0,92.0,311.0,-235.0,-417.0,-554.0,-3.0,294.0,204.0
-58.0,-43.0,109.0,138.0,-117.0,-509.0,-286.0,-90.0,337.0,181.0
-46.0,0.0,52.0,-211.0,76.0,-267.0,-401.0,-177.0,347.0,126.0
-53.0,78.0,53.0,-402.0,5.0,-195.0,-514.0,-295.0,338.0,108.0
-49.0,-35.0,83.0,-305.0,-54.0,-307.0,-221.0,-354.0,320.0,102.0
-79.0,57.0,19.0,-65.0,-23.0,-306.0,-126.0,-497.0,267.0,61.0
-101.0,-114.0,40.0,195.0,130.0,-336.0,-108.0,-306.0,212.0,39.0
-114.0,-181.0,26.0,288.0,120.0,-177.0,303.0,-205.0,161.0,48.0
-123.0,19.0,53.0,235.0,-171.0,49.0,619.0,-116.0,75.0,51.0
-102.0,11.0,111.0,27.0,-126.0,-43.0,296.0,31.0,-16.0,14.0
-113.0,127.0,73.0,-151.0,137.0,-399.0,-20.0,-5.0,-91.0,9.0
-93.0,194.0,58.0,-211.0,92.0,-556.0,62.0,51.0,-145.0,22.0
-75.0,40.0,106.0,-256.0,24.0,-292.0,111.0,-14.0,-164.0,-26.0
-61.0,-223.0,145.0,-179.0,30.0,-224.0,-116.0,-5.0,-206.0,-90.0
-64.0,-146.0,162.0,-34.0,20.0,-447.0,1.0,60.0,-257.0,-112.0
-39.0,-102.0,159.0,58.0,62.0,-582.0,236.0,227.0,-261.0,-126.0
-3.0,-215.0,128.0,137.0,-91.0,-569.0,9.0,356.0,-243.0,-123.0
17.0,101.0,124.0,200.0,-172.0,-505.0,-286.0,184.0,-242.0,-103.0
75.0,278.0,156.0,291.0,33.0,-437.0,-373.0,101.0,-254.0,-71.0
115.0,127.0,186.0,332.0,59.0,-316.0,-274.0,-29.0,-256.0,1.0
158.0,239.0,167.0,186.0,-96.0,-321.0,-295.0,-62.0,-254.0,26.0
151.0,479.0,151.0,86.0,-115.0,-310.0,-237.0,-256.0,-214.0,52.0
158.0,166.0,147.0,71.0,-21.0,-62.0,-18.0,-541.0,-136.0,105.0
178.0,83.0,118.0,-19.0,7.0,4.0,7.0,-487.0,-93.0,118.0
153.0,189.0,77.0,-110.0,-77.0,-172.0,115.0,-461.0,-78.0,120.0
141.0,-138.0,58.0,-95.0,-202.0,-252.0,513.0,-205.0,-48.0,135.0
126.0,-15.0,35.0,62.0,-154.0,-275.0,634.0,0.0,-5.0,155.0
89.0,58.0,1.0,139.0,46.0,-427.0,477.0,182.0,59.0,129.0
35.0,-218.0,-19.0,-3.0,132.0,-667.0,347.0,421.0,106.0,115.0
-22.0,-253.0,-54.0,-210.0,35.0,-731.0,126.0,395.0,95.0,118.0
-94.0,-68.0,-90.0,-248.0,46.0,-609.0,-67.0,315.0,92.0,83.0
-136.0,-72.0,-93.0,-172.0,248.0,-561.0,-246.0,36.0,136.0,16.0
-181.0,-155.0,-41.0,-205.0,169.0,-632.0,-357.0,-12.0,165.0,-46.0
-229.0,183.0,-33.0,-135.0,41.0,-684.0,-582.0,31.0,155.0,-74.0
-242.0,323.0,-59.0,51.0,92.0,-617.0,-625.0,-33.0,94.0,-108.0
-237.0,235.0,-56.0,109.0,104.0,-354.0,-333.0,-55.0,-8.0,-123.0
-232.0,324.0,-111.0,39.0,170.0,-2.0,-299.0,-203.0,-68.0,-101.0
-236.0,457.0,-91.0,-29.0,-14.0,100.0,-382.0,-212.0,-106.0,-63.0
-195.0,579.0,0.0,-10.0,-246.0,-39.0,-275.0,-251.0,-139.0,-16.0
-174.0,682.0,-40.0,57.0,20.0,-316.0,-74.0,-125.0,-159.0,39.0
-167.0,647.0,-7.0,109.0,134.0,-509.0,-46.0,24.0,-201.0,113.0
-123.0,173.0,17.0,52.0,-223.0,-385.0,334.0,22.0,-239.0,163.0
-75.0,-127.0,-30.0,34.0,-153.0,-427.0,743.0,169.0,-258.0,189.0
-40.0,-149.0,32.0,165.0,46.0,-679.0,509.0,86.0,-262.0,235.0
-22.0,-526.0,33.0,266.0,-61.0,-760.0,364.0,-49.0,-279.0,273.0
3.0,-760.0,31.0,246.0,12.0,-492.0,469.0,-149.0,-321.0,273.0
6.0,-573.0,39.0,188.0,-55.0,-185.0,416.0,-251.0,-319.0,275.0
9.0,-442.0,31.0,197.0,-79.0,-335.0,326.0,-363.0,-258.0,318.0
17.0,-433.0,94.0,211.0,109.0,-297.0,389.0,-502.0,-188.0,352.0
18.0,-117.0,106.0,214.0,-24.0,-45.0,57.0,-319.0,-128.0,359.0
20.0,147.0,59.0,203.0,-97.0,-162.0,-378.0,-151.0,-104.0,391.0
10.0,196.0,60.0,116.0,123.0,-265.0,-602.0,-1.0,-100.0,411.0
21.0,374.0,56.0,83.0,161.0,-178.0,-657.0,90.0,-76.0,402.0
25.0,357.0,21.0,127.0,74.0,-125.0,-353.0,94.0,-53.0,381.0
33.0,267.0,33.0,200.0,48.0,-81.0,-213.0,245.0,-21.0,345.0
34.0,306.0,-1.0,266.0,48.0,-17.0,-169.0,208.0,-4.0,294.0
46.0,237.0,-44.0,197.0,180.0,4.0,-437.0,282.0,12.0,222.0
60.0,-113.0,-64.0,10.0,127.0,41.0,-810.0,336.0,37.0,172.0
72.0,-305.0,-37.0,-183.0,-124.0,-13.0,-704.0,275.0,30.0,127.0
114.0,-326.0,-11.0,-162.0,-44.0,-126.0,-504.0,238.0,20.0,90.0
111.0,-455.0,-89.0,66.0,95.0,-181.0,-351.0,36.0,-9.0,71.0
112.0,-417.0,-71.0,225.0,24.0,-127.0,-337.0,-60.0,-37.0,53.0
102.0,-408.0,-106.0,286.0,-42.0,-4.0,-261.0,-251.0,-33.0,72.0
112.0,-394.0,-127.0,258.0,-23.0,-61.0,-132.0,-328.0,-28.0,83.0
124.0,-569.0,-89.0,69.0,65.0,-109.0,-186.0,-349.0,-5.0,77.0
125.0,-721.0,-123.0,-102.0,15.0,-156.0,-218.0,-367.0,0.0,73.0
154.0,-460.0,-101.0,-170.0,-28.0,-365.0,-42.0,-168.0,-1.0,72.0
152.0,-170.0,-85.0,-261.0,64.0,-445.0,280.0,-75.0,0.0,66.0
149.0,25.0,-116.0,-261.0,139.0,-139.0,537.0,112.0,-22.0,32.0
112.0,125.0,-156.0,-285.0,189.0,114.0,569.0,97.0,-33.0,13.0
100.0,472.0,-101.0,-264.0,19.0,-60.0,212.0,16.0,-21.0,5.0
88.0,575.0,-96.0,-138.0,-72.0,-173.0,-164.0,83.0,-12.0,-9.0
73.0,470.0,-100.0,-83.0,119.0,-151.0,-166.0,64.0,-22.0,-7.0
78.0,663.0,-131.0,87.0,36.0,-194.0,121.0,131.0,-16.0,7.0
72.0,652.0,-207.0,234.0,-179.0,-164.0,286.0,144.0,-7.0,8.0
103.0,547.0,-151.0,252.0,-132.0,-87.0,45.0,376.0,5.0,20.0
108.0,450.0,-177.0,173.0,-79.0,-269.0,-84.0,484.0,7.0,36.0
100.0,360.0,-230.0,-20.0,-32.0,-360.0,-94.0,349.0,-19.0,28.0
119.0,159.0,-223.0,-218.0,-94.0,-136.0,-207.0,284.0,0.0,1.0
141.0,77.0,-162.0,-387.0,-248.0,-104.0,-225.0,68.0,37.0,-34.0
152.0,-146.0,-200.0,-463.0,-41.0,-162.0,-170.0,-84.0,49.0,-73.0
179.0,-474.0,-176.0,-415.0,53.0,-144.0,-122.0,-363.0,42.0,-123.0
198.0,-252.0,-106.0,-341.0,-249.0,83.0,-143.0,-386.0,29.0,-160.0
210.0,-183.0,-141.0,-270.0,-237.0,146.0,-162.0,-86.0,0.0,-183.0
208.0,-253.0,-32.0,-105.0,-7.0,-222.0,-390.0,57.0,-29.0,-213.0
197.0,-328.0,-43.0,120.0,-67.0,-425.0,-572.0,291.0,-40.0,-229.0
211.0,-199.0,-19.0,310.0,-66.0,-181.0,-497.0,400.0,-67.0,-241.0
207.0,-210.0,38.0,408.0,-63.0,269.0,-375.0,474.0,-65.0,-253.0
209.0,-430.0,17.0,353.0,-202.0,208.0,-39.0,378.0,-62.0,-243.0
205.0,-210.0,106.0,215.0,-31.0,-138.0,218.0,118.0,-79.0,-232.0
205.0,-309.0,122.0,94.0,-11.0,-108.0,282.0,-109.0,-63.0,-193.0
191.0,-365.0,91.0,61.0,-225.0,20.0,21.0,-362.0,-34.0,-133.0
171.0,-328.0,68.0,165.0,-36.0,-87.0,-265.0,-251.0,2.0,-89.0
127.0,-416.0,81.0,207.0,135.0,-225.0,-99.0,-151.0,0.0,-20.0
81.0,-342.0,76.0,107.0,135.0,-123.0,159.0,-24.0,-27.0,75.0
77.0,-202.0,59.0,98.0,101.0,-148.0,113.0,232.0,-2.0,164.0
46.0,-75.0,40.0,61.0,-69.0,-169.0,-94.0,402.0,11.0,227.0
37.0,-383.0,-50.0,-48.0,58.0,142.0,129.0,412.0,-16.0,300.0
17.0,-379.0,-77.0,-61.0,186.0,245.0,125.0,107.0,-52.0,372.0
7.0,-93.0,-84.0,35.0,51.0,41.0,-208.0,79.0,-87.0,406.0
21.0,-179.0,-89.0,158.0,-12.0,57.0,-171.0,127.0,-70.0,413.0
21.0,-63.0,-125.0,159.0,87.0,327.0,-33.0,101.0,-48.0,404.0
10.0,194.0,-127.0,178.0,201.0,452.0,-93.0,155.0,-58.0,357.0
-12.0,236.0,-91.0,203.0,56.0,418.0,-171.0,251.0,-64.0,278.0
-46.0,223.0,-184.0,162.0,-12.0,375.0,-258.0,415.0,-64.0,207.0
-80.0,138.0,-171.0,52.0,86.0,379.0,-557.0,219.0,-58.0,113.0
-57.0,136.0,-174.0,-113.0,104.0,425.0,-388.0,112.0,-50.0,20.0
-35.0,225.0,-205.0,-199.0,20.0,254.0,-412.0,44.0,-25.0,-77.0
-36.0,50.0,-144.0,-221.0,8.0,-62.0,-682.0,-125.0,-35.0,-146.0
-25.0,-41.0,-147.0,-250.0,30.0,-91.0,-453.0,-114.0,-48.0,-171.0
-2.0,-142.0,-85.0,-297.0,73.0,60.0,-264.0,-212.0,-43.0,-211.0
-8.0,-175.0,-81.0,-284.0,146.0,-26.0,68.0,-227.0,-70.0,-238.0
-27.0,-119.0,-81.0,-297.0,-46.0,-201.0,358.0,-249.0,-73.0,-245.0
-35.0,-231.0,-17.0,-328.0,-97.0,-112.0,599.0,-171.0,-71.0,-234.0
-32.0,-96.0,17.0,-305.0,46.0,147.0,573.0,-44.0,-84.0,-239.0
-27.0,-32.0,46.0,-223.0,0.0,246.0,447.0,-105.0,-83.0,-242.0
-30.0,39.0,32.0,-95.0,-137.0,209.0,573.0,-3.0,-71.0,-203.0
1.0,114.0,70.0,5.0,-144.0,46.0,475.0,75.0,-80.0,-147.0
3.0,64.0,89.0,131.0,-103.0,-215.0,289.0,164.0,-89.0,-93.0
17.0,78.0,91.0,138.0,-76.0,-100.0,60.0,173.0,-83.0,-42.0
34.0,-73.0,84.0,-29.0,-59.0,235.0,137.0,101.0,-78.0,50.0
20.0,-178.0,71.0,-190.0,-100.0,260.0,92.0,57.0,-37.0,149.0
56.0,-288.0,101.0,-341.0,38.0,2.0,-241.0,-48.0,28.0,213.0
64.0,-245.0,79.0,-429.0,73.0,-134.0,-137.0,79.0,85.0,287.0
48.0,-155.0,53.0,-374.0,-55.0,-37.0,88.0,97.0,101.0,380.0
58.0,-303.0,22.0,-281.0,-52.0,96.0,-195.0,168.0,128.0,443.0
100.0,-142.0,31.0,-217.0,17.0,181.0,-584.0,330.0,167.0,460.0
105.0,116.0,-16.0,-217.0,-1.0,148.0,-294.0,312.0,187.0,484.0
63.0,183.0,-86.0,-194.0,-60.0,243.0,-173.0,360.0,223.0,495.0
53.0,266.0,-96.0,-38.0,-25.0,413.0,-603.0,210.0,246.0,441.0
47.0,202.0,-170.0,66.0,37.0,309.0,-562.0,157.0,246.0,373.0
55.0,-65.0,-143.0,134.0,136.0,271.0,106.0,81.0,252.0,325.0
53.0,-224.0,-112.0,134.0,21.0,533.0,282.0,-1.0,248.0,233.0
40.0,-342.0,-110.0,-17.0,-103.0,615.0,-327.0,92.0,235.0,90.0
44.0,-501.0,-112.0,-180.0,1.0,389.0,-451.0,27.0,218.0,-20.0
26.0,-400.0,-121.0,-241.0,52.0,293.0,-343.0,155.0,203.0,-94.0
34.0,-269.0,-89.0,-138.0,5.0,274.0,-638.0,271.0,201.0,-188.0
63.0,-297.0,-69.0,7.0,-91.0,208.0,-364.0,456.0,156.0,-258.0
58.0,-235.0,-50.0,76.0,-71.0,302.0,275.0,484.0,88.0,-262.0
77.0,33.0,-69.0,102.0,61.0,508.0,120.0,273.0,10.0,-249.0
71.0,124.0,0.0,150.0,85.0,371.0,-286.0,194.0,-80.0,-229.0
32.0,-69.0,32.0,129.0,-66.0,-35.0,49.0,-201.0,-122.0,-191.0
8.0,-98.0,41.0,59.0,-25.0,39.0,392.0,-343.0,-161.0,-121.0
-10.0,-161.0,67.0,-34.0,150.0,409.0,143.0,-279.0,-201.0,-22.0
23.0,-274.0,70.0,-108.0,38.0,383.0,98.0,-254.0,-227.0,52.0
36.0,-298.0,100.0,-155.0,-70.0,-2.0,419.0,-116.0,-258.0,131.0
26.0,-359.0,38.0,-235.0,-63.0,23.0,512.0,20.0,-277.0,217.0
23.0,-265.0,43.0,-164.0,52.0,465.0,225.0,284.0,-298.0,246.0
14.0,-202.0,32.0,-43.0,97.0,603.0,96.0,277.0,-315.0,239.0
8.0,-130.0,-53.0,-35.0,-100.0,494.0,339.0,293.0,-287.0,246.0
-18.0,-26.0,-75.0,-112.0,-78.0,318.0,383.0,190.0,-243.0,238.0
0.0,225.0,-15.0,-29.0,3.0,183.0,68.0,-38.0,-216.0,188.0
29.0,577.0,-16.0,65.0,-57.0,77.0,-261.0,96.0,-181.0,160.0
34.0,542.0,-109.0,-24.0,-71.0,159.0,-420.0,72.0,-136.0,163.0
40.0,528.0,-126.0,-74.0,-156.0,369.0,-559.0,60.0,-89.0,140.0
55.0,518.0,-176.0,-110.0,-94.0,369.0,-612.0,188.0,-41.0,121.0
102.0,474.0,-177.0,-149.0,52.0,260.0,-451.0,304.0,18.0,122.0
115.0,262.0,-144.0,-228.0,-63.0,-6.0,-305.0,291.0,81.0,123.0
117.0,-115.0,-156.0,-217.0,-95.0,-64.0,-117.0,201.0,119.0,82.0
146.0,-259.0,-112.0,-164.0,3.0,227.0,243.0,295.0,146.0,16.0
138.0,-265.0,-119.0,-173.0,47.0,204.0,403.0,240.0,154.0,-26.0
119.0,-99.0,-119.0,-179.0,47.0,66.0,214.0,312.0,127.0,-109.0
110.0,-112.0,-61.0,-238.0,-94.0,316.0,-15.0,341.0,113.0,-192.0
110.0,49.0,-75.0,-331.0,-60.0,391.0,-7.0,131.0,114.0,-228.0
116.0,324.0,-95.0,-376.0,65.0,182.0,264.0,107.0,116.0,-253.0
116.0,139.0,-90.0,-240.0,-17.0,303.0,109.0,199.0,107.0,-274.0
122.0,-58.0,-29.0,-124.0,-31.0,547.0,-339.0,356.0,86.0,-273.0
131.0,0.0,28.0,-170.0,42.0,433.0,-427.0,284.0,83.0,-229.0
134.0,-80.0,-5.0,-263.0,50.0,182.0,-326.0,194.0,67.0,-187.0
119.0,-309.0,-42.0,-294.0,40.0,149.0,-279.0,27.0,4.0,-149.0
98.0,-237.0,-17.0,-172.0,-58.0,201.0,-462.0,-240.0,-71.0,-92.0
100.0,-281.0,-8.0,-10.0,-146.0,377.0,-352.0,-190.0,-107.0,-35.0
128.0,-381.0,-92.0,76.0,-29.0,614.0,-297.0,-206.0,-104.0,3.0
133.0,-175.0,-110.0,136.0,-10.0,530.0,-581.0,-162.0,-141.0,14.0
113.0,76.0,-120.0,187.0,-114.0,169.0,-522.0,-94.0,-196.0,52.0
100.0,2.0,-138.0,227.0,-65.0,12.0,-514.0,18.0,-237.0,93.0
85.0,-61.0,-127.0,224.0,62.0,352.0,-641.0,199.0,-300.0,113.0
81.0,123.0,-126.0,152.0,75.0,436.0,-585.0,195.0,-315.0,142.0
79.0,-150.0,-107.0,27.0,-27.0,143.0,-56.0,256.0,-305.0,165.0
77.0,-143.0,-139.0,-152.0,-46.0,189.0,426.0,254.0,-313.0,182.0
66.0,72.0,-99.0,-163.0,77.0,333.0,358.0,321.0,-273.0,191.0
63.0,-151.0,-93.0,-12.0,111.0,436.0,430.0,260.0,-229.0,204.0
49.0,-12.0,-137.0,38.0,22.0,341.0,607.0,160.0,-165.0,217.0
18.0,118.0,-64.0,42.0,12.0,-52.0,573.0,291.0,-89.0,217.0
-2.0,183.0,-46.0,67.0,76.0,-74.0,378.0,232.0,-42.0,198.0
-23.0,360.0,2.0,41.0,177.0,202.0,144.0,297.0,68.0,165.0
-42.0,404.0,41.0,-20.0,107.0,103.0,3.0,164.0,156.0,113.0
-68.0,422.0,33.0,-40.0,29.0,-132.0,-91.0,-169.0,162.0,37.0
-89.0,351.0,120.0,-43.0,91.0,-1.0,-487.0,-182.0,189.0,-39.0
-135.0,337.0,63.0,-114.0,29.0,214.0,-989.0,-83.0,216.0,-109.0
-178.0,121.0,71.0,-241.0,2.0,81.0,-1034.0,88.0,256.0,-166.0
-195.0,-70.0,132.0,-336.0,-37.0,-159.0,-715.0,75.0,272.0,-211.0
-221.0,-19.0,59.0,-280.0,-107.0,-144.0,-350.0,151.0,245.0,-245.0
-259.0,-128.0,110.0,-79.0,-15.0,-141.0,-249.0,258.0,224.0,-263.0
-272.0,-128.0,88.0,145.0,-28.0,56.0,-287.0,188.0,174.0,-270.0
-269.0,50.0,87.0,323.0,-173.0,340.0,-158.0,134.0,131.0,-266.0
-285.0,71.0,132.0,349.0,-31.0,7.0,278.0,38.0,104.0,-258.0
-291.0,161.0,72.0,176.0,97.0,-416.0,476.0,243.0,74.0,-243.0
-279.0,214.0,128.0,-39.0,-56.0,-495.0,190.0,216.0,39.0,-228.0
-275.0,-117.0,141.0,-192.0,-119.0,-242.0,-82.0,1.0,20.0,-209.0
-254.0,-175.0,117.0,-191.0,-90.0,-72.0,-399.0,-60.0,31.0,-180.0
-229.0,-113.0,123.0,-49.0,14.0,-363.0,-601.0,-134.0,48.0,-145.0
-223.0,-349.0,95.0,120.0,22.0,-553.0,-554.0,9.0,63.0,-112.0
-205.0,-481.0,34.0,297.0,-137.0,-453.0,-433.0,-60.0,37.0,-91.0
-210.0,-345.0,-43.0,356.0,-112.0,-39.0,-437.0,-177.0,15.0,-58.0
-200.0,-157.0,-24.0,283.0,-10.0,171.0,-424.0,-120.0,25.0,-29.0
-187.0,-171.0,-54.0,222.0,-48.0,-127.0,-129.0,7.0,43.0,-12.0
-177.0,-76.0,-63.0,242.0,-150.0,-100.0,249.0,164.0,17.0,10.0
-168.0,-84.0,-108.0,211.0,-127.0,55.0,676.0,208.0,-35.0,28.0
-151.0,-128.0,-168.0,-2.0,21.0,30.0,1045.0,271.0,-52.0,45.0
-128.0,-132.0,-52.0,-144.0,82.0,-6.0,936.0,171.0,-63.0,60.0
-127.0,-394.0,-71.0,-211.0,-21.0,-61.0,319.0,109.0,-50.0,72.0
-91.0,-331.0,-117.0,-356.0,-82.0,62.0,-96.0,-51.0,-41.0,91.0
-89.0,-109.0,-81.0,-395.0,59.0,33.0,-110.0,-240.0,-40.0,106.0
-78.0,-96.0,-71.0,-269.0,134.0,48.0,-61.0,-46.0,-32.0,145.0
-77.0,-183.0,-58.0,-48.0,9.0,72.0,-27.0,-14.0,-14.0,219.0
-86.0,-112.0,-97.0,93.0,-84.0,-125.0,-217.0,-73.0,31.0,283.0
-100.0,24.0,-81.0,110.0,20.0,-85.0,-610.0,-94.0,62.0,323.0
-119.0,-125.0,-34.0,102.0,135.0,-179.0,-942.0,-101.0,103.0,335.0
-110.0,28.0,-56.0,51.0,23.0,-454.0,-1050.0,59.0,161.0,324.0
-107.0,225.0,-87.0,-14.0,-122.0,-532.0,-892.0,133.0,208.0,290.0
-100.0,135.0,-75.0,-34.0,-48.0,-217.0,-597.0,168.0,231.0,229.0
-121.0,396.0,-72.0,-72.0,94.0,121.0,-377.0,112.0,257.0,149.0
-112.0,557.0,-70.0,-180.0,8.0,54.0,-306.0,194.0,282.0,64.0
-121.0,382.0,-28.0,-214.0,-87.0,-177.0,-156.0,351.0,281.0,-19.0
-135.0,479.0,-2.0,-145.0,-14.0,-345.0,40.0,345.0,285.0,-93.0
-139.0,412.0,-5.0,-68.0,40.0,-250.0,109.0,304.0,298.0,-164.0
-129.0,89.0,-18.0,-43.0,40.0,-127.0,258.0,99.0,300.0,-235.0
-116.0,99.0,-15.0,-53.0,-66.0,-125.0,553.0,22.0,252.0,-271.0
-112.0,104.0,5.0,-55.0,-133.0,-316.0,670.0,-79.0,186.0,-271.0
-94.0,25.0,7.0,-11.0,66.0,-394.0,374.0,-144.0,147.0,-269.0
-97.0,-59.0,27.0,84.0,113.0,-225.0,148.0,-158.0,114.0,-288.0
-72.0,-39.0,76.0,111.0,-78.0,-183.0,242.0,-258.0,85.0,-284.0
-70.0,-60.0,41.0,74.0,21.0,-210.0,332.0,-35.0,55.0,-259.0
-41.0,-342.0,64.0,9.0,157.0,-262.0,365.0,105.0,27.0,-245.0
-17.0,-375.0,145.0,-105.0,82.0,-335.0,412.0,258.0,-6.0,-225.0
19.0,-369.0,104.0,-151.0,-17.0,-347.0,526.0,282.0,-64.0,-202.0
44.0,-282.0,121.0,-122.0,-111.0,-137.0,467.0,88.0,-151.0,-160.0
30.0,-202.0,101.0,-117.0,-49.0,11.0,344.0,24.0,-226.0,-109.0
28.0,-300.0,65.0,-119.0,-7.0,-34.0,414.0,-142.0,-251.0,-45.0
16.0,-180.0,104.0,-156.0,-182.0,44.0,428.0,-182.0,-278.0,29.0
10.0,-121.0,64.0,-187.0,-209.0,236.0,276.0,-317.0,-290.0,91.0
1.0,-95.0,42.0,-159.0,-125.0,135.0,121.0,-290.0,-281.0,159.0
10.0,-55.0,-6.0,-105.0,-92.0,-211.0,116.0,-16.0,-302.0,235.0
-2.0,29.0,-49.0,-56.0,-44.0,-325.0,-10.0,55.0,-297.0,301.0
-24.0,78.0,-32.0,-73.0,-132.0,-245.0,-224.0,188.0,-267.0,335.0
-79.0,109.0,-45.0,-95.0,-97.0,-263.0,-366.0,179.0,-274.0,350.0
-111.0,81.0,-103.0,-114.0,64.0,-486.0,-437.0,214.0,-275.0,368.0
-133.0,-135.0,-91.0,-205.0,81.0,-615.0,-185.0,205.0,-266.0,365.0
-122.0,-97.0,-48.0,-254.0,-13.0,-655.0,95.0,-38.0,-233.0,348.0
-105.0,-115.0,-86.0,-231.0,-37.0,-501.0,244.0,-164.0,-217.0,311.0
-107.0,-121.0,-72.0,-242.0,112.0,-290.0,219.0,-258.0,-239.0,263.0
-79.0,-191.0,-83.0,-201.0,56.0,-465.0,-18.0,-232.0,-231.0,219.0
-77.0,-111.0,-24.0,-117.0,-146.0,-510.0,34.0,-323.0,-212.0,175.0
-45.0,192.0,6.0,-41.0,-104.0,-296.0,359.0,-360.0,-183.0,143.0
-70.0,89.0,20.0,18.0,-4.0,-189.0,560.0,-210.0,-158.0,103.0
-72.0,274.0,94.0,-11.0,-20.0,-244.0,615.0,-116.0,-140.0,81.0
-49.0,473.0,5.0,-31.0,-48.0,-285.0,628.0,121.0,-97.0,93.0
-23.0,446.0,76.0,-10.0,-87.0,-228.0,544.0,177.0,-61.0,103.0
10.0,494.0,105.0,0.0,22.0,-226.0,433.0,177.0,-48.0,101.0
5.0,456.0,70.0,26.0,158.0,-352.0,416.0,240.0,-17.0,86.0
14.0,277.0,100.0,33.0,63.0,-389.0,295.0,258.0,6.0,91.0
24.0,232.0,28.0,-6.0,20.0,-214.0,68.0,101.0,23.0,89.0
12.0,323.0,72.0,-54.0,49.0,-133.0,-162.0,-171.0,57.0,56.0
-30.0,139.0,133.0,-120.0,56.0,-273.0,-375.0,-55.0,75.0,40.0
-44.0,34.0,113.0,-164.0,55.0,-399.0,-318.0,-96.0,103.0,24.0
-27.0,7.0,41.0,-228.0,-37.0,-246.0,-182.0,-169.0,128.0,1.0
-12.0,4.0,35.0,-256.0,-54.0,-56.0,-191.0,-81.0,112.0,-21.0
-59.0,-198.0,18.0,-150.0,87.0,-95.0,-46.0,36.0,80.0,-58.0
-65.0,-183.0,-28.0,-8.0,84.0,-108.0,204.0,253.0,52.0,-102.0
-65.0,-94.0,-57.0,157.0,-39.0,-39.0,237.0,199.0,40.0,-130.0
-71.0,-181.0,-60.0,301.0,38.0,-85.0,225.0,277.0,55.0,-128.0
-73.0,88.0,-58.0,352.0,116.0,-31.0,732.0,247.0,55.0,-147.0
-87.0,-15.0,-118.0,253.0,65.0,343.0,1172.0,129.0,20.0,-181.0
-60.0,51.0,-93.0,189.0,4.0,394.0,972.0,123.0,0.0,-194.0
-58.0,254.0,-135.0,221.0,-16.0,-41.0,827.0,-62.0,-19.0,-203.0
-32.0,151.0,-173.0,253.0,60.0,-329.0,691.0,-51.0,-15.0,-208.0
-39.0,44.0,-174.0,283.0,30.0,-68.0,472.0,-3.0,17.0,-219.0
-16.0,-110.0,-231.0,293.0,-109.0,323.0,352.0,101.0,19.0,-233.0
-18.0,-49.0,-220.0,342.0,-93.0,234.0,210.0,149.0,20.0,-236.0
-27.0,-106.0,-252.0,335.0,95.0,12.0,123.0,55.0,46.0,-224.0
-28.0,-25.0,-288.0,346.0,91.0,-48.0,160.0,5.0,58.0,-202.0
-73.0,34.0,-224.0,311.0,-68.0,128.0,217.0,-253.0,37.0,-198.0
-77.0,-181.0,-275.0,155.0,-58.0,250.0,-1.0,-262.0,12.0,-196.0
-95.0,-133.0,-369.0,28.0,-29.0,104.0,-395.0,-160.0,4.0,-168.0
-99.0,-87.0,-258.0,-57.0,-36.0,-46.0,-560.0,5.0,20.0,-122.0
-131.0,-119.0,-259.0,-98.0,-105.0,-137.0,-372.0,354.0,16.0,-74.0
-124.0,13.0,-269.0,-118.0,-205.0,23.0,-308.0,317.0,-14.0,-46.0
-126.0,319.0,-197.0,-113.0,-108.0,198.0,-449.0,171.0,-32.0,0.0
-152.0,483.0,-227.0,-45.0,-57.0,88.0,-241.0,-24.0,-83.0,46.0
-172.0,301.0,-189.0,-7.0,-185.0,-14.0,187.0,-155.0,-133.0,73.0
-182.0,306.0,-230.0,17.0,-147.0,80.0,296.0,-249.0,-141.0,102.0
-175.0,201.0,-233.0,142.0,-75.0,167.0,41.0,-421.0,-141.0,108.0
-197.0,-125.0,-149.0,117.0,-24.0,97.0,-48.0,-323.0,-147.0,111.0
-187.0,-78.0,-191.0,-72.0,19.0,-85.0,138.0,-201.0,-176.0,126.0
-166.0,-182.0,-218.0,-152.0,-37.0,-191.0,144.0,-59.0,-194.0,141.0
-156.0,-354.0,-173.0,-63.0,-40.0,-93.0,57.0,-75.0,-189.0,143.0
-166.0,-201.0,-165.0,1.0,-12.0,-2.0,346.0,-68.0,-177.0,152.0
-160.0,-143.0,-207.0,-34.0,68.0,-12.0,600.0,48.0,-119.0,178.0
-186.0,-127.0,-159.0,-26.0,83.0,12.0,529.0,53.0,-41.0,211.0
-179.0,-110.0,-144.0,91.0,61.0,60.0,730.0,101.0,28.0,230.0
-170.0,-84.0,-134.0,242.0,116.0,185.0,1201.0,-153.0,81.0,229.0
-182.0,-31.0,-89.0,177.0,110.0,377.0,1098.0,-223.0,87.0,247.0
-160.0,-130.0,-148.0,66.0,47.0,335.0,361.0,-99.0,94.0,261.0
-151.0,-35.0,-74.0,53.0,105.0,54.0,17.0,-72.0,113.0,276.0
-127.0,62.0,-3.0,0.0,126.0,-118.0,101.0,-44.0,157.0,285.0
-131.0,167.0,-57.0,-145.0,4.0,52.0,190.0,-197.0,217.0,279.0
-99.0,325.0,-26.0,-326.0,-7.0,351.0,470.0,-123.0,249.0,273.0
-87.0,252.0,14.0,-285.0,-66.0,411.0,628.0,-112.0,258.0,277.0
-64.0,318.0,8.0,-184.0,-81.0,256.0,4.0,-184.0,266.0,291.0
-30.0,127.0,38.0,-143.0,3.0,191.0,-791.0,-236.0,275.0,260.0
-19.0,26.0,-3.0,-103.0,-53.0,237.0,-550.0,-301.0,252.0,227.0
-10.0,96.0,-78.0,-56.0,-48.0,213.0,-88.0,-77.0,222.0,222.0
-3.0,-45.0,43.0,70.0,74.0,-58.0,17.0,-75.0,200.0,211.0
34.0,15.0,71.0,60.0,27.0,-287.0,253.0,-192.0,167.0,185.0
32.0,4.0,-2.0,-17.0,9.0,-97.0,87.0,-177.0,134.0,148.0
35.0,-79.0,42.0,3.0,76.0,-50.0,-408.0,-40.0,80.0,113.0
0.0,-330.0,19.0,0.0,-12.0,-213.0,-640.0,70.0,11.0,86.0
-7.0,-417.0,12.0,-82.0,28.0,-183.0,-433.0,-72.0,-14.0,48.0
-6.0,-194.0,28.0,-211.0,35.0,52.0,-318.0,-29.0,-10.0,3.0
-49.0,-75.0,-11.0,-351.0,-38.0,234.0,-560.0,-3.0,12.0,-40.0
-95.0,49.0,32.0,-480.0,-7.0,99.0,-395.0,-60.0,63.0,-101.0
-142.0,91.0,-14.0,-480.0,-31.0,-35.0,-342.0,-112.0,65.0,-145.0
-150.0,97.0,-34.0,-406.0,10.0,-68.0,-476.0,-155.0,60.0,-179.0
-172.0,102.0,-30.0,-334.0,-2.0,-99.0,-197.0,0.0,84.0,-237.0
-206.0,99.0,-131.0,-269.0,-109.0,-183.0,46.0,81.0,106.0,-285.0
-235.0,44.0,-111.0,-118.0,-19.0,-273.0,411.0,140.0,132.0,-328.0
-211.0,162.0,-178.0,-10.0,28.0,-314.0,679.0,51.0,132.0,-380.0
-200.0,135.0,-180.0,-24.0,-11.0,-380.0,535.0,131.0,112.0,-439.0
-203.0,-29.0,-132.0,81.0,81.0,-303.0,215.0,218.0,94.0,-506.0
-181.0,276.0,-190.0,91.0,48.0,-151.0,207.0,-160.0,107.0,-546.0
-174.0,296.0,-196.0,59.0,69.0,-79.0,865.0,-291.0,152.0,-571.0
-186.0,236.0,-202.0,75.0,118.0,-82.0,1302.0,-334.0,182.0,-595.0
-189.0,346.0,-208.0,89.0,-17.0,-102.0,1243.0,-288.0,166.0,-583.0
-163.0,142.0,-289.0,190.0,31.0,-59.0,1087.0,-264.0,129.0,-542.0
-149.0,-16.0,-242.0,196.0,96.0,-45.0,765.0,-282.0,75.0,-507.0
-136.0,98.0,-165.0,117.0,71.0,-201.0,156.0,33.0,16.0,-477.0
-135.0,143.0,-150.0,96.0,33.0,-211.0,-354.0,153.0,0.0,-420.0
-139.0,-26.0,-111.0,77.0,-16.0,36.0,-291.0,134.0,0.0,-387.0
-150.0,35.0,-129.0,-26.0,74.0,166.0,-225.0,-14.0,2.0,-396.0
-133.0,1.0,-36.0,-127.0,66.0,183.0,-461.0,-123.0,-14.0,-383.0
-130.0,-159.0,2.0,-182.0,-94.0,178.0,-858.0,16.0,-24.0,-336.0
-122.0,-136.0,-48.0,-157.0,-137.0,210.0,-1544.0,155.0,-16.0,-316.0
-92.0,-34.0,2.0,-111.0,-138.0,187.0,-1637.0,245.0,-51.0,-321.0
-105.0,-151.0,79.0,-27.0,-132.0,54.0,-829.0,142.0,-78.0,-255.0
-109.0,-434.0,115.0,98.0,-63.0,-144.0,-219.0,162.0,-87.0,-193.0
-100.0,-334.0,82.0,271.0,-165.0,-300.0,-203.0,151.0,-71.0,-169.0
-90.0,-152.0,86.0,442.0,-212.0,-166.0,-216.0,18.0,-23.0,-125.0
-100.0,85.0,107.0,360.0,-25.0,29.0,-37.0,-20.0,-9.0,-71.0
-96.0,204.0,120.0,256.0,1.0,34.0,-114.0,-66.0,-17.0,-32.0
-89.0,191.0,173.0,208.0,-109.0,-196.0,-240.0,-5.0,-30.0,-12.0
-79.0,176.0,51.0,104.0,-82.0,-265.0,58.0,-59.0,-24.0,6.0
-67.0,135.0,33.0,47.0,22.0,45.0,623.0,-46.0,63.0,-4.0
-50.0,76.0,71.0,51.0,56.0,239.0,556.0,-53.0,159.0,-31.0
-40.0,-223.0,10.0,124.0,40.0,27.0,-188.0,-184.0,194.0,-55.0
-35.0,-139.0,44.0,186.0,-14.0,-150.0,-251.0,-147.0,203.0,-78.0
-30.0,-225.0,-19.0,125.0,8.0,33.0,243.0,-256.0,221.0,-96.0
-18.0,-466.0,13.0,-24.0,45.0,121.0,528.0,-212.0,278.0,-118.0
1.0,-316.0,33.0,-143.0,-27.0,-26.0,441.0,-127.0,306.0,-132.0
-14.0,-288.0,1.0,-132.0,-26.0,-270.0,52.0,-36.0,309.0,-122.0
0.0,-87.0,14.0,-65.0,91.0,-265.0,-144.0,123.0,315.0,-101.0
-15.0,-69.0,-32.0,3.0,108.0,-50.0,-300.0,-68.0,283.0,-107.0
15.0,-99.0,15.0,13.0,10.0,-91.0,-457.0,-158.0,253.0,-108.0
39.0,69.0,46.0,-69.0,117.0,-39.0,-163.0,-203.0,198.0,-88.0
36.0,151.0,18.0,-110.0,94.0,207.0,386.0,-212.0,135.0,-74.0
89.0,289.0,50.0,-119.0,-16.0,267.0,321.0,-240.0,82.0,-86.0
115.0,207.0,115.0,-57.0,120.0,60.0,-311.0,-279.0,11.0,-88.0
159.0,11.0,55.0,-29.0,10.0,-24.0,-534.0,-49.0,-20.0,-75.0
155.0,-113.0,61.0,23.0,-157.0,146.0,-299.0,-12.0,-26.0,-62.0
185.0,-190.0,111.0,61.0,-90.0,89.0,81.0,59.0,-40.0,-2.0
203.0,-205.0,87.0,-15.0,-58.0,-4.0,253.0,96.0,-87.0,64.0
198.0,-135.0,108.0,-75.0,-92.0,149.0,153.0,-16.0,-145.0,107.0
215.0,-78.0,21.0,-192.0,-50.0,303.0,199.0,-164.0,-160.0,136.0
211.0,31.0,23.0,-162.0,-34.0,249.0,360.0,-336.0,-136.0,191.0
204.0,114.0,75.0,-79.0,-1.0,10.0,350.0,-258.0,-67.0,234.0
179.0,232.0,9.0,-76.0,136.0,70.0,181.0,-282.0,-24.0,242.0
177.0,466.0,11.0,-104.0,8.0,326.0,103.0,-171.0,-32.0,245.0
146.0,376.0,-4.0,-134.0,-1.0,315.0,335.0,0.0,-9.0,228.0
117.0,364.0,16.0,-80.0,139.0,132.0,479.0,1.0,55.0,226.0
106.0,270.0,56.0,-10.0,-14.0,31.0,-50.0,72.0,111.0,185.0
91.0,163.0,-2.0,56.0,-6.0,71.0,-467.0,55.0,117.0,118.0
88.0,298.0,56.0,102.0,40.0,-37.0,-272.0,118.0,117.0,74.0
80.0,312.0,109.0,117.0,57.0,-253.0,-70.0,55.0,132.0,18.0
56.0,355.0,95.0,24.0,105.0,-344.0,-98.0,-31.0,133.0,-34.0
45.0,245.0,88.0,-23.0,-2.0,-199.0,-269.0,-97.0,136.0,-64.0
26.0,247.0,93.0,-26.0,15.0,82.0,-305.0,-205.0,108.0,-93.0
-6.0,91.0,174.0,41.0,45.0,79.0,2.0,-68.0,92.0,-152.0
-33.0,-99.0,146.0,190.0,41.0,-74.0,-9.0,-147.0,120.0,-185.0
-49.0,24.0,81.0,193.0,21.0,-131.0,-484.0,-218.0,131.0,-198.0
-55.0,-75.0,132.0,214.0,-45.0,-169.0,-326.0,-184.0,164.0,-236.0
-53.0,-175.0,146.0,197.0,10.0,-93.0,101.0,-212.0,177.0,-256.0
-31.0,-279.0,127.0,179.0,17.0,-149.0,93.0,-260.0,152.0,-229.0
-34.0,-142.0,138.0,145.0,-97.0,-409.0,-15.0,-365.0,151.0,-184.0
-22.0,-125.0,116.0,23.0,-97.0,-387.0,-56.0,-186.0,136.0,-115.0
-24.0,-414.0,143.0,62.0,-65.0,-78.0,-3.0,-186.0,129.0,-33.0
-14.0,-199.0,113.0,18.0,-42.0,14.0,132.0,-266.0,134.0,52.0
-16.0,-82.0,61.0,-72.0,55.0,-294.0,67.0,-293.0,94.0,134.0
-27.0,-258.0,133.0,-41.0,-66.0,-465.0,-156.0,-349.0,50.0,171.0
0.0,-135.0,117.0,-70.0,-46.0,-434.0,143.0,-127.0,1.0,203.0
-4.0,31.0,130.0,-74.0,146.0,-398.0,549.0,-27.0,-53.0,202.0
2.0,13.0,138.0,-56.0,-24.0,-267.0,386.0,125.0,-74.0,160.0
1.0,-71.0,75.0,-94.0,-23.0,-168.0,-116.0,164.0,-110.0,128.0
0.0,-182.0,120.0,-158.0,92.0,54.0,-370.0,171.0,-136.0,86.0
-22.0,-189.0,169.0,-179.0,-59.0,13.0,9.0,293.0,-174.0,47.0
-21.0,-173.0,92.0,-147.0,0.0,-188.0,299.0,116.0,-242.0,0.0
-28.0,-271.0,37.0,-61.0,61.0,-24.0,55.0,25.0,-270.0,-11.0
-22.0,-249.0,93.0,112.0,0.0,-31.0,-266.0,-138.0,-291.0,2.0
-15.0,-166.0,73.0,245.0,70.0,-177.0,-280.0,-243.0,-252.0,-15.0
-36.0,-104.0,42.0,197.0,51.0,-165.0,-65.0,-251.0,-183.0,-41.0
-9.0,-18.0,10.0,54.0,22.0,27.0,123.0,-334.0,-164.0,-54.0
-26.0,146.0,9.0,0.0,106.0,127.0,149.0,-327.0,-170.0,-53.0
-32.0,240.0,109.0,-83.0,105.0,-106.0,14.0,-258.0,-181.0,-84.0
-30.0,165.0,99.0,-176.0,38.0,-117.0,-25.0,-29.0,-149.0,-120.0
-1.0,376.0,38.0,-131.0,98.0,196.0,84.0,-114.0,-90.0,-139.0
8.0,370.0,10.0,-2.0,13.0,240.0,92.0,-184.0,-32.0,-160.0
-7.0,330.0,-15.0,147.0,-37.0,-111.0,-92.0,-83.0,9.0,-179.0
-1.0,546.0,29.0,189.0,138.0,-273.0,-62.0,-149.0,39.0,-194.0
-5.0,414.0,44.0,142.0,64.0,18.0,311.0,-134.0,86.0,-213.0
5.0,336.0,20.0,59.0,-26.0,235.0,306.0,-288.0,140.0,-251.0
2.0,287.0,37.0,-19.0,-15.0,54.0,-241.0,-323.0,168.0,-276.0
30.0,277.0,-16.0,-27.0,-62.0,-21.0,-397.0,-219.0,171.0,-269.0
35.0,171.0,-51.0,3.0,-142.0,57.0,84.0,-177.0,167.0,-264.0
46.0,109.0,-56.0,103.0,-152.0,11.0,437.0,-96.0,148.0,-285.0
62.0,-28.0,-127.0,180.0,-36.0,150.0,277.0,-81.0,127.0,-290.0
58.0,-179.0,-82.0,231.0,-33.0,292.0,-223.0,101.0,97.0,-254.0
36.0,-21.0,-26.0,290.0,-67.0,301.0,-474.0,162.0,72.0,-226.0
25.0,-199.0,-93.0,302.0,0.0,255.0,-201.0,160.0,52.0,-220.0
42.0,-223.0,-90.0,291.0,-19.0,143.0,-85.0,201.0,-18.0,-214.0
53.0,-197.0,-53.0,178.0,-36.0,161.0,-451.0,140.0,-61.0,-180.0
94.0,-131.0,-71.0,58.0,70.0,-15.0,-553.0,194.0,-66.0,-156.0
100.0,-179.0,-75.0,-53.0,-23.0,-132.0,-259.0,60.0,-88.0,-150.0
118.0,-194.0,-99.0,-64.0,10.0,40.0,-215.0,-38.0,-107.0,-131.0
109.0,68.0,-87.0,63.0,160.0,50.0,-440.0,-49.0,-150.0,-126.0
110.0,24.0,-86.0,128.0,24.0,15.0,-393.0,-62.0,-160.0,-149.0
111.0,5.0,-153.0,199.0,16.0,69.0,214.0,-29.0,-128.0,-165.0
87.0,-121.0,-115.0,198.0,16.0,122.0,552.0,-164.0,-112.0,-148.0
98.0,-100.0,-114.0,138.0,8.0,54.0,239.0,-138.0,-106.0,-149.0
100.0,-176.0,-137.0,118.0,64.0,41.0,-78.0,-162.0,-132.0,-161.0
119.0,-289.0,-24.0,121.0,-87.0,41.0,-210.0,-243.0,-127.0,-118.0
98.0,-204.0,-9.0,203.0,-81.0,-6.0,-104.0,-234.0,-61.0,-64.0
101.0,-121.0,-52.0,330.0,118.0,27.0,61.0,-190.0,-14.0,-36.0
89.0,46.0,20.0,305.0,6.0,187.0,-129.0,-22.0,-7.0,-21.0
66.0,60.0,22.0,233.0,-83.0,423.0,-466.0,-16.0,13.0,0.0
56.0,166.0,4.0,229.0,15.0,310.0,-347.0,3.0,53.0,12.0
33.0,194.0,66.0,94.0,-94.0,183.0,-72.0,-55.0,89.0,0.0
46.0,286.0,53.0,-85.0,-88.0,196.0,-40.0,-66.0,121.0,-2.0
36.0,197.0,70.0,-122.0,-49.0,249.0,80.0,62.0,128.0,0.0
35.0,12.0,141.0,-77.0,-132.0,352.0,400.0,-22.0,109.0,3.0
19.0,171.0,116.0,-113.0,2.0,148.0,606.0,0.0,89.0,27.0
9.0,104.0,103.0,-54.0,32.0,79.0,399.0,53.0,85.0,77.0
-6.0,-72.0,108.0,90.0,-99.0,294.0,129.0,68.0,84.0,131.0
-19.0,-174.0,77.0,166.0,-15.0,327.0,63.0,-125.0,74.0,172.0
-17.0,-255.0,103.0,214.0,14.0,149.0,-53.0,-319.0,69.0,208.0
-29.0,-249.0,96.0,263.0,9.0,90.0,-140.0,-116.0,90.0,243.0
-32.0,-196.0,29.0,335.0,120.0,308.0,-93.0,99.0,105.0,265.0
-35.0,-228.0,8.0,291.0,60.0,344.0,-170.0,327.0,91.0,256.0
-8.0,6.0,18.0,235.0,60.0,160.0,-9.0,284.0,47.0,244.0
-16.0,280.0,9.0,211.0,120.0,87.0,503.0,188.0,-40.0,233.0
-21.0,149.0,-46.0,217.0,55.0,202.0,649.0,238.0,-80.0,173.0
-21.0,193.0,-53.0,242.0,34.0,316.0,574.0,229.0,-86.0,109.0
-12.0,271.0,4.0,172.0,16.0,181.0,703.0,179.0,-98.0,73.0
-5.0,296.0,41.0,60.0,45.0,-14.0,866.0,-121.0,-83.0,30.0
-31.0,186.0,26.0,-32.0,76.0,-156.0,800.0,-68.0,-110.0,-3.0
-6.0,-38.0,22.0,-30.0,-4.0,-175.0,518.0,-38.0,-145.0,-22.0
10.0,76.0,63.0,-14.0,46.0,-58.0,168.0,-173.0,-150.0,-20.0
24.0,206.0,72.0,-14.0,129.0,145.0,-250.0,-70.0,-132.0,-31.0
32.0,215.0,57.0,-34.0,3.0,249.0,-413.0,-112.0,-108.0,-70.0
41.0,27.0,78.0,-114.0,12.0,-15.0,-392.0,-31.0,-106.0,-82.0
43.0,-84.0,123.0,-172.0,42.0,-202.0,-625.0,-35.0,-99.0,-113.0
37.0,-18.0,109.0,-167.0,-28.0,33.0,-699.0,-12.0,-104.0,-156.0
61.0,-224.0,96.0,-173.0,94.0,288.0,-646.0,92.0,-92.0,-172.0
56.0,-302.0,67.0,-320.0,38.0,217.0,-829.0,147.0,-76.0,-188.0
79.0,-254.0,30.0,-451.0,-68.0,-18.0,-844.0,343.0,-92.0,-187.0
103.0,-300.0,59.0,-425.0,56.0,-112.0,-591.0,264.0,-99.0,-188.0
89.0,-282.0,3.0,-320.0,42.0,-1.0,-280.0,214.0,-110.0,-158.0
69.0,-302.0,-46.0,-198.0,-46.0,126.0,1.0,127.0,-92.0,-104.0
72.0,-318.0,-30.0,-71.0,-61.0,152.0,110.0,-151.0,-72.0,-72.0
89.0,-198.0,-37.0,80.0,0.0,102.0,-40.0,-334.0,-101.0,-17.0
72.0,-39.0,-74.0,173.0,63.0,106.0,-5.0,-498.0,-148.0,28.0
72.0,-131.0,-82.0,189.0,-2.0,234.0,574.0,-362.0,-164.0,51.0
74.0,-168.0,-128.0,144.0,-77.0,245.0,1018.0,-94.0,-111.0,88.0
58.0,23.0,-231.0,115.0,11.0,155.0,567.0,230.0,-44.0,126.0
30.0,50.0,-159.0,131.0,-17.0,138.0,184.0,469.0,-2.0,160.0
7.0,-31.0,-164.0,78.0,-171.0,131.0,241.0,522.0,30.0,179.0
10.0,66.0,-199.0,-17.0,-99.0,64.0,-439.0,622.0,44.0,175.0
-17.0,180.0,-168.0,-92.0,-123.0,-90.0,-411.0,365.0,56.0,167.0
-42.0,44.0,-203.0,-130.0,-45.0,-104.0,531.0,70.0,82.0,149.0
-43.0,48.0,-146.0,-147.0,103.0,237.0,141.0,-35.0,85.0,102.0
-43.0,217.0,-132.0,-107.0,-107.0,443.0,-571.0,24.0,46.0,51.0
-58.0,185.0,-122.0,-58.0,-136.0,246.0,-472.0,96.0,4.0,17.0
-86.0,90.0,-129.0,-89.0,60.0,-13.0,-531.0,-68.0,-6.0,-14.0
-106.0,177.0,-113.0,-79.0,48.0,-73.0,-183.0,38.0,24.0,-58.0
-118.0,124.0,-59.0,-19.0,-24.0,95.0,910.0,140.0,54.0,-96.0
-127.0,119.0,-98.0,-25.0,-1.0,89.0,909.0,144.0,50.0,-114.0
-129.0,323.0,-80.0,4.0,75.0,-21.0,408.0,97.0,66.0,-131.0
-110.0,161.0,-103.0,55.0,220.0,-40.0,453.0,-20.0,94.0,-156.0
-99.0,124.0,-115.0,10.0,91.0,-52.0,358.0,12.0,129.0,-170.0
-86.0,163.0,-83.0,-68.0,-74.0,-64.0,516.0,-112.0,153.0,-170.0
-58.0,133.0,-80.0,-80.0,117.0,-62.0,552.0,-153.0,148.0,-185.0
-37.0,57.0,-15.0,9.0,36.0,123.0,572.0,-134.0,147.0,-205.0
-32.0,15.0,-34.0,35.0,-100.0,90.0,52.0,49.0,148.0,-207.0
-22.0,288.0,-75.0,16.0,-26.0,-101.0,-1033.0,291.0,138.0,-207.0
0.0,82.0,-14.0,0.0,-52.0,87.0,-467.0,234.0,115.0,-205.0
31.0,-67.0,-32.0,50.0,60.0,365.0,189.0,325.0,83.0,-187.0
61.0,122.0,-74.0,176.0,52.0,339.0,-393.0,303.0,64.0,-151.0
63.0,31.0,-44.0,173.0,-73.0,104.0,-359.0,177.0,93.0,-101.0
81.0,-130.0,-16.0,183.0,-26.0,110.0,-41.0,49.0,149.0,-58.0
120.0,-247.0,-10.0,128.0,4.0,252.0,-598.0,-64.0,158.0,-45.0
168.0,-334.0,-17.0,2.0,19.0,236.0,-511.0,5.0,102.0,-18.0
151.0,-318.0,-33.0,15.0,-38.0,121.0,277.0,53.0,30.0,21.0
136.0,-149.0,12.0,73.0,-85.0,181.0,45.0,147.0,0.0,39.0
162.0,-12.0,0.0,162.0,28.0,359.0,-203.0,210.0,7.0,79.0
168.0,243.0,-52.0,186.0,56.0,108.0,-219.0,360.0,-12.0,134.0
155.0,414.0,-13.0,132.0,-119.0,-217.0,-220.0,423.0,-84.0,175.0
118.0,503.0,-51.0,72.0,-104.0,-288.0,-21.0,293.0,-182.0,226.0
125.0,436.0,-63.0,0.0,92.0,-109.0,-87.0,288.0,-230.0,258.0
125.0,289.0,-70.0,-41.0,50.0,39.0,-26.0,131.0,-262.0,273.0
124.0,414.0,-87.0,-114.0,-58.0,-138.0,-130.0,-9.0,-295.0,284.0
109.0,209.0,-53.0,-221.0,-1.0,-175.0,-258.0,-92.0,-279.0,284.0
91.0,117.0,32.0,-327.0,83.0,-141.0,-174.0,-51.0,-282.0,289.0
79.0,-6.0,68.0,-359.0,118.0,-2.0,-305.0,79.0,-287.0,278.0
32.0,-86.0,37.0,-346.0,83.0,270.0,-28.0,121.0,-283.0,273.0
-19.0,161.0,111.0,-242.0,-25.0,302.0,478.0,297.0,-262.0,286.0
-53.0,63.0,106.0,-51.0,9.0,73.0,125.0,127.0,-258.0,302.0
-60.0,95.0,189.0,62.0,74.0,-98.0,-649.0,40.0,-268.0,323.0
-109.0,-48.0,172.0,104.0,-58.0,21.0,-402.0,236.0,-217.0,349.0
-144.0,-88.0,98.0,9.0,-74.0,121.0,218.0,290.0,-139.0,372.0
-148.0,-58.0,182.0,-116.0,78.0,77.0,-34.0,371.0,-61.0,369.0
-152.0,-302.0,128.0,-200.0,48.0,1.0,-110.0,413.0,-14.0,358.0
-179.0,-193.0,126.0,-192.0,-8.0,28.0,300.0,569.0,21.0,363.0
-193.0,-380.0,78.0,-123.0,-35.0,129.0,601.0,500.0,65.0,369.0
-183.0,-544.0,42.0,-81.0,-105.0,204.0,587.0,321.0,140.0,357.0
-160.0,-562.0,72.0,-46.0,54.0,269.0,356.0,182.0,210.0,327.0
-145.0,-648.0,61.0,-24.0,88.0,265.0,308.0,40.0,246.0,295.0
-152.0,-384.0,-15.0,52.0,-86.0,175.0,363.0,79.0,252.0,260.0
-133.0,-333.0,-21.0,186.0,44.0,149.0,261.0,-149.0,200.0,194.0
-135.0,-338.0,80.0,321.0,215.0,177.0,-579.0,-192.0,174.0,136.0
-112.0,-143.0,53.0,308.0,105.0,66.0,-978.0,-18.0,179.0,89.0
-110.0,-162.0,92.0,265.0,7.0,123.0,-297.0,97.0,203.0,7.0
-109.0,-64.0,94.0,300.0,-9.0,265.0,-239.0,247.0,182.0,-49.0
-98.0,310.0,93.0,421.0,134.0,273.0,-633.0,301.0,123.0,-71.0
-102.0,442.0,194.0,422.0,239.0,279.0,-578.0,539.0,99.0,-85.0
-107.0,404.0,129.0,278.0,-11.0,317.0,-162.0,561.0,42.0,-107.0
-136.0,490.0,30.0,153.0,-34.0,536.0,124.0,430.0,-12.0,-130.0
-140.0,649.0,37.0,-16.0,107.0,581.0,232.0,334.0,-57.0,-115.0
-166.0,459.0,33.0,-103.0,50.0,393.0,225.0,218.0,-89.0,-88.0
-173.0,326.0,49.0,-211.0,15.0,217.0,264.0,195.0,-111.0,-75.0
-173.0,389.0,31.0,-229.0,-15.0,163.0,575.0,-53.0,-128.0,-57.0
-149.0,-1.0,-44.0,-201.0,-39.0,222.0,130.0,-105.0,-124.0,-20.0
-131.0,64.0,-19.0,-176.0,-40.0,167.0,-457.0,12.0,-115.0,6.0
-128.0,153.0,8.0,-179.0,-90.0,163.0,-133.0,44.0,-73.0,15.0
-127.0,-129.0,0.0,-302.0,-87.0,221.0,-70.0,20.0,-20.0,46.0
-127.0,-142.0,5.0,-308.0,5.0,292.0,-426.0,-123.0,6.0,82.0
-105.0,-186.0,15.0,-297.0,57.0,258.0,-506.0,-40.0,6.0,95.0
-116.0,-164.0,42.0,-161.0,-32.0,125.0,-336.0,-3.0,4.0,124.0
-83.0,-370.0,48.0,27.0,-205.0,43.0,-74.0,94.0,23.0,162.0
-54.0,-308.0,30.0,171.0,-103.0,-12.0,171.0,197.0,57.0,166.0
-29.0,-35.0,40.0,237.0,61.0,68.0,501.0,14.0,80.0,132.0
-23.0,-77.0,33.0,201.0,-54.0,103.0,711.0,3.0,104.0,110.0
-25.0,42.0,26.0,257.0,-66.0,100.0,584.0,57.0,157.0,74.0
7.0,77.0,79.0,314.0,40.0,172.0,390.0,155.0,179.0,0.0
0.0,82.0,-6.0,309.0,-41.0,305.0,270.0,206.0,135.0,-32.0
-15.0,83.0,-86.0,234.0,-124.0,400.0,255.0,256.0,103.0,-38.0
2.0,-22.0,-15.0,204.0,-113.0,335.0,270.0,334.0,99.0,-39.0
37.0,-271.0,-10.0,233.0,-82.0,143.0,106.0,195.0,57.0,-2.0
66.0,-483.0,-54.0,303.0,31.0,-16.0,-303.0,214.0,29.0,58.0
88.0,-386.0,-54.0,369.0,0.0,56.0,-249.0,118.0,12.0,125.0
100.0,-446.0,-46.0,329.0,-69.0,87.0,146.0,55.0,-18.0,179.0
156.0,-489.0,-34.0,207.0,19.0,59.0,-84.0,133.0,-58.0,230.0
172.0,-321.0,33.0,111.0,118.0,22.0,-250.0,66.0,-96.0,295.0
180.0,-208.0,1.0,34.0,64.0,-39.0,-96.0,24.0,-99.0,338.0
180.0,-190.0,35.0,-105.0,-45.0,12.0,-199.0,-75.0,-103.0,325.0
174.0,-56.0,127.0,-214.0,17.0,196.0,-464.0,92.0,-103.0,318.0
193.0,168.0,47.0,-249.0,34.0,296.0,-672.0,138.0,-124.0,318.0
183.0,135.0,22.0,-229.0,18.0,67.0,-775.0,-92.0,-148.0,282.0
201.0,223.0,8.0,-197.0,-37.0,-112.0,-910.0,-171.0,-143.0,247.0
181.0,359.0,11.0,-111.0,2.0,-17.0,-839.0,-38.0,-124.0,208.0
192.0,322.0,71.0,-96.0,143.0,361.0,-476.0,288.0,-88.0,162.0
164.0,458.0,50.0,-119.0,30.0,461.0,-23.0,288.0,-101.0,117.0
137.0,647.0,56.0,-136.0,-125.0,44.0,313.0,284.0,-110.0,81.0
127.0,586.0,125.0,-101.0,-124.0,-32.0,378.0,413.0,-58.0,79.0
86.0,367.0,151.0,0.0,-16.0,217.0,437.0,406.0,-28.0,80.0
111.0,375.0,178.0,-20.0,-50.0,239.0,718.0,363.0,-60.0,71.0
102.0,341.0,159.0,33.0,-131.0,-8.0,1184.0,192.0,-86.0,67.0
123.0,298.0,100.0,4.0,-70.0,-204.0,1324.0,149.0,-73.0,84.0
102.0,271.0,75.0,-78.0,10.0,-115.0,914.0,140.0,-46.0,87.0
84.0,115.0,55.0,-62.0,32.0,9.0,581.0,232.0,-1.0,72.0
103.0,141.0,53.0,-156.0,-33.0,1.0,329.0,354.0,36.0,99.0
107.0,-10.0,-17.0,-249.0,-109.0,99.0,272.0,321.0,52.0,133.0
132.0,-156.0,-22.0,-290.0,-125.0,250.0,671.0,404.0,60.0,173.0
135.0,-266.0,2.0,-221.0,23.0,353.0,874.0,397.0,89.0,245.0
149.0,-570.0,-2.0,-92.0,18.0,281.0,838.0,349.0,123.0,312.0
137.0,-703.0,14.0,32.0,-151.0,138.0,531.0,127.0,133.0,366.0
138.0,-544.0,15.0,161.0,-61.0,115.0,-27.0,77.0,126.0,411.0
121.0,-476.0,14.0,137.0,49.0,67.0,-222.0,199.0,125.0,445.0
120.0,-539.0,-11.0,12.0,49.0,254.0,-148.0,-158.0,142.0,464.0
123.0,-341.0,36.0,-62.0,-70.0,404.0,-123.0,-345.0,152.0,452.0
92.0,-359.0,0.0,2.0,-156.0,317.0,-380.0,-458.0,145.0,422.0
67.0,-583.0,-12.0,95.0,73.0,188.0,-787.0,-537.0,130.0,391.0
26.0,-677.0,43.0,110.0,95.0,243.0,-1014.0,-303.0,119.0,349.0
10.0,-440.0,13.0,58.0,-134.0,592.0,-964.0,-5.0,113.0,306.0
-3.0,-235.0,30.0,-101.0,-30.0,582.0,-798.0,332.0,105.0,284.0
-14.0,-181.0,16.0,-153.0,123.0,285.0,-686.0,497.0,93.0,272.0
-22.0,132.0,-9.0,-125.0,32.0,146.0,-592.0,655.0,64.0,253.0
7.0,306.0,-2.0,-55.0,-78.0,294.0,-534.0,474.0,29.0,244.0
24.0,614.0,-10.0,45.0,-110.0,561.0,-127.0,306.0,6.0,256.0
35.0,806.0,-126.0,66.0,49.0,527.0,376.0,360.0,-14.0,264.0
69.0,744.0,-125.0,134.0,195.0,390.0,638.0,84.0,-44.0,252.0
93.0,731.0,21.0,192.0,69.0,415.0,849.0,-29.0,-63.0,238.0
119.0,706.0,-3.0,167.0,-8.0,471.0,807.0,-125.0,-78.0,253.0
124.0,710.0,23.0,105.0,112.0,452.0,793.0,-120.0,-115.0,265.0
177.0,551.0,50.0,86.0,128.0,296.0,904.0,-147.0,-148.0,258.0
206.0,499.0,-5.0,19.0,1.0,79.0,796.0,-238.0,-157.0,269.0
241.0,460.0,48.0,-58.0,-24.0,91.0,469.0,81.0,-151.0,302.0
284.0,213.0,79.0,-74.0,109.0,68.0,65.0,279.0,-137.0,323.0
317.0,-1.0,52.0,-110.0,151.0,-47.0,-291.0,395.0,-120.0,335.0
367.0,-28.0,38.0,-150.0,99.0,-127.0,-492.0,421.0,-92.0,370.0
384.0,24.0,107.0,-197.0,98.0,-246.0,-520.0,476.0,-50.0,383.0
400.0,161.0,149.0,-220.0,27.0,16.0,-436.0,554.0,-14.0,359.0
386.0,205.0,154.0,-280.0,122.0,106.0,-271.0,388.0,20.0,342.0
400.0,35.0,191.0,-281.0,101.0,-212.0,-132.0,279.0,51.0,317.0
409.0,188.0,149.0,-227.0,-155.0,-285.0,-31.0,14.0,41.0,255.0
388.0,200.0,153.0,-199.0,-36.0,-34.0,235.0,-142.0,14.0,172.0
380.0,-61.0,183.0,-145.0,114.0,135.0,392.0,-201.0,19.0,103.0
389.0,25.0,191.0,-120.0,38.0,-146.0,336.0,-284.0,52.0,63.0
390.0,111.0,159.0,-74.0,88.0,-224.0,315.0,-188.0,93.0,4.0
350.0,31.0,133.0,-24.0,45.0,-8.0,119.0,-70.0,127.0,-51.0
328.0,-42.0,194.0,13.0,-8.0,171.0,-115.0,203.0,123.0,-70.0
321.0,116.0,149.0,0.0,155.0,211.0,-206.0,264.0,92.0,-102.0
320.0,95.0,112.0,-93.0,-64.0,230.0,-241.0,273.0,82.0,-121.0
316.0,-19.0,99.0,-153.0,-129.0,323.0,-428.0,343.0,88.0,-130.0
326.0,68.0,32.0,-98.0,178.0,85.0,-464.0,280.0,99.0,-119.0
329.0,-136.0,73.0,-27.0,105.0,15.0,-125.0,245.0,103.0,-126.0
323.0,-75.0,56.0,-111.0,-35.0,91.0,-4.0,121.0,103.0,-145.0
334.0,-5.0,20.0,-88.0,-30.0,245.0,0.0,290.0,113.0,-104.0
338.0,-115.0,3.0,83.0,36.0,170.0,48.0,343.0,106.0,-86.0
328.0,-116.0,-44.0,162.0,-52.0,-154.0,135.0,212.0,86.0,-82.0
335.0,28.0,26.0,302.0,-116.0,119.0,190.0,145.0,41.0,-67.0
328.0,212.0,8.0,398.0,-26.0,233.0,295.0,-84.0,1.0,-22.0
304.0,-17.0,14.0,380.0,-48.0,-44.0,363.0,-33.0,-33.0,22.0
324.0,38.0,17.0,348.0,-36.0,-214.0,172.0,38.0,-80.0,47.0
323.0,162.0,-3.0,272.0,14.0,72.0,144.0,29.0,-124.0,124.0
301.0,-38.0,23.0,219.0,11.0,309.0,-90.0,-36.0,-182.0,205.0
273.0,-211.0,-30.0,171.0,-4.0,-35.0,-451.0,-142.0,-210.0,266.0
271.0,-153.0,-32.0,91.0,24.0,-431.0,-494.0,-9.0,-240.0,307.0
260.0,-147.0,-92.0,-7.0,-54.0,-401.0,-456.0,22.0,-240.0,378.0
217.0,-313.0,-115.0,-52.0,-35.0,-50.0,-418.0,97.0,-188.0,441.0
182.0,-342.0,-117.0,0.0,101.0,-194.0,-497.0,105.0,-184.0,438.0
137.0,-353.0,-79.0,49.0,67.0,-362.0,-704.0,92.0,-187.0,455.0
140.0,-146.0,-61.0,69.0,103.0,-381.0,-936.0,225.0,-178.0,460.0
116.0,84.0,-141.0,75.0,59.0,-360.0,-948.0,201.0,-185.0,426.0
91.0,110.0,-61.0,65.0,43.0,-248.0,-741.0,151.0,-164.0,373.0
58.0,52.0,-62.0,99.0,203.0,-298.0,-581.0,-127.0,-112.0,316.0
15.0,281.0,-85.0,193.0,102.0,-308.0,-738.0,-260.0,-79.0,278.0
5.0,380.0,-49.0,223.0,64.0,-467.0,-874.0,-216.0,-43.0,233.0
-47.0,178.0,-71.0,97.0,167.0,-422.0,-602.0,-321.0,-12.0,210.0
-66.0,224.0,-47.0,-1.0,124.0,-190.0,-157.0,-218.0,-8.0,229.0
-94.0,24.0,6.0,-2.0,94.0,9.0,278.0,-144.0,13.0,228.0
-107.0,-34.0,55.0,9.0,80.0,35.0,455.0,64.0,63.0,213.0
-115.0,3.0,69.0,14.0,11.0,-52.0,410.0,245.0,119.0,238.0
-104.0,-303.0,86.0,-8.0,-30.0,-39.0,263.0,197.0,140.0,259.0
-100.0,-270.0,131.0,39.0,-32.0,-114.0,204.0,75.0,148.0,245.0
-154.0,-128.0,143.0,104.0,-108.0,-54.0,331.0,-110.0,140.0,239.0
-152.0,-389.0,183.0,134.0,-139.0,43.0,532.0,3.0,117.0,253.0
-155.0,-520.0,208.0,99.0,-86.0,203.0,691.0,24.0,130.0,232.0
-154.0,-189.0,170.0,-15.0,-42.0,-1.0,621.0,-29.0,119.0,172.0
-169.0,-229.0,215.0,-91.0,-143.0,-459.0,368.0,-7.0,101.0,143.0
-153.0,-387.0,265.0,-54.0,-177.0,-398.0,76.0,-33.0,116.0,121.0
-134.0,-91.0,253.0,10.0,-85.0,-259.0,177.0,11.0,121.0,68.0
-126.0,50.0,217.0,24.0,-128.0,-174.0,507.0,-110.0,111.0,24.0
-102.0,93.0,200.0,65.0,-65.0,-302.0,389.0,-208.0,81.0,24.0
-128.0,39.0,240.0,14.0,-73.0,-322.0,-182.0,-308.0,62.0,22.0
-94.0,-79.0,203.0,-60.0,-113.0,-202.0,-650.0,-343.0,42.0,-10.0
-50.0,-164.0,147.0,-83.0,53.0,-468.0,-757.0,-295.0,7.0,-17.0
-13.0,-227.0,78.0,-89.0,-34.0,-499.0,-789.0,-345.0,-22.0,-7.0
-3.0,-266.0,18.0,-20.0,-211.0,-401.0,-901.0,-339.0,-49.0,-22.0
20.0,-231.0,49.0,-19.0,-73.0,-350.0,-1019.0,-319.0,-26.0,-53.0
60.0,-72.0,6.0,-83.0,-7.0,-507.0,-1104.0,-177.0,2.0,-48.0
40.0,10.0,-54.0,-152.0,-39.0,-696.0,-994.0,-295.0,0.0,-37.0
63.0,208.0,-82.0,-202.0,-20.0,-417.0,-417.0,-432.0,-6.0,-47.0
80.0,99.0,-96.0,-161.0,0.0,-306.0,190.0,-262.0,-32.0,-41.0
127.0,206.0,-99.0,-144.0,101.0,-449.0,476.0,-249.0,-31.0,-29.0
176.0,217.0,-121.0,-218.0,78.0,-584.0,436.0,-225.0,-19.0,-19.0
192.0,-198.0,-88.0,-290.0,-19.0,-500.0,170.0,-330.0,3.0,-35.0
237.0,-154.0,-93.0,-266.0,-23.0,-314.0,98.0,-413.0,37.0,-14.0
228.0,-310.0,-96.0,-120.0,11.0,-369.0,166.0,-363.0,73.0,35.0
220.0,-95.0,7.0,3.0,20.0,-301.0,219.0,-332.0,134.0,50.0
212.0,31.0,81.0,86.0,59.0,-25.0,259.0,-269.0,150.0,75.0
194.0,-143.0,75.0,92.0,34.0,36.0,260.0,-349.0,147.0,104.0
202.0,158.0,84.0,6.0,23.0,-70.0,65.0,-181.0,142.0,107.0
197.0,361.0,78.0,-30.0,105.0,-63.0,-225.0,-136.0,124.0,100.0
204.0,298.0,55.0,-56.0,21.0,-72.0,-169.0,-284.0,141.0,81.0
211.0,-41.0,98.0,-3.0,-25.0,-236.0,129.0,-262.0,172.0,79.0
188.0,-26.0,75.0,103.0,-21.0,-351.0,172.0,-177.0,182.0,74.0
162.0,-166.0,35.0,131.0,53.0,-103.0,29.0,136.0,179.0,58.0
149.0,-467.0,58.0,181.0,92.0,141.0,99.0,194.0,147.0,80.0
131.0,-370.0,53.0,250.0,-2.0,92.0,187.0,173.0,107.0,84.0
104.0,-464.0,42.0,211.0,55.0,8.0,118.0,77.0,116.0,69.0
61.0,-515.0,29.0,170.0,98.0,-35.0,151.0,-138.0,125.0,26.0
34.0,-421.0,5.0,152.0,17.0,4.0,253.0,-138.0,107.0,2.0
0.0,-581.0,-15.0,147.0,-71.0,-32.0,168.0,-308.0,89.0,-26.0
-32.0,-599.0,-15.0,181.0,-48.0,0.0,-37.0,-304.0,52.0,-112.0
-50.0,-174.0,-31.0,103.0,-22.0,135.0,-258.0,-256.0,7.0,-152.0
-80.0,38.0,-15.0,84.0,15.0,128.0,-445.0,-273.0,-22.0,-209.0
-73.0,32.0,18.0,25.0,7.0,-109.0,-425.0,-232.0,-69.0,-275.0
-49.0,255.0,13.0,-124.0,-23.0,-410.0,-288.0,-236.0,-100.0,-315.0
-21.0,600.0,-11.0,-165.0,78.0,-406.0,-394.0,-144.0,-113.0,-353.0
-34.0,660.0,-39.0,-225.0,32.0,-377.0,-747.0,-201.0,-154.0,-363.0
-51.0,716.0,-6.0,-253.0,-28.0,-323.0,-953.0,-175.0,-193.0,-367.0
-44.0,736.0,37.0,-200.0,-100.0,-290.0,-715.0,-171.0,-198.0,-327.0
-36.0,632.0,46.0,-79.0,-122.0,-391.0,-186.0,-164.0,-179.0,-242.0
-24.0,709.0,1.0,51.0,0.0,-205.0,96.0,-96.0,-153.0,-176.0
-23.0,400.0,-1.0,198.0,-2.0,86.0,242.0,-123.0,-127.0,-126.0
3.0,324.0,41.0,261.0,-41.0,108.0,407.0,12.0,-131.0,-60.0
18.0,346.0,48.0,202.0,-34.0,-80.0,467.0,-166.0,-121.0,-7.0
42.0,-91.0,42.0,63.0,-30.0,-33.0,842.0,-325.0,-88.0,17.0
52.0,-175.0,41.0,-145.0,-40.0,170.0,1352.0,-380.0,-78.0,19.0
48.0,-226.0,47.0,-253.0,-77.0,194.0,1328.0,-570.0,-53.0,17.0
69.0,-256.0,21.0,-263.0,-101.0,62.0,786.0,-572.0,-24.0,13.0
90.0,-307.0,46.0,-159.0,-30.0,-61.0,610.0,-606.0,-27.0,-32.0
107.0,-396.0,55.0,-60.0,-76.0,-5.0,737.0,-487.0,-11.0,-65.0
97.0,-396.0,37.0,-28.0,-79.0,-49.0,296.0,-426.0,31.0,-74.0
96.0,-544.0,58.0,15.0,14.0,-324.0,96.0,-338.0,61.0,-109.0
85.0,-337.0,79.0,114.0,-19.0,-483.0,148.0,-168.0,61.0,-126.0
68.0,-317.0,114.0,187.0,-25.0,-269.0,-769.0,-273.0,66.0,-125.0
64.0,-323.0,95.0,200.0,-34.0,-50.0,-1452.0,-234.0,99.0,-129.0
58.0,-31.0,66.0,156.0,-12.0,-77.0,-389.0,-221.0,116.0,-130.0
49.0,-57.0,14.0,112.0,28.0,-154.0,355.0,-221.0,156.0,-134.0
53.0,-51.0,-23.0,173.0,99.0,-215.0,-333.0,-254.0,188.0,-137.0
75.0,-73.0,-52.0,186.0,88.0,-285.0,-405.0,-375.0,184.0,-163.0
81.0,25.0,-70.0,206.0,114.0,-245.0,-313.0,-223.0,192.0,-183.0
97.0,86.0,-69.0,212.0,128.0,0.0,-553.0,-155.0,204.0,-183.0
102.0,-74.0,-105.0,214.0,6.0,173.0,-260.0,-125.0,218.0,-181.0
91.0,-11.0,-80.0,204.0,56.0,22.0,-84.0,-92.0,179.0,-156.0
108.0,1.0,-115.0,152.0,35.0,-247.0,-95.0,-5.0,117.0,-131.0
130.0,-64.0,-161.0,101.0,50.0,-154.0,-337.0,157.0,79.0,-86.0
146.0,-115.0,-174.0,-4.0,53.0,-36.0,-651.0,125.0,62.0,-46.0
143.0,-76.0,-201.0,-64.0,11.0,-214.0,-835.0,0.0,53.0,-31.0
145.0,-34.0,-178.0,-110.0,84.0,-205.0,-465.0,-341.0,28.0,-30.0
164.0,-21.0,-180.0,-85.0,31.0,-9.0,369.0,-367.0,20.0,-39.0
149.0,91.0,-168.0,49.0,-9.0,108.0,143.0,-158.0,-9.0,-37.0
120.0,-132.0,-168.0,157.0,10.0,32.0,180.0,-169.0,-55.0,-56.0
79.0,-147.0,-165.0,171.0,-26.0,-27.0,1224.0,-210.0,-70.0,-78.0
52.0,187.0,-175.0,109.0,-101.0,157.0,1199.0,-428.0,-75.0,-107.0
59.0,83.0,-175.0,36.0,-69.0,279.0,477.0,-478.0,-85.0,-141.0
36.0,80.0,-112.0,-45.0,-47.0,110.0,705.0,-445.0,-94.0,-153.0
11.0,406.0,-102.0,-56.0,-32.0,-56.0,1048.0,-206.0,-86.0,-152.0
-4.0,489.0,-112.0,-1.0,18.0,-131.0,408.0,-46.0,-76.0,-141.0
-13.0,388.0,-138.0,35.0,-66.0,-142.0,-28.0,-258.0,-82.0,-145.0
-35.0,362.0,-102.0,40.0,-96.0,4.0,84.0,-205.0,-63.0,-123.0
-93.0,238.0,-66.0,-32.0,-66.0,-24.0,-168.0,-269.0,-33.0,-77.0
-125.0,26.0,-97.0,-45.0,-39.0,-237.0,-47.0,-186.0,-40.0,-63.0
-143.0,-200.0,-93.0,14.0,33.0,-235.0,729.0,-62.0,-44.0,-61.0
-138.0,-379.0,-108.0,-27.0,-13.0,-57.0,673.0,-105.0,-41.0,-49.0
-150.0,-503.0,-83.0,-29.0,-47.0,28.0,257.0,-105.0,-55.0,-45.0
-160.0,-339.0,-69.0,0.0,9.0,56.0,438.0,-290.0,-69.0,-54.0
-140.0,-57.0,-74.0,-38.0,-42.0,91.0,-110.0,-60.0,-71.0,-70.0
-146.0,-172.0,-68.0,-2.0,-40.0,137.0,-1014.0,99.0,-55.0,-71.0
-127.0,-190.0,-48.0,35.0,-19.0,208.0,-888.0,-22.0,-29.0,-60.0
-113.0,-155.0,-51.0,13.0,-31.0,64.0,-749.0,-20.0,-12.0,-51.0
-89.0,14.0,-38.0,-62.0,60.0,-183.0,-660.0,-81.0,33.0,-32.0
-88.0,-119.0,20.0,-127.0,76.0,-283.0,-211.0,-18.0,75.0,-1.0
-103.0,-378.0,-9.0,-141.0,58.0,-311.0,-193.0,-57.0,78.0,32.0
-92.0,-95.0,-14.0,-150.0,93.0,-340.0,-98.0,-232.0,95.0,43.0
-94.0,-113.0,-19.0,-79.0,61.0,-225.0,662.0,-280.0,108.0,47.0
-87.0,7.0,-30.0,-17.0,50.0,5.0,1146.0,-253.0,140.0,41.0
-91.0,165.0,-19.0,56.0,17.0,56.0,706.0,-325.0,176.0,-11.0
-78.0,202.0,-60.0,204.0,-69.0,-15.0,490.0,-242.0,212.0,-87.0
-91.0,416.0,-118.0,292.0,-8.0,-64.0,679.0,46.0,221.0,-136.0
-111.0,495.0,-122.0,287.0,35.0,54.0,580.0,-27.0,168.0,-190.0
-137.0,448.0,-99.0,299.0,21.0,114.0,411.0,-147.0,119.0,-269.0
-142.0,558.0,-143.0,372.0,63.0,2.0,-20.0,-182.0,86.0,-334.0
-151.0,843.0,-169.0,394.0,13.0,-56.0,-523.0,-201.0,101.0,-385.0
-175.0,766.0,-173.0,373.0,-14.0,-105.0,-422.0,-123.0,101.0,-415.0
-185.0,639.0,-148.0,345.0,52.0,-124.0,39.0,-319.0,59.0,-452.0
-242.0,541.0,-154.0,346.0,-25.0,-220.0,233.0,-447.0,3.0,-463.0
-229.0,407.0,-180.0,330.0,-30.0,-118.0,181.0,-308.0,-71.0,-436.0
-222.0,275.0,-185.0,255.0,67.0,108.0,190.0,-55.0,-107.0,-412.0
-211.0,25.0,-229.0,176.0,-15.0,35.0,255.0,-12.0,-82.0,-363.0
-213.0,-292.0,-258.0,103.0,1.0,54.0,-10.0,-94.0,-50.0,-310.0
-216.0,-445.0,-220.0,61.0,4.0,257.0,-258.0,134.0,-61.0,-241.0
-176.0,-437.0,-199.0,19.0,-46.0,312.0,-193.0,29.0,-52.0,-170.0
-184.0,-607.0,-283.0,-35.0,14.0,209.0,-504.0,-125.0,-6.0,-93.0
-176.0,-676.0,-246.0,-23.0,-23.0,97.0,-998.0,46.0,7.0,-3.0
-154.0,-748.0,-265.0,41.0,-72.0,6.0,-931.0,7.0,-43.0,73.0
-105.0,-669.0,-309.0,31.0,-14.0,-60.0,-487.0,-101.0,-91.0,169.0
-83.0,-520.0,-263.0,-10.0,16.0,-168.0,-286.0,-192.0,-95.0,223.0
-37.0,-396.0,-356.0,-30.0,45.0,-139.0,-104.0,-168.0,-84.0,252.0
-10.0,-15.0,-330.0,-7.0,98.0,69.0,519.0,-96.0,-26.0,268.0
4.0,224.0,-283.0,27.0,-24.0,-14.0,834.0,11.0,3.0,251.0
26.0,316.0,-316.0,32.0,-73.0,-210.0,495.0,7.0,-40.0,250.0
43.0,420.0,-281.0,111.0,-22.0,-231.0,330.0,-205.0,-65.0,222.0
56.0,582.0,-262.0,220.0,-5.0,-160.0,242.0,-203.0,-27.0,184.0
57.0,459.0,-228.0,266.0,-34.0,17.0,492.0,-171.0,39.0,160.0
109.0,279.0,-193.0,245.0,-90.0,-19.0,792.0,-133.0,86.0,146.0
97.0,333.0,-183.0,221.0,0.0,-242.0,199.0,-169.0,109.0,112.0
105.0,344.0,-120.0,258.0,6.0,-262.0,-297.0,-171.0,95.0,53.0
84.0,284.0,-82.0,239.0,-51.0,-253.0,-177.0,-29.0,62.0,10.0
70.0,8.0,-99.0,155.0,-61.0,-295.0,136.0,-12.0,46.0,-41.0
53.0,-5.0,-107.0,77.0,-34.0,-248.0,191.0,142.0,33.0,-104.0
46.0,-42.0,-174.0,-5.0,-17.0,-131.0,-68.0,247.0,40.0,-157.0
68.0,-354.0,-165.0,-102.0,-118.0,17.0,-376.0,253.0,55.0,-203.0
34.0,-235.0,-142.0,-155.0,-187.0,-29.0,-230.0,105.0,41.0,-257.0
40.0,-129.0,-119.0,-105.0,-82.0,-105.0,180.0,1.0,15.0,-286.0
0.0,-277.0,-78.0,-62.0,-30.0,42.0,-31.0,25.0,0.0,-293.0
0.0,-175.0,-114.0,-2.0,-97.0,-42.0,-559.0,-258.0,-16.0,-291.0
-26.0,-16.0,-136.0,31.0,-58.0,-209.0,-1017.0,-295.0,-74.0,-280.0
-65.0,-222.0,-263.0,-38.0,-56.0,-262.0,-677.0,-203.0,-129.0,-250.0
-73.0,-162.0,-265.0,-148.0,-76.0,-536.0,-27.0,-129.0,-144.0,-195.0
-87.0,48.0,-210.0,-186.0,1.0,-412.0,104.0,62.0,-170.0,-168.0
-110.0,-259.0,-285.0,-126.0,-20.0,23.0,484.0,245.0,-192.0,-140.0
-176.0,-297.0,-280.0,-139.0,-86.0,105.0,634.0,426.0,-194.0,-101.0
-196.0,-161.0,-299.0,-143.0,36.0,95.0,454.0,253.0,-206.0,-68.0
-211.0,-171.0,-315.0,-66.0,107.0,-69.0,497.0,201.0,-234.0,-35.0
-196.0,-96.0,-293.0,-11.0,-20.0,-128.0,590.0,267.0,-255.0,-12.0
-219.0,-58.0,-301.0,-69.0,-79.0,-144.0,478.0,288.0,-261.0,27.0
-228.0,-78.0,-284.0,-159.0,-11.0,-454.0,-271.0,410.0,-268.0,68.0
-247.0,-69.0,-328.0,-221.0,22.0,-434.0,-712.0,243.0,-295.0,89.0
-256.0,63.0,-353.0,-260.0,-7.0,-289.0,53.0,182.0,-325.0,89.0
-254.0,-61.0,-271.0,-276.0,-45.0,-263.0,349.0,31.0,-307.0,99.0
-278.0,-3.0,-312.0,-278.0,-3.0,-246.0,-356.0,-271.0,-261.0,101.0
-259.0,303.0,-291.0,-233.0,121.0,-331.0,-848.0,-315.0,-236.0,82.0
-272.0,48.0,-211.0,-259.0,46.0,-123.0,-767.0,-304.0,-218.0,76.0
-265.0,-215.0,-242.0,-293.0,-115.0,182.0,-229.0,-206.0,-180.0,52.0
-259.0,66.0,-219.0,-262.0,-8.0,121.0,125.0,-310.0,-128.0,14.0
-230.0,-9.0,-200.0,-203.0,78.0,16.0,363.0,-341.0,-66.0,-5.0
-220.0,-358.0,-196.0,-96.0,-24.0,-179.0,178.0,-188.0,-4.0,-22.0
-222.0,-72.0,-160.0,10.0,-29.0,-365.0,-388.0,-96.0,15.0,-67.0
-185.0,-41.0,-191.0,30.0,-27.0,-242.0,-543.0,151.0,37.0,-108.0
-170.0,-196.0,-307.0,58.0,9.0,-329.0,-693.0,229.0,70.0,-120.0
-168.0,-18.0,-254.0,169.0,93.0,-350.0,-568.0,299.0,96.0,-130.0
-173.0,32.0,-175.0,217.0,9.0,-425.0,-155.0,391.0,110.0,-146.0
-156.0,-1.0,-200.0,180.0,-14.0,-618.0,-176.0,371.0,94.0,-187.0
-145.0,-135.0,-188.0,138.0,58.0,-280.0,-234.0,290.0,112.0,-209.0
-139.0,-167.0,-238.0,148.0,43.0,-210.0,418.0,129.0,129.0,-212.0
-135.0,-209.0,-199.0,169.0,25.0,-215.0,833.0,25.0,122.0,-235.0
-121.0,-336.0,-119.0,177.0,-12.0,-69.0,528.0,-160.0,131.0,-244.0
-93.0,-406.0,-118.0,186.0,0.0,-261.0,504.0,-166.0,110.0,-236.0
-69.0,-494.0,-104.0,165.0,67.0,-107.0,757.0,-227.0,79.0,-230.0
-60.0,-389.0,-92.0,93.0,40.0,-52.0,610.0,-110.0,81.0,-215.0
-60.0,-227.0,-92.0,0.0,46.0,-294.0,274.0,264.0,103.0,-191.0
-47.0,-328.0,-69.0,-83.0,88.0,-210.0,94.0,242.0,92.0,-177.0
-41.0,-343.0,-30.0,-190.0,184.0,-358.0,-493.0,223.0,40.0,-199.0
-52.0,-169.0,-52.0,-217.0,133.0,-385.0,-763.0,99.0,-33.0,-218.0
-75.0,-169.0,-13.0,-163.0,62.0,-366.0,-591.0,9.0,-110.0,-205.0
-110.0,0.0,6.0,-126.0,118.0,-611.0,-889.0,-11.0,-151.0,-215.0
-145.0,138.0,0.0,-75.0,-6.0,-369.0,-1296.0,-53.0,-172.0,-219.0
-153.0,112.0,67.0,-61.0,11.0,-413.0,-1203.0,72.0,-201.0,-199.0
-151.0,314.0,7.0,-14.0,11.0,-375.0,-926.0,-33.0,-230.0,-177.0
-169.0,370.0,-10.0,75.0,-59.0,-134.0,-857.0,-36.0,-254.0,-157.0
-186.0,476.0,-18.0,137.0,70.0,-273.0,-349.0,62.0,-263.0,-150.0
-188.0,556.0,-122.0,178.0,74.0,65.0,210.0,271.0,-216.0,-148.0
-186.0,518.0,-108.0,169.0,-1.0,-45.0,465.0,299.0,-163.0,-168.0
-216.0,598.0,-56.0,110.0,-28.0,-366.0,749.0,18.0,-101.0,-184.0
-256.0,454.0,-66.0,51.0,-68.0,-225.0,754.0,120.0,-27.0,-187.0
-273.0,317.0,-157.0,67.0,-61.0,-248.0,310.0,0.0,9.0,-172.0
-279.0,216.0,-203.0,141.0,-29.0,-168.0,286.0,-251.0,68.0,-156.0
-280.0,234.0,-199.0,231.0,-62.0,-369.0,743.0,-312.0,105.0,-148.0
-295.0,47.0,-240.0,249.0,-54.0,-308.0,786.0,-299.0,115.0,-102.0
-285.0,-268.0,-236.0,223.0,49.0,-2.0,763.0,-62.0,126.0,-65.0
-292.0,84.0,-233.0,199.0,78.0,-80.0,715.0,7.0,115.0,-45.0
-296.0,256.0,-269.0,117.0,-15.0,-66.0,679.0,155.0,104.0,-51.0
-307.0,135.0,-308.0,28.0,-38.0,-213.0,608.0,284.0,107.0,-56.0
-319.0,-28.0,-343.0,-12.0,-2.0,-154.0,358.0,345.0,102.0,-52.0
-308.0,-114.0,-394.0,1.0,-81.0,-254.0,-197.0,301.0,55.0,-78.0
-310.0,73.0,-415.0,-5.0,-117.0,-494.0,-939.0,-62.0,10.0,-95.0
-261.0,0.0,-382.0,-63.0,-76.0,-269.0,-1016.0,-199.0,-1.0,-118.0
-251.0,44.0,-300.0,-191.0,-27.0,-314.0,-763.0,-267.0,8.0,-160.0
-238.0,88.0,-268.0,-345.0,9.0,-261.0,-963.0,-264.0,4.0,-175.0
-237.0,-49.0,-344.0,-408.0,-46.0,-284.0,-1333.0,-356.0,-54.0,-149.0
-200.0,-21.0,-227.0,-344.0,-76.0,-273.0,-1092.0,-448.0,-112.0,-134.0
-159.0,2.0,-149.0,-210.0,-55.0,-64.0,-509.0,-127.0,-137.0,-105.0
-159.0,-105.0,-219.0,-116.0,-78.0,-243.0,-163.0,36.0,-146.0,-48.0
-128.0,-48.0,-152.0,-69.0,-73.0,-154.0,-410.0,62.0,-148.0,3.0
-131.0,-38.0,-161.0,-72.0,-15.0,-87.0,-898.0,42.0,-156.0,50.0
-79.0,-196.0,-176.0,-75.0,-51.0,-40.0,-1005.0,92.0,-146.0,74.0
-70.0,-252.0,-133.0,-23.0,-40.0,47.0,-804.0,116.0,-129.0,115.0
-32.0,-307.0,-114.0,15.0,18.0,-132.0,-331.0,59.0,-123.0,164.0
-8.0,-78.0,-68.0,-3.0,5.0,-92.0,-182.0,125.0,-127.0,183.0
1.0,-145.0,-57.0,-62.0,63.0,56.0,-240.0,11.0,-161.0,192.0
12.0,-259.0,-10.0,-162.0,-12.0,262.0,-231.0,-27.0,-183.0,213.0
0.0,-67.0,-2.0,-244.0,-57.0,83.0,-115.0,-96.0,-158.0,232.0
11.0,65.0,-17.0,-228.0,69.0,-204.0,229.0,-201.0,-121.0,216.0
-13.0,291.0,52.0,-163.0,100.0,-185.0,205.0,-227.0,-69.0,205.0
17.0,312.0,84.0,-106.0,75.0,-295.0,39.0,-323.0,-11.0,203.0
0.0,526.0,84.0,-55.0,58.0,-183.0,358.0,-184.0,29.0,186.0
10.0,436.0,88.0,3.0,90.0,-258.0,647.0,-109.0,83.0,157.0
-12.0,-28.0,60.0,45.0,109.0,-356.0,328.0,7.0,121.0,130.0
-18.0,28.0,43.0,76.0,87.0,-219.0,85.0,55.0,133.0,107.0
-19.0,253.0,76.0,116.0,10.0,-283.0,386.0,-75.0,165.0,62.0
-47.0,189.0,39.0,191.0,86.0,-162.0,727.0,68.0,195.0,0.0
-51.0,137.0,-6.0,237.0,182.0,-106.0,792.0,157.0,208.0,-43.0
-97.0,268.0,-40.0,283.0,13.0,50.0,568.0,279.0,198.0,-89.0
-74.0,28.0,-54.0,324.0,2.0,87.0,83.0,354.0,165.0,-179.0
-80.0,-133.0,-69.0,228.0,64.0,-134.0,-130.0,334.0,146.0,-259.0
-52.0,-122.0,-132.0,75.0,49.0,-39.0,65.0,293.0,136.0,-322.0
-48.0,-363.0,-34.0,-58.0,36.0,-68.0,229.0,147.0,124.0,-373.0
-35.0,-486.0,-29.0,-67.0,-99.0,-162.0,296.0,145.0,121.0,-428.0
-34.0,-391.0,-76.0,-15.0,-36.0,-285.0,-10.0,103.0,112.0,-485.0
-38.0,-352.0,-61.0,-20.0,43.0,-250.0,-615.0,123.0,47.0,-501.0
-19.0,-533.0,-114.0,-94.0,-71.0,-214.0,-1150.0,42.0,-35.0,-506.0
-21.0,-338.0,-91.0,-121.0,-4.0,-406.0,-1586.0,31.0,-101.0,-507.0
23.0,-248.0,-87.0,-80.0,-15.0,-298.0,-1892.0,210.0,-147.0,-487.0
33.0,-609.0,-127.0,-38.0,-123.0,-216.0,-1751.0,149.0,-142.0,-449.0
61.0,-551.0,-54.0,8.0,-23.0,6.0,-1237.0,168.0,-151.0,-400.0
49.0,-270.0,5.0,-48.0,-45.0,177.0,-896.0,-12.0,-178.0,-335.0
69.0,-99.0,-30.0,-89.0,-91.0,210.0,-582.0,-267.0,-195.0,-261.0
51.0,-172.0,14.0,-171.0,-21.0,404.0,3.0,-356.0,-235.0,-207.0
54.0,1.0,29.0,-277.0,-94.0,428.0,461.0,-291.0,-283.0,-150.0
51.0,313.0,25.0,-234.0,-77.0,382.0,437.0,-84.0,-285.0,-85.0
0.0,371.0,81.0,-196.0,-125.0,44.0,339.0,-240.0,-293.0,-18.0
-26.0,270.0,97.0,-220.0,-163.0,-12.0,280.0,-199.0,-325.0,30.0
-58.0,35.0,88.0,-285.0,-5.0,129.0,279.0,-90.0,-338.0,59.0
-11.0,292.0,70.0,-311.0,-121.0,35.0,403.0,-136.0,-336.0,88.0
-48.0,220.0,75.0,-291.0,-151.0,79.0,355.0,-64.0,-308.0,113.0
-88.0,-51.0,94.0,-246.0,44.0,-113.0,228.0,-62.0,-282.0,123.0
-117.0,33.0,93.0,-228.0,42.0,-133.0,125.0,55.0,-253.0,114.0
-101.0,132.0,23.0,-320.0,19.0,77.0,135.0,-66.0,-200.0,100.0
-120.0,250.0,-29.0,-353.0,-9.0,354.0,182.0,-238.0,-161.0,82.0
-176.0,165.0,-31.0,-280.0,-107.0,353.0,76.0,-308.0,-138.0,81.0
-182.0,180.0,-75.0,-202.0,6.0,-40.0,12.0,-395.0,-112.0,105.0
-198.0,136.0,-67.0,-174.0,-52.0,-18.0,101.0,-312.0,-80.0,119.0
-188.0,412.0,-48.0,-154.0,-115.0,60.0,159.0,-221.0,-44.0,132.0
-221.0,558.0,-78.0,-208.0,178.0,167.0,57.0,38.0,-15.0,192.0
-207.0,267.0,-90.0,-340.0,140.0,22.0,-147.0,75.0,-5.0,252.0
-241.0,315.0,-143.0,-400.0,114.0,-323.0,-185.0,51.0,-10.0,278.0
-234.0,335.0,-230.0,-418.0,154.0,-328.0,-194.0,182.0,-13.0,310.0
-230.0,259.0,-206.0,-320.0,-25.0,-237.0,-622.0,125.0,19.0,328.0
-225.0,39.0,-153.0,-185.0,42.0,15.0,-1081.0,181.0,104.0,334.0
-185.0,-9.0,-133.0,-93.0,27.0,-59.0,-1012.0,114.0,174.0,322.0
-195.0,18.0,-82.0,17.0,-118.0,-123.0,-325.0,62.0,165.0,276.0
-172.0,-140.0,-91.0,29.0,-6.0,-156.0,393.0,96.0,128.0,217.0
-187.0,-139.0,-38.0,46.0,25.0,-336.0,742.0,57.0,90.0,149.0
-163.0,-59.0,-1.0,51.0,0.0,-175.0,1028.0,-5.0,82.0,91.0
-167.0,-54.0,-49.0,-17.0,46.0,-171.0,933.0,-290.0,140.0,26.0
-138.0,-96.0,-52.0,-38.0,-85.0,-198.0,411.0,-330.0,154.0,-52.0
-127.0,-100.0,2.0,-71.0,-56.0,-203.0,170.0,-254.0,91.0,-100.0
-125.0,-199.0,59.0,-67.0,12.0,-30.0,250.0,-216.0,29.0,-127.0
-135.0,-191.0,-7.0,-86.0,-135.0,91.0,171.0,-227.0,10.0,-174.0
-179.0,-210.0,29.0,-96.0,-104.0,-221.0,-93.0,-297.0,43.0,-209.0
-162.0,-165.0,71.0,-65.0,78.0,-284.0,-337.0,-112.0,74.0,-243.0
-177.0,-106.0,52.0,-71.0,144.0,-386.0,-418.0,-75.0,82.0,-293.0
-173.0,-317.0,16.0,-19.0,117.0,-495.0,-365.0,-81.0,84.0,-301.0
-227.0,-352.0,-62.0,39.0,25.0,-427.0,-81.0,-118.0,86.0,-323.0
-205.0,-363.0,-52.0,75.0,0.0,-206.0,222.0,-192.0,87.0,-374.0
-204.0,-225.0,-75.0,21.0,14.0,-16.0,83.0,-145.0,75.0,-393.0
-213.0,-185.0,-103.0,10.0,-81.0,-239.0,1.0,-136.0,55.0,-393.0
-192.0,-377.0,-103.0,-20.0,-42.0,-257.0,100.0,-53.0,31.0,-392.0
-206.0,-377.0,-48.0,-167.0,-12.0,-300.0,-212.0,-142.0,31.0,-375.0
-152.0,-189.0,-36.0,-241.0,74.0,-289.0,-808.0,-203.0,48.0,-340.0
-160.0,-19.0,-124.0,-335.0,62.0,-244.0,-1031.0,-223.0,51.0,-291.0
-127.0,-223.0,-152.0,-448.0,-120.0,-365.0,-880.0,-338.0,60.0,-225.0
-116.0,-95.0,-137.0,-505.0,-79.0,-130.0,-598.0,-369.0,61.0,-169.0
-104.0,27.0,-98.0,-487.0,-122.0,-208.0,-304.0,-365.0,15.0,-119.0
-112.0,-5.0,-99.0,-435.0,-41.0,-214.0,-196.0,-282.0,-15.0,-83.0
-115.0,110.0,-95.0,-344.0,-34.0,-102.0,-86.0,-376.0,-9.0,-59.0
-88.0,-18.0,-108.0,-256.0,-177.0,-93.0,-83.0,-338.0,0.0,-22.0
-96.0,285.0,-73.0,-199.0,19.0,-60.0,-75.0,-245.0,1.0,13.0
-76.0,342.0,17.0,-120.0,75.0,-342.0,186.0,-284.0,-46.0,35.0
-92.0,80.0,-17.0,-79.0,-86.0,-143.0,477.0,-92.0,-103.0,50.0
-41.0,58.0,25.0,-71.0,-30.0,-113.0,585.0,-90.0,-109.0,87.0
-14.0,88.0,68.0,-141.0,56.0,-265.0,580.0,-103.0,-80.0,123.0
-16.0,229.0,57.0,-172.0,-63.0,-283.0,602.0,-116.0,-61.0,133.0
-28.0,7.0,76.0,-145.0,-11.0,-457.0,500.0,-164.0,-38.0,161.0
-26.0,-218.0,93.0,-141.0,-1.0,-371.0,178.0,-127.0,-24.0,177.0
-7.0,-362.0,142.0,-113.0,-73.0,-461.0,-124.0,-334.0,-40.0,190.0
-29.0,-376.0,139.0,-73.0,182.0,-295.0,87.0,-347.0,-7.0,208.0
-33.0,-192.0,175.0,-24.0,136.0,-206.0,530.0,-325.0,10.0,217.0
-49.0,-248.0,211.0,-24.0,2.0,-242.0,631.0,-232.0,2.0,237.0
-34.0,-232.0,207.0,-49.0,104.0,-151.0,511.0,-88.0,28.0,240.0
-24.0,-58.0,166.0,-64.0,29.0,-262.0,515.0,-230.0,48.0,276.0
-30.0,-74.0,148.0,-86.0,88.0,-63.0,533.0,-212.0,55.0,313.0
-39.0,-157.0,176.0,-128.0,103.0,-163.0,192.0,-286.0,46.0,321.0
-38.0,-11.0,143.0,-172.0,5.0,-204.0,-339.0,-279.0,53.0,335.0
-23.0,191.0,173.0,-193.0,92.0,-79.0,-631.0,-223.0,66.0,346.0
-38.0,282.0,181.0,-141.0,71.0,-54.0,-398.0,-216.0,81.0,365.0
-46.0,296.0,131.0,-114.0,-65.0,74.0,-73.0,-18.0,82.0,349.0
-32.0,364.0,111.0,-94.0,-71.0,-99.0,-98.0,-81.0,57.0,318.0
-37.0,489.0,77.0,-77.0,21.0,-17.0,-275.0,-103.0,45.0,281.0
-24.0,655.0,68.0,-124.0,-18.0,-70.0,-169.0,-77.0,26.0,224.0
-17.0,499.0,81.0,-48.0,-66.0,-152.0,-48.0,-118.0,-10.0,157.0
-14.0,282.0,58.0,-27.0,-29.0,-68.0,-313.0,-173.0,-42.0,73.0
-2.0,383.0,95.0,-65.0,-81.0,-18.0,-260.0,-288.0,-67.0,-6.0
-8.0,172.0,198.0,-121.0,-67.0,255.0,174.0,-205.0,-102.0,-88.0
13.0,243.0,195.0,-236.0,9.0,46.0,363.0,-184.0,-92.0,-151.0
17.0,359.0,172.0,-280.0,-35.0,-54.0,345.0,-88.0,-77.0,-217.0
26.0,120.0,182.0,-316.0,-25.0,129.0,436.0,33.0,-100.0,-295.0
22.0,-23.0,150.0,-287.0,16.0,308.0,425.0,48.0,-136.0,-342.0
38.0,-269.0,127.0,-256.0,-57.0,335.0,246.0,-57.0,-197.0,-386.0
49.0,-93.0,110.0,-139.0,-35.0,138.0,81.0,-330.0,-206.0,-416.0
27.0,-167.0,58.0,59.0,23.0,229.0,62.0,-317.0,-169.0,-448.0
23.0,-472.0,65.0,132.0,-78.0,143.0,422.0,-205.0,-124.0,-495.0
16.0,-318.0,55.0,178.0,-173.0,246.0,674.0,-59.0,-79.0,-522.0
23.0,-364.0,-47.0,162.0,-115.0,373.0,570.0,38.0,-61.0,-536.0
7.0,-517.0,-27.0,153.0,-40.0,212.0,311.0,138.0,-71.0,-541.0
19.0,-522.0,22.0,176.0,25.0,15.0,-6.0,288.0,-55.0,-536.0
13.0,-334.0,33.0,130.0,48.0,-125.0,-375.0,184.0,14.0,-490.0
16.0,-263.0,31.0,89.0,-37.0,179.0,-680.0,273.0,80.0,-413.0
39.0,-196.0,-2.0,44.0,-26.0,279.0,-670.0,264.0,107.0,-322.0
23.0,-155.0,17.0,27.0,22.0,295.0,-349.0,236.0,96.0,-210.0
9.0,-222.0,44.0,0.0,-21.0,228.0,52.0,351.0,104.0,-113.0
-8.0,140.0,32.0,-47.0,5.0,262.0,18.0,275.0,152.0,0.0
-7.0,552.0,27.0,-25.0,94.0,517.0,-281.0,367.0,179.0,96.0
-36.0,336.0,36.0,12.0,71.0,407.0,-334.0,319.0,169.0,160.0
-55.0,79.0,44.0,57.0,122.0,563.0,302.0,260.0,142.0,214.0
-79.0,356.0,85.0,98.0,175.0,628.0,1210.0,179.0,141.0,231.0
-118.0,317.0,42.0,63.0,145.0,668.0,1210.0,64.0,168.0,248.0
-115.0,130.0,94.0,5.0,215.0,646.0,649.0,145.0,180.0,243.0
-126.0,-19.0,169.0,-22.0,119.0,618.0,506.0,70.0,179.0,225.0
-131.0,-82.0,107.0,-92.0,13.0,849.0,763.0,155.0,167.0,223.0
-155.0,52.0,126.0,-206.0,38.0,461.0,688.0,158.0,160.0,223.0
-170.0,11.0,87.0,-209.0,110.0,304.0,545.0,195.0,161.0,213.0
-155.0,275.0,97.0,-126.0,242.0,275.0,726.0,330.0,142.0,188.0
-160.0,342.0,68.0,-53.0,130.0,215.0,595.0,301.0,145.0,151.0
-153.0,341.0,-15.0,-40.0,39.0,310.0,113.0,345.0,168.0,106.0
-137.0,399.0,29.0,-90.0,85.0,326.0,-189.0,184.0,165.0,71.0
-110.0,214.0,16.0,-138.0,-39.0,623.0,36.0,147.0,186.0,19.0
-96.0,249.0,20.0,-149.0,-108.0,542.0,472.0,77.0,224.0,4.0
-96.0,353.0,-13.0,-76.0,-80.0,419.0,509.0,-53.0,245.0,7.0
-79.0,392.0,-11.0,-21.0,-102.0,288.0,-103.0,70.0,255.0,14.0
-48.0,235.0,79.0,3.0,-112.0,346.0,-736.0,103.0,243.0,50.0
0.0,95.0,97.0,70.0,-86.0,457.0,-872.0,245.0,250.0,94.0
26.0,33.0,115.0,117.0,-45.0,243.0,-806.0,303.0,246.0,152.0
68.0,85.0,99.0,114.0,-38.0,530.0,-422.0,284.0,199.0,198.0
91.0,-22.0,131.0,114.0,-59.0,634.0,296.0,288.0,159.0,260.0
114.0,-88.0,204.0,87.0,-113.0,582.0,661.0,129.0,154.0,317.0
169.0,137.0,206.0,93.0,-144.0,362.0,223.0,-86.0,152.0,354.0
210.0,47.0,223.0,155.0,-143.0,351.0,-391.0,-264.0,131.0,376.0
260.0,10.0,266.0,126.0,-48.0,685.0,-564.0,-169.0,114.0,382.0
286.0,91.0,319.0,64.0,59.0,494.0,-350.0,-62.0,45.0,401.0
325.0,144.0,349.0,12.0,-31.0,423.0,28.0,138.0,-46.0,408.0
356.0,9.0,326.0,-24.0,27.0,329.0,233.0,349.0,-71.0,425.0
371.0,39.0,260.0,-16.0,74.0,373.0,371.0,362.0,-69.0,441.0
391.0,91.0,244.0,59.0,-33.0,387.0,533.0,485.0,-60.0,456.0
378.0,-42.0,266.0,163.0,18.0,340.0,384.0,454.0,-45.0,460.0
379.0,52.0,203.0,150.0,36.0,442.0,132.0,485.0,-50.0,441.0
372.0,-127.0,126.0,114.0,8.0,258.0,149.0,469.0,-57.0,423.0
362.0,-81.0,100.0,139.0,18.0,316.0,341.0,336.0,-45.0,382.0
344.0,-94.0,98.0,172.0,75.0,414.0,409.0,330.0,-29.0,329.0
322.0,-393.0,73.0,143.0,96.0,703.0,172.0,208.0,0.0,258.0
324.0,-508.0,30.0,104.0,92.0,728.0,126.0,230.0,0.0,168.0
310.0,-403.0,90.0,88.0,-17.0,418.0,607.0,160.0,-74.0,78.0
284.0,-292.0,150.0,-34.0,-73.0,555.0,1163.0,212.0,-127.0,-4.0
252.0,-466.0,105.0,-162.0,12.0,590.0,977.0,297.0,-136.0,-75.0
237.0,-266.0,118.0,-214.0,-83.0,604.0,-104.0,199.0,-95.0,-153.0
217.0,-165.0,106.0,-238.0,-52.0,384.0,-1030.0,351.0,-36.0,-216.0
165.0,-114.0,49.0,-249.0,-30.0,249.0,-924.0,354.0,-37.0,-250.0
112.0,164.0,82.0,-178.0,32.0,270.0,-7.0,458.0,-54.0,-275.0
106.0,111.0,87.0,-83.0,139.0,41.0,876.0,487.0,-54.0,-314.0
106.0,76.0,64.0,-14.0,90.0,79.0,1343.0,400.0,-13.0,-352.0
72.0,246.0,70.0,83.0,134.0,84.0,923.0,521.0,41.0,-361.0
69.0,399.0,55.0,123.0,83.0,176.0,-356.0,528.0,63.0,-367.0
67.0,316.0,24.0,194.0,99.0,152.0,-1251.0,583.0,24.0,-385.0
81.0,161.0,41.0,242.0,151.0,202.0,-1221.0,439.0,0.0,-383.0
83.0,364.0,-11.0,164.0,97.0,370.0,-352.0,327.0,72.0,-377.0
94.0,590.0,-97.0,132.0,43.0,101.0,1107.0,232.0,120.0,-394.0
112.0,280.0,-46.0,124.0,54.0,108.0,2053.0,68.0,146.0,-386.0
92.0,132.0,3.0,131.0,26.0,109.0,1475.0,144.0,213.0,-375.0
104.0,203.0,-27.0,246.0,-46.0,217.0,-130.0,114.0,267.0,-386.0
110.0,-111.0,-79.0,377.0,-16.0,277.0,-1283.0,275.0,282.0,-367.0
127.0,-274.0,-98.0,419.0,-29.0,137.0,-1082.0,410.0,264.0,-321.0
109.0,-220.0,-95.0,342.0,11.0,500.0,-11.0,382.0,249.0,-259.0
104.0,-345.0,-108.0,260.0,-51.0,725.0,952.0,415.0,204.0,-179.0
122.0,-497.0,-166.0,226.0,-140.0,787.0,1155.0,284.0,162.0,-103.0
116.0,-417.0,-157.0,166.0,-123.0,657.0,542.0,269.0,181.0,-14.0
146.0,-321.0,-78.0,105.0,-97.0,535.0,-230.0,243.0,209.0,86.0
154.0,-220.0,-94.0,21.0,-46.0,406.0,-830.0,328.0,207.0,183.0
171.0,87.0,-109.0,-41.0,-70.0,42.0,-1015.0,476.0,158.0,270.0
169.0,0.0,-94.0,-76.0,14.0,148.0,-565.0,436.0,92.0,345.0
172.0,-72.0,-88.0,-138.0,65.0,348.0,113.0,454.0,45.0,437.0
167.0,215.0,-52.0,-125.0,41.0,482.0,726.0,384.0,23.0,512.0
158.0,200.0,-32.0,-35.0,-41.0,346.0,891.0,419.0,1.0,583.0
168.0,215.0,-54.0,0.0,-48.0,74.0,530.0,384.0,-31.0,624.0
162.0,179.0,4.0,-9.0,32.0,131.0,168.0,301.0,-60.0,628.0
176.0,57.0,25.0,3.0,-60.0,231.0,-35.0,382.0,-102.0,646.0
148.0,72.0,-76.0,3.0,-22.0,233.0,127.0,404.0,-144.0,626.0
135.0,204.0,-121.0,27.0,53.0,35.0,778.0,591.0,-180.0,587.0
120.0,390.0,-87.0,44.0,66.0,179.0,1118.0,613.0,-204.0,531.0
96.0,503.0,-30.0,44.0,69.0,331.0,515.0,558.0,-206.0,476.0
66.0,586.0,-49.0,59.0,16.0,206.0,-244.0,511.0,-193.0,409.0
51.0,595.0,-47.0,84.0,-76.0,175.0,-553.0,434.0,-195.0,335.0
60.0,711.0,-44.0,145.0,-100.0,206.0,-633.0,423.0,-222.0,301.0
31.0,674.0,-47.0,188.0,-44.0,341.0,-395.0,238.0,-238.0,253.0
19.0,538.0,-12.0,255.0,-24.0,329.0,-147.0,219.0,-225.0,217.0
-13.0,289.0,0.0,312.0,91.0,350.0,-90.0,197.0,-146.0,196.0
-31.0,110.0,131.0,345.0,195.0,253.0,416.0,203.0,-22.0,172.0
-43.0,210.0,195.0,372.0,141.0,394.0,969.0,192.0,46.0,125.0
-58.0,234.0,190.0,388.0,36.0,683.0,548.0,136.0,75.0,74.0
-55.0,258.0,223.0,329.0,100.0,538.0,-286.0,243.0,124.0,36.0
-47.0,260.0,254.0,233.0,178.0,333.0,-677.0,109.0,169.0,-41.0
-43.0,162.0,293.0,186.0,124.0,35.0,-394.0,127.0,214.0,-118.0
-47.0,-167.0,280.0,146.0,44.0,128.0,341.0,264.0,262.0,-179.0
-43.0,-193.0,272.0,200.0,53.0,350.0,433.0,454.0,298.0,-227.0
-66.0,-158.0,276.0,245.0,142.0,534.0,-388.0,607.0,316.0,-266.0
-67.0,-264.0,282.0,276.0,140.0,646.0,-1112.0,454.0,292.0,-301.0
-36.0,-219.0,266.0,285.0,101.0,446.0,-1033.0,533.0,304.0,-332.0
-16.0,-340.0,221.0,274.0,-51.0,394.0,-341.0,559.0,361.0,-361.0
-9.0,-230.0,165.0,325.0,-62.0,150.0,398.0,535.0,378.0,-387.0
-5.0,-29.0,194.0,332.0,-19.0,265.0,954.0,450.0,337.0,-375.0
-15.0,-81.0,136.0,339.0,-189.0,582.0,1102.0,260.0,297.0,-340.0
-19.0,-246.0,56.0,318.0,-158.0,626.0,652.0,303.0,290.0,-336.0
-23.0,31.0,97.0,329.0,40.0,532.0,108.0,223.0,252.0,-299.0
-8.0,232.0,97.0,400.0,73.0,396.0,-40.0,291.0,203.0,-241.0
16.0,78.0,47.0,442.0,-7.0,517.0,108.0,341.0,163.0,-190.0
18.0,265.0,-11.0,445.0,-51.0,167.0,447.0,328.0,110.0,-153.0
25.0,52.0,2.0,350.0,-57.0,28.0,555.0,474.0,36.0,-110.0
37.0,-17.0,-23.0,242.0,-11.0,254.0,230.0,306.0,-55.0,-27.0
69.0,216.0,-35.0,139.0,-71.0,359.0,26.0,275.0,-140.0,44.0
80.0,-100.0,-74.0,64.0,-141.0,361.0,-166.0,317.0,-211.0,119.0
103.0,-399.0,-58.0,-12.0,-48.0,151.0,-832.0,253.0,-247.0,190.0
118.0,-407.0,-8.0,-41.0,100.0,422.0,-1206.0,232.0,-221.0,252.0
149.0,-444.0,-67.0,-1.0,67.0,425.0,-582.0,225.0,-163.0,302.0
187.0,-729.0,-64.0,-41.0,-83.0,210.0,-52.0,290.0,-139.0,364.0
181.0,-760.0,-97.0,-28.0,0.0,200.0,-186.0,147.0,-157.0,410.0
194.0,-521.0,-61.0,-84.0,70.0,181.0,-306.0,110.0,-197.0,395.0
190.0,-521.0,-83.0,-125.0,26.0,375.0,-366.0,134.0,-227.0,384.0
201.0,-673.0,-128.0,-29.0,23.0,226.0,-411.0,260.0,-196.0,405.0
184.0,-718.0,-86.0,-20.0,77.0,204.0,-344.0,443.0,-106.0,406.0
152.0,-695.0,-77.0,-49.0,98.0,288.0,-96.0,469.0,-23.0,356.0
125.0,-514.0,-68.0,-108.0,117.0,100.0,171.0,559.0,8.0,311.0
112.0,-86.0,-143.0,-128.0,84.0,-148.0,180.0,295.0,-18.0,293.0
98.0,-64.0,-109.0,-102.0,57.0,-168.0,298.0,83.0,-21.0,273.0
55.0,-64.0,-58.0,-65.0,195.0,295.0,804.0,-5.0,13.0,241.0
52.0,406.0,-55.0,17.0,101.0,346.0,1254.0,-101.0,7.0,218.0
35.0,689.0,-12.0,55.0,-17.0,279.0,1116.0,64.0,14.0,194.0
26.0,634.0,-93.0,-6.0,-11.0,302.0,620.0,210.0,56.0,153.0
6.0,647.0,-67.0,-17.0,0.0,184.0,-155.0,402.0,122.0,129.0
-6.0,544.0,-36.0,55.0,-28.0,60.0,-835.0,389.0,165.0,138.0
-19.0,214.0,-27.0,65.0,-67.0,-61.0,-606.0,314.0,158.0,119.0
-48.0,326.0,33.0,124.0,-31.0,296.0,41.0,145.0,148.0,52.0
-60.0,238.0,32.0,207.0,-91.0,411.0,397.0,-109.0,125.0,38.0
-70.0,-133.0,69.0,265.0,-16.0,298.0,18.0,-36.0,108.0,63.0
-53.0,-66.0,58.0,223.0,-50.0,228.0,-656.0,-16.0,104.0,50.0
-50.0,-89.0,101.0,182.0,-144.0,141.0,-759.0,51.0,102.0,13.0
-23.0,-224.0,116.0,186.0,0.0,301.0,-612.0,86.0,104.0,14.0
1.0,-304.0,146.0,107.0,50.0,222.0,-483.0,164.0,101.0,47.0
20.0,-371.0,157.0,117.0,-32.0,-18.0,-302.0,358.0,125.0,49.0
29.0,-514.0,58.0,117.0,-100.0,-234.0,-254.0,325.0,154.0,64.0
17.0,-447.0,122.0,114.0,42.0,-37.0,-157.0,380.0,140.0,112.0
31.0,-228.0,107.0,143.0,118.0,197.0,394.0,306.0,91.0,145.0
29.0,-141.0,43.0,184.0,46.0,191.0,832.0,249.0,74.0,143.0
37.0,177.0,31.0,218.0,14.0,227.0,595.0,303.0,119.0,162.0
57.0,348.0,40.0,179.0,10.0,-30.0,-51.0,266.0,154.0,180.0
80.0,256.0,88.0,145.0,134.0,-82.0,-507.0,345.0,176.0,139.0
101.0,232.0,70.0,89.0,90.0,18.0,-381.0,245.0,181.0,115.0
103.0,303.0,29.0,45.0,-53.0,29.0,220.0,306.0,162.0,117.0
96.0,181.0,-2.0,40.0,-4.0,70.0,797.0,205.0,132.0,103.0
98.0,-161.0,-47.0,79.0,-32.0,219.0,512.0,-42.0,89.0,54.0
114.0,-467.0,-86.0,130.0,-149.0,402.0,-131.0,35.0,39.0,32.0
153.0,-651.0,-118.0,153.0,-147.0,166.0,7.0,-29.0,-61.0,59.0
172.0,-638.0,-159.0,130.0,-134.0,8.0,696.0,35.0,-126.0,28.0
180.0,-641.0,-86.0,58.0,-83.0,45.0,749.0,-123.0,-103.0,-40.0
205.0,-499.0,-60.0,31.0,55.0,191.0,56.0,-271.0,-58.0,-89.0
190.0,-423.0,-125.0,92.0,-10.0,243.0,-458.0,-288.0,-36.0,-142.0
179.0,-292.0,-60.0,178.0,-141.0,-45.0,-644.0,-339.0,-70.0,-229.0
170.0,-168.0,-46.0,214.0,-52.0,-88.0,-336.0,5.0,-103.0,-317.0
174.0,-223.0,-90.0,258.0,3.0,-123.0,84.0,120.0,-86.0,-376.0
182.0,-2.0,-91.0,289.0,-41.0,-26.0,-186.0,210.0,-35.0,-432.0
173.0,229.0,-102.0,253.0,-55.0,171.0,-350.0,192.0,-14.0,-480.0
167.0,454.0,-66.0,217.0,32.0,148.0,-151.0,62.0,-9.0,-453.0
166.0,246.0,-54.0,160.0,113.0,31.0,-792.0,84.0,12.0,-409.0
155.0,23.0,-78.0,147.0,-27.0,-139.0,-1548.0,-48.0,32.0,-402.0
111.0,30.0,-28.0,178.0,-132.0,100.0,-825.0,-81.0,79.0,-346.0
92.0,41.0,10.0,144.0,-71.0,239.0,792.0,-219.0,147.0,-245.0
87.0,459.0,-35.0,73.0,0.0,211.0,1565.0,-177.0,199.0,-144.0
92.0,657.0,-10.0,3.0,-77.0,37.0,1122.0,-51.0,212.0,-112.0
89.0,690.0,53.0,-24.0,-152.0,-37.0,572.0,-79.0,195.0,-71.0
95.0,553.0,78.0,-56.0,-27.0,281.0,257.0,70.0,189.0,34.0
104.0,343.0,72.0,-115.0,-27.0,273.0,-150.0,129.0,222.0,99.0
107.0,220.0,58.0,-105.0,-19.0,303.0,-250.0,134.0,267.0,126.0
114.0,-64.0,107.0,-117.0,-5.0,193.0,670.0,46.0,300.0,171.0
121.0,-280.0,110.0,-210.0,-87.0,119.0,1476.0,-59.0,311.0,241.0
166.0,-507.0,102.0,-207.0,6.0,4.0,814.0,-103.0,311.0,264.0
192.0,-484.0,131.0,-142.0,79.0,-160.0,-327.0,-107.0,295.0,306.0
211.0,-420.0,178.0,-86.0,-40.0,130.0,-679.0,29.0,246.0,371.0
230.0,-686.0,186.0,-49.0,-88.0,148.0,-33.0,16.0,193.0,407.0
236.0,-862.0,126.0,-55.0,82.0,63.0,509.0,83.0,136.0,436.0
238.0,-709.0,137.0,-24.0,82.0,-137.0,18.0,166.0,127.0,470.0
214.0,-581.0,175.0,10.0,-86.0,-144.0,-632.0,166.0,167.0,518.0
193.0,-442.0,211.0,31.0,-20.0,21.0,-348.0,286.0,164.0,487.0
196.0,-189.0,202.0,74.0,49.0,-120.0,238.0,179.0,95.0,414.0
190.0,-58.0,172.0,129.0,-19.0,-274.0,126.0,49.0,5.0,361.0
168.0,124.0,171.0,184.0,67.0,-420.0,-213.0,-103.0,-36.0,312.0
160.0,103.0,176.0,148.0,100.0,-125.0,-291.0,-293.0,-20.0,229.0
147.0,-30.0,215.0,66.0,90.0,41.0,-551.0,-254.0,53.0,106.0
131.0,-172.0,205.0,43.0,210.0,-146.0,-1251.0,-168.0,95.0,35.0
115.0,-201.0,197.0,10.0,59.0,-169.0,-1601.0,-114.0,75.0,-13.0
107.0,-68.0,217.0,-22.0,-106.0,-114.0,-676.0,-223.0,74.0,-49.0
99.0,-156.0,197.0,-16.0,-64.0,1.0,736.0,-157.0,108.0,-62.0
102.0,141.0,178.0,34.0,-37.0,-94.0,1017.0,75.0,154.0,-54.0
91.0,410.0,183.0,97.0,23.0,-120.0,365.0,195.0,136.0,-46.0
85.0,370.0,170.0,98.0,-14.0,-131.0,23.0,249.0,40.0,-41.0
97.0,338.0,128.0,114.0,-71.0,-64.0,63.0,90.0,-30.0,7.0
84.0,464.0,134.0,131.0,-11.0,145.0,-173.0,-12.0,6.0,29.0
81.0,830.0,131.0,136.0,18.0,-17.0,-192.0,-133.0,75.0,34.0
78.0,696.0,123.0,203.0,-3.0,-64.0,708.0,-247.0,100.0,52.0
123.0,698.0,140.0,251.0,-49.0,-39.0,1503.0,-168.0,128.0,79.0
151.0,551.0,142.0,301.0,40.0,-10.0,1087.0,-75.0,138.0,103.0
160.0,176.0,113.0,343.0,141.0,30.0,-188.0,48.0,149.0,69.0
179.0,370.0,126.0,313.0,81.0,-1.0,-1047.0,64.0,154.0,45.0
201.0,346.0,134.0,254.0,84.0,86.0,-838.0,29.0,106.0,60.0
248.0,211.0,85.0,167.0,44.0,-85.0,-31.0,-73.0,45.0,53.0
244.0,99.0,110.0,86.0,14.0,-250.0,346.0,-157.0,3.0,21.0
254.0,45.0,83.0,-55.0,7.0,-315.0,-121.0,-234.0,20.0,14.0
281.0,92.0,51.0,-124.0,-122.0,-191.0,-158.0,-334.0,39.0,4.0
330.0,219.0,29.0,-28.0,-106.0,133.0,587.0,-186.0,17.0,-14.0
337.0,215.0,-10.0,107.0,-65.0,225.0,705.0,-242.0,-11.0,-28.0
330.0,-90.0,13.0,240.0,-36.0,206.0,51.0,-282.0,-13.0,-29.0
352.0,-47.0,-17.0,263.0,-9.0,34.0,-317.0,-210.0,47.0,-24.0
351.0,-89.0,-35.0,230.0,-80.0,-4.0,-220.0,-203.0,99.0,-69.0
359.0,-362.0,-34.0,138.0,-58.0,-18.0,17.0,-94.0,113.0,-102.0
324.0,-218.0,-1.0,60.0,-45.0,-135.0,-9.0,-99.0,100.0,-98.0
322.0,36.0,0.0,-25.0,-51.0,-55.0,-400.0,33.0,94.0,-112.0
310.0,-52.0,-108.0,-112.0,-57.0,-161.0,-558.0,49.0,87.0,-147.0
285.0,-83.0,-56.0,-83.0,2.0,-157.0,-236.0,79.0,29.0,-146.0
258.0,-119.0,-18.0,-103.0,26.0,40.0,285.0,70.0,-16.0,-106.0
245.0,-142.0,-83.0,-103.0,-10.0,281.0,405.0,-164.0,-47.0,-90.0
261.0,238.0,-92.0,-51.0,64.0,356.0,-52.0,-166.0,-34.0,-81.0
236.0,459.0,-119.0,20.0,-48.0,65.0,-583.0,-317.0,40.0,-32.0
242.0,295.0,-46.0,65.0,-75.0,-109.0,-766.0,-354.0,99.0,36.0
245.0,105.0,-7.0,38.0,3.0,-152.0,-546.0,-312.0,66.0,60.0
233.0,102.0,-19.0,22.0,-50.0,76.0,-68.0,-236.0,-11.0,89.0
205.0,-106.0,35.0,-6.0,-8.0,-34.0,277.0,-11.0,2.0,131.0
192.0,-324.0,83.0,-35.0,49.0,-285.0,227.0,-149.0,57.0,149.0
167.0,-273.0,106.0,-47.0,82.0,-214.0,-167.0,-232.0,101.0,148.0
163.0,-401.0,104.0,-15.0,81.0,-338.0,-839.0,-214.0,124.0,149.0
155.0,-436.0,165.0,27.0,-2.0,-302.0,-542.0,-140.0,91.0,166.0
143.0,-463.0,204.0,-11.0,-54.0,-523.0,740.0,-24.0,46.0,138.0
156.0,-399.0,197.0,-69.0,20.0,-612.0,893.0,7.0,28.0,117.0
146.0,-205.0,167.0,-32.0,5.0,-440.0,-17.0,192.0,36.0,123.0
173.0,44.0,210.0,38.0,-36.0,-524.0,-501.0,258.0,36.0,87.0
135.0,420.0,254.0,99.0,60.0,-592.0,-371.0,242.0,22.0,13.0
134.0,468.0,233.0,86.0,61.0,-648.0,-164.0,40.0,-6.0,-27.0
119.0,647.0,197.0,10.0,10.0,-381.0,36.0,-238.0,-61.0,-12.0
80.0,638.0,144.0,-35.0,51.0,-378.0,280.0,-343.0,-91.0,-20.0
53.0,427.0,208.0,-91.0,66.0,-638.0,-123.0,-513.0,-70.0,-60.0
10.0,348.0,201.0,-77.0,35.0,-632.0,-1233.0,-400.0,-20.0,-64.0
22.0,61.0,132.0,-18.0,71.0,-507.0,-1771.0,-290.0,48.0,-49.0
-10.0,-40.0,158.0,47.0,81.0,-465.0,-1182.0,-182.0,116.0,-39.0
-20.0,-250.0,159.0,103.0,31.0,-683.0,-406.0,72.0,180.0,-17.0
-68.0,-327.0,109.0,133.0,31.0,-465.0,67.0,46.0,198.0,-4.0
-75.0,-279.0,72.0,160.0,35.0,-173.0,581.0,-51.0,157.0,9.0
-86.0,-187.0,53.0,123.0,-14.0,-317.0,728.0,-169.0,125.0,37.0
-110.0,61.0,103.0,57.0,12.0,-571.0,529.0,-118.0,135.0,63.0
-93.0,-168.0,130.0,-2.0,47.0,-660.0,710.0,-72.0,184.0,74.0
-128.0,-361.0,87.0,-62.0,47.0,-270.0,876.0,-59.0,228.0,32.0
-137.0,-197.0,27.0,-87.0,72.0,-108.0,874.0,12.0,245.0,-10.0
-174.0,-60.0,6.0,-38.0,16.0,-221.0,696.0,-60.0,247.0,-8.0
-157.0,93.0,48.0,29.0,55.0,-252.0,70.0,-33.0,219.0,-32.0
-146.0,395.0,51.0,91.0,103.0,-187.0,-266.0,-179.0,194.0,-122.0
-154.0,616.0,80.0,132.0,46.0,-202.0,14.0,-297.0,166.0,-209.0
-169.0,691.0,38.0,226.0,-11.0,-506.0,532.0,-249.0,127.0,-222.0
-159.0,666.0,25.0,309.0,-84.0,-431.0,666.0,-129.0,125.0,-241.0
-121.0,550.0,85.0,272.0,-113.0,-258.0,177.0,46.0,107.0,-296.0
-136.0,304.0,85.0,262.0,-91.0,-274.0,-266.0,-18.0,52.0,-295.0
-120.0,108.0,52.0,239.0,-61.0,-344.0,-537.0,-86.0,-10.0,-277.0
-108.0,-19.0,43.0,143.0,-36.0,-375.0,-1057.0,-201.0,-72.0,-288.0
-89.0,-78.0,65.0,9.0,27.0,-380.0,-1596.0,-219.0,-105.0,-276.0
-63.0,360.0,5.0,-65.0,25.0,-557.0,-1372.0,-240.0,-137.0,-258.0
-63.0,503.0,-19.0,-91.0,0.0,-488.0,-151.0,-367.0,-138.0,-280.0
-84.0,360.0,-5.0,-136.0,29.0,-494.0,942.0,-332.0,-111.0,-307.0
-89.0,171.0,19.0,-152.0,36.0,-416.0,438.0,-325.0,-120.0,-290.0
-79.0,-118.0,38.0,-128.0,53.0,-265.0,-1145.0,-205.0,-132.0,-269.0
-70.0,68.0,40.0,-123.0,51.0,-283.0,-2007.0,-149.0,-123.0,-279.0
-73.0,71.0,58.0,-185.0,38.0,-189.0,-1344.0,-96.0,-112.0,-270.0
-53.0,28.0,67.0,-155.0,56.0,-350.0,77.0,114.0,-104.0,-239.0
-22.0,82.0,42.0,-79.0,61.0,-479.0,834.0,70.0,-120.0,-207.0
-24.0,-50.0,-4.0,6.0,11.0,-628.0,559.0,-3.0,-155.0,-200.0
-37.0,-170.0,29.0,13.0,-43.0,-575.0,-191.0,-123.0,-190.0,-206.0
-48.0,-329.0,52.0,-101.0,15.0,-267.0,-946.0,-216.0,-200.0,-156.0
-25.0,-203.0,29.0,-138.0,50.0,-194.0,-1008.0,-212.0,-154.0,-122.0
-15.0,-151.0,5.0,-170.0,-87.0,-129.0,63.0,-232.0,-140.0,-134.0
24.0,-127.0,4.0,-222.0,-38.0,-223.0,1060.0,-48.0,-184.0,-113.0
34.0,207.0,-24.0,-238.0,69.0,-77.0,828.0,35.0,-210.0,-89.0
30.0,513.0,-86.0,-203.0,-60.0,63.0,-352.0,53.0,-174.0,-111.0
34.0,738.0,-116.0,-187.0,-39.0,-135.0,-1193.0,-112.0,-101.0,-127.0
55.0,802.0,-132.0,-194.0,53.0,-94.0,-710.0,-312.0,-66.0,-110.0
94.0,498.0,-134.0,-183.0,54.0,92.0,211.0,-354.0,-51.0,-116.0
90.0,162.0,-210.0,-187.0,82.0,226.0,648.0,-511.0,-70.0,-125.0
109.0,149.0,-250.0,-211.0,75.0,-87.0,514.0,-338.0,-126.0,-106.0
120.0,-23.0,-249.0,-230.0,60.0,-425.0,-258.0,-164.0,-133.0,-89.0
141.0,-171.0,-287.0,-185.0,96.0,-293.0,-1234.0,-72.0,-88.0,-81.0
126.0,-285.0,-300.0,-167.0,163.0,-137.0,-1288.0,-97.0,-21.0,-55.0
126.0,-332.0,-303.0,-89.0,151.0,-238.0,-341.0,-247.0,24.0,0.0
96.0,-220.0,-243.0,-32.0,67.0,-428.0,933.0,-229.0,59.0,40.0
77.0,-147.0,-196.0,-3.0,56.0,-112.0,1465.0,-404.0,124.0,63.0
102.0,186.0,-211.0,101.0,119.0,321.0,159.0,-349.0,178.0,92.0
90.0,189.0,-176.0,120.0,115.0,329.0,-1240.0,-260.0,155.0,129.0
92.0,196.0,-123.0,142.0,-23.0,35.0,-1238.0,-234.0,90.0,172.0
57.0,319.0,-66.0,31.0,-93.0,-180.0,-723.0,-105.0,58.0,185.0
46.0,424.0,-55.0,-81.0,-57.0,-90.0,-574.0,-157.0,26.0,190.0
13.0,348.0,-93.0,-108.0,-81.0,-189.0,-730.0,-155.0,-11.0,207.0
3.0,15.0,-63.0,-175.0,-125.0,-266.0,-613.0,-243.0,-38.0,222.0
-4.0,203.0,-54.0,-133.0,-96.0,-227.0,-203.0,-145.0,-103.0,230.0
-5.0,20.0,-33.0,-101.0,-19.0,-217.0,62.0,-70.0,-169.0,257.0
-10.0,-193.0,-18.0,0.0,-6.0,-242.0,-317.0,-147.0,-216.0,276.0
-25.0,-213.0,55.0,141.0,-35.0,-396.0,-809.0,-42.0,-265.0,256.0
-16.0,-358.0,129.0,141.0,-5.0,-261.0,-551.0,-160.0,-289.0,268.0
-43.0,-267.0,51.0,93.0,34.0,-95.0,220.0,-212.0,-331.0,295.0
-34.0,-112.0,35.0,58.0,51.0,-158.0,606.0,-229.0,-389.0,274.0
-51.0,55.0,0.0,-27.0,69.0,-300.0,409.0,-232.0,-414.0,223.0
-46.0,-154.0,-21.0,-201.0,-9.0,-219.0,110.0,-201.0,-438.0,183.0
-64.0,-205.0,-7.0,-305.0,17.0,-37.0,-691.0,-349.0,-502.0,159.0
-72.0,-122.0,-43.0,-274.0,157.0,-207.0,-1715.0,-297.0,-551.0,116.0
-83.0,2.0,-31.0,-222.0,99.0,-281.0,-1512.0,-314.0,-566.0,49.0
-104.0,4.0,-76.0,-128.0,42.0,-321.0,-389.0,-303.0,-563.0,-22.0
-91.0,-237.0,-109.0,-10.0,56.0,-402.0,247.0,-260.0,-493.0,-101.0
-115.0,-306.0,-116.0,65.0,81.0,-330.0,14.0,-175.0,-412.0,-168.0
-97.0,-525.0,-159.0,100.0,51.0,-120.0,-765.0,24.0,-379.0,-220.0
-87.0,-518.0,-157.0,58.0,1.0,95.0,-1296.0,-129.0,-368.0,-291.0
-83.0,-454.0,-199.0,31.0,-19.0,-18.0,-871.0,-181.0,-341.0,-359.0
-121.0,-385.0,-232.0,-4.0,-48.0,-147.0,305.0,-253.0,-304.0,-400.0
-143.0,-351.0,-221.0,-27.0,-8.0,-152.0,766.0,-201.0,-302.0,-404.0
-131.0,-285.0,-230.0,-78.0,-35.0,-62.0,-243.0,-20.0,-302.0,-395.0
-141.0,-30.0,-220.0,-188.0,-72.0,-79.0,-1254.0,-121.0,-253.0,-410.0
-166.0,260.0,-199.0,-220.0,-75.0,-145.0,-1168.0,-70.0,-140.0,-412.0
-198.0,681.0,-166.0,-252.0,-57.0,81.0,-462.0,-64.0,-50.0,-389.0
-187.0,672.0,-171.0,-240.0,-60.0,131.0,484.0,-24.0,-29.0,-359.0
-191.0,755.0,-128.0,-162.0,-63.0,82.0,1236.0,-90.0,-41.0,-349.0
-179.0,859.0,-24.0,-58.0,-23.0,11.0,740.0,-94.0,-33.0,-362.0
-177.0,829.0,0.0,8.0,-14.0,-1.0,-227.0,103.0,-15.0,-368.0
-177.0,1029.0,-3.0,66.0,57.0,-21.0,-268.0,-35.0,-9.0,-376.0
-163.0,992.0,14.0,140.0,67.0,-284.0,26.0,-107.0,56.0,-354.0
-155.0,596.0,-20.0,100.0,67.0,-110.0,170.0,-162.0,130.0,-316.0
-142.0,58.0,-10.0,-42.0,87.0,101.0,482.0,-173.0,144.0,-304.0
-131.0,107.0,17.0,-179.0,28.0,52.0,502.0,-210.0,113.0,-265.0
-106.0,115.0,-36.0,-214.0,-18.0,-24.0,-394.0,-321.0,84.0,-198.0
-103.0,-247.0,-20.0,-236.0,-25.0,-156.0,-1364.0,-229.0,75.0,-143.0
-84.0,-174.0,-30.0,-245.0,-30.0,-287.0,-1530.0,-258.0,34.0,-126.0
-57.0,-118.0,-56.0,-191.0,-52.0,-590.0,-1150.0,-214.0,-17.0,-119.0
-66.0,-286.0,-36.0,-83.0,29.0,-354.0,-788.0,-184.0,-35.0,-111.0
-67.0,-291.0,-64.0,-38.0,-7.0,202.0,-461.0,-168.0,-49.0,-115.0
-47.0,-137.0,-75.0,-75.0,-116.0,262.0,138.0,-92.0,-91.0,-130.0
-17.0,-319.0,-79.0,-31.0,-66.0,77.0,598.0,-72.0,-125.0,-166.0
-21.0,-721.0,-104.0,-56.0,-130.0,0.0,550.0,16.0,-131.0,-175.0
-46.0,-905.0,-113.0,-89.0,-60.0,160.0,183.0,-70.0,-127.0,-175.0
-37.0,-1024.0,-109.0,-82.0,90.0,166.0,-111.0,-59.0,-161.0,-176.0
0.0,-874.0,-144.0,-119.0,-61.0,-2.0,11.0,-51.0,-213.0,-192.0
37.0,-432.0,-175.0,-125.0,-35.0,-27.0,336.0,-168.0,-227.0,-205.0
27.0,-396.0,-207.0,-110.0,103.0,54.0,201.0,-310.0,-247.0,-168.0
34.0,-708.0,-220.0,29.0,36.0,38.0,-417.0,-576.0,-250.0,-127.0
59.0,-503.0,-132.0,137.0,40.0,8.0,-742.0,-589.0,-225.0,-80.0
55.0,-312.0,-92.0,144.0,75.0,151.0,-275.0,-539.0,-173.0,-44.0
39.0,-340.0,-151.0,203.0,26.0,105.0,347.0,-445.0,-120.0,-32.0
17.0,-233.0,-171.0,231.0,56.0,-150.0,203.0,-336.0,-127.0,-10.0
34.0,-342.0,-172.0,176.0,29.0,-279.0,-152.0,-266.0,-167.0,2.0
43.0,-311.0,-167.0,115.0,-52.0,-132.0,-152.0,-14.0,-224.0,-10.0
42.0,-170.0,-107.0,122.0,63.0,192.0,-83.0,73.0,-221.0,-24.0
38.0,154.0,-62.0,126.0,77.0,246.0,-115.0,105.0,-167.0,-7.0
11.0,404.0,-36.0,78.0,-41.0,202.0,-103.0,20.0,-145.0,29.0
-24.0,379.0,-11.0,31.0,-75.0,215.0,171.0,-144.0,-138.0,46.0
-40.0,321.0,-23.0,65.0,-36.0,31.0,222.0,-286.0,-157.0,38.0
-41.0,351.0,-14.0,127.0,-32.0,-102.0,-100.0,-419.0,-155.0,30.0
-57.0,698.0,-3.0,103.0,-97.0,-159.0,-4.0,-253.0,-98.0,17.0
-70.0,678.0,5.0,94.0,-85.0,-53.0,555.0,-273.0,-60.0,-5.0
-83.0,583.0,23.0,114.0,-59.0,93.0,727.0,-349.0,-67.0,-26.0
-96.0,482.0,21.0,126.0,-2.0,-16.0,547.0,-236.0,-83.0,-51.0
-125.0,205.0,13.0,103.0,9.0,-49.0,545.0,-162.0,-94.0,-78.0
-137.0,-42.0,-23.0,-9.0,-47.0,-22.0,699.0,-109.0,-89.0,-89.0
-161.0,-364.0,-41.0,-58.0,28.0,95.0,701.0,-138.0,-64.0,-104.0
-171.0,-422.0,-51.0,-17.0,74.0,118.0,491.0,-1.0,-46.0,-154.0
-155.0,-657.0,-46.0,-19.0,-60.0,38.0,261.0,59.0,-57.0,-210.0
-161.0,-924.0,15.0,21.0,-46.0,108.0,-74.0,59.0,-59.0,-258.0
-165.0,-1160.0,8.0,41.0,18.0,-38.0,-9.0,18.0,-57.0,-282.0
-188.0,-1312.0,-50.0,4.0,-70.0,14.0,732.0,-238.0,-69.0,-318.0
-181.0,-1020.0,-75.0,-17.0,-59.0,248.0,1071.0,-354.0,-44.0,-371.0
-193.0,-860.0,-107.0,-148.0,-95.0,224.0,327.0,-437.0,6.0,-391.0
-220.0,-786.0,-114.0,-266.0,-163.0,171.0,-657.0,-413.0,20.0,-404.0
-232.0,-651.0,-120.0,-292.0,-56.0,189.0,-960.0,-443.0,-42.0,-411.0
-239.0,-284.0,-169.0,-256.0,-51.0,344.0,-749.0,-430.0,-127.0,-438.0
-230.0,140.0,-172.0,-183.0,-195.0,352.0,-361.0,-247.0,-160.0,-465.0
-245.0,332.0,-172.0,-108.0,-79.0,371.0,41.0,-297.0,-148.0,-456.0
-224.0,546.0,-190.0,-2.0,-4.0,493.0,91.0,-253.0,-128.0,-444.0
-210.0,756.0,-169.0,31.0,-144.0,413.0,-478.0,-197.0,-139.0,-416.0
-214.0,860.0,-195.0,13.0,-127.0,184.0,-1102.0,-38.0,-139.0,-409.0
-200.0,674.0,-213.0,-11.0,-137.0,54.0,-992.0,171.0,-130.0,-423.0
-177.0,385.0,-217.0,-34.0,-107.0,234.0,-130.0,181.0,-129.0,-384.0
-175.0,300.0,-245.0,-19.0,-20.0,346.0,789.0,210.0,-60.0,-314.0
-164.0,381.0,-256.0,3.0,-79.0,229.0,953.0,5.0,15.0,-286.0
-145.0,109.0,-290.0,-38.0,-127.0,126.0,250.0,-59.0,-36.0,-299.0
-127.0,-224.0,-300.0,-108.0,14.0,242.0,-340.0,-116.0,-125.0,-290.0
-111.0,-289.0,-342.0,-148.0,109.0,273.0,82.0,-203.0,-155.0,-250.0
-144.0,-461.0,-344.0,-188.0,-42.0,77.0,917.0,-33.0,-141.0,-210.0
-135.0,-434.0,-253.0,-193.0,-103.0,98.0,1305.0,0.0,-71.0,-182.0
-136.0,-592.0,-160.0,-179.0,-10.0,175.0,918.0,36.0,14.0,-143.0
-144.0,-586.0,-144.0,-154.0,65.0,-37.0,115.0,-168.0,72.0,-84.0
-159.0,-278.0,-199.0,-107.0,78.0,-482.0,-233.0,-195.0,87.0,-25.0
-164.0,-157.0,-194.0,-143.0,67.0,-373.0,-90.0,-49.0,46.0,69.0
-132.0,-62.0,-214.0,-207.0,19.0,37.0,160.0,-83.0,0.0,123.0
-139.0,-126.0,-184.0,-231.0,47.0,-65.0,558.0,46.0,6.0,110.0
-129.0,3.0,-158.0,-263.0,113.0,-454.0,979.0,35.0,43.0,128.0
-143.0,-31.0,-169.0,-280.0,-69.0,-734.0,956.0,177.0,61.0,168.0
-165.0,-179.0,-141.0,-324.0,-50.0,-450.0,464.0,116.0,19.0,203.0
-203.0,-223.0,-185.0,-311.0,119.0,-335.0,-16.0,-88.0,2.0,194.0
-209.0,-179.0,-172.0,-209.0,74.0,-388.0,100.0,-64.0,54.0,175.0
-204.0,-115.0,-185.0,-153.0,43.0,-192.0,525.0,-194.0,107.0,193.0
-220.0,-516.0,-207.0,-128.0,-19.0,-164.0,580.0,-131.0,130.0,177.0
-217.0,-689.0,-157.0,-160.0,18.0,-241.0,248.0,-218.0,157.0,118.0
-217.0,-667.0,-174.0,-225.0,114.0,-367.0,-205.0,-251.0,227.0,74.0
-213.0,-768.0,-124.0,-190.0,91.0,-27.0,-271.0,-212.0,248.0,17.0
-255.0,-796.0,-83.0,-111.0,-65.0,243.0,-11.0,-393.0,160.0,-55.0
-260.0,-601.0,-111.0,-92.0,-113.0,154.0,127.0,-325.0,23.0,-96.0
-277.0,-339.0,-120.0,-114.0,57.0,159.0,210.0,-249.0,-5.0,-136.0
-280.0,-271.0,-131.0,-191.0,50.0,179.0,322.0,-48.0,37.0,-167.0
-277.0,-95.0,-136.0,-269.0,41.0,306.0,244.0,38.0,21.0,-164.0
-271.0,31.0,-72.0,-290.0,26.0,271.0,-67.0,59.0,-38.0,-152.0
-249.0,228.0,10.0,-221.0,16.0,340.0,-292.0,155.0,-82.0,-152.0
-240.0,443.0,-25.0,-101.0,85.0,294.0,-96.0,-29.0,-62.0,-153.0
-185.0,436.0,-64.0,-23.0,-35.0,37.0,463.0,-27.0,-39.0,-146.0
-175.0,423.0,-106.0,49.0,-99.0,-154.0,709.0,-79.0,-23.0,-130.0
-145.0,490.0,-127.0,114.0,-74.0,-189.0,274.0,-123.0,-28.0,-119.0
-144.0,341.0,-109.0,123.0,-95.0,177.0,-353.0,-190.0,-18.0,-127.0
-127.0,30.0,-115.0,88.0,-124.0,69.0,-551.0,-373.0,29.0,-115.0
-107.0,-56.0,-129.0,25.0,-106.0,-141.0,-335.0,-253.0,80.0,-67.0
-108.0,-289.0,-175.0,12.0,-76.0,-209.0,-13.0,-303.0,151.0,-29.0
-80.0,-339.0,-175.0,33.0,2.0,-534.0,378.0,-208.0,209.0,-24.0
-80.0,-317.0,-210.0,-31.0,126.0,-517.0,817.0,-29.0,263.0,8.0
-41.0,-216.0,-230.0,-125.0,20.0,-447.0,984.0,-27.0,264.0,50.0
-56.0,265.0,-260.0,-233.0,23.0,-355.0,657.0,90.0,222.0,79.0
-64.0,384.0,-291.0,-315.0,206.0,-553.0,195.0,225.0,144.0,125.0
-65.0,470.0,-258.0,-314.0,132.0,-809.0,107.0,421.0,51.0,166.0
-58.0,529.0,-272.0,-228.0,59.0,-636.0,464.0,349.0,25.0,198.0
-60.0,518.0,-223.0,-83.0,111.0,-644.0,677.0,295.0,4.0,225.0
-81.0,342.0,-171.0,-43.0,64.0,-554.0,464.0,171.0,-47.0,240.0
-69.0,0.0,-144.0,-114.0,85.0,-575.0,285.0,-127.0,-122.0,238.0
-91.0,-46.0,-125.0,-173.0,109.0,-619.0,456.0,-182.0,-159.0,211.0
-91.0,-101.0,-147.0,-185.0,-30.0,-546.0,695.0,-371.0,-141.0,156.0
-116.0,28.0,-170.0,-175.0,-86.0,-717.0,743.0,-354.0,-88.0,98.0
-140.0,-102.0,-170.0,-128.0,-89.0,-606.0,837.0,-254.0,-19.0,49.0
-179.0,-367.0,-84.0,-48.0,-219.0,-283.0,734.0,-243.0,-2.0,-19.0
-177.0,-309.0,22.0,-13.0,-259.0,-125.0,221.0,-133.0,-1.0,-76.0
-169.0,-332.0,14.0,15.0,-176.0,-371.0,-302.0,-120.0,13.0,-89.0
-186.0,-389.0,-2.0,87.0,-193.0,-511.0,-392.0,20.0,20.0,-71.0
-181.0,-381.0,1.0,95.0,-137.0,-328.0,-140.0,118.0,-23.0,-30.0
-201.0,-189.0,0.0,27.0,-79.0,-302.0,-107.0,242.0,-108.0,-18.0
-194.0,-88.0,23.0,-8.0,-169.0,-361.0,-182.0,243.0,-139.0,-23.0
-218.0,-165.0,58.0,18.0,-164.0,-610.0,-41.0,81.0,-111.0,-24.0
-196.0,-332.0,63.0,40.0,-101.0,-507.0,151.0,77.0,-57.0,-17.0
-225.0,-187.0,-5.0,96.0,-72.0,-352.0,245.0,12.0,-2.0,3.0
-245.0,202.0,52.0,118.0,-21.0,-336.0,305.0,7.0,19.0,-40.0
-213.0,449.0,37.0,97.0,66.0,-84.0,148.0,-186.0,29.0,-95.0
-197.0,638.0,-27.0,179.0,161.0,-142.0,-189.0,-291.0,16.0,-123.0
-172.0,819.0,22.0,260.0,216.0,-112.0,-205.0,-168.0,-3.0,-139.0
-196.0,1036.0,-41.0,321.0,202.0,-260.0,-56.0,-177.0,17.0,-160.0
-168.0,886.0,-52.0,313.0,126.0,-438.0,-48.0,-92.0,58.0,-196.0
-158.0,906.0,-77.0,282.0,36.0,-435.0,-130.0,-103.0,60.0,-203.0
-141.0,729.0,-93.0,259.0,126.0,-656.0,-364.0,-35.0,43.0,-194.0
-160.0,550.0,-75.0,215.0,220.0,-564.0,-562.0,-1.0,33.0,-157.0
-166.0,713.0,-102.0,169.0,180.0,-394.0,-425.0,-36.0,14.0,-115.0
-134.0,393.0,-113.0,62.0,220.0,-238.0,17.0,57.0,19.0,-95.0
-112.0,544.0,-134.0,-36.0,186.0,-377.0,649.0,36.0,27.0,-82.0
-67.0,730.0,-167.0,-126.0,196.0,-536.0,1120.0,55.0,61.0,-58.0
-67.0,702.0,-197.0,-173.0,193.0,-402.0,1009.0,31.0,135.0,-14.0
-25.0,505.0,-105.0,-225.0,17.0,-469.0,430.0,16.0,148.0,24.0
-17.0,376.0,-86.0,-260.0,20.0,-448.0,-29.0,-72.0,116.0,43.0
0.0,609.0,-138.0,-262.0,97.0,-517.0,-120.0,-97.0,80.0,75.0
17.0,560.0,-110.0,-259.0,-10.0,-424.0,31.0,0.0,20.0,118.0
45.0,890.0,-78.0,-257.0,-19.0,-304.0,175.0,-138.0,-51.0,135.0
44.0,950.0,-58.0,-271.0,88.0,-362.0,39.0,-177.0,-107.0,146.0
42.0,882.0,-9.0,-197.0,40.0,-371.0,-87.0,-164.0,-110.0,160.0
87.0,820.0,22.0,-128.0,-60.0,-536.0,-120.0,-201.0,-83.0,167.0
79.0,453.0,-18.0,-11.0,-136.0,-432.0,-166.0,-203.0,-60.0,165.0
97.0,310.0,-5.0,39.0,-195.0,-398.0,-27.0,-166.0,-46.0,177.0
79.0,73.0,-5.0,-2.0,-119.0,-284.0,363.0,35.0,-20.0,168.0
96.0,-66.0,-7.0,6.0,28.0,-206.0,559.0,129.0,18.0,118.0
94.0,-297.0,0.0,-54.0,55.0,-242.0,216.0,160.0,21.0,78.0
77.0,-505.0,5.0,-51.0,96.0,121.0,-140.0,186.0,-9.0,26.0
40.0,-553.0,3.0,-41.0,124.0,124.0,-123.0,264.0,-44.0,-22.0
5.0,-798.0,6.0,-48.0,104.0,61.0,194.0,363.0,-58.0,-71.0
13.0,-1244.0,90.0,24.0,127.0,-43.0,442.0,218.0,-63.0,-123.0
-24.0,-1443.0,84.0,65.0,45.0,-40.0,468.0,160.0,-80.0,-145.0
-55.0,-1319.0,76.0,56.0,-26.0,27.0,296.0,168.0,-77.0,-173.0
-97.0,-1239.0,29.0,80.0,38.0,-292.0,-132.0,133.0,-95.0,-192.0
-98.0,-869.0,-22.0,141.0,139.0,-340.0,-602.0,57.0,-147.0,-183.0
-151.0,-255.0,4.0,153.0,100.0,-306.0,-844.0,75.0,-145.0,-154.0
-181.0,300.0,-6.0,157.0,62.0,-174.0,-719.0,288.0,-92.0,-93.0
-194.0,537.0,22.0,189.0,164.0,-250.0,-514.0,256.0,-44.0,-7.0
-181.0,662.0,2.0,190.0,136.0,-292.0,-451.0,181.0,-4.0,105.0
-161.0,847.0,-51.0,116.0,4.0,-62.0,-536.0,57.0,22.0,233.0
-171.0,723.0,-79.0,27.0,90.0,-105.0,-607.0,-101.0,9.0,343.0
-130.0,498.0,-55.0,-34.0,84.0,-178.0,-448.0,-186.0,-40.0,421.0
-121.0,86.0,-24.0,-51.0,-45.0,-331.0,-101.0,-245.0,-110.0,484.0
-76.0,-274.0,-10.0,-89.0,59.0,-183.0,188.0,-145.0,-154.0,528.0
-92.0,-182.0,11.0,-106.0,-109.0,-200.0,228.0,-129.0,-157.0,535.0
-83.0,-108.0,-41.0,-92.0,-192.0,-426.0,318.0,145.0,-147.0,564.0
-55.0,-68.0,-44.0,-155.0,22.0,-477.0,532.0,402.0,-120.0,583.0
-42.0,121.0,-20.0,-206.0,-107.0,-450.0,637.0,389.0,-104.0,556.0
-4.0,502.0,-6.0,-273.0,-141.0,-108.0,765.0,436.0,-76.0,553.0
35.0,759.0,23.0,-283.0,-47.0,-148.0,1161.0,349.0,-44.0,537.0
110.0,686.0,31.0,-287.0,-105.0,-208.0,1294.0,297.0,3.0,482.0
110.0,598.0,58.0,-280.0,12.0,-210.0,788.0,138.0,81.0,426.0
92.0,464.0,101.0,-165.0,83.0,-143.0,271.0,49.0,56.0,359.0
87.0,236.0,146.0,-129.0,-55.0,116.0,180.0,57.0,-20.0,304.0
126.0,163.0,154.0,-104.0,39.0,18.0,391.0,-36.0,-68.0,261.0
137.0,356.0,182.0,-55.0,28.0,14.0,336.0,-29.0,-103.0,239.0
126.0,356.0,166.0,14.0,-138.0,-75.0,-183.0,-60.0,-85.0,223.0
121.0,246.0,90.0,125.0,-37.0,-47.0,-752.0,59.0,-63.0,184.0
131.0,80.0,88.0,190.0,-17.0,97.0,-973.0,70.0,-72.0,187.0
151.0,-280.0,110.0,168.0,91.0,244.0,-710.0,14.0,-80.0,231.0
122.0,-474.0,144.0,113.0,135.0,411.0,-283.0,70.0,-106.0,265.0
105.0,-632.0,108.0,66.0,-111.0,242.0,-93.0,-3.0,-145.0,261.0
102.0,-906.0,57.0,10.0,-53.0,357.0,-195.0,109.0,-141.0,254.0
96.0,-1048.0,66.0,-18.0,29.0,465.0,-462.0,110.0,-121.0,300.0
62.0,-815.0,68.0,-16.0,-22.0,525.0,-831.0,38.0,-81.0,337.0
53.0,-735.0,117.0,4.0,59.0,527.0,-1198.0,129.0,-57.0,342.0
42.0,-738.0,104.0,-44.0,47.0,332.0,-1237.0,227.0,-130.0,331.0
50.0,-482.0,76.0,-87.0,50.0,458.0,-665.0,277.0,-199.0,317.0
40.0,-529.0,90.0,-41.0,75.0,431.0,164.0,166.0,-216.0,304.0
29.0,-600.0,46.0,37.0,-62.0,326.0,596.0,240.0,-200.0,270.0
19.0,-456.0,69.0,79.0,-17.0,146.0,398.0,279.0,-167.0,240.0
-5.0,-328.0,21.0,119.0,80.0,83.0,71.0,315.0,-156.0,193.0
20.0,-276.0,0.0,201.0,-85.0,207.0,316.0,338.0,-127.0,134.0
18.0,-200.0,45.0,262.0,-94.0,25.0,1031.0,66.0,-63.0,115.0
33.0,-31.0,-8.0,290.0,-47.0,60.0,1475.0,5.0,-12.0,113.0
4.0,-28.0,39.0,279.0,-128.0,118.0,1226.0,-60.0,7.0,107.0
-1.0,-29.0,55.0,274.0,-138.0,154.0,612.0,-1.0,55.0,82.0
9.0,148.0,40.0,228.0,-133.0,170.0,41.0,36.0,101.0,52.0
1.0,410.0,26.0,225.0,-102.0,224.0,-394.0,-51.0,98.0,48.0
-2.0,468.0,-4.0,238.0,-38.0,390.0,-559.0,27.0,67.0,49.0
-19.0,467.0,-45.0,185.0,-34.0,152.0,-323.0,-169.0,65.0,46.0
9.0,570.0,-88.0,167.0,-110.0,-52.0,-84.0,-210.0,89.0,11.0
2.0,423.0,-4.0,143.0,-91.0,-140.0,-120.0,-86.0,94.0,-36.0
-10.0,457.0,3.0,73.0,-62.0,118.0,-95.0,77.0,114.0,-66.0
-22.0,610.0,0.0,37.0,-56.0,303.0,17.0,232.0,152.0,-94.0
-12.0,574.0,-10.0,12.0,-21.0,214.0,77.0,251.0,176.0,-128.0
-25.0,467.0,-30.0,-69.0,11.0,371.0,138.0,389.0,162.0,-175.0
-38.0,451.0,1.0,-119.0,115.0,312.0,151.0,384.0,117.0,-197.0
-41.0,471.0,-22.0,-162.0,137.0,368.0,241.0,424.0,73.0,-210.0
-51.0,245.0,8.0,-156.0,122.0,420.0,437.0,282.0,87.0,-224.0
-38.0,266.0,0.0,-117.0,102.0,628.0,289.0,133.0,144.0,-256.0
-35.0,226.0,-56.0,-93.0,166.0,747.0,-127.0,254.0,164.0,-301.0
-23.0,27.0,-28.0,-95.0,136.0,365.0,-219.0,175.0,156.0,-295.0
-23.0,-57.0,12.0,-112.0,-136.0,358.0,117.0,144.0,131.0,-265.0
4.0,-252.0,-3.0,-120.0,-52.0,493.0,389.0,-70.0,128.0,-231.0
10.0,-423.0,15.0,-166.0,144.0,707.0,285.0,-253.0,181.0,-179.0
22.0,-644.0,27.0,-207.0,153.0,630.0,-62.0,-240.0,243.0,-132.0
40.0,-582.0,-11.0,-218.0,153.0,292.0,-378.0,-315.0,294.0,-98.0
80.0,-496.0,33.0,-179.0,82.0,191.0,-367.0,-199.0,270.0,-56.0
114.0,-527.0,38.0,-217.0,110.0,145.0,-239.0,-51.0,194.0,-28.0
118.0,-488.0,18.0,-219.0,102.0,377.0,-182.0,158.0,156.0,6.0
148.0,-513.0,24.0,-142.0,58.0,355.0,-126.0,68.0,160.0,60.0
145.0,-328.0,-18.0,-119.0,71.0,178.0,-53.0,-72.0,169.0,127.0
152.0,-403.0,-40.0,-34.0,24.0,2.0,-53.0,75.0,135.0,177.0
139.0,-624.0,19.0,102.0,-16.0,-79.0,-69.0,14.0,70.0,204.0
162.0,-709.0,73.0,193.0,-123.0,298.0,250.0,157.0,-8.0,245.0
166.0,-1017.0,61.0,233.0,-241.0,384.0,522.0,216.0,-57.0,262.0
185.0,-1204.0,57.0,284.0,-165.0,292.0,291.0,216.0,-44.0,284.0
205.0,-963.0,49.0,325.0,-60.0,162.0,30.0,282.0,-19.0,307.0
195.0,-927.0,97.0,318.0,-207.0,90.0,116.0,166.0,-13.0,334.0
196.0,-926.0,138.0,229.0,-286.0,79.0,190.0,79.0,-68.0,360.0
150.0,-357.0,123.0,178.0,-134.0,-173.0,148.0,-142.0,-123.0,394.0
140.0,5.0,150.0,139.0,-48.0,18.0,120.0,-73.0,-148.0,422.0
99.0,404.0,136.0,93.0,-17.0,209.0,-59.0,-44.0,-150.0,384.0
94.0,932.0,122.0,77.0,-7.0,79.0,-166.0,-92.0,-123.0,367.0
80.0,1202.0,125.0,41.0,44.0,37.0,30.0,11.0,-142.0,351.0
62.0,1344.0,126.0,76.0,64.0,0.0,256.0,-77.0,-143.0,305.0
64.0,1077.0,151.0,87.0,19.0,239.0,142.0,-16.0,-122.0,262.0
44.0,642.0,121.0,23.0,10.0,386.0,-163.0,-151.0,-98.0,237.0
36.0,149.0,117.0,-59.0,-24.0,296.0,-199.0,-175.0,-64.0,235.0
10.0,-71.0,154.0,-107.0,-3.0,263.0,172.0,-31.0,-63.0,238.0
1.0,-274.0,116.0,-135.0,42.0,164.0,578.0,44.0,-40.0,235.0
-24.0,-464.0,101.0,-110.0,60.0,293.0,533.0,277.0,-12.0,229.0
-30.0,-330.0,106.0,-97.0,-17.0,439.0,7.0,216.0,13.0,223.0
-42.0,-518.0,92.0,-156.0,-54.0,546.0,-537.0,199.0,34.0,215.0
-54.0,-604.0,96.0,-162.0,20.0,667.0,-429.0,164.0,7.0,216.0
-92.0,-476.0,99.0,-177.0,-66.0,391.0,152.0,136.0,-18.0,202.0
-112.0,-289.0,81.0,-183.0,-140.0,347.0,258.0,173.0,-12.0,157.0
-122.0,99.0,10.0,-110.0,-67.0,532.0,-260.0,38.0,9.0,82.0
-147.0,431.0,-16.0,-30.0,-18.0,616.0,-654.0,83.0,24.0,48.0
-153.0,652.0,-3.0,-20.0,-20.0,611.0,-599.0,-62.0,44.0,33.0
-181.0,769.0,30.0,-51.0,-26.0,365.0,-258.0,-90.0,79.0,-28.0
-181.0,684.0,91.0,-50.0,-21.0,436.0,46.0,11.0,125.0,-78.0
-189.0,413.0,28.0,20.0,78.0,425.0,56.0,-1.0,159.0,-94.0
-166.0,162.0,-4.0,71.0,126.0,189.0,10.0,118.0,137.0,-76.0
-165.0,-214.0,4.0,61.0,-41.0,396.0,59.0,9.0,103.0,-59.0
-143.0,-514.0,-69.0,111.0,-34.0,583.0,210.0,-24.0,109.0,-45.0
-122.0,-670.0,-17.0,197.0,103.0,465.0,493.0,-5.0,137.0,-26.0
-120.0,-788.0,-20.0,251.0,27.0,269.0,703.0,92.0,162.0,-31.0
-101.0,-731.0,-80.0,311.0,77.0,153.0,623.0,284.0,161.0,0.0
-94.0,-581.0,-22.0,353.0,138.0,340.0,448.0,206.0,129.0,48.0
-81.0,-325.0,-83.0,344.0,15.0,466.0,315.0,169.0,78.0,67.0
-80.0,-216.0,-71.0,231.0,50.0,303.0,148.0,83.0,35.0,97.0
-32.0,48.0,-13.0,112.0,-18.0,256.0,130.0,112.0,39.0,147.0
-44.0,376.0,-65.0,92.0,-88.0,237.0,336.0,81.0,63.0,206.0
-35.0,481.0,-29.0,-5.0,-26.0,235.0,402.0,-18.0,84.0,240.0
-24.0,638.0,42.0,-96.0,-63.0,399.0,240.0,49.0,84.0,240.0
-15.0,574.0,55.0,-105.0,-74.0,504.0,147.0,-97.0,100.0,224.0
-9.0,352.0,52.0,-88.0,-80.0,542.0,-253.0,-12.0,131.0,196.0
-36.0,10.0,53.0,-64.0,79.0,498.0,-810.0,140.0,143.0,135.0
-22.0,-128.0,30.0,-70.0,166.0,488.0,-872.0,275.0,138.0,48.0
-58.0,-158.0,29.0,-17.0,-7.0,640.0,-582.0,447.0,145.0,-42.0
-54.0,-277.0,40.0,20.0,-9.0,527.0,-151.0,413.0,209.0,-132.0
-73.0,-100.0,95.0,-11.0,124.0,265.0,10.0,367.0,270.0,-189.0
-92.0,9.0,114.0,-33.0,-1.0,315.0,-148.0,131.0,305.0,-214.0
-103.0,179.0,77.0,-138.0,-191.0,446.0,-347.0,92.0,288.0,-228.0
-97.0,411.0,61.0,-193.0,-72.0,434.0,-375.0,107.0,239.0,-234.0
-79.0,406.0,23.0,-134.0,-32.0,446.0,-143.0,103.0,229.0,-205.0
-84.0,283.0,78.0,-182.0,-126.0,601.0,90.0,277.0,262.0,-149.0
-72.0,196.0,109.0,-149.0,-197.0,740.0,49.0,306.0,304.0,-126.0
-92.0,94.0,45.0,-59.0,-136.0,530.0,-209.0,339.0,317.0,-134.0
-98.0,-68.0,61.0,11.0,-38.0,235.0,-292.0,251.0,310.0,-111.0
-107.0,-40.0,50.0,77.0,-109.0,454.0,-311.0,286.0,280.0,-93.0
-111.0,-21.0,36.0,79.0,-71.0,651.0,-148.0,314.0,240.0,-119.0
-117.0,-29.0,62.0,121.0,-63.0,546.0,353.0,136.0,176.0,-124.0
-96.0,17.0,21.0,55.0,-7.0,495.0,750.0,35.0,86.0,-127.0
-72.0,101.0,65.0,1.0,136.0,532.0,749.0,-131.0,-10.0,-159.0
-16.0,272.0,95.0,-14.0,91.0,657.0,329.0,-14.0,-54.0,-202.0
10.0,363.0,40.0,-30.0,17.0,441.0,-56.0,101.0,-41.0,-235.0
6.0,455.0,108.0,19.0,88.0,322.0,-11.0,7.0,-73.0,-260.0
38.0,507.0,152.0,57.0,228.0,507.0,82.0,-9.0,-115.0,-292.0
61.0,564.0,92.0,77.0,219.0,350.0,-278.0,3.0,-157.0,-299.0
97.0,540.0,66.0,64.0,8.0,220.0,-691.0,175.0,-194.0,-274.0
110.0,255.0,1.0,82.0,15.0,379.0,-841.0,221.0,-201.0,-229.0
160.0,41.0,-64.0,53.0,272.0,467.0,-777.0,267.0,-203.0,-178.0
187.0,-57.0,-10.0,27.0,151.0,319.0,-302.0,312.0,-173.0,-125.0
229.0,-291.0,53.0,-57.0,57.0,161.0,196.0,279.0,-121.0,-78.0
232.0,-724.0,76.0,-177.0,211.0,187.0,301.0,315.0,-80.0,-38.0
231.0,-857.0,69.0,-182.0,173.0,348.0,250.0,166.0,-38.0,9.0
240.0,-875.0,57.0,-164.0,109.0,353.0,182.0,206.0,-23.0,57.0
229.0,-984.0,42.0,-133.0,26.0,177.0,59.0,205.0,-11.0,121.0
277.0,-819.0,76.0,-101.0,7.0,267.0,37.0,11.0,8.0,161.0
277.0,-730.0,110.0,-18.0,-3.0,335.0,215.0,-112.0,22.0,146.0
295.0,-566.0,72.0,-16.0,-82.0,71.0,433.0,-144.0,67.0,134.0
272.0,-420.0,91.0,-48.0,-39.0,-83.0,288.0,116.0,114.0,124.0
290.0,-333.0,59.0,10.0,-70.0,56.0,-167.0,269.0,168.0,82.0
299.0,-70.0,43.0,49.0,-131.0,285.0,-425.0,362.0,219.0,14.0
276.0,288.0,57.0,57.0,-61.0,342.0,-403.0,345.0,246.0,-41.0
271.0,603.0,29.0,31.0,-58.0,252.0,-410.0,317.0,281.0,-98.0
245.0,747.0,16.0,-41.0,-181.0,288.0,-422.0,382.0,318.0,-165.0
232.0,868.0,-5.0,-108.0,-127.0,258.0,-221.0,266.0,354.0,-209.0
202.0,670.0,9.0,-134.0,-104.0,0.0,51.0,319.0,383.0,-274.0
199.0,408.0,-46.0,-152.0,-248.0,-9.0,193.0,269.0,399.0,-362.0
171.0,172.0,-80.0,-89.0,-149.0,185.0,42.0,254.0,390.0,-435.0
179.0,11.0,-38.0,-72.0,-80.0,219.0,-79.0,293.0,350.0,-493.0
172.0,12.0,-35.0,-67.0,-109.0,306.0,-42.0,162.0,284.0,-532.0
164.0,-22.0,-64.0,66.0,-169.0,389.0,-263.0,116.0,223.0,-572.0
160.0,58.0,-73.0,135.0,-191.0,349.0,-567.0,-77.0,161.0,-603.0
164.0,24.0,-75.0,189.0,-22.0,217.0,-387.0,-145.0,108.0,-600.0
151.0,79.0,-119.0,215.0,-80.0,-20.0,85.0,-210.0,95.0,-589.0
123.0,6.0,-84.0,163.0,-125.0,27.0,161.0,-123.0,68.0,-555.0
133.0,29.0,-12.0,183.0,18.0,156.0,76.0,145.0,35.0,-502.0
115.0,234.0,65.0,174.0,91.0,54.0,294.0,103.0,0.0,-464.0
132.0,269.0,115.0,183.0,139.0,-16.0,598.0,199.0,-24.0,-414.0
110.0,503.0,116.0,210.0,120.0,-34.0,453.0,345.0,-20.0,-343.0
136.0,526.0,154.0,165.0,119.0,-5.0,3.0,439.0,-23.0,-246.0
145.0,653.0,171.0,175.0,100.0,-1.0,-105.0,273.0,-32.0,-153.0
126.0,836.0,154.0,154.0,138.0,-39.0,-81.0,1.0,-35.0,-87.0
130.0,687.0,161.0,146.0,182.0,-68.0,-329.0,3.0,-35.0,-5.0
126.0,439.0,187.0,128.0,35.0,-27.0,-729.0,-142.0,-11.0,88.0
144.0,222.0,170.0,135.0,95.0,92.0,-756.0,-118.0,31.0,140.0
145.0,258.0,158.0,204.0,237.0,212.0,-225.0,-55.0,40.0,159.0
169.0,116.0,174.0,203.0,144.0,287.0,202.0,14.0,37.0,178.0
175.0,-267.0,154.0,194.0,89.0,162.0,63.0,142.0,63.0,194.0
197.0,-581.0,150.0,242.0,128.0,121.0,-257.0,144.0,100.0,199.0
172.0,-727.0,121.0,283.0,147.0,194.0,-251.0,260.0,142.0,192.0
147.0,-981.0,89.0,247.0,127.0,148.0,96.0,253.0,157.0,182.0
137.0,-1080.0,173.0,200.0,94.0,183.0,626.0,358.0,140.0,146.0
114.0,-812.0,183.0,116.0,55.0,150.0,1002.0,314.0,113.0,113.0
79.0,-499.0,156.0,70.0,50.0,187.0,999.0,66.0,39.0,105.0
56.0,-170.0,165.0,-18.0,-16.0,217.0,841.0,109.0,-38.0,81.0
59.0,71.0,140.0,-78.0,-66.0,12.0,402.0,131.0,-31.0,73.0
29.0,565.0,129.0,-10.0,-66.0,66.0,-102.0,219.0,0.0,85.0
56.0,781.0,117.0,-8.0,-125.0,214.0,-107.0,218.0,28.0,104.0
67.0,676.0,188.0,-13.0,-56.0,315.0,-141.0,230.0,49.0,136.0
70.0,593.0,192.0,-7.0,-52.0,367.0,-418.0,279.0,62.0,140.0
70.0,359.0,146.0,16.0,-126.0,266.0,-504.0,134.0,112.0,143.0
75.0,415.0,131.0,-6.0,-83.0,189.0,-587.0,90.0,159.0,171.0
84.0,306.0,86.0,-27.0,-67.0,62.0,-738.0,-59.0,182.0,183.0
78.0,64.0,115.0,48.0,-40.0,30.0,-515.0,-131.0,174.0,222.0
78.0,7.0,119.0,108.0,-83.0,42.0,-119.0,-99.0,164.0,280.0
80.0,12.0,92.0,74.0,-121.0,83.0,-173.0,-53.0,173.0,317.0
79.0,123.0,123.0,45.0,39.0,32.0,-462.0,84.0,149.0,350.0
83.0,195.0,141.0,17.0,66.0,-122.0,-821.0,151.0,89.0,370.0
105.0,402.0,70.0,-41.0,-43.0,55.0,-1176.0,436.0,-12.0,387.0
90.0,581.0,44.0,-44.0,96.0,155.0,-939.0,450.0,-98.0,372.0
125.0,447.0,72.0,-44.0,176.0,37.0,-207.0,223.0,-146.0,330.0
136.0,192.0,26.0,6.0,138.0,-92.0,273.0,145.0,-181.0,288.0
154.0,-94.0,1.0,93.0,223.0,-106.0,289.0,12.0,-194.0,275.0
146.0,-249.0,4.0,149.0,96.0,41.0,171.0,12.0,-194.0,293.0
148.0,-200.0,2.0,173.0,111.0,10.0,177.0,-33.0,-193.0,310.0
194.0,-296.0,6.0,157.0,313.0,-51.0,500.0,25.0,-208.0,327.0
188.0,-208.0,-25.0,105.0,132.0,-150.0,962.0,138.0,-203.0,310.0
218.0,97.0,-61.0,35.0,62.0,-271.0,1142.0,205.0,-173.0,302.0
191.0,72.0,-46.0,-51.0,117.0,-214.0,1148.0,299.0,-140.0,284.0
207.0,24.0,-21.0,-83.0,7.0,-28.0,1265.0,216.0,-80.0,231.0
179.0,2.0,22.0,-62.0,41.0,232.0,1331.0,164.0,-11.0,152.0
163.0,-48.0,58.0,-21.0,-16.0,311.0,1031.0,22.0,38.0,66.0
170.0,-178.0,34.0,122.0,-100.0,194.0,559.0,-96.0,42.0,7.0
141.0,-336.0,28.0,190.0,78.0,154.0,144.0,-293.0,13.0,-33.0
181.0,-349.0,5.0,156.0,102.0,300.0,-149.0,-432.0,-29.0,-39.0
176.0,-475.0,-4.0,122.0,-19.0,287.0,-294.0,-282.0,-64.0,-56.0
192.0,-395.0,11.0,58.0,46.0,135.0,-534.0,-291.0,-96.0,-75.0
151.0,-409.0,20.0,-1.0,30.0,178.0,-913.0,-264.0,-133.0,-73.0
119.0,-329.0,-3.0,-81.0,-45.0,227.0,-1151.0,-279.0,-114.0,-61.0
99.0,185.0,-7.0,-126.0,8.0,242.0,-1077.0,-219.0,-60.0,-55.0
107.0,418.0,-12.0,-121.0,27.0,185.0,-829.0,-35.0,-48.0,-59.0
136.0,555.0,-15.0,-134.0,32.0,88.0,-671.0,48.0,-66.0,-57.0
125.0,582.0,31.0,-56.0,21.0,77.0,-720.0,66.0,-115.0,-78.0
157.0,610.0,-5.0,14.0,44.0,16.0,-606.0,-105.0,-169.0,-85.0
152.0,623.0,38.0,106.0,-11.0,-31.0,-344.0,-55.0,-161.0,-94.0
140.0,282.0,70.0,266.0,-85.0,81.0,-245.0,-136.0,-117.0,-123.0
100.0,-65.0,79.0,276.0,78.0,206.0,-154.0,-356.0,-85.0,-142.0
85.0,-346.0,142.0,293.0,69.0,166.0,-257.0,-363.0,-50.0,-140.0
71.0,-478.0,115.0,266.0,-15.0,25.0,-310.0,-406.0,-22.0,-134.0
86.0,-554.0,143.0,119.0,97.0,-163.0,14.0,-262.0,-16.0,-120.0
113.0,-416.0,136.0,23.0,-9.0,-201.0,268.0,-258.0,-13.0,-89.0
118.0,-132.0,100.0,48.0,-95.0,-128.0,169.0,-277.0,-34.0,-70.0
106.0,-150.0,83.0,72.0,85.0,-62.0,72.0,-192.0,-42.0,-64.0
53.0,-35.0,119.0,36.0,20.0,156.0,492.0,-81.0,-25.0,-86.0
30.0,128.0,154.0,93.0,-34.0,148.0,780.0,123.0,-28.0,-126.0
-23.0,297.0,105.0,96.0,31.0,-109.0,270.0,29.0,-18.0,-158.0
-21.0,577.0,73.0,20.0,-95.0,-244.0,-85.0,12.0,-20.0,-208.0
-21.0,647.0,29.0,27.0,38.0,-160.0,294.0,-40.0,-50.0,-262.0
12.0,630.0,52.0,97.0,55.0,-22.0,587.0,-138.0,-79.0,-305.0
47.0,560.0,46.0,37.0,-169.0,-122.0,617.0,-57.0,-118.0,-329.0
31.0,329.0,18.0,-45.0,12.0,-265.0,576.0,-14.0,-141.0,-324.0
22.0,89.0,6.0,-62.0,51.0,-280.0,292.0,182.0,-138.0,-299.0
-7.0,-2.0,-12.0,-161.0,-161.0,-130.0,211.0,84.0,-105.0,-228.0
2.0,-83.0,-37.0,-242.0,-59.0,-93.0,329.0,-79.0,-62.0,-120.0
-4.0,15.0,-77.0,-246.0,-30.0,-152.0,54.0,-70.0,-60.0,12.0
4.0,98.0,-12.0,-223.0,-63.0,-56.0,-341.0,-110.0,-88.0,130.0
-6.0,85.0,-24.0,-289.0,50.0,-110.0,-225.0,-162.0,-132.0,210.0
8.0,265.0,-62.0,-262.0,-53.0,-20.0,34.0,-424.0,-150.0,278.0
24.0,303.0,-18.0,-148.0,-71.0,146.0,-179.0,-400.0,-122.0,329.0
13.0,99.0,6.0,-53.0,-1.0,269.0,-637.0,-286.0,-76.0,356.0
0.0,11.0,-17.0,22.0,-19.0,383.0,-900.0,-234.0,-45.0,352.0
-28.0,70.0,-3.0,-13.0,-6.0,137.0,-874.0,-173.0,-34.0,347.0
-12.0,-195.0,7.0,0.0,-80.0,112.0,-774.0,-284.0,9.0,341.0
-28.0,-352.0,-15.0,-21.0,-49.0,302.0,-818.0,-166.0,25.0,347.0
-37.0,-403.0,75.0,-118.0,50.0,244.0,-865.0,-57.0,21.0,377.0
-58.0,-600.0,58.0,-180.0,41.0,50.0,-744.0,96.0,2.0,400.0
-40.0,-650.0,42.0,-187.0,17.0,-237.0,-553.0,94.0,-41.0,407.0
-34.0,-858.0,66.0,-195.0,54.0,-463.0,-160.0,-27.0,-40.0,408.0
-18.0,-806.0,52.0,-235.0,82.0,-615.0,353.0,70.0,-43.0,422.0
12.0,-550.0,128.0,-211.0,91.0,-663.0,688.0,-105.0,-29.0,430.0
15.0,-324.0,144.0,-148.0,-5.0,-691.0,824.0,-214.0,-12.0,389.0
36.0,-137.0,112.0,-96.0,-12.0,-690.0,637.0,-319.0,-28.0,346.0
45.0,-82.0,146.0,-65.0,138.0,-539.0,310.0,-474.0,-37.0,342.0
61.0,129.0,145.0,-70.0,-104.0,-464.0,121.0,-509.0,-56.0,361.0
48.0,154.0,121.0,-139.0,-218.0,-433.0,22.0,-578.0,-84.0,388.0
55.0,197.0,169.0,-205.0,-1.0,-440.0,252.0,-415.0,-95.0,413.0
55.0,163.0,110.0,-333.0,-153.0,-391.0,704.0,-243.0,-83.0,447.0
89.0,112.0,61.0,-359.0,-113.0,-335.0,570.0,51.0,-68.0,487.0
89.0,252.0,97.0,-166.0,-26.0,-412.0,32.0,210.0,-31.0,534.0
61.0,-8.0,30.0,-58.0,-300.0,-283.0,-149.0,149.0,-6.0,569.0
58.0,-165.0,51.0,-6.0,-91.0,-306.0,-337.0,181.0,-7.0,573.0
54.0,-160.0,110.0,72.0,-35.0,-368.0,-678.0,-51.0,-2.0,550.0
59.0,-303.0,18.0,58.0,-278.0,-371.0,-381.0,-197.0,-32.0,540.0
34.0,-534.0,59.0,-12.0,-17.0,-638.0,341.0,-279.0,-79.0,551.0
26.0,-654.0,139.0,-20.0,-87.0,-590.0,503.0,-269.0,-148.0,529.0
0.0,-462.0,60.0,-12.0,-98.0,-413.0,29.0,-334.0,-207.0,489.0
2.0,-165.0,18.0,-23.0,112.0,-154.0,-306.0,-720.0,-263.0,456.0
-36.0,173.0,6.0,-85.0,-224.0,19.0,-203.0,-703.0,-313.0,423.0
-66.0,402.0,-10.0,-124.0,17.0,-216.0,-205.0,-504.0,-312.0,381.0
-96.0,525.0,-38.0,-17.0,190.0,-246.0,-223.0,-378.0,-323.0,313.0
-133.0,639.0,-36.0,159.0,-225.0,-191.0,55.0,-347.0,-314.0,233.0
-150.0,867.0,-44.0,344.0,89.0,-160.0,51.0,-330.0,-306.0,150.0
-182.0,799.0,-27.0,412.0,62.0,-166.0,-471.0,-184.0,-317.0,69.0
-181.0,403.0,-28.0,390.0,-153.0,-198.0,-782.0,-105.0,-325.0,19.0
-222.0,145.0,-46.0,318.0,125.0,-20.0,-764.0,18.0,-341.0,-8.0
-211.0,-8.0,-43.0,130.0,-117.0,-108.0,-709.0,31.0,-346.0,-54.0
-192.0,-104.0,-111.0,-43.0,-59.0,-530.0,-334.0,107.0,-363.0,-107.0
-158.0,-292.0,-74.0,-51.0,139.0,-657.0,76.0,75.0,-361.0,-130.0
-139.0,-388.0,-29.0,-5.0,-188.0,-540.0,-57.0,-125.0,-334.0,-148.0
-125.0,-437.0,-32.0,52.0,-21.0,-554.0,-500.0,-182.0,-260.0,-190.0
-101.0,-402.0,1.0,152.0,64.0,-524.0,-455.0,-360.0,-164.0,-228.0
-99.0,-353.0,-19.0,174.0,-114.0,-582.0,176.0,-434.0,-78.0,-244.0
-99.0,-339.0,-64.0,141.0,143.0,-592.0,897.0,-500.0,4.0,-246.0
-132.0,-205.0,-31.0,121.0,10.0,-527.0,1322.0,-532.0,44.0,-248.0
-109.0,-185.0,-49.0,40.0,-18.0,-673.0,1199.0,-404.0,85.0,-226.0
-68.0,-69.0,-69.0,-93.0,245.0,-616.0,791.0,-275.0,129.0,-184.0
-30.0,-66.0,-19.0,-158.0,-3.0,-759.0,469.0,-134.0,155.0,-155.0
-33.0,29.0,-22.0,-228.0,104.0,-859.0,371.0,-219.0,156.0,-106.0
19.0,217.0,-15.0,-362.0,156.0,-532.0,300.0,-96.0,145.0,-45.0
42.0,232.0,-82.0,-476.0,-96.0,-395.0,188.0,97.0,152.0,-12.0
20.0,315.0,-108.0,-455.0,140.0,-347.0,39.0,75.0,167.0,-7.0
28.0,83.0,-84.0,-347.0,31.0,-546.0,-322.0,44.0,209.0,4.0
-1.0,-37.0,-95.0,-266.0,-149.0,-552.0,-691.0,-127.0,236.0,18.0
2.0,-75.0,-116.0,-169.0,105.0,-275.0,-671.0,-158.0,221.0,0.0
-25.0,-254.0,-176.0,-154.0,-125.0,-324.0,-201.0,-301.0,218.0,-29.0
-17.0,-352.0,-176.0,-264.0,-100.0,-235.0,109.0,-522.0,197.0,-51.0
-46.0,-382.0,-156.0,-387.0,115.0,-196.0,14.0,-729.0,156.0,-47.0
-84.0,-275.0,-129.0,-343.0,-251.0,-265.0,-139.0,-894.0,124.0,-23.0
-111.0,-317.0,-130.0,-166.0,-48.0,-337.0,-213.0,-720.0,80.0,22.0
-162.0,-6.0,-97.0,-48.0,-8.0,-502.0,-481.0,-694.0,30.0,97.0
-185.0,165.0,-64.0,50.0,-303.0,-436.0,-1025.0,-583.0,-9.0,179.0
-236.0,104.0,-52.0,115.0,33.0,-519.0,-984.0,-450.0,-40.0,245.0
-254.0,406.0,-33.0,48.0,-69.0,-494.0,-388.0,-327.0,-66.0,297.0
-280.0,355.0,-30.0,-118.0,-205.0,-233.0,-151.0,-164.0,-64.0,365.0
-283.0,358.0,1.0,-256.0,125.0,-194.0,-189.0,-254.0,-41.0,389.0
-294.0,555.0,-22.0,-282.0,3.0,-281.0,-66.0,-134.0,-19.0,382.0
-326.0,485.0,-11.0,-279.0,-91.0,-506.0,165.0,-199.0,-19.0,344.0
-341.0,169.0,-46.0,-214.0,46.0,-450.0,208.0,-288.0,-52.0,260.0
-330.0,157.0,-89.0,-139.0,-54.0,-429.0,414.0,-336.0,-95.0,174.0
-317.0,246.0,-65.0,-136.0,25.0,-613.0,1056.0,-445.0,-126.0,71.0
-303.0,-85.0,-135.0,-62.0,106.0,-506.0,1244.0,-243.0,-155.0,-3.0
-269.0,-95.0,-173.0,-32.0,26.0,-365.0,623.0,-210.0,-193.0,-74.0
-246.0,-53.0,-136.0,28.0,103.0,-333.0,53.0,-42.0,-211.0,-103.0
-182.0,-275.0,-143.0,78.0,-4.0,-525.0,-118.0,22.0,-209.0,-54.0
-141.0,-290.0,-174.0,58.0,-13.0,-552.0,-268.0,-62.0,-201.0,0.0
-104.0,-139.0,-152.0,50.0,98.0,-416.0,-292.0,-62.0,-167.0,54.0
-78.0,-102.0,-136.0,-84.0,0.0,-469.0,-165.0,-242.0,-115.0,88.0
-48.0,-76.0,-146.0,-230.0,142.0,-473.0,-130.0,-142.0,-64.0,119.0
4.0,-271.0,-121.0,-357.0,183.0,-469.0,-104.0,-72.0,-30.0,167.0
36.0,-407.0,-119.0,-289.0,102.0,-357.0,-266.0,35.0,7.0,207.0
63.0,-282.0,-79.0,-143.0,201.0,-361.0,-463.0,114.0,62.0,219.0
63.0,-396.0,-54.0,-6.0,81.0,-450.0,-277.0,-42.0,135.0,195.0
58.0,-423.0,-79.0,238.0,140.0,-461.0,-107.0,-171.0,178.0,178.0
64.0,-489.0,-38.0,357.0,226.0,-495.0,-218.0,-497.0,166.0,185.0
56.0,-354.0,-67.0,357.0,-87.0,-337.0,-125.0,-622.0,153.0,165.0
45.0,-427.0,-63.0,235.0,-79.0,-254.0,-70.0,-606.0,147.0,91.0
46.0,-613.0,-12.0,3.0,97.0,-171.0,-531.0,-504.0,144.0,22.0
36.0,-200.0,-15.0,-213.0,-103.0,-69.0,-689.0,-236.0,162.0,-26.0
51.0,114.0,-29.0,-299.0,-234.0,-169.0,-162.0,-105.0,159.0,-101.0
25.0,555.0,-30.0,-359.0,-190.0,-208.0,363.0,5.0,140.0,-193.0
-12.0,810.0,-28.0,-392.0,-187.0,-222.0,570.0,-118.0,135.0,-315.0
-41.0,913.0,-72.0,-304.0,-167.0,-112.0,603.0,-107.0,109.0,-447.0
-74.0,1186.0,-36.0,-202.0,-256.0,-204.0,550.0,59.0,89.0,-558.0
-72.0,1198.0,-85.0,-113.0,-231.0,-423.0,483.0,90.0,62.0,-669.0
-94.0,958.0,-110.0,-124.0,-33.0,-237.0,496.0,206.0,35.0,-755.0
-79.0,671.0,-109.0,-88.0,8.0,-323.0,458.0,121.0,43.0,-829.0
-66.0,547.0,-134.0,69.0,32.0,-495.0,236.0,-12.0,63.0,-874.0
-50.0,245.0,-78.0,94.0,55.0,-524.0,-216.0,-301.0,93.0,-879.0
-38.0,-79.0,-125.0,52.0,146.0,-438.0,-599.0,-497.0,92.0,-874.0
-48.0,-213.0,-116.0,34.0,279.0,-102.0,-771.0,-378.0,88.0,-861.0
-62.0,-139.0,-117.0,-101.0,173.0,-81.0,-832.0,-365.0,110.0,-829.0
-76.0,-88.0,-91.0,-211.0,118.0,-118.0,-694.0,-360.0,105.0,-784.0
-61.0,-36.0,-42.0,-172.0,284.0,-262.0,-551.0,-476.0,84.0,-752.0
-62.0,218.0,-29.0,16.0,295.0,-396.0,-236.0,-367.0,56.0,-713.0
-44.0,332.0,-8.0,218.0,168.0,-507.0,158.0,-166.0,44.0,-665.0
-30.0,426.0,-59.0,287.0,53.0,-604.0,132.0,27.0,60.0,-612.0
2.0,210.0,-64.0,279.0,-13.0,-283.0,35.0,323.0,73.0,-556.0
24.0,98.0,-70.0,180.0,181.0,-179.0,157.0,315.0,79.0,-512.0
4.0,105.0,-97.0,145.0,79.0,-117.0,80.0,404.0,62.0,-463.0
-13.0,-216.0,-103.0,123.0,-179.0,-170.0,-87.0,356.0,40.0,-443.0
-47.0,-451.0,-77.0,86.0,58.0,-296.0,81.0,147.0,27.0,-436.0
-38.0,-649.0,-114.0,152.0,57.0,-340.0,259.0,-35.0,8.0,-411.0
-25.0,-584.0,-123.0,204.0,-33.0,-472.0,357.0,-251.0,17.0,-416.0
-18.0,-584.0,-88.0,184.0,25.0,-249.0,261.0,-190.0,43.0,-414.0
1.0,-618.0,-89.0,103.0,-178.0,-241.0,-204.0,-149.0,40.0,-388.0
13.0,-397.0,-87.0,103.0,-72.0,-273.0,-435.0,3.0,32.0,-354.0
22.0,-168.0,-83.0,86.0,128.0,-244.0,-237.0,210.0,26.0,-293.0
4.0,-18.0,-64.0,62.0,-126.0,-344.0,17.0,254.0,28.0,-254.0
-16.0,-74.0,-71.0,6.0,-131.0,-172.0,257.0,194.0,51.0,-223.0
-30.0,-92.0,-29.0,-186.0,91.0,-9.0,336.0,-5.0,74.0,-181.0
-27.0,-72.0,-15.0,-283.0,81.0,160.0,-4.0,-36.0,117.0,-160.0
-1.0,-85.0,0.0,-376.0,87.0,121.0,-316.0,-20.0,145.0,-171.0
3.0,-126.0,17.0,-465.0,18.0,89.0,-358.0,68.0,160.0,-175.0
-18.0,41.0,3.0,-478.0,0.0,236.0,-429.0,70.0,175.0,-168.0
-51.0,259.0,63.0,-435.0,77.0,184.0,-575.0,-31.0,171.0,-177.0
-55.0,272.0,111.0,-389.0,55.0,24.0,-559.0,9.0,171.0,-171.0
-74.0,462.0,134.0,-398.0,-23.0,-139.0,-257.0,-36.0,160.0,-175.0
-136.0,563.0,126.0,-333.0,-70.0,26.0,-79.0,84.0,156.0,-169.0
-173.0,482.0,91.0,-284.0,-14.0,263.0,-138.0,149.0,166.0,-134.0
-196.0,266.0,85.0,-266.0,-74.0,343.0,-258.0,149.0,144.0,-93.0
-188.0,149.0,47.0,-279.0,-135.0,289.0,-219.0,208.0,119.0,-47.0
-184.0,27.0,10.0,-318.0,-100.0,166.0,-49.0,77.0,119.0,-44.0
-203.0,-277.0,25.0,-280.0,-72.0,154.0,-63.0,133.0,121.0,-46.0
-206.0,-243.0,9.0,-223.0,-110.0,-101.0,23.0,310.0,127.0,-24.0
-195.0,-390.0,29.0,-121.0,-82.0,-175.0,289.0,570.0,149.0,-40.0
-172.0,-459.0,65.0,12.0,-62.0,-20.0,347.0,602.0,177.0,-101.0
-165.0,-203.0,106.0,69.0,-61.0,-20.0,218.0,389.0,207.0,-145.0
-154.0,117.0,146.0,10.0,114.0,-126.0,129.0,229.0,232.0,-165.0
-145.0,372.0,134.0,-99.0,6.0,-345.0,-88.0,55.0,233.0,-193.0
-111.0,388.0,154.0,-148.0,-40.0,-317.0,-369.0,177.0,199.0,-208.0
-52.0,743.0,140.0,-146.0,112.0,-307.0,-311.0,166.0,154.0,-197.0
-31.0,752.0,110.0,-66.0,15.0,-221.0,-47.0,142.0,109.0,-181.0
-5.0,306.0,139.0,57.0,35.0,-20.0,232.0,358.0,52.0,-168.0
-5.0,198.0,126.0,77.0,117.0,18.0,287.0,463.0,20.0,-121.0
-1.0,344.0,68.0,-43.0,84.0,27.0,-24.0,480.0,-15.0,-65.0
30.0,42.0,108.0,-195.0,59.0,-102.0,-118.0,323.0,-49.0,-26.0
29.0,-568.0,97.0,-250.0,-10.0,-35.0,194.0,290.0,-83.0,33.0
35.0,-610.0,0.0,-195.0,-31.0,-15.0,380.0,223.0,-158.0,103.0
47.0,-583.0,25.0,-60.0,24.0,-154.0,-8.0,155.0,-211.0,149.0
78.0,-667.0,74.0,81.0,-25.0,-241.0,-615.0,245.0,-261.0,182.0
86.0,-739.0,41.0,176.0,-54.0,-207.0,-658.0,201.0,-306.0,212.0
57.0,-678.0,-3.0,193.0,-2.0,227.0,-372.0,260.0,-333.0,220.0
27.0,-414.0,-35.0,92.0,81.0,423.0,-130.0,219.0,-383.0,218.0
-15.0,-319.0,-46.0,-26.0,110.0,275.0,-20.0,214.0,-423.0,188.0
-55.0,-160.0,-57.0,-53.0,8.0,31.0,-132.0,267.0,-441.0,145.0
-84.0,19.0,-137.0,-55.0,26.0,-106.0,-291.0,288.0,-442.0,98.0
-90.0,192.0,-108.0,-6.0,92.0,25.0,-460.0,386.0,-440.0,25.0
-93.0,337.0,-22.0,131.0,30.0,52.0,-514.0,134.0,-423.0,-70.0
-96.0,280.0,-60.0,237.0,43.0,108.0,-451.0,1.0,-394.0,-174.0
-84.0,191.0,-24.0,281.0,56.0,156.0,-318.0,-51.0,-349.0,-263.0
-68.0,429.0,-58.0,314.0,56.0,268.0,-222.0,-153.0,-282.0,-361.0
-99.0,712.0,-108.0,310.0,189.0,214.0,-204.0,-129.0,-225.0,-413.0
-108.0,522.0,16.0,269.0,87.0,-102.0,-119.0,-120.0,-137.0,-448.0
-105.0,384.0,58.0,287.0,-26.0,-175.0,-52.0,81.0,-32.0,-482.0
-87.0,460.0,66.0,272.0,119.0,-194.0,21.0,29.0,60.0,-482.0
-66.0,407.0,58.0,159.0,61.0,-72.0,172.0,-49.0,140.0,-494.0
-76.0,239.0,23.0,62.0,-84.0,-179.0,445.0,-18.0,194.0,-466.0
-30.0,316.0,59.0,7.0,-44.0,-426.0,528.0,125.0,224.0,-437.0
-15.0,149.0,114.0,-41.0,-4.0,-402.0,98.0,469.0,216.0,-399.0
18.0,-48.0,155.0,-37.0,0.0,-461.0,-251.0,432.0,196.0,-336.0
26.0,96.0,120.0,79.0,-44.0,-411.0,138.0,402.0,160.0,-306.0
27.0,-257.0,108.0,143.0,-127.0,-432.0,631.0,367.0,124.0,-265.0
47.0,-222.0,159.0,157.0,-35.0,-248.0,447.0,314.0,108.0,-229.0
49.0,-113.0,195.0,200.0,1.0,33.0,119.0,225.0,96.0,-205.0
71.0,-342.0,153.0,169.0,-44.0,39.0,199.0,36.0,74.0,-207.0
48.0,-376.0,116.0,190.0,-25.0,189.0,446.0,182.0,54.0,-235.0
56.0,-504.0,146.0,241.0,-73.0,171.0,551.0,247.0,45.0,-249.0
60.0,-545.0,121.0,236.0,18.0,127.0,697.0,245.0,14.0,-256.0
69.0,-709.0,138.0,231.0,56.0,-102.0,977.0,157.0,-6.0,-249.0
70.0,-628.0,193.0,169.0,-154.0,-198.0,1025.0,131.0,-12.0,-229.0
48.0,-400.0,158.0,155.0,-63.0,279.0,794.0,282.0,-33.0,-205.0
58.0,-330.0,173.0,211.0,122.0,620.0,548.0,153.0,-80.0,-171.0
62.0,-257.0,194.0,252.0,70.0,778.0,226.0,77.0,-141.0,-115.0
40.0,-76.0,145.0,211.0,17.0,646.0,-257.0,-11.0,-182.0,-40.0
8.0,182.0,148.0,142.0,-59.0,663.0,-742.0,38.0,-216.0,31.0
-19.0,91.0,121.0,109.0,159.0,546.0,-1179.0,218.0,-237.0,67.0
-29.0,-38.0,121.0,133.0,251.0,303.0,-1372.0,280.0,-212.0,114.0
-26.0,-138.0,152.0,184.0,1.0,484.0,-1324.0,432.0,-168.0,184.0
-51.0,-73.0,116.0,145.0,16.0,607.0,-1392.0,360.0,-149.0,227.0
-86.0,64.0,96.0,111.0,42.0,780.0,-1550.0,256.0,-114.0,264.0
-98.0,92.0,143.0,152.0,23.0,542.0,-1448.0,14.0,-91.0,288.0
-68.0,192.0,141.0,245.0,-26.0,447.0,-917.0,-131.0,-86.0,282.0
-72.0,296.0,108.0,261.0,-132.0,586.0,-294.0,84.0,-52.0,264.0
-64.0,457.0,140.0,215.0,-42.0,397.0,-125.0,158.0,-33.0,245.0
-66.0,448.0,76.0,164.0,82.0,336.0,-198.0,249.0,-4.0,201.0
-55.0,650.0,115.0,94.0,-3.0,346.0,185.0,197.0,35.0,116.0
-22.0,683.0,130.0,93.0,-94.0,643.0,908.0,240.0,44.0,16.0
-35.0,396.0,23.0,100.0,-9.0,560.0,1406.0,279.0,43.0,-62.0
-24.0,340.0,97.0,112.0,83.0,361.0,1397.0,112.0,61.0,-114.0
-48.0,-26.0,77.0,157.0,75.0,359.0,1086.0,120.0,82.0,-172.0
-20.0,-216.0,38.0,181.0,-73.0,245.0,1024.0,62.0,70.0,-219.0
-4.0,-197.0,55.0,100.0,-128.0,310.0,1110.0,162.0,57.0,-241.0
28.0,-433.0,25.0,24.0,52.0,108.0,959.0,138.0,47.0,-240.0
75.0,-737.0,32.0,-5.0,11.0,135.0,830.0,55.0,20.0,-223.0
75.0,-661.0,-19.0,-98.0,-156.0,263.0,838.0,109.0,-8.0,-200.0
98.0,-393.0,-54.0,-165.0,-41.0,303.0,561.0,24.0,-44.0,-183.0
86.0,-324.0,-7.0,-209.0,28.0,271.0,40.0,59.0,-88.0,-194.0
95.0,-34.0,-23.0,-166.0,44.0,12.0,-207.0,-68.0,-123.0,-181.0
66.0,-75.0,-78.0,-84.0,-40.0,121.0,-59.0,-73.0,-163.0,-164.0
62.0,53.0,-22.0,-1.0,-193.0,164.0,-2.0,-31.0,-207.0,-189.0
71.0,336.0,-17.0,117.0,-11.0,230.0,-308.0,-1.0,-235.0,-221.0
87.0,366.0,-48.0,101.0,42.0,294.0,-570.0,160.0,-252.0,-220.0
115.0,472.0,-24.0,46.0,-164.0,364.0,-609.0,-22.0,-250.0,-196.0
121.0,262.0,-64.0,-8.0,-156.0,494.0,-665.0,-66.0,-245.0,-218.0
136.0,115.0,-28.0,-50.0,2.0,385.0,-779.0,-118.0,-249.0,-242.0
154.0,-286.0,-52.0,6.0,90.0,431.0,-671.0,-109.0,-218.0,-244.0
179.0,-458.0,-144.0,86.0,24.0,442.0,-299.0,31.0,-185.0,-260.0
162.0,-318.0,-82.0,110.0,-104.0,653.0,-103.0,5.0,-150.0,-274.0
154.0,-283.0,-74.0,86.0,-28.0,736.0,-299.0,53.0,-87.0,-303.0
129.0,53.0,-72.0,112.0,103.0,584.0,-442.0,-123.0,-36.0,-316.0
146.0,45.0,-54.0,101.0,38.0,553.0,-177.0,-236.0,-7.0,-313.0
130.0,92.0,-102.0,94.0,-120.0,566.0,124.0,-284.0,-11.0,-318.0
86.0,473.0,-55.0,128.0,-48.0,727.0,112.0,-267.0,-9.0,-304.0
57.0,614.0,0.0,116.0,223.0,485.0,140.0,-166.0,-5.0,-266.0
1.0,377.0,11.0,83.0,124.0,418.0,470.0,-212.0,-22.0,-231.0
-48.0,279.0,-25.0,100.0,-53.0,432.0,597.0,1.0,-25.0,-191.0
-125.0,232.0,-15.0,143.0,1.0,329.0,425.0,136.0,-26.0,-115.0
-162.0,-180.0,56.0,145.0,36.0,460.0,315.0,249.0,-21.0,-49.0
-206.0,-177.0,78.0,141.0,7.0,417.0,269.0,386.0,8.0,-5.0
-214.0,-39.0,37.0,64.0,-160.0,515.0,436.0,413.0,22.0,33.0
-235.0,-198.0,-18.0,23.0,-170.0,353.0,788.0,378.0,29.0,69.0
-256.0,-188.0,19.0,-34.0,8.0,107.0,894.0,59.0,40.0,95.0
-267.0,-107.0,11.0,-162.0,-18.0,81.0,771.0,-86.0,37.0,90.0
-290.0,-236.0,-1.0,-169.0,-141.0,258.0,483.0,-271.0,35.0,99.0
-282.0,-242.0,17.0,-116.0,-131.0,477.0,60.0,-325.0,32.0,113.0
-265.0,30.0,29.0,-105.0,-104.0,212.0,139.0,-53.0,39.0,113.0
-225.0,-42.0,37.0,-115.0,-15.0,196.0,648.0,160.0,55.0,115.0
-205.0,-186.0,16.0,-58.0,-49.0,229.0,958.0,410.0,67.0,138.0
-146.0,-132.0,-4.0,-51.0,-209.0,200.0,888.0,380.0,89.0,191.0
-112.0,-100.0,-15.0,-88.0,41.0,132.0,490.0,341.0,122.0,243.0
-77.0,13.0,0.0,-56.0,140.0,-108.0,-2.0,151.0,157.0,264.0
-70.0,0.0,-60.0,3.0,-83.0,-22.0,-425.0,-57.0,173.0,254.0
-64.0,-78.0,-59.0,-7.0,-41.0,-173.0,-537.0,1.0,165.0,268.0
-25.0,-192.0,-45.0,-58.0,-51.0,-315.0,-399.0,-20.0,128.0,271.0
14.0,-151.0,-93.0,-31.0,28.0,-271.0,-448.0,177.0,82.0,238.0
86.0,-103.0,-59.0,-52.0,130.0,-190.0,-818.0,206.0,37.0,202.0
106.0,-184.0,-59.0,-29.0,-75.0,-85.0,-1040.0,218.0,-13.0,142.0
143.0,-92.0,-55.0,19.0,66.0,-171.0,-810.0,395.0,-47.0,82.0
160.0,-24.0,-68.0,55.0,217.0,-70.0,-310.0,443.0,-60.0,56.0
190.0,-97.0,-102.0,113.0,-50.0,-89.0,156.0,360.0,-47.0,43.0
175.0,-78.0,-74.0,72.0,-10.0,38.0,157.0,-5.0,-34.0,2.0
147.0,248.0,-100.0,18.0,28.0,115.0,15.0,-155.0,-5.0,-18.0
163.0,289.0,-137.0,-5.0,-41.0,81.0,344.0,-168.0,27.0,5.0
148.0,226.0,-107.0,23.0,62.0,252.0,754.0,-145.0,47.0,35.0
146.0,161.0,-47.0,72.0,-129.0,68.0,769.0,7.0,80.0,51.0
100.0,-19.0,-86.0,48.0,-101.0,154.0,787.0,60.0,94.0,54.0
66.0,-101.0,-118.0,50.0,139.0,242.0,903.0,288.0,81.0,39.0
29.0,-135.0,-126.0,69.0,2.0,367.0,836.0,447.0,70.0,15.0
6.0,42.0,-136.0,1.0,-101.0,421.0,772.0,415.0,51.0,-13.0
-13.0,-42.0,-71.0,-10.0,-96.0,39.0,783.0,299.0,24.0,-66.0
-56.0,25.0,-120.0,-3.0,-106.0,6.0,692.0,134.0,16.0,-122.0
-75.0,86.0,-181.0,-43.0,-1.0,-4.0,235.0,123.0,13.0,-178.0
-63.0,95.0,-197.0,-74.0,-82.0,262.0,-239.0,55.0,0.0,-215.0
-66.0,307.0,-187.0,-96.0,-142.0,328.0,4.0,81.0,0.0,-219.0
-89.0,111.0,-203.0,-83.0,156.0,50.0,567.0,168.0,2.0,-227.0
-69.0,60.0,-243.0,-70.0,29.0,13.0,402.0,286.0,0.0,-240.0
-87.0,-78.0,-200.0,10.0,-144.0,152.0,-445.0,391.0,-6.0,-242.0
-49.0,-142.0,-172.0,82.0,17.0,618.0,-1065.0,208.0,6.0,-228.0
-10.0,-1.0,-148.0,34.0,21.0,564.0,-975.0,123.0,14.0,-244.0
3.0,-91.0,-111.0,0.0,96.0,409.0,-529.0,35.0,10.0,-279.0
20.0,-118.0,-90.0,-32.0,17.0,235.0,-192.0,-57.0,40.0,-310.0
33.0,-142.0,-118.0,-76.0,-89.0,-52.0,44.0,-94.0,54.0,-335.0
104.0,-107.0,-87.0,-24.0,90.0,-85.0,130.0,-40.0,93.0,-353.0
126.0,-275.0,-91.0,-6.0,124.0,-150.0,-42.0,227.0,136.0,-367.0
163.0,-313.0,-106.0,6.0,-55.0,166.0,-114.0,299.0,141.0,-362.0
160.0,-3.0,-66.0,36.0,-77.0,302.0,329.0,310.0,180.0,-355.0
163.0,-24.0,-49.0,-8.0,-103.0,219.0,652.0,245.0,202.0,-322.0
180.0,-174.0,-23.0,5.0,-13.0,-10.0,383.0,181.0,189.0,-280.0
153.0,137.0,-74.0,42.0,80.0,-149.0,77.0,162.0,187.0,-248.0
146.0,283.0,-77.0,51.0,-208.0,78.0,224.0,77.0,180.0,-219.0
110.0,167.0,-75.0,67.0,-82.0,-6.0,786.0,83.0,155.0,-187.0
121.0,270.0,-75.0,154.0,17.0,-10.0,845.0,40.0,144.0,-140.0
109.0,120.0,-70.0,245.0,-186.0,-68.0,278.0,121.0,107.0,-122.0
88.0,138.0,-94.0,285.0,-115.0,-43.0,81.0,103.0,57.0,-89.0
81.0,140.0,-92.0,300.0,-177.0,118.0,486.0,140.0,39.0,-40.0
55.0,-74.0,-108.0,226.0,-72.0,237.0,730.0,487.0,0.0,-20.0
26.0,-84.0,-95.0,141.0,75.0,359.0,331.0,622.0,-38.0,-2.0
-18.0,21.0,-117.0,60.0,-143.0,86.0,-163.0,607.0,-65.0,6.0
-49.0,48.0,-121.0,-3.0,-65.0,-181.0,-306.0,417.0,-79.0,26.0
-62.0,-227.0,-93.0,-7.0,132.0,-372.0,-117.0,151.0,-80.0,47.0
-51.0,-165.0,-64.0,45.0,-36.0,-141.0,60.0,-72.0,-82.0,30.0
-56.0,-95.0,-31.0,58.0,-37.0,153.0,-182.0,-242.0,-85.0,41.0
-59.0,-120.0,-5.0,21.0,-42.0,155.0,-611.0,-121.0,-93.0,85.0
-73.0,5.0,43.0,21.0,-86.0,118.0,-620.0,14.0,-68.0,113.0
-79.0,-38.0,38.0,17.0,183.0,-145.0,-110.0,166.0,-44.0,159.0
-91.0,92.0,50.0,13.0,41.0,-51.0,467.0,210.0,-8.0,190.0
-100.0,227.0,61.0,54.0,-51.0,-54.0,751.0,210.0,54.0,188.0
-115.0,247.0,84.0,90.0,169.0,5.0,750.0,332.0,107.0,189.0
-135.0,131.0,176.0,54.0,-4.0,104.0,545.0,343.0,181.0,189.0
-147.0,23.0,187.0,31.0,71.0,-23.0,1.0,404.0,270.0,178.0
-168.0,99.0,149.0,25.0,103.0,89.0,-523.0,380.0,320.0,155.0
-168.0,218.0,129.0,57.0,-64.0,-132.0,-347.0,493.0,343.0,133.0
-196.0,118.0,142.0,95.0,199.0,-63.0,300.0,522.0,376.0,138.0
-177.0,128.0,119.0,116.0,131.0,142.0,487.0,229.0,375.0,164.0
-161.0,325.0,119.0,204.0,-32.0,170.0,226.0,31.0,367.0,185.0
-134.0,10.0,116.0,198.0,171.0,93.0,228.0,-192.0,373.0,217.0
-90.0,12.0,48.0,141.0,163.0,28.0,453.0,-136.0,329.0,246.0
-75.0,192.0,109.0,118.0,128.0,456.0,373.0,-35.0,288.0,265.0
-35.0,24.0,49.0,68.0,81.0,406.0,24.0,59.0,236.0,293.0
5.0,0.0,9.0,32.0,-60.0,194.0,98.0,158.0,156.0,304.0
61.0,152.0,15.0,60.0,87.0,-89.0,409.0,81.0,112.0,296.0
61.0,265.0,-72.0,40.0,48.0,-345.0,282.0,251.0,63.0,277.0
93.0,-46.0,18.0,6.0,-83.0,-226.0,-26.0,234.0,42.0,246.0
121.0,-93.0,-3.0,38.0,46.0,-102.0,163.0,123.0,66.0,219.0
141.0,-2.0,-30.0,20.0,-70.0,298.0,498.0,103.0,76.0,187.0
191.0,-260.0,-19.0,129.0,-66.0,279.0,124.0,94.0,100.0,145.0
196.0,-588.0,-69.0,274.0,6.0,108.0,-665.0,133.0,101.0,96.0
205.0,-654.0,-56.0,249.0,-115.0,-185.0,-1207.0,-51.0,90.0,34.0
202.0,-437.0,-79.0,215.0,24.0,-427.0,-1268.0,1.0,97.0,-29.0
204.0,-446.0,-11.0,166.0,47.0,-203.0,-1045.0,33.0,90.0,-81.0
196.0,-380.0,18.0,94.0,-125.0,-260.0,-668.0,-118.0,90.0,-131.0
173.0,-73.0,32.0,71.0,-36.0,-104.0,-62.0,-151.0,86.0,-164.0
146.0,254.0,78.0,79.0,-65.0,-20.0,467.0,-169.0,88.0,-173.0
134.0,326.0,76.0,87.0,-47.0,88.0,362.0,-46.0,90.0,-168.0
117.0,562.0,101.0,79.0,64.0,198.0,-230.0,-18.0,72.0,-153.0
86.0,699.0,122.0,102.0,-146.0,-60.0,-618.0,103.0,64.0,-124.0
77.0,425.0,178.0,64.0,-42.0,-114.0,-470.0,218.0,62.0,-87.0
52.0,634.0,217.0,-25.0,123.0,-200.0,166.0,266.0,58.0,-56.0
63.0,613.0,203.0,0.0,8.0,-181.0,852.0,428.0,75.0,-23.0
91.0,135.0,200.0,42.0,71.0,-376.0,1373.0,310.0,92.0,26.0
87.0,96.0,193.0,-12.0,89.0,-395.0,1433.0,236.0,106.0,101.0
66.0,379.0,174.0,-24.0,53.0,-88.0,829.0,77.0,139.0,173.0
59.0,204.0,158.0,76.0,80.0,44.0,100.0,-86.0,128.0,242.0
79.0,-60.0,139.0,107.0,-34.0,187.0,-225.0,-59.0,118.0,316.0
58.0,129.0,147.0,69.0,-31.0,-246.0,17.0,-35.0,123.0,384.0
40.0,51.0,184.0,80.0,67.0,-474.0,383.0,184.0,102.0,436.0
45.0,-195.0,194.0,71.0,-64.0,-317.0,272.0,317.0,60.0,458.0
57.0,-151.0,174.0,43.0,13.0,-35.0,9.0,408.0,12.0,480.0
79.0,-68.0,150.0,15.0,83.0,269.0,280.0,262.0,-20.0,478.0
92.0,-155.0,141.0,-21.0,28.0,30.0,411.0,25.0,-106.0,447.0
119.0,-236.0,106.0,-63.0,115.0,-113.0,-359.0,-7.0,-196.0,416.0
125.0,-118.0,88.0,-67.0,-5.0,-250.0,-1382.0,-59.0,-262.0,381.0
132.0,-90.0,129.0,10.0,-13.0,6.0,-1770.0,129.0,-327.0,361.0
114.0,-213.0,143.0,31.0,26.0,346.0,-1329.0,230.0,-365.0,357.0
89.0,-203.0,157.0,40.0,-66.0,465.0,-564.0,336.0,-391.0,347.0
84.0,-161.0,150.0,124.0,-78.0,574.0,49.0,347.0,-381.0,349.0
69.0,-190.0,141.0,146.0,-70.0,222.0,367.0,120.0,-349.0,350.0
80.0,-267.0,140.0,94.0,3.0,196.0,383.0,84.0,-316.0,354.0
112.0,-157.0,118.0,23.0,-8.0,45.0,129.0,31.0,-279.0,360.0
124.0,-55.0,146.0,77.0,-42.0,-179.0,-153.0,57.0,-228.0,356.0
103.0,-196.0,145.0,95.0,17.0,-360.0,-291.0,12.0,-187.0,352.0
104.0,-77.0,161.0,2.0,37.0,-486.0,-364.0,14.0,-140.0,339.0
98.0,51.0,161.0,71.0,42.0,-179.0,-294.0,109.0,-48.0,349.0
88.0,-167.0,154.0,162.0,56.0,-257.0,51.0,90.0,29.0,366.0
57.0,-12.0,139.0,138.0,17.0,-240.0,656.0,186.0,83.0,378.0
44.0,199.0,105.0,33.0,55.0,-252.0,1388.0,125.0,123.0,405.0
76.0,-102.0,128.0,60.0,105.0,-319.0,1573.0,171.0,149.0,425.0
105.0,25.0,125.0,168.0,-88.0,-579.0,722.0,206.0,174.0,441.0
108.0,348.0,111.0,139.0,-53.0,-974.0,-287.0,64.0,199.0,453.0
85.0,396.0,23.0,163.0,111.0,-750.0,-525.0,-57.0,213.0,471.0
104.0,397.0,-32.0,204.0,-74.0,-536.0,31.0,-323.0,232.0,477.0
104.0,422.0,-75.0,171.0,25.0,-169.0,525.0,-299.0,280.0,456.0
98.0,477.0,-87.0,124.0,46.0,-145.0,590.0,-243.0,323.0,441.0
80.0,418.0,-65.0,149.0,-149.0,-409.0,839.0,-97.0,351.0,424.0
88.0,417.0,-147.0,176.0,116.0,-569.0,992.0,177.0,385.0,383.0
110.0,118.0,-164.0,185.0,74.0,-727.0,696.0,169.0,443.0,336.0
130.0,1.0,-188.0,221.0,-82.0,-488.0,287.0,186.0,471.0,306.0
160.0,48.0,-213.0,253.0,91.0,-438.0,-92.0,-9.0,467.0,283.0
180.0,-257.0,-169.0,214.0,56.0,-250.0,-394.0,-12.0,461.0,280.0
222.0,-357.0,-147.0,113.0,28.0,-205.0,-293.0,99.0,429.0,294.0
250.0,-322.0,-160.0,147.0,105.0,-296.0,138.0,121.0,405.0,310.0
286.0,-346.0,-79.0,138.0,24.0,-165.0,393.0,203.0,363.0,326.0
307.0,-429.0,0.0,44.0,26.0,-150.0,232.0,-1.0,310.0,314.0
333.0,-362.0,-41.0,10.0,123.0,-56.0,-441.0,20.0,254.0,314.0
327.0,-396.0,37.0,26.0,-5.0,-316.0,-1434.0,-105.0,185.0,319.0
336.0,-299.0,94.0,48.0,49.0,-248.0,-2089.0,-249.0,151.0,272.0
374.0,-37.0,106.0,-6.0,113.0,-62.0,-1887.0,-123.0,126.0,206.0
376.0,-335.0,172.0,-63.0,-74.0,-20.0,-1103.0,-27.0,90.0,163.0
358.0,-532.0,152.0,-70.0,0.0,141.0,-328.0,290.0,42.0,122.0
344.0,-243.0,179.0,-27.0,56.0,33.0,42.0,310.0,-10.0,70.0
347.0,-41.0,209.0,-23.0,-36.0,202.0,121.0,279.0,-60.0,54.0
331.0,-341.0,165.0,-36.0,5.0,42.0,48.0,188.0,-97.0,49.0
308.0,-187.0,149.0,0.0,2.0,-162.0,-261.0,138.0,-119.0,36.0
256.0,229.0,133.0,35.0,-14.0,-162.0,-509.0,345.0,-142.0,52.0
238.0,-32.0,130.0,134.0,83.0,-90.0,-148.0,164.0,-151.0,83.0
216.0,-1.0,146.0,201.0,46.0,95.0,902.0,-1.0,-155.0,115.0
195.0,171.0,90.0,223.0,41.0,-249.0,1652.0,-168.0,-152.0,146.0
166.0,189.0,60.0,254.0,31.0,-467.0,1570.0,-147.0,-121.0,192.0
153.0,280.0,35.0,259.0,-25.0,-615.0,1119.0,-35.0,-100.0,234.0
134.0,416.0,-15.0,242.0,35.0,-497.0,831.0,-109.0,-79.0,248.0
102.0,498.0,4.0,227.0,-142.0,-235.0,864.0,188.0,-40.0,258.0
93.0,523.0,-30.0,207.0,-96.0,-173.0,828.0,321.0,-8.0,280.0
47.0,619.0,-54.0,128.0,109.0,37.0,790.0,327.0,20.0,302.0
34.0,450.0,-64.0,76.0,-67.0,-56.0,962.0,232.0,42.0,306.0
1.0,511.0,-136.0,2.0,-61.0,27.0,910.0,-24.0,56.0,303.0
9.0,632.0,-124.0,-1.0,-22.0,49.0,405.0,-157.0,81.0,321.0
-4.0,337.0,-117.0,23.0,-102.0,0.0,-157.0,-365.0,126.0,340.0
-21.0,199.0,-193.0,0.0,23.0,67.0,-510.0,-195.0,140.0,343.0
-32.0,89.0,-137.0,18.0,-49.0,-60.0,-760.0,7.0,142.0,341.0
-34.0,-130.0,-58.0,46.0,-158.0,-13.0,-1007.0,140.0,160.0,327.0
-17.0,-153.0,-97.0,77.0,-3.0,-155.0,-1262.0,221.0,154.0,307.0
-47.0,-362.0,-78.0,47.0,-25.0,-114.0,-1534.0,3.0,147.0,259.0
-31.0,-702.0,-85.0,95.0,-9.0,-73.0,-1371.0,36.0,137.0,208.0
-36.0,-692.0,-115.0,148.0,76.0,-232.0,-536.0,60.0,113.0,168.0
-8.0,-586.0,-98.0,114.0,-49.0,-280.0,182.0,44.0,81.0,119.0
-21.0,-653.0,-87.0,65.0,78.0,-436.0,221.0,-84.0,49.0,77.0
-16.0,-655.0,-41.0,71.0,106.0,-223.0,-330.0,-214.0,22.0,60.0
-10.0,-151.0,-11.0,116.0,-79.0,-116.0,-934.0,-62.0,2.0,44.0
-6.0,-108.0,-37.0,144.0,162.0,-87.0,-1165.0,-116.0,-5.0,-5.0
14.0,-140.0,-28.0,157.0,176.0,60.0,-803.0,-208.0,-15.0,-25.0
1.0,465.0,-38.0,185.0,36.0,-104.0,144.0,-410.0,-14.0,-27.0
3.0,338.0,-57.0,273.0,202.0,-202.0,842.0,-484.0,-19.0,-37.0
-8.0,288.0,0.0,256.0,43.0,-246.0,783.0,-291.0,-36.0,-39.0
32.0,302.0,-34.0,227.0,-27.0,-9.0,429.0,-110.0,-41.0,-26.0
7.0,64.0,-50.0,177.0,127.0,160.0,290.0,77.0,-56.0,17.0
8.0,168.0,0.0,139.0,-72.0,-81.0,225.0,-27.0,-69.0,26.0
24.0,-2.0,12.0,106.0,-88.0,-162.0,165.0,-36.0,-63.0,33.0
33.0,58.0,16.0,-14.0,-12.0,-246.0,329.0,-109.0,-53.0,66.0
24.0,11.0,37.0,-77.0,-128.0,-257.0,596.0,-408.0,-51.0,77.0
-11.0,-63.0,69.0,-104.0,1.0,-315.0,686.0,-448.0,-59.0,81.0
-3.0,193.0,37.0,-69.0,-27.0,-436.0,415.0,-347.0,-72.0,84.0
-25.0,69.0,82.0,-1.0,-82.0,-180.0,42.0,-195.0,-86.0,87.0
-20.0,36.0,70.0,48.0,-3.0,-43.0,-161.0,-256.0,-78.0,58.0
-18.0,90.0,60.0,3.0,-97.0,-88.0,-115.0,-319.0,-74.0,39.0
14.0,184.0,89.0,-24.0,-24.0,-196.0,118.0,-245.0,-66.0,81.0
23.0,-1.0,13.0,64.0,17.0,-223.0,225.0,-203.0,-58.0,115.0
36.0,-186.0,25.0,109.0,-47.0,154.0,-122.0,-151.0,-80.0,132.0
34.0,306.0,38.0,104.0,-4.0,163.0,-741.0,-254.0,-76.0,158.0
37.0,195.0,120.0,147.0,-5.0,-20.0,-868.0,-249.0,-58.0,220.0
57.0,-193.0,169.0,200.0,24.0,40.0,-366.0,-210.0,-42.0,282.0
53.0,-159.0,168.0,184.0,88.0,150.0,12.0,-206.0,-27.0,291.0
95.0,-204.0,173.0,192.0,10.0,440.0,-296.0,-171.0,-6.0,311.0
114.0,-111.0,130.0,193.0,38.0,350.0,-898.0,-190.0,41.0,335.0
147.0,-21.0,170.0,186.0,138.0,282.0,-1121.0,-110.0,80.0,328.0
124.0,-170.0,135.0,152.0,20.0,190.0,-900.0,-199.0,90.0,308.0
108.0,-48.0,116.0,123.0,51.0,-14.0,-323.0,-315.0,92.0,281.0
112.0,146.0,114.0,145.0,118.0,108.0,439.0,-295.0,91.0,230.0
105.0,-32.0,69.0,152.0,-29.0,-36.0,889.0,-160.0,75.0,153.0
114.0,2.0,77.0,176.0,26.0,-36.0,815.0,-9.0,60.0,87.0
86.0,70.0,90.0,150.0,42.0,73.0,367.0,-29.0,59.0,42.0
62.0,77.0,124.0,155.0,-31.0,166.0,62.0,-103.0,61.0,9.0
40.0,-60.0,104.0,134.0,87.0,237.0,136.0,-388.0,49.0,-32.0
16.0,-176.0,70.0,90.0,0.0,21.0,280.0,-598.0,40.0,-35.0
-18.0,-25.0,132.0,157.0,-37.0,-37.0,496.0,-720.0,35.0,-8.0
-40.0,18.0,86.0,189.0,35.0,51.0,573.0,-752.0,35.0,-14.0
-50.0,101.0,71.0,127.0,-5.0,194.0,498.0,-511.0,62.0,-7.0
-53.0,-194.0,111.0,-13.0,67.0,231.0,355.0,-293.0,89.0,9.0
-49.0,-175.0,85.0,-111.0,13.0,47.0,-65.0,9.0,136.0,19.0
-43.0,-59.0,90.0,-214.0,-44.0,-46.0,-733.0,127.0,191.0,16.0
-50.0,-252.0,88.0,-300.0,59.0,83.0,-1214.0,277.0,207.0,9.0
-54.0,123.0,146.0,-263.0,53.0,212.0,-1005.0,419.0,205.0,49.0
-74.0,325.0,86.0,-274.0,-1.0,326.0,-606.0,201.0,189.0,95.0
-75.0,299.0,81.0,-286.0,-36.0,377.0,-790.0,55.0,161.0,119.0
-84.0,286.0,117.0,-301.0,-106.0,316.0,-1390.0,-210.0,133.0,153.0
-112.0,154.0,98.0,-323.0,-42.0,320.0,-1446.0,-447.0,109.0,180.0
-76.0,65.0,164.0,-294.0,-20.0,368.0,-757.0,-711.0,92.0,167.0
-55.0,116.0,149.0,-277.0,-23.0,293.0,-280.0,-931.0,77.0,149.0
-45.0,8.0,175.0,-262.0,49.0,141.0,-548.0,-868.0,67.0,142.0
-65.0,-244.0,163.0,-244.0,-81.0,137.0,-744.0,-862.0,55.0,125.0
-78.0,-62.0,152.0,-151.0,-31.0,181.0,-129.0,-545.0,40.0,76.0
-84.0,59.0,149.0,-65.0,-6.0,204.0,730.0,-343.0,34.0,54.0
-88.0,-88.0,84.0,-96.0,-122.0,166.0,1148.0,-210.0,36.0,77.0
-78.0,-110.0,74.0,-100.0,39.0,202.0,1026.0,155.0,40.0,58.0
-82.0,-39.0,58.0,-103.0,-1.0,335.0,873.0,251.0,56.0,33.0
-67.0,-154.0,13.0,-168.0,-71.0,438.0,670.0,216.0,81.0,32.0
-50.0,-225.0,-5.0,-145.0,84.0,471.0,154.0,-84.0,113.0,25.0
-38.0,-119.0,7.0,-169.0,13.0,382.0,-90.0,-262.0,154.0,-13.0
-33.0,36.0,4.0,-273.0,-31.0,474.0,422.0,-328.0,167.0,-59.0
-18.0,159.0,3.0,-294.0,41.0,516.0,1127.0,-443.0,182.0,-75.0
3.0,-8.0,-31.0,-312.0,-55.0,401.0,949.0,-291.0,197.0,-108.0
21.0,46.0,-1.0,-197.0,-51.0,496.0,128.0,-160.0,200.0,-142.0
20.0,52.0,3.0,-70.0,-21.0,669.0,-442.0,68.0,211.0,-143.0
45.0,-16.0,-21.0,-38.0,-62.0,559.0,-621.0,68.0,202.0,-153.0
74.0,88.0,-7.0,-32.0,2.0,331.0,-553.0,-55.0,199.0,-194.0
109.0,-57.0,-5.0,-89.0,-41.0,438.0,-515.0,-118.0,166.0,-219.0
128.0,-102.0,62.0,-141.0,-94.0,577.0,-808.0,-197.0,105.0,-221.0
143.0,-164.0,51.0,-228.0,-113.0,436.0,-1190.0,-22.0,40.0,-254.0
156.0,-155.0,48.0,-204.0,-153.0,135.0,-1265.0,-25.0,-34.0,-310.0
120.0,-256.0,54.0,-156.0,-53.0,105.0,-827.0,22.0,-85.0,-330.0
130.0,-256.0,65.0,-115.0,-45.0,322.0,-163.0,57.0,-147.0,-314.0
125.0,141.0,135.0,-79.0,-84.0,377.0,-14.0,-16.0,-196.0,-291.0
125.0,4.0,119.0,-173.0,-9.0,271.0,-398.0,0.0,-233.0,-276.0
104.0,-14.0,118.0,-226.0,49.0,73.0,-694.0,-160.0,-256.0,-241.0
99.0,337.0,116.0,-233.0,66.0,170.0,-460.0,-134.0,-250.0,-184.0
118.0,384.0,129.0,-196.0,-3.0,259.0,7.0,-164.0,-263.0,-148.0
115.0,357.0,146.0,-130.0,-64.0,5.0,372.0,-118.0,-260.0,-105.0
88.0,225.0,132.0,-87.0,5.0,-154.0,506.0,-18.0,-251.0,-70.0
51.0,0.0,167.0,-159.0,59.0,43.0,168.0,-158.0,-262.0,-62.0
57.0,-78.0,175.0,-230.0,-3.0,302.0,-421.0,-155.0,-260.0,-70.0
31.0,-98.0,213.0,-207.0,36.0,162.0,-955.0,-388.0,-258.0,-74.0
37.0,-59.0,232.0,-225.0,111.0,95.0,-925.0,-474.0,-248.0,-48.0
10.0,8.0,259.0,-205.0,120.0,160.0,-160.0,-406.0,-240.0,-52.0
20.0,-129.0,264.0,-149.0,109.0,62.0,763.0,-286.0,-233.0,-63.0
30.0,-106.0,256.0,-103.0,3.0,-62.0,1236.0,44.0,-229.0,-26.0
37.0,-185.0,324.0,-120.0,88.0,-29.0,1083.0,-14.0,-221.0,18.0
50.0,-331.0,312.0,-111.0,152.0,210.0,802.0,12.0,-201.0,45.0
12.0,-55.0,331.0,-64.0,25.0,424.0,690.0,121.0,-171.0,59.0
38.0,-63.0,281.0,-111.0,73.0,557.0,650.0,212.0,-123.0,77.0
22.0,-167.0,262.0,-143.0,71.0,386.0,564.0,197.0,-84.0,101.0
20.0,28.0,241.0,-159.0,11.0,271.0,272.0,-36.0,-55.0,119.0
-14.0,312.0,220.0,-178.0,-11.0,419.0,-149.0,-112.0,-5.0,148.0
-24.0,300.0,299.0,-204.0,-77.0,300.0,-538.0,-293.0,38.0,195.0
-30.0,361.0,285.0,-162.0,-42.0,158.0,-902.0,-238.0,59.0,241.0
-61.0,481.0,321.0,-90.0,-9.0,287.0,-1020.0,-219.0,84.0,288.0
-58.0,4.0,286.0,-104.0,-89.0,392.0,-832.0,-304.0,114.0,340.0
-85.0,12.0,275.0,-129.0,-121.0,251.0,-676.0,-123.0,123.0,378.0
-72.0,98.0,254.0,-62.0,-59.0,152.0,-816.0,-60.0,130.0,382.0
-77.0,-176.0,261.0,-10.0,-40.0,138.0,-1239.0,127.0,136.0,362.0
-63.0,-162.0,300.0,-86.0,17.0,30.0,-1407.0,221.0,114.0,343.0
-61.0,-290.0,285.0,-26.0,-48.0,62.0,-1055.0,242.0,101.0,309.0
-69.0,-415.0,311.0,60.0,-105.0,92.0,-489.0,188.0,82.0,248.0
-87.0,-261.0,265.0,89.0,-5.0,75.0,-208.0,-55.0,49.0,203.0
-104.0,-107.0,322.0,122.0,-88.0,181.0,-550.0,-120.0,27.0,158.0
-106.0,-275.0,328.0,101.0,-6.0,246.0,-1199.0,-291.0,-1.0,80.0
-110.0,-237.0,325.0,47.0,28.0,160.0,-1346.0,-460.0,-21.0,24.0
-120.0,-27.0,387.0,-51.0,-17.0,39.0,-588.0,-570.0,-35.0,-12.0
-141.0,-48.0,373.0,-79.0,130.0,57.0,433.0,-639.0,-15.0,-68.0
-121.0,113.0,353.0,-49.0,26.0,-80.0,945.0,-600.0,13.0,-108.0
-128.0,325.0,365.0,-10.0,-76.0,-313.0,864.0,-500.0,40.0,-122.0
-138.0,248.0,348.0,-47.0,20.0,-251.0,778.0,-169.0,70.0,-134.0
-147.0,173.0,319.0,-102.0,7.0,-2.0,989.0,97.0,75.0,-153.0
-137.0,-7.0,378.0,-117.0,-86.0,119.0,1073.0,238.0,76.0,-155.0
-144.0,-270.0,375.0,-107.0,25.0,-118.0,887.0,77.0,46.0,-143.0
-135.0,6.0,345.0,-73.0,62.0,-321.0,871.0,-413.0,-3.0,-161.0
-125.0,-40.0,320.0,-111.0,4.0,-388.0,919.0,-648.0,-51.0,-196.0
-128.0,-259.0,252.0,-92.0,75.0,-458.0,509.0,-515.0,-76.0,-227.0
-107.0,-149.0,259.0,-56.0,19.0,-548.0,-201.0,-129.0,-97.0,-259.0
-86.0,-69.0,335.0,-53.0,102.0,-571.0,-662.0,179.0,-135.0,-274.0
-49.0,203.0,319.0,-60.0,169.0,-254.0,-528.0,192.0,-154.0,-300.0
-40.0,192.0,267.0,-62.0,52.0,-54.0,-83.0,-36.0,-165.0,-311.0
11.0,334.0,237.0,-3.0,48.0,-133.0,193.0,-195.0,-172.0,-276.0
17.0,343.0,206.0,9.0,-8.0,-276.0,-17.0,-158.0,-201.0,-257.0
41.0,213.0,216.0,-46.0,-19.0,-384.0,-328.0,-129.0,-229.0,-226.0
61.0,424.0,208.0,-103.0,-40.0,-438.0,-136.0,83.0,-254.0,-164.0
50.0,290.0,186.0,-57.0,-147.0,-341.0,167.0,88.0,-284.0,-131.0
42.0,294.0,184.0,-59.0,-82.0,-54.0,67.0,-168.0,-290.0,-110.0
34.0,191.0,136.0,-38.0,-35.0,119.0,-407.0,-362.0,-300.0,-61.0
65.0,1.0,84.0,17.0,-32.0,206.0,-834.0,-308.0,-300.0,-24.0
42.0,-150.0,136.0,-57.0,-34.0,133.0,-900.0,214.0,-296.0,-39.0
64.0,-222.0,92.0,-125.0,-36.0,-36.0,-525.0,448.0,-278.0,-42.0
66.0,127.0,-2.0,-187.0,46.0,-150.0,-144.0,393.0,-262.0,-15.0
69.0,39.0,-10.0,-157.0,2.0,-167.0,-183.0,262.0,-270.0,0.0
54.0,-87.0,-71.0,-151.0,-79.0,-58.0,-391.0,155.0,-280.0,3.0
40.0,-40.0,-63.0,-137.0,-45.0,127.0,-505.0,158.0,-309.0,0.0
46.0,-130.0,-86.0,-56.0,-46.0,361.0,-430.0,-145.0,-344.0,0.0
59.0,-22.0,-143.0,-48.0,-77.0,383.0,-283.0,-186.0,-379.0,13.0
82.0,-34.0,-118.0,-73.0,4.0,162.0,-186.0,-144.0,-402.0,31.0
115.0,-82.0,-179.0,-99.0,25.0,-219.0,-32.0,-81.0,-418.0,39.0
168.0,9.0,-212.0,-79.0,33.0,-486.0,411.0,-5.0,-417.0,66.0
169.0,-154.0,-243.0,-56.0,126.0,-441.0,749.0,-136.0,-384.0,114.0
203.0,-202.0,-332.0,-27.0,74.0,-315.0,671.0,0.0,-349.0,153.0
165.0,76.0,-345.0,-51.0,47.0,-317.0,595.0,-77.0,-322.0,213.0
155.0,124.0,-332.0,-84.0,87.0,-361.0,761.0,-127.0,-314.0,278.0
137.0,47.0,-336.0,-72.0,98.0,-290.0,1085.0,-157.0,-296.0,310.0
138.0,37.0,-314.0,-90.0,145.0,-383.0,1146.0,-277.0,-293.0,337.0
158.0,21.0,-285.0,-121.0,90.0,-584.0,794.0,-177.0,-282.0,373.0
149.0,47.0,-303.0,-158.0,97.0,-665.0,425.0,-205.0,-245.0,386.0
177.0,114.0,-254.0,-231.0,218.0,-634.0,413.0,-46.0,-238.0,340.0
124.0,41.0,-213.0,-280.0,119.0,-623.0,263.0,-42.0,-217.0,278.0
109.0,-106.0,-174.0,-283.0,40.0,-637.0,-328.0,-86.0,-187.0,241.0
64.0,45.0,-144.0,-323.0,130.0,-517.0,-626.0,73.0,-140.0,181.0
41.0,102.0,-174.0,-294.0,108.0,-465.0,-466.0,173.0,-89.0,74.0
21.0,39.0,-111.0,-211.0,3.0,-407.0,-233.0,482.0,-61.0,-16.0
27.0,190.0,-95.0,-164.0,-24.0,-476.0,-291.0,439.0,-22.0,-80.0
65.0,211.0,-96.0,-178.0,1.0,-827.0,-653.0,-44.0,9.0,-174.0
72.0,132.0,-86.0,-162.0,-36.0,-1029.0,-764.0,-903.0,45.0,-274.0
96.0,-158.0,-97.0,-76.0,-99.0,-854.0,-500.0,-1666.0,60.0,-347.0
75.0,-202.0,-41.0,-73.0,-109.0,-548.0,-387.0,-1577.0,75.0,-407.0
61.0,19.0,-62.0,-48.0,-121.0,-460.0,-631.0,-938.0,99.0,-467.0
46.0,-175.0,-102.0,-48.0,-110.0,-420.0,-867.0,304.0,106.0,-491.0
45.0,-422.0,-66.0,-93.0,-27.0,-592.0,-757.0,1568.0,113.0,-486.0
31.0,-426.0,-114.0,-104.0,5.0,-962.0,-447.0,2370.0,122.0,-482.0
28.0,-115.0,-165.0,-148.0,29.0,-856.0,-165.0,2315.0,132.0,-458.0
17.0,-166.0,-138.0,-147.0,52.0,-430.0,46.0,1138.0,137.0,-389.0
32.0,-178.0,-181.0,-134.0,0.0,-283.0,280.0,-238.0,147.0,-312.0
29.0,127.0,-230.0,-109.0,18.0,-386.0,713.0,-1572.0,128.0,-284.0
-18.0,39.0,-216.0,-59.0,81.0,-470.0,1042.0,-2342.0,99.0,-242.0
-37.0,35.0,-177.0,-55.0,40.0,-485.0,1050.0,-2228.0,57.0,-167.0
-67.0,124.0,-153.0,-29.0,5.0,-461.0,750.0,-1448.0,15.0,-127.0
-93.0,230.0,-168.0,28.0,18.0,-560.0,252.0,-219.0,-10.0,-98.0
-105.0,297.0,-205.0,27.0,-15.0,-634.0,-65.0,772.0,-51.0,-62.0
-88.0,152.0,-183.0,-7.0,21.0,-469.0,-127.0,1531.0,-82.0,-35.0
-59.0,-38.0,-131.0,-15.0,13.0,-171.0,91.0,1847.0,-106.0,-25.0
-27.0,55.0,-155.0,-76.0,-85.0,-137.0,314.0,1507.0,-146.0,-17.0
-28.0,84.0,-143.0,-145.0,-72.0,-300.0,195.0,641.0,-204.0,6.0
-27.0,48.0,-135.0,-238.0,-37.0,-169.0,-54.0,-399.0,-239.0,-1.0
-49.0,110.0,-139.0,-356.0,-73.0,-128.0,-137.0,-879.0,-261.0,-3.0
-71.0,84.0,-136.0,-291.0,-103.0,-246.0,-158.0,-853.0,-284.0,29.0
-104.0,135.0,-108.0,-273.0,-22.0,-209.0,-283.0,-600.0,-301.0,67.0
-111.0,-72.0,-67.0,-329.0,18.0,-94.0,-282.0,-388.0,-311.0,102.0
-88.0,-134.0,-69.0,-273.0,-54.0,-95.0,-195.0,-140.0,-306.0,115.0
-65.0,-145.0,-32.0,-235.0,-30.0,-141.0,-28.0,169.0,-283.0,157.0
-1.0,-107.0,-66.0,-169.0,32.0,-9.0,194.0,229.0,-256.0,211.0
4.0,-135.0,-55.0,-104.0,19.0,45.0,132.0,356.0,-227.0,219.0
24.0,-226.0,17.0,-103.0,11.0,-142.0,57.0,404.0,-199.0,203.0
8.0,191.0,-8.0,-122.0,-3.0,-432.0,359.0,214.0,-186.0,188.0
11.0,195.0,-50.0,-129.0,-7.0,-467.0,733.0,-158.0,-157.0,161.0
24.0,-72.0,-48.0,-148.0,100.0,-232.0,765.0,-452.0,-119.0,102.0
15.0,-92.0,-3.0,-220.0,86.0,-214.0,530.0,-216.0,-86.0,47.0
3.0,-40.0,12.0,-214.0,-36.0,-421.0,297.0,123.0,-41.0,0.0
-17.0,-258.0,36.0,-134.0,6.0,-505.0,216.0,315.0,-17.0,-56.0
0.0,-329.0,41.0,-91.0,17.0,-483.0,276.0,315.0,-16.0,-113.0
0.0,-126.0,53.0,-113.0,-4.0,-471.0,294.0,256.0,-7.0,-142.0
16.0,-126.0,43.0,-133.0,-20.0,-395.0,210.0,96.0,3.0,-159.0
-1.0,-83.0,-21.0,-114.0,-3.0,-377.0,84.0,-175.0,11.0,-170.0
-12.0,-140.0,31.0,-157.0,126.0,-444.0,-93.0,-310.0,30.0,-163.0
-27.0,17.0,17.0,-187.0,51.0,-377.0,-205.0,-506.0,36.0,-145.0
-35.0,11.0,-41.0,-114.0,-93.0,-347.0,-238.0,-371.0,33.0,-116.0
-57.0,-38.0,-40.0,-71.0,-34.0,-546.0,-339.0,-103.0,33.0,-90.0
-70.0,22.0,-114.0,-12.0,27.0,-697.0,-406.0,133.0,40.0,-61.0
-55.0,-35.0,-101.0,83.0,-1.0,-584.0,-281.0,508.0,38.0,-23.0
-53.0,63.0,-72.0,131.0,-31.0,-469.0,-235.0,689.0,36.0,-7.0
-36.0,-30.0,-110.0,138.0,-38.0,-615.0,-492.0,750.0,27.0,-18.0
-57.0,-8.0,-109.0,151.0,-45.0,-573.0,-605.0,482.0,5.0,-23.0
-61.0,49.0,-99.0,173.0,-46.0,-225.0,-370.0,212.0,-12.0,-35.0
-83.0,75.0,-116.0,138.0,-109.0,26.0,-57.0,-62.0,-42.0,-75.0
-66.0,-82.0,-137.0,78.0,-127.0,0.0,73.0,-391.0,-74.0,-136.0
-66.0,-125.0,-134.0,-9.0,-10.0,-275.0,-16.0,-400.0,-110.0,-179.0
-61.0,156.0,-175.0,-79.0,-2.0,-365.0,-34.0,-424.0,-123.0,-226.0
-42.0,107.0,-180.0,-106.0,-27.0,-145.0,162.0,-149.0,-117.0,-285.0
-36.0,48.0,-168.0,-155.0,-9.0,66.0,313.0,75.0,-121.0,-322.0
-7.0,-20.0,-196.0,-219.0,-24.0,86.0,311.0,210.0,-107.0,-351.0
-23.0,-80.0,-188.0,-228.0,46.0,28.0,330.0,519.0,-90.0,-395.0
-30.0,24.0,-167.0,-191.0,35.0,100.0,430.0,478.0,-80.0,-441.0
-65.0,47.0,-170.0,-183.0,-92.0,117.0,656.0,393.0,-77.0,-456.0
-57.0,106.0,-220.0,-152.0,-100.0,20.0,552.0,84.0,-68.0,-474.0
-70.0,349.0,-208.0,-74.0,5.0,91.0,87.0,-273.0,-60.0,-504.0
-79.0,315.0,-183.0,-35.0,5.0,196.0,-3.0,-279.0,-64.0,-527.0
-101.0,79.0,-227.0,-24.0,-34.0,35.0,243.0,60.0,-59.0,-527.0
-126.0,107.0,-247.0,16.0,66.0,-279.0,217.0,644.0,-64.0,-527.0
-113.0,173.0,-212.0,44.0,61.0,-200.0,-135.0,696.0,-89.0,-546.0
-166.0,72.0,-166.0,96.0,18.0,87.0,-410.0,428.0,-105.0,-519.0
-181.0,-141.0,-153.0,137.0,50.0,7.0,-380.0,-16.0,-108.0,-488.0
-227.0,-257.0,-152.0,169.0,39.0,19.0,-93.0,-611.0,-112.0,-466.0
-233.0,-185.0,-181.0,207.0,57.0,129.0,8.0,-977.0,-100.0,-425.0
-253.0,68.0,-152.0,156.0,82.0,-30.0,151.0,-986.0,-67.0,-367.0
-266.0,127.0,-116.0,83.0,117.0,-262.0,571.0,-384.0,-40.0,-288.0
-248.0,-122.0,-87.0,11.0,115.0,-207.0,671.0,277.0,-13.0,-241.0
-271.0,-169.0,-26.0,-16.0,57.0,31.0,312.0,790.0,19.0,-186.0
-272.0,-181.0,-62.0,-53.0,33.0,18.0,-102.0,1010.0,62.0,-108.0
-312.0,-258.0,-8.0,-150.0,43.0,-51.0,-184.0,816.0,120.0,-63.0
-308.0,-155.0,22.0,-205.0,-5.0,-66.0,-137.0,537.0,169.0,-40.0
-306.0,-131.0,-3.0,-198.0,-13.0,-112.0,-113.0,116.0,210.0,-10.0
-286.0,-9.0,95.0,-152.0,59.0,-42.0,-109.0,70.0,264.0,4.0
-244.0,-2.0,89.0,-127.0,26.0,157.0,-160.0,182.0,292.0,-21.0
-192.0,-115.0,31.0,-75.0,-24.0,147.0,-73.0,186.0,292.0,-26.0
-135.0,155.0,46.0,-15.0,19.0,-143.0,208.0,133.0,292.0,-18.0
-122.0,370.0,27.0,9.0,83.0,-318.0,428.0,-59.0,280.0,-37.0
-102.0,504.0,6.0,-22.0,-24.0,-181.0,366.0,12.0,282.0,-42.0
-73.0,393.0,43.0,-28.0,-103.0,198.0,298.0,-101.0,278.0,-31.0
-68.0,315.0,9.0,-13.0,-14.0,538.0,279.0,-279.0,269.0,-7.0
-88.0,383.0,-64.0,-89.0,-47.0,496.0,184.0,-314.0,250.0,-10.0
-79.0,234.0,-54.0,-91.0,-109.0,257.0,-3.0,-323.0,214.0,-26.0
-89.0,148.0,-61.0,-85.0,-30.0,208.0,-210.0,-107.0,178.0,-22.0
-71.0,-128.0,-110.0,-83.0,-1.0,184.0,-412.0,22.0,149.0,-27.0
-67.0,-417.0,-135.0,-105.0,-45.0,114.0,-684.0,145.0,119.0,-63.0
-62.0,-537.0,-118.0,-93.0,10.0,194.0,-934.0,149.0,80.0,-120.0
-65.0,-523.0,-107.0,13.0,-50.0,335.0,-814.0,188.0,60.0,-147.0
-89.0,-369.0,-106.0,-50.0,-49.0,180.0,-255.0,471.0,44.0,-202.0
-81.0,-82.0,-58.0,-113.0,53.0,-26.0,4.0,716.0,18.0,-285.0
-94.0,25.0,-54.0,-110.0,24.0,25.0,-96.0,844.0,-22.0,-333.0
-56.0,-84.0,-89.0,-69.0,77.0,47.0,-196.0,469.0,-63.0,-375.0
-56.0,86.0,-43.0,-16.0,51.0,104.0,-204.0,-247.0,-88.0,-415.0
-52.0,141.0,-30.0,13.0,35.0,164.0,-38.0,-994.0,-118.0,-432.0
-56.0,99.0,-29.0,34.0,125.0,22.0,123.0,-1319.0,-146.0,-400.0
-65.0,-1.0,31.0,-3.0,53.0,-185.0,223.0,-1016.0,-183.0,-363.0
-47.0,-101.0,0.0,-56.0,-17.0,-210.0,170.0,-572.0,-197.0,-341.0
-49.0,-16.0,-19.0,-58.0,60.0,23.0,15.0,134.0,-197.0,-293.0
-48.0,58.0,0.0,31.0,83.0,340.0,134.0,779.0,-204.0,-240.0
-47.0,251.0,-48.0,35.0,-6.0,269.0,479.0,1042.0,-182.0,-197.0
-25.0,388.0,-101.0,59.0,-15.0,-49.0,565.0,890.0,-165.0,-167.0
-37.0,383.0,-120.0,69.0,68.0,-62.0,652.0,282.0,-137.0,-127.0
-47.0,118.0,-124.0,114.0,11.0,86.0,797.0,-314.0,-98.0,-83.0
-80.0,-195.0,-153.0,181.0,-87.0,270.0,399.0,-700.0,-66.0,-67.0
-85.0,-112.0,-173.0,152.0,4.0,323.0,-145.0,-709.0,-25.0,-51.0
-102.0,-46.0,-165.0,270.0,47.0,315.0,-184.0,-611.0,-19.0,-31.0
-125.0,-199.0,-181.0,250.0,-6.0,252.0,67.0,-354.0,-31.0,-44.0
-128.0,-177.0,-211.0,143.0,-2.0,19.0,10.0,145.0,-39.0,-86.0
-138.0,-148.0,-163.0,92.0,17.0,164.0,-378.0,421.0,-60.0,-124.0
-111.0,-207.0,-107.0,14.0,19.0,528.0,-615.0,646.0,-75.0,-155.0
-141.0,-101.0,-116.0,-3.0,56.0,667.0,-556.0,622.0,-82.0,-199.0
-151.0,-232.0,-73.0,-56.0,4.0,712.0,-317.0,406.0,-88.0,-231.0
-145.0,-254.0,-81.0,-44.0,-59.0,664.0,-31.0,-1.0,-100.0,-226.0
-117.0,-70.0,-81.0,-16.0,16.0,692.0,-34.0,-533.0,-112.0,-219.0
-114.0,-89.0,-4.0,-9.0,-25.0,909.0,-194.0,-574.0,-110.0,-226.0
-110.0,14.0,-4.0,-17.0,-4.0,787.0,-159.0,-384.0,-104.0,-208.0
-80.0,240.0,44.0,-72.0,2.0,527.0,101.0,-110.0,-73.0,-171.0
-77.0,316.0,29.0,-119.0,-142.0,603.0,617.0,-44.0,-40.0,-147.0
-71.0,177.0,7.0,-235.0,-64.0,557.0,906.0,20.0,-26.0,-123.0
-92.0,286.0,58.0,-260.0,-4.0,405.0,651.0,308.0,-26.0,-77.0
-75.0,166.0,9.0,-235.0,-54.0,384.0,243.0,434.0,-31.0,-33.0
-79.0,219.0,77.0,-355.0,-14.0,487.0,10.0,434.0,-26.0,-13.0
-95.0,470.0,86.0,-411.0,67.0,600.0,32.0,-27.0,-33.0,14.0
-126.0,30.0,35.0,-380.0,52.0,340.0,255.0,-397.0,-23.0,33.0
-111.0,-14.0,127.0,-374.0,-68.0,18.0,134.0,-522.0,2.0,33.0
-93.0,-157.0,67.0,-301.0,1.0,136.0,-472.0,-685.0,34.0,9.0
-114.0,-379.0,43.0,-214.0,17.0,208.0,-756.0,-558.0,73.0,-33.0
-98.0,-301.0,130.0,-184.0,-66.0,210.0,-393.0,-415.0,105.0,-54.0
-100.0,-324.0,86.0,-130.0,55.0,348.0,61.0,-164.0,148.0,-99.0
-79.0,-275.0,74.0,-80.0,18.0,159.0,-189.0,12.0,173.0,-153.0
-113.0,-236.0,78.0,-35.0,-58.0,148.0,-654.0,242.0,201.0,-184.0
-123.0,-164.0,62.0,37.0,39.0,324.0,-599.0,550.0,241.0,-217.0
-92.0,-270.0,112.0,112.0,-48.0,302.0,-492.0,556.0,279.0,-254.0
-62.0,22.0,94.0,151.0,-80.0,450.0,-310.0,399.0,315.0,-301.0
-17.0,-76.0,57.0,158.0,14.0,398.0,137.0,-129.0,330.0,-333.0
8.0,-215.0,99.0,118.0,-84.0,315.0,263.0,-607.0,339.0,-352.0
66.0,96.0,79.0,102.0,-102.0,319.0,115.0,-905.0,338.0,-380.0
96.0,90.0,96.0,146.0,-19.0,164.0,294.0,-934.0,323.0,-397.0
125.0,331.0,152.0,209.0,-11.0,370.0,471.0,-482.0,280.0,-390.0
151.0,287.0,127.0,181.0,79.0,494.0,402.0,25.0,240.0,-389.0
170.0,421.0,132.0,-62.0,125.0,372.0,425.0,676.0,212.0,-372.0
197.0,349.0,128.0,-81.0,-16.0,430.0,628.0,1012.0,167.0,-343.0
199.0,13.0,149.0,-96.0,-35.0,389.0,531.0,844.0,109.0,-327.0
199.0,89.0,165.0,-208.0,63.0,588.0,122.0,375.0,52.0,-312.0
209.0,-77.0,147.0,-162.0,-32.0,930.0,17.0,-254.0,19.0,-313.0
215.0,-380.0,134.0,-220.0,-99.0,824.0,29.0,-541.0,-23.0,-281.0
195.0,-481.0,104.0,-218.0,-2.0,633.0,-45.0,-683.0,-83.0,-260.0
179.0,-398.0,108.0,-285.0,7.0,533.0,-54.0,-596.0,-123.0,-272.0
188.0,-702.0,70.0,-313.0,-20.0,361.0,87.0,-330.0,-144.0,-239.0
189.0,-553.0,44.0,-249.0,-17.0,374.0,224.0,-12.0,-161.0,-196.0
159.0,-278.0,-4.0,-179.0,-50.0,498.0,113.0,434.0,-151.0,-166.0
129.0,-305.0,-59.0,-121.0,-12.0,567.0,-176.0,591.0,-117.0,-148.0
107.0,-78.0,-49.0,-175.0,51.0,712.0,-327.0,550.0,-100.0,-127.0
79.0,107.0,-101.0,-188.0,-7.0,570.0,-267.0,197.0,-74.0,-88.0
47.0,157.0,-127.0,-190.0,-58.0,462.0,-310.0,-162.0,-11.0,-58.0
35.0,15.0,-145.0,-82.0,52.0,550.0,-244.0,-334.0,61.0,-26.0
51.0,96.0,-149.0,25.0,152.0,314.0,-57.0,-413.0,122.0,0.0
49.0,-42.0,-167.0,87.0,83.0,239.0,-48.0,-297.0,188.0,7.0
24.0,18.0,-173.0,111.0,-14.0,172.0,-60.0,-443.0,252.0,20.0
20.0,47.0,-108.0,115.0,51.0,2.0,-132.0,-406.0,295.0,41.0
32.0,-7.0,-114.0,131.0,57.0,121.0,-299.0,-164.0,322.0,61.0
27.0,283.0,-83.0,111.0,-106.0,162.0,-201.0,147.0,363.0,49.0
4.0,153.0,-85.0,132.0,-112.0,347.0,328.0,371.0,404.0,26.0
-13.0,132.0,-128.0,131.0,-16.0,473.0,684.0,203.0,414.0,26.0
-6.0,-34.0,-88.0,164.0,37.0,56.0,434.0,1.0,418.0,26.0
-2.0,-182.0,-88.0,206.0,-55.0,-127.0,355.0,-399.0,384.0,23.0
-28.0,-173.0,-91.0,271.0,-123.0,-87.0,713.0,-602.0,340.0,22.0
-33.0,-337.0,-41.0,390.0,-57.0,-124.0,596.0,-600.0,299.0,32.0
-16.0,-344.0,-51.0,525.0,-49.0,154.0,-20.0,-467.0,235.0,27.0
-26.0,-486.0,-84.0,590.0,-20.0,251.0,-265.0,-40.0,166.0,33.0
-47.0,-544.0,-35.0,533.0,-76.0,235.0,-11.0,279.0,85.0,54.0
-56.0,-168.0,-24.0,491.0,-55.0,273.0,-65.0,509.0,-1.0,42.0
-61.0,-46.0,-85.0,478.0,96.0,97.0,-676.0,314.0,-85.0,33.0
-60.0,-3.0,-124.0,474.0,88.0,193.0,-802.0,-66.0,-141.0,33.0
-36.0,469.0,-116.0,472.0,-24.0,152.0,-157.0,-323.0,-157.0,19.0
-47.0,358.0,-113.0,436.0,-6.0,42.0,34.0,-419.0,-170.0,-11.0
-57.0,261.0,-102.0,398.0,26.0,343.0,-179.0,-179.0,-203.0,-53.0
-46.0,480.0,-92.0,332.0,-41.0,346.0,161.0,-103.0,-235.0,-76.0
-54.0,380.0,-108.0,166.0,-88.0,323.0,250.0,-112.0,-248.0,-80.0
-70.0,403.0,-85.0,125.0,-133.0,317.0,38.0,-218.0,-219.0,-104.0
-87.0,279.0,-88.0,141.0,11.0,72.0,400.0,-199.0,-179.0,-122.0
-87.0,140.0,-104.0,86.0,32.0,143.0,402.0,147.0,-155.0,-108.0
-105.0,-6.0,-123.0,89.0,-94.0,1.0,119.0,327.0,-109.0,-88.0
-110.0,-31.0,-103.0,56.0,-10.0,-186.0,571.0,550.0,-55.0,-67.0
-110.0,-246.0,-56.0,17.0,16.0,-44.0,636.0,545.0,3.0,-26.0
-113.0,-700.0,-33.0,-82.0,18.0,80.0,275.0,301.0,54.0,28.0
-121.0,-609.0,-13.0,-101.0,12.0,439.0,614.0,-151.0,96.0,67.0
-123.0,-606.0,-23.0,-31.0,-39.0,471.0,297.0,-829.0,151.0,108.0
-109.0,-668.0,25.0,-86.0,31.0,305.0,-687.0,-1162.0,186.0,165.0
-104.0,-732.0,33.0,-107.0,66.0,233.0,-792.0,-1221.0,234.0,189.0
-81.0,-605.0,77.0,-128.0,-7.0,-83.0,-483.0,-744.0,265.0,188.0
-62.0,-279.0,116.0,-160.0,2.0,0.0,-231.0,-11.0,265.0,187.0
-28.0,-61.0,101.0,-118.0,22.0,364.0,-183.0,576.0,288.0,164.0
0.0,241.0,145.0,19.0,45.0,559.0,-306.0,953.0,305.0,121.0
36.0,460.0,124.0,165.0,17.0,629.0,-371.0,842.0,318.0,65.0
31.0,948.0,175.0,190.0,-64.0,417.0,-319.0,530.0,313.0,12.0
43.0,1077.0,192.0,121.0,13.0,196.0,10.0,-59.0,301.0,-18.0
77.0,751.0,176.0,52.0,45.0,77.0,60.0,-497.0,301.0,-56.0
61.0,660.0,227.0,53.0,-16.0,-50.0,3.0,-613.0,281.0,-89.0
59.0,615.0,209.0,24.0,-56.0,131.0,333.0,-702.0,246.0,-86.0
63.0,428.0,164.0,11.0,-80.0,299.0,246.0,-552.0,206.0,-79.0
91.0,55.0,162.0,74.0,-16.0,391.0,-124.0,-439.0,179.0,-79.0
84.0,-303.0,149.0,145.0,27.0,418.0,134.0,-205.0,140.0,-83.0
92.0,-494.0,92.0,136.0,-20.0,183.0,361.0,138.0,94.0,-86.0
106.0,-452.0,77.0,178.0,20.0,262.0,74.0,493.0,57.0,-89.0
94.0,-554.0,0.0,313.0,44.0,227.0,242.0,702.0,21.0,-98.0
87.0,-637.0,3.0,294.0,-66.0,91.0,437.0,513.0,0.0,-114.0
59.0,-270.0,0.0,175.0,-88.0,42.0,4.0,77.0,-19.0,-128.0
36.0,31.0,-64.0,76.0,-110.0,-99.0,96.0,-570.0,-40.0,-127.0
27.0,-7.0,-21.0,-79.0,-93.0,41.0,388.0,-726.0,-52.0,-146.0
41.0,119.0,-78.0,-266.0,-29.0,73.0,74.0,-587.0,-59.0,-150.0
38.0,501.0,-33.0,-283.0,-56.0,112.0,40.0,-487.0,-96.0,-139.0
58.0,416.0,23.0,-216.0,-30.0,22.0,368.0,-242.0,-128.0,-150.0
100.0,151.0,-26.0,-144.0,13.0,-319.0,176.0,-70.0,-151.0,-154.0
114.0,202.0,6.0,-93.0,-7.0,-361.0,-191.0,267.0,-201.0,-132.0
97.0,22.0,37.0,-148.0,21.0,-216.0,201.0,395.0,-244.0,-92.0
95.0,44.0,77.0,-246.0,3.0,114.0,373.0,380.0,-275.0,-63.0
85.0,168.0,71.0,-312.0,-39.0,370.0,-150.0,312.0,-301.0,-30.0
93.0,-231.0,90.0,-210.0,91.0,308.0,-330.0,-88.0,-302.0,14.0
103.0,-305.0,100.0,-100.0,66.0,133.0,-115.0,-504.0,-292.0,69.0
84.0,-87.0,107.0,-166.0,9.0,-169.0,157.0,-822.0,-284.0,137.0
95.0,-342.0,160.0,-221.0,124.0,-367.0,-57.0,-572.0,-255.0,209.0
83.0,-378.0,100.0,-166.0,79.0,-349.0,-258.0,-16.0,-231.0,263.0
70.0,15.0,162.0,-164.0,20.0,-246.0,84.0,395.0,-215.0,303.0
50.0,-25.0,161.0,-145.0,14.0,-62.0,-1.0,526.0,-183.0,347.0
52.0,-179.0,81.0,-105.0,-14.0,-29.0,-391.0,186.0,-149.0,380.0
25.0,-199.0,121.0,-113.0,59.0,-15.0,-272.0,-48.0,-102.0,389.0
18.0,-91.0,81.0,-36.0,56.0,86.0,199.0,-206.0,-55.0,372.0
41.0,30.0,99.0,47.0,-15.0,84.0,352.0,-92.0,-2.0,354.0
29.0,-72.0,67.0,122.0,94.0,-37.0,244.0,238.0,33.0,339.0
24.0,-50.0,13.0,73.0,111.0,-321.0,425.0,303.0,67.0,309.0
10.0,170.0,54.0,41.0,29.0,-464.0,581.0,288.0,113.0,271.0
26.0,432.0,41.0,57.0,22.0,-268.0,248.0,92.0,144.0,239.0
16.0,603.0,0.0,-32.0,-56.0,120.0,45.0,-35.0,162.0,216.0
-3.0,860.0,1.0,-70.0,-26.0,488.0,481.0,-112.0,162.0,195.0
-13.0,1020.0,-5.0,-93.0,46.0,545.0,760.0,-25.0,164.0,160.0
-1.0,1064.0,-28.0,-31.0,0.0,348.0,434.0,192.0,161.0,141.0
1.0,867.0,-32.0,152.0,-15.0,166.0,244.0,243.0,159.0,134.0
-10.0,387.0,-73.0,287.0,-22.0,35.0,250.0,458.0,146.0,116.0
-6.0,285.0,-58.0,254.0,-12.0,80.0,-183.0,467.0,109.0,108.0
-5.0,289.0,-79.0,149.0,-14.0,272.0,-352.0,334.0,81.0,105.0
3.0,-115.0,-42.0,38.0,-31.0,482.0,146.0,42.0,39.0,117.0
0.0,-478.0,-19.0,-57.0,12.0,513.0,297.0,-410.0,-23.0,142.0
0.0,-343.0,-55.0,-89.0,-26.0,167.0,99.0,-439.0,-79.0,172.0
-7.0,-279.0,17.0,-68.0,-86.0,-106.0,72.0,-275.0,-132.0,201.0
0.0,-454.0,-16.0,33.0,-7.0,-481.0,174.0,136.0,-193.0,213.0
4.0,-468.0,14.0,69.0,47.0,-648.0,243.0,441.0,-240.0,219.0
22.0,-440.0,23.0,-7.0,-43.0,-326.0,-84.0,345.0,-261.0,235.0
40.0,-463.0,-25.0,-49.0,-96.0,-67.0,-512.0,107.0,-288.0,244.0
70.0,-508.0,6.0,-69.0,-77.0,133.0,-464.0,-35.0,-296.0,234.0
90.0,-366.0,-59.0,-76.0,-71.0,-4.0,-229.0,173.0,-275.0,239.0
96.0,-179.0,-68.0,-26.0,-66.0,89.0,47.0,373.0,-260.0,255.0
120.0,2.0,-67.0,-87.0,-94.0,244.0,266.0,646.0,-233.0,260.0
113.0,361.0,-111.0,-155.0,-37.0,47.0,-159.0,646.0,-204.0,283.0
123.0,435.0,-130.0,-96.0,8.0,-214.0,-757.0,282.0,-165.0,318.0
105.0,422.0,-127.0,-59.0,-54.0,-571.0,-722.0,-53.0,-96.0,341.0
132.0,514.0,-109.0,31.0,-13.0,-229.0,-544.0,-467.0,-54.0,357.0
144.0,303.0,-122.0,140.0,7.0,283.0,-196.0,-441.0,-16.0,367.0
135.0,30.0,-89.0,234.0,-22.0,528.0,440.0,-155.0,33.0,367.0
111.0,101.0,-100.0,341.0,65.0,501.0,667.0,256.0,60.0,345.0
93.0,122.0,-91.0,356.0,-25.0,112.0,612.0,676.0,107.0,280.0
110.0,-289.0,-62.0,315.0,-99.0,56.0,541.0,744.0,154.0,205.0
76.0,-407.0,-109.0,216.0,36.0,-192.0,560.0,744.0,188.0,139.0
78.0,-222.0,-76.0,121.0,-44.0,-421.0,515.0,524.0,219.0,29.0
45.0,-252.0,-48.0,42.0,-121.0,-257.0,123.0,315.0,211.0,-68.0
37.0,-317.0,-16.0,0.0,-128.0,-199.0,-201.0,133.0,204.0,-129.0
6.0,-231.0,14.0,46.0,-149.0,-35.0,-118.0,-29.0,210.0,-173.0
-22.0,-312.0,40.0,38.0,-77.0,-51.0,164.0,-77.0,184.0,-196.0
-40.0,-489.0,52.0,117.0,-94.0,-114.0,621.0,-245.0,147.0,-217.0
-72.0,-373.0,8.0,242.0,-70.0,-79.0,987.0,-175.0,99.0,-195.0
-49.0,-344.0,39.0,211.0,30.0,-279.0,533.0,-59.0,52.0,-153.0
-57.0,-241.0,34.0,39.0,21.0,-277.0,260.0,205.0,14.0,-103.0
-33.0,80.0,37.0,-162.0,34.0,-248.0,753.0,515.0,-23.0,-38.0
-52.0,467.0,66.0,-162.0,75.0,-240.0,930.0,454.0,-47.0,25.0
-33.0,590.0,25.0,-163.0,18.0,-166.0,744.0,408.0,-58.0,95.0
-36.0,799.0,29.0,-218.0,82.0,-125.0,246.0,304.0,-50.0,166.0
-27.0,1101.0,60.0,-177.0,132.0,47.0,-360.0,308.0,-45.0,247.0
5.0,757.0,68.0,-149.0,41.0,-214.0,-431.0,284.0,-45.0,304.0
-8.0,558.0,62.0,-151.0,118.0,-672.0,-379.0,164.0,-60.0,360.0
10.0,387.0,41.0,-190.0,87.0,-738.0,-656.0,145.0,-65.0,425.0
3.0,202.0,44.0,-178.0,24.0,-478.0,-744.0,-42.0,-57.0,491.0
15.0,167.0,66.0,-121.0,82.0,-110.0,-534.0,-190.0,-49.0,547.0
-12.0,-44.0,57.0,-28.0,-45.0,-124.0,-396.0,-291.0,-44.0,555.0
-10.0,-267.0,104.0,56.0,25.0,-273.0,-367.0,-145.0,-40.0,555.0
-12.0,-248.0,134.0,20.0,117.0,-342.0,-497.0,99.0,-28.0,545.0
-12.0,-103.0,163.0,65.0,-40.0,-416.0,-605.0,245.0,-49.0,515.0
-14.0,-381.0,190.0,156.0,32.0,-440.0,-268.0,432.0,-68.0,449.0
-35.0,-357.0,135.0,136.0,31.0,-559.0,246.0,234.0,-75.0,368.0
-49.0,-237.0,155.0,13.0,-46.0,-413.0,508.0,25.0,-86.0,295.0
-77.0,-270.0,153.0,-117.0,29.0,-261.0,672.0,-55.0,-95.0,225.0
-74.0,-42.0,163.0,-141.0,-79.0,-367.0,609.0,-49.0,-98.0,173.0
-109.0,26.0,135.0,-214.0,8.0,-361.0,432.0,5.0,-78.0,109.0
-92.0,68.0,60.0,-221.0,82.0,-311.0,531.0,-72.0,-58.0,67.0
-95.0,325.0,79.0,-135.0,-114.0,-51.0,798.0,-40.0,-33.0,41.0
-78.0,625.0,4.0,-39.0,62.0,-111.0,979.0,-77.0,-9.0,0.0
-79.0,639.0,-37.0,129.0,141.0,-401.0,758.0,73.0,18.0,-44.0
-68.0,642.0,-24.0,230.0,77.0,-302.0,275.0,179.0,36.0,-108.0
-60.0,622.0,-83.0,375.0,100.0,-308.0,51.0,140.0,69.0,-147.0
-86.0,478.0,-131.0,478.0,-162.0,-296.0,124.0,194.0,115.0,-168.0
-67.0,175.0,-146.0,423.0,-160.0,-340.0,-123.0,62.0,152.0,-205.0
-80.0,-225.0,-132.0,328.0,79.0,-392.0,-627.0,118.0,211.0,-256.0
-58.0,-407.0,-146.0,139.0,-34.0,-284.0,-582.0,105.0,253.0,-285.0
-91.0,-691.0,-138.0,5.0,-166.0,-393.0,-182.0,145.0,310.0,-285.0
-73.0,-823.0,-109.0,-38.0,-142.0,-356.0,19.0,395.0,353.0,-301.0
-88.0,-945.0,-76.0,-51.0,-122.0,-211.0,127.0,463.0,363.0,-321.0
-85.0,-913.0,-77.0,-15.0,-46.0,-154.0,298.0,559.0,377.0,-334.0
-83.0,-616.0,-78.0,-51.0,-183.0,-315.0,458.0,463.0,356.0,-314.0
-115.0,-698.0,-17.0,-49.0,-212.0,-763.0,425.0,380.0,329.0,-277.0
-93.0,-534.0,-26.0,-1.0,60.0,-859.0,188.0,314.0,291.0,-227.0
-100.0,-69.0,-24.0,-64.0,2.0,-941.0,67.0,144.0,248.0,-168.0
-66.0,179.0,-19.0,-20.0,-28.0,-1068.0,104.0,7.0,201.0,-122.0
-83.0,113.0,26.0,188.0,58.0,-859.0,138.0,-81.0,142.0,-63.0
-51.0,102.0,60.0,298.0,37.0,-701.0,160.0,157.0,88.0,22.0
-56.0,182.0,-3.0,289.0,167.0,-515.0,116.0,221.0,53.0,104.0
-59.0,-92.0,26.0,273.0,44.0,-529.0,73.0,203.0,20.0,156.0
-77.0,-269.0,16.0,151.0,-141.0,-560.0,197.0,153.0,-23.0,208.0
-96.0,-393.0,-9.0,-44.0,16.0,-471.0,456.0,-162.0,-25.0,258.0
-91.0,-463.0,43.0,-51.0,4.0,-635.0,548.0,-227.0,-43.0,306.0
-106.0,-242.0,40.0,-6.0,-59.0,-634.0,391.0,-197.0,-52.0,321.0
-79.0,-226.0,41.0,41.0,-76.0,-775.0,172.0,-77.0,-41.0,315.0
-114.0,-364.0,66.0,76.0,-126.0,-864.0,151.0,-84.0,-49.0,300.0
-86.0,-137.0,46.0,-6.0,39.0,-655.0,425.0,-230.0,-33.0,251.0
-81.0,240.0,52.0,-55.0,3.0,-495.0,361.0,-140.0,-32.0,192.0
-63.0,308.0,47.0,-150.0,-187.0,-115.0,-54.0,-33.0,-9.0,122.0
-82.0,215.0,23.0,-229.0,-114.0,-69.0,-57.0,133.0,6.0,56.0
-72.0,179.0,14.0,-206.0,4.0,-75.0,131.0,51.0,-10.0,5.0
-57.0,171.0,-2.0,-205.0,0.0,40.0,209.0,-175.0,-17.0,-13.0
-63.0,-27.0,21.0,-223.0,-80.0,-1.0,299.0,-535.0,-19.0,-27.0
-20.0,-154.0,2.0,-191.0,-58.0,43.0,271.0,-827.0,-13.0,-27.0
-23.0,-226.0,25.0,-139.0,109.0,-281.0,333.0,-456.0,-6.0,3.0
23.0,-315.0,34.0,-172.0,58.0,-346.0,456.0,144.0,29.0,35.0
14.0,-135.0,0.0,-197.0,-75.0,-307.0,353.0,774.0,64.0,91.0
44.0,-220.0,8.0,-111.0,36.0,-432.0,299.0,903.0,91.0,150.0
53.0,-305.0,-61.0,54.0,66.0,-266.0,327.0,532.0,125.0,187.0
71.0,-176.0,-83.0,225.0,96.0,-221.0,124.0,97.0,153.0,228.0
75.0,50.0,-51.0,375.0,158.0,81.0,-148.0,-210.0,175.0,265.0
56.0,333.0,-18.0,417.0,77.0,365.0,-245.0,-112.0,186.0,276.0
63.0,362.0,-85.0,309.0,163.0,322.0,-271.0,-7.0,181.0,267.0
53.0,515.0,-133.0,135.0,214.0,133.0,-127.0,188.0,146.0,238.0
53.0,586.0,-124.0,1.0,32.0,-290.0,-69.0,208.0,121.0,234.0
2.0,560.0,-144.0,6.0,-10.0,-384.0,-256.0,90.0,91.0,215.0
34.0,595.0,-73.0,-8.0,25.0,-279.0,-290.0,151.0,52.0,186.0
15.0,662.0,-99.0,-4.0,20.0,-204.0,-126.0,118.0,22.0,183.0
-9.0,539.0,-74.0,58.0,-20.0,-131.0,121.0,116.0,-8.0,168.0
-43.0,229.0,-75.0,83.0,-132.0,-185.0,280.0,-227.0,-28.0,172.0
-62.0,153.0,-94.0,78.0,0.0,-62.0,319.0,-585.0,-42.0,171.0
-54.0,-121.0,-40.0,6.0,43.0,-125.0,202.0,-650.0,-51.0,172.0
-86.0,-344.0,-76.0,83.0,-126.0,-233.0,14.0,-421.0,-68.0,172.0
-83.0,-620.0,-33.0,205.0,-85.0,-208.0,73.0,216.0,-68.0,152.0
-94.0,-1100.0,-12.0,265.0,-67.0,-338.0,311.0,580.0,-57.0,163.0
-67.0,-1312.0,0.0,294.0,-8.0,-252.0,272.0,711.0,-36.0,186.0
-54.0,-1359.0,53.0,178.0,8.0,-244.0,110.0,535.0,4.0,187.0
-32.0,-1335.0,21.0,114.0,-99.0,-132.0,285.0,247.0,42.0,193.0
-32.0,-1088.0,66.0,89.0,-35.0,-84.0,396.0,227.0,83.0,213.0
-18.0,-480.0,173.0,59.0,26.0,-305.0,265.0,238.0,115.0,239.0
2.0,99.0,143.0,72.0,20.0,-256.0,57.0,365.0,140.0,233.0
24.0,501.0,145.0,146.0,32.0,-229.0,-2.0,114.0,137.0,190.0
53.0,743.0,121.0,159.0,11.0,-135.0,46.0,-280.0,114.0,166.0
67.0,979.0,98.0,173.0,67.0,-170.0,-50.0,-454.0,98.0,128.0
88.0,1041.0,143.0,216.0,171.0,-141.0,31.0,-532.0,73.0,81.0
108.0,939.0,77.0,60.0,98.0,198.0,330.0,-232.0,47.0,28.0
155.0,959.0,100.0,-41.0,76.0,256.0,652.0,49.0,16.0,-46.0
156.0,1069.0,118.0,-81.0,135.0,239.0,776.0,208.0,-10.0,-98.0
170.0,1150.0,77.0,-51.0,78.0,70.0,528.0,227.0,-52.0,-128.0
181.0,818.0,61.0,76.0,131.0,-94.0,211.0,227.0,-100.0,-140.0
197.0,597.0,21.0,176.0,89.0,16.0,31.0,338.0,-127.0,-160.0
204.0,501.0,40.0,230.0,16.0,-36.0,-132.0,282.0,-161.0,-149.0
211.0,313.0,42.0,138.0,124.0,84.0,-285.0,288.0,-185.0,-84.0
222.0,42.0,13.0,31.0,-38.0,352.0,-144.0,197.0,-186.0,2.0
221.0,-326.0,-9.0,-16.0,-146.0,375.0,-38.0,92.0,-172.0,85.0
232.0,-340.0,-27.0,-38.0,-7.0,137.0,-492.0,144.0,-134.0,148.0
210.0,-225.0,-35.0,-41.0,-28.0,-132.0,-821.0,282.0,-90.0,219.0
212.0,-85.0,-80.0,-70.0,-28.0,85.0,-614.0,360.0,-54.0,268.0
173.0,-222.0,-61.0,-189.0,-77.0,125.0,-461.0,66.0,-19.0,290.0
174.0,-225.0,-24.0,-269.0,-89.0,22.0,-537.0,-164.0,1.0,290.0
175.0,-74.0,-58.0,-212.0,129.0,174.0,-740.0,-436.0,16.0,275.0
147.0,-441.0,-77.0,-143.0,18.0,129.0,-881.0,-604.0,38.0,251.0
159.0,-590.0,-78.0,-126.0,-125.0,54.0,-862.0,-260.0,72.0,227.0
131.0,-553.0,-95.0,-77.0,97.0,-131.0,-709.0,212.0,107.0,216.0
107.0,-373.0,-116.0,19.0,49.0,-121.0,-445.0,556.0,134.0,183.0
96.0,-266.0,-69.0,45.0,3.0,-126.0,-348.0,443.0,159.0,130.0
77.0,-431.0,-65.0,-6.0,110.0,-187.0,-393.0,282.0,164.0,95.0
49.0,-350.0,-93.0,14.0,-11.0,147.0,-333.0,120.0,155.0,73.0
32.0,-193.0,-48.0,65.0,29.0,189.0,-131.0,-68.0,150.0,27.0
34.0,-144.0,-37.0,18.0,59.0,79.0,38.0,-25.0,158.0,-11.0
48.0,-345.0,-27.0,30.0,-74.0,-65.0,93.0,-55.0,151.0,-35.0
52.0,-82.0,-31.0,65.0,-60.0,-135.0,120.0,66.0,147.0,-44.0
46.0,227.0,36.0,34.0,-56.0,32.0,104.0,27.0,139.0,-53.0
31.0,-59.0,104.0,58.0,8.0,-34.0,35.0,-134.0,89.0,-57.0
28.0,-135.0,63.0,165.0,41.0,-104.0,35.0,-245.0,57.0,-44.0
16.0,5.0,71.0,229.0,-72.0,-38.0,38.0,-450.0,29.0,-48.0
0.0,101.0,75.0,109.0,21.0,169.0,-27.0,-373.0,-13.0,-39.0
-7.0,-74.0,81.0,-80.0,110.0,304.0,15.0,-245.0,-40.0,-26.0
-6.0,-232.0,108.0,-224.0,-38.0,159.0,-35.0,-101.0,-79.0,-30.0
-5.0,-418.0,118.0,-239.0,-107.0,99.0,-253.0,-123.0,-107.0,-34.0
-48.0,-386.0,97.0,-174.0,27.0,-62.0,-478.0,-214.0,-133.0,-33.0
-62.0,-8.0,103.0,-144.0,107.0,-354.0,-495.0,-142.0,-168.0,-32.0
-87.0,111.0,125.0,-43.0,-2.0,-373.0,-270.0,-49.0,-187.0,-51.0
-97.0,277.0,96.0,21.0,-68.0,-78.0,-138.0,345.0,-212.0,-78.0
-65.0,653.0,185.0,35.0,19.0,371.0,-106.0,541.0,-237.0,-97.0
-52.0,1106.0,198.0,73.0,82.0,460.0,-239.0,691.0,-225.0,-104.0
-48.0,952.0,138.0,26.0,13.0,290.0,-386.0,807.0,-198.0,-113.0
-42.0,742.0,205.0,17.0,19.0,55.0,-435.0,412.0,-167.0,-125.0
-27.0,844.0,184.0,61.0,28.0,-220.0,-509.0,27.0,-128.0,-117.0
-15.0,591.0,179.0,21.0,57.0,-101.0,-691.0,-123.0,-107.0,-120.0
-7.0,302.0,198.0,7.0,101.0,93.0,-943.0,157.0,-73.0,-130.0
-2.0,144.0,187.0,101.0,-21.0,274.0,-825.0,339.0,-49.0,-122.0
17.0,214.0,211.0,161.0,-24.0,303.0,-556.0,112.0,-38.0,-127.0
40.0,-130.0,180.0,206.0,5.0,218.0,-553.0,-282.0,-19.0,-124.0
81.0,-641.0,169.0,282.0,-1.0,221.0,-589.0,-809.0,-24.0,-116.0
96.0,-684.0,176.0,226.0,-75.0,-18.0,-408.0,-951.0,-11.0,-93.0
85.0,-537.0,150.0,64.0,-159.0,-90.0,-269.0,-727.0,-10.0,-67.0
112.0,-453.0,156.0,-34.0,-68.0,-153.0,-300.0,-186.0,-22.0,-40.0
140.0,-378.0,155.0,5.0,-78.0,-197.0,-243.0,297.0,-15.0,15.0
144.0,-213.0,92.0,32.0,-179.0,-102.0,-1.0,521.0,-14.0,68.0
138.0,-202.0,99.0,56.0,-158.0,-131.0,311.0,533.0,-28.0,120.0
146.0,-137.0,85.0,97.0,37.0,87.0,483.0,181.0,-41.0,159.0
164.0,-284.0,45.0,58.0,80.0,208.0,397.0,25.0,-29.0,169.0
169.0,-324.0,64.0,110.0,-19.0,120.0,10.0,-88.0,-25.0,167.0
151.0,-235.0,34.0,240.0,1.0,-116.0,-260.0,-112.0,-12.0,161.0
125.0,-189.0,31.0,342.0,10.0,-397.0,-344.0,73.0,14.0,145.0
134.0,-204.0,17.0,397.0,36.0,-233.0,-370.0,38.0,16.0,110.0
155.0,-283.0,-3.0,351.0,-37.0,-35.0,-290.0,-60.0,20.0,82.0
125.0,69.0,4.0,173.0,-148.0,259.0,-491.0,-206.0,20.0,91.0
114.0,201.0,-22.0,41.0,-63.0,667.0,-826.0,-195.0,4.0,107.0
100.0,367.0,-8.0,-39.0,36.0,616.0,-1047.0,-133.0,-4.0,115.0
102.0,516.0,3.0,-111.0,62.0,252.0,-1040.0,42.0,4.0,130.0
99.0,575.0,-22.0,-53.0,41.0,-135.0,-1015.0,450.0,14.0,130.0
81.0,495.0,-1.0,20.0,71.0,-176.0,-1125.0,591.0,15.0,147.0
84.0,223.0,38.0,104.0,151.0,-31.0,-939.0,598.0,23.0,159.0
55.0,226.0,-11.0,140.0,91.0,102.0,-868.0,273.0,35.0,149.0
52.0,136.0,-31.0,157.0,35.0,330.0,-1018.0,-181.0,71.0,130.0
44.0,263.0,23.0,127.0,36.0,454.0,-959.0,-402.0,100.0,94.0
43.0,232.0,42.0,-93.0,17.0,410.0,-795.0,-465.0,101.0,71.0
37.0,152.0,57.0,-223.0,8.0,100.0,-574.0,-219.0,118.0,36.0
39.0,191.0,34.0,-226.0,-55.0,48.0,-481.0,-18.0,125.0,-11.0
57.0,224.0,61.0,-233.0,-42.0,171.0,-537.0,234.0,140.0,-65.0
46.0,132.0,82.0,-155.0,44.0,26.0,-439.0,277.0,172.0,-118.0
34.0,-188.0,46.0,-44.0,23.0,-87.0,-259.0,5.0,196.0,-137.0
8.0,-41.0,80.0,65.0,-36.0,40.0,-247.0,-310.0,214.0,-159.0
2.0,-220.0,109.0,145.0,17.0,570.0,-169.0,-572.0,222.0,-175.0
7.0,-661.0,60.0,184.0,106.0,699.0,123.0,-339.0,242.0,-168.0
14.0,-627.0,38.0,259.0,148.0,384.0,166.0,-60.0,254.0,-154.0
12.0,-564.0,4.0,260.0,248.0,363.0,-71.0,203.0,241.0,-146.0
12.0,-618.0,-50.0,194.0,254.0,365.0,-245.0,319.0,238.0,-135.0
15.0,-424.0,15.0,132.0,194.0,243.0,-193.0,138.0,237.0,-113.0
4.0,-420.0,-65.0,69.0,273.0,125.0,6.0,-42.0,215.0,-111.0
-32.0,-672.0,-106.0,16.0,210.0,436.0,48.0,-280.0,177.0,-94.0
-66.0,-464.0,-58.0,-15.0,93.0,719.0,-14.0,-123.0,135.0,-71.0
-92.0,-428.0,-133.0,-19.0,87.0,371.0,-162.0,160.0,85.0,-65.0
-113.0,-604.0,-80.0,-83.0,-43.0,95.0,-367.0,471.0,39.0,-63.0
-111.0,-514.0,-90.0,-114.0,-45.0,20.0,-465.0,774.0,-1.0,-77.0
-131.0,-195.0,-116.0,-13.0,-32.0,-39.0,-534.0,639.0,-51.0,-72.0
-135.0,-4.0,-84.0,64.0,-128.0,-27.0,-523.0,358.0,-70.0,-104.0
-177.0,151.0,-68.0,101.0,-34.0,302.0,-414.0,-59.0,-72.0,-171.0
-206.0,551.0,-61.0,127.0,-43.0,774.0,-324.0,-378.0,-103.0,-198.0
-221.0,752.0,-84.0,106.0,-105.0,626.0,-440.0,-578.0,-122.0,-226.0
-223.0,1093.0,-11.0,148.0,-52.0,218.0,-648.0,-631.0,-143.0,-259.0
-213.0,1370.0,59.0,257.0,-104.0,-181.0,-753.0,-367.0,-158.0,-300.0
-224.0,1464.0,24.0,359.0,-105.0,-204.0,-938.0,-158.0,-137.0,-320.0
-180.0,1374.0,15.0,330.0,-61.0,142.0,-963.0,99.0,-144.0,-317.0
-185.0,920.0,54.0,260.0,-118.0,-2.0,-805.0,127.0,-156.0,-328.0
-192.0,755.0,0.0,186.0,-102.0,28.0,-836.0,38.0,-170.0,-325.0
-204.0,498.0,19.0,120.0,-25.0,164.0,-1108.0,16.0,-178.0,-324.0
-215.0,147.0,68.0,124.0,-61.0,117.0,-1601.0,-256.0,-144.0,-341.0
-192.0,34.0,74.0,13.0,-121.0,138.0,-1807.0,-332.0,-119.0,-338.0
-194.0,-42.0,101.0,-157.0,-78.0,-85.0,-1599.0,-206.0,-100.0,-310.0
-190.0,-293.0,45.0,-269.0,-13.0,-100.0,-1503.0,88.0,-86.0,-305.0
-174.0,-464.0,55.0,-269.0,-48.0,-159.0,-1316.0,273.0,-59.0,-319.0
-146.0,-246.0,80.0,-325.0,-43.0,-254.0,-695.0,295.0,-17.0,-280.0
-138.0,-332.0,77.0,-348.0,70.0,-44.0,-11.0,308.0,2.0,-190.0
-127.0,-438.0,96.0,-266.0,60.0,133.0,311.0,5.0,27.0,-120.0
-122.0,-437.0,75.0,-276.0,9.0,298.0,490.0,-230.0,36.0,-68.0
-104.0,-654.0,48.0,-198.0,-19.0,227.0,833.0,-393.0,32.0,10.0
-99.0,-841.0,10.0,-67.0,-57.0,96.0,1252.0,-262.0,46.0,85.0
-79.0,-858.0,4.0,66.0,-22.0,54.0,1240.0,18.0,21.0,135.0
-60.0,-646.0,-35.0,182.0,-44.0,67.0,843.0,129.0,9.0,176.0
-45.0,-534.0,-60.0,142.0,-72.0,171.0,870.0,295.0,32.0,209.0
-34.0,-466.0,-60.0,54.0,13.0,183.0,1009.0,84.0,19.0,223.0
-38.0,-412.0,-41.0,-89.0,51.0,344.0,878.0,-162.0,3.0,213.0
0.0,-436.0,-2.0,-306.0,54.0,392.0,594.0,-358.0,-21.0,208.0
-16.0,-464.0,-55.0,-426.0,61.0,175.0,146.0,-460.0,-40.0,201.0
-8.0,-571.0,-6.0,-392.0,48.0,-87.0,-389.0,-310.0,-40.0,158.0
-4.0,-666.0,26.0,-313.0,67.0,-284.0,-994.0,-306.0,-42.0,117.0
14.0,-553.0,27.0,-249.0,20.0,-7.0,-1284.0,-230.0,-59.0,120.0
25.0,-456.0,61.0,-264.0,33.0,164.0,-1411.0,-260.0,-80.0,106.0
18.0,-386.0,0.0,-305.0,64.0,91.0,-1544.0,-223.0,-75.0,52.0
56.0,-166.0,23.0,-204.0,16.0,49.0,-1553.0,-168.0,-76.0,23.0
54.0,-121.0,29.0,-166.0,49.0,-56.0,-1456.0,-269.0,-35.0,11.0
77.0,76.0,-4.0,-170.0,50.0,18.0,-1139.0,-147.0,8.0,-7.0
79.0,391.0,-18.0,-134.0,4.0,-158.0,-810.0,-153.0,24.0,-29.0
109.0,612.0,-47.0,-150.0,54.0,-203.0,-546.0,-155.0,45.0,-49.0
128.0,711.0,-5.0,-2.0,154.0,-34.0,-204.0,-197.0,34.0,-64.0
165.0,767.0,20.0,191.0,202.0,18.0,116.0,-171.0,53.0,-81.0
197.0,852.0,-9.0,262.0,164.0,269.0,-57.0,49.0,70.0,-86.0
175.0,588.0,-26.0,251.0,118.0,204.0,-227.0,73.0,67.0,-77.0
175.0,400.0,-4.0,257.0,146.0,208.0,215.0,162.0,60.0,-67.0
178.0,374.0,0.0,311.0,39.0,187.0,548.0,31.0,54.0,-57.0
171.0,490.0,9.0,204.0,-93.0,-202.0,433.0,-166.0,55.0,-30.0
159.0,389.0,0.0,95.0,-41.0,-344.0,216.0,-310.0,36.0,1.0
153.0,147.0,60.0,125.0,-25.0,-419.0,208.0,-473.0,33.0,19.0
135.0,220.0,124.0,-24.0,-15.0,-133.0,284.0,-295.0,16.0,20.0
150.0,79.0,136.0,-221.0,47.0,256.0,230.0,-203.0,7.0,37.0
116.0,-41.0,218.0,-270.0,75.0,420.0,183.0,-70.0,9.0,53.0
99.0,-272.0,209.0,-271.0,55.0,634.0,291.0,-81.0,12.0,39.0
51.0,-306.0,264.0,-179.0,54.0,331.0,317.0,-245.0,32.0,21.0
12.0,-115.0,300.0,-154.0,8.0,-183.0,143.0,-312.0,33.0,1.0
-7.0,-136.0,241.0,-154.0,-38.0,-416.0,-1.0,-430.0,21.0,-8.0
-60.0,41.0,257.0,-119.0,-39.0,-148.0,165.0,-243.0,-3.0,-47.0
-54.0,70.0,238.0,-76.0,-140.0,415.0,449.0,11.0,-15.0,-72.0
-68.0,51.0,273.0,-76.0,-105.0,557.0,272.0,269.0,0.0,-71.0
-48.0,-49.0,269.0,-100.0,-53.0,511.0,-60.0,158.0,4.0,-86.0
-72.0,-199.0,231.0,-55.0,-158.0,323.0,-340.0,-240.0,1.0,-68.0
-72.0,-171.0,219.0,-120.0,-169.0,15.0,-422.0,-399.0,-7.0,-74.0
-83.0,-33.0,198.0,-100.0,-108.0,-242.0,-208.0,-521.0,-3.0,-113.0
-98.0,96.0,159.0,43.0,-75.0,-428.0,-11.0,-286.0,15.0,-155.0
-81.0,216.0,134.0,95.0,-40.0,-306.0,-32.0,-103.0,20.0,-194.0
-78.0,460.0,98.0,108.0,13.0,0.0,-208.0,-16.0,15.0,-229.0
-69.0,430.0,27.0,111.0,31.0,301.0,111.0,-27.0,1.0,-296.0
-85.0,348.0,39.0,59.0,23.0,431.0,471.0,-238.0,-5.0,-340.0
-78.0,148.0,-7.0,-57.0,-83.0,431.0,253.0,-199.0,-9.0,-363.0
-95.0,118.0,-5.0,-131.0,-145.0,215.0,-182.0,-264.0,-6.0,-380.0
-77.0,-146.0,-14.0,-103.0,-76.0,-269.0,-345.0,-175.0,-1.0,-393.0
-80.0,-428.0,-42.0,-115.0,-52.0,-621.0,-210.0,-38.0,-10.0,-411.0
-51.0,-265.0,2.0,-185.0,-35.0,-610.0,-168.0,-7.0,-24.0,-419.0
-42.0,-672.0,8.0,-130.0,-42.0,-246.0,90.0,-12.0,-43.0,-402.0
-45.0,-565.0,47.0,-53.0,16.0,-45.0,503.0,-256.0,-40.0,-342.0
-35.0,-328.0,39.0,34.0,120.0,69.0,642.0,-410.0,-41.0,-309.0
-45.0,-216.0,48.0,107.0,35.0,379.0,506.0,-670.0,-40.0,-286.0
-14.0,-11.0,50.0,157.0,-53.0,243.0,462.0,-617.0,-13.0,-245.0
-4.0,179.0,30.0,170.0,-17.0,-271.0,674.0,-262.0,6.0,-204.0
52.0,378.0,56.0,68.0,-16.0,-808.0,894.0,-25.0,-4.0,-159.0
62.0,-163.0,33.0,-8.0,-13.0,-831.0,1147.0,188.0,-19.0,-153.0
78.0,-235.0,-22.0,-65.0,-19.0,-367.0,964.0,53.0,-2.0,-139.0
97.0,-284.0,-20.0,-117.0,-20.0,-81.0,300.0,25.0,-2.0,-106.0
117.0,-595.0,-13.0,-188.0,79.0,359.0,-148.0,-40.0,0.0,-69.0
136.0,-747.0,-50.0,-217.0,78.0,446.0,-169.0,-282.0,10.0,-43.0
123.0,-716.0,-18.0,-317.0,-20.0,34.0,-78.0,-419.0,-1.0,-39.0
130.0,-331.0,-6.0,-333.0,-70.0,-383.0,-314.0,-515.0,5.0,-16.0
119.0,-162.0,5.0,-158.0,-73.0,-702.0,-447.0,-260.0,34.0,15.0
106.0,73.0,45.0,-71.0,46.0,-406.0,-270.0,-77.0,48.0,26.0
92.0,277.0,23.0,-5.0,15.0,-19.0,-371.0,-116.0,56.0,2.0
85.0,590.0,24.0,-9.0,-143.0,192.0,-574.0,-301.0,46.0,13.0
42.0,906.0,2.0,-19.0,-25.0,277.0,-431.0,-389.0,43.0,30.0
42.0,875.0,18.0,-137.0,97.0,373.0,-99.0,-251.0,55.0,37.0
30.0,553.0,73.0,-295.0,-9.0,436.0,-42.0,-271.0,40.0,72.0
31.0,249.0,86.0,-398.0,-33.0,-139.0,-51.0,-144.0,21.0,89.0
-5.0,61.0,115.0,-456.0,68.0,-531.0,473.0,-27.0,10.0,116.0
-36.0,-213.0,68.0,-340.0,119.0,-471.0,997.0,219.0,-16.0,117.0
-2.0,-424.0,100.0,-225.0,84.0,-279.0,878.0,591.0,-62.0,99.0
-48.0,-411.0,146.0,-146.0,21.0,0.0,897.0,558.0,-112.0,86.0
-45.0,-361.0,136.0,-157.0,68.0,259.0,1114.0,186.0,-146.0,54.0
-66.0,-764.0,172.0,-180.0,134.0,534.0,615.0,-473.0,-167.0,28.0
-49.0,-760.0,160.0,-174.0,73.0,342.0,387.0,-831.0,-182.0,11.0
-39.0,-496.0,171.0,-6.0,45.0,-22.0,824.0,-914.0,-187.0,9.0
-45.0,-526.0,180.0,175.0,98.0,-398.0,696.0,-748.0,-195.0,-1.0
-32.0,-426.0,213.0,207.0,23.0,-752.0,169.0,-221.0,-203.0,-13.0
-55.0,-111.0,208.0,147.0,-32.0,-517.0,-207.0,182.0,-191.0,-12.0
-37.0,278.0,202.0,-85.0,12.0,-121.0,-353.0,500.0,-202.0,-14.0
-39.0,249.0,203.0,-160.0,-54.0,198.0,-380.0,354.0,-221.0,-40.0
-12.0,276.0,160.0,-86.0,-95.0,369.0,-251.0,-14.0,-231.0,-68.0
6.0,369.0,196.0,-60.0,-74.0,160.0,166.0,-408.0,-225.0,-68.0
9.0,374.0,144.0,-48.0,-87.0,-136.0,445.0,-705.0,-205.0,-74.0
12.0,208.0,123.0,27.0,-114.0,-458.0,216.0,-341.0,-184.0,-74.0
10.0,-63.0,100.0,34.0,-97.0,-402.0,95.0,44.0,-145.0,-47.0
-11.0,-21.0,18.0,16.0,-4.0,-183.0,633.0,264.0,-122.0,-11.0
-25.0,42.0,1.0,8.0,-20.0,32.0,962.0,243.0,-111.0,33.0
-37.0,78.0,-41.0,-81.0,-81.0,480.0,973.0,83.0,-106.0,91.0
-14.0,-121.0,-14.0,-102.0,-67.0,413.0,1094.0,97.0,-87.0,147.0
19.0,-68.0,-60.0,-111.0,-96.0,269.0,1004.0,86.0,-87.0,173.0
14.0,188.0,-88.0,-53.0,-84.0,88.0,582.0,9.0,-118.0,179.0
29.0,234.0,-36.0,-51.0,-37.0,-315.0,285.0,-365.0,-125.0,180.0
-8.0,289.0,-5.0,-46.0,-93.0,-479.0,593.0,-463.0,-134.0,157.0
-9.0,321.0,44.0,9.0,-147.0,-395.0,698.0,-247.0,-147.0,112.0
-30.0,578.0,19.0,-58.0,-93.0,214.0,444.0,-25.0,-171.0,61.0
-39.0,676.0,26.0,-80.0,-86.0,463.0,347.0,376.0,-193.0,3.0
-44.0,689.0,13.0,-110.0,-148.0,492.0,169.0,478.0,-205.0,-43.0
-67.0,667.0,0.0,-108.0,-110.0,664.0,-65.0,288.0,-219.0,-98.0
-21.0,604.0,58.0,13.0,-13.0,310.0,201.0,-256.0,-218.0,-169.0
-32.0,721.0,72.0,75.0,20.0,-223.0,921.0,-820.0,-208.0,-214.0
-26.0,554.0,67.0,13.0,7.0,-641.0,716.0,-960.0,-205.0,-255.0
-62.0,315.0,97.0,-35.0,73.0,-394.0,-116.0,-665.0,-219.0,-283.0
-64.0,250.0,125.0,-77.0,191.0,59.0,-87.0,94.0,-224.0,-274.0
-55.0,280.0,118.0,-186.0,197.0,304.0,198.0,511.0,-206.0,-277.0
-62.0,49.0,142.0,-239.0,103.0,589.0,-17.0,545.0,-198.0,-272.0
-25.0,-134.0,132.0,-221.0,93.0,401.0,105.0,319.0,-203.0,-246.0
-12.0,-32.0,45.0,-158.0,87.0,110.0,455.0,-53.0,-171.0,-215.0
35.0,-239.0,3.0,-145.0,7.0,-349.0,234.0,-153.0,-142.0,-176.0
48.0,-673.0,-28.0,-159.0,90.0,-634.0,-186.0,-319.0,-121.0,-168.0
63.0,-985.0,-77.0,-184.0,150.0,-253.0,-145.0,-417.0,-65.0,-122.0
69.0,-995.0,-65.0,-293.0,71.0,71.0,402.0,-460.0,-28.0,-71.0
74.0,-982.0,-65.0,-244.0,76.0,231.0,785.0,-210.0,21.0,-47.0
88.0,-795.0,-64.0,-126.0,114.0,209.0,810.0,325.0,39.0,-15.0
96.0,-538.0,-37.0,2.0,63.0,415.0,517.0,593.0,44.0,-22.0
98.0,-251.0,-40.0,193.0,55.0,436.0,311.0,659.0,78.0,-14.0
96.0,293.0,-89.0,256.0,108.0,-148.0,470.0,223.0,83.0,-7.0
81.0,567.0,-111.0,217.0,42.0,-361.0,716.0,-256.0,103.0,10.0
51.0,567.0,-96.0,110.0,70.0,-267.0,964.0,-480.0,113.0,23.0
51.0,482.0,-98.0,0.0,107.0,20.0,736.0,-474.0,101.0,17.0
38.0,453.0,-64.0,-64.0,2.0,269.0,554.0,-27.0,75.0,33.0
55.0,268.0,-116.0,-126.0,-15.0,348.0,817.0,354.0,57.0,26.0
59.0,-49.0,-128.0,-86.0,-85.0,469.0,634.0,569.0,61.0,31.0
82.0,-351.0,-81.0,-29.0,-82.0,194.0,124.0,384.0,51.0,42.0
102.0,-586.0,-82.0,-127.0,-61.0,7.0,-39.0,-72.0,55.0,65.0
74.0,-751.0,-25.0,-200.0,-182.0,-73.0,-4.0,-545.0,67.0,136.0
49.0,-1044.0,-28.0,-202.0,-47.0,-208.0,-45.0,-807.0,95.0,187.0
36.0,-915.0,-20.0,-210.0,144.0,18.0,-298.0,-504.0,120.0,222.0
46.0,-578.0,-43.0,-188.0,98.0,401.0,-618.0,-60.0,142.0,244.0
23.0,-322.0,-54.0,-153.0,45.0,805.0,-530.0,626.0,155.0,252.0
24.0,-73.0,-30.0,-77.0,93.0,785.0,-112.0,1215.0,135.0,259.0
44.0,165.0,-91.0,22.0,75.0,483.0,130.0,1269.0,121.0,231.0
37.0,266.0,-32.0,118.0,-1.0,227.0,-163.0,644.0,97.0,197.0
19.0,158.0,-4.0,147.0,-65.0,-67.0,-276.0,-602.0,89.0,173.0
6.0,532.0,-21.0,111.0,-111.0,-121.0,270.0,-1485.0,60.0,152.0
-12.0,776.0,-47.0,72.0,3.0,-57.0,430.0,-1705.0,2.0,142.0
-35.0,734.0,-94.0,41.0,63.0,207.0,296.0,-1058.0,-37.0,128.0
-46.0,856.0,-66.0,9.0,25.0,503.0,657.0,151.0,-99.0,118.0
-28.0,812.0,-115.0,-77.0,-27.0,265.0,808.0,1284.0,-121.0,88.0
-18.0,702.0,-120.0,-105.0,-52.0,77.0,508.0,2015.0,-132.0,76.0
-30.0,435.0,-72.0,-93.0,45.0,183.0,199.0,1860.0,-140.0,70.0
-29.0,136.0,-74.0,-35.0,-37.0,125.0,-114.0,1151.0,-126.0,58.0
-38.0,-48.0,-121.0,-16.0,-99.0,46.0,285.0,-79.0,-148.0,56.0
-19.0,-1.0,-122.0,-107.0,55.0,117.0,1082.0,-1291.0,-153.0,35.0
-6.0,12.0,-81.0,-169.0,56.0,513.0,739.0,-1781.0,-155.0,26.0
19.0,-206.0,-147.0,-246.0,20.0,646.0,-152.0,-1648.0,-171.0,0.0
37.0,-268.0,-146.0,-241.0,52.0,314.0,-33.0,-705.0,-187.0,-22.0
75.0,-201.0,-93.0,-162.0,-48.0,298.0,397.0,434.0,-194.0,-49.0
112.0,-166.0,-113.0,-70.0,-7.0,288.0,262.0,1480.0,-194.0,-82.0
121.0,-237.0,-92.0,66.0,9.0,128.0,370.0,2089.0,-198.0,-109.0
148.0,-394.0,-126.0,212.0,-183.0,21.0,390.0,1759.0,-171.0,-136.0
154.0,-420.0,-171.0,311.0,-78.0,70.0,95.0,720.0,-161.0,-134.0
169.0,-229.0,-144.0,356.0,69.0,347.0,-7.0,-635.0,-147.0,-147.0
144.0,-302.0,-149.0,352.0,-74.0,328.0,-246.0,-1300.0,-128.0,-129.0
116.0,-265.0,-124.0,192.0,-128.0,229.0,-338.0,-1199.0,-125.0,-96.0
86.0,-276.0,-102.0,100.0,-89.0,235.0,-4.0,-439.0,-106.0,-85.0
73.0,-471.0,-99.0,115.0,-89.0,154.0,188.0,646.0,-103.0,-82.0
62.0,-392.0,-92.0,106.0,-61.0,175.0,-315.0,1306.0,-90.0,-82.0
22.0,-660.0,-46.0,166.0,-189.0,-20.0,-945.0,1587.0,-66.0,-62.0
3.0,-521.0,58.0,142.0,-216.0,124.0,-910.0,1297.0,-65.0,-53.0
-5.0,-253.0,69.0,90.0,-53.0,648.0,-608.0,781.0,-60.0,-56.0
-32.0,-252.0,22.0,82.0,-60.0,583.0,-378.0,116.0,-19.0,-53.0
-85.0,95.0,66.0,131.0,-70.0,382.0,-127.0,-572.0,42.0,-27.0
-109.0,346.0,53.0,264.0,-100.0,240.0,-269.0,-837.0,88.0,-11.0
-110.0,652.0,45.0,271.0,-108.0,226.0,-769.0,-835.0,134.0,-16.0
-92.0,867.0,121.0,276.0,50.0,104.0,-384.0,-362.0,172.0,16.0
-118.0,1033.0,141.0,176.0,21.0,-79.0,466.0,406.0,191.0,59.0
-114.0,970.0,151.0,19.0,-93.0,302.0,341.0,1261.0,201.0,102.0
-96.0,877.0,124.0,12.0,5.0,439.0,232.0,1577.0,214.0,162.0
-93.0,906.0,146.0,10.0,44.0,388.0,513.0,1086.0,236.0,235.0
-68.0,613.0,137.0,93.0,-39.0,398.0,313.0,375.0,227.0,296.0
-61.0,628.0,102.0,96.0,-70.0,120.0,469.0,-434.0,201.0,318.0
-25.0,537.0,103.0,40.0,-17.0,29.0,1067.0,-790.0,178.0,362.0
-12.0,200.0,94.0,6.0,41.0,78.0,1053.0,-569.0,161.0,391.0
15.0,119.0,87.0,-72.0,-41.0,248.0,417.0,66.0,141.0,362.0
19.0,5.0,13.0,-103.0,-67.0,376.0,-266.0,602.0,104.0,359.0
20.0,-290.0,-12.0,-19.0,22.0,273.0,-359.0,508.0,73.0,377.0
19.0,-329.0,-67.0,124.0,10.0,395.0,-41.0,291.0,25.0,392.0
0.0,-419.0,-50.0,162.0,63.0,338.0,7.0,-20.0,-8.0,386.0
15.0,-842.0,-38.0,220.0,57.0,212.0,47.0,-327.0,-8.0,386.0
8.0,-782.0,-74.0,220.0,-77.0,368.0,174.0,-596.0,-14.0,391.0
18.0,-645.0,-11.0,175.0,35.0,175.0,-57.0,-696.0,-20.0,363.0
9.0,-484.0,-48.0,140.0,132.0,32.0,-291.0,-376.0,-23.0,328.0
-4.0,-268.0,-54.0,55.0,30.0,106.0,-370.0,-66.0,-10.0,288.0
2.0,-73.0,-71.0,-3.0,30.0,133.0,-453.0,271.0,9.0,243.0
-39.0,148.0,-108.0,-97.0,121.0,323.0,-403.0,389.0,28.0,196.0
-74.0,271.0,-114.0,-131.0,180.0,228.0,-540.0,327.0,47.0,190.0
-79.0,511.0,-111.0,-60.0,151.0,-152.0,-861.0,138.0,84.0,207.0
-82.0,383.0,-110.0,15.0,118.0,-263.0,-980.0,-184.0,106.0,191.0
-70.0,280.0,-110.0,43.0,207.0,-35.0,-983.0,-166.0,92.0,167.0
-93.0,158.0,-55.0,130.0,181.0,292.0,-870.0,-194.0,96.0,173.0
-102.0,67.0,-126.0,212.0,74.0,358.0,-453.0,-97.0,77.0,201.0
-115.0,33.0,-134.0,110.0,42.0,329.0,76.0,120.0,42.0,182.0
-128.0,-162.0,-164.0,55.0,24.0,701.0,321.0,225.0,0.0,144.0
-127.0,8.0,-234.0,76.0,116.0,752.0,119.0,461.0,-39.0,119.0
-124.0,117.0,-193.0,10.0,95.0,198.0,-342.0,628.0,-26.0,78.0
-80.0,167.0,-245.0,-16.0,-8.0,-67.0,-458.0,787.0,-24.0,-4.0
-72.0,153.0,-198.0,-10.0,11.0,-144.0,70.0,519.0,-11.0,-103.0
-40.0,225.0,-148.0,-54.0,14.0,14.0,430.0,96.0,7.0,-172.0
-8.0,374.0,-184.0,-17.0,-31.0,271.0,235.0,-62.0,-16.0,-262.0
-6.0,430.0,-144.0,24.0,-53.0,271.0,325.0,-134.0,-20.0,-339.0
-18.0,508.0,-128.0,30.0,-85.0,563.0,681.0,60.0,-9.0,-347.0
-7.0,468.0,-89.0,30.0,-146.0,636.0,440.0,173.0,-22.0,-339.0
39.0,326.0,-18.0,48.0,-137.0,335.0,149.0,432.0,-30.0,-321.0
75.0,72.0,-5.0,-13.0,-212.0,152.0,545.0,633.0,-23.0,-268.0
107.0,-34.0,-7.0,-152.0,-192.0,-64.0,907.0,436.0,-24.0,-166.0
128.0,-199.0,15.0,-110.0,-24.0,-50.0,737.0,133.0,-38.0,-64.0
167.0,-112.0,16.0,-94.0,-26.0,-106.0,452.0,-286.0,-48.0,2.0
191.0,64.0,19.0,-40.0,-22.0,-45.0,333.0,-487.0,-49.0,74.0
218.0,57.0,73.0,31.0,-30.0,426.0,-41.0,-524.0,-43.0,147.0
210.0,56.0,49.0,17.0,14.0,383.0,-455.0,-206.0,-42.0,198.0
211.0,-14.0,21.0,1.0,138.0,173.0,-257.0,321.0,-62.0,213.0
232.0,131.0,73.0,-89.0,16.0,87.0,-210.0,681.0,-79.0,228.0
215.0,-76.0,61.0,-78.0,-26.0,-138.0,-392.0,848.0,-78.0,256.0
185.0,-34.0,101.0,24.0,123.0,-132.0,-26.0,539.0,-80.0,251.0
170.0,69.0,156.0,108.0,96.0,-137.0,93.0,291.0,-71.0,279.0
160.0,-510.0,97.0,76.0,8.0,-79.0,-310.0,42.0,-67.0,341.0
142.0,-558.0,64.0,15.0,-21.0,227.0,-271.0,-44.0,-88.0,391.0
156.0,-306.0,13.0,-36.0,34.0,443.0,204.0,203.0,-90.0,445.0
154.0,-369.0,5.0,-12.0,93.0,425.0,352.0,110.0,-89.0,528.0
155.0,-426.0,14.0,66.0,-15.0,106.0,71.0,99.0,-88.0,617.0
131.0,-393.0,-42.0,103.0,-100.0,-148.0,-61.0,186.0,-103.0,645.0
120.0,-480.0,24.0,232.0,2.0,8.0,-39.0,301.0,-113.0,641.0
116.0,-349.0,50.0,259.0,94.0,309.0,-4.0,338.0,-81.0,625.0
87.0,-210.0,45.0,258.0,61.0,364.0,179.0,66.0,-72.0,550.0
64.0,-314.0,83.0,284.0,-17.0,316.0,157.0,-29.0,-65.0,413.0
51.0,-68.0,67.0,187.0,15.0,343.0,13.0,99.0,-60.0,276.0
61.0,180.0,70.0,77.0,137.0,274.0,-63.0,474.0,-38.0,161.0
50.0,326.0,43.0,55.0,49.0,150.0,-253.0,831.0,-22.0,39.0
38.0,311.0,6.0,94.0,-121.0,-4.0,-113.0,975.0,-25.0,-86.0
24.0,290.0,-42.0,78.0,-162.0,-63.0,153.0,663.0,13.0,-174.0
42.0,112.0,-91.0,87.0,-75.0,-110.0,277.0,-105.0,42.0,-217.0
40.0,-214.0,-102.0,103.0,-9.0,-246.0,539.0,-591.0,57.0,-256.0
40.0,-125.0,-93.0,70.0,-81.0,-76.0,411.0,-870.0,72.0,-291.0
39.0,-321.0,-74.0,20.0,-88.0,222.0,87.0,-807.0,80.0,-306.0
43.0,-162.0,-69.0,0.0,-11.0,299.0,99.0,-406.0,77.0,-319.0
73.0,304.0,-103.0,3.0,-59.0,180.0,84.0,125.0,98.0,-350.0
77.0,118.0,-148.0,-40.0,-153.0,12.0,-29.0,731.0,133.0,-343.0
96.0,75.0,-99.0,-72.0,-155.0,-59.0,134.0,888.0,153.0,-306.0
95.0,300.0,-105.0,-86.0,-175.0,-188.0,359.0,803.0,182.0,-313.0
102.0,245.0,-169.0,-51.0,-48.0,-333.0,282.0,443.0,197.0,-321.0
96.0,86.0,-115.0,33.0,-14.0,-213.0,285.0,-31.0,223.0,-289.0
94.0,277.0,-100.0,128.0,-103.0,110.0,638.0,-426.0,235.0,-245.0
81.0,408.0,-93.0,182.0,138.0,329.0,1037.0,-796.0,227.0,-231.0
56.0,302.0,-52.0,137.0,274.0,237.0,593.0,-600.0,211.0,-213.0
44.0,356.0,-76.0,142.0,145.0,-60.0,-77.0,-116.0,176.0,-168.0
15.0,557.0,-32.0,212.0,151.0,-322.0,253.0,426.0,159.0,-135.0
3.0,602.0,-6.0,217.0,168.0,-379.0,182.0,515.0,130.0,-120.0
-16.0,537.0,-80.0,214.0,171.0,-129.0,-609.0,158.0,107.0,-119.0
-36.0,493.0,-60.0,224.0,196.0,221.0,-420.0,42.0,68.0,-135.0
-61.0,435.0,-74.0,100.0,50.0,460.0,36.0,-125.0,15.0,-166.0
-70.0,563.0,-79.0,-60.0,45.0,450.0,-485.0,-84.0,-7.0,-172.0
-77.0,456.0,-9.0,-89.0,131.0,214.0,-769.0,48.0,-25.0,-149.0
-75.0,256.0,-50.0,-171.0,-7.0,12.0,-321.0,162.0,-20.0,-147.0
-91.0,139.0,-45.0,-238.0,-78.0,-148.0,-192.0,295.0,-20.0,-144.0
-102.0,-43.0,-62.0,-188.0,-19.0,-150.0,-69.0,351.0,-13.0,-97.0
-109.0,-208.0,-103.0,-207.0,83.0,-84.0,582.0,428.0,-4.0,-38.0
-115.0,-389.0,-70.0,-148.0,68.0,-114.0,828.0,190.0,-27.0,9.0
-123.0,-413.0,-91.0,38.0,-70.0,39.0,794.0,140.0,-27.0,52.0
-148.0,-442.0,-103.0,170.0,-29.0,143.0,1186.0,190.0,-27.0,98.0
-108.0,-312.0,-100.0,196.0,50.0,-34.0,1258.0,223.0,-50.0,134.0
-115.0,-399.0,-108.0,166.0,66.0,-101.0,809.0,299.0,-78.0,155.0
-141.0,-454.0,-97.0,99.0,75.0,-102.0,492.0,-14.0,-91.0,175.0
-171.0,-260.0,-95.0,67.0,-57.0,-237.0,826.0,-293.0,-91.0,169.0
-189.0,-387.0,-125.0,193.0,-45.0,-449.0,1121.0,-528.0,-89.0,139.0
-197.0,-559.0,-122.0,242.0,79.0,-705.0,631.0,-448.0,-84.0,101.0
-218.0,-736.0,-167.0,155.0,-90.0,-682.0,263.0,-88.0,-73.0,71.0
-178.0,-690.0,-242.0,-10.0,-108.0,-277.0,217.0,107.0,-43.0,42.0
-168.0,-661.0,-229.0,-92.0,81.0,172.0,-338.0,238.0,-29.0,-14.0
-179.0,-544.0,-184.0,-45.0,82.0,241.0,-844.0,240.0,-14.0,-60.0
-182.0,-323.0,-201.0,-45.0,66.0,-31.0,-325.0,354.0,16.0,-91.0
-199.0,-102.0,-226.0,-15.0,11.0,-252.0,-28.0,169.0,52.0,-152.0
-203.0,148.0,-234.0,-41.0,-67.0,-603.0,-250.0,-75.0,84.0,-228.0
-200.0,195.0,-232.0,29.0,7.0,-696.0,-150.0,22.0,102.0,-282.0
-208.0,459.0,-222.0,53.0,2.0,-277.0,-308.0,171.0,118.0,-310.0
-200.0,539.0,-266.0,-28.0,-167.0,-103.0,-275.0,441.0,113.0,-319.0
-207.0,503.0,-225.0,-43.0,-112.0,-192.0,163.0,315.0,108.0,-295.0
-199.0,348.0,-209.0,-79.0,26.0,-331.0,205.0,53.0,116.0,-242.0
-211.0,189.0,-189.0,-42.0,-29.0,-377.0,-3.0,-92.0,126.0,-187.0
-223.0,320.0,-171.0,-51.0,-63.0,-251.0,277.0,-232.0,129.0,-134.0
-210.0,229.0,-174.0,-57.0,-69.0,-329.0,690.0,-242.0,122.0,-77.0
-206.0,68.0,-93.0,-55.0,48.0,-442.0,406.0,-160.0,121.0,-18.0
-179.0,-73.0,-50.0,-154.0,117.0,-194.0,278.0,181.0,100.0,18.0
-157.0,-61.0,-32.0,-273.0,-4.0,196.0,589.0,424.0,67.0,59.0
-98.0,-27.0,-33.0,-321.0,-34.0,254.0,507.0,735.0,20.0,96.0
-99.0,0.0,-2.0,-311.0,11.0,58.0,165.0,853.0,-35.0,90.0
-95.0,-101.0,-32.0,-314.0,24.0,118.0,110.0,465.0,-77.0,72.0
-83.0,-274.0,9.0,-238.0,-128.0,189.0,177.0,59.0,-111.0,43.0
-87.0,-230.0,51.0,-138.0,-129.0,-83.0,-193.0,-369.0,-121.0,31.0
-90.0,-389.0,55.0,-89.0,14.0,-173.0,-407.0,-295.0,-133.0,24.0
-117.0,-437.0,112.0,3.0,-80.0,-43.0,-150.0,-25.0,-155.0,14.0
-72.0,-299.0,86.0,83.0,-132.0,57.0,-234.0,12.0,-154.0,29.0
-49.0,-184.0,112.0,62.0,-100.0,191.0,-127.0,70.0,-146.0,33.0
-10.0,-176.0,69.0,22.0,-80.0,139.0,408.0,90.0,-121.0,33.0
5.0,-129.0,96.0,18.0,28.0,131.0,-10.0,297.0,-76.0,19.0
33.0,164.0,116.0,-22.0,28.0,-28.0,-733.0,345.0,-45.0,-12.0
68.0,344.0,48.0,-110.0,-96.0,-537.0,-274.0,266.0,-14.0,-75.0
83.0,298.0,52.0,-101.0,80.0,-742.0,371.0,60.0,17.0,-157.0
93.0,47.0,0.0,-27.0,212.0,-605.0,365.0,-245.0,30.0,-228.0
103.0,-37.0,-50.0,21.0,-31.0,-332.0,313.0,-279.0,51.0,-305.0
150.0,-78.0,-60.0,74.0,-45.0,-139.0,419.0,-199.0,64.0,-379.0
165.0,-206.0,-88.0,32.0,63.0,64.0,235.0,218.0,72.0,-430.0
206.0,-156.0,-129.0,-22.0,55.0,169.0,-84.0,384.0,79.0,-421.0
203.0,-160.0,-93.0,-6.0,59.0,-118.0,282.0,134.0,84.0,-381.0
202.0,-236.0,-78.0,-45.0,-127.0,-357.0,828.0,-22.0,94.0,-336.0
208.0,-289.0,-106.0,-134.0,-112.0,-658.0,735.0,-129.0,93.0,-278.0
218.0,-293.0,-45.0,-162.0,146.0,-941.0,579.0,-46.0,120.0,-234.0
245.0,-226.0,-42.0,-141.0,-36.0,-808.0,637.0,-68.0,123.0,-192.0
244.0,-1.0,-15.0,-214.0,-154.0,-588.0,345.0,-14.0,104.0,-172.0
248.0,-4.0,86.0,-250.0,-12.0,-446.0,17.0,68.0,106.0,-177.0
217.0,-201.0,-8.0,-187.0,-19.0,-525.0,216.0,25.0,90.0,-184.0
217.0,-68.0,32.0,-175.0,28.0,-644.0,58.0,-20.0,76.0,-185.0
179.0,99.0,82.0,-145.0,-103.0,-541.0,-505.0,-238.0,75.0,-188.0
128.0,74.0,-13.0,-66.0,-147.0,-590.0,-450.0,-160.0,79.0,-187.0
96.0,-114.0,90.0,116.0,70.0,-715.0,-146.0,-86.0,68.0,-168.0
74.0,-113.0,52.0,254.0,-10.0,-629.0,-176.0,-112.0,58.0,-166.0
62.0,-39.0,-5.0,277.0,-128.0,-278.0,-299.0,31.0,51.0,-160.0
30.0,-114.0,41.0,283.0,-67.0,-13.0,-198.0,190.0,25.0,-150.0
22.0,-75.0,28.0,211.0,-12.0,-123.0,-151.0,330.0,19.0,-133.0
17.0,55.0,-43.0,55.0,58.0,-116.0,-341.0,103.0,33.0,-132.0
9.0,181.0,-41.0,-120.0,-46.0,-144.0,-179.0,-24.0,52.0,-149.0
-16.0,23.0,14.0,-119.0,-154.0,-404.0,89.0,22.0,91.0,-139.0
-46.0,-55.0,-56.0,-86.0,50.0,-648.0,18.0,97.0,123.0,-148.0
-67.0,-123.0,1.0,-51.0,111.0,-682.0,-158.0,260.0,129.0,-171.0
-77.0,-142.0,49.0,0.0,49.0,-337.0,-224.0,338.0,147.0,-213.0
-99.0,-41.0,15.0,14.0,71.0,-126.0,-22.0,578.0,134.0,-261.0
-113.0,-204.0,29.0,14.0,54.0,-169.0,49.0,476.0,101.0,-293.0
-134.0,-122.0,29.0,-11.0,174.0,-114.0,185.0,92.0,88.0,-342.0
-144.0,28.0,30.0,28.0,105.0,-77.0,414.0,-293.0,44.0,-369.0
-162.0,161.0,13.0,-47.0,-123.0,-372.0,381.0,-382.0,12.0,-374.0
-192.0,227.0,23.0,-121.0,41.0,-790.0,498.0,59.0,-6.0,-352.0
-180.0,208.0,34.0,-174.0,148.0,-673.0,554.0,327.0,-29.0,-291.0
-184.0,89.0,75.0,-183.0,3.0,-275.0,497.0,559.0,-19.0,-218.0
-175.0,-165.0,74.0,-127.0,20.0,-98.0,162.0,489.0,3.0,-152.0
-167.0,-357.0,29.0,-104.0,-21.0,100.0,-363.0,144.0,29.0,-99.0
-144.0,-469.0,60.0,-137.0,0.0,327.0,-495.0,-151.0,45.0,-28.0
-147.0,-358.0,88.0,-224.0,60.0,156.0,-521.0,-447.0,76.0,3.0
-175.0,-479.0,103.0,-170.0,-169.0,-486.0,-409.0,-306.0,99.0,-12.0
-178.0,-624.0,109.0,-188.0,-151.0,-992.0,-266.0,-83.0,107.0,-48.0
-180.0,-574.0,107.0,-105.0,80.0,-862.0,-326.0,42.0,127.0,-97.0
-168.0,-310.0,77.0,28.0,57.0,-425.0,-604.0,-48.0,130.0,-146.0
-166.0,-108.0,79.0,2.0,-50.0,-96.0,-715.0,-81.0,124.0,-197.0
-173.0,-3.0,103.0,-79.0,0.0,119.0,-419.0,97.0,109.0,-230.0
-156.0,202.0,71.0,-125.0,122.0,154.0,-419.0,88.0,93.0,-239.0
-126.0,201.0,99.0,-138.0,55.0,-38.0,-398.0,205.0,87.0,-210.0
-128.0,327.0,105.0,-271.0,-99.0,-305.0,-395.0,160.0,92.0,-167.0
-113.0,277.0,109.0,-245.0,-99.0,-512.0,-843.0,151.0,78.0,-110.0
-115.0,274.0,134.0,-167.0,-9.0,-557.0,-892.0,232.0,46.0,-46.0
-91.0,337.0,121.0,-107.0,-17.0,-359.0,-486.0,94.0,20.0,27.0
-77.0,308.0,160.0,-72.0,-107.0,-39.0,-143.0,118.0,-32.0,112.0
-72.0,288.0,161.0,-51.0,-110.0,109.0,180.0,86.0,-86.0,171.0
-55.0,234.0,102.0,-2.0,-43.0,76.0,408.0,27.0,-137.0,212.0
-40.0,416.0,78.0,-61.0,-84.0,0.0,367.0,-79.0,-175.0,219.0
18.0,318.0,24.0,-61.0,-192.0,-15.0,368.0,-79.0,-200.0,217.0
15.0,217.0,37.0,16.0,-209.0,-21.0,364.0,223.0,-219.0,214.0
60.0,124.0,134.0,131.0,-178.0,-194.0,149.0,399.0,-222.0,173.0
54.0,110.0,119.0,175.0,-91.0,-348.0,-45.0,441.0,-224.0,125.0
67.0,281.0,139.0,148.0,-35.0,-298.0,-422.0,206.0,-221.0,108.0
110.0,306.0,154.0,76.0,-92.0,17.0,-657.0,-38.0,-211.0,112.0
104.0,302.0,155.0,7.0,-7.0,400.0,-555.0,-112.0,-178.0,114.0
130.0,195.0,190.0,6.0,28.0,471.0,-631.0,-110.0,-144.0,133.0
108.0,69.0,178.0,-10.0,-148.0,413.0,-646.0,90.0,-113.0,142.0
134.0,-301.0,226.0,-53.0,-128.0,65.0,-517.0,258.0,-61.0,117.0
126.0,-468.0,212.0,-89.0,-32.0,-634.0,-520.0,550.0,-31.0,77.0
130.0,-639.0,225.0,-55.0,-46.0,-993.0,-288.0,618.0,-27.0,20.0
91.0,-853.0,204.0,-23.0,32.0,-797.0,105.0,317.0,-36.0,-55.0
51.0,-773.0,174.0,2.0,9.0,-394.0,-174.0,-134.0,-60.0,-159.0
78.0,-816.0,202.0,6.0,-26.0,-200.0,-510.0,-594.0,-79.0,-247.0
63.0,-582.0,171.0,30.0,189.0,-83.0,-402.0,-622.0,-103.0,-290.0
65.0,-410.0,216.0,107.0,134.0,113.0,-641.0,-641.0,-123.0,-321.0
62.0,-440.0,175.0,187.0,-39.0,-4.0,-704.0,-530.0,-120.0,-354.0
73.0,-408.0,170.0,210.0,142.0,-500.0,-422.0,-319.0,-102.0,-363.0
83.0,-204.0,172.0,128.0,182.0,-670.0,-528.0,-160.0,-73.0,-329.0
95.0,4.0,111.0,0.0,96.0,-290.0,-823.0,44.0,-53.0,-304.0
90.0,44.0,136.0,-60.0,126.0,-114.0,-644.0,-75.0,-34.0,-291.0
89.0,253.0,96.0,3.0,80.0,-242.0,160.0,-155.0,-26.0,-264.0
95.0,420.0,56.0,-33.0,72.0,-203.0,435.0,-256.0,-22.0,-233.0
119.0,498.0,34.0,-69.0,15.0,73.0,342.0,-182.0,-22.0,-210.0
126.0,300.0,7.0,-123.0,-223.0,101.0,692.0,114.0,-43.0,-179.0
134.0,222.0,-23.0,-179.0,-284.0,-199.0,404.0,229.0,-53.0,-127.0
147.0,506.0,-13.0,-134.0,-181.0,-303.0,-353.0,338.0,-73.0,-115.0
125.0,617.0,49.0,-96.0,-152.0,-304.0,-303.0,-7.0,-90.0,-98.0
109.0,598.0,54.0,39.0,-128.0,-493.0,15.0,-556.0,-87.0,-51.0
60.0,555.0,7.0,10.0,-176.0,-712.0,-531.0,-814.0,-77.0,-21.0
58.0,557.0,26.0,-103.0,-201.0,-515.0,-1047.0,-733.0,-48.0,-27.0
23.0,380.0,50.0,-122.0,-96.0,66.0,-972.0,-400.0,-20.0,-34.0
0.0,77.0,-11.0,-70.0,-75.0,308.0,-931.0,-129.0,14.0,0.0
-8.0,-255.0,7.0,65.0,-189.0,-37.0,-478.0,210.0,23.0,20.0
-14.0,-302.0,11.0,137.0,-142.0,-411.0,-95.0,347.0,25.0,31.0
0.0,-128.0,-36.0,182.0,54.0,-559.0,-359.0,332.0,68.0,57.0
-13.0,-142.0,-6.0,80.0,34.0,-584.0,-532.0,177.0,95.0,100.0
17.0,9.0,15.0,-7.0,-47.0,-476.0,-171.0,-38.0,124.0,121.0
1.0,151.0,61.0,24.0,52.0,-319.0,236.0,11.0,154.0,108.0
-8.0,60.0,85.0,0.0,108.0,-220.0,-124.0,-103.0,172.0,127.0
-36.0,-340.0,58.0,-23.0,1.0,-319.0,-590.0,-86.0,198.0,121.0
-51.0,-576.0,99.0,-57.0,-64.0,-513.0,-397.0,36.0,227.0,98.0
-44.0,-581.0,132.0,-87.0,-52.0,-619.0,-455.0,73.0,261.0,108.0
-63.0,-534.0,80.0,-109.0,33.0,-565.0,-921.0,84.0,271.0,100.0
-84.0,-301.0,54.0,-162.0,126.0,-399.0,-791.0,-162.0,247.0,78.0
-89.0,-304.0,96.0,-194.0,14.0,-338.0,-468.0,-280.0,181.0,46.0
-72.0,-166.0,100.0,-165.0,30.0,-313.0,-748.0,-375.0,113.0,36.0
-90.0,-114.0,78.0,-128.0,181.0,-256.0,-827.0,-341.0,43.0,25.0
-93.0,-151.0,22.0,-128.0,173.0,-299.0,-568.0,-162.0,-45.0,-39.0
-121.0,-147.0,9.0,-126.0,112.0,-369.0,-306.0,-60.0,-122.0,-83.0
-121.0,-251.0,42.0,-100.0,48.0,-294.0,142.0,46.0,-197.0,-88.0
-118.0,-125.0,19.0,-96.0,146.0,-226.0,160.0,-125.0,-242.0,-97.0
-105.0,-71.0,94.0,-62.0,288.0,-285.0,74.0,-262.0,-249.0,-138.0
-98.0,86.0,93.0,-14.0,196.0,-353.0,93.0,-304.0,-239.0,-126.0
-108.0,370.0,29.0,17.0,60.0,-363.0,104.0,-208.0,-213.0,-74.0
-70.0,529.0,48.0,64.0,83.0,-300.0,504.0,-62.0,-181.0,-53.0
-74.0,328.0,43.0,86.0,63.0,-171.0,409.0,-157.0,-159.0,-21.0
-45.0,52.0,64.0,69.0,-78.0,-69.0,62.0,-199.0,-155.0,18.0
-30.0,-15.0,79.0,-36.0,-193.0,-112.0,287.0,-234.0,-141.0,37.0
-31.0,-71.0,113.0,-69.0,-250.0,-248.0,418.0,-68.0,-118.0,14.0
-18.0,-52.0,103.0,-72.0,-160.0,-323.0,135.0,-70.0,-109.0,11.0
-14.0,-8.0,94.0,-121.0,-78.0,-419.0,-203.0,-210.0,-112.0,17.0
-6.0,182.0,116.0,-87.0,-160.0,-503.0,-297.0,-42.0,-115.0,-19.0
-5.0,270.0,57.0,-86.0,-172.0,-254.0,-363.0,-120.0,-111.0,-59.0
4.0,323.0,80.0,-93.0,-51.0,72.0,-828.0,-271.0,-100.0,-56.0
33.0,335.0,106.0,-75.0,23.0,87.0,-1274.0,-378.0,-99.0,-25.0
58.0,378.0,51.0,-3.0,-68.0,-138.0,-1148.0,-310.0,-91.0,-30.0
57.0,389.0,0.0,-32.0,-165.0,-327.0,-1078.0,-49.0,-76.0,-29.0
44.0,236.0,-12.0,-130.0,0.0,-300.0,-1306.0,-77.0,-50.0,-10.0
27.0,267.0,16.0,-13.0,111.0,-342.0,-1018.0,-279.0,-36.0,-8.0
37.0,64.0,28.0,131.0,38.0,-321.0,-682.0,-681.0,-18.0,-49.0
37.0,-167.0,18.0,171.0,42.0,78.0,-751.0,-892.0,20.0,-108.0
33.0,-411.0,-8.0,148.0,30.0,361.0,-406.0,-859.0,39.0,-147.0
25.0,-569.0,-28.0,108.0,24.0,173.0,112.0,-729.0,80.0,-216.0
42.0,-346.0,-58.0,52.0,-104.0,-81.0,178.0,-456.0,107.0,-284.0
47.0,-90.0,-52.0,55.0,-216.0,-113.0,155.0,-371.0,120.0,-308.0
22.0,68.0,-61.0,77.0,0.0,-37.0,202.0,-206.0,145.0,-318.0
23.0,51.0,-136.0,67.0,125.0,-72.0,80.0,-238.0,158.0,-353.0
3.0,139.0,-146.0,33.0,30.0,-157.0,86.0,-434.0,181.0,-386.0
23.0,-9.0,-149.0,-67.0,-39.0,-30.0,57.0,-484.0,184.0,-361.0
27.0,-323.0,-154.0,-98.0,-55.0,204.0,-302.0,-415.0,174.0,-353.0
26.0,-374.0,-100.0,-111.0,13.0,250.0,-391.0,-101.0,152.0,-369.0
19.0,-494.0,-84.0,-31.0,-5.0,189.0,-420.0,62.0,135.0,-354.0
-3.0,-397.0,-95.0,27.0,-164.0,338.0,-547.0,184.0,129.0,-300.0
9.0,13.0,-86.0,-14.0,-73.0,429.0,-165.0,77.0,102.0,-230.0
3.0,320.0,-85.0,-37.0,126.0,219.0,219.0,-138.0,88.0,-189.0
-4.0,466.0,-61.0,-11.0,33.0,-183.0,395.0,-157.0,75.0,-120.0
0.0,626.0,-94.0,128.0,-101.0,-434.0,498.0,-315.0,58.0,-51.0
1.0,537.0,-92.0,238.0,30.0,-312.0,163.0,-330.0,42.0,-48.0
-5.0,224.0,-22.0,304.0,151.0,-45.0,-218.0,-266.0,20.0,-40.0
-30.0,150.0,-47.0,255.0,36.0,354.0,-240.0,-53.0,6.0,-3.0
-58.0,90.0,-53.0,82.0,-112.0,522.0,149.0,25.0,6.0,20.0
-77.0,91.0,-14.0,-70.0,-23.0,402.0,380.0,-151.0,28.0,12.0
-102.0,244.0,3.0,-153.0,217.0,307.0,213.0,-219.0,58.0,17.0
-102.0,309.0,24.0,-251.0,176.0,279.0,70.0,-450.0,62.0,32.0
-117.0,179.0,6.0,-270.0,71.0,206.0,-17.0,-458.0,59.0,11.0
-125.0,67.0,-30.0,-183.0,107.0,-39.0,-39.0,-315.0,58.0,-21.0
-117.0,73.0,-27.0,-153.0,135.0,-67.0,-105.0,-66.0,39.0,-44.0
-127.0,-39.0,-62.0,-28.0,140.0,-53.0,118.0,258.0,3.0,-66.0
-99.0,-131.0,-108.0,42.0,-58.0,-98.0,-124.0,247.0,-29.0,-105.0
-104.0,-179.0,-126.0,15.0,-188.0,-46.0,-704.0,142.0,-60.0,-130.0
-99.0,-163.0,-178.0,-10.0,-83.0,-17.0,-496.0,-208.0,-107.0,-133.0
-84.0,-152.0,-124.0,-29.0,-8.0,78.0,-552.0,-437.0,-167.0,-155.0
-75.0,7.0,-110.0,71.0,-36.0,139.0,-611.0,-474.0,-224.0,-166.0
-42.0,241.0,-159.0,91.0,-34.0,252.0,-275.0,-439.0,-261.0,-138.0
-37.0,326.0,-108.0,-64.0,113.0,206.0,-347.0,-219.0,-284.0,-102.0
-18.0,366.0,-100.0,-163.0,153.0,8.0,-460.0,-133.0,-309.0,-77.0
-3.0,292.0,-68.0,-115.0,8.0,-68.0,-398.0,-9.0,-303.0,-29.0
11.0,312.0,-36.0,-101.0,-33.0,56.0,-242.0,-144.0,-302.0,71.0
27.0,240.0,-51.0,-74.0,21.0,361.0,32.0,-68.0,-304.0,173.0
0.0,131.0,-83.0,0.0,-12.0,246.0,136.0,419.0,-290.0,269.0
-14.0,92.0,-154.0,54.0,-43.0,67.0,-4.0,607.0,-312.0,376.0
-8.0,-12.0,-168.0,96.0,-47.0,130.0,-363.0,622.0,-329.0,480.0
-11.0,-154.0,-148.0,67.0,-31.0,191.0,-515.0,275.0,-325.0,537.0
-10.0,-209.0,-96.0,79.0,74.0,211.0,6.0,-197.0,-314.0,554.0
-33.0,-128.0,-128.0,122.0,38.0,107.0,507.0,-618.0,-271.0,574.0
-48.0,-239.0,-192.0,107.0,-60.0,343.0,71.0,-1001.0,-229.0,542.0
-46.0,-255.0,-122.0,65.0,6.0,567.0,-374.0,-1090.0,-190.0,467.0
-41.0,-351.0,-131.0,56.0,23.0,501.0,275.0,-864.0,-147.0,396.0
-47.0,-574.0,-154.0,62.0,-3.0,243.0,505.0,-297.0,-134.0,334.0
-56.0,-464.0,-111.0,71.0,-14.0,-130.0,188.0,-70.0,-102.0,265.0
-41.0,-399.0,-162.0,155.0,-19.0,-91.0,202.0,-123.0,-68.0,179.0
-33.0,-333.0,-185.0,289.0,58.0,-29.0,126.0,-116.0,-43.0,112.0
-11.0,-169.0,-161.0,245.0,49.0,29.0,304.0,-97.0,-7.0,56.0
-11.0,-109.0,-153.0,73.0,-47.0,271.0,113.0,-1.0,-20.0,13.0
-6.0,-36.0,-109.0,-24.0,-36.0,483.0,-470.0,-166.0,-21.0,-12.0
17.0,128.0,-139.0,-51.0,55.0,562.0,-718.0,-203.0,-19.0,-22.0
38.0,311.0,-151.0,-3.0,21.0,392.0,-522.0,-166.0,-40.0,-7.0
61.0,429.0,-95.0,71.0,-65.0,253.0,-172.0,-134.0,-35.0,0.0
62.0,507.0,-119.0,137.0,-9.0,143.0,-301.0,55.0,-29.0,7.0
57.0,439.0,-148.0,44.0,50.0,150.0,-392.0,-1.0,-30.0,34.0
64.0,242.0,-131.0,-58.0,88.0,155.0,-353.0,73.0,-36.0,65.0
77.0,83.0,-184.0,-97.0,111.0,-11.0,-193.0,107.0,-4.0,90.0
62.0,-78.0,-230.0,-165.0,60.0,-21.0,-170.0,24.0,42.0,115.0
50.0,-339.0,-232.0,-162.0,38.0,171.0,-411.0,12.0,95.0,146.0
59.0,-361.0,-232.0,-177.0,82.0,411.0,-140.0,114.0,140.0,168.0
90.0,-182.0,-139.0,-136.0,94.0,323.0,104.0,345.0,149.0,181.0
116.0,96.0,-116.0,-122.0,45.0,152.0,-305.0,216.0,163.0,184.0
118.0,426.0,-141.0,-176.0,84.0,201.0,-810.0,77.0,173.0,168.0
93.0,448.0,-118.0,-201.0,169.0,203.0,-631.0,-11.0,199.0,147.0
78.0,571.0,-110.0,-190.0,126.0,146.0,-144.0,20.0,226.0,137.0
69.0,456.0,-73.0,-128.0,12.0,139.0,48.0,77.0,230.0,139.0
45.0,189.0,-41.0,-100.0,0.0,411.0,14.0,-110.0,247.0,130.0
60.0,53.0,-39.0,-51.0,57.0,680.0,-1.0,-125.0,282.0,117.0
68.0,-253.0,-47.0,51.0,39.0,715.0,266.0,-275.0,302.0,138.0
89.0,-312.0,-75.0,93.0,-7.0,648.0,496.0,-349.0,331.0,172.0
76.0,-337.0,-96.0,32.0,-1.0,518.0,464.0,-277.0,369.0,207.0
44.0,-258.0,-64.0,19.0,82.0,399.0,236.0,-88.0,389.0,226.0
9.0,-153.0,-96.0,-65.0,105.0,168.0,-26.0,275.0,410.0,225.0
-36.0,-52.0,-88.0,-133.0,-20.0,226.0,-124.0,286.0,391.0,230.0
-66.0,0.0,-78.0,-25.0,-73.0,534.0,-78.0,160.0,368.0,217.0
-95.0,-85.0,-71.0,49.0,-37.0,613.0,4.0,-142.0,312.0,192.0
-88.0,-38.0,-47.0,140.0,18.0,463.0,162.0,-343.0,215.0,149.0
-116.0,-90.0,-70.0,184.0,-2.0,160.0,237.0,-341.0,130.0,103.0
-142.0,-96.0,-27.0,210.0,-122.0,-49.0,-73.0,-367.0,20.0,61.0
-159.0,45.0,-78.0,223.0,9.0,-249.0,-189.0,-188.0,-59.0,12.0
-161.0,229.0,-120.0,202.0,216.0,-173.0,256.0,-18.0,-103.0,-35.0
-194.0,179.0,-171.0,115.0,131.0,35.0,199.0,212.0,-137.0,-105.0
-242.0,211.0,-205.0,-36.0,78.0,93.0,-461.0,369.0,-162.0,-164.0
-256.0,215.0,-155.0,-94.0,187.0,236.0,-895.0,386.0,-193.0,-184.0
-269.0,69.0,-125.0,-155.0,204.0,242.0,-1135.0,238.0,-198.0,-209.0
-243.0,121.0,-61.0,-93.0,118.0,328.0,-1019.0,-77.0,-186.0,-243.0
-241.0,141.0,-106.0,19.0,-21.0,313.0,-749.0,-173.0,-196.0,-254.0
-231.0,256.0,-93.0,-10.0,-28.0,9.0,-587.0,-367.0,-206.0,-231.0
-223.0,142.0,-69.0,0.0,114.0,-367.0,-489.0,-467.0,-201.0,-194.0
-196.0,128.0,-82.0,9.0,47.0,-530.0,-278.0,-351.0,-170.0,-176.0
-193.0,94.0,-10.0,-10.0,-61.0,-344.0,176.0,-279.0,-134.0,-127.0
-187.0,-153.0,-19.0,28.0,68.0,-271.0,499.0,-121.0,-116.0,-56.0
-148.0,-158.0,-8.0,17.0,145.0,-57.0,791.0,1.0,-90.0,13.0
-138.0,-206.0,23.0,-36.0,-2.0,296.0,832.0,367.0,-97.0,107.0
-103.0,-132.0,-23.0,-38.0,-42.0,372.0,590.0,596.0,-105.0,185.0
-96.0,-186.0,-14.0,48.0,78.0,155.0,255.0,469.0,-90.0,240.0
-53.0,-314.0,8.0,41.0,95.0,-44.0,176.0,321.0,-90.0,264.0
-27.0,-368.0,-21.0,-44.0,130.0,-112.0,583.0,-49.0,-81.0,292.0
-6.0,-356.0,19.0,-14.0,93.0,-160.0,658.0,-330.0,-88.0,326.0
12.0,-169.0,-11.0,-18.0,22.0,0.0,344.0,-487.0,-82.0,313.0
3.0,-2.0,-63.0,-3.0,130.0,336.0,-7.0,-386.0,-69.0,268.0
13.0,154.0,6.0,89.0,65.0,549.0,-246.0,-142.0,-90.0,246.0
0.0,178.0,16.0,201.0,-73.0,484.0,-388.0,25.0,-65.0,226.0
18.0,220.0,-32.0,206.0,-68.0,404.0,-486.0,290.0,-26.0,172.0
17.0,198.0,-35.0,134.0,-80.0,185.0,-352.0,303.0,0.0,107.0
29.0,216.0,-47.0,132.0,-72.0,-79.0,-349.0,304.0,27.0,28.0
42.0,223.0,-94.0,112.0,-106.0,-110.0,-541.0,158.0,37.0,-51.0
43.0,186.0,-44.0,156.0,-115.0,83.0,-567.0,-20.0,52.0,-135.0
56.0,424.0,-19.0,243.0,0.0,365.0,-597.0,-60.0,26.0,-205.0
38.0,577.0,-46.0,269.0,23.0,355.0,-507.0,-262.0,-13.0,-253.0
33.0,650.0,-72.0,297.0,-118.0,401.0,-135.0,-295.0,-33.0,-287.0
29.0,559.0,-124.0,349.0,-144.0,485.0,-7.0,-382.0,-48.0,-303.0
33.0,418.0,-95.0,389.0,64.0,365.0,-251.0,-319.0,-60.0,-293.0
20.0,317.0,-83.0,393.0,94.0,169.0,-291.0,-31.0,-76.0,-286.0
16.0,63.0,-102.0,363.0,-8.0,125.0,107.0,349.0,-61.0,-291.0
17.0,-60.0,-83.0,298.0,85.0,125.0,475.0,552.0,-61.0,-259.0
22.0,-144.0,-100.0,241.0,121.0,-58.0,553.0,282.0,-78.0,-202.0
12.0,-202.0,-113.0,170.0,94.0,62.0,492.0,88.0,-78.0,-157.0
11.0,-185.0,-95.0,79.0,81.0,319.0,440.0,-86.0,-105.0,-117.0
43.0,-188.0,-92.0,78.0,-22.0,521.0,201.0,134.0,-123.0,-51.0
38.0,-310.0,-91.0,86.0,-12.0,476.0,-289.0,460.0,-84.0,36.0
72.0,-240.0,-120.0,-8.0,-11.0,66.0,-477.0,428.0,-41.0,95.0
65.0,-183.0,-159.0,-106.0,-171.0,-260.0,-278.0,476.0,-27.0,122.0
61.0,-402.0,-180.0,-123.0,-194.0,-392.0,14.0,304.0,-24.0,140.0
67.0,-418.0,-174.0,-46.0,-85.0,-412.0,-66.0,73.0,-34.0,147.0
69.0,-275.0,-210.0,50.0,-100.0,-406.0,-546.0,-173.0,-22.0,136.0
97.0,12.0,-222.0,68.0,-143.0,-19.0,-682.0,-208.0,-2.0,110.0
58.0,130.0,-158.0,-28.0,-133.0,336.0,-579.0,-62.0,-9.0,78.0
50.0,163.0,-200.0,-90.0,-163.0,112.0,-548.0,-40.0,17.0,41.0
23.0,11.0,-237.0,-74.0,-106.0,-154.0,-398.0,121.0,53.0,-5.0
2.0,-120.0,-220.0,-134.0,-94.0,-170.0,20.0,232.0,64.0,-17.0
-22.0,-68.0,-157.0,-169.0,-151.0,-175.0,549.0,517.0,79.0,-29.0
-57.0,-490.0,-120.0,-193.0,-32.0,-370.0,811.0,663.0,100.0,-88.0
-55.0,-570.0,-157.0,-212.0,59.0,-396.0,772.0,426.0,120.0,-120.0
-53.0,-436.0,-149.0,-304.0,46.0,-27.0,531.0,11.0,132.0,-112.0
-26.0,-354.0,-145.0,-360.0,61.0,206.0,574.0,-434.0,166.0,-95.0
-23.0,-278.0,-104.0,-229.0,31.0,58.0,734.0,-341.0,201.0,-82.0
-5.0,-321.0,-33.0,-231.0,-11.0,55.0,554.0,-240.0,228.0,-79.0
-12.0,-126.0,-17.0,-231.0,31.0,75.0,157.0,-249.0,262.0,-48.0
-24.0,-129.0,-1.0,-119.0,-31.0,-65.0,-111.0,-275.0,262.0,-10.0
-38.0,-145.0,32.0,30.0,-91.0,-56.0,203.0,-454.0,242.0,3.0
-60.0,-149.0,56.0,81.0,6.0,-14.0,433.0,-267.0,215.0,4.0
-76.0,-269.0,49.0,24.0,57.0,37.0,388.0,-33.0,184.0,0.0
-104.0,-319.0,61.0,10.0,16.0,73.0,364.0,158.0,160.0,2.0
-97.0,-276.0,64.0,-1.0,-54.0,253.0,362.0,295.0,141.0,0.0
-101.0,-327.0,12.0,7.0,47.0,275.0,517.0,103.0,145.0,-7.0
-114.0,-413.0,16.0,-30.0,43.0,43.0,441.0,-279.0,151.0,-19.0
-160.0,-300.0,16.0,-48.0,-92.0,48.0,364.0,-485.0,126.0,-46.0
-203.0,-411.0,17.0,-62.0,-37.0,42.0,584.0,-216.0,110.0,-36.0
-235.0,-580.0,63.0,-14.0,-96.0,20.0,811.0,-46.0,94.0,-8.0
-251.0,-717.0,73.0,18.0,-52.0,-73.0,797.0,53.0,71.0,-26.0
-250.0,-705.0,53.0,-70.0,62.0,-104.0,443.0,60.0,65.0,-47.0
-280.0,-692.0,24.0,-54.0,-110.0,153.0,83.0,-110.0,59.0,-33.0
-281.0,-706.0,72.0,-38.0,-36.0,370.0,179.0,-197.0,49.0,0.0
-273.0,-486.0,155.0,-135.0,207.0,268.0,398.0,-509.0,23.0,45.0
-278.0,-477.0,188.0,-228.0,175.0,-52.0,372.0,-412.0,0.0,90.0
-299.0,-259.0,236.0,-209.0,96.0,-101.0,437.0,-1.0,-18.0,148.0
-313.0,-225.0,212.0,-71.0,64.0,-8.0,450.0,293.0,-32.0,217.0
-315.0,-255.0,184.0,47.0,53.0,23.0,360.0,402.0,-37.0,300.0
-279.0,93.0,261.0,-4.0,65.0,97.0,305.0,3.0,-39.0,366.0
-237.0,221.0,177.0,-109.0,42.0,368.0,272.0,-338.0,-19.0,389.0
-195.0,365.0,171.0,-13.0,19.0,454.0,-39.0,-770.0,-3.0,416.0
-150.0,513.0,206.0,100.0,92.0,-8.0,-330.0,-859.0,-5.0,419.0
-124.0,736.0,76.0,40.0,90.0,-264.0,-37.0,-447.0,10.0,399.0
-90.0,627.0,126.0,19.0,-68.0,27.0,77.0,-92.0,31.0,349.0
-93.0,532.0,133.0,93.0,-103.0,169.0,250.0,412.0,26.0,238.0
-83.0,515.0,97.0,59.0,3.0,-272.0,539.0,578.0,9.0,149.0
-65.0,228.0,133.0,-99.0,5.0,-487.0,758.0,454.0,-1.0,78.0
-40.0,230.0,167.0,-121.0,-128.0,-254.0,893.0,116.0,-20.0,0.0
-1.0,129.0,188.0,-23.0,-127.0,-52.0,592.0,-223.0,-33.0,-70.0
33.0,147.0,197.0,17.0,-67.0,50.0,183.0,-441.0,-46.0,-122.0
44.0,153.0,254.0,-27.0,14.0,39.0,-294.0,-635.0,-59.0,-147.0
66.0,58.0,255.0,-115.0,74.0,137.0,-47.0,-330.0,-65.0,-146.0
112.0,-114.0,308.0,-104.0,-71.0,89.0,394.0,-40.0,-77.0,-128.0
106.0,-270.0,283.0,-60.0,-15.0,-202.0,331.0,66.0,-91.0,-118.0
102.0,-291.0,214.0,-1.0,66.0,-387.0,235.0,-88.0,-98.0,-105.0
66.0,-384.0,265.0,-12.0,-96.0,-279.0,173.0,-266.0,-72.0,-100.0
89.0,-160.0,289.0,-130.0,-81.0,-70.0,429.0,-84.0,-28.0,-93.0
103.0,-37.0,268.0,-207.0,-28.0,179.0,360.0,-29.0,9.0,-106.0
93.0,16.0,240.0,-288.0,-60.0,483.0,104.0,88.0,44.0,-137.0
108.0,-148.0,171.0,-273.0,11.0,506.0,244.0,203.0,67.0,-130.0
78.0,-292.0,136.0,-209.0,-50.0,221.0,553.0,339.0,61.0,-143.0
87.0,-274.0,140.0,-162.0,-136.0,-20.0,799.0,297.0,47.0,-157.0
71.0,-354.0,69.0,6.0,-38.0,148.0,790.0,-129.0,62.0,-159.0
50.0,-300.0,51.0,166.0,-87.0,165.0,718.0,-253.0,62.0,-164.0
21.0,-335.0,27.0,193.0,-167.0,62.0,899.0,-162.0,52.0,-141.0
30.0,-134.0,-33.0,134.0,-166.0,136.0,1000.0,-140.0,52.0,-132.0
57.0,68.0,-25.0,102.0,-107.0,55.0,756.0,-410.0,46.0,-150.0
57.0,265.0,-7.0,128.0,32.0,143.0,643.0,-702.0,40.0,-178.0
74.0,357.0,-19.0,54.0,-118.0,132.0,702.0,-641.0,38.0,-180.0
71.0,404.0,-5.0,40.0,-180.0,42.0,930.0,-395.0,46.0,-185.0
69.0,475.0,31.0,35.0,-5.0,262.0,1001.0,88.0,47.0,-176.0
68.0,316.0,87.0,-69.0,-67.0,450.0,830.0,271.0,40.0,-137.0
76.0,403.0,104.0,-29.0,-80.0,146.0,791.0,256.0,31.0,-92.0
65.0,349.0,101.0,64.0,-82.0,-264.0,599.0,288.0,35.0,-24.0
78.0,260.0,164.0,75.0,-87.0,-70.0,82.0,199.0,34.0,34.0
89.0,330.0,220.0,83.0,-25.0,235.0,-489.0,201.0,19.0,75.0
112.0,467.0,244.0,196.0,-92.0,372.0,-504.0,-72.0,9.0,77.0
117.0,417.0,203.0,260.0,-43.0,399.0,-308.0,-325.0,-6.0,89.0
95.0,299.0,237.0,149.0,99.0,155.0,-235.0,-450.0,-14.0,115.0
89.0,384.0,252.0,-26.0,74.0,-232.0,-219.0,-687.0,-38.0,99.0
69.0,150.0,240.0,-158.0,-28.0,-157.0,-597.0,-739.0,-49.0,74.0
86.0,-75.0,291.0,-253.0,-39.0,25.0,-733.0,-545.0,-50.0,19.0
63.0,-208.0,274.0,-319.0,-51.0,-71.0,-472.0,-110.0,-87.0,-23.0
56.0,-290.0,258.0,-283.0,37.0,379.0,-695.0,77.0,-99.0,-51.0
68.0,-400.0,299.0,-111.0,41.0,653.0,-1078.0,168.0,-97.0,-89.0
63.0,-279.0,304.0,82.0,-109.0,252.0,-730.0,415.0,-101.0,-126.0
64.0,-152.0,204.0,126.0,15.0,-173.0,-99.0,556.0,-110.0,-153.0
55.0,-172.0,197.0,143.0,133.0,-89.0,336.0,587.0,-120.0,-125.0
47.0,256.0,219.0,20.0,44.0,239.0,691.0,430.0,-138.0,-96.0
4.0,263.0,158.0,-233.0,-17.0,37.0,842.0,194.0,-179.0,-86.0
-20.0,203.0,113.0,-289.0,13.0,-287.0,1018.0,-323.0,-168.0,-76.0
-47.0,464.0,107.0,-224.0,25.0,-371.0,959.0,-803.0,-121.0,-91.0
-70.0,662.0,150.0,-61.0,8.0,-134.0,549.0,-957.0,-92.0,-82.0
-74.0,764.0,191.0,119.0,13.0,-169.0,459.0,-862.0,-53.0,-84.0
-88.0,796.0,147.0,227.0,102.0,-390.0,570.0,-334.0,-14.0,-125.0
-89.0,933.0,102.0,175.0,208.0,-221.0,858.0,83.0,15.0,-145.0
-102.0,747.0,156.0,-28.0,213.0,-150.0,797.0,378.0,30.0,-129.0
-110.0,659.0,147.0,-119.0,161.0,-352.0,392.0,509.0,46.0,-82.0
-86.0,635.0,121.0,-83.0,123.0,-690.0,629.0,495.0,51.0,-22.0
-78.0,535.0,143.0,148.0,268.0,-584.0,833.0,633.0,50.0,54.0
-55.0,475.0,115.0,375.0,204.0,-179.0,615.0,487.0,72.0,125.0
-32.0,375.0,103.0,357.0,49.0,-68.0,343.0,142.0,85.0,199.0
-28.0,414.0,153.0,238.0,101.0,-244.0,479.0,-365.0,121.0,288.0
-10.0,352.0,163.0,36.0,-34.0,-355.0,744.0,-607.0,151.0,347.0
10.0,430.0,163.0,-185.0,79.0,-437.0,383.0,-325.0,151.0,364.0
24.0,355.0,223.0,-276.0,200.0,-608.0,40.0,53.0,159.0,372.0
34.0,244.0,228.0,-174.0,-128.0,-419.0,56.0,550.0,137.0,379.0
71.0,232.0,193.0,-113.0,-107.0,-135.0,-6.0,541.0,119.0,322.0
83.0,14.0,189.0,-134.0,74.0,76.0,-386.0,127.0,121.0,253.0
104.0,-19.0,182.0,-130.0,-102.0,43.0,-869.0,-269.0,102.0,213.0
112.0,-21.0,212.0,-193.0,-110.0,-188.0,-991.0,-473.0,71.0,152.0
111.0,-30.0,210.0,-204.0,96.0,-185.0,-631.0,-123.0,43.0,98.0
118.0,-23.0,209.0,-138.0,-22.0,-70.0,-274.0,133.0,17.0,55.0
105.0,-66.0,182.0,-35.0,-111.0,-143.0,-113.0,136.0,-27.0,12.0
97.0,-168.0,156.0,52.0,30.0,-288.0,-104.0,-247.0,-64.0,-21.0
81.0,-210.0,180.0,27.0,-39.0,-56.0,-314.0,-720.0,-92.0,-63.0
74.0,-265.0,159.0,-65.0,0.0,156.0,-146.0,-711.0,-131.0,-81.0
54.0,-424.0,138.0,-145.0,52.0,208.0,-143.0,-321.0,-156.0,-92.0
54.0,-505.0,70.0,-194.0,-43.0,335.0,-643.0,260.0,-174.0,-134.0
35.0,-498.0,115.0,-273.0,27.0,402.0,-310.0,264.0,-187.0,-147.0
35.0,-377.0,106.0,-283.0,131.0,160.0,235.0,77.0,-186.0,-115.0
34.0,-436.0,64.0,-163.0,113.0,-148.0,38.0,-84.0,-193.0,-88.0
21.0,-286.0,90.0,2.0,15.0,-117.0,-171.0,-155.0,-195.0,-87.0
58.0,-91.0,72.0,170.0,36.0,-328.0,18.0,162.0,-179.0,-47.0
43.0,-159.0,116.0,157.0,4.0,-402.0,585.0,230.0,-167.0,14.0
35.0,-53.0,75.0,-30.0,12.0,79.0,867.0,327.0,-159.0,41.0
28.0,-40.0,124.0,-157.0,50.0,509.0,603.0,304.0,-141.0,66.0
36.0,-42.0,105.0,-152.0,-47.0,678.0,389.0,227.0,-148.0,92.0
28.0,11.0,88.0,-34.0,65.0,507.0,461.0,234.0,-148.0,125.0
-9.0,104.0,136.0,91.0,101.0,175.0,688.0,144.0,-108.0,136.0
-8.0,182.0,91.0,254.0,-92.0,-75.0,659.0,203.0,-95.0,119.0
-18.0,301.0,144.0,394.0,-108.0,-34.0,105.0,64.0,-81.0,102.0
-3.0,329.0,95.0,343.0,-67.0,44.0,-266.0,-9.0,-75.0,79.0
8.0,169.0,31.0,181.0,-125.0,110.0,176.0,-192.0,-95.0,51.0
26.0,172.0,-6.0,51.0,-30.0,331.0,172.0,-375.0,-100.0,46.0
43.0,46.0,11.0,47.0,-88.0,444.0,-682.0,-42.0,-97.0,63.0
48.0,-36.0,59.0,92.0,-137.0,538.0,-955.0,279.0,-103.0,57.0
78.0,-62.0,23.0,119.0,137.0,369.0,-240.0,279.0,-94.0,80.0
70.0,-87.0,-4.0,143.0,136.0,-29.0,462.0,-57.0,-68.0,148.0
50.0,-45.0,-8.0,64.0,-34.0,-331.0,255.0,-221.0,-49.0,198.0
55.0,-35.0,14.0,-49.0,21.0,-338.0,54.0,-339.0,-19.0,217.0
70.0,9.0,24.0,-153.0,66.0,-16.0,138.0,-482.0,9.0,240.0
84.0,-39.0,47.0,-231.0,8.0,178.0,41.0,-293.0,58.0,251.0
72.0,37.0,-8.0,-178.0,82.0,303.0,-45.0,-175.0,84.0,232.0
85.0,58.0,-5.0,-82.0,44.0,329.0,-553.0,-40.0,73.0,199.0
103.0,-36.0,9.0,-17.0,2.0,200.0,-699.0,11.0,69.0,142.0
104.0,-91.0,-35.0,22.0,103.0,-41.0,210.0,249.0,45.0,67.0
121.0,12.0,0.0,43.0,41.0,-369.0,603.0,753.0,49.0,-3.0
109.0,31.0,8.0,11.0,-26.0,-435.0,19.0,763.0,62.0,-31.0
100.0,-155.0,47.0,-56.0,-78.0,-179.0,-91.0,637.0,53.0,-56.0
85.0,-115.0,46.0,-165.0,-97.0,62.0,-44.0,386.0,33.0,-112.0
84.0,-149.0,12.0,-226.0,-109.0,55.0,-171.0,-9.0,-11.0,-121.0
93.0,-136.0,-17.0,-152.0,-97.0,94.0,115.0,-101.0,-50.0,-78.0
89.0,37.0,-83.0,-74.0,-84.0,187.0,210.0,96.0,-73.0,-36.0
85.0,242.0,-145.0,-81.0,-97.0,77.0,104.0,315.0,-78.0,-22.0
73.0,385.0,-172.0,-137.0,-33.0,-102.0,366.0,171.0,-84.0,-27.0
76.0,505.0,-116.0,-168.0,-100.0,-185.0,541.0,75.0,-74.0,-20.0
48.0,550.0,-164.0,-256.0,-188.0,-218.0,-308.0,33.0,-48.0,-14.0
34.0,317.0,-232.0,-291.0,-116.0,-127.0,-951.0,55.0,-21.0,0.0
31.0,207.0,-231.0,-280.0,-76.0,55.0,-389.0,127.0,6.0,26.0
21.0,82.0,-212.0,-286.0,-71.0,118.0,-131.0,40.0,42.0,34.0
38.0,-18.0,-187.0,-242.0,50.0,102.0,-471.0,84.0,79.0,67.0
77.0,-223.0,-181.0,-261.0,18.0,123.0,-261.0,-162.0,97.0,114.0
72.0,-374.0,-148.0,-265.0,-36.0,135.0,286.0,-253.0,119.0,152.0
48.0,-309.0,-193.0,-227.0,88.0,-176.0,150.0,-166.0,126.0,148.0
86.0,-451.0,-151.0,-242.0,51.0,-384.0,-104.0,-158.0,134.0,123.0
89.0,-419.0,-60.0,-253.0,-74.0,-76.0,-37.0,243.0,128.0,128.0
80.0,-398.0,-68.0,-288.0,-22.0,260.0,-85.0,495.0,109.0,105.0
59.0,-380.0,-35.0,-364.0,-20.0,425.0,-172.0,484.0,112.0,52.0
53.0,-384.0,-71.0,-373.0,-71.0,439.0,-437.0,280.0,111.0,0.0
85.0,-393.0,-41.0,-340.0,65.0,370.0,-732.0,81.0,121.0,-30.0
95.0,-202.0,16.0,-242.0,10.0,280.0,-467.0,57.0,118.0,-48.0
84.0,-92.0,7.0,-114.0,12.0,154.0,204.0,223.0,89.0,-74.0
73.0,56.0,46.0,-79.0,63.0,97.0,796.0,380.0,43.0,-90.0
90.0,27.0,45.0,-133.0,-51.0,211.0,794.0,53.0,-16.0,-97.0
93.0,142.0,29.0,-99.0,-18.0,263.0,128.0,-271.0,-62.0,-112.0
92.0,210.0,83.0,27.0,7.0,298.0,-196.0,-506.0,-131.0,-114.0
108.0,74.0,168.0,47.0,51.0,404.0,33.0,-456.0,-198.0,-89.0
151.0,172.0,151.0,46.0,15.0,417.0,69.0,-118.0,-242.0,-71.0
181.0,108.0,142.0,37.0,82.0,429.0,389.0,188.0,-298.0,-27.0
197.0,22.0,137.0,8.0,117.0,319.0,684.0,604.0,-305.0,46.0
209.0,-168.0,135.0,-66.0,26.0,354.0,-84.0,702.0,-289.0,133.0
207.0,-172.0,198.0,-154.0,174.0,385.0,-609.0,681.0,-301.0,182.0
185.0,20.0,241.0,-198.0,111.0,83.0,-294.0,463.0,-298.0,224.0
156.0,64.0,238.0,-179.0,-18.0,-160.0,-337.0,59.0,-299.0,285.0
150.0,326.0,263.0,3.0,129.0,-345.0,-695.0,-38.0,-289.0,308.0
94.0,493.0,294.0,103.0,136.0,-250.0,-635.0,-48.0,-246.0,298.0
70.0,504.0,244.0,111.0,34.0,-67.0,-511.0,210.0,-190.0,258.0
49.0,447.0,288.0,107.0,105.0,-121.0,-673.0,347.0,-119.0,254.0
19.0,384.0,269.0,29.0,54.0,-101.0,-557.0,310.0,-33.0,224.0
-8.0,109.0,282.0,3.0,-19.0,12.0,102.0,277.0,22.0,162.0
-56.0,-125.0,313.0,-69.0,104.0,159.0,774.0,-35.0,43.0,134.0
-74.0,14.0,259.0,-205.0,-23.0,191.0,677.0,-197.0,45.0,99.0
-110.0,-109.0,263.0,-252.0,-127.0,172.0,165.0,-142.0,56.0,64.0
-101.0,-412.0,208.0,-143.0,48.0,239.0,-169.0,201.0,80.0,41.0
-122.0,-272.0,192.0,30.0,-42.0,250.0,-458.0,644.0,75.0,34.0
-142.0,-22.0,107.0,158.0,-48.0,166.0,-91.0,838.0,73.0,22.0
-118.0,-268.0,52.0,276.0,16.0,183.0,444.0,607.0,69.0,20.0
-116.0,-244.0,-29.0,265.0,-108.0,370.0,-32.0,107.0,58.0,46.0
-111.0,-116.0,-52.0,131.0,26.0,417.0,-601.0,-42.0,35.0,83.0
-100.0,-130.0,-62.0,10.0,47.0,277.0,-599.0,-271.0,10.0,97.0
-56.0,-76.0,-131.0,-34.0,-57.0,143.0,-417.0,-517.0,-10.0,95.0
-21.0,-173.0,-52.0,39.0,6.0,-29.0,-550.0,-469.0,-56.0,94.0
35.0,-326.0,-139.0,166.0,39.0,-60.0,-659.0,-90.0,-80.0,109.0
77.0,-451.0,-91.0,295.0,-17.0,85.0,-363.0,598.0,-115.0,122.0
116.0,-283.0,-65.0,321.0,-70.0,193.0,-324.0,761.0,-161.0,114.0
152.0,-543.0,-122.0,208.0,-24.0,421.0,-165.0,639.0,-193.0,115.0
161.0,-570.0,-55.0,115.0,-49.0,377.0,-4.0,375.0,-220.0,122.0
186.0,-262.0,-122.0,103.0,-81.0,109.0,-299.0,-77.0,-232.0,140.0
185.0,-268.0,-94.0,93.0,37.0,25.0,-105.0,-256.0,-221.0,131.0
154.0,19.0,-86.0,72.0,16.0,-8.0,453.0,-397.0,-187.0,93.0
109.0,239.0,-155.0,118.0,-102.0,269.0,359.0,-171.0,-175.0,50.0
106.0,476.0,-101.0,276.0,83.0,373.0,12.0,445.0,-138.0,21.0
104.0,477.0,-73.0,411.0,-4.0,103.0,272.0,824.0,-75.0,6.0
84.0,516.0,-53.0,421.0,-238.0,73.0,1067.0,631.0,-6.0,-30.0
51.0,596.0,-49.0,436.0,13.0,286.0,749.0,153.0,84.0,-63.0
48.0,282.0,-153.0,412.0,4.0,350.0,-411.0,-225.0,152.0,-62.0
56.0,345.0,-183.0,321.0,-150.0,154.0,107.0,-559.0,214.0,-15.0
29.0,216.0,-133.0,239.0,-28.0,2.0,634.0,-469.0,239.0,37.0
20.0,-135.0,-171.0,143.0,-55.0,-128.0,-64.0,-238.0,240.0,83.0
12.0,-166.0,-183.0,62.0,-51.0,-127.0,-116.0,140.0,240.0,123.0
28.0,-302.0,-107.0,-28.0,79.0,-48.0,-51.0,667.0,223.0,141.0
23.0,-468.0,-129.0,-138.0,-56.0,120.0,-459.0,727.0,231.0,135.0
11.0,-341.0,-90.0,-261.0,-118.0,413.0,-327.0,672.0,217.0,102.0
0.0,-219.0,-58.0,-325.0,17.0,184.0,-292.0,310.0,198.0,50.0
-15.0,-232.0,-96.0,-368.0,-52.0,-182.0,-1047.0,-79.0,194.0,-17.0
0.0,-107.0,16.0,-339.0,-46.0,-301.0,-1580.0,-184.0,178.0,-84.0
-15.0,93.0,-18.0,-272.0,104.0,-387.0,-1370.0,-245.0,172.0,-138.0
-33.0,242.0,-37.0,-271.0,71.0,-293.0,-525.0,140.0,172.0,-179.0
-19.0,148.0,3.0,-243.0,57.0,-235.0,-266.0,567.0,168.0,-227.0
-12.0,163.0,-56.0,-270.0,122.0,-7.0,-119.0,689.0,165.0,-267.0
-16.0,224.0,-24.0,-194.0,7.0,275.0,1089.0,445.0,144.0,-290.0
-22.0,198.0,16.0,-155.0,21.0,11.0,1118.0,169.0,117.0,-303.0
-15.0,171.0,33.0,-199.0,183.0,-206.0,76.0,134.0,106.0,-324.0
-11.0,-31.0,-21.0,-193.0,66.0,-126.0,595.0,136.0,73.0,-355.0
-17.0,76.0,-43.0,-194.0,-44.0,-333.0,1503.0,360.0,46.0,-351.0
-20.0,54.0,-81.0,-128.0,72.0,-637.0,819.0,376.0,11.0,-341.0
-23.0,-51.0,-114.0,-167.0,45.0,-587.0,174.0,162.0,-60.0,-336.0
-33.0,-84.0,-114.0,-136.0,-31.0,-161.0,223.0,-118.0,-103.0,-325.0
-36.0,-169.0,-186.0,-64.0,-11.0,169.0,-377.0,-380.0,-143.0,-293.0
-19.0,-56.0,-143.0,-43.0,-46.0,77.0,-710.0,-351.0,-180.0,-253.0
-31.0,-164.0,-143.0,-95.0,29.0,-31.0,-196.0,-216.0,-188.0,-231.0
-19.0,-190.0,-167.0,-201.0,72.0,-26.0,-299.0,155.0,-181.0,-186.0
-28.0,-283.0,-141.0,-185.0,-14.0,-194.0,-857.0,258.0,-174.0,-154.0
-21.0,-185.0,-151.0,-211.0,15.0,-448.0,-564.0,206.0,-161.0,-129.0
-6.0,151.0,-113.0,-107.0,94.0,-431.0,110.0,347.0,-125.0,-88.0
-38.0,158.0,-112.0,-62.0,-5.0,-253.0,-206.0,341.0,-80.0,-63.0
-52.0,265.0,-136.0,-186.0,-50.0,6.0,-742.0,585.0,-40.0,-25.0
-81.0,355.0,-142.0,-170.0,32.0,154.0,1.0,587.0,-5.0,1.0
-65.0,517.0,-191.0,-62.0,-53.0,9.0,332.0,367.0,49.0,37.0
-91.0,487.0,-179.0,1.0,-13.0,12.0,-507.0,153.0,109.0,101.0
-107.0,191.0,-90.0,10.0,53.0,38.0,-155.0,-345.0,150.0,130.0
-119.0,236.0,-43.0,139.0,-52.0,-49.0,855.0,-487.0,198.0,143.0
-115.0,262.0,-1.0,228.0,69.0,-25.0,378.0,-199.0,227.0,158.0
-83.0,-18.0,-9.0,233.0,113.0,65.0,138.0,304.0,262.0,157.0
-101.0,-197.0,34.0,231.0,-52.0,100.0,1058.0,635.0,303.0,131.0
-71.0,-121.0,84.0,245.0,57.0,252.0,1035.0,654.0,326.0,68.0
-79.0,-298.0,64.0,243.0,132.0,319.0,803.0,304.0,335.0,11.0
-69.0,-471.0,41.0,238.0,-27.0,41.0,963.0,-199.0,292.0,-31.0
-77.0,-446.0,8.0,297.0,53.0,-139.0,-114.0,-160.0,226.0,-85.0
-94.0,-527.0,31.0,268.0,123.0,-218.0,-1336.0,-75.0,163.0,-122.0
-102.0,-386.0,-31.0,286.0,-7.0,-175.0,-915.0,77.0,84.0,-158.0
-109.0,-45.0,-24.0,304.0,60.0,-185.0,-372.0,234.0,11.0,-182.0
-78.0,63.0,16.0,307.0,-27.0,-162.0,-904.0,179.0,-49.0,-176.0
-71.0,74.0,1.0,288.0,-109.0,135.0,-930.0,192.0,-100.0,-168.0
-25.0,231.0,70.0,244.0,124.0,101.0,-259.0,125.0,-139.0,-162.0
-5.0,88.0,57.0,243.0,8.0,-110.0,-338.0,230.0,-156.0,-158.0
-11.0,7.0,83.0,152.0,-143.0,-189.0,-762.0,101.0,-170.0,-124.0
-10.0,46.0,80.0,62.0,-9.0,-146.0,-60.0,-107.0,-168.0,-81.0
10.0,-199.0,-13.0,-40.0,-21.0,-131.0,945.0,-116.0,-153.0,-63.0
3.0,-239.0,39.0,-52.0,-97.0,-239.0,833.0,-260.0,-139.0,-53.0
-24.0,-164.0,84.0,-57.0,-52.0,-224.0,490.0,-186.0,-131.0,-44.0
-28.0,-161.0,80.0,-65.0,-100.0,-35.0,372.0,-112.0,-122.0,-33.0
0.0,-112.0,18.0,-103.0,-141.0,116.0,219.0,14.0,-105.0,-30.0
13.0,117.0,-21.0,-291.0,-3.0,80.0,411.0,194.0,-119.0,-35.0
0.0,144.0,28.0,-335.0,-80.0,192.0,453.0,373.0,-111.0,-45.0
16.0,135.0,-16.0,-281.0,-169.0,89.0,-23.0,642.0,-100.0,-71.0
10.0,181.0,2.0,-157.0,-29.0,-185.0,-293.0,580.0,-108.0,-101.0
34.0,42.0,-23.0,-65.0,-12.0,-225.0,68.0,195.0,-78.0,-127.0
36.0,311.0,-72.0,13.0,-137.0,-181.0,469.0,-308.0,-73.0,-181.0
42.0,425.0,-82.0,100.0,-88.0,-52.0,426.0,-463.0,-67.0,-249.0
62.0,403.0,-142.0,136.0,-5.0,-173.0,644.0,-485.0,-62.0,-297.0
86.0,372.0,-126.0,227.0,-89.0,-254.0,773.0,-524.0,-89.0,-336.0
96.0,243.0,-179.0,212.0,-3.0,-157.0,261.0,-168.0,-96.0,-356.0
71.0,180.0,-198.0,148.0,-39.0,-302.0,-34.0,107.0,-87.0,-389.0
69.0,9.0,-231.0,65.0,-163.0,-494.0,-98.0,303.0,-62.0,-405.0
43.0,-100.0,-223.0,71.0,32.0,-463.0,-430.0,325.0,-54.0,-374.0
62.0,-185.0,-196.0,25.0,-20.0,-496.0,-745.0,205.0,-48.0,-334.0
66.0,-169.0,-207.0,-149.0,-148.0,-503.0,-687.0,186.0,-31.0,-266.0
59.0,-508.0,-102.0,-114.0,69.0,-400.0,-567.0,64.0,-32.0,-207.0
34.0,-429.0,-126.0,-18.0,88.0,-498.0,-372.0,288.0,-14.0,-149.0
26.0,-131.0,-114.0,32.0,3.0,-441.0,-40.0,421.0,-5.0,-104.0
25.0,-370.0,-78.0,115.0,79.0,-425.0,263.0,358.0,-10.0,-62.0
-24.0,-296.0,-85.0,208.0,37.0,-496.0,219.0,389.0,-6.0,-4.0
-60.0,-194.0,-34.0,198.0,24.0,-385.0,-202.0,262.0,-12.0,20.0
-91.0,-156.0,-26.0,182.0,109.0,-194.0,16.0,177.0,-20.0,58.0
-106.0,-27.0,19.0,227.0,12.0,-55.0,524.0,81.0,-13.0,99.0
-126.0,198.0,63.0,192.0,-18.0,-156.0,470.0,177.0,-4.0,155.0
-109.0,195.0,64.0,185.0,120.0,-219.0,185.0,164.0,2.0,210.0
-120.0,51.0,63.0,155.0,97.0,-146.0,-32.0,-25.0,40.0,250.0
-127.0,30.0,56.0,138.0,50.0,-112.0,-356.0,-208.0,77.0,300.0
-94.0,38.0,24.0,102.0,79.0,-316.0,-359.0,-376.0,105.0,325.0
-84.0,52.0,39.0,10.0,82.0,-356.0,79.0,-247.0,141.0,347.0
-107.0,22.0,58.0,17.0,63.0,-296.0,9.0,-291.0,150.0,370.0
-109.0,126.0,1.0,-25.0,-16.0,-365.0,99.0,-197.0,149.0,376.0
-77.0,17.0,21.0,-6.0,-71.0,-72.0,372.0,66.0,160.0,362.0
-69.0,13.0,132.0,94.0,-7.0,239.0,-61.0,70.0,166.0,325.0
-37.0,143.0,135.0,73.0,48.0,277.0,-176.0,-49.0,188.0,285.0
-34.0,162.0,119.0,17.0,-57.0,35.0,451.0,-328.0,217.0,238.0
-38.0,106.0,186.0,-26.0,-59.0,-54.0,421.0,-212.0,206.0,186.0
-42.0,-63.0,191.0,-93.0,68.0,66.0,-75.0,7.0,175.0,145.0
-29.0,49.0,204.0,-111.0,4.0,62.0,16.0,-20.0,134.0,122.0
-15.0,-37.0,222.0,-69.0,-17.0,27.0,-313.0,48.0,97.0,86.0
-10.0,-170.0,199.0,-35.0,49.0,18.0,-643.0,121.0,74.0,40.0
11.0,-143.0,226.0,38.0,-65.0,156.0,-332.0,251.0,84.0,17.0
24.0,-125.0,198.0,110.0,-4.0,29.0,-284.0,210.0,123.0,-13.0
34.0,-96.0,163.0,163.0,223.0,-9.0,-213.0,83.0,150.0,-45.0
35.0,-315.0,178.0,197.0,58.0,18.0,-13.0,18.0,197.0,-57.0
57.0,-119.0,144.0,183.0,25.0,-187.0,-2.0,145.0,232.0,-63.0
62.0,53.0,152.0,119.0,185.0,-433.0,-144.0,363.0,248.0,-56.0
79.0,-12.0,118.0,24.0,73.0,-676.0,-487.0,153.0,281.0,-72.0
97.0,-98.0,86.0,37.0,67.0,-321.0,-394.0,-55.0,282.0,-104.0
91.0,-133.0,81.0,74.0,75.0,-58.0,88.0,-256.0,284.0,-122.0
84.0,107.0,77.0,55.0,73.0,-128.0,-251.0,-352.0,304.0,-143.0
81.0,29.0,91.0,63.0,91.0,-19.0,-395.0,-157.0,286.0,-143.0
98.0,138.0,87.0,69.0,26.0,-54.0,245.0,-24.0,274.0,-137.0
110.0,75.0,136.0,75.0,-16.0,-149.0,202.0,121.0,279.0,-127.0
103.0,-61.0,110.0,82.0,2.0,-83.0,7.0,-62.0,257.0,-92.0
93.0,201.0,120.0,30.0,36.0,-47.0,546.0,-271.0,250.0,-33.0
89.0,168.0,154.0,79.0,-15.0,-108.0,928.0,-319.0,233.0,21.0
111.0,260.0,119.0,89.0,-15.0,-104.0,620.0,-112.0,202.0,36.0
111.0,451.0,94.0,6.0,-3.0,-81.0,406.0,349.0,185.0,42.0
82.0,364.0,112.0,38.0,21.0,131.0,420.0,203.0,131.0,52.0
81.0,104.0,145.0,31.0,31.0,152.0,222.0,-238.0,85.0,40.0
83.0,-42.0,117.0,20.0,60.0,-2.0,55.0,-630.0,62.0,-19.0
74.0,-220.0,183.0,0.0,85.0,14.0,-40.0,-694.0,41.0,-87.0
58.0,-400.0,230.0,-70.0,18.0,-129.0,-199.0,-406.0,41.0,-152.0
83.0,-355.0,206.0,-96.0,69.0,-179.0,-433.0,-31.0,24.0,-232.0
79.0,-384.0,175.0,-58.0,24.0,27.0,-465.0,330.0,-1.0,-300.0
72.0,-366.0,145.0,24.0,46.0,73.0,-264.0,306.0,-15.0,-374.0
94.0,-101.0,168.0,45.0,120.0,-31.0,-288.0,341.0,-29.0,-435.0
101.0,42.0,201.0,-21.0,-43.0,-62.0,-415.0,260.0,-34.0,-477.0
104.0,-71.0,223.0,-62.0,-52.0,-265.0,-230.0,42.0,-41.0,-517.0
112.0,218.0,167.0,30.0,-13.0,-352.0,64.0,-53.0,-70.0,-547.0
129.0,310.0,146.0,162.0,-54.0,-278.0,-34.0,-171.0,-94.0,-554.0
115.0,182.0,170.0,244.0,16.0,-46.0,-85.0,44.0,-119.0,-553.0
109.0,435.0,158.0,199.0,-91.0,231.0,253.0,149.0,-150.0,-539.0
90.0,346.0,135.0,138.0,-115.0,-54.0,322.0,62.0,-153.0,-489.0
89.0,139.0,135.0,173.0,102.0,-210.0,-4.0,-46.0,-154.0,-419.0
89.0,42.0,117.0,222.0,65.0,-123.0,18.0,-125.0,-172.0,-349.0
101.0,156.0,77.0,278.0,6.0,-125.0,389.0,20.0,-188.0,-288.0
78.0,45.0,66.0,220.0,34.0,-86.0,264.0,60.0,-204.0,-214.0
80.0,-78.0,63.0,140.0,97.0,-96.0,-171.0,57.0,-224.0,-151.0
119.0,213.0,60.0,182.0,84.0,-193.0,-240.0,-125.0,-230.0,-103.0
97.0,144.0,18.0,221.0,-30.0,-129.0,-64.0,-140.0,-204.0,-44.0
98.0,121.0,40.0,236.0,28.0,-13.0,-284.0,179.0,-185.0,28.0
87.0,111.0,34.0,212.0,50.0,-79.0,-703.0,249.0,-177.0,102.0
120.0,103.0,-30.0,216.0,22.0,68.0,-436.0,64.0,-166.0,179.0
101.0,125.0,-57.0,215.0,-39.0,-43.0,68.0,-436.0,-164.0,257.0
93.0,107.0,-56.0,150.0,-114.0,-162.0,108.0,-727.0,-138.0,301.0
104.0,91.0,2.0,191.0,-88.0,-204.0,391.0,-668.0,-103.0,321.0
112.0,-233.0,37.0,321.0,-40.0,-321.0,759.0,-404.0,-76.0,314.0
135.0,-176.0,-2.0,377.0,-184.0,-27.0,592.0,31.0,-31.0,310.0
119.0,15.0,-9.0,321.0,-245.0,-62.0,665.0,205.0,8.0,312.0
131.0,-101.0,63.0,270.0,-84.0,-108.0,760.0,412.0,30.0,322.0
125.0,-98.0,92.0,245.0,-130.0,28.0,130.0,367.0,34.0,347.0
158.0,-48.0,122.0,175.0,-36.0,-37.0,-382.0,77.0,13.0,378.0
152.0,17.0,135.0,60.0,19.0,10.0,101.0,-190.0,-3.0,424.0
153.0,95.0,169.0,-7.0,-133.0,222.0,366.0,-351.0,-19.0,459.0
146.0,57.0,178.0,-8.0,20.0,276.0,-264.0,-36.0,-15.0,495.0
133.0,18.0,162.0,-3.0,55.0,331.0,-407.0,66.0,9.0,517.0
116.0,21.0,211.0,80.0,-98.0,398.0,104.0,-171.0,-5.0,532.0
99.0,-14.0,192.0,179.0,41.0,21.0,359.0,-471.0,-5.0,536.0
105.0,40.0,247.0,132.0,124.0,51.0,39.0,-511.0,-16.0,518.0
71.0,107.0,198.0,-13.0,42.0,72.0,-171.0,-194.0,-40.0,510.0
85.0,142.0,175.0,-54.0,59.0,-16.0,33.0,153.0,-34.0,472.0
99.0,128.0,216.0,18.0,-23.0,158.0,124.0,521.0,-42.0,416.0
103.0,-98.0,134.0,24.0,-50.0,88.0,-26.0,611.0,-19.0,359.0
60.0,-268.0,167.0,3.0,104.0,284.0,-365.0,691.0,9.0,284.0
52.0,-291.0,144.0,0.0,-24.0,156.0,-648.0,454.0,34.0,209.0
49.0,-78.0,151.0,-70.0,-148.0,-26.0,-447.0,-97.0,66.0,159.0
61.0,-72.0,103.0,-100.0,52.0,213.0,96.0,-277.0,77.0,113.0
60.0,-225.0,78.0,-31.0,44.0,109.0,-46.0,-404.0,100.0,87.0
15.0,-49.0,125.0,-110.0,-53.0,-56.0,-522.0,-181.0,118.0,97.0
12.0,100.0,-39.0,-215.0,-45.0,63.0,-24.0,59.0,138.0,97.0
3.0,280.0,-80.0,-157.0,-119.0,143.0,899.0,48.0,141.0,91.0
23.0,84.0,-102.0,-79.0,-57.0,88.0,1001.0,-14.0,122.0,90.0
-10.0,-35.0,-139.0,-72.0,21.0,-2.0,261.0,-279.0,131.0,102.0
-26.0,-67.0,-116.0,-83.0,-69.0,-213.0,-76.0,-351.0,162.0,120.0
-46.0,-499.0,-151.0,-33.0,-19.0,-141.0,333.0,-509.0,174.0,146.0
-42.0,-557.0,-125.0,-14.0,82.0,-51.0,386.0,-467.0,187.0,183.0
-31.0,-342.0,-112.0,-17.0,20.0,33.0,-204.0,-205.0,199.0,187.0
-33.0,-377.0,-105.0,-56.0,62.0,320.0,-824.0,-79.0,177.0,186.0
-35.0,-478.0,-101.0,-176.0,60.0,163.0,-969.0,188.0,165.0,188.0
-46.0,-168.0,-109.0,-204.0,-9.0,60.0,-300.0,306.0,157.0,168.0
-10.0,-209.0,-97.0,-141.0,85.0,106.0,259.0,273.0,125.0,134.0
-20.0,-299.0,-94.0,-88.0,18.0,-70.0,-23.0,94.0,80.0,79.0
-22.0,86.0,-45.0,-10.0,-145.0,29.0,-93.0,81.0,44.0,32.0
-29.0,116.0,22.0,53.0,-118.0,66.0,413.0,112.0,17.0,6.0
-11.0,-26.0,-27.0,38.0,-3.0,25.0,583.0,-81.0,-8.0,-35.0
-19.0,161.0,-54.0,-22.0,-40.0,305.0,18.0,-240.0,-17.0,-66.0
-12.0,401.0,-28.0,45.0,-160.0,226.0,-203.0,-493.0,-23.0,-84.0
-16.0,315.0,-44.0,103.0,-105.0,27.0,334.0,-299.0,-27.0,-130.0
-34.0,350.0,-8.0,6.0,-34.0,-10.0,677.0,-14.0,-9.0,-151.0
-1.0,191.0,-27.0,1.0,-48.0,-139.0,598.0,-51.0,9.0,-140.0
1.0,32.0,-54.0,-71.0,-1.0,-178.0,158.0,-190.0,7.0,-139.0
13.0,58.0,-9.0,-185.0,8.0,-294.0,-157.0,-563.0,-6.0,-138.0
-6.0,44.0,-23.0,-211.0,-35.0,-58.0,407.0,-646.0,-37.0,-118.0
-5.0,235.0,-32.0,-166.0,34.0,236.0,862.0,-678.0,-60.0,-69.0
-6.0,205.0,-6.0,-121.0,16.0,13.0,153.0,-441.0,-56.0,-37.0
-6.0,205.0,-11.0,-139.0,38.0,-35.0,-490.0,140.0,-75.0,-26.0
-11.0,88.0,0.0,-102.0,113.0,164.0,-243.0,293.0,-88.0,-8.0
-8.0,-14.0,-25.0,-100.0,3.0,204.0,-24.0,219.0,-42.0,-2.0
0.0,-41.0,-79.0,-36.0,27.0,179.0,-369.0,-96.0,-13.0,-1.0
-8.0,-116.0,-53.0,9.0,32.0,135.0,-617.0,-284.0,-2.0,-3.0
-9.0,48.0,-51.0,3.0,-31.0,91.0,-381.0,-97.0,19.0,22.0
-30.0,25.0,-49.0,28.0,22.0,283.0,-402.0,173.0,18.0,56.0
-39.0,144.0,-28.0,83.0,-49.0,116.0,-675.0,297.0,24.0,78.0
-56.0,290.0,-6.0,112.0,-104.0,-100.0,-720.0,192.0,21.0,116.0
-44.0,199.0,26.0,48.0,-29.0,56.0,-800.0,96.0,20.0,151.0
-26.0,82.0,-46.0,58.0,-91.0,-68.0,-685.0,-166.0,41.0,177.0
-16.0,-70.0,-89.0,89.0,-99.0,-12.0,-148.0,-380.0,27.0,192.0
-24.0,-68.0,-69.0,101.0,42.0,-105.0,35.0,-561.0,10.0,232.0
-25.0,-140.0,0.0,139.0,-32.0,-186.0,-90.0,-432.0,-2.0,267.0
-16.0,-386.0,70.0,166.0,-62.0,89.0,389.0,-12.0,-36.0,283.0
-18.0,-350.0,22.0,122.0,-21.0,-75.0,841.0,-7.0,-60.0,306.0
-33.0,-309.0,-31.0,151.0,-22.0,-182.0,581.0,116.0,-80.0,316.0
-44.0,-545.0,-47.0,238.0,128.0,-23.0,278.0,-9.0,-91.0,333.0
-25.0,-365.0,-34.0,265.0,37.0,41.0,377.0,-517.0,-98.0,327.0
-17.0,-161.0,21.0,277.0,-45.0,-27.0,416.0,-774.0,-100.0,321.0
13.0,-168.0,61.0,186.0,37.0,-81.0,-28.0,-788.0,-87.0,310.0
8.0,115.0,46.0,110.0,-74.0,8.0,-209.0,-354.0,-70.0,273.0
-9.0,303.0,42.0,22.0,17.0,202.0,-270.0,116.0,-57.0,258.0
-17.0,350.0,33.0,-114.0,74.0,200.0,-525.0,371.0,-60.0,251.0
-14.0,428.0,52.0,-140.0,-68.0,17.0,-158.0,356.0,-56.0,256.0
-43.0,533.0,-4.0,-138.0,44.0,-59.0,208.0,199.0,-33.0,260.0
-87.0,353.0,-38.0,-148.0,-5.0,-266.0,-132.0,140.0,-1.0,246.0
-89.0,89.0,52.0,-127.0,-142.0,-183.0,-215.0,-62.0,17.0,231.0
-91.0,86.0,26.0,-174.0,7.0,54.0,129.0,-199.0,27.0,229.0
-95.0,-80.0,12.0,-222.0,5.0,129.0,-101.0,-131.0,65.0,235.0
-116.0,-96.0,0.0,-224.0,-7.0,141.0,-361.0,197.0,100.0,232.0
-127.0,-61.0,-9.0,-154.0,95.0,-95.0,-191.0,251.0,118.0,213.0
-140.0,-88.0,13.0,-5.0,15.0,28.0,-411.0,-114.0,130.0,215.0
-140.0,-205.0,4.0,-14.0,16.0,209.0,-980.0,-138.0,157.0,201.0
-155.0,-428.0,-6.0,12.0,81.0,-20.0,-1313.0,136.0,181.0,178.0
-181.0,-356.0,-10.0,124.0,10.0,-90.0,-887.0,626.0,185.0,164.0
-192.0,-256.0,-3.0,190.0,8.0,36.0,-90.0,655.0,155.0,120.0
-170.0,-126.0,-11.0,231.0,49.0,314.0,201.0,386.0,106.0,100.0
-161.0,-115.0,53.0,184.0,62.0,490.0,-29.0,262.0,80.0,88.0
-178.0,59.0,89.0,166.0,61.0,313.0,-162.0,-188.0,43.0,101.0
-177.0,267.0,79.0,68.0,29.0,234.0,73.0,-315.0,20.0,114.0
-185.0,159.0,80.0,22.0,71.0,310.0,338.0,-303.0,16.0,102.0
-168.0,204.0,47.0,40.0,36.0,227.0,613.0,-208.0,13.0,111.0
-162.0,347.0,-32.0,-15.0,-71.0,129.0,533.0,27.0,18.0,115.0
-122.0,387.0,-93.0,67.0,9.0,141.0,82.0,-208.0,20.0,92.0
-118.0,196.0,-74.0,150.0,-24.0,137.0,-140.0,-533.0,11.0,52.0
-116.0,161.0,-73.0,164.0,-104.0,177.0,-409.0,-641.0,4.0,50.0
-95.0,138.0,-96.0,138.0,119.0,218.0,-368.0,-382.0,4.0,48.0
-99.0,41.0,-151.0,138.0,73.0,298.0,54.0,-1.0,-17.0,34.0
-73.0,-27.0,-134.0,109.0,-54.0,226.0,-74.0,498.0,-32.0,59.0
-86.0,-205.0,-57.0,5.0,133.0,-75.0,-452.0,849.0,-58.0,96.0
-60.0,-272.0,-99.0,19.0,53.0,95.0,-705.0,578.0,-88.0,107.0
-14.0,-243.0,-136.0,-13.0,-13.0,313.0,-543.0,-22.0,-87.0,115.0
18.0,36.0,-148.0,-38.0,88.0,291.0,-12.0,-703.0,-80.0,156.0
33.0,59.0,-170.0,22.0,111.0,383.0,-51.0,-528.0,-48.0,178.0
54.0,46.0,-166.0,13.0,157.0,154.0,-458.0,-64.0,-23.0,159.0
94.0,399.0,-165.0,-10.0,80.0,29.0,-584.0,14.0,-12.0,164.0
95.0,405.0,-143.0,-97.0,54.0,-1.0,-490.0,158.0,25.0,175.0
91.0,293.0,-127.0,-139.0,62.0,-252.0,-48.0,-68.0,51.0,153.0
100.0,377.0,-120.0,-169.0,-45.0,-98.0,695.0,-7.0,39.0,132.0
111.0,448.0,-111.0,-303.0,-2.0,206.0,613.0,306.0,12.0,121.0
121.0,259.0,-116.0,-421.0,32.0,268.0,-157.0,223.0,-8.0,90.0
128.0,200.0,-158.0,-470.0,-23.0,206.0,-423.0,81.0,-29.0,33.0
113.0,229.0,-168.0,-434.0,30.0,150.0,-448.0,-75.0,-17.0,-10.0
111.0,88.0,-177.0,-366.0,-11.0,119.0,-322.0,-7.0,9.0,-38.0
94.0,151.0,-163.0,-242.0,-85.0,-62.0,149.0,275.0,25.0,-102.0
77.0,140.0,-98.0,-173.0,-5.0,-219.0,359.0,367.0,49.0,-184.0
47.0,37.0,-82.0,-190.0,-11.0,-194.0,229.0,-136.0,60.0,-233.0
38.0,-48.0,-64.0,-164.0,7.0,-240.0,476.0,-652.0,67.0,-278.0
45.0,12.0,-139.0,-108.0,38.0,-370.0,1088.0,-703.0,79.0,-348.0
25.0,-70.0,-83.0,-3.0,-85.0,-258.0,1079.0,-668.0,88.0,-395.0
-9.0,-60.0,47.0,96.0,-16.0,0.0,431.0,-354.0,77.0,-399.0
-40.0,136.0,-39.0,152.0,-7.0,34.0,-24.0,-242.0,51.0,-426.0
-50.0,86.0,-72.0,162.0,-40.0,-346.0,-268.0,-354.0,37.0,-472.0
-75.0,258.0,-89.0,115.0,80.0,-647.0,-309.0,-415.0,11.0,-448.0
-82.0,125.0,-116.0,121.0,9.0,-294.0,90.0,-452.0,-14.0,-411.0
-126.0,70.0,-55.0,176.0,71.0,-51.0,745.0,-90.0,-28.0,-422.0
-128.0,168.0,-40.0,193.0,141.0,-330.0,810.0,267.0,-33.0,-414.0
-117.0,84.0,-57.0,196.0,109.0,-513.0,-38.0,539.0,-16.0,-374.0
-119.0,60.0,-13.0,132.0,122.0,-446.0,-675.0,504.0,-15.0,-343.0
-116.0,-91.0,-6.0,65.0,59.0,-296.0,-665.0,64.0,-22.0,-347.0
-117.0,-100.0,-22.0,31.0,-17.0,-295.0,-430.0,-371.0,-11.0,-337.0
-96.0,-292.0,-25.0,-35.0,-14.0,-274.0,-274.0,-700.0,-11.0,-306.0
-112.0,-302.0,-6.0,-58.0,99.0,-103.0,-169.0,-641.0,-18.0,-296.0
-88.0,-297.0,-10.0,-76.0,54.0,-221.0,-78.0,-424.0,-22.0,-269.0
-84.0,-426.0,-49.0,-66.0,-1.0,-325.0,-308.0,-118.0,-37.0,-218.0
-80.0,-248.0,18.0,-47.0,-17.0,-255.0,-467.0,88.0,-56.0,-172.0
-88.0,-165.0,-59.0,-55.0,4.0,-270.0,-316.0,173.0,-72.0,-145.0
-57.0,-48.0,-135.0,-79.0,72.0,-260.0,10.0,277.0,-101.0,-118.0
-8.0,133.0,-43.0,-141.0,9.0,-406.0,149.0,271.0,-121.0,-60.0
-18.0,162.0,-39.0,-163.0,-33.0,-342.0,-88.0,441.0,-121.0,-11.0
-5.0,66.0,-30.0,-122.0,-38.0,-106.0,361.0,345.0,-127.0,11.0
11.0,94.0,10.0,-142.0,19.0,-260.0,1463.0,173.0,-122.0,37.0
38.0,136.0,36.0,-227.0,-35.0,-323.0,1753.0,68.0,-123.0,101.0
19.0,158.0,37.0,-200.0,-114.0,-165.0,1168.0,-253.0,-131.0,134.0
10.0,212.0,65.0,-129.0,8.0,-156.0,796.0,-393.0,-111.0,138.0
-3.0,245.0,74.0,-38.0,-1.0,-263.0,476.0,-611.0,-83.0,167.0
-1.0,360.0,73.0,6.0,-85.0,-345.0,-6.0,-646.0,-66.0,166.0
14.0,333.0,121.0,-45.0,-29.0,-333.0,-90.0,-648.0,-48.0,135.0
-4.0,270.0,99.0,-32.0,-19.0,-117.0,-253.0,-694.0,-48.0,121.0
-29.0,182.0,135.0,-20.0,-17.0,-62.0,-275.0,-284.0,-56.0,118.0
-35.0,186.0,121.0,4.0,-6.0,-149.0,501.0,-1.0,-38.0,78.0
-22.0,300.0,78.0,39.0,-76.0,-11.0,575.0,275.0,-28.0,60.0
-25.0,135.0,114.0,34.0,-44.0,-30.0,-339.0,376.0,-11.0,87.0
-10.0,-9.0,72.0,-12.0,-2.0,-113.0,-612.0,-1.0,18.0,100.0
19.0,-106.0,87.0,-77.0,21.0,-221.0,-240.0,-212.0,46.0,92.0
62.0,-137.0,80.0,-117.0,39.0,-262.0,284.0,-288.0,78.0,58.0
70.0,-224.0,49.0,-135.0,-64.0,-139.0,-76.0,-432.0,83.0,52.0
87.0,-413.0,-3.0,-126.0,-12.0,-132.0,-666.0,-478.0,67.0,44.0
76.0,-229.0,-50.0,-167.0,66.0,-10.0,169.0,-145.0,41.0,-15.0
65.0,-49.0,31.0,-179.0,-10.0,73.0,503.0,254.0,8.0,-90.0
65.0,-53.0,94.0,-132.0,-44.0,100.0,519.0,456.0,-18.0,-153.0
50.0,-39.0,50.0,-70.0,41.0,138.0,797.0,354.0,-42.0,-202.0
78.0,-4.0,-19.0,-16.0,154.0,111.0,-305.0,-73.0,-67.0,-269.0
75.0,-15.0,2.0,28.0,69.0,163.0,-1286.0,-73.0,-96.0,-326.0
84.0,-36.0,-3.0,77.0,-59.0,31.0,-585.0,27.0,-143.0,-348.0
72.0,-139.0,5.0,70.0,-1.0,-86.0,294.0,184.0,-187.0,-363.0
103.0,-326.0,53.0,-6.0,66.0,82.0,195.0,395.0,-251.0,-358.0
114.0,-207.0,39.0,-79.0,32.0,175.0,980.0,27.0,-303.0,-320.0
74.0,-166.0,66.0,-93.0,0.0,128.0,2118.0,-256.0,-312.0,-291.0
74.0,-286.0,106.0,-166.0,-3.0,202.0,1307.0,-461.0,-324.0,-270.0
78.0,-191.0,81.0,-224.0,81.0,135.0,-321.0,-454.0,-302.0,-238.0
92.0,-59.0,42.0,-243.0,152.0,0.0,-434.0,-68.0,-261.0,-217.0
94.0,-76.0,75.0,-256.0,31.0,224.0,836.0,51.0,-233.0,-200.0
111.0,-159.0,85.0,-223.0,-48.0,304.0,712.0,-35.0,-195.0,-197.0
106.0,-115.0,30.0,-209.0,23.0,282.0,-331.0,-35.0,-141.0,-204.0
102.0,-28.0,65.0,-224.0,9.0,190.0,-285.0,75.0,-99.0,-198.0
106.0,-54.0,102.0,-226.0,0.0,23.0,341.0,-103.0,-73.0,-206.0
108.0,-99.0,46.0,-170.0,-30.0,208.0,732.0,-229.0,-27.0,-245.0
77.0,12.0,-4.0,-208.0,-91.0,70.0,1149.0,-140.0,3.0,-276.0
74.0,-82.0,-30.0,-247.0,116.0,-194.0,824.0,-94.0,25.0,-309.0
97.0,-80.0,-31.0,-162.0,6.0,-132.0,-1013.0,258.0,51.0,-360.0
101.0,-18.0,0.0,-67.0,-185.0,108.0,-2039.0,437.0,62.0,-385.0
111.0,-216.0,-41.0,20.0,125.0,381.0,-1582.0,389.0,60.0,-406.0
75.0,99.0,-81.0,79.0,60.0,206.0,-934.0,188.0,60.0,-415.0
59.0,202.0,-16.0,121.0,-73.0,134.0,119.0,-142.0,69.0,-393.0
36.0,112.0,-10.0,89.0,44.0,348.0,1061.0,-206.0,65.0,-367.0
36.0,163.0,-40.0,110.0,-56.0,393.0,100.0,-260.0,60.0,-317.0
16.0,45.0,-100.0,165.0,56.0,268.0,-1605.0,-286.0,47.0,-257.0
11.0,-3.0,-33.0,150.0,162.0,25.0,-1595.0,-448.0,5.0,-190.0
33.0,-322.0,10.0,165.0,-94.0,-79.0,-332.0,-343.0,-32.0,-93.0
60.0,-468.0,-67.0,96.0,-68.0,-71.0,244.0,29.0,-68.0,-18.0
87.0,-413.0,-30.0,12.0,133.0,-169.0,175.0,31.0,-82.0,23.0
74.0,-193.0,-106.0,-51.0,11.0,-255.0,1071.0,-84.0,-76.0,75.0
96.0,-84.0,-94.0,-36.0,-4.0,-133.0,2180.0,-243.0,-92.0,113.0
87.0,-85.0,-50.0,17.0,52.0,-59.0,1973.0,-1.0,-119.0,124.0
79.0,191.0,-96.0,-76.0,-14.0,-168.0,463.0,325.0,-141.0,108.0
53.0,173.0,-50.0,-145.0,69.0,-174.0,3.0,253.0,-164.0,106.0
43.0,184.0,-73.0,-145.0,10.0,-102.0,1100.0,-40.0,-192.0,98.0
26.0,182.0,-89.0,-147.0,-99.0,-109.0,456.0,-432.0,-218.0,62.0
16.0,224.0,-127.0,-127.0,23.0,-98.0,-940.0,-467.0,-261.0,56.0
9.0,376.0,-121.0,0.0,19.0,104.0,-472.0,-256.0,-293.0,45.0
-8.0,337.0,-13.0,122.0,-104.0,201.0,381.0,81.0,-321.0,10.0
1.0,191.0,-12.0,183.0,-118.0,-49.0,402.0,103.0,-369.0,-3.0
-40.0,196.0,-38.0,198.0,-12.0,-171.0,-249.0,-14.0,-413.0,-11.0
-64.0,264.0,-33.0,143.0,28.0,-223.0,-587.0,88.0,-444.0,-45.0
-74.0,26.0,0.0,91.0,-98.0,-252.0,-420.0,9.0,-448.0,-99.0
-57.0,41.0,30.0,-10.0,-128.0,-119.0,-1182.0,158.0,-468.0,-134.0
-80.0,2.0,82.0,-60.0,-63.0,-208.0,-1837.0,279.0,-458.0,-139.0
-98.0,-123.0,80.0,-96.0,-51.0,-191.0,-1226.0,254.0,-423.0,-147.0
-104.0,-68.0,60.0,-121.0,-21.0,-231.0,247.0,421.0,-399.0,-175.0
-111.0,-82.0,129.0,-86.0,-58.0,-383.0,1472.0,424.0,-342.0,-191.0
-97.0,-143.0,109.0,-44.0,-102.0,-222.0,1185.0,293.0,-306.0,-183.0
-108.0,-18.0,135.0,44.0,-40.0,-235.0,70.0,-18.0,-284.0,-165.0
-80.0,62.0,171.0,117.0,-86.0,-459.0,-571.0,-271.0,-252.0,-148.0
-82.0,-266.0,193.0,84.0,-179.0,-549.0,241.0,-242.0,-195.0,-121.0
-74.0,-132.0,206.0,-62.0,-116.0,-355.0,1046.0,-42.0,-124.0,-87.0
-91.0,15.0,188.0,-192.0,60.0,-145.0,648.0,225.0,-64.0,-88.0
-82.0,17.0,212.0,-194.0,150.0,-217.0,507.0,84.0,9.0,-100.0
-60.0,75.0,149.0,-147.0,51.0,-409.0,917.0,88.0,66.0,-97.0
-40.0,142.0,150.0,-141.0,50.0,-402.0,1303.0,112.0,118.0,-139.0
-36.0,315.0,144.0,-59.0,182.0,-333.0,1263.0,-134.0,169.0,-190.0
-61.0,166.0,159.0,-38.0,114.0,-369.0,1037.0,-197.0,206.0,-216.0
-63.0,78.0,174.0,-120.0,-18.0,-252.0,694.0,-297.0,225.0,-219.0
-93.0,-133.0,125.0,-119.0,-1.0,-232.0,-832.0,-230.0,224.0,-214.0
-89.0,-117.0,98.0,-71.0,9.0,-223.0,-2238.0,-149.0,214.0,-199.0
-96.0,-49.0,11.0,-36.0,71.0,-249.0,-1180.0,24.0,212.0,-136.0
-69.0,-208.0,-12.0,-60.0,44.0,-444.0,844.0,97.0,194.0,-62.0
-93.0,-104.0,-48.0,-10.0,-39.0,-540.0,1469.0,18.0,170.0,6.0
-99.0,97.0,-59.0,-17.0,110.0,-600.0,-166.0,11.0,146.0,76.0
-88.0,304.0,-4.0,-100.0,48.0,-438.0,-2493.0,-48.0,91.0,148.0
-87.0,237.0,-41.0,-175.0,-125.0,-267.0,-2458.0,144.0,57.0,209.0
-61.0,378.0,-62.0,-208.0,-136.0,-285.0,-895.0,53.0,20.0,249.0
-75.0,430.0,-5.0,-157.0,-85.0,-112.0,-507.0,-120.0,-13.0,275.0
-37.0,145.0,-31.0,-55.0,63.0,32.0,-857.0,-5.0,-39.0,261.0
-38.0,77.0,-71.0,83.0,-23.0,-58.0,-408.0,3.0,-86.0,228.0
-13.0,-25.0,-13.0,-11.0,-123.0,-221.0,4.0,133.0,-123.0,190.0
-21.0,-129.0,-52.0,-107.0,11.0,-394.0,-17.0,144.0,-135.0,139.0
-11.0,-162.0,-106.0,-105.0,31.0,-350.0,590.0,-109.0,-148.0,106.0
15.0,-165.0,-113.0,-81.0,-53.0,-275.0,1229.0,-182.0,-167.0,50.0
-5.0,-205.0,-132.0,-62.0,-103.0,-392.0,500.0,-9.0,-147.0,-6.0
9.0,-27.0,-121.0,-141.0,-109.0,-310.0,-796.0,-5.0,-126.0,-22.0
31.0,178.0,-62.0,-167.0,0.0,-113.0,-768.0,-269.0,-91.0,-44.0
54.0,36.0,38.0,-221.0,36.0,-92.0,305.0,-234.0,-40.0,-69.0
41.0,-47.0,16.0,-222.0,-69.0,-73.0,1664.0,-341.0,1.0,-86.0
48.0,126.0,-35.0,-100.0,24.0,-54.0,1964.0,-271.0,36.0,-71.0
42.0,129.0,-31.0,38.0,73.0,-96.0,309.0,7.0,69.0,-61.0
40.0,-130.0,-63.0,87.0,8.0,-130.0,-883.0,-271.0,109.0,-53.0
9.0,77.0,-65.0,57.0,10.0,-268.0,-458.0,-153.0,139.0,-24.0
0.0,241.0,-53.0,4.0,-123.0,-204.0,488.0,77.0,162.0,-8.0
5.0,88.0,-90.0,-30.0,-22.0,-43.0,1120.0,-49.0,182.0,8.0
18.0,75.0,-110.0,-28.0,197.0,-43.0,1505.0,-210.0,209.0,9.0
21.0,-6.0,-102.0,-58.0,12.0,-7.0,1386.0,-206.0,224.0,-2.0
8.0,-169.0,-113.0,-36.0,12.0,-201.0,199.0,-197.0,224.0,9.0
41.0,-220.0,-125.0,-76.0,221.0,-168.0,-90.0,-190.0,203.0,21.0
49.0,19.0,-97.0,-98.0,112.0,-49.0,95.0,62.0,178.0,4.0
76.0,-162.0,-71.0,-48.0,46.0,-304.0,-665.0,-1.0,159.0,-11.0
52.0,-281.0,-83.0,-66.0,-5.0,-350.0,-1341.0,-66.0,100.0,-42.0
60.0,-21.0,-46.0,-51.0,23.0,-267.0,-1676.0,-94.0,65.0,-85.0
60.0,-85.0,15.0,-87.0,164.0,-120.0,-874.0,-251.0,40.0,-122.0
60.0,-39.0,1.0,-8.0,-6.0,-154.0,680.0,-116.0,8.0,-175.0
69.0,-123.0,-26.0,165.0,-15.0,-265.0,1276.0,120.0,12.0,-213.0
47.0,-125.0,2.0,176.0,82.0,54.0,-152.0,236.0,-4.0,-258.0
46.0,-135.0,11.0,152.0,56.0,175.0,-1667.0,5.0,-31.0,-291.0
11.0,-255.0,74.0,91.0,15.0,-40.0,-867.0,-485.0,-50.0,-318.0
19.0,-7.0,92.0,78.0,-175.0,-158.0,-67.0,-759.0,-72.0,-359.0
0.0,79.0,48.0,110.0,-129.0,-27.0,-478.0,-506.0,-80.0,-384.0
-1.0,-45.0,17.0,115.0,-26.0,118.0,-373.0,267.0,-91.0,-437.0
-11.0,-152.0,-10.0,171.0,-149.0,-68.0,-207.0,798.0,-111.0,-484.0
-33.0,6.0,25.0,193.0,-129.0,-157.0,-623.0,1005.0,-137.0,-495.0
-59.0,-27.0,-17.0,148.0,-60.0,137.0,94.0,694.0,-161.0,-501.0
-95.0,-147.0,0.0,97.0,-102.0,211.0,1190.0,-18.0,-189.0,-505.0
-123.0,69.0,22.0,25.0,-85.0,-52.0,582.0,-293.0,-211.0,-524.0
-167.0,32.0,-5.0,-8.0,-127.0,47.0,-808.0,-491.0,-199.0,-525.0
-173.0,-75.0,44.0,-24.0,-114.0,236.0,-1187.0,-384.0,-208.0,-499.0
-192.0,-115.0,48.0,-55.0,21.0,221.0,-76.0,-347.0,-201.0,-484.0
-193.0,-127.0,17.0,-18.0,0.0,190.0,1357.0,-485.0,-167.0,-477.0
-212.0,-98.0,8.0,-38.0,-6.0,29.0,2017.0,-363.0,-156.0,-439.0
-195.0,31.0,0.0,-58.0,-68.0,197.0,1035.0,-249.0,-141.0,-390.0
-219.0,44.0,15.0,-66.0,-17.0,340.0,-1252.0,-177.0,-122.0,-380.0
-226.0,-9.0,83.0,-141.0,147.0,306.0,-1856.0,-275.0,-100.0,-362.0
-193.0,151.0,68.0,-91.0,-60.0,540.0,-94.0,153.0,-68.0,-337.0
-198.0,238.0,64.0,-80.0,-86.0,514.0,922.0,820.0,-10.0,-336.0
-162.0,113.0,75.0,-135.0,103.0,424.0,391.0,861.0,63.0,-333.0
-164.0,-140.0,-2.0,-26.0,43.0,400.0,99.0,642.0,134.0,-325.0
-149.0,-101.0,-5.0,63.0,-42.0,181.0,135.0,513.0,179.0,-316.0
-144.0,-190.0,47.0,58.0,-92.0,91.0,396.0,158.0,220.0,-327.0
-139.0,-266.0,15.0,117.0,-46.0,143.0,1283.0,-229.0,249.0,-331.0
-125.0,-128.0,-13.0,203.0,58.0,294.0,1141.0,-229.0,248.0,-312.0
-108.0,-158.0,-58.0,278.0,-10.0,404.0,-405.0,-147.0,272.0,-293.0
-80.0,-1.0,-126.0,280.0,-125.0,331.0,-1570.0,317.0,281.0,-276.0
-71.0,57.0,-91.0,259.0,-42.0,427.0,-1819.0,687.0,273.0,-246.0
-70.0,56.0,-102.0,227.0,19.0,585.0,-1206.0,53.0,287.0,-181.0
-68.0,5.0,-100.0,89.0,-87.0,483.0,-360.0,-467.0,283.0,-94.0
-61.0,210.0,-73.0,41.0,-171.0,360.0,116.0,-596.0,292.0,-6.0
-52.0,266.0,-91.0,20.0,-93.0,281.0,141.0,-508.0,299.0,76.0
-19.0,-57.0,-75.0,-38.0,84.0,128.0,-188.0,55.0,283.0,173.0
-21.0,67.0,-93.0,-23.0,-46.0,47.0,20.0,513.0,263.0,260.0
0.0,24.0,-118.0,37.0,-186.0,48.0,598.0,879.0,230.0,339.0
0.0,-17.0,-85.0,41.0,-43.0,106.0,880.0,561.0,213.0,404.0
11.0,-112.0,-43.0,23.0,22.0,154.0,1238.0,62.0,203.0,423.0
14.0,-199.0,-19.0,41.0,3.0,20.0,1127.0,-155.0,189.0,419.0
-1.0,-71.0,58.0,13.0,-125.0,50.0,243.0,-482.0,167.0,402.0
26.0,-126.0,84.0,-18.0,-71.0,260.0,-22.0,-397.0,137.0,379.0
17.0,-156.0,110.0,-67.0,120.0,480.0,786.0,-288.0,117.0,335.0
29.0,-66.0,138.0,-144.0,-17.0,734.0,1363.0,-582.0,105.0,270.0
37.0,114.0,100.0,-169.0,-121.0,588.0,187.0,-1093.0,108.0,209.0
53.0,-77.0,116.0,-106.0,27.0,471.0,-1606.0,-594.0,118.0,159.0
57.0,-91.0,151.0,-51.0,84.0,530.0,-1468.0,360.0,136.0,98.0
60.0,-37.0,182.0,-55.0,104.0,252.0,-9.0,713.0,140.0,32.0
55.0,-164.0,180.0,-23.0,19.0,64.0,682.0,1108.0,130.0,-11.0
45.0,-43.0,168.0,16.0,-162.0,27.0,-10.0,1104.0,134.0,-35.0
62.0,7.0,160.0,26.0,54.0,20.0,-1283.0,400.0,150.0,-32.0
39.0,145.0,149.0,3.0,163.0,-11.0,-1821.0,-437.0,161.0,-30.0
25.0,194.0,112.0,-31.0,26.0,-254.0,-1229.0,-812.0,157.0,-18.0
11.0,235.0,147.0,-86.0,20.0,-199.0,-663.0,-748.0,159.0,9.0
9.0,217.0,192.0,-138.0,-33.0,160.0,-1319.0,-450.0,144.0,59.0
-7.0,98.0,128.0,-138.0,8.0,407.0,-1985.0,145.0,116.0,116.0
-16.0,105.0,165.0,-155.0,-55.0,511.0,-1362.0,509.0,96.0,149.0
-29.0,31.0,159.0,-169.0,-184.0,440.0,-914.0,515.0,75.0,189.0
-48.0,-82.0,130.0,-122.0,-49.0,279.0,-991.0,755.0,42.0,203.0
-52.0,-199.0,176.0,-53.0,66.0,264.0,63.0,537.0,-3.0,190.0
-75.0,-132.0,145.0,-25.0,-85.0,409.0,1293.0,168.0,-36.0,179.0
-56.0,-218.0,170.0,-41.0,-181.0,615.0,920.0,142.0,-44.0,161.0
-51.0,-437.0,153.0,-51.0,-53.0,709.0,-29.0,240.0,-68.0,119.0
-46.0,-389.0,78.0,10.0,3.0,354.0,-298.0,275.0,-89.0,74.0
-64.0,-115.0,57.0,105.0,-64.0,137.0,203.0,-254.0,-76.0,51.0
-71.0,24.0,49.0,72.0,-52.0,176.0,1243.0,-145.0,-67.0,24.0
-81.0,-129.0,90.0,-92.0,68.0,107.0,1787.0,-1.0,-72.0,9.0
-117.0,59.0,81.0,-261.0,27.0,153.0,780.0,-40.0,-47.0,14.0
-124.0,288.0,40.0,-311.0,-2.0,116.0,-621.0,173.0,-23.0,31.0
-158.0,268.0,-6.0,-242.0,4.0,333.0,-288.0,0.0,-13.0,33.0
-156.0,94.0,-27.0,-186.0,-43.0,405.0,765.0,-404.0,3.0,21.0
-152.0,15.0,-16.0,-77.0,95.0,66.0,1062.0,-816.0,2.0,43.0
-153.0,73.0,-15.0,43.0,165.0,35.0,1277.0,-508.0,2.0,60.0
-146.0,44.0,2.0,6.0,89.0,172.0,1196.0,-225.0,2.0,64.0
-172.0,-14.0,-36.0,-38.0,116.0,452.0,389.0,212.0,-8.0,61.0
-214.0,-142.0,-55.0,47.0,111.0,600.0,-134.0,611.0,-9.0,30.0
-278.0,145.0,-71.0,148.0,50.0,455.0,127.0,615.0,-19.0,26.0
-309.0,177.0,-119.0,151.0,61.0,289.0,67.0,848.0,-38.0,1.0
-341.0,15.0,-126.0,157.0,14.0,158.0,-168.0,753.0,-56.0,-50.0
-373.0,88.0,-109.0,172.0,100.0,19.0,-134.0,460.0,-68.0,-81.0
-367.0,-2.0,-103.0,110.0,143.0,-53.0,-673.0,-70.0,-82.0,-118.0
-367.0,91.0,-124.0,70.0,-35.0,-62.0,-1211.0,-424.0,-105.0,-140.0
-356.0,48.0,-92.0,58.0,20.0,-153.0,-592.0,-450.0,-110.0,-147.0
-350.0,-21.0,-57.0,-38.0,53.0,-175.0,405.0,-328.0,-119.0,-148.0
-338.0,-51.0,-22.0,-124.0,-81.0,-296.0,112.0,197.0,-113.0,-172.0
-315.0,69.0,3.0,-190.0,-77.0,-54.0,-529.0,934.0,-74.0,-189.0
-307.0,132.0,0.0,-258.0,-112.0,320.0,-786.0,1023.0,-53.0,-168.0
-270.0,-176.0,41.0,-162.0,-113.0,277.0,-1381.0,487.0,-31.0,-163.0
-234.0,59.0,65.0,-114.0,-5.0,360.0,-1142.0,99.0,-1.0,-160.0
-203.0,216.0,60.0,-179.0,-124.0,244.0,-250.0,-24.0,12.0,-164.0
-156.0,-70.0,86.0,-238.0,-151.0,183.0,-579.0,7.0,33.0,-140.0
-108.0,-94.0,70.0,-173.0,-2.0,278.0,-1703.0,-33.0,56.0,-99.0
-55.0,-151.0,36.0,11.0,-13.0,210.0,-1855.0,212.0,53.0,-100.0
-37.0,-314.0,97.0,69.0,11.0,294.0,-1176.0,325.0,41.0,-96.0
-18.0,-341.0,147.0,175.0,-64.0,246.0,-626.0,66.0,30.0,-72.0
4.0,-312.0,143.0,235.0,-57.0,110.0,-205.0,-360.0,8.0,-52.0
41.0,-367.0,57.0,218.0,158.0,-73.0,140.0,-275.0,-1.0,-41.0
71.0,-308.0,6.0,209.0,25.0,-356.0,318.0,81.0,-11.0,-11.0
61.0,-174.0,-10.0,117.0,10.0,-236.0,451.0,86.0,-43.0,14.0
51.0,-179.0,-39.0,107.0,158.0,-3.0,817.0,428.0,-78.0,7.0
41.0,38.0,16.0,101.0,10.0,-88.0,1296.0,450.0,-94.0,3.0
27.0,316.0,-21.0,121.0,15.0,-82.0,1589.0,208.0,-105.0,21.0
18.0,169.0,-14.0,168.0,8.0,-78.0,1011.0,72.0,-94.0,18.0
28.0,215.0,-4.0,103.0,-113.0,-155.0,-50.0,253.0,-75.0,-15.0
30.0,340.0,-11.0,31.0,-49.0,-6.0,162.0,267.0,-85.0,-14.0
36.0,165.0,30.0,-27.0,-18.0,47.0,1334.0,253.0,-87.0,22.0
41.0,86.0,22.0,-102.0,2.0,-59.0,1342.0,766.0,-84.0,51.0
45.0,-123.0,53.0,-148.0,97.0,-78.0,-82.0,753.0,-99.0,53.0
49.0,-107.0,85.0,-95.0,17.0,-179.0,-531.0,362.0,-86.0,88.0
31.0,-126.0,134.0,27.0,50.0,-150.0,-63.0,9.0,-82.0,150.0
26.0,-431.0,153.0,37.0,61.0,-50.0,-437.0,9.0,-105.0,175.0
12.0,-521.0,174.0,53.0,-138.0,-59.0,-813.0,-230.0,-101.0,203.0
3.0,-428.0,160.0,92.0,92.0,127.0,-774.0,-225.0,-104.0,259.0
-13.0,-183.0,115.0,76.0,199.0,156.0,-1094.0,356.0,-95.0,308.0
-27.0,-324.0,159.0,96.0,-30.0,179.0,-1561.0,277.0,-70.0,348.0
-11.0,-290.0,181.0,-18.0,23.0,110.0,-1414.0,295.0,-57.0,389.0
-7.0,-45.0,191.0,-95.0,69.0,-273.0,-1055.0,524.0,-28.0,444.0
-11.0,30.0,174.0,-57.0,25.0,-149.0,-471.0,352.0,-18.0,475.0
-21.0,125.0,130.0,-59.0,42.0,129.0,3.0,-51.0,-15.0,487.0
-5.0,159.0,128.0,-58.0,-18.0,145.0,-791.0,-230.0,-9.0,525.0
9.0,412.0,115.0,-38.0,-58.0,-26.0,-1598.0,-240.0,-18.0,561.0
7.0,299.0,77.0,58.0,-9.0,-259.0,-650.0,-489.0,-16.0,576.0
13.0,208.0,65.0,63.0,-85.0,-3.0,1025.0,-526.0,-26.0,597.0
12.0,297.0,84.0,-54.0,-104.0,221.0,743.0,-256.0,-45.0,652.0
21.0,198.0,66.0,-100.0,-7.0,60.0,-503.0,46.0,-57.0,680.0
25.0,180.0,50.0,-48.0,76.0,-47.0,-397.0,336.0,-73.0,680.0
30.0,188.0,0.0,10.0,49.0,-150.0,278.0,386.0,-82.0,702.0
46.0,139.0,-36.0,34.0,-134.0,-359.0,858.0,543.0,-100.0,735.0
52.0,-44.0,-21.0,55.0,-107.0,-518.0,1012.0,837.0,-130.0,732.0
74.0,181.0,-85.0,66.0,32.0,-611.0,319.0,587.0,-143.0,702.0
74.0,117.0,-78.0,107.0,51.0,-593.0,-11.0,18.0,-155.0,698.0
56.0,-188.0,-95.0,155.0,46.0,-251.0,494.0,-360.0,-124.0,680.0
40.0,-112.0,-122.0,159.0,56.0,-90.0,448.0,-280.0,-86.0,635.0
31.0,-208.0,-122.0,105.0,70.0,-117.0,339.0,7.0,-89.0,574.0
37.0,-362.0,-162.0,74.0,49.0,-118.0,518.0,395.0,-60.0,530.0
30.0,-322.0,-157.0,57.0,0.0,-334.0,-182.0,558.0,-34.0,486.0
17.0,-84.0,-191.0,-17.0,80.0,-230.0,-1511.0,206.0,-22.0,411.0
-1.0,-125.0,-142.0,-32.0,115.0,-181.0,-1920.0,164.0,5.0,355.0
-24.0,-86.0,-142.0,-30.0,-30.0,-348.0,-962.0,367.0,41.0,290.0
-32.0,-56.0,-175.0,-55.0,-7.0,-324.0,-504.0,243.0,59.0,197.0
-41.0,20.0,-198.0,20.0,34.0,-237.0,-997.0,-35.0,65.0,101.0
-33.0,136.0,-193.0,143.0,-25.0,100.0,-1105.0,94.0,63.0,48.0
-4.0,-152.0,-150.0,166.0,56.0,191.0,-804.0,114.0,24.0,8.0
4.0,-192.0,-137.0,90.0,96.0,24.0,-548.0,38.0,2.0,-58.0
28.0,-59.0,-98.0,-29.0,-2.0,56.0,78.0,253.0,-16.0,-99.0
30.0,170.0,-147.0,-76.0,-3.0,3.0,358.0,-131.0,-35.0,-110.0
46.0,-29.0,-68.0,-29.0,22.0,-244.0,-107.0,-197.0,-38.0,-131.0
82.0,-210.0,-66.0,-48.0,5.0,-411.0,-186.0,166.0,-41.0,-175.0
86.0,-140.0,-126.0,-60.0,-3.0,-398.0,-174.0,323.0,-38.0,-176.0
87.0,-245.0,-96.0,-85.0,15.0,-315.0,58.0,354.0,-22.0,-163.0
66.0,-229.0,-129.0,-66.0,27.0,-139.0,420.0,-59.0,4.0,-183.0
79.0,-267.0,-119.0,26.0,-27.0,125.0,105.0,-469.0,7.0,-183.0
78.0,7.0,-132.0,26.0,-26.0,298.0,-443.0,-859.0,39.0,-185.0
69.0,170.0,-139.0,6.0,42.0,69.0,-447.0,-450.0,72.0,-212.0
72.0,222.0,-174.0,31.0,91.0,-269.0,368.0,157.0,79.0,-258.0
47.0,261.0,-195.0,90.0,-73.0,-302.0,889.0,205.0,107.0,-293.0
50.0,315.0,-214.0,102.0,-113.0,-135.0,730.0,485.0,121.0,-301.0
33.0,515.0,-188.0,76.0,34.0,125.0,292.0,561.0,129.0,-344.0
34.0,418.0,-117.0,121.0,17.0,9.0,-318.0,620.0,141.0,-403.0
22.0,245.0,-161.0,202.0,29.0,-277.0,-375.0,436.0,157.0,-412.0
0.0,183.0,-194.0,187.0,-68.0,-198.0,-100.0,277.0,161.0,-404.0
13.0,285.0,-214.0,141.0,-27.0,-279.0,-319.0,234.0,158.0,-396.0
-1.0,78.0,-240.0,129.0,128.0,-336.0,-828.0,-138.0,147.0,-381.0
-25.0,-147.0,-258.0,110.0,-77.0,-212.0,-1151.0,-223.0,132.0,-334.0
-62.0,-16.0,-247.0,101.0,-202.0,-100.0,-1007.0,-312.0,125.0,-278.0
-91.0,-94.0,-233.0,91.0,-117.0,204.0,-632.0,33.0,93.0,-231.0
-88.0,-387.0,-252.0,22.0,-38.0,191.0,-407.0,650.0,61.0,-151.0
-74.0,-431.0,-267.0,-64.0,1.0,108.0,102.0,866.0,21.0,-62.0
-84.0,-244.0,-274.0,-84.0,-37.0,169.0,501.0,727.0,-30.0,22.0
-101.0,-365.0,-250.0,-95.0,22.0,27.0,295.0,169.0,-60.0,104.0
-95.0,-381.0,-273.0,-53.0,77.0,28.0,287.0,-142.0,-101.0,194.0
-102.0,-196.0,-260.0,-49.0,37.0,152.0,646.0,-622.0,-132.0,265.0
-88.0,-133.0,-215.0,-72.0,-19.0,235.0,892.0,-1051.0,-170.0,301.0
-80.0,-21.0,-231.0,-99.0,-31.0,164.0,596.0,-909.0,-211.0,339.0
-71.0,-41.0,-241.0,-132.0,60.0,44.0,26.0,-724.0,-246.0,369.0
-53.0,92.0,-257.0,-118.0,44.0,175.0,-199.0,-343.0,-296.0,382.0
-55.0,153.0,-249.0,-89.0,2.0,331.0,-32.0,-295.0,-303.0,380.0
-40.0,31.0,-213.0,-56.0,-36.0,251.0,154.0,-290.0,-317.0,365.0
-59.0,103.0,-174.0,-155.0,-12.0,160.0,-152.0,-57.0,-328.0,334.0
-64.0,34.0,-193.0,-173.0,111.0,108.0,-658.0,92.0,-326.0,282.0
-32.0,48.0,-181.0,-94.0,0.0,18.0,-696.0,269.0,-311.0,231.0
15.0,42.0,-136.0,-119.0,-161.0,0.0,-403.0,157.0,-271.0,186.0
79.0,-65.0,-131.0,-99.0,-68.0,34.0,-553.0,291.0,-267.0,123.0
126.0,-174.0,-92.0,-57.0,13.0,244.0,-1048.0,375.0,-239.0,58.0
158.0,-274.0,-86.0,-129.0,-77.0,504.0,-1281.0,158.0,-229.0,7.0
152.0,-126.0,-72.0,-168.0,-74.0,390.0,-1252.0,84.0,-222.0,-6.0
167.0,-2.0,-57.0,-137.0,27.0,118.0,-1261.0,109.0,-175.0,-15.0
172.0,-19.0,-60.0,-145.0,65.0,-29.0,-1288.0,105.0,-136.0,-17.0
173.0,61.0,-74.0,-95.0,-26.0,-45.0,-728.0,22.0,-74.0,23.0
206.0,120.0,-110.0,-46.0,-93.0,79.0,28.0,251.0,-23.0,54.0
224.0,27.0,-59.0,-76.0,-24.0,18.0,340.0,177.0,21.0,71.0
276.0,75.0,-42.0,-80.0,59.0,29.0,662.0,-164.0,62.0,104.0
312.0,11.0,-81.0,0.0,12.0,239.0,1210.0,-384.0,93.0,156.0
315.0,33.0,-45.0,29.0,-24.0,331.0,1684.0,-465.0,129.0,183.0
314.0,19.0,-27.0,-19.0,33.0,375.0,1899.0,66.0,171.0,189.0
296.0,-19.0,-47.0,-20.0,32.0,255.0,1664.0,598.0,217.0,216.0
292.0,79.0,-47.0,29.0,55.0,229.0,1065.0,585.0,241.0,239.0
285.0,47.0,-58.0,55.0,-41.0,304.0,774.0,142.0,259.0,239.0
282.0,198.0,-130.0,29.0,-43.0,223.0,585.0,-114.0,256.0,240.0
303.0,136.0,-133.0,-31.0,21.0,215.0,32.0,-240.0,266.0,241.0
319.0,274.0,-71.0,-108.0,-24.0,277.0,-362.0,-750.0,282.0,220.0
322.0,195.0,-147.0,-124.0,49.0,262.0,-727.0,-1036.0,252.0,188.0
288.0,61.0,-161.0,-93.0,20.0,253.0,-932.0,-1071.0,228.0,175.0
244.0,186.0,-177.0,-107.0,5.0,218.0,-864.0,-920.0,194.0,165.0
198.0,-177.0,-234.0,-150.0,72.0,175.0,-1158.0,-332.0,176.0,131.0
151.0,-151.0,-208.0,-135.0,-40.0,282.0,-1192.0,208.0,173.0,108.0
116.0,-149.0,-239.0,-80.0,-51.0,190.0,-846.0,428.0,139.0,108.0
69.0,-138.0,-279.0,-73.0,149.0,-51.0,-682.0,513.0,108.0,103.0
84.0,-53.0,-303.0,-45.0,82.0,24.0,-422.0,474.0,77.0,71.0
98.0,-68.0,-295.0,-17.0,31.0,171.0,-225.0,97.0,23.0,52.0
89.0,67.0,-284.0,-93.0,35.0,246.0,-184.0,-384.0,-22.0,65.0
59.0,27.0,-273.0,-144.0,-110.0,142.0,-80.0,-583.0,-53.0,59.0
10.0,130.0,-312.0,-171.0,97.0,-16.0,105.0,-615.0,-85.0,37.0
-13.0,67.0,-284.0,-179.0,101.0,52.0,325.0,-448.0,-114.0,36.0
-45.0,63.0,-242.0,-145.0,-170.0,-47.0,352.0,186.0,-115.0,35.0
-29.0,169.0,-271.0,-96.0,1.0,45.0,166.0,1067.0,-105.0,5.0
-43.0,55.0,-219.0,-14.0,102.0,335.0,-144.0,1457.0,-103.0,-17.0
-36.0,-130.0,-252.0,31.0,-57.0,406.0,-162.0,1215.0,-93.0,-37.0
-7.0,-167.0,-224.0,88.0,-77.0,484.0,21.0,705.0,-76.0,-79.0
-7.0,48.0,-232.0,73.0,-54.0,467.0,257.0,75.0,-43.0,-149.0
-13.0,79.0,-291.0,67.0,72.0,517.0,617.0,-365.0,-10.0,-198.0
-55.0,16.0,-217.0,118.0,1.0,552.0,396.0,-582.0,11.0,-217.0
-46.0,-31.0,-169.0,67.0,-217.0,368.0,183.0,-814.0,37.0,-264.0
-57.0,-48.0,-174.0,69.0,8.0,203.0,318.0,-776.0,37.0,-295.0
-70.0,-23.0,-174.0,67.0,101.0,223.0,345.0,-705.0,34.0,-308.0
-81.0,-13.0,-181.0,-27.0,-65.0,333.0,749.0,-753.0,8.0,-313.0
-82.0,-139.0,-202.0,-123.0,-70.0,473.0,949.0,-558.0,-14.0,-316.0
-73.0,-167.0,-156.0,-177.0,-65.0,498.0,431.0,-343.0,-7.0,-316.0
-112.0,-108.0,-155.0,-145.0,-28.0,342.0,76.0,-173.0,-21.0,-301.0
-112.0,-108.0,-157.0,-131.0,20.0,258.0,144.0,-375.0,-27.0,-300.0
-129.0,-19.0,-152.0,-155.0,-99.0,143.0,340.0,-447.0,-33.0,-291.0
-154.0,-49.0,-163.0,-146.0,-100.0,238.0,134.0,-179.0,-47.0,-263.0
-186.0,80.0,-157.0,-174.0,83.0,414.0,-445.0,-192.0,-52.0,-256.0
-220.0,10.0,-188.0,-179.0,100.0,326.0,-779.0,-304.0,-55.0,-290.0
-219.0,-96.0,-197.0,-71.0,26.0,212.0,-846.0,-502.0,-61.0,-312.0
-246.0,25.0,-182.0,0.0,-90.0,0.0,-620.0,-315.0,-73.0,-323.0
-250.0,81.0,-181.0,24.0,-43.0,-63.0,-690.0,112.0,-86.0,-354.0
-238.0,102.0,-207.0,15.0,19.0,188.0,-973.0,644.0,-100.0,-377.0
-228.0,-94.0,-145.0,-71.0,-123.0,285.0,-835.0,984.0,-107.0,-374.0
-201.0,19.0,-119.0,-52.0,-137.0,104.0,-603.0,764.0,-111.0,-331.0
-218.0,84.0,-129.0,-69.0,16.0,-7.0,-431.0,410.0,-110.0,-289.0
-208.0,15.0,-48.0,-86.0,104.0,72.0,-153.0,-168.0,-110.0,-236.0
-184.0,85.0,-59.0,-53.0,7.0,206.0,202.0,-524.0,-121.0,-165.0
-186.0,158.0,-107.0,-58.0,-75.0,241.0,386.0,-921.0,-117.0,-94.0
-158.0,382.0,0.0,-40.0,-34.0,276.0,501.0,-964.0,-99.0,-47.0
-149.0,163.0,101.0,-123.0,74.0,369.0,490.0,-367.0,-87.0,-21.0
-120.0,106.0,76.0,-147.0,-17.0,391.0,573.0,88.0,-61.0,25.0
-88.0,305.0,116.0,-218.0,-122.0,448.0,874.0,491.0,-51.0,39.0
-74.0,102.0,108.0,-262.0,28.0,536.0,768.0,454.0,-49.0,37.0
-60.0,24.0,114.0,-174.0,94.0,539.0,434.0,264.0,-25.0,38.0
-62.0,-46.0,150.0,-107.0,57.0,444.0,423.0,-73.0,-12.0,39.0
-31.0,-136.0,92.0,-105.0,10.0,304.0,666.0,-478.0,16.0,32.0
-5.0,-118.0,95.0,-185.0,19.0,217.0,819.0,-548.0,41.0,22.0
-5.0,-33.0,67.0,-132.0,91.0,243.0,715.0,-532.0,71.0,45.0
-4.0,-123.0,99.0,-113.0,44.0,271.0,771.0,-121.0,121.0,55.0
6.0,-123.0,83.0,-67.0,-94.0,233.0,786.0,145.0,137.0,74.0
21.0,117.0,38.0,58.0,-6.0,246.0,462.0,219.0,178.0,110.0
17.0,-155.0,62.0,137.0,126.0,347.0,626.0,234.0,201.0,165.0
25.0,-171.0,-17.0,124.0,80.0,434.0,597.0,212.0,186.0,215.0
30.0,171.0,18.0,38.0,7.0,254.0,-187.0,432.0,196.0,229.0
25.0,217.0,35.0,38.0,-74.0,114.0,-652.0,273.0,194.0,265.0
43.0,172.0,20.0,82.0,4.0,174.0,-543.0,62.0,192.0,299.0
60.0,101.0,40.0,137.0,56.0,70.0,-292.0,-225.0,175.0,326.0
73.0,104.0,-47.0,132.0,-33.0,-10.0,-88.0,-362.0,145.0,330.0
98.0,115.0,-72.0,59.0,-60.0,-79.0,-30.0,86.0,109.0,336.0
131.0,0.0,-63.0,-32.0,-1.0,-148.0,-294.0,258.0,81.0,348.0
138.0,-128.0,-21.0,-48.0,78.0,-115.0,-609.0,109.0,48.0,316.0
112.0,-67.0,14.0,44.0,35.0,-114.0,-565.0,-105.0,10.0,300.0
95.0,-66.0,-19.0,99.0,-42.0,-85.0,-300.0,-109.0,-5.0,282.0
90.0,-28.0,-9.0,106.0,42.0,-140.0,-349.0,-51.0,-30.0,231.0
93.0,84.0,-33.0,166.0,36.0,-336.0,-508.0,1.0,-37.0,179.0
123.0,155.0,-31.0,153.0,-131.0,-384.0,-646.0,35.0,-46.0,149.0
152.0,156.0,10.0,114.0,-41.0,-402.0,-838.0,-83.0,-45.0,118.0
158.0,37.0,-10.0,210.0,-64.0,-444.0,-449.0,169.0,-47.0,73.0
126.0,49.0,22.0,206.0,-70.0,-183.0,160.0,467.0,-60.0,37.0
109.0,-18.0,29.0,145.0,115.0,-13.0,429.0,576.0,-48.0,33.0
94.0,-32.0,63.0,112.0,-108.0,21.0,403.0,521.0,-48.0,40.0
60.0,2.0,106.0,27.0,-82.0,83.0,246.0,532.0,-45.0,13.0
35.0,-109.0,85.0,-49.0,131.0,-1.0,394.0,661.0,-40.0,0.0
14.0,-119.0,120.0,-45.0,-16.0,82.0,963.0,437.0,-19.0,-13.0
60.0,-66.0,118.0,-44.0,-14.0,81.0,1455.0,149.0,-12.0,-48.0
81.0,-86.0,90.0,-76.0,19.0,-52.0,1258.0,-402.0,0.0,-100.0
72.0,-230.0,119.0,-73.0,1.0,43.0,936.0,-934.0,32.0,-139.0
45.0,-114.0,153.0,-80.0,85.0,38.0,1140.0,-921.0,41.0,-162.0
9.0,53.0,120.0,-51.0,16.0,-36.0,1285.0,-807.0,80.0,-228.0
10.0,-44.0,99.0,-51.0,7.0,35.0,1107.0,-624.0,94.0,-266.0
-22.0,32.0,35.0,-7.0,111.0,-2.0,1071.0,-325.0,99.0,-269.0
-30.0,4.0,33.0,33.0,-47.0,-70.0,869.0,227.0,119.0,-310.0
-32.0,-78.0,96.0,3.0,-21.0,-217.0,183.0,644.0,116.0,-347.0
-8.0,-131.0,52.0,50.0,40.0,-290.0,-300.0,788.0,126.0,-366.0
0.0,-231.0,30.0,120.0,-120.0,-24.0,-529.0,929.0,167.0,-388.0
-17.0,-184.0,23.0,152.0,-3.0,94.0,-667.0,759.0,198.0,-413.0
-34.0,-153.0,2.0,158.0,-57.0,124.0,-701.0,543.0,201.0,-448.0
-59.0,-22.0,14.0,215.0,-63.0,162.0,-738.0,168.0,209.0,-463.0
-43.0,-32.0,4.0,246.0,100.0,56.0,-674.0,-314.0,201.0,-490.0
-68.0,-37.0,11.0,256.0,-58.0,53.0,-498.0,-545.0,208.0,-521.0
-80.0,161.0,29.0,201.0,6.0,45.0,79.0,-509.0,207.0,-498.0
-81.0,197.0,-32.0,52.0,51.0,-75.0,634.0,-182.0,197.0,-476.0
-81.0,34.0,12.0,-48.0,-36.0,36.0,498.0,-22.0,193.0,-458.0
-82.0,-45.0,8.0,-86.0,60.0,127.0,124.0,194.0,173.0,-422.0
-84.0,151.0,0.0,-58.0,14.0,-52.0,-73.0,321.0,159.0,-354.0
-73.0,272.0,23.0,-25.0,-47.0,-166.0,-136.0,423.0,124.0,-285.0
-84.0,232.0,-23.0,59.0,27.0,-343.0,71.0,777.0,97.0,-250.0
-67.0,411.0,36.0,71.0,53.0,-300.0,499.0,672.0,65.0,-194.0
-58.0,551.0,9.0,10.0,-15.0,-184.0,601.0,173.0,32.0,-155.0
-32.0,321.0,3.0,-38.0,-7.0,-233.0,300.0,-465.0,19.0,-127.0
-10.0,342.0,-9.0,-118.0,-3.0,-111.0,-96.0,-517.0,-7.0,-86.0
-10.0,257.0,-65.0,-131.0,30.0,-200.0,-191.0,-36.0,-16.0,-58.0
5.0,83.0,-85.0,-112.0,-7.0,-353.0,235.0,339.0,-18.0,-16.0
-6.0,199.0,-53.0,-64.0,-168.0,-375.0,861.0,796.0,-35.0,8.0
-15.0,80.0,-20.0,-16.0,-14.0,-292.0,1284.0,966.0,-35.0,24.0
8.0,-90.0,-71.0,73.0,17.0,-78.0,956.0,689.0,-31.0,59.0
45.0,-127.0,-60.0,160.0,-67.0,-58.0,122.0,-210.0,-35.0,84.0
75.0,113.0,-84.0,235.0,6.0,-220.0,-414.0,-1143.0,-26.0,110.0
97.0,72.0,-44.0,273.0,-45.0,-335.0,-279.0,-1395.0,-14.0,152.0
121.0,-93.0,-55.0,177.0,34.0,-363.0,616.0,-977.0,-8.0,195.0
124.0,-45.0,-63.0,110.0,-3.0,-276.0,1229.0,44.0,-10.0,214.0
122.0,-97.0,-19.0,57.0,-181.0,-260.0,626.0,716.0,-2.0,224.0
112.0,-35.0,-99.0,6.0,-44.0,-459.0,-589.0,929.0,3.0,230.0
89.0,-146.0,-72.0,7.0,75.0,-271.0,-1210.0,818.0,12.0,217.0
66.0,-72.0,-65.0,90.0,10.0,-93.0,-787.0,452.0,22.0,181.0
46.0,3.0,-77.0,149.0,59.0,-367.0,-54.0,397.0,28.0,132.0
61.0,-32.0,-40.0,111.0,71.0,-421.0,181.0,277.0,53.0,105.0
82.0,-94.0,-72.0,42.0,25.0,-400.0,-293.0,288.0,49.0,58.0
79.0,-225.0,-100.0,-34.0,108.0,-338.0,-871.0,327.0,61.0,2.0
67.0,49.0,-55.0,-126.0,-5.0,-323.0,-839.0,35.0,80.0,-31.0
60.0,59.0,-22.0,-173.0,-63.0,-612.0,24.0,-230.0,74.0,-63.0
61.0,-39.0,-105.0,-118.0,69.0,-581.0,1123.0,-406.0,88.0,-88.0
40.0,-46.0,-87.0,-117.0,25.0,-269.0,1436.0,-140.0,100.0,-119.0
15.0,-37.0,-64.0,-36.0,47.0,-206.0,1251.0,194.0,134.0,-146.0
4.0,108.0,-102.0,173.0,81.0,-194.0,883.0,474.0,168.0,-150.0
2.0,66.0,-66.0,332.0,26.0,-352.0,437.0,463.0,193.0,-125.0
1.0,106.0,-77.0,381.0,49.0,-429.0,442.0,-62.0,203.0,-79.0
-4.0,136.0,-34.0,293.0,8.0,-280.0,682.0,-271.0,201.0,-46.0
0.0,21.0,-19.0,155.0,-117.0,-378.0,717.0,-308.0,209.0,-28.0
-7.0,19.0,-52.0,58.0,-118.0,-237.0,340.0,59.0,210.0,-3.0
1.0,159.0,-64.0,57.0,2.0,-119.0,36.0,657.0,198.0,28.0
-8.0,123.0,-74.0,45.0,19.0,-191.0,71.0,824.0,185.0,66.0
-25.0,99.0,-58.0,51.0,-56.0,41.0,42.0,631.0,183.0,60.0
-4.0,135.0,-72.0,86.0,-50.0,100.0,-144.0,49.0,150.0,46.0
-16.0,9.0,-94.0,15.0,30.0,-179.0,-615.0,-367.0,116.0,63.0
20.0,-53.0,-189.0,-105.0,-67.0,-471.0,-1000.0,-703.0,85.0,72.0
38.0,11.0,-173.0,-246.0,-155.0,-571.0,-623.0,-763.0,57.0,72.0
21.0,69.0,-87.0,-272.0,-11.0,-416.0,294.0,-201.0,47.0,37.0
-18.0,-69.0,-100.0,-189.0,-31.0,-348.0,727.0,293.0,27.0,21.0
-49.0,93.0,-87.0,-120.0,-31.0,-726.0,531.0,491.0,40.0,11.0
-24.0,53.0,-100.0,-53.0,6.0,-855.0,168.0,293.0,53.0,-6.0
-45.0,-137.0,-113.0,-24.0,-30.0,-659.0,-229.0,-75.0,74.0,-16.0
-46.0,143.0,-16.0,13.0,81.0,-538.0,-206.0,-441.0,100.0,-54.0
-82.0,3.0,87.0,62.0,26.0,-392.0,34.0,-408.0,120.0,-73.0
-88.0,-187.0,81.0,137.0,-39.0,-521.0,60.0,147.0,157.0,-94.0
-71.0,-205.0,96.0,153.0,39.0,-453.0,119.0,406.0,163.0,-100.0
-96.0,6.0,90.0,108.0,52.0,-317.0,228.0,445.0,202.0,-87.0
-118.0,119.0,88.0,30.0,-7.0,-388.0,176.0,489.0,233.0,-89.0
-143.0,-47.0,126.0,-129.0,-10.0,-327.0,233.0,497.0,225.0,-85.0
-141.0,70.0,119.0,-181.0,2.0,-449.0,517.0,421.0,237.0,-64.0
-164.0,-65.0,149.0,-126.0,17.0,-507.0,165.0,334.0,222.0,-33.0
-159.0,-70.0,136.0,-77.0,124.0,-299.0,-402.0,238.0,208.0,-31.0
-151.0,-176.0,154.0,-109.0,-29.0,-262.0,-4.0,-86.0,202.0,-42.0
-141.0,-274.0,191.0,-84.0,-57.0,-294.0,407.0,-219.0,185.0,-39.0
-146.0,-178.0,146.0,51.0,102.0,-359.0,418.0,-197.0,179.0,-29.0
-152.0,-285.0,137.0,128.0,13.0,-533.0,565.0,-120.0,172.0,-48.0
-136.0,-70.0,144.0,155.0,-9.0,-343.0,382.0,-22.0,155.0,-65.0
-143.0,-174.0,146.0,96.0,-24.0,-332.0,324.0,-3.0,143.0,-52.0
-137.0,-88.0,154.0,114.0,-13.0,-411.0,738.0,147.0,143.0,-67.0
-134.0,204.0,101.0,180.0,64.0,-186.0,824.0,0.0,131.0,-72.0
-107.0,91.0,85.0,214.0,16.0,-227.0,464.0,-79.0,105.0,-74.0
-117.0,45.0,130.0,262.0,-35.0,-33.0,43.0,-20.0,88.0,-103.0
-117.0,5.0,99.0,249.0,54.0,117.0,44.0,-109.0,72.0,-119.0
-101.0,219.0,96.0,260.0,81.0,14.0,294.0,212.0,67.0,-147.0
-84.0,208.0,67.0,262.0,-70.0,-4.0,157.0,450.0,61.0,-177.0
-73.0,185.0,15.0,239.0,-23.0,-108.0,105.0,454.0,49.0,-191.0
-67.0,320.0,53.0,207.0,51.0,-27.0,-274.0,363.0,39.0,-200.0
-11.0,176.0,49.0,230.0,-28.0,12.0,-1546.0,190.0,19.0,-196.0
3.0,299.0,79.0,279.0,11.0,-231.0,-2034.0,-73.0,20.0,-175.0
28.0,320.0,81.0,266.0,9.0,-269.0,-1326.0,-561.0,34.0,-144.0
31.0,-43.0,51.0,215.0,-30.0,-4.0,-327.0,-611.0,45.0,-112.0
50.0,-12.0,123.0,89.0,-1.0,-19.0,629.0,-500.0,62.0,-72.0
83.0,82.0,147.0,0.0,-3.0,-157.0,848.0,-243.0,74.0,-52.0
93.0,-171.0,204.0,29.0,-17.0,-300.0,232.0,299.0,73.0,-48.0
93.0,-239.0,249.0,52.0,-29.0,-332.0,74.0,630.0,71.0,-54.0
58.0,-230.0,242.0,60.0,14.0,-35.0,802.0,759.0,59.0,-65.0
88.0,-145.0,286.0,92.0,21.0,22.0,1206.0,424.0,52.0,-68.0
81.0,-275.0,258.0,38.0,-57.0,2.0,1210.0,-88.0,75.0,-86.0
74.0,-193.0,270.0,-12.0,-9.0,-29.0,993.0,-554.0,80.0,-120.0
55.0,-128.0,275.0,-31.0,105.0,-166.0,229.0,-598.0,86.0,-137.0
35.0,-313.0,250.0,2.0,43.0,-154.0,-259.0,-25.0,72.0,-132.0
31.0,146.0,275.0,99.0,-17.0,-237.0,-24.0,445.0,48.0,-151.0
-1.0,-19.0,232.0,140.0,23.0,-426.0,597.0,883.0,48.0,-169.0
14.0,-181.0,197.0,181.0,19.0,-398.0,628.0,1090.0,43.0,-184.0
-11.0,57.0,192.0,198.0,29.0,-306.0,-328.0,975.0,45.0,-192.0
-20.0,27.0,157.0,78.0,-31.0,-229.0,-947.0,574.0,40.0,-175.0
-41.0,58.0,123.0,-29.0,-38.0,-83.0,-704.0,-46.0,59.0,-163.0
-51.0,-48.0,129.0,59.0,36.0,-227.0,149.0,-415.0,72.0,-142.0
-63.0,42.0,102.0,135.0,-30.0,-276.0,262.0,-755.0,64.0,-139.0
-94.0,-8.0,108.0,207.0,-9.0,-275.0,-915.0,-707.0,85.0,-124.0
-91.0,105.0,96.0,307.0,5.0,-240.0,-1705.0,-301.0,100.0,-96.0
-101.0,166.0,25.0,345.0,-65.0,154.0,-1252.0,118.0,105.0,-88.0
-66.0,182.0,108.0,338.0,-16.0,143.0,-116.0,622.0,120.0,-92.0
-83.0,397.0,74.0,310.0,-5.0,99.0,139.0,676.0,122.0,-104.0
-88.0,146.0,-14.0,284.0,-69.0,213.0,112.0,351.0,88.0,-112.0
-95.0,191.0,33.0,214.0,-45.0,131.0,-81.0,-53.0,46.0,-123.0
-109.0,212.0,53.0,173.0,23.0,200.0,-785.0,-230.0,15.0,-142.0
-109.0,123.0,103.0,120.0,48.0,83.0,-67.0,-212.0,-20.0,-148.0
-113.0,283.0,82.0,58.0,5.0,-144.0,1084.0,-173.0,-60.0,-151.0
-94.0,281.0,72.0,-16.0,-16.0,-160.0,1511.0,144.0,-100.0,-172.0
-99.0,187.0,118.0,-101.0,40.0,-303.0,1010.0,314.0,-132.0,-162.0
-91.0,79.0,105.0,-83.0,3.0,-349.0,-249.0,264.0,-148.0,-143.0
-104.0,29.0,143.0,-16.0,-69.0,-46.0,-413.0,120.0,-178.0,-135.0
-116.0,-224.0,143.0,20.0,-17.0,179.0,356.0,0.0,-215.0,-130.0
-135.0,-252.0,70.0,0.0,69.0,400.0,1131.0,20.0,-216.0,-110.0
-135.0,-66.0,99.0,68.0,66.0,355.0,1207.0,27.0,-224.0,-51.0
-121.0,-196.0,100.0,200.0,14.0,139.0,454.0,97.0,-226.0,-22.0
-103.0,-263.0,26.0,204.0,6.0,287.0,-317.0,-77.0,-208.0,8.0
-86.0,-20.0,94.0,118.0,19.0,183.0,-701.0,-240.0,-181.0,56.0
-85.0,140.0,97.0,83.0,-32.0,171.0,-322.0,-206.0,-155.0,84.0
-64.0,37.0,35.0,159.0,-45.0,341.0,155.0,173.0,-141.0,117.0
-58.0,36.0,132.0,156.0,44.0,281.0,423.0,654.0,-117.0,149.0
-57.0,95.0,142.0,76.0,-2.0,321.0,-103.0,600.0,-84.0,159.0
-61.0,205.0,89.0,106.0,-10.0,232.0,-1258.0,729.0,-44.0,158.0
-25.0,155.0,134.0,171.0,70.0,111.0,-1302.0,583.0,-14.0,148.0
-11.0,123.0,151.0,27.0,-43.0,104.0,-871.0,206.0,14.0,146.0
0.0,216.0,171.0,-220.0,-44.0,60.0,-551.0,234.0,54.0,164.0
11.0,197.0,163.0,-160.0,63.0,144.0,-648.0,234.0,63.0,146.0
34.0,134.0,94.0,-13.0,-26.0,386.0,-1016.0,347.0,89.0,114.0
79.0,2.0,168.0,32.0,-48.0,344.0,-391.0,138.0,123.0,103.0
73.0,63.0,198.0,67.0,77.0,223.0,437.0,64.0,127.0,98.0
87.0,162.0,133.0,93.0,72.0,210.0,162.0,214.0,134.0,70.0
76.0,127.0,214.0,211.0,44.0,64.0,-470.0,64.0,123.0,35.0
89.0,-85.0,183.0,242.0,37.0,202.0,-127.0,267.0,105.0,31.0
89.0,-18.0,158.0,207.0,-18.0,117.0,458.0,504.0,86.0,-4.0
83.0,135.0,230.0,183.0,64.0,-152.0,350.0,373.0,49.0,-48.0
83.0,4.0,160.0,129.0,59.0,-152.0,422.0,-1.0,24.0,-74.0
68.0,-41.0,179.0,38.0,-69.0,-225.0,380.0,-18.0,-20.0,-108.0
106.0,-206.0,244.0,-44.0,2.0,-116.0,-41.0,262.0,-80.0,-148.0
120.0,-49.0,174.0,-42.0,67.0,-125.0,60.0,291.0,-97.0,-207.0
144.0,69.0,156.0,-100.0,2.0,-137.0,125.0,299.0,-122.0,-248.0
160.0,-151.0,175.0,-36.0,4.0,-2.0,557.0,140.0,-144.0,-276.0
170.0,-51.0,141.0,184.0,-10.0,-131.0,1080.0,-38.0,-137.0,-332.0
203.0,13.0,165.0,276.0,-39.0,-264.0,803.0,-312.0,-136.0,-365.0
229.0,-94.0,151.0,273.0,71.0,-256.0,36.0,-253.0,-117.0,-354.0
228.0,-112.0,103.0,231.0,20.0,-126.0,-760.0,219.0,-96.0,-351.0
221.0,-133.0,105.0,103.0,-59.0,143.0,-158.0,199.0,-67.0,-355.0
232.0,-18.0,81.0,-55.0,101.0,397.0,353.0,188.0,-30.0,-322.0
264.0,102.0,107.0,-111.0,118.0,438.0,-271.0,229.0,-11.0,-270.0
275.0,-8.0,94.0,-38.0,-7.0,411.0,-507.0,223.0,18.0,-232.0
255.0,15.0,77.0,-22.0,-39.0,188.0,-409.0,162.0,46.0,-194.0
251.0,82.0,95.0,-163.0,-29.0,-70.0,-606.0,-68.0,68.0,-131.0
234.0,179.0,40.0,-294.0,-67.0,-176.0,-945.0,-27.0,94.0,-67.0
233.0,98.0,51.0,-374.0,-42.0,-271.0,-485.0,-218.0,99.0,-38.0
219.0,26.0,52.0,-384.0,-20.0,-8.0,156.0,-203.0,104.0,-14.0
229.0,266.0,59.0,-283.0,-48.0,133.0,369.0,378.0,121.0,14.0
219.0,86.0,84.0,-62.0,14.0,108.0,627.0,737.0,106.0,35.0
208.0,-8.0,26.0,161.0,10.0,199.0,323.0,650.0,95.0,48.0
223.0,24.0,36.0,204.0,-75.0,149.0,-38.0,295.0,94.0,43.0
205.0,-6.0,71.0,113.0,-74.0,87.0,99.0,216.0,82.0,30.0
205.0,51.0,74.0,-9.0,-10.0,-20.0,-143.0,92.0,60.0,13.0
146.0,-132.0,51.0,-33.0,-10.0,-127.0,-577.0,92.0,35.0,-3.0
131.0,9.0,57.0,16.0,-21.0,-200.0,-658.0,388.0,25.0,-6.0
126.0,177.0,36.0,85.0,6.0,-139.0,48.0,460.0,16.0,3.0
112.0,182.0,2.0,207.0,71.0,18.0,640.0,240.0,1.0,7.0
103.0,177.0,27.0,333.0,80.0,159.0,185.0,-253.0,2.0,15.0
70.0,73.0,-7.0,373.0,-38.0,204.0,-63.0,-153.0,3.0,48.0
82.0,77.0,-44.0,321.0,-56.0,169.0,-171.0,-73.0,12.0,82.0
66.0,-79.0,-37.0,176.0,44.0,39.0,-265.0,-184.0,19.0,76.0
70.0,-186.0,-19.0,31.0,66.0,-231.0,-182.0,230.0,13.0,82.0
45.0,-214.0,-72.0,-45.0,18.0,-27.0,-396.0,321.0,13.0,109.0
43.0,-236.0,-55.0,-85.0,64.0,294.0,-411.0,182.0,12.0,101.0
51.0,-339.0,-92.0,-34.0,27.0,443.0,-101.0,16.0,22.0,84.0
52.0,-531.0,-173.0,48.0,-51.0,655.0,117.0,3.0,30.0,45.0
57.0,-435.0,-99.0,143.0,32.0,599.0,176.0,131.0,11.0,22.0
23.0,-266.0,-124.0,132.0,-2.0,440.0,347.0,-9.0,-11.0,-1.0
33.0,-305.0,-89.0,34.0,-39.0,196.0,252.0,-92.0,-12.0,-46.0
20.0,-381.0,-68.0,17.0,43.0,80.0,-420.0,-145.0,-20.0,-69.0
17.0,-238.0,-67.0,133.0,-34.0,204.0,-871.0,-432.0,-22.0,-104.0
0.0,-39.0,49.0,348.0,-56.0,284.0,-643.0,-781.0,-11.0,-120.0
32.0,215.0,34.0,454.0,29.0,385.0,-292.0,-421.0,-26.0,-113.0
59.0,170.0,14.0,369.0,-9.0,505.0,208.0,319.0,-8.0,-95.0
47.0,32.0,62.0,145.0,7.0,381.0,810.0,648.0,6.0,-82.0
50.0,264.0,101.0,-83.0,-9.0,103.0,416.0,752.0,7.0,-65.0
27.0,241.0,138.0,-304.0,3.0,67.0,-539.0,618.0,22.0,-18.0
53.0,162.0,164.0,-432.0,86.0,98.0,-497.0,469.0,13.0,20.0
55.0,221.0,137.0,-333.0,9.0,298.0,-22.0,134.0,34.0,42.0
68.0,271.0,153.0,-221.0,-18.0,342.0,-383.0,-177.0,45.0,63.0
70.0,184.0,190.0,-145.0,64.0,35.0,-352.0,1.0,45.0,112.0
96.0,26.0,149.0,-113.0,70.0,67.0,275.0,-123.0,76.0,155.0
119.0,-39.0,180.0,-140.0,-6.0,245.0,145.0,-208.0,73.0,182.0
136.0,-62.0,190.0,-143.0,-13.0,523.0,-507.0,230.0,69.0,209.0
160.0,-10.0,162.0,-114.0,-22.0,659.0,-794.0,613.0,86.0,219.0
156.0,-153.0,180.0,-26.0,10.0,460.0,-464.0,519.0,96.0,221.0
170.0,-130.0,148.0,21.0,12.0,402.0,-247.0,151.0,107.0,200.0
156.0,-15.0,164.0,48.0,-53.0,281.0,-154.0,240.0,118.0,183.0
176.0,-71.0,186.0,90.0,-53.0,73.0,-146.0,299.0,138.0,171.0
160.0,-28.0,152.0,101.0,-80.0,168.0,-47.0,73.0,145.0,115.0
147.0,-12.0,144.0,46.0,-30.0,343.0,633.0,60.0,137.0,59.0
141.0,-120.0,128.0,-13.0,-88.0,422.0,862.0,319.0,128.0,22.0
153.0,-217.0,99.0,-15.0,-110.0,442.0,31.0,391.0,94.0,-18.0
166.0,-161.0,99.0,83.0,21.0,136.0,-550.0,66.0,73.0,-76.0
132.0,-175.0,52.0,205.0,7.0,-11.0,97.0,60.0,58.0,-116.0
117.0,-33.0,19.0,207.0,-43.0,29.0,574.0,-18.0,25.0,-127.0
83.0,156.0,46.0,154.0,-43.0,82.0,430.0,-206.0,18.0,-134.0
96.0,14.0,-25.0,26.0,31.0,257.0,847.0,-214.0,0.0,-122.0
99.0,57.0,-57.0,-20.0,102.0,76.0,974.0,-297.0,-14.0,-99.0
99.0,261.0,-26.0,16.0,27.0,60.0,-23.0,-327.0,-41.0,-49.0
101.0,225.0,-58.0,27.0,-57.0,214.0,-567.0,-485.0,-86.0,0.0
104.0,132.0,-47.0,88.0,118.0,108.0,-32.0,-277.0,-74.0,46.0
125.0,61.0,-55.0,111.0,152.0,-35.0,109.0,179.0,-86.0,101.0
110.0,-3.0,-109.0,116.0,-16.0,-112.0,-243.0,369.0,-102.0,134.0
91.0,21.0,-78.0,124.0,27.0,-137.0,-532.0,295.0,-100.0,169.0
97.0,56.0,-28.0,76.0,54.0,-132.0,-727.0,-7.0,-112.0,200.0
79.0,151.0,-26.0,-13.0,84.0,-11.0,-430.0,-20.0,-102.0,243.0
63.0,224.0,-5.0,-87.0,9.0,92.0,250.0,-46.0,-118.0,255.0
84.0,226.0,-37.0,-57.0,-109.0,260.0,364.0,66.0,-121.0,258.0
84.0,91.0,-53.0,18.0,30.0,208.0,-448.0,458.0,-107.0,276.0
82.0,-46.0,-4.0,38.0,98.0,181.0,-913.0,497.0,-116.0,255.0
53.0,81.0,-4.0,84.0,58.0,425.0,-595.0,247.0,-101.0,235.0
47.0,79.0,25.0,155.0,-67.0,350.0,-250.0,-38.0,-104.0,203.0
26.0,61.0,53.0,155.0,-93.0,190.0,63.0,-27.0,-129.0,164.0
-4.0,40.0,14.0,175.0,138.0,129.0,349.0,-57.0,-118.0,128.0
-27.0,-36.0,54.0,253.0,44.0,321.0,6.0,-49.0,-91.0,80.0
-36.0,109.0,112.0,214.0,-139.0,553.0,-698.0,206.0,-93.0,41.0
-9.0,87.0,82.0,60.0,16.0,298.0,-622.0,197.0,-81.0,-3.0
-21.0,-53.0,106.0,6.0,134.0,8.0,95.0,79.0,-75.0,-52.0
1.0,-126.0,129.0,116.0,70.0,-85.0,363.0,-212.0,-87.0,-91.0
2.0,-110.0,124.0,166.0,-81.0,-175.0,-107.0,-218.0,-68.0,-119.0
-12.0,-230.0,136.0,175.0,-95.0,-143.0,-551.0,-53.0,-52.0,-144.0
-44.0,-409.0,100.0,175.0,87.0,0.0,-470.0,-184.0,-43.0,-152.0
-76.0,-112.0,145.0,98.0,67.0,231.0,288.0,-40.0,-48.0,-139.0
-72.0,43.0,184.0,65.0,-168.0,360.0,884.0,157.0,-55.0,-125.0
-61.0,-155.0,136.0,12.0,-107.0,136.0,400.0,266.0,-42.0,-104.0
-46.0,-215.0,162.0,10.0,88.0,16.0,-338.0,7.0,-36.0,-69.0
-48.0,-141.0,209.0,-32.0,112.0,70.0,-795.0,-506.0,-26.0,-27.0
-42.0,-64.0,175.0,-173.0,-24.0,-22.0,-846.0,-774.0,-17.0,26.0
-45.0,19.0,188.0,-282.0,-151.0,-70.0,-202.0,-567.0,-2.0,85.0
-46.0,-100.0,219.0,-321.0,86.0,-108.0,482.0,-49.0,8.0,125.0
-100.0,-183.0,175.0,-266.0,116.0,-100.0,96.0,11.0,20.0,175.0
-122.0,-85.0,187.0,-205.0,-110.0,68.0,-665.0,181.0,31.0,239.0
-114.0,-185.0,208.0,-67.0,-64.0,103.0,-589.0,271.0,21.0,283.0
-130.0,-44.0,223.0,55.0,27.0,86.0,-207.0,64.0,26.0,303.0
-122.0,-77.0,218.0,114.0,161.0,2.0,85.0,184.0,31.0,312.0
-133.0,-117.0,208.0,190.0,96.0,-123.0,115.0,323.0,35.0,312.0
-141.0,9.0,251.0,182.0,-172.0,-44.0,-220.0,609.0,40.0,305.0
-163.0,-99.0,212.0,128.0,-29.0,-206.0,-311.0,460.0,20.0,299.0
-183.0,21.0,199.0,119.0,154.0,-294.0,233.0,-145.0,0.0,275.0
-178.0,84.0,164.0,42.0,-22.0,-12.0,1182.0,-412.0,-15.0,245.0
-168.0,223.0,142.0,-89.0,-118.0,63.0,1308.0,-522.0,-36.0,228.0
-169.0,225.0,164.0,-153.0,-25.0,132.0,119.0,-456.0,-54.0,224.0
-158.0,194.0,114.0,-155.0,169.0,203.0,-798.0,-44.0,-99.0,214.0
-136.0,216.0,94.0,-75.0,128.0,296.0,-841.0,598.0,-136.0,186.0
-117.0,192.0,65.0,0.0,-192.0,390.0,-457.0,617.0,-156.0,171.0
-123.0,349.0,119.0,11.0,-135.0,68.0,280.0,175.0,-196.0,157.0
-132.0,174.0,59.0,-5.0,77.0,-57.0,255.0,-20.0,-202.0,147.0
-124.0,122.0,24.0,-5.0,31.0,276.0,-658.0,-145.0,-210.0,151.0
-93.0,111.0,86.0,-2.0,-52.0,511.0,-935.0,-11.0,-221.0,141.0
-55.0,79.0,34.0,-87.0,-48.0,518.0,-534.0,-49.0,-208.0,126.0
-57.0,58.0,50.0,-71.0,98.0,290.0,-84.0,-127.0,-222.0,133.0
-29.0,-53.0,-12.0,-1.0,126.0,13.0,87.0,-94.0,-227.0,153.0
-16.0,32.0,-4.0,-32.0,-110.0,-10.0,-420.0,-286.0,-238.0,153.0
0.0,22.0,-4.0,-85.0,-131.0,-179.0,-804.0,-291.0,-247.0,144.0
7.0,-88.0,-60.0,-126.0,68.0,-347.0,-463.0,-160.0,-219.0,148.0
9.0,-184.0,-28.0,-145.0,102.0,57.0,204.0,33.0,-207.0,160.0
5.0,-128.0,-19.0,-239.0,18.0,349.0,1079.0,94.0,-181.0,173.0
-6.0,-131.0,-37.0,-205.0,-132.0,275.0,1465.0,86.0,-132.0,166.0
12.0,-271.0,-72.0,-66.0,-1.0,188.0,845.0,136.0,-116.0,181.0
-17.0,-333.0,-77.0,-49.0,252.0,102.0,67.0,129.0,-108.0,200.0
0.0,-196.0,-106.0,-92.0,-14.0,75.0,-168.0,127.0,-82.0,199.0
-13.0,-11.0,-83.0,-179.0,-198.0,-114.0,218.0,-134.0,-62.0,224.0
-22.0,33.0,-88.0,-166.0,42.0,-103.0,720.0,-229.0,-39.0,232.0
-26.0,20.0,-102.0,-24.0,136.0,423.0,258.0,-267.0,-15.0,238.0
-30.0,89.0,-43.0,116.0,53.0,585.0,-707.0,-474.0,-4.0,251.0
-4.0,195.0,-45.0,256.0,-62.0,437.0,-837.0,-221.0,9.0,262.0
-23.0,-32.0,-85.0,313.0,-76.0,553.0,-366.0,-16.0,23.0,284.0
-11.0,-42.0,-53.0,253.0,205.0,608.0,-67.0,-101.0,44.0,288.0
-57.0,-17.0,-3.0,194.0,107.0,615.0,86.0,-68.0,61.0,307.0
-86.0,-137.0,-23.0,114.0,-220.0,403.0,377.0,107.0,53.0,329.0
-113.0,-108.0,-27.0,-25.0,-8.0,64.0,284.0,168.0,48.0,307.0
-105.0,-329.0,-80.0,-157.0,74.0,68.0,-45.0,-46.0,40.0,280.0
-92.0,-280.0,-57.0,-204.0,-11.0,66.0,232.0,-64.0,31.0,245.0
-95.0,-275.0,-6.0,-217.0,-40.0,123.0,606.0,70.0,50.0,193.0
-75.0,-370.0,-84.0,-208.0,-129.0,277.0,415.0,77.0,53.0,139.0
-57.0,-261.0,-115.0,-108.0,44.0,210.0,-351.0,-194.0,57.0,85.0
-11.0,-236.0,-30.0,-11.0,102.0,233.0,-968.0,-267.0,72.0,33.0
-20.0,-87.0,10.0,-27.0,-197.0,97.0,-883.0,112.0,52.0,-15.0
1.0,-107.0,-28.0,17.0,-170.0,-160.0,-316.0,142.0,35.0,-40.0
-9.0,-51.0,-33.0,152.0,88.0,-37.0,234.0,240.0,21.0,-56.0
2.0,54.0,-95.0,277.0,84.0,-98.0,181.0,412.0,8.0,-60.0
16.0,-11.0,-75.0,279.0,-13.0,-175.0,40.0,315.0,-15.0,-47.0
43.0,12.0,-48.0,86.0,-92.0,7.0,143.0,295.0,-60.0,-34.0
70.0,74.0,-135.0,-34.0,57.0,48.0,166.0,142.0,-97.0,3.0
80.0,106.0,-171.0,-125.0,91.0,190.0,295.0,90.0,-125.0,37.0
120.0,250.0,-191.0,-73.0,-92.0,169.0,766.0,192.0,-137.0,61.0
103.0,218.0,-217.0,114.0,-31.0,-58.0,984.0,83.0,-135.0,99.0
128.0,-59.0,-257.0,162.0,97.0,-67.0,579.0,-391.0,-141.0,134.0
75.0,169.0,-238.0,45.0,189.0,-136.0,479.0,-541.0,-133.0,168.0
83.0,206.0,-190.0,-134.0,30.0,-199.0,665.0,-221.0,-106.0,172.0
86.0,-6.0,-195.0,-235.0,-131.0,-127.0,364.0,-210.0,-95.0,166.0
86.0,-114.0,-196.0,-283.0,97.0,-180.0,-58.0,-158.0,-68.0,163.0
77.0,-72.0,-197.0,-254.0,162.0,82.0,-148.0,-210.0,-35.0,144.0
45.0,148.0,-164.0,-197.0,-9.0,411.0,-351.0,-253.0,-39.0,149.0
67.0,58.0,-140.0,-83.0,-49.0,113.0,-538.0,-133.0,-35.0,123.0
11.0,72.0,-117.0,-34.0,-57.0,-118.0,-576.0,-275.0,-17.0,80.0
4.0,12.0,-18.0,-29.0,109.0,-147.0,-959.0,-190.0,8.0,70.0
-42.0,133.0,-1.0,3.0,110.0,-143.0,-1065.0,-36.0,20.0,56.0
-53.0,49.0,6.0,-40.0,-197.0,-1.0,-688.0,-40.0,26.0,33.0
-90.0,-246.0,30.0,69.0,-16.0,-73.0,-430.0,-60.0,42.0,6.0
-107.0,-36.0,42.0,230.0,143.0,-10.0,-203.0,27.0,35.0,12.0
-121.0,9.0,78.0,220.0,-123.0,72.0,77.0,53.0,28.0,31.0
-154.0,-103.0,29.0,77.0,-178.0,-208.0,270.0,12.0,24.0,41.0
-131.0,-268.0,62.0,-103.0,-35.0,-313.0,286.0,195.0,4.0,39.0
-152.0,-318.0,74.0,-204.0,68.0,-443.0,308.0,-24.0,-13.0,58.0
-132.0,-159.0,16.0,-127.0,54.0,-520.0,768.0,-269.0,-40.0,95.0
-149.0,-21.0,25.0,-18.0,-86.0,-179.0,1325.0,-380.0,-87.0,109.0
-127.0,-97.0,-8.0,2.0,-88.0,-40.0,1403.0,-576.0,-119.0,137.0
-136.0,-43.0,13.0,4.0,93.0,41.0,1030.0,-325.0,-155.0,163.0
-119.0,80.0,-2.0,-67.0,107.0,13.0,403.0,-116.0,-187.0,186.0
-95.0,-102.0,-69.0,-105.0,-74.0,-321.0,172.0,114.0,-224.0,207.0
-67.0,-160.0,-10.0,-42.0,-163.0,-227.0,560.0,498.0,-264.0,240.0
-28.0,-38.0,-44.0,-13.0,72.0,-66.0,746.0,585.0,-269.0,254.0
-11.0,-8.0,-102.0,76.0,183.0,-30.0,437.0,306.0,-296.0,241.0
43.0,-104.0,-68.0,100.0,-57.0,37.0,167.0,-188.0,-303.0,231.0
24.0,57.0,-78.0,-33.0,-78.0,-280.0,-118.0,-448.0,-287.0,246.0
10.0,55.0,-88.0,-110.0,9.0,-342.0,-562.0,-508.0,-286.0,256.0
-14.0,100.0,-103.0,-149.0,4.0,-24.0,-507.0,-251.0,-272.0,219.0
25.0,354.0,-85.0,-76.0,-68.0,95.0,-86.0,24.0,-256.0,213.0
43.0,87.0,-104.0,32.0,-191.0,189.0,-236.0,151.0,-226.0,202.0
41.0,-49.0,-139.0,81.0,10.0,10.0,-679.0,334.0,-208.0,176.0
41.0,-7.0,-150.0,126.0,111.0,-314.0,-671.0,-11.0,-205.0,135.0
51.0,-49.0,-185.0,116.0,-104.0,-296.0,-194.0,-295.0,-201.0,102.0
63.0,-126.0,-142.0,29.0,-70.0,-297.0,572.0,-410.0,-189.0,83.0
16.0,12.0,-138.0,-58.0,-44.0,-159.0,919.0,-615.0,-166.0,29.0
24.0,280.0,-201.0,-48.0,21.0,-8.0,457.0,-545.0,-157.0,0.0
5.0,83.0,-177.0,-17.0,59.0,-187.0,-210.0,-489.0,-135.0,-15.0
9.0,20.0,-121.0,-24.0,-154.0,-134.0,-417.0,-334.0,-106.0,-26.0
-7.0,171.0,-97.0,-58.0,-27.0,-213.0,-54.0,-112.0,-81.0,-61.0
5.0,194.0,-103.0,-67.0,161.0,-410.0,313.0,44.0,-67.0,-58.0
-10.0,108.0,-101.0,-153.0,55.0,-298.0,299.0,-90.0,-53.0,-15.0
-40.0,94.0,16.0,-174.0,-17.0,-383.0,-33.0,-190.0,-39.0,-18.0
-50.0,47.0,51.0,-79.0,6.0,-240.0,-277.0,-121.0,-41.0,-9.0
-103.0,-119.0,-29.0,-75.0,68.0,177.0,-46.0,-484.0,-32.0,7.0
-114.0,-58.0,-77.0,-67.0,93.0,171.0,604.0,-642.0,-22.0,20.0
-131.0,-141.0,-118.0,-169.0,-124.0,-6.0,1026.0,-604.0,-14.0,26.0
-119.0,-351.0,-34.0,-272.0,-104.0,-227.0,966.0,-491.0,-3.0,31.0
-130.0,-377.0,-15.0,-211.0,169.0,-304.0,775.0,-155.0,3.0,10.0
-104.0,-284.0,-32.0,-126.0,-8.0,-165.0,405.0,88.0,27.0,-22.0
-111.0,-349.0,-47.0,-20.0,-86.0,-194.0,492.0,391.0,45.0,-58.0
-133.0,-269.0,-83.0,27.0,-38.0,-71.0,1109.0,376.0,53.0,-112.0
-141.0,123.0,-67.0,36.0,-79.0,69.0,1122.0,49.0,54.0,-150.0
-143.0,105.0,-138.0,73.0,69.0,-120.0,333.0,-201.0,66.0,-187.0
-135.0,-51.0,-111.0,47.0,-76.0,-123.0,-529.0,-269.0,61.0,-212.0
-157.0,34.0,-101.0,-22.0,-246.0,-52.0,-931.0,-144.0,28.0,-215.0
-134.0,101.0,-124.0,-111.0,63.0,-152.0,-820.0,-25.0,15.0,-197.0
-130.0,-108.0,-142.0,-143.0,113.0,-129.0,-451.0,99.0,-8.0,-191.0
-104.0,-221.0,-166.0,-153.0,-128.0,-400.0,-295.0,-223.0,-62.0,-170.0
-122.0,-141.0,-160.0,-172.0,-72.0,-573.0,-336.0,-574.0,-92.0,-121.0
-132.0,-183.0,-240.0,-145.0,-32.0,-282.0,-418.0,-382.0,-102.0,-69.0
-138.0,-32.0,-173.0,-166.0,107.0,-230.0,-409.0,-240.0,-139.0,-8.0
-158.0,-73.0,-146.0,-168.0,117.0,-103.0,-12.0,-12.0,-166.0,29.0
-174.0,-181.0,-198.0,-144.0,-133.0,-54.0,632.0,84.0,-180.0,102.0
-206.0,-107.0,-184.0,-69.0,99.0,-279.0,841.0,129.0,-201.0,163.0
-183.0,-134.0,-218.0,-2.0,218.0,-327.0,124.0,376.0,-203.0,192.0
-164.0,-11.0,-208.0,21.0,4.0,-352.0,-715.0,290.0,-219.0,239.0
-130.0,98.0,-217.0,105.0,-20.0,-181.0,-647.0,-51.0,-228.0,283.0
-107.0,109.0,-221.0,96.0,-78.0,77.0,137.0,-308.0,-218.0,311.0
-100.0,201.0,-213.0,50.0,66.0,7.0,830.0,-351.0,-218.0,321.0
-124.0,200.0,-230.0,68.0,124.0,85.0,995.0,-478.0,-207.0,349.0
-112.0,-22.0,-215.0,97.0,-177.0,87.0,671.0,-314.0,-192.0,337.0
-84.0,58.0,-180.0,48.0,-5.0,-292.0,359.0,-144.0,-160.0,293.0
-84.0,97.0,-159.0,-70.0,188.0,-304.0,286.0,-266.0,-140.0,266.0
-84.0,15.0,-145.0,-41.0,-18.0,-277.0,246.0,-103.0,-112.0,237.0
-60.0,131.0,-140.0,31.0,-100.0,-210.0,132.0,-288.0,-68.0,195.0
-15.0,-82.0,-152.0,9.0,-150.0,169.0,48.0,-382.0,-58.0,131.0
2.0,-161.0,-136.0,-130.0,39.0,271.0,199.0,-242.0,-29.0,88.0
10.0,-175.0,-104.0,-272.0,146.0,156.0,-87.0,-339.0,-9.0,56.0
-14.0,-290.0,-81.0,-199.0,-143.0,-35.0,-800.0,-325.0,3.0,6.0
-30.0,-376.0,-87.0,-124.0,-34.0,-129.0,-730.0,-291.0,1.0,-40.0
-29.0,-349.0,-87.0,-180.0,159.0,60.0,-7.0,-138.0,-21.0,-74.0
-15.0,-273.0,-76.0,-227.0,53.0,66.0,225.0,-79.0,-10.0,-104.0
-10.0,-302.0,-77.0,-260.0,-6.0,-158.0,-252.0,-205.0,-1.0,-137.0
13.0,-19.0,-108.0,-217.0,-143.0,-173.0,-765.0,-495.0,19.0,-168.0
17.0,267.0,-142.0,-96.0,-68.0,-33.0,-361.0,-548.0,31.0,-183.0
19.0,448.0,-137.0,21.0,151.0,234.0,437.0,-297.0,28.0,-181.0
23.0,490.0,-164.0,165.0,-106.0,305.0,321.0,-502.0,20.0,-195.0
5.0,533.0,-183.0,169.0,-167.0,179.0,73.0,-428.0,3.0,-188.0
25.0,556.0,-172.0,129.0,135.0,433.0,199.0,-212.0,25.0,-157.0
19.0,462.0,-158.0,158.0,55.0,302.0,91.0,-218.0,36.0,-164.0
8.0,391.0,-179.0,173.0,-39.0,-257.0,-132.0,-18.0,29.0,-168.0
23.0,294.0,-168.0,252.0,-130.0,-317.0,193.0,-149.0,34.0,-134.0
44.0,152.0,-185.0,233.0,-127.0,-221.0,713.0,-205.0,34.0,-111.0
9.0,-163.0,-221.0,115.0,141.0,-75.0,409.0,1.0,32.0,-146.0
0.0,-199.0,-147.0,-6.0,-8.0,53.0,-397.0,83.0,39.0,-171.0
-17.0,-293.0,-140.0,-62.0,-120.0,-46.0,-851.0,-11.0,38.0,-157.0
-32.0,-405.0,-134.0,-44.0,138.0,-12.0,-271.0,-109.0,17.0,-164.0
-35.0,-449.0,-131.0,-77.0,137.0,-110.0,487.0,-127.0,4.0,-185.0
-35.0,-544.0,-107.0,-169.0,37.0,-366.0,488.0,-301.0,-2.0,-205.0
-9.0,-498.0,-30.0,-307.0,-69.0,-244.0,-182.0,-365.0,-32.0,-208.0
-14.0,-550.0,-66.0,-332.0,-142.0,0.0,-1071.0,-576.0,-37.0,-206.0
8.0,-269.0,-83.0,-362.0,63.0,23.0,-985.0,-448.0,-21.0,-213.0
-11.0,-254.0,-54.0,-407.0,13.0,-107.0,-568.0,20.0,-39.0,-200.0
10.0,-251.0,0.0,-336.0,-114.0,-224.0,-864.0,-81.0,-28.0,-174.0
8.0,62.0,34.0,-201.0,-33.0,52.0,-1129.0,-136.0,-32.0,-149.0
11.0,67.0,-49.0,-117.0,2.0,140.0,-635.0,-182.0,-61.0,-101.0
17.0,112.0,-103.0,-207.0,148.0,-176.0,-52.0,-321.0,-66.0,-41.0
15.0,351.0,-61.0,-252.0,-46.0,-112.0,-292.0,-286.0,-87.0,-14.0
51.0,494.0,-30.0,-297.0,-264.0,-87.0,-594.0,-229.0,-77.0,-1.0
48.0,158.0,-40.0,-276.0,106.0,-84.0,77.0,-195.0,-67.0,40.0
90.0,219.0,-19.0,-200.0,126.0,234.0,963.0,-218.0,-61.0,70.0
49.0,332.0,-72.0,-145.0,-202.0,302.0,920.0,-153.0,-40.0,46.0
20.0,141.0,-124.0,-117.0,-36.0,378.0,341.0,-195.0,-45.0,27.0
-5.0,195.0,-67.0,-159.0,102.0,359.0,21.0,-118.0,-36.0,37.0
-17.0,-109.0,-116.0,-155.0,81.0,-79.0,390.0,-99.0,-51.0,25.0
-34.0,-348.0,-162.0,-290.0,54.0,-266.0,1120.0,-297.0,-60.0,0.0
-64.0,-286.0,-159.0,-344.0,-190.0,-384.0,1238.0,-158.0,-48.0,-13.0
-54.0,-137.0,-168.0,-290.0,-37.0,-144.0,758.0,-175.0,-60.0,-14.0
-56.0,-309.0,-159.0,-229.0,126.0,415.0,501.0,-216.0,-51.0,-5.0
-30.0,-432.0,-153.0,-139.0,-121.0,472.0,345.0,-29.0,-60.0,33.0
-53.0,-245.0,-151.0,-136.0,-35.0,452.0,-115.0,101.0,-79.0,83.0
-53.0,-414.0,-178.0,-80.0,46.0,164.0,-316.0,236.0,-87.0,100.0
-75.0,-467.0,-137.0,-51.0,0.0,-160.0,-130.0,227.0,-103.0,109.0
-61.0,-408.0,-151.0,-44.0,147.0,-98.0,-118.0,254.0,-109.0,139.0
-46.0,-236.0,-175.0,-24.0,-63.0,-150.0,-680.0,240.0,-116.0,161.0
-22.0,-216.0,-113.0,-55.0,-119.0,-94.0,-1375.0,254.0,-105.0,146.0
8.0,-285.0,-118.0,-60.0,197.0,163.0,-1377.0,308.0,-95.0,125.0
31.0,-192.0,-129.0,-33.0,-1.0,183.0,-929.0,282.0,-94.0,108.0
75.0,-110.0,-110.0,-82.0,-51.0,180.0,-845.0,218.0,-79.0,82.0
57.0,86.0,-136.0,-107.0,137.0,274.0,-1222.0,-266.0,-59.0,52.0
68.0,30.0,-119.0,-139.0,29.0,169.0,-1446.0,-380.0,-27.0,-5.0
49.0,-120.0,-90.0,-324.0,90.0,179.0,-825.0,-140.0,13.0,-37.0
84.0,-314.0,-93.0,-432.0,-39.0,125.0,310.0,-210.0,24.0,-51.0
107.0,-101.0,-22.0,-409.0,-226.0,68.0,577.0,-232.0,39.0,-76.0
123.0,132.0,-50.0,-310.0,34.0,251.0,260.0,-249.0,73.0,-55.0
142.0,124.0,-113.0,-121.0,16.0,86.0,497.0,-164.0,76.0,-42.0
149.0,345.0,-82.0,78.0,-190.0,54.0,835.0,-247.0,67.0,-39.0
177.0,349.0,-58.0,139.0,-55.0,298.0,646.0,-373.0,76.0,-15.0
159.0,461.0,-73.0,1.0,-70.0,287.0,211.0,-216.0,91.0,0.0
161.0,536.0,-68.0,-55.0,-80.0,290.0,51.0,-33.0,85.0,-2.0
149.0,546.0,-15.0,-41.0,-55.0,129.0,408.0,-49.0,69.0,-26.0
167.0,504.0,-40.0,-41.0,-259.0,120.0,1128.0,-369.0,69.0,-51.0
167.0,432.0,-42.0,6.0,-37.0,347.0,1507.0,-234.0,54.0,-80.0
157.0,355.0,1.0,-40.0,115.0,154.0,1310.0,-55.0,50.0,-120.0
127.0,249.0,14.0,-94.0,-91.0,277.0,688.0,-253.0,53.0,-163.0
134.0,217.0,-12.0,-162.0,-4.0,717.0,-241.0,-227.0,48.0,-205.0
160.0,8.0,11.0,-224.0,48.0,609.0,-784.0,-175.0,47.0,-236.0
139.0,112.0,9.0,-211.0,18.0,254.0,-447.0,31.0,48.0,-256.0
141.0,47.0,-14.0,-211.0,9.0,-183.0,184.0,136.0,72.0,-269.0
116.0,-203.0,29.0,-170.0,-124.0,-382.0,108.0,0.0,83.0,-267.0
120.0,-222.0,-82.0,-121.0,9.0,-46.0,-749.0,27.0,106.0,-258.0
93.0,-126.0,-176.0,-103.0,223.0,81.0,-1544.0,5.0,140.0,-235.0
100.0,-117.0,-159.0,-96.0,-6.0,187.0,-1832.0,-249.0,153.0,-207.0
115.0,-320.0,-120.0,-98.0,-29.0,494.0,-1720.0,-467.0,164.0,-186.0
105.0,-136.0,-125.0,-79.0,99.0,388.0,-1216.0,-181.0,171.0,-180.0
125.0,38.0,-201.0,31.0,28.0,231.0,-460.0,-18.0,175.0,-176.0
135.0,115.0,-239.0,129.0,49.0,197.0,19.0,-44.0,161.0,-142.0
156.0,73.0,-282.0,169.0,-121.0,304.0,-384.0,127.0,162.0,-131.0
135.0,-174.0,-276.0,184.0,-31.0,527.0,-1287.0,162.0,152.0,-153.0
117.0,-191.0,-254.0,92.0,226.0,422.0,-1643.0,347.0,116.0,-162.0
105.0,-187.0,-252.0,-61.0,32.0,484.0,-1154.0,267.0,121.0,-149.0
104.0,-319.0,-260.0,-196.0,4.0,728.0,-324.0,166.0,124.0,-142.0
106.0,-343.0,-300.0,-247.0,49.0,607.0,255.0,358.0,104.0,-149.0
73.0,-228.0,-287.0,-251.0,-9.0,605.0,442.0,125.0,112.0,-148.0
73.0,-374.0,-311.0,-200.0,80.0,690.0,215.0,-192.0,101.0,-147.0
86.0,-401.0,-304.0,-93.0,-127.0,580.0,112.0,-177.0,71.0,-124.0
71.0,-247.0,-219.0,-25.0,-99.0,586.0,557.0,-57.0,78.0,-86.0
34.0,-269.0,-244.0,-13.0,186.0,446.0,1018.0,-236.0,71.0,-58.0
10.0,-332.0,-229.0,-35.0,-39.0,393.0,778.0,-260.0,42.0,-26.0
6.0,-194.0,-190.0,-53.0,-72.0,514.0,186.0,-3.0,22.0,22.0
-20.0,120.0,-192.0,-155.0,-14.0,363.0,161.0,160.0,3.0,86.0
-32.0,9.0,-170.0,-240.0,-38.0,272.0,382.0,206.0,0.0,116.0
-44.0,54.0,-168.0,-245.0,119.0,143.0,388.0,-29.0,-9.0,126.0
-61.0,371.0,-114.0,-196.0,-79.0,-20.0,33.0,103.0,-53.0,141.0
-57.0,292.0,-101.0,-48.0,-164.0,87.0,-664.0,136.0,-74.0,137.0
-69.0,158.0,-61.0,19.0,143.0,62.0,-1446.0,-327.0,-80.0,113.0
-74.0,230.0,-21.0,-13.0,128.0,4.0,-1847.0,-232.0,-114.0,54.0
-81.0,451.0,-52.0,-13.0,-10.0,281.0,-1584.0,92.0,-136.0,-2.0
-66.0,518.0,-23.0,-16.0,40.0,489.0,-1078.0,105.0,-139.0,-65.0
-46.0,591.0,-31.0,-110.0,4.0,607.0,-686.0,-107.0,-150.0,-141.0
-14.0,471.0,-26.0,-159.0,109.0,453.0,-502.0,-116.0,-151.0,-201.0
-12.0,290.0,-15.0,-121.0,73.0,88.0,-431.0,94.0,-154.0,-279.0
-45.0,452.0,-54.0,-73.0,-186.0,173.0,-513.0,49.0,-180.0,-343.0
-38.0,364.0,-40.0,-70.0,58.0,126.0,-208.0,-83.0,-181.0,-386.0
-5.0,202.0,-10.0,-114.0,164.0,-35.0,546.0,-227.0,-162.0,-395.0
26.0,35.0,-13.0,-129.0,8.0,91.0,844.0,-94.0,-135.0,-370.0
14.0,153.0,-55.0,-128.0,41.0,246.0,412.0,-97.0,-119.0,-356.0
40.0,240.0,-35.0,-61.0,-69.0,377.0,-306.0,-234.0,-127.0,-312.0
68.0,-206.0,23.0,-34.0,35.0,187.0,-651.0,121.0,-121.0,-243.0
74.0,-186.0,1.0,-66.0,55.0,-44.0,-579.0,214.0,-103.0,-186.0
86.0,82.0,-43.0,-40.0,-198.0,141.0,-149.0,179.0,-80.0,-138.0
90.0,25.0,-43.0,-36.0,-43.0,79.0,179.0,164.0,-61.0,-91.0
100.0,46.0,46.0,-121.0,97.0,-269.0,-173.0,157.0,-49.0,-37.0
95.0,246.0,86.0,-150.0,32.0,-212.0,-645.0,219.0,-27.0,-7.0
98.0,199.0,53.0,-72.0,40.0,-74.0,-518.0,-112.0,-21.0,1.0
86.0,423.0,64.0,-83.0,-71.0,143.0,-402.0,-380.0,-17.0,18.0
74.0,636.0,34.0,-93.0,0.0,184.0,-972.0,-408.0,3.0,-6.0
56.0,137.0,60.0,11.0,98.0,-36.0,-1080.0,-267.0,31.0,-48.0
48.0,-219.0,86.0,113.0,-88.0,189.0,-355.0,-297.0,56.0,-78.0
41.0,-199.0,57.0,118.0,-43.0,245.0,-246.0,-157.0,69.0,-134.0
39.0,-222.0,77.0,51.0,145.0,-5.0,-682.0,341.0,100.0,-187.0
19.0,-501.0,53.0,42.0,89.0,-139.0,-601.0,229.0,93.0,-241.0
-6.0,-523.0,53.0,-6.0,52.0,-229.0,-312.0,75.0,77.0,-258.0
0.0,-416.0,64.0,-92.0,52.0,2.0,26.0,53.0,112.0,-252.0
-2.0,-300.0,68.0,-91.0,-57.0,179.0,630.0,36.0,98.0,-276.0
13.0,-243.0,28.0,-105.0,67.0,-83.0,1149.0,40.0,61.0,-257.0
-2.0,-288.0,-59.0,-124.0,43.0,-159.0,1012.0,-229.0,59.0,-233.0
2.0,31.0,-28.0,-129.0,-110.0,-161.0,56.0,-229.0,69.0,-228.0
7.0,38.0,-45.0,-125.0,32.0,-327.0,-702.0,-254.0,73.0,-215.0
-7.0,-141.0,-101.0,-41.0,80.0,-273.0,-777.0,-365.0,66.0,-208.0
-4.0,-168.0,-72.0,117.0,101.0,-230.0,-958.0,-242.0,74.0,-191.0
-13.0,-148.0,-55.0,151.0,-9.0,-131.0,-1156.0,123.0,82.0,-190.0
26.0,-149.0,-63.0,31.0,-37.0,0.0,-539.0,314.0,89.0,-187.0
38.0,-31.0,-79.0,-72.0,58.0,-170.0,306.0,48.0,96.0,-171.0
63.0,-7.0,-93.0,-151.0,-74.0,-140.0,422.0,-3.0,118.0,-179.0
75.0,-173.0,-100.0,-165.0,-16.0,-158.0,176.0,-149.0,133.0,-207.0
70.0,7.0,-81.0,-193.0,58.0,-361.0,-50.0,-253.0,153.0,-207.0
104.0,92.0,-35.0,-228.0,40.0,-137.0,-305.0,-245.0,181.0,-190.0
89.0,239.0,-31.0,-169.0,94.0,-29.0,-204.0,-303.0,178.0,-219.0
63.0,220.0,-8.0,-148.0,9.0,-58.0,559.0,72.0,181.0,-231.0
34.0,42.0,29.0,-87.0,-14.0,-131.0,983.0,101.0,181.0,-217.0
31.0,118.0,6.0,-51.0,49.0,-324.0,290.0,-114.0,200.0,-194.0
56.0,80.0,2.0,-124.0,39.0,-146.0,-417.0,60.0,230.0,-164.0
74.0,69.0,4.0,-83.0,0.0,-89.0,-297.0,330.0,235.0,-166.0
69.0,163.0,6.0,-45.0,-52.0,-298.0,-85.0,303.0,257.0,-133.0
42.0,149.0,2.0,-46.0,25.0,-376.0,-40.0,107.0,258.0,-91.0
27.0,-163.0,16.0,-60.0,88.0,-442.0,487.0,269.0,248.0,-62.0
11.0,-55.0,5.0,-81.0,-50.0,-286.0,828.0,450.0,253.0,-21.0
-1.0,9.0,-9.0,-45.0,-115.0,10.0,24.0,550.0,234.0,-7.0
-18.0,-274.0,-16.0,-85.0,52.0,45.0,-779.0,347.0,237.0,9.0
-14.0,-121.0,-55.0,-74.0,-5.0,52.0,-390.0,144.0,236.0,20.0
17.0,-2.0,-34.0,25.0,-86.0,-118.0,535.0,325.0,202.0,26.0
30.0,-41.0,-35.0,112.0,173.0,-402.0,963.0,105.0,183.0,17.0
24.0,-43.0,-19.0,139.0,145.0,-267.0,286.0,35.0,155.0,-2.0
3.0,135.0,-27.0,110.0,97.0,-231.0,-939.0,42.0,101.0,4.0
10.0,173.0,-18.0,94.0,123.0,-290.0,-1373.0,-286.0,72.0,7.0
10.0,100.0,-11.0,91.0,-15.0,-127.0,-594.0,-410.0,57.0,-2.0
10.0,-35.0,-37.0,57.0,104.0,-73.0,880.0,-437.0,20.0,-16.0
22.0,-295.0,19.0,-104.0,127.0,54.0,1664.0,-192.0,-21.0,-4.0
21.0,-237.0,-6.0,-243.0,-83.0,-74.0,759.0,123.0,-37.0,14.0
43.0,52.0,-1.0,-299.0,-97.0,-434.0,-919.0,234.0,-51.0,3.0
38.0,175.0,-16.0,-248.0,-44.0,-449.0,-1270.0,184.0,-70.0,-20.0
59.0,-176.0,-71.0,-148.0,51.0,-442.0,83.0,149.0,-57.0,-48.0
62.0,-89.0,-7.0,-169.0,17.0,-442.0,1144.0,-3.0,-54.0,-71.0
42.0,213.0,-16.0,-159.0,-252.0,-500.0,981.0,-456.0,-40.0,-89.0
51.0,46.0,-57.0,-169.0,-75.0,-634.0,492.0,-460.0,-23.0,-107.0
45.0,-135.0,-36.0,-136.0,63.0,-407.0,152.0,-443.0,-14.0,-114.0
36.0,-123.0,52.0,-54.0,-95.0,-338.0,-380.0,-423.0,25.0,-122.0
-2.0,51.0,126.0,-67.0,-12.0,-625.0,-502.0,-84.0,38.0,-141.0
-13.0,105.0,63.0,30.0,-58.0,-783.0,210.0,194.0,38.0,-133.0
6.0,239.0,66.0,121.0,93.0,-1006.0,536.0,776.0,49.0,-137.0
15.0,195.0,88.0,143.0,153.0,-982.0,37.0,897.0,62.0,-172.0
0.0,303.0,77.0,219.0,-192.0,-723.0,-380.0,585.0,63.0,-183.0
-21.0,558.0,92.0,299.0,-44.0,-796.0,-339.0,465.0,56.0,-179.0
-37.0,416.0,97.0,238.0,60.0,-745.0,23.0,86.0,96.0,-177.0
-45.0,202.0,103.0,92.0,-108.0,-416.0,657.0,-206.0,114.0,-187.0
-43.0,140.0,84.0,22.0,5.0,-191.0,942.0,-107.0,95.0,-175.0
-49.0,445.0,130.0,-79.0,-24.0,-202.0,265.0,201.0,100.0,-139.0
-43.0,231.0,101.0,-98.0,-53.0,-509.0,-678.0,363.0,97.0,-134.0
-42.0,49.0,105.0,-51.0,101.0,-603.0,-385.0,447.0,99.0,-118.0
-39.0,354.0,50.0,-51.0,-88.0,-329.0,899.0,384.0,106.0,-82.0
-43.0,237.0,11.0,-41.0,-188.0,-340.0,1212.0,249.0,99.0,-53.0
-51.0,158.0,95.0,-23.0,60.0,-433.0,564.0,253.0,95.0,-29.0
-70.0,-106.0,-2.0,89.0,37.0,-367.0,674.0,-90.0,93.0,8.0
-67.0,-220.0,-12.0,266.0,-6.0,-173.0,1558.0,-92.0,99.0,57.0
-47.0,21.0,-15.0,409.0,24.0,-27.0,1453.0,188.0,110.0,69.0
-35.0,-75.0,-40.0,397.0,9.0,-406.0,306.0,260.0,94.0,113.0
-43.0,-193.0,-12.0,275.0,133.0,-690.0,-323.0,410.0,87.0,169.0
-61.0,-120.0,0.0,170.0,4.0,-570.0,-532.0,229.0,113.0,188.0
-88.0,-4.0,-50.0,32.0,-76.0,-530.0,-995.0,81.0,123.0,208.0
-113.0,-143.0,-64.0,35.0,19.0,-517.0,-1168.0,70.0,109.0,224.0
-146.0,-320.0,17.0,113.0,59.0,-515.0,-296.0,-9.0,93.0,247.0
-190.0,-216.0,5.0,111.0,95.0,-390.0,841.0,-18.0,69.0,240.0
-169.0,-157.0,64.0,79.0,-98.0,-135.0,514.0,-3.0,54.0,220.0
-137.0,-117.0,83.0,3.0,-6.0,-285.0,-526.0,-20.0,54.0,213.0
-99.0,-7.0,73.0,-34.0,135.0,-466.0,-136.0,-42.0,38.0,181.0
-119.0,-188.0,133.0,-43.0,-45.0,-461.0,733.0,184.0,34.0,153.0
-132.0,-141.0,141.0,-13.0,-52.0,-693.0,533.0,195.0,36.0,124.0
-99.0,31.0,126.0,11.0,-32.0,-831.0,269.0,258.0,34.0,84.0
-99.0,-20.0,152.0,86.0,-35.0,-735.0,452.0,478.0,48.0,41.0
-115.0,102.0,133.0,93.0,26.0,-480.0,7.0,303.0,55.0,0.0
-131.0,64.0,92.0,44.0,-48.0,-215.0,-724.0,341.0,39.0,-38.0
-107.0,114.0,84.0,123.0,-65.0,-238.0,10.0,362.0,46.0,-70.0
-101.0,45.0,63.0,113.0,99.0,-415.0,1390.0,242.0,68.0,-113.0
-75.0,128.0,131.0,-10.0,-21.0,-472.0,1561.0,155.0,47.0,-134.0
-71.0,246.0,142.0,-93.0,-112.0,-472.0,978.0,-24.0,30.0,-135.0
-80.0,13.0,107.0,-70.0,0.0,-390.0,283.0,166.0,36.0,-135.0
-71.0,168.0,108.0,-1.0,-14.0,-511.0,-255.0,254.0,49.0,-122.0
-63.0,167.0,113.0,125.0,56.0,-782.0,148.0,49.0,35.0,-117.0
-53.0,168.0,106.0,238.0,-18.0,-610.0,1258.0,36.0,7.0,-95.0
-46.0,31.0,103.0,320.0,-76.0,-338.0,1446.0,380.0,10.0,-48.0
-32.0,-21.0,121.0,287.0,59.0,-172.0,344.0,552.0,4.0,-11.0
-44.0,126.0,66.0,211.0,27.0,-203.0,-556.0,325.0,0.0,18.0
-27.0,-70.0,62.0,238.0,-59.0,-351.0,-294.0,203.0,1.0,49.0
-32.0,-77.0,45.0,234.0,-74.0,-333.0,319.0,14.0,-1.0,69.0
-31.0,-219.0,-10.0,285.0,-50.0,-459.0,338.0,125.0,-9.0,77.0
-51.0,-223.0,11.0,248.0,1.0,-749.0,96.0,181.0,-21.0,82.0
-40.0,-143.0,3.0,203.0,11.0,-721.0,140.0,-153.0,-14.0,78.0
0.0,-209.0,1.0,218.0,-24.0,-474.0,292.0,-109.0,-10.0,73.0
11.0,-211.0,41.0,210.0,-1.0,-426.0,29.0,-112.0,-18.0,74.0
23.0,-71.0,48.0,200.0,18.0,-570.0,178.0,-110.0,-21.0,76.0
11.0,206.0,-18.0,118.0,47.0,-662.0,1331.0,51.0,-21.0,72.0
46.0,169.0,-54.0,51.0,-12.0,-429.0,1619.0,38.0,-17.0,70.0
34.0,197.0,23.0,-25.0,-29.0,-402.0,278.0,-38.0,-45.0,80.0
20.0,214.0,5.0,-107.0,124.0,-499.0,-855.0,-1.0,-65.0,90.0
-2.0,252.0,-16.0,-91.0,37.0,-305.0,-686.0,144.0,-43.0,85.0
-5.0,234.0,43.0,47.0,-79.0,-234.0,-26.0,218.0,-39.0,77.0
17.0,30.0,34.0,126.0,22.0,-182.0,168.0,314.0,-25.0,53.0
-4.0,77.0,43.0,172.0,116.0,-88.0,196.0,182.0,-20.0,22.0
-13.0,155.0,68.0,239.0,24.0,-22.0,503.0,160.0,-9.0,6.0
-23.0,-44.0,60.0,238.0,-61.0,-29.0,539.0,179.0,30.0,-29.0
-17.0,-323.0,54.0,147.0,-3.0,-325.0,37.0,-181.0,54.0,-60.0
-35.0,-183.0,49.0,54.0,42.0,-516.0,-208.0,-31.0,55.0,-77.0
-37.0,-144.0,65.0,51.0,43.0,-354.0,268.0,177.0,46.0,-83.0
-60.0,-257.0,109.0,-47.0,-74.0,-331.0,495.0,164.0,34.0,-87.0
-63.0,-283.0,106.0,-126.0,-54.0,-419.0,172.0,404.0,36.0,-93.0
-59.0,-246.0,107.0,-67.0,23.0,-444.0,11.0,454.0,60.0,-67.0
-71.0,-121.0,127.0,-13.0,-37.0,-367.0,-158.0,454.0,40.0,-46.0
-86.0,-146.0,112.0,-20.0,-84.0,-313.0,-424.0,273.0,34.0,-29.0
-126.0,-38.0,147.0,-25.0,-57.0,-522.0,-322.0,-24.0,54.0,-16.0
-130.0,-50.0,131.0,27.0,56.0,-452.0,260.0,-16.0,42.0,-8.0
-140.0,47.0,76.0,-17.0,6.0,-272.0,619.0,46.0,48.0,4.0
-131.0,64.0,69.0,-121.0,-3.0,-397.0,423.0,5.0,47.0,5.0
-148.0,-74.0,109.0,-88.0,-63.0,-439.0,322.0,123.0,50.0,26.0
-159.0,-55.0,151.0,-65.0,-76.0,-255.0,729.0,458.0,49.0,45.0
-165.0,-70.0,125.0,-106.0,89.0,-71.0,1144.0,491.0,32.0,44.0
-168.0,137.0,128.0,-117.0,-106.0,-181.0,894.0,487.0,20.0,76.0
-161.0,-63.0,70.0,-36.0,-101.0,-371.0,495.0,195.0,-7.0,109.0
-158.0,-108.0,52.0,84.0,54.0,-273.0,258.0,-363.0,-20.0,97.0
-131.0,183.0,72.0,95.0,8.0,-104.0,-367.0,-334.0,-21.0,94.0
-114.0,290.0,30.0,44.0,-37.0,-239.0,-1041.0,-267.0,-22.0,120.0
-75.0,258.0,50.0,-53.0,-152.0,-319.0,-674.0,49.0,-12.0,147.0
-79.0,126.0,29.0,-100.0,-24.0,-96.0,272.0,332.0,-21.0,152.0
-94.0,292.0,31.0,-107.0,117.0,24.0,347.0,184.0,-41.0,151.0
-100.0,222.0,44.0,-10.0,-54.0,-92.0,145.0,221.0,-40.0,175.0
-80.0,222.0,42.0,146.0,-116.0,-230.0,420.0,112.0,-31.0,175.0
-54.0,229.0,24.0,176.0,80.0,-64.0,313.0,-27.0,-29.0,164.0
-58.0,110.0,3.0,292.0,105.0,49.0,-304.0,-120.0,-9.0,157.0
-45.0,52.0,9.0,341.0,51.0,-179.0,-298.0,-55.0,16.0,154.0
-47.0,68.0,-1.0,318.0,-15.0,-210.0,274.0,205.0,13.0,145.0
-19.0,173.0,46.0,298.0,-52.0,22.0,-143.0,360.0,22.0,123.0
-10.0,-8.0,42.0,188.0,111.0,269.0,-1079.0,293.0,34.0,134.0
-16.0,31.0,67.0,94.0,14.0,304.0,-581.0,127.0,23.0,139.0
-31.0,33.0,91.0,-34.0,-82.0,119.0,671.0,112.0,36.0,124.0
-45.0,-39.0,91.0,-57.0,47.0,35.0,752.0,-218.0,53.0,133.0
-31.0,-55.0,156.0,11.0,47.0,12.0,61.0,-291.0,61.0,154.0
-35.0,33.0,101.0,83.0,127.0,-27.0,-316.0,0.0,40.0,150.0
-23.0,-5.0,96.0,147.0,39.0,-83.0,-768.0,-75.0,49.0,140.0
-5.0,-177.0,124.0,186.0,-139.0,19.0,-1257.0,-9.0,80.0,143.0
17.0,13.0,129.0,249.0,87.0,328.0,-592.0,86.0,62.0,129.0
31.0,-114.0,205.0,262.0,93.0,380.0,874.0,267.0,59.0,104.0
37.0,-203.0,169.0,263.0,-91.0,100.0,1385.0,312.0,86.0,86.0
14.0,-97.0,158.0,206.0,12.0,-40.0,834.0,22.0,109.0,82.0
3.0,54.0,221.0,104.0,113.0,67.0,9.0,203.0,100.0,59.0
21.0,-32.0,200.0,-8.0,71.0,115.0,-728.0,458.0,93.0,15.0
0.0,-336.0,158.0,-155.0,-30.0,98.0,-590.0,299.0,96.0,0.0
-19.0,-219.0,130.0,-238.0,-96.0,106.0,633.0,-107.0,95.0,-12.0
-36.0,-26.0,158.0,-199.0,-52.0,396.0,1522.0,-219.0,96.0,-38.0
-28.0,-38.0,159.0,-17.0,-4.0,573.0,840.0,-125.0,92.0,-64.0
-17.0,-299.0,151.0,93.0,-119.0,214.0,-674.0,-138.0,84.0,-65.0
-23.0,-172.0,147.0,187.0,-123.0,-26.0,-1188.0,-25.0,53.0,-55.0
-26.0,-66.0,119.0,332.0,-62.0,-60.0,-275.0,-16.0,60.0,-72.0
-29.0,-25.0,137.0,318.0,-24.0,78.0,587.0,88.0,69.0,-80.0
-19.0,105.0,141.0,227.0,5.0,50.0,114.0,-53.0,46.0,-61.0
-24.0,4.0,115.0,127.0,-129.0,-200.0,-922.0,-177.0,27.0,-48.0
-36.0,179.0,98.0,-27.0,-55.0,-6.0,-903.0,271.0,0.0,-39.0
-60.0,289.0,125.0,-183.0,76.0,232.0,-246.0,539.0,1.0,-11.0
-81.0,346.0,106.0,-228.0,-43.0,256.0,102.0,615.0,-9.0,48.0
-83.0,156.0,95.0,-141.0,-114.0,201.0,439.0,593.0,-54.0,104.0
-84.0,176.0,108.0,-32.0,8.0,160.0,683.0,596.0,-70.0,149.0
-72.0,376.0,91.0,-14.0,93.0,242.0,71.0,467.0,-64.0,209.0
-82.0,-2.0,83.0,-2.0,72.0,196.0,-983.0,116.0,-63.0,258.0
-87.0,-285.0,64.0,82.0,-10.0,9.0,-791.0,-46.0,-59.0,290.0
-70.0,-63.0,66.0,262.0,-37.0,56.0,497.0,-232.0,-57.0,295.0
-64.0,254.0,37.0,411.0,76.0,311.0,1095.0,-290.0,-65.0,300.0
-79.0,-31.0,25.0,381.0,33.0,441.0,796.0,-225.0,-61.0,299.0
-100.0,-97.0,23.0,253.0,-72.0,492.0,217.0,-79.0,-41.0,263.0
-87.0,125.0,-5.0,69.0,-24.0,444.0,-867.0,-73.0,-37.0,240.0
-83.0,106.0,-22.0,-34.0,107.0,287.0,-1572.0,-388.0,-44.0,217.0
-98.0,93.0,0.0,-59.0,90.0,185.0,-553.0,-375.0,-39.0,172.0
-117.0,70.0,-14.0,-34.0,-72.0,152.0,811.0,-400.0,-23.0,108.0
-133.0,112.0,-4.0,17.0,-62.0,37.0,477.0,-291.0,20.0,64.0
-126.0,38.0,23.0,20.0,81.0,-41.0,-734.0,55.0,46.0,39.0
-130.0,45.0,5.0,-20.0,125.0,132.0,-834.0,155.0,19.0,-7.0
-117.0,-127.0,79.0,-18.0,-1.0,279.0,-133.0,266.0,20.0,-36.0
-123.0,-58.0,65.0,48.0,-52.0,166.0,-230.0,-12.0,40.0,-46.0
-151.0,115.0,91.0,33.0,107.0,-4.0,-770.0,-138.0,23.0,-44.0
-146.0,-114.0,133.0,-25.0,156.0,145.0,-352.0,97.0,13.0,-48.0
-138.0,-182.0,124.0,-79.0,45.0,464.0,481.0,60.0,37.0,-68.0
-138.0,-243.0,166.0,-52.0,-21.0,479.0,320.0,105.0,38.0,-82.0
-143.0,-111.0,175.0,29.0,12.0,318.0,-402.0,291.0,23.0,-97.0
-128.0,-170.0,236.0,89.0,110.0,472.0,-300.0,330.0,31.0,-107.0
-108.0,-81.0,179.0,103.0,68.0,588.0,561.0,83.0,17.0,-123.0
-88.0,202.0,196.0,21.0,-22.0,410.0,830.0,31.0,16.0,-144.0
-93.0,188.0,217.0,-48.0,54.0,405.0,37.0,227.0,35.0,-148.0
-111.0,264.0,151.0,-66.0,150.0,558.0,-640.0,410.0,69.0,-148.0
-91.0,191.0,203.0,6.0,46.0,726.0,-795.0,291.0,109.0,-142.0
-101.0,205.0,183.0,108.0,-50.0,540.0,-1056.0,-48.0,98.0,-127.0
-111.0,74.0,162.0,196.0,29.0,340.0,-591.0,81.0,105.0,-118.0
-129.0,-46.0,186.0,238.0,87.0,606.0,584.0,-136.0,123.0,-78.0
-130.0,0.0,218.0,169.0,56.0,761.0,441.0,-460.0,126.0,-29.0
-102.0,13.0,208.0,134.0,-85.0,650.0,-1050.0,-240.0,122.0,23.0
-107.0,74.0,188.0,45.0,-56.0,520.0,-1478.0,-149.0,107.0,87.0
-88.0,106.0,161.0,-39.0,101.0,437.0,-225.0,0.0,121.0,130.0
-74.0,26.0,115.0,20.0,15.0,280.0,786.0,-31.0,122.0,166.0
-69.0,-145.0,169.0,98.0,-140.0,55.0,799.0,-109.0,149.0,186.0
-79.0,-64.0,124.0,155.0,-94.0,100.0,340.0,-16.0,143.0,199.0
-76.0,-252.0,73.0,176.0,83.0,470.0,-459.0,-249.0,102.0,191.0
-60.0,-343.0,100.0,121.0,74.0,515.0,-1475.0,-415.0,95.0,145.0
-52.0,-142.0,52.0,48.0,-103.0,174.0,-1462.0,-254.0,63.0,110.0
-37.0,-125.0,94.0,103.0,-119.0,217.0,-6.0,-70.0,64.0,68.0
-17.0,-238.0,91.0,166.0,81.0,617.0,992.0,-16.0,67.0,8.0
6.0,-156.0,56.0,200.0,97.0,580.0,774.0,99.0,80.0,-48.0
1.0,23.0,77.0,207.0,-80.0,102.0,-77.0,70.0,115.0,-101.0
20.0,-163.0,33.0,158.0,-127.0,39.0,-920.0,83.0,119.0,-150.0
39.0,104.0,72.0,172.0,-53.0,330.0,-1081.0,280.0,116.0,-196.0
53.0,198.0,49.0,164.0,56.0,412.0,-197.0,192.0,119.0,-218.0
47.0,-61.0,25.0,217.0,-54.0,277.0,1112.0,317.0,141.0,-231.0
36.0,95.0,94.0,251.0,-148.0,285.0,1097.0,162.0,126.0,-247.0
58.0,175.0,93.0,245.0,-4.0,509.0,-478.0,-218.0,124.0,-239.0
84.0,-60.0,109.0,303.0,44.0,519.0,-1570.0,-140.0,125.0,-236.0
137.0,-226.0,71.0,168.0,-58.0,496.0,-711.0,-330.0,92.0,-223.0
152.0,42.0,58.0,0.0,-125.0,713.0,719.0,-317.0,84.0,-202.0
165.0,-21.0,63.0,-79.0,-85.0,668.0,989.0,-81.0,79.0,-181.0
175.0,-86.0,8.0,-197.0,65.0,268.0,87.0,133.0,65.0,-157.0
174.0,39.0,14.0,-190.0,132.0,70.0,-948.0,447.0,28.0,-131.0
175.0,-73.0,-7.0,-124.0,-128.0,227.0,-1262.0,327.0,0.0,-88.0
160.0,-78.0,12.0,-84.0,-58.0,517.0,-1045.0,73.0,-7.0,-60.0
157.0,-86.0,55.0,-8.0,302.0,609.0,-201.0,-192.0,-12.0,-51.0
151.0,-45.0,0.0,72.0,139.0,542.0,1015.0,-430.0,-19.0,-40.0
168.0,23.0,-21.0,134.0,-82.0,714.0,1406.0,-473.0,-13.0,-18.0
174.0,137.0,0.0,106.0,-6.0,873.0,469.0,-182.0,5.0,-16.0
156.0,186.0,3.0,20.0,78.0,709.0,-688.0,99.0,-4.0,-32.0
138.0,225.0,19.0,-89.0,97.0,505.0,-1164.0,22.0,11.0,-30.0
113.0,234.0,31.0,-186.0,0.0,302.0,-1036.0,249.0,37.0,-31.0
97.0,229.0,12.0,-232.0,-70.0,354.0,-158.0,360.0,41.0,-32.0
60.0,218.0,63.0,-187.0,54.0,700.0,679.0,169.0,51.0,-27.0
19.0,37.0,92.0,-9.0,72.0,794.0,82.0,-160.0,49.0,-8.0
0.0,95.0,103.0,66.0,-108.0,789.0,-1394.0,-508.0,62.0,3.0
3.0,128.0,119.0,3.0,-161.0,749.0,-1675.0,-358.0,68.0,7.0
-9.0,142.0,106.0,11.0,-46.0,765.0,-506.0,-341.0,60.0,35.0
-45.0,83.0,164.0,166.0,15.0,822.0,629.0,-315.0,76.0,39.0
-76.0,29.0,172.0,236.0,-52.0,518.0,1104.0,-92.0,81.0,30.0
-94.0,36.0,180.0,100.0,-121.0,175.0,741.0,29.0,45.0,18.0
-107.0,-252.0,271.0,-30.0,-34.0,105.0,-511.0,121.0,37.0,9.0
-138.0,-282.0,257.0,-155.0,71.0,297.0,-1344.0,145.0,47.0,10.0
-134.0,-176.0,248.0,-147.0,-2.0,424.0,-651.0,360.0,21.0,5.0
-152.0,-11.0,321.0,-96.0,-88.0,426.0,761.0,476.0,25.0,22.0
-148.0,95.0,232.0,-66.0,38.0,536.0,1722.0,367.0,37.0,26.0
-107.0,93.0,189.0,70.0,167.0,578.0,1439.0,27.0,39.0,22.0
-123.0,181.0,209.0,51.0,20.0,454.0,127.0,-184.0,47.0,32.0
-150.0,141.0,174.0,26.0,-17.0,329.0,-784.0,-197.0,27.0,31.0
-182.0,138.0,211.0,71.0,98.0,447.0,-610.0,-447.0,28.0,31.0
-182.0,79.0,144.0,16.0,100.0,686.0,93.0,-227.0,25.0,20.0
-159.0,-98.0,116.0,-38.0,110.0,630.0,757.0,112.0,3.0,9.0
-138.0,-139.0,117.0,-48.0,-10.0,388.0,605.0,356.0,9.0,9.0
-125.0,129.0,105.0,9.0,-68.0,411.0,-783.0,533.0,12.0,9.0
-95.0,112.0,105.0,55.0,91.0,373.0,-1823.0,264.0,10.0,12.0
-63.0,49.0,64.0,51.0,89.0,203.0,-1006.0,195.0,4.0,11.0
-42.0,122.0,63.0,107.0,-98.0,227.0,501.0,68.0,1.0,7.0
-38.0,-125.0,2.0,89.0,-94.0,191.0,772.0,-31.0,-7.0,8.0
-23.0,-119.0,32.0,15.0,55.0,215.0,245.0,90.0,-43.0,1.0
18.0,-95.0,27.0,35.0,77.0,126.0,104.0,16.0,-39.0,-10.0
35.0,-71.0,-8.0,-33.0,-40.0,25.0,73.0,-22.0,-27.0,-26.0
58.0,-54.0,51.0,-79.0,-129.0,313.0,99.0,14.0,-49.0,-39.0
59.0,22.0,33.0,4.0,24.0,398.0,604.0,-46.0,-55.0,-56.0
48.0,97.0,88.0,74.0,89.0,223.0,941.0,-197.0,-60.0,-84.0
1.0,-40.0,69.0,69.0,-37.0,81.0,413.0,-20.0,-65.0,-104.0
-20.0,188.0,35.0,5.0,-53.0,89.0,-140.0,169.0,-62.0,-107.0
-15.0,135.0,87.0,-29.0,6.0,279.0,-182.0,314.0,-45.0,-115.0
-30.0,29.0,54.0,-47.0,29.0,198.0,-385.0,436.0,-40.0,-132.0
-24.0,195.0,63.0,-46.0,-21.0,-55.0,-753.0,164.0,-51.0,-115.0
-31.0,161.0,38.0,-74.0,-95.0,-1.0,-537.0,227.0,-28.0,-92.0
-24.0,236.0,-19.0,-58.0,-16.0,215.0,-48.0,121.0,-16.0,-88.0
-44.0,302.0,14.0,45.0,107.0,193.0,-236.0,-153.0,-28.0,-78.0
-85.0,173.0,5.0,109.0,-37.0,0.0,-702.0,0.0,-42.0,-62.0
-95.0,35.0,19.0,126.0,-172.0,-71.0,-707.0,-97.0,-57.0,-33.0
-83.0,-88.0,17.0,53.0,-84.0,-54.0,-338.0,-44.0,-53.0,-14.0
-93.0,-237.0,-43.0,-27.0,49.0,-20.0,201.0,-129.0,-48.0,7.0
-96.0,-139.0,-6.0,-79.0,55.0,-77.0,567.0,-388.0,-80.0,30.0
-111.0,-122.0,-53.0,-179.0,-95.0,-112.0,455.0,-138.0,-73.0,49.0
-96.0,-175.0,-71.0,-174.0,-58.0,-5.0,-14.0,-51.0,-51.0,79.0
-102.0,-242.0,-51.0,-50.0,96.0,-47.0,-428.0,40.0,-83.0,102.0
-119.0,-371.0,-78.0,3.0,81.0,-85.0,-9.0,319.0,-80.0,107.0
-88.0,-175.0,-64.0,24.0,-44.0,-10.0,1023.0,443.0,-63.0,108.0
-104.0,-63.0,-49.0,38.0,-75.0,-61.0,1231.0,395.0,-74.0,98.0
-76.0,-59.0,22.0,-80.0,106.0,-58.0,327.0,151.0,-71.0,90.0
-63.0,-162.0,45.0,-164.0,87.0,71.0,-674.0,-242.0,-48.0,91.0
-44.0,28.0,66.0,-142.0,-91.0,85.0,-886.0,-404.0,-10.0,58.0
-21.0,222.0,26.0,-163.0,-33.0,54.0,-49.0,-221.0,2.0,42.0
4.0,-68.0,27.0,-194.0,58.0,1.0,1045.0,-194.0,13.0,57.0
38.0,59.0,87.0,-145.0,73.0,-149.0,1170.0,75.0,46.0,61.0
33.0,-2.0,57.0,-83.0,-46.0,-4.0,402.0,218.0,83.0,44.0
44.0,-130.0,59.0,-64.0,-102.0,203.0,-45.0,201.0,89.0,22.0
48.0,-73.0,45.0,3.0,47.0,0.0,512.0,500.0,76.0,34.0
70.0,-198.0,63.0,72.0,42.0,-184.0,1525.0,273.0,75.0,30.0
86.0,-25.0,84.0,121.0,-58.0,-125.0,1906.0,227.0,59.0,19.0
108.0,112.0,80.0,179.0,-49.0,46.0,1092.0,273.0,40.0,18.0
115.0,88.0,47.0,138.0,-2.0,131.0,-294.0,-40.0,27.0,12.0
117.0,-34.0,32.0,-10.0,72.0,-39.0,-881.0,-73.0,9.0,5.0
122.0,-5.0,16.0,-84.0,71.0,45.0,-237.0,-162.0,-11.0,11.0
152.0,24.0,14.0,-31.0,-120.0,290.0,841.0,7.0,-30.0,37.0
152.0,26.0,9.0,-11.0,-42.0,198.0,1204.0,286.0,-33.0,23.0
153.0,5.0,-27.0,-33.0,201.0,159.0,520.0,288.0,-19.0,3.0
152.0,-167.0,16.0,-52.0,53.0,191.0,-498.0,323.0,-20.0,13.0
116.0,-57.0,-7.0,-102.0,-37.0,134.0,-1033.0,349.0,-40.0,35.0
126.0,49.0,31.0,-98.0,49.0,71.0,-786.0,317.0,-45.0,38.0
114.0,32.0,57.0,-62.0,61.0,1.0,-99.0,229.0,-48.0,29.0
116.0,35.0,26.0,20.0,39.0,2.0,464.0,35.0,-58.0,62.0
94.0,156.0,15.0,101.0,-65.0,15.0,88.0,-288.0,-39.0,67.0
119.0,90.0,7.0,96.0,-63.0,13.0,-933.0,-282.0,6.0,63.0
107.0,101.0,72.0,190.0,46.0,22.0,-1115.0,-273.0,16.0,79.0
74.0,55.0,53.0,280.0,61.0,90.0,-201.0,-310.0,14.0,84.0
58.0,-51.0,92.0,313.0,-65.0,114.0,607.0,77.0,40.0,79.0
25.0,86.0,73.0,293.0,-141.0,-99.0,594.0,291.0,30.0,59.0
45.0,-263.0,48.0,228.0,-2.0,-344.0,30.0,537.0,9.0,59.0
20.0,-326.0,82.0,277.0,-1.0,-388.0,-537.0,569.0,6.0,50.0
32.0,-233.0,58.0,214.0,-86.0,-416.0,-299.0,424.0,1.0,18.0
18.0,-275.0,110.0,118.0,-18.0,-441.0,652.0,674.0,1.0,-17.0
26.0,-307.0,79.0,141.0,-18.0,-386.0,1374.0,469.0,-1.0,-50.0
35.0,-299.0,73.0,84.0,16.0,-304.0,1322.0,219.0,-3.0,-103.0
12.0,-170.0,80.0,1.0,25.0,-27.0,762.0,140.0,-9.0,-178.0
-22.0,-209.0,43.0,-47.0,-61.0,-43.0,316.0,-127.0,-25.0,-228.0
-49.0,-57.0,65.0,-24.0,56.0,-377.0,-37.0,-164.0,-54.0,-265.0
-39.0,-195.0,35.0,76.0,135.0,-529.0,-296.0,-140.0,-69.0,-297.0
-50.0,-162.0,43.0,203.0,6.0,-565.0,79.0,20.0,-90.0,-324.0
-37.0,-119.0,106.0,240.0,-3.0,-350.0,864.0,371.0,-120.0,-318.0
-54.0,-243.0,84.0,207.0,46.0,-327.0,848.0,687.0,-121.0,-301.0
-32.0,-118.0,39.0,227.0,59.0,-356.0,-135.0,726.0,-122.0,-298.0
-28.0,-144.0,14.0,204.0,63.0,-103.0,-1079.0,563.0,-127.0,-277.0
-11.0,-110.0,20.0,103.0,-29.0,58.0,-1078.0,206.0,-129.0,-247.0
-26.0,-89.0,8.0,20.0,-9.0,2.0,-191.0,-319.0,-126.0,-213.0
-51.0,43.0,-44.0,41.0,107.0,-323.0,469.0,-426.0,-142.0,-177.0
-41.0,3.0,-45.0,-63.0,44.0,-455.0,289.0,-384.0,-159.0,-131.0
-48.0,153.0,-62.0,-195.0,-96.0,-283.0,-174.0,-123.0,-151.0,-101.0
-44.0,216.0,-47.0,-168.0,-76.0,-155.0,-126.0,120.0,-168.0,-84.0
-88.0,-18.0,-33.0,-225.0,48.0,-268.0,391.0,90.0,-178.0,-51.0
-53.0,133.0,-58.0,-283.0,35.0,-321.0,934.0,295.0,-183.0,-16.0
-39.0,-14.0,-76.0,-294.0,-84.0,-102.0,1064.0,175.0,-197.0,4.0
-13.0,-199.0,-74.0,-290.0,-65.0,-194.0,421.0,195.0,-200.0,22.0
-11.0,-180.0,-51.0,-207.0,25.0,-506.0,-333.0,469.0,-186.0,52.0
-31.0,-78.0,-60.0,-81.0,27.0,-437.0,-356.0,288.0,-180.0,96.0
-18.0,-164.0,-16.0,32.0,1.0,-299.0,-235.0,197.0,-183.0,143.0
-31.0,-217.0,-38.0,152.0,-68.0,-421.0,-469.0,238.0,-153.0,168.0
-23.0,-87.0,-44.0,162.0,29.0,-496.0,-366.0,251.0,-134.0,191.0
-45.0,-142.0,2.0,127.0,148.0,-334.0,7.0,251.0,-102.0,219.0
-38.0,90.0,16.0,126.0,-128.0,-144.0,-76.0,282.0,-78.0,243.0
-46.0,123.0,71.0,71.0,-146.0,-207.0,-238.0,413.0,-90.0,276.0
-12.0,-65.0,21.0,81.0,127.0,-346.0,-7.0,526.0,-79.0,300.0
-9.0,0.0,25.0,10.0,-42.0,-459.0,-6.0,399.0,-60.0,312.0
-26.0,216.0,73.0,-91.0,-100.0,-264.0,-531.0,182.0,-58.0,315.0
-14.0,36.0,34.0,-134.0,29.0,-151.0,-936.0,308.0,-78.0,322.0
-23.0,-131.0,42.0,-183.0,-122.0,-367.0,-673.0,160.0,-86.0,324.0
-14.0,100.0,30.0,-227.0,-6.0,-196.0,17.0,81.0,-91.0,314.0
-41.0,1.0,-27.0,-283.0,70.0,-13.0,425.0,251.0,-111.0,295.0
-49.0,-28.0,-7.0,-231.0,-161.0,-79.0,138.0,109.0,-152.0,275.0
-45.0,-29.0,32.0,-120.0,-1.0,-265.0,-539.0,149.0,-179.0,251.0
-20.0,34.0,45.0,46.0,181.0,-252.0,-636.0,-53.0,-184.0,204.0
-5.0,39.0,57.0,121.0,-11.0,-103.0,218.0,-94.0,-192.0,138.0
6.0,88.0,19.0,79.0,-91.0,-173.0,1226.0,157.0,-143.0,74.0
8.0,168.0,25.0,35.0,63.0,-205.0,1254.0,147.0,-110.0,42.0
9.0,-111.0,54.0,-19.0,115.0,-143.0,248.0,502.0,-97.0,2.0
4.0,15.0,52.0,0.0,76.0,-43.0,-534.0,589.0,-89.0,-66.0
-39.0,82.0,40.0,-39.0,5.0,-133.0,-447.0,341.0,-90.0,-122.0
-36.0,-39.0,60.0,-108.0,-34.0,-194.0,22.0,173.0,-53.0,-154.0
-12.0,-38.0,82.0,-101.0,139.0,-129.0,174.0,-88.0,-55.0,-164.0
22.0,9.0,96.0,-86.0,88.0,-160.0,-42.0,-153.0,-47.0,-186.0
36.0,-89.0,111.0,-48.0,-116.0,-102.0,-247.0,-110.0,-27.0,-196.0
58.0,-135.0,61.0,33.0,12.0,68.0,-323.0,36.0,-25.0,-164.0
56.0,204.0,76.0,55.0,128.0,107.0,-358.0,380.0,-19.0,-138.0
34.0,153.0,36.0,32.0,-5.0,16.0,-331.0,635.0,-29.0,-115.0
35.0,-4.0,26.0,9.0,-85.0,-40.0,-119.0,554.0,-5.0,-75.0
25.0,-5.0,88.0,-39.0,-96.0,-129.0,29.0,537.0,19.0,-39.0
56.0,-22.0,61.0,-38.0,-72.0,-185.0,-24.0,487.0,0.0,-18.0
62.0,-63.0,54.0,-25.0,115.0,-168.0,-219.0,216.0,-13.0,2.0
53.0,-112.0,8.0,-54.0,32.0,-9.0,-417.0,299.0,-18.0,15.0
68.0,-171.0,54.0,-137.0,-122.0,98.0,-388.0,201.0,-28.0,7.0
76.0,-254.0,48.0,-197.0,56.0,162.0,-198.0,35.0,-31.0,-18.0
85.0,-124.0,-10.0,-146.0,30.0,183.0,-92.0,-112.0,-11.0,-34.0
71.0,-231.0,-19.0,-19.0,-102.0,-20.0,-164.0,-428.0,22.0,-42.0
58.0,-239.0,-69.0,133.0,-41.0,-187.0,-252.0,-27.0,33.0,-61.0
67.0,16.0,-57.0,190.0,-31.0,-239.0,-35.0,195.0,31.0,-77.0
59.0,74.0,-65.0,145.0,49.0,-22.0,365.0,144.0,58.0,-78.0
47.0,-166.0,-54.0,42.0,60.0,202.0,277.0,402.0,55.0,-59.0
48.0,-278.0,-93.0,-38.0,-191.0,290.0,31.0,219.0,35.0,-43.0
71.0,4.0,-92.0,-41.0,-59.0,274.0,327.0,25.0,25.0,-29.0
93.0,-113.0,-62.0,-24.0,207.0,157.0,559.0,70.0,13.0,-3.0
106.0,-164.0,-129.0,46.0,-51.0,118.0,-54.0,138.0,-3.0,21.0
124.0,8.0,-146.0,69.0,-147.0,-106.0,-969.0,127.0,-39.0,33.0
138.0,29.0,-181.0,80.0,61.0,-198.0,-1135.0,-42.0,-43.0,59.0
154.0,23.0,-127.0,102.0,14.0,-16.0,-607.0,-142.0,-55.0,82.0
164.0,69.0,-62.0,-1.0,24.0,139.0,-134.0,-94.0,-91.0,82.0
169.0,87.0,-104.0,-20.0,81.0,85.0,-84.0,-105.0,-109.0,82.0
159.0,-152.0,-119.0,84.0,-63.0,-62.0,-222.0,-212.0,-140.0,63.0
165.0,71.0,-96.0,177.0,4.0,-22.0,-274.0,88.0,-148.0,43.0
187.0,56.0,-60.0,120.0,183.0,-87.0,-203.0,273.0,-148.0,18.0
218.0,-159.0,-50.0,-4.0,44.0,-248.0,-68.0,199.0,-157.0,-9.0
200.0,151.0,-61.0,-34.0,-117.0,-321.0,195.0,155.0,-141.0,-18.0
175.0,34.0,-62.0,-35.0,118.0,-164.0,525.0,-123.0,-129.0,-39.0
175.0,-58.0,-28.0,-1.0,163.0,-27.0,624.0,-103.0,-122.0,-55.0
173.0,52.0,-33.0,28.0,-57.0,-245.0,352.0,-351.0,-103.0,-56.0
174.0,44.0,-11.0,40.0,-10.0,-282.0,-98.0,-652.0,-82.0,-44.0
141.0,110.0,17.0,41.0,-29.0,-117.0,-271.0,-351.0,-55.0,-25.0
151.0,161.0,-18.0,34.0,15.0,-64.0,-119.0,-199.0,-38.0,-18.0
158.0,72.0,5.0,13.0,24.0,-83.0,0.0,55.0,-25.0,8.0
176.0,-108.0,24.0,-1.0,-137.0,-124.0,-211.0,240.0,-17.0,49.0
141.0,-78.0,15.0,13.0,-28.0,-16.0,-385.0,121.0,-38.0,80.0
106.0,-136.0,38.0,37.0,98.0,103.0,-260.0,-49.0,-29.0,126.0
103.0,-183.0,64.0,27.0,-8.0,60.0,-162.0,-218.0,-11.0,176.0
69.0,-91.0,74.0,39.0,-47.0,33.0,-4.0,-164.0,-9.0,209.0
92.0,-314.0,104.0,96.0,89.0,-35.0,291.0,-18.0,0.0,239.0
76.0,-292.0,116.0,91.0,-27.0,9.0,484.0,-16.0,0.0,277.0
85.0,88.0,72.0,45.0,-38.0,207.0,375.0,-277.0,11.0,304.0
49.0,-38.0,62.0,-13.0,90.0,277.0,206.0,-315.0,15.0,298.0
43.0,-51.0,99.0,-47.0,-70.0,386.0,90.0,-363.0,8.0,284.0
49.0,159.0,164.0,-25.0,-45.0,407.0,-67.0,-347.0,2.0,292.0
26.0,88.0,154.0,30.0,94.0,550.0,-178.0,120.0,0.0,283.0
53.0,233.0,98.0,110.0,-4.0,621.0,-86.0,266.0,13.0,248.0
69.0,270.0,98.0,141.0,-27.0,379.0,195.0,413.0,19.0,212.0
90.0,204.0,99.0,133.0,84.0,262.0,142.0,412.0,17.0,183.0
59.0,193.0,89.0,89.0,-55.0,191.0,-383.0,1.0,16.0,160.0
50.0,122.0,99.0,45.0,-65.0,256.0,-886.0,-378.0,14.0,133.0
5.0,-22.0,112.0,55.0,68.0,166.0,-798.0,-890.0,4.0,114.0
13.0,-85.0,85.0,98.0,54.0,58.0,-258.0,-764.0,25.0,96.0
21.0,25.0,117.0,146.0,131.0,60.0,40.0,-153.0,54.0,89.0
0.0,-26.0,116.0,169.0,93.0,-3.0,-180.0,147.0,37.0,104.0
0.0,-1.0,89.0,212.0,-58.0,-38.0,-543.0,310.0,37.0,110.0
5.0,-54.0,89.0,213.0,10.0,-125.0,-454.0,397.0,33.0,111.0
20.0,-104.0,24.0,143.0,126.0,94.0,-21.0,380.0,30.0,107.0
-17.0,-48.0,40.0,72.0,-27.0,234.0,324.0,205.0,41.0,112.0
-5.0,-28.0,74.0,12.0,-24.0,118.0,469.0,40.0,30.0,127.0
-9.0,29.0,60.0,28.0,65.0,114.0,624.0,-166.0,33.0,120.0
18.0,2.0,30.0,29.0,-56.0,257.0,862.0,-280.0,40.0,105.0
-1.0,83.0,31.0,0.0,-43.0,282.0,907.0,-450.0,41.0,102.0
6.0,122.0,41.0,0.0,-32.0,91.0,757.0,-742.0,50.0,96.0
29.0,151.0,86.0,-51.0,-3.0,179.0,709.0,-620.0,78.0,79.0
20.0,-5.0,137.0,-81.0,62.0,390.0,640.0,-674.0,111.0,58.0
40.0,-169.0,105.0,-55.0,-44.0,452.0,238.0,-652.0,137.0,24.0
38.0,54.0,140.0,-47.0,-70.0,282.0,-313.0,-240.0,134.0,3.0
98.0,-52.0,134.0,-54.0,16.0,177.0,-613.0,24.0,113.0,-22.0
80.0,-138.0,149.0,-33.0,92.0,465.0,-525.0,323.0,132.0,-42.0
99.0,-67.0,156.0,-3.0,-19.0,611.0,-292.0,330.0,134.0,-40.0
105.0,-158.0,120.0,-17.0,-132.0,415.0,-67.0,55.0,128.0,-53.0
138.0,-73.0,123.0,62.0,30.0,186.0,50.0,-218.0,137.0,-39.0
165.0,-88.0,77.0,184.0,52.0,131.0,-77.0,-328.0,130.0,-10.0
163.0,-41.0,66.0,228.0,28.0,220.0,-283.0,-249.0,125.0,13.0
226.0,88.0,23.0,196.0,-6.0,196.0,-216.0,-192.0,116.0,33.0
227.0,98.0,14.0,107.0,-41.0,121.0,82.0,-68.0,128.0,56.0
240.0,191.0,-11.0,37.0,80.0,139.0,238.0,-46.0,124.0,94.0
198.0,169.0,-18.0,-72.0,-10.0,244.0,252.0,125.0,97.0,114.0
213.0,62.0,26.0,-162.0,-130.0,344.0,74.0,11.0,87.0,127.0
240.0,149.0,1.0,-109.0,-7.0,327.0,-199.0,-317.0,57.0,120.0
243.0,207.0,5.0,-3.0,69.0,379.0,-85.0,-38.0,40.0,123.0
241.0,135.0,-3.0,17.0,-61.0,315.0,443.0,55.0,28.0,117.0
238.0,131.0,51.0,-6.0,-89.0,87.0,665.0,-177.0,0.0,84.0
252.0,225.0,40.0,-12.0,7.0,-61.0,93.0,-482.0,-13.0,66.0
206.0,225.0,2.0,-36.0,6.0,-112.0,-434.0,-672.0,-37.0,56.0
178.0,17.0,32.0,-117.0,49.0,-131.0,-154.0,-550.0,-57.0,66.0
127.0,139.0,17.0,-221.0,24.0,-250.0,309.0,-352.0,-66.0,75.0
105.0,37.0,91.0,-273.0,-82.0,-101.0,288.0,-9.0,-80.0,81.0
64.0,-228.0,55.0,-302.0,-14.0,89.0,121.0,267.0,-109.0,82.0
46.0,-38.0,29.0,-230.0,97.0,6.0,153.0,406.0,-121.0,84.0
64.0,-108.0,78.0,-103.0,59.0,-143.0,145.0,175.0,-112.0,93.0
71.0,-37.0,8.0,7.0,-19.0,-72.0,168.0,1.0,-109.0,99.0
55.0,-107.0,5.0,109.0,86.0,290.0,509.0,88.0,-100.0,107.0
11.0,-121.0,11.0,172.0,91.0,333.0,746.0,-153.0,-74.0,115.0
23.0,81.0,-17.0,227.0,-50.0,182.0,381.0,-158.0,-48.0,138.0
9.0,-145.0,-71.0,261.0,19.0,78.0,-223.0,-210.0,-40.0,152.0
9.0,-17.0,-100.0,256.0,-2.0,81.0,-359.0,-360.0,-27.0,157.0
1.0,36.0,-37.0,136.0,16.0,52.0,-62.0,-201.0,-7.0,139.0
30.0,-76.0,-49.0,-6.0,90.0,-198.0,130.0,-188.0,30.0,108.0
63.0,71.0,-116.0,-114.0,-116.0,-234.0,170.0,-212.0,47.0,89.0
49.0,84.0,-121.0,-197.0,-35.0,10.0,141.0,-297.0,35.0,56.0
52.0,0.0,-118.0,-213.0,108.0,181.0,27.0,-345.0,40.0,37.0
59.0,57.0,-95.0,-110.0,-131.0,114.0,-156.0,-251.0,42.0,17.0
98.0,132.0,-88.0,46.0,-76.0,169.0,-72.0,-134.0,31.0,-2.0
89.0,86.0,-114.0,67.0,9.0,307.0,339.0,-162.0,37.0,7.0
96.0,46.0,-72.0,39.0,-134.0,290.0,388.0,-219.0,52.0,25.0
112.0,26.0,-45.0,25.0,-15.0,142.0,-114.0,11.0,54.0,23.0
125.0,64.0,-16.0,47.0,-12.0,93.0,-523.0,-59.0,86.0,20.0
139.0,29.0,0.0,132.0,-43.0,27.0,-282.0,-123.0,117.0,62.0
142.0,61.0,-7.0,194.0,80.0,-166.0,216.0,79.0,99.0,104.0
181.0,45.0,10.0,150.0,16.0,-153.0,320.0,92.0,94.0,105.0
206.0,45.0,-15.0,53.0,-54.0,-121.0,34.0,-44.0,101.0,113.0
224.0,102.0,-29.0,-32.0,-36.0,36.0,-166.0,-426.0,87.0,121.0
218.0,43.0,6.0,-131.0,-2.0,53.0,-24.0,-426.0,100.0,116.0
238.0,140.0,-12.0,-146.0,-24.0,-163.0,317.0,-157.0,112.0,115.0
251.0,86.0,-80.0,-80.0,-104.0,-309.0,526.0,-157.0,120.0,88.0
229.0,94.0,-60.0,31.0,-7.0,-343.0,360.0,-142.0,125.0,66.0
214.0,26.0,-42.0,130.0,102.0,-85.0,137.0,-166.0,93.0,44.0
221.0,-18.0,-60.0,202.0,18.0,-106.0,6.0,-253.0,84.0,0.0
246.0,183.0,-79.0,224.0,35.0,-338.0,43.0,-515.0,64.0,-20.0
230.0,-25.0,-110.0,155.0,9.0,-442.0,336.0,-480.0,54.0,-54.0
230.0,-10.0,-171.0,97.0,-47.0,-268.0,601.0,-59.0,24.0,-92.0
218.0,17.0,-192.0,16.0,94.0,-48.0,496.0,249.0,4.0,-97.0
201.0,-48.0,-88.0,-56.0,-15.0,-206.0,-60.0,397.0,20.0,-104.0
182.0,135.0,-94.0,-90.0,-86.0,-248.0,-391.0,166.0,0.0,-108.0
157.0,99.0,-112.0,-107.0,134.0,-92.0,50.0,-42.0,11.0,-127.0
165.0,48.0,-89.0,-38.0,73.0,158.0,632.0,-229.0,1.0,-149.0
166.0,-96.0,-87.0,23.0,-29.0,8.0,392.0,-338.0,0.0,-139.0
150.0,-37.0,-57.0,-1.0,-30.0,-411.0,-363.0,-188.0,0.0,-146.0
117.0,84.0,-52.0,32.0,-67.0,-409.0,-679.0,-51.0,-10.0,-168.0
115.0,-28.0,-53.0,96.0,130.0,-217.0,-373.0,230.0,12.0,-168.0
129.0,72.0,-76.0,176.0,100.0,-171.0,-9.0,280.0,33.0,-158.0
110.0,107.0,-50.0,225.0,-131.0,-346.0,74.0,186.0,66.0,-151.0
87.0,-1.0,-25.0,175.0,-21.0,-157.0,-28.0,-123.0,72.0,-144.0
90.0,35.0,8.0,159.0,105.0,199.0,-152.0,-591.0,58.0,-119.0
124.0,187.0,-9.0,63.0,38.0,281.0,-125.0,-672.0,29.0,-106.0
138.0,299.0,-30.0,18.0,-30.0,285.0,-88.0,-596.0,6.0,-108.0
140.0,200.0,14.0,27.0,-49.0,229.0,182.0,-266.0,0.0,-95.0
129.0,-31.0,-1.0,-41.0,-28.0,220.0,453.0,-1.0,-21.0,-83.0
112.0,32.0,-18.0,31.0,49.0,47.0,208.0,225.0,-21.0,-83.0
102.0,26.0,-82.0,120.0,-20.0,-78.0,-193.0,436.0,-26.0,-93.0
73.0,-25.0,-95.0,83.0,-69.0,-40.0,-253.0,365.0,-37.0,-107.0
66.0,33.0,-99.0,-26.0,93.0,-104.0,251.0,371.0,-19.0,-108.0
67.0,-93.0,-140.0,-83.0,82.0,-75.0,789.0,133.0,-9.0,-109.0
77.0,-22.0,-116.0,-77.0,-73.0,-9.0,844.0,-144.0,1.0,-132.0
98.0,-93.0,-111.0,-33.0,-47.0,94.0,389.0,-362.0,13.0,-138.0
100.0,7.0,-128.0,-17.0,39.0,99.0,-136.0,-515.0,15.0,-134.0
83.0,96.0,-125.0,-63.0,33.0,-160.0,-234.0,-303.0,30.0,-142.0
50.0,-2.0,-116.0,-43.0,-12.0,-302.0,-94.0,-57.0,50.0,-145.0
26.0,138.0,-123.0,-35.0,-117.0,-146.0,-70.0,301.0,84.0,-133.0
5.0,-141.0,-109.0,-51.0,-53.0,27.0,-87.0,419.0,115.0,-97.0
14.0,-34.0,-132.0,-65.0,123.0,-116.0,-26.0,205.0,124.0,-79.0
18.0,242.0,-189.0,-58.0,23.0,-207.0,-257.0,-81.0,146.0,-53.0
10.0,48.0,-159.0,-51.0,-82.0,110.0,-671.0,-286.0,147.0,-14.0
37.0,-18.0,-127.0,-31.0,-3.0,179.0,-660.0,-273.0,121.0,19.0
65.0,27.0,-152.0,66.0,28.0,-95.0,-303.0,-354.0,127.0,43.0
57.0,71.0,-167.0,109.0,-19.0,-91.0,-188.0,-109.0,139.0,62.0
15.0,-136.0,-195.0,69.0,4.0,89.0,-327.0,158.0,144.0,105.0
-10.0,-81.0,-196.0,-7.0,44.0,227.0,-261.0,229.0,163.0,116.0
-4.0,-20.0,-140.0,-70.0,11.0,138.0,62.0,339.0,176.0,137.0
12.0,-287.0,-126.0,-114.0,50.0,-105.0,302.0,158.0,175.0,166.0
8.0,-262.0,-170.0,-184.0,-10.0,-133.0,154.0,46.0,140.0,182.0
24.0,-172.0,-168.0,-179.0,-31.0,-137.0,-194.0,-103.0,141.0,205.0
56.0,-116.0,-132.0,-124.0,92.0,-95.0,-188.0,-157.0,147.0,203.0
70.0,-56.0,-109.0,-99.0,26.0,-80.0,163.0,-112.0,123.0,234.0
72.0,-51.0,-109.0,-89.0,-26.0,-210.0,194.0,-88.0,124.0,259.0
55.0,6.0,-160.0,-81.0,-26.0,-332.0,21.0,22.0,112.0,251.0
59.0,101.0,-174.0,-57.0,-4.0,-342.0,61.0,-169.0,90.0,243.0
72.0,224.0,-175.0,-41.0,-6.0,-248.0,111.0,-236.0,60.0,234.0
82.0,358.0,-169.0,-85.0,-59.0,-319.0,75.0,-284.0,30.0,236.0
99.0,282.0,-183.0,-116.0,-25.0,-320.0,208.0,-249.0,12.0,207.0
108.0,336.0,-205.0,-62.0,21.0,-283.0,662.0,-12.0,12.0,185.0
121.0,422.0,-179.0,43.0,85.0,-317.0,988.0,151.0,-3.0,179.0
131.0,181.0,-161.0,130.0,16.0,-254.0,869.0,391.0,-4.0,180.0
126.0,207.0,-130.0,77.0,-49.0,-228.0,522.0,144.0,5.0,194.0
122.0,136.0,-102.0,3.0,15.0,-319.0,152.0,-266.0,-9.0,209.0
128.0,111.0,-101.0,-6.0,48.0,-527.0,-137.0,-541.0,22.0,231.0
125.0,131.0,-146.0,-6.0,-39.0,-595.0,-214.0,-672.0,15.0,238.0
105.0,-100.0,-61.0,-17.0,-76.0,-335.0,-311.0,-447.0,-30.0,265.0
120.0,7.0,24.0,-63.0,117.0,137.0,-620.0,-225.0,-41.0,278.0
130.0,127.0,-3.0,-96.0,46.0,281.0,-822.0,264.0,-49.0,259.0
107.0,65.0,52.0,-166.0,-74.0,39.0,-871.0,770.0,-49.0,235.0
91.0,-159.0,9.0,-173.0,52.0,-73.0,-981.0,936.0,-52.0,181.0
84.0,-30.0,-35.0,-89.0,8.0,104.0,-1050.0,580.0,-41.0,140.0
89.0,153.0,49.0,-61.0,3.0,122.0,-801.0,-84.0,-31.0,86.0
55.0,-17.0,48.0,-9.0,-31.0,-219.0,-474.0,-266.0,-39.0,26.0
32.0,111.0,13.0,3.0,-119.0,-216.0,-321.0,-391.0,-40.0,-14.0
22.0,159.0,-11.0,-31.0,47.0,49.0,-122.0,-504.0,-42.0,-55.0
21.0,32.0,-34.0,-14.0,87.0,161.0,170.0,-537.0,-51.0,-78.0
-3.0,-31.0,26.0,20.0,-1.0,2.0,369.0,-513.0,-64.0,-117.0
-24.0,-57.0,19.0,65.0,18.0,-51.0,468.0,-279.0,-60.0,-146.0
-4.0,-167.0,-13.0,67.0,73.0,10.0,548.0,-214.0,-37.0,-164.0
-17.0,-122.0,5.0,63.0,109.0,-198.0,498.0,-169.0,-51.0,-174.0
-29.0,-97.0,14.0,91.0,14.0,-174.0,455.0,-245.0,-34.0,-152.0
-50.0,-263.0,33.0,79.0,-39.0,-65.0,703.0,-314.0,-1.0,-115.0
-28.0,29.0,19.0,6.0,82.0,35.0,997.0,-260.0,-3.0,-67.0
-24.0,240.0,12.0,-89.0,160.0,36.0,787.0,-77.0,5.0,-36.0
-51.0,135.0,15.0,-146.0,36.0,-34.0,197.0,251.0,5.0,5.0
-70.0,125.0,30.0,-74.0,-75.0,16.0,-187.0,266.0,22.0,40.0
-95.0,211.0,19.0,6.0,-11.0,17.0,-144.0,319.0,34.0,51.0
-120.0,154.0,41.0,-32.0,98.0,-2.0,-91.0,317.0,42.0,59.0
-132.0,137.0,5.0,-128.0,17.0,-232.0,-406.0,131.0,68.0,43.0
-105.0,275.0,-79.0,-173.0,-154.0,-166.0,-813.0,-18.0,77.0,20.0
-87.0,204.0,-14.0,-156.0,-69.0,-7.0,-906.0,-201.0,84.0,-11.0
-76.0,341.0,-25.0,-144.0,44.0,-166.0,-549.0,-208.0,82.0,-46.0
-107.0,243.0,-85.0,-39.0,13.0,-360.0,-149.0,-230.0,68.0,-85.0
-97.0,38.0,-97.0,61.0,-117.0,-391.0,-164.0,-123.0,66.0,-121.0
-99.0,157.0,-106.0,75.0,-105.0,-51.0,-460.0,-57.0,43.0,-136.0
-99.0,142.0,-147.0,71.0,69.0,181.0,-489.0,-157.0,0.0,-142.0
-92.0,146.0,-171.0,34.0,59.0,236.0,-349.0,-127.0,-8.0,-149.0
-94.0,11.0,-119.0,34.0,-27.0,177.0,-350.0,-258.0,-23.0,-134.0
-56.0,-45.0,-169.0,-13.0,-84.0,183.0,-118.0,-291.0,-37.0,-112.0
-62.0,-107.0,-169.0,-46.0,17.0,244.0,388.0,-208.0,-40.0,-89.0
-48.0,-172.0,-108.0,19.0,142.0,95.0,770.0,-5.0,-71.0,-63.0
-70.0,-65.0,-94.0,36.0,24.0,77.0,735.0,227.0,-96.0,-37.0
-49.0,-97.0,-78.0,19.0,-115.0,221.0,485.0,155.0,-121.0,-4.0
-53.0,-175.0,-93.0,0.0,34.0,310.0,335.0,-5.0,-144.0,14.0
-83.0,-156.0,-93.0,-20.0,121.0,170.0,370.0,-400.0,-155.0,32.0
-47.0,72.0,-62.0,-140.0,-94.0,-20.0,490.0,-624.0,-172.0,38.0
-56.0,142.0,-74.0,-199.0,-59.0,-31.0,515.0,-517.0,-166.0,38.0
-34.0,224.0,-58.0,-100.0,44.0,41.0,486.0,-140.0,-159.0,29.0
-63.0,313.0,-39.0,-53.0,15.0,3.0,353.0,476.0,-153.0,18.0
-83.0,150.0,-55.0,-38.0,2.0,-82.0,119.0,753.0,-123.0,10.0
-83.0,81.0,-43.0,-24.0,-106.0,-83.0,-182.0,777.0,-106.0,-18.0
-116.0,159.0,-84.0,-22.0,-76.0,-11.0,-288.0,436.0,-84.0,-26.0
-103.0,85.0,-67.0,-31.0,114.0,54.0,-29.0,-27.0,-90.0,-24.0
-80.0,-114.0,-77.0,-38.0,60.0,-33.0,43.0,-450.0,-108.0,-24.0
-16.0,54.0,-156.0,-85.0,-57.0,-104.0,-315.0,-888.0,-93.0,-15.0
-6.0,-167.0,-107.0,-101.0,91.0,-102.0,-512.0,-925.0,-111.0,-29.0
-30.0,-497.0,-130.0,-84.0,58.0,-137.0,-218.0,-698.0,-129.0,-14.0
-11.0,-129.0,-149.0,-114.0,-72.0,-147.0,-1.0,-55.0,-121.0,21.0
-23.0,31.0,-33.0,-176.0,8.0,45.0,-96.0,545.0,-113.0,29.0
-45.0,-74.0,-18.0,-211.0,26.0,25.0,-27.0,877.0,-122.0,45.0
-91.0,-35.0,-9.0,-169.0,53.0,-336.0,140.0,1112.0,-116.0,62.0
-67.0,-37.0,-39.0,-175.0,137.0,-369.0,10.0,833.0,-96.0,72.0
-25.0,-16.0,-41.0,-168.0,-63.0,-150.0,-137.0,495.0,-112.0,71.0
-31.0,205.0,39.0,-90.0,-149.0,-122.0,-34.0,70.0,-79.0,61.0
-35.0,58.0,68.0,-50.0,202.0,-235.0,132.0,-541.0,-63.0,44.0
-44.0,-56.0,67.0,-85.0,148.0,-141.0,338.0,-1008.0,-79.0,16.0
-9.0,189.0,37.0,-110.0,-145.0,62.0,596.0,-1147.0,-56.0,-10.0
-32.0,108.0,114.0,-105.0,-70.0,190.0,486.0,-936.0,-49.0,-26.0
-48.0,-2.0,72.0,-72.0,26.0,118.0,-85.0,-541.0,-25.0,-56.0
-44.0,-33.0,11.0,21.0,1.0,-133.0,-454.0,269.0,-14.0,-104.0
-23.0,135.0,-20.0,92.0,-51.0,-97.0,-423.0,829.0,-11.0,-113.0
-33.0,67.0,-83.0,116.0,-43.0,-6.0,-307.0,857.0,-7.0,-108.0
-84.0,-281.0,-38.0,137.0,-24.0,-106.0,-182.0,777.0,-15.0,-119.0
-83.0,-238.0,-75.0,195.0,42.0,-154.0,19.0,443.0,-8.0,-126.0
-114.0,-133.0,-95.0,140.0,16.0,-90.0,176.0,-1.0,-20.0,-117.0
-118.0,-18.0,-103.0,68.0,-90.0,-3.0,107.0,-502.0,-19.0,-110.0
-129.0,-81.0,-115.0,65.0,18.0,-154.0,-64.0,-848.0,-14.0,-114.0
-118.0,-59.0,-92.0,-20.0,88.0,-335.0,-67.0,-949.0,-8.0,-104.0
-125.0,-38.0,-122.0,-41.0,-17.0,-237.0,176.0,-711.0,14.0,-111.0
-161.0,-20.0,-150.0,-32.0,-101.0,-47.0,333.0,-186.0,7.0,-116.0
-175.0,168.0,-141.0,-96.0,-45.0,-95.0,103.0,179.0,-5.0,-115.0
-192.0,28.0,-113.0,-118.0,92.0,-239.0,-240.0,631.0,0.0,-118.0
-174.0,45.0,-66.0,-117.0,73.0,-91.0,-301.0,790.0,7.0,-119.0
-188.0,250.0,-67.0,-130.0,-129.0,2.0,-240.0,526.0,15.0,-135.0
-190.0,214.0,-58.0,-101.0,-53.0,-36.0,-257.0,240.0,11.0,-138.0
-162.0,-65.0,-58.0,-34.0,144.0,20.0,-322.0,-55.0,-1.0,-140.0
-110.0,25.0,-57.0,-31.0,-27.0,164.0,-430.0,-206.0,0.0,-144.0
-113.0,-14.0,-24.0,-91.0,-166.0,122.0,-529.0,-341.0,9.0,-138.0
-135.0,-305.0,-64.0,-68.0,-15.0,-156.0,-486.0,-169.0,-1.0,-132.0
-107.0,-184.0,-58.0,-58.0,46.0,-310.0,-126.0,-9.0,-5.0,-105.0
-86.0,-198.0,-53.0,-48.0,-4.0,-311.0,377.0,24.0,0.0,-99.0
-87.0,-7.0,-77.0,-40.0,10.0,-79.0,740.0,304.0,4.0,-88.0
-88.0,30.0,-93.0,-37.0,-53.0,-38.0,751.0,325.0,16.0,-55.0
-77.0,-126.0,-63.0,7.0,20.0,-219.0,643.0,227.0,25.0,-58.0
-67.0,130.0,-51.0,-50.0,61.0,-290.0,861.0,110.0,28.0,-50.0
-35.0,274.0,-117.0,11.0,-165.0,-190.0,965.0,123.0,38.0,-30.0
-35.0,-10.0,-37.0,175.0,-189.0,131.0,395.0,94.0,50.0,-15.0
-37.0,-95.0,-44.0,211.0,61.0,35.0,-390.0,-70.0,36.0,-7.0
-37.0,178.0,-133.0,79.0,68.0,-319.0,-663.0,14.0,1.0,-10.0
-26.0,-7.0,-82.0,-37.0,-101.0,-344.0,-581.0,-53.0,-11.0,9.0
-22.0,-62.0,-83.0,-67.0,-55.0,-17.0,-558.0,-51.0,-18.0,1.0
-35.0,92.0,-83.0,-170.0,-28.0,173.0,-730.0,-46.0,-32.0,-20.0
-57.0,-31.0,-90.0,-236.0,74.0,-47.0,-992.0,1.0,-30.0,0.0
-85.0,-33.0,-81.0,-211.0,-44.0,-170.0,-1120.0,308.0,-45.0,11.0
-76.0,-164.0,-51.0,-171.0,-232.0,-84.0,-1048.0,460.0,-67.0,6.0
-77.0,-367.0,-78.0,-179.0,5.0,-37.0,-810.0,552.0,-80.0,9.0
-65.0,-219.0,-53.0,-167.0,115.0,-167.0,-509.0,328.0,-83.0,31.0
-86.0,29.0,-57.0,-123.0,-33.0,-231.0,-112.0,-11.0,-70.0,67.0
-92.0,-170.0,-52.0,-72.0,-65.0,-54.0,163.0,-234.0,-67.0,87.0
-102.0,-230.0,-11.0,-48.0,48.0,113.0,154.0,-279.0,-60.0,108.0
-147.0,25.0,-7.0,-55.0,28.0,247.0,286.0,25.0,-46.0,130.0
-187.0,-78.0,-14.0,-64.0,-34.0,382.0,660.0,203.0,-52.0,144.0
-189.0,-77.0,-44.0,-118.0,-102.0,362.0,777.0,447.0,-51.0,150.0
-165.0,-11.0,-33.0,-215.0,-10.0,233.0,627.0,593.0,-43.0,161.0
-166.0,-88.0,-32.0,-344.0,89.0,89.0,581.0,441.0,-58.0,168.0
-154.0,-101.0,-28.0,-344.0,0.0,70.0,642.0,120.0,-59.0,153.0
-190.0,-30.0,36.0,-260.0,-33.0,121.0,567.0,-341.0,-45.0,138.0
-197.0,-102.0,4.0,-266.0,-73.0,85.0,297.0,-415.0,-53.0,131.0
-196.0,-81.0,5.0,-314.0,19.0,9.0,102.0,-256.0,-45.0,111.0
-177.0,2.0,30.0,-283.0,101.0,-73.0,-38.0,151.0,-25.0,59.0
-155.0,-169.0,37.0,-115.0,-49.0,3.0,-216.0,593.0,-24.0,28.0
-142.0,-65.0,48.0,74.0,-132.0,-20.0,-347.0,807.0,-47.0,7.0
-111.0,-80.0,-33.0,181.0,65.0,-202.0,-247.0,885.0,-57.0,-27.0
-102.0,-69.0,-6.0,208.0,36.0,-187.0,-52.0,509.0,-55.0,-37.0
-90.0,-109.0,-56.0,217.0,-108.0,-16.0,-187.0,77.0,-61.0,-54.0
-114.0,-178.0,-72.0,159.0,46.0,45.0,-425.0,-314.0,-59.0,-65.0
-106.0,119.0,-25.0,59.0,59.0,-131.0,-543.0,-423.0,-60.0,-51.0
-104.0,-21.0,-61.0,-36.0,23.0,-138.0,-539.0,-279.0,-70.0,-43.0
-65.0,-187.0,-43.0,-110.0,-44.0,93.0,-518.0,-157.0,-75.0,-18.0
-53.0,56.0,-59.0,-107.0,-108.0,92.0,-580.0,253.0,-61.0,-7.0
-66.0,223.0,-47.0,-190.0,50.0,-156.0,-584.0,498.0,-50.0,-7.0
-63.0,-45.0,-72.0,-215.0,70.0,-307.0,-537.0,667.0,-54.0,12.0
-72.0,-25.0,-74.0,-170.0,-80.0,-242.0,-451.0,713.0,-61.0,7.0
-70.0,144.0,-97.0,-212.0,-125.0,-148.0,-306.0,497.0,-62.0,-2.0
-112.0,-155.0,-70.0,-170.0,14.0,-184.0,-104.0,345.0,-60.0,-9.0
-107.0,-4.0,-65.0,-187.0,108.0,-187.0,38.0,151.0,-66.0,-27.0
-116.0,13.0,-102.0,-239.0,-83.0,-225.0,134.0,75.0,-69.0,-29.0
-101.0,-288.0,-35.0,-119.0,-141.0,-424.0,258.0,-36.0,-64.0,-40.0
-102.0,-190.0,-95.0,0.0,74.0,-569.0,468.0,97.0,-75.0,-57.0
-121.0,-130.0,-102.0,51.0,86.0,-535.0,662.0,469.0,-80.0,-62.0
-135.0,-282.0,-83.0,78.0,-11.0,-379.0,551.0,604.0,-75.0,-62.0
-166.0,-369.0,-94.0,52.0,-40.0,-421.0,207.0,659.0,-86.0,-66.0
-161.0,-156.0,-78.0,51.0,-48.0,-523.0,-121.0,522.0,-82.0,-76.0
-168.0,-128.0,-104.0,-27.0,78.0,-345.0,-321.0,399.0,-71.0,-63.0
-155.0,-135.0,-143.0,-63.0,80.0,-14.0,-436.0,173.0,-68.0,-61.0
-161.0,-10.0,-130.0,20.0,-91.0,-39.0,-490.0,-103.0,-66.0,-66.0
-145.0,-67.0,-90.0,-19.0,9.0,-417.0,-539.0,-197.0,-67.0,-57.0
-142.0,100.0,-90.0,-38.0,129.0,-503.0,-528.0,-299.0,-49.0,-58.0
-145.0,88.0,-79.0,27.0,33.0,-348.0,-365.0,-168.0,-41.0,-55.0
-144.0,65.0,-64.0,55.0,-60.0,-214.0,-30.0,-94.0,-33.0,-72.0
-138.0,240.0,-51.0,34.0,-91.0,-320.0,424.0,-60.0,-20.0,-84.0
-89.0,91.0,-31.0,21.0,57.0,-480.0,588.0,77.0,-15.0,-73.0
-64.0,-145.0,-9.0,-1.0,94.0,-474.0,268.0,232.0,4.0,-96.0
-43.0,-68.0,-54.0,-54.0,-86.0,-527.0,-95.0,327.0,15.0,-122.0
-39.0,24.0,-43.0,-117.0,-57.0,-646.0,-44.0,99.0,1.0,-126.0
-29.0,-203.0,-17.0,-111.0,90.0,-692.0,216.0,168.0,-11.0,-139.0
-12.0,-170.0,-59.0,-55.0,-3.0,-465.0,365.0,351.0,-20.0,-164.0
-15.0,-50.0,-60.0,-43.0,-35.0,-263.0,341.0,430.0,-31.0,-172.0
-27.0,-158.0,-71.0,23.0,-23.0,-294.0,135.0,452.0,-24.0,-167.0
-24.0,-162.0,-50.0,75.0,-91.0,-347.0,-73.0,158.0,-8.0,-164.0
-30.0,-53.0,-41.0,117.0,48.0,-296.0,-112.0,51.0,-14.0,-150.0
-23.0,-160.0,-73.0,120.0,-31.0,-139.0,-115.0,-70.0,-20.0,-142.0
-27.0,-95.0,-82.0,89.0,-146.0,-37.0,-268.0,-166.0,0.0,-129.0
-60.0,90.0,-91.0,30.0,-1.0,28.0,-387.0,-157.0,22.0,-105.0
-80.0,-147.0,-78.0,10.0,36.0,8.0,-388.0,16.0,27.0,-89.0
-118.0,1.0,-40.0,116.0,-5.0,11.0,-440.0,591.0,32.0,-82.0
-138.0,220.0,-49.0,114.0,-92.0,211.0,-533.0,936.0,46.0,-78.0
-149.0,110.0,-49.0,108.0,-60.0,236.0,-437.0,1106.0,48.0,-74.0
-151.0,43.0,-66.0,53.0,55.0,150.0,-265.0,944.0,44.0,-63.0
-162.0,140.0,-65.0,8.0,-78.0,156.0,-216.0,532.0,58.0,-52.0
-159.0,172.0,-25.0,83.0,-172.0,203.0,-97.0,103.0,59.0,-72.0
-148.0,-22.0,-78.0,10.0,11.0,251.0,166.0,-428.0,50.0,-76.0
-183.0,-7.0,-58.0,-120.0,93.0,79.0,283.0,-521.0,42.0,-64.0
-212.0,-79.0,-45.0,-135.0,26.0,13.0,-14.0,-375.0,16.0,-68.0
-218.0,-78.0,-73.0,-82.0,-59.0,-43.0,-316.0,-27.0,-7.0,-92.0
-188.0,-151.0,-76.0,-76.0,-100.0,-186.0,-284.0,295.0,-21.0,-112.0
-161.0,-289.0,-80.0,-123.0,21.0,-192.0,-214.0,406.0,-32.0,-121.0
-145.0,-148.0,-65.0,-165.0,29.0,-260.0,-269.0,639.0,-32.0,-136.0
-135.0,-59.0,-110.0,-114.0,-105.0,-273.0,-348.0,633.0,-38.0,-123.0
-124.0,-98.0,-97.0,-14.0,-11.0,-364.0,-213.0,498.0,-29.0,-104.0
-124.0,-193.0,-53.0,-23.0,111.0,-434.0,198.0,271.0,-11.0,-111.0
-139.0,-37.0,-27.0,-55.0,39.0,-333.0,495.0,125.0,14.0,-120.0
-155.0,58.0,-34.0,-20.0,-11.0,-253.0,462.0,99.0,64.0,-122.0
-150.0,85.0,-44.0,19.0,-54.0,-256.0,243.0,20.0,80.0,-130.0
-104.0,-57.0,-52.0,21.0,-4.0,-227.0,-7.0,166.0,85.0,-157.0
-100.0,-54.0,-76.0,-17.0,94.0,56.0,-109.0,234.0,100.0,-207.0
-87.0,241.0,-19.0,-3.0,-92.0,250.0,-130.0,430.0,88.0,-227.0
-88.0,56.0,-32.0,11.0,-143.0,62.0,-253.0,498.0,81.0,-229.0
-135.0,39.0,-26.0,-37.0,64.0,-131.0,-427.0,299.0,78.0,-245.0
-146.0,162.0,12.0,-84.0,67.0,-8.0,-475.0,273.0,70.0,-249.0
-168.0,129.0,-9.0,-162.0,-38.0,172.0,-357.0,142.0,71.0,-233.0
-185.0,38.0,24.0,-128.0,-78.0,145.0,-247.0,25.0,62.0,-198.0
-189.0,-58.0,42.0,-14.0,1.0,159.0,-355.0,-144.0,43.0,-179.0
-157.0,-105.0,47.0,29.0,5.0,352.0,-471.0,-168.0,42.0,-160.0
-146.0,-180.0,76.0,77.0,-84.0,253.0,-225.0,-107.0,46.0,-123.0
-177.0,25.0,75.0,81.0,-111.0,-83.0,25.0,-12.0,42.0,-79.0
-193.0,-168.0,67.0,-6.0,-44.0,-208.0,-38.0,349.0,33.0,-59.0
-235.0,-258.0,117.0,-71.0,52.0,-75.0,-18.0,498.0,30.0,-43.0
-222.0,232.0,93.0,-100.0,15.0,67.0,258.0,606.0,42.0,-10.0
-201.0,109.0,106.0,-199.0,-69.0,52.0,243.0,423.0,38.0,-10.0
-196.0,-111.0,134.0,-237.0,-54.0,257.0,-157.0,11.0,36.0,-1.0
-206.0,178.0,61.0,-186.0,113.0,473.0,-339.0,-199.0,36.0,-12.0
-211.0,272.0,105.0,-169.0,38.0,374.0,-122.0,-236.0,26.0,-34.0
-179.0,12.0,92.0,-126.0,-160.0,109.0,224.0,59.0,32.0,-47.0
-163.0,-186.0,85.0,-102.0,-35.0,42.0,336.0,214.0,29.0,-81.0
-149.0,-98.0,88.0,-101.0,103.0,254.0,113.0,256.0,19.0,-85.0
-127.0,-13.0,53.0,-54.0,33.0,396.0,-77.0,234.0,23.0,-86.0
-87.0,-256.0,85.0,-60.0,-73.0,300.0,166.0,94.0,39.0,-91.0
-91.0,-384.0,64.0,-106.0,-16.0,33.0,395.0,48.0,67.0,-79.0
-72.0,-304.0,68.0,-112.0,84.0,18.0,170.0,-105.0,80.0,-48.0
-62.0,-224.0,92.0,-79.0,68.0,56.0,-97.0,-121.0,73.0,-13.0
-78.0,-153.0,99.0,8.0,-96.0,79.0,-272.0,-44.0,72.0,24.0
-60.0,-323.0,65.0,100.0,-93.0,273.0,-455.0,164.0,65.0,66.0
-68.0,-289.0,65.0,182.0,89.0,392.0,-632.0,345.0,80.0,108.0
-64.0,-96.0,105.0,190.0,18.0,289.0,-587.0,299.0,96.0,157.0
-64.0,-68.0,75.0,179.0,-4.0,36.0,-361.0,371.0,107.0,173.0
-77.0,-127.0,98.0,113.0,23.0,-66.0,-280.0,271.0,134.0,177.0
-86.0,-121.0,133.0,-10.0,-28.0,-154.0,-186.0,253.0,134.0,181.0
-86.0,232.0,129.0,-34.0,93.0,-270.0,148.0,131.0,138.0,174.0
-107.0,193.0,158.0,-84.0,48.0,-265.0,509.0,-173.0,137.0,148.0
-144.0,-112.0,173.0,-91.0,-112.0,-93.0,416.0,-129.0,102.0,115.0
-165.0,-11.0,160.0,-96.0,3.0,-83.0,1.0,-158.0,69.0,104.0
-165.0,219.0,174.0,-142.0,102.0,-300.0,-106.0,-314.0,34.0,70.0
-155.0,154.0,187.0,-105.0,-56.0,-267.0,43.0,-448.0,-9.0,24.0
-158.0,-124.0,168.0,-59.0,-126.0,-250.0,63.0,-75.0,-32.0,-10.0
-140.0,-102.0,205.0,-2.0,54.0,-416.0,73.0,375.0,-41.0,-49.0
-146.0,-8.0,187.0,34.0,137.0,-541.0,57.0,391.0,-47.0,-91.0
-139.0,21.0,167.0,30.0,61.0,-464.0,-114.0,395.0,-58.0,-103.0
-128.0,-65.0,178.0,19.0,-75.0,-269.0,-300.0,116.0,-85.0,-104.0
-136.0,-52.0,116.0,31.0,-95.0,-157.0,-285.0,-24.0,-89.0,-117.0
-130.0,-13.0,145.0,53.0,44.0,-67.0,-120.0,-166.0,-92.0,-124.0
-141.0,-76.0,110.0,55.0,-28.0,109.0,-218.0,-461.0,-86.0,-122.0
-130.0,-107.0,57.0,101.0,-79.0,202.0,-367.0,-461.0,-43.0,-112.0
-136.0,-255.0,89.0,142.0,16.0,135.0,-265.0,-240.0,-33.0,-126.0
-123.0,-51.0,63.0,122.0,48.0,282.0,39.0,249.0,-18.0,-139.0
-101.0,146.0,54.0,106.0,63.0,481.0,390.0,395.0,13.0,-141.0
-86.0,8.0,15.0,125.0,-20.0,469.0,480.0,402.0,11.0,-163.0
-73.0,-183.0,40.0,146.0,1.0,196.0,373.0,478.0,16.0,-175.0
-88.0,39.0,83.0,88.0,53.0,39.0,331.0,323.0,23.0,-170.0
-89.0,278.0,31.0,9.0,33.0,237.0,439.0,212.0,34.0,-169.0
-83.0,-1.0,19.0,-38.0,1.0,282.0,461.0,-66.0,43.0,-158.0
-44.0,16.0,-9.0,-35.0,-104.0,206.0,340.0,-155.0,43.0,-143.0
-18.0,205.0,-25.0,0.0,0.0,252.0,218.0,-84.0,35.0,-138.0
-4.0,112.0,9.0,-20.0,106.0,360.0,146.0,-60.0,19.0,-128.0
-7.0,60.0,13.0,37.0,-3.0,246.0,190.0,0.0,29.0,-106.0
-23.0,262.0,29.0,103.0,-9.0,35.0,261.0,-18.0,15.0,-87.0
-23.0,106.0,13.0,78.0,80.0,36.0,112.0,155.0,-27.0,-74.0
-29.0,-81.0,44.0,29.0,-40.0,10.0,-166.0,66.0,-45.0,-53.0
-27.0,6.0,87.0,54.0,-115.0,-76.0,-327.0,-83.0,-66.0,-39.0
-37.0,-136.0,57.0,105.0,-24.0,62.0,-424.0,-70.0,-76.0,-23.0
-28.0,-88.0,79.0,17.0,-56.0,223.0,-474.0,-55.0,-75.0,-3.0
2.0,150.0,70.0,-40.0,24.0,185.0,-551.0,147.0,-81.0,7.0
-3.0,167.0,69.0,-25.0,18.0,-6.0,-699.0,214.0,-73.0,29.0
-26.0,-130.0,71.0,-16.0,-133.0,-259.0,-768.0,415.0,-61.0,44.0
-8.0,1.0,32.0,-34.0,-3.0,-239.0,-663.0,565.0,-70.0,47.0
-10.0,43.0,40.0,-101.0,28.0,-5.0,-612.0,463.0,-79.0,65.0
-14.0,-314.0,37.0,-202.0,-112.0,160.0,-654.0,230.0,-99.0,74.0
-12.0,-119.0,32.0,-263.0,-20.0,-13.0,-514.0,-25.0,-106.0,59.0
-17.0,-174.0,37.0,-262.0,-37.0,-112.0,-254.0,36.0,-105.0,38.0
-4.0,-237.0,20.0,-217.0,-64.0,27.0,-126.0,-7.0,-109.0,26.0
5.0,-163.0,-32.0,-155.0,53.0,-91.0,-154.0,20.0,-83.0,11.0
7.0,-98.0,23.0,-115.0,-18.0,-238.0,57.0,25.0,-97.0,-16.0
-18.0,102.0,32.0,-2.0,19.0,-233.0,436.0,-94.0,-91.0,-37.0
-34.0,-95.0,-65.0,37.0,47.0,-83.0,567.0,16.0,-54.0,-42.0
-23.0,-108.0,-17.0,43.0,-42.0,-69.0,585.0,73.0,-36.0,-41.0
-12.0,-159.0,-35.0,144.0,-72.0,-234.0,800.0,131.0,-3.0,-40.0
-21.0,7.0,-58.0,291.0,-70.0,-305.0,1121.0,86.0,5.0,-30.0
-9.0,248.0,15.0,373.0,21.0,-321.0,1268.0,73.0,22.0,-9.0
-2.0,-4.0,30.0,263.0,-2.0,-346.0,1181.0,-48.0,43.0,1.0
-3.0,196.0,64.0,236.0,-42.0,-241.0,831.0,-254.0,65.0,14.0
16.0,320.0,95.0,269.0,11.0,19.0,367.0,-110.0,95.0,48.0
29.0,174.0,74.0,204.0,-23.0,113.0,-2.0,-9.0,121.0,59.0
19.0,171.0,70.0,85.0,-90.0,64.0,-226.0,254.0,138.0,55.0
-6.0,124.0,97.0,-42.0,-13.0,-66.0,-465.0,452.0,117.0,81.0
-17.0,56.0,99.0,-58.0,-33.0,-121.0,-658.0,413.0,110.0,112.0
-34.0,-36.0,77.0,-19.0,-89.0,17.0,-609.0,421.0,103.0,118.0
-27.0,-61.0,69.0,40.0,44.0,131.0,-509.0,227.0,95.0,128.0
-31.0,-10.0,62.0,74.0,-42.0,102.0,-543.0,105.0,94.0,145.0
-31.0,11.0,75.0,79.0,-56.0,48.0,-626.0,5.0,72.0,148.0
7.0,11.0,103.0,141.0,71.0,216.0,-591.0,55.0,57.0,147.0
20.0,5.0,85.0,209.0,-11.0,337.0,-615.0,66.0,27.0,155.0
0.0,-193.0,58.0,286.0,37.0,285.0,-608.0,-147.0,13.0,146.0
-12.0,-166.0,20.0,259.0,70.0,362.0,-312.0,-182.0,18.0,119.0
25.0,-24.0,36.0,108.0,2.0,503.0,179.0,-238.0,-20.0,97.0
56.0,-11.0,113.0,13.0,49.0,502.0,571.0,-48.0,-63.0,90.0
45.0,-14.0,82.0,-8.0,24.0,300.0,617.0,79.0,-101.0,79.0
34.0,-155.0,96.0,58.0,-7.0,184.0,459.0,92.0,-152.0,51.0
55.0,-74.0,83.0,98.0,61.0,185.0,321.0,308.0,-161.0,46.0
57.0,-119.0,17.0,38.0,40.0,30.0,323.0,280.0,-161.0,58.0
50.0,-112.0,86.0,-26.0,14.0,20.0,411.0,195.0,-157.0,55.0
36.0,-81.0,77.0,-22.0,2.0,84.0,518.0,-20.0,-121.0,63.0
20.0,-213.0,61.0,66.0,-11.0,193.0,426.0,-168.0,-115.0,82.0
19.0,-214.0,75.0,102.0,104.0,415.0,135.0,-182.0,-94.0,89.0
35.0,-147.0,20.0,86.0,43.0,286.0,-84.0,-182.0,-62.0,95.0
57.0,75.0,-2.0,86.0,-37.0,118.0,-401.0,-25.0,-54.0,84.0
50.0,-2.0,12.0,100.0,-3.0,75.0,-728.0,-46.0,-40.0,71.0
70.0,85.0,0.0,77.0,-44.0,62.0,-618.0,12.0,-31.0,59.0
38.0,131.0,6.0,82.0,16.0,35.0,-196.0,88.0,-11.0,21.0
9.0,-10.0,20.0,131.0,32.0,-3.0,-34.0,131.0,5.0,-8.0
4.0,12.0,27.0,63.0,-22.0,202.0,-272.0,225.0,37.0,-34.0
-17.0,-16.0,43.0,14.0,46.0,187.0,-509.0,214.0,55.0,-61.0
-24.0,160.0,-15.0,32.0,87.0,36.0,-392.0,149.0,67.0,-96.0
-40.0,-8.0,24.0,-19.0,-16.0,39.0,-155.0,-238.0,90.0,-120.0
-15.0,-32.0,33.0,-26.0,-62.0,100.0,44.0,-504.0,80.0,-135.0
-31.0,82.0,-37.0,26.0,-40.0,172.0,349.0,-526.0,82.0,-160.0
-64.0,18.0,-51.0,-38.0,11.0,42.0,500.0,-461.0,78.0,-165.0
-63.0,195.0,-73.0,-85.0,-22.0,22.0,242.0,-153.0,74.0,-173.0
-46.0,160.0,-50.0,31.0,-72.0,212.0,-89.0,36.0,71.0,-169.0
-20.0,62.0,-23.0,122.0,99.0,321.0,-124.0,279.0,48.0,-166.0
-14.0,9.0,-27.0,155.0,88.0,159.0,-99.0,345.0,46.0,-168.0
-1.0,36.0,-48.0,92.0,-18.0,-43.0,-95.0,203.0,44.0,-162.0
-12.0,52.0,-48.0,-65.0,-16.0,70.0,-75.0,184.0,18.0,-150.0
-22.0,-57.0,-64.0,-193.0,-111.0,287.0,-201.0,162.0,3.0,-133.0
-47.0,-102.0,-56.0,-191.0,-113.0,262.0,-464.0,225.0,3.0,-143.0
-59.0,-23.0,-56.0,-124.0,24.0,118.0,-607.0,173.0,-9.0,-122.0
-38.0,-115.0,-59.0,-143.0,-12.0,198.0,-454.0,227.0,-9.0,-109.0
-21.0,-328.0,-18.0,-145.0,-8.0,298.0,-209.0,275.0,-10.0,-106.0
9.0,-189.0,-49.0,-86.0,121.0,255.0,-1.0,205.0,-20.0,-70.0
41.0,-68.0,-11.0,-81.0,10.0,135.0,0.0,203.0,-19.0,-46.0
81.0,-76.0,-11.0,-51.0,-45.0,122.0,-292.0,-27.0,-20.0,-27.0
86.0,-47.0,-32.0,134.0,-37.0,355.0,-604.0,-219.0,-30.0,-19.0
79.0,48.0,22.0,233.0,-57.0,544.0,-483.0,-474.0,-36.0,9.0
96.0,57.0,23.0,207.0,32.0,582.0,54.0,-604.0,-38.0,37.0
100.0,101.0,64.0,183.0,58.0,610.0,473.0,-535.0,-44.0,41.0
115.0,273.0,55.0,148.0,44.0,645.0,614.0,-484.0,-40.0,54.0
163.0,109.0,10.0,158.0,67.0,632.0,604.0,-177.0,-43.0,57.0
200.0,-9.0,3.0,164.0,71.0,592.0,603.0,22.0,-34.0,68.0
214.0,-40.0,78.0,222.0,41.0,509.0,535.0,164.0,-12.0,67.0
210.0,64.0,134.0,354.0,-7.0,445.0,385.0,171.0,-15.0,49.0
183.0,144.0,98.0,448.0,-38.0,333.0,248.0,219.0,-30.0,32.0
177.0,46.0,50.0,453.0,-12.0,131.0,15.0,373.0,-51.0,2.0
168.0,83.0,22.0,350.0,-10.0,148.0,-298.0,190.0,-64.0,-11.0
181.0,-100.0,83.0,236.0,89.0,408.0,-486.0,109.0,-52.0,-43.0
171.0,-118.0,33.0,103.0,79.0,659.0,-527.0,-59.0,-26.0,-86.0
155.0,-135.0,80.0,-64.0,-55.0,630.0,-551.0,-299.0,0.0,-123.0
171.0,-110.0,91.0,-157.0,11.0,377.0,-532.0,-419.0,16.0,-163.0
142.0,41.0,48.0,-233.0,-2.0,205.0,-620.0,-406.0,33.0,-179.0
110.0,-52.0,122.0,-204.0,-88.0,97.0,-859.0,-173.0,60.0,-211.0
69.0,-54.0,56.0,-128.0,-71.0,40.0,-1019.0,-92.0,66.0,-253.0
74.0,-98.0,60.0,-120.0,8.0,91.0,-913.0,81.0,82.0,-276.0
75.0,97.0,42.0,6.0,30.0,221.0,-620.0,182.0,123.0,-293.0
82.0,200.0,15.0,136.0,64.0,301.0,-364.0,197.0,125.0,-312.0
96.0,46.0,17.0,184.0,111.0,314.0,-99.0,179.0,121.0,-336.0
96.0,-37.0,27.0,257.0,-7.0,266.0,258.0,-44.0,145.0,-339.0
122.0,-52.0,10.0,271.0,-33.0,200.0,563.0,-101.0,151.0,-325.0
104.0,55.0,-17.0,140.0,2.0,173.0,572.0,-229.0,137.0,-296.0
109.0,68.0,-36.0,8.0,-25.0,72.0,342.0,-269.0,129.0,-275.0
98.0,93.0,-97.0,-114.0,35.0,146.0,195.0,-227.0,120.0,-248.0
107.0,13.0,-56.0,-178.0,48.0,375.0,472.0,-168.0,98.0,-208.0
115.0,-118.0,-127.0,-126.0,18.0,616.0,828.0,73.0,84.0,-191.0
120.0,-164.0,-31.0,-7.0,68.0,812.0,684.0,157.0,66.0,-160.0
147.0,-87.0,24.0,196.0,17.0,709.0,222.0,243.0,25.0,-133.0
155.0,-191.0,-110.0,284.0,-83.0,542.0,-10.0,157.0,0.0,-119.0
170.0,-136.0,-62.0,270.0,-7.0,489.0,102.0,-27.0,-30.0,-89.0
180.0,65.0,-67.0,208.0,44.0,484.0,91.0,-158.0,-67.0,-67.0
210.0,-88.0,-82.0,103.0,-123.0,393.0,40.0,-321.0,-77.0,-52.0
199.0,-28.0,-58.0,48.0,-87.0,341.0,182.0,-219.0,-124.0,-57.0
176.0,5.0,-63.0,6.0,82.0,418.0,89.0,-121.0,-155.0,-62.0
152.0,-18.0,-89.0,-22.0,4.0,418.0,-214.0,105.0,-157.0,-52.0
128.0,-133.0,-89.0,-64.0,7.0,372.0,-273.0,206.0,-196.0,-54.0
108.0,-179.0,-81.0,-32.0,-40.0,202.0,-420.0,31.0,-204.0,-67.0
110.0,-18.0,-44.0,18.0,-177.0,-58.0,-716.0,-127.0,-193.0,-80.0
106.0,-67.0,1.0,21.0,-56.0,-94.0,-607.0,-332.0,-168.0,-71.0
89.0,-37.0,-24.0,24.0,34.0,13.0,-392.0,-173.0,-127.0,-80.0
81.0,74.0,-38.0,58.0,-30.0,125.0,-239.0,-101.0,-101.0,-88.0
24.0,184.0,14.0,50.0,-26.0,225.0,84.0,-181.0,-86.0,-84.0
-10.0,52.0,32.0,-70.0,23.0,132.0,451.0,-144.0,-72.0,-96.0
-28.0,-147.0,47.0,-98.0,10.0,30.0,582.0,-166.0,-43.0,-95.0
-3.0,45.0,92.0,-106.0,16.0,58.0,506.0,-99.0,-16.0,-109.0
21.0,92.0,43.0,-31.0,9.0,218.0,641.0,-103.0,-9.0,-115.0
22.0,-167.0,61.0,135.0,-43.0,183.0,913.0,46.0,5.0,-113.0
21.0,-84.0,45.0,193.0,-52.0,-1.0,878.0,60.0,22.0,-130.0
21.0,72.0,7.0,285.0,24.0,159.0,685.0,-55.0,45.0,-112.0
26.0,29.0,49.0,304.0,42.0,265.0,679.0,-59.0,73.0,-91.0
1.0,57.0,71.0,228.0,-19.0,319.0,574.0,-201.0,49.0,-82.0
-3.0,-80.0,164.0,114.0,13.0,293.0,308.0,-160.0,24.0,-77.0
-28.0,-254.0,169.0,-48.0,21.0,135.0,62.0,-253.0,-4.0,-88.0
-10.0,-228.0,145.0,-118.0,-34.0,84.0,-172.0,-267.0,-45.0,-65.0
24.0,-216.0,154.0,-87.0,-63.0,32.0,-274.0,-109.0,-69.0,-53.0
20.0,-245.0,157.0,36.0,-27.0,-151.0,-335.0,-140.0,-92.0,-59.0
17.0,-160.0,206.0,127.0,118.0,-360.0,-377.0,-129.0,-99.0,-51.0
-5.0,-37.0,206.0,186.0,125.0,-127.0,-377.0,-295.0,-112.0,-47.0
-4.0,-149.0,208.0,277.0,-25.0,195.0,-576.0,-375.0,-111.0,-44.0
4.0,-155.0,192.0,260.0,27.0,348.0,-805.0,-365.0,-113.0,-45.0
6.0,29.0,152.0,262.0,32.0,310.0,-622.0,-317.0,-127.0,-26.0
10.0,-84.0,167.0,304.0,-78.0,102.0,-237.0,-68.0,-118.0,-30.0
36.0,-55.0,145.0,277.0,-38.0,-79.0,-143.0,184.0,-111.0,-41.0
83.0,61.0,60.0,276.0,-71.0,-317.0,-159.0,360.0,-101.0,-23.0
88.0,110.0,62.0,243.0,-16.0,-475.0,107.0,264.0,-86.0,-38.0
74.0,207.0,113.0,126.0,120.0,-467.0,479.0,373.0,-72.0,-78.0
68.0,176.0,26.0,38.0,64.0,-154.0,723.0,363.0,-58.0,-105.0
80.0,135.0,-22.0,-44.0,-43.0,156.0,699.0,72.0,-51.0,-122.0
95.0,25.0,0.0,-131.0,-53.0,110.0,521.0,-22.0,-65.0,-155.0
116.0,-25.0,-8.0,-93.0,-2.0,-135.0,603.0,-279.0,-58.0,-190.0
117.0,-151.0,-23.0,26.0,-43.0,-231.0,745.0,-474.0,-46.0,-208.0
103.0,-127.0,-108.0,72.0,-54.0,-171.0,614.0,-663.0,-50.0,-228.0
128.0,-3.0,-148.0,79.0,42.0,-116.0,389.0,-744.0,-20.0,-232.0
122.0,-133.0,-91.0,119.0,155.0,68.0,266.0,-672.0,-16.0,-220.0
117.0,-45.0,-32.0,96.0,113.0,216.0,18.0,-574.0,-29.0,-203.0
125.0,112.0,-45.0,84.0,0.0,118.0,-281.0,-258.0,-26.0,-188.0
126.0,-116.0,-77.0,114.0,26.0,-200.0,-462.0,-151.0,-27.0,-172.0
122.0,-241.0,-87.0,88.0,-16.0,-274.0,-674.0,97.0,-16.0,-141.0
95.0,-108.0,-78.0,36.0,-52.0,-131.0,-654.0,249.0,-16.0,-138.0
76.0,-172.0,-50.0,-53.0,-53.0,-45.0,-470.0,121.0,-17.0,-130.0
69.0,-91.0,-21.0,-141.0,5.0,12.0,-373.0,140.0,-9.0,-110.0
88.0,78.0,29.0,-194.0,163.0,59.0,-352.0,-20.0,-13.0,-104.0
83.0,159.0,-19.0,-133.0,155.0,296.0,-411.0,35.0,-13.0,-69.0
89.0,219.0,-37.0,21.0,125.0,356.0,-585.0,127.0,11.0,-56.0
92.0,279.0,-27.0,125.0,45.0,188.0,-782.0,35.0,38.0,-47.0
74.0,233.0,-69.0,245.0,-69.0,-64.0,-743.0,-162.0,32.0,-36.0
79.0,72.0,6.0,252.0,-56.0,-168.0,-586.0,-585.0,54.0,-31.0
65.0,232.0,30.0,79.0,-71.0,-45.0,-381.0,-896.0,65.0,-10.0
55.0,307.0,10.0,-13.0,5.0,-33.0,84.0,-1029.0,46.0,-18.0
32.0,214.0,24.0,-123.0,153.0,30.0,617.0,-744.0,78.0,-9.0
30.0,121.0,-63.0,-231.0,101.0,121.0,763.0,-382.0,68.0,14.0
42.0,81.0,-61.0,-181.0,30.0,118.0,656.0,18.0,40.0,29.0
42.0,47.0,-17.0,-70.0,56.0,-148.0,570.0,384.0,43.0,25.0
49.0,-114.0,-71.0,124.0,-23.0,-276.0,519.0,240.0,34.0,9.0
46.0,-1.0,-68.0,197.0,-60.0,-114.0,598.0,96.0,65.0,7.0
45.0,-57.0,-36.0,152.0,-50.0,-210.0,746.0,-260.0,83.0,-23.0
44.0,-33.0,-2.0,58.0,-53.0,-358.0,844.0,-613.0,69.0,-35.0
26.0,199.0,26.0,-79.0,34.0,-358.0,702.0,-521.0,50.0,-30.0
6.0,59.0,58.0,-113.0,48.0,-281.0,239.0,-280.0,15.0,-58.0
1.0,49.0,44.0,-62.0,84.0,-436.0,-62.0,-33.0,7.0,-55.0
20.0,135.0,41.0,3.0,129.0,-579.0,-50.0,-57.0,11.0,-51.0
65.0,154.0,112.0,-37.0,18.0,-401.0,-143.0,-175.0,18.0,-51.0
74.0,113.0,126.0,-46.0,-72.0,-250.0,-363.0,-314.0,24.0,-40.0
78.0,99.0,168.0,20.0,-84.0,-182.0,-507.0,-260.0,27.0,-58.0
79.0,-2.0,136.0,112.0,-62.0,-214.0,-467.0,-145.0,51.0,-55.0
81.0,-17.0,111.0,134.0,-2.0,-223.0,-353.0,-97.0,63.0,-52.0
83.0,136.0,169.0,129.0,93.0,-223.0,-350.0,171.0,78.0,-67.0
43.0,-53.0,110.0,145.0,72.0,-303.0,-398.0,206.0,114.0,-71.0
26.0,-57.0,108.0,40.0,-9.0,-377.0,-397.0,173.0,129.0,-74.0
17.0,-48.0,101.0,-32.0,34.0,-162.0,-289.0,-20.0,137.0,-47.0
30.0,-181.0,116.0,-110.0,-4.0,222.0,-124.0,-299.0,142.0,-11.0
35.0,-255.0,169.0,-169.0,-116.0,196.0,172.0,-208.0,135.0,10.0
28.0,-241.0,138.0,-141.0,-159.0,26.0,458.0,-317.0,150.0,19.0
20.0,-124.0,135.0,-69.0,-68.0,10.0,369.0,-476.0,177.0,30.0
8.0,-129.0,112.0,9.0,65.0,18.0,-53.0,-478.0,192.0,45.0
44.0,-43.0,100.0,84.0,21.0,-51.0,-243.0,-363.0,196.0,46.0
45.0,-113.0,53.0,113.0,-12.0,-63.0,-49.0,-210.0,176.0,36.0
23.0,-127.0,3.0,67.0,40.0,-65.0,-46.0,-12.0,173.0,8.0
28.0,-29.0,4.0,0.0,56.0,-183.0,-334.0,232.0,174.0,-5.0
34.0,54.0,74.0,-97.0,-3.0,-97.0,-672.0,157.0,164.0,-2.0
32.0,59.0,72.0,-61.0,-49.0,91.0,-715.0,173.0,170.0,-29.0
29.0,-52.0,-6.0,43.0,31.0,206.0,-500.0,73.0,156.0,-44.0
48.0,57.0,37.0,144.0,69.0,180.0,-432.0,-144.0,159.0,-65.0
74.0,78.0,-5.0,185.0,60.0,201.0,-463.0,-249.0,149.0,-105.0
91.0,205.0,10.0,167.0,93.0,246.0,-331.0,-637.0,129.0,-108.0
109.0,146.0,41.0,117.0,-34.0,135.0,-18.0,-722.0,126.0,-119.0
103.0,-183.0,20.0,-86.0,-26.0,52.0,214.0,-654.0,121.0,-140.0
92.0,-34.0,78.0,-195.0,163.0,0.0,370.0,-521.0,141.0,-143.0
105.0,41.0,46.0,-255.0,43.0,171.0,508.0,-120.0,143.0,-130.0
89.0,-165.0,45.0,-235.0,-59.0,277.0,520.0,133.0,130.0,-93.0
89.0,-164.0,89.0,-88.0,-24.0,148.0,290.0,256.0,116.0,-80.0
101.0,-110.0,86.0,0.0,52.0,-16.0,-70.0,162.0,110.0,-70.0
94.0,-85.0,25.0,19.0,124.0,-121.0,-127.0,20.0,113.0,-44.0
53.0,-9.0,46.0,-78.0,-23.0,-176.0,157.0,-116.0,117.0,-27.0
44.0,9.0,93.0,-139.0,-35.0,-381.0,259.0,-99.0,113.0,-22.0
43.0,-24.0,60.0,-155.0,107.0,-392.0,98.0,-88.0,82.0,-16.0
3.0,-112.0,94.0,-120.0,17.0,-259.0,165.0,-310.0,75.0,-6.0
17.0,0.0,105.0,-1.0,-78.0,-191.0,301.0,-345.0,73.0,-4.0
25.0,16.0,60.0,124.0,78.0,-239.0,178.0,-556.0,64.0,2.0
28.0,-16.0,49.0,175.0,93.0,-221.0,6.0,-663.0,77.0,21.0
2.0,255.0,33.0,147.0,-12.0,-101.0,27.0,-681.0,92.0,18.0
-8.0,10.0,60.0,96.0,-46.0,-255.0,131.0,-824.0,94.0,9.0
-32.0,75.0,160.0,-13.0,-104.0,-340.0,64.0,-582.0,100.0,18.0
-46.0,430.0,109.0,-51.0,-37.0,-296.0,-40.0,-482.0,111.0,25.0
-22.0,193.0,53.0,-68.0,10.0,-210.0,-92.0,-419.0,101.0,26.0
-56.0,242.0,46.0,-134.0,3.0,-158.0,-172.0,-197.0,102.0,21.0
-48.0,228.0,0.0,-159.0,-14.0,-144.0,-196.0,-101.0,100.0,37.0
-34.0,78.0,47.0,-83.0,-8.0,14.0,-114.0,-77.0,67.0,55.0
-4.0,33.0,43.0,-37.0,0.0,25.0,-158.0,-162.0,64.0,52.0
-4.0,-24.0,51.0,-20.0,-90.0,-197.0,-272.0,-404.0,67.0,70.0
-1.0,-106.0,53.0,6.0,-116.0,-377.0,-216.0,-609.0,51.0,101.0
5.0,-231.0,8.0,44.0,-65.0,-174.0,-197.0,-397.0,50.0,128.0
-9.0,-198.0,0.0,107.0,-21.0,96.0,-256.0,-327.0,54.0,158.0
2.0,-205.0,3.0,39.0,25.0,50.0,-183.0,-323.0,51.0,192.0
-1.0,-148.0,-33.0,-9.0,85.0,-164.0,-53.0,-121.0,45.0,193.0
-3.0,-109.0,-72.0,-83.0,77.0,-183.0,-181.0,-155.0,57.0,201.0
-5.0,-36.0,13.0,-172.0,145.0,-125.0,-507.0,49.0,67.0,218.0
36.0,36.0,-43.0,-183.0,56.0,-296.0,-772.0,242.0,73.0,209.0
35.0,-37.0,-45.0,-114.0,-157.0,-393.0,-718.0,266.0,59.0,185.0
31.0,-21.0,11.0,53.0,-68.0,-261.0,-104.0,262.0,57.0,161.0
-6.0,108.0,-57.0,78.0,-14.0,89.0,478.0,-72.0,76.0,154.0
-22.0,95.0,-35.0,107.0,14.0,158.0,457.0,-378.0,55.0,124.0
-6.0,31.0,-54.0,102.0,96.0,-55.0,197.0,-661.0,47.0,94.0
1.0,241.0,-67.0,55.0,82.0,-183.0,15.0,-777.0,30.0,86.0
35.0,118.0,-79.0,23.0,18.0,-248.0,-96.0,-642.0,6.0,80.0
2.0,-59.0,-13.0,-121.0,-18.0,-276.0,73.0,-487.0,3.0,85.0
27.0,123.0,40.0,-178.0,23.0,-403.0,634.0,-347.0,-23.0,82.0
10.0,229.0,4.0,-182.0,-91.0,-228.0,1135.0,-203.0,-38.0,78.0
-5.0,257.0,7.0,-93.0,-134.0,113.0,1118.0,-14.0,-37.0,74.0
-30.0,161.0,-46.0,15.0,69.0,221.0,800.0,-155.0,-52.0,63.0
-32.0,152.0,-32.0,28.0,37.0,30.0,445.0,-254.0,-48.0,69.0
-24.0,329.0,-13.0,55.0,3.0,-14.0,127.0,-325.0,-45.0,74.0
-31.0,331.0,11.0,9.0,112.0,152.0,14.0,-410.0,-42.0,62.0
4.0,99.0,35.0,-26.0,-26.0,109.0,111.0,-201.0,-1.0,64.0
-33.0,107.0,27.0,76.0,-59.0,35.0,393.0,-269.0,27.0,82.0
-4.0,29.0,60.0,128.0,-40.0,-80.0,667.0,-262.0,39.0,94.0
6.0,-145.0,25.0,28.0,-141.0,-10.0,674.0,-304.0,51.0,83.0
17.0,-55.0,-10.0,-51.0,-13.0,56.0,292.0,-465.0,73.0,82.0
-3.0,-262.0,-11.0,-72.0,-16.0,73.0,-222.0,-393.0,88.0,101.0
-1.0,-196.0,-3.0,-76.0,-41.0,59.0,-364.0,-476.0,88.0,111.0
37.0,1.0,-4.0,14.0,224.0,40.0,-104.0,-417.0,75.0,125.0
21.0,-172.0,-15.0,136.0,7.0,213.0,196.0,-408.0,51.0,137.0
40.0,-203.0,-5.0,98.0,-148.0,56.0,333.0,-443.0,56.0,156.0
18.0,0.0,36.0,6.0,121.0,-73.0,412.0,-347.0,64.0,169.0
2.0,227.0,41.0,-53.0,-44.0,58.0,282.0,-369.0,88.0,187.0
-27.0,36.0,6.0,-96.0,-50.0,232.0,-169.0,-391.0,120.0,220.0
-14.0,-25.0,50.0,-89.0,53.0,294.0,-656.0,-432.0,123.0,239.0
-30.0,37.0,7.0,-69.0,2.0,279.0,-835.0,-369.0,120.0,246.0
-55.0,112.0,-32.0,17.0,117.0,367.0,-478.0,-423.0,140.0,250.0
-37.0,194.0,66.0,126.0,45.0,308.0,102.0,-345.0,136.0,265.0
-16.0,3.0,86.0,148.0,-61.0,278.0,451.0,-77.0,107.0,254.0
0.0,162.0,56.0,96.0,-7.0,183.0,541.0,57.0,106.0,210.0
-19.0,307.0,22.0,28.0,-13.0,-14.0,434.0,216.0,77.0,183.0
-26.0,343.0,-7.0,18.0,-58.0,17.0,130.0,123.0,60.0,163.0
-47.0,246.0,4.0,41.0,-4.0,152.0,-130.0,70.0,46.0,149.0
-19.0,115.0,23.0,22.0,-56.0,197.0,52.0,-64.0,40.0,131.0
0.0,306.0,22.0,58.0,12.0,237.0,366.0,-339.0,44.0,114.0
32.0,246.0,-5.0,83.0,58.0,221.0,146.0,-500.0,32.0,110.0
39.0,70.0,14.0,43.0,-113.0,2.0,-190.0,-888.0,46.0,109.0
74.0,77.0,44.0,34.0,-36.0,-108.0,-260.0,-899.0,25.0,103.0
78.0,100.0,33.0,-5.0,-22.0,33.0,-319.0,-705.0,-2.0,111.0
44.0,209.0,58.0,-14.0,22.0,115.0,-446.0,-580.0,-22.0,133.0
52.0,270.0,42.0,-17.0,64.0,-4.0,-613.0,-327.0,-25.0,134.0
3.0,63.0,28.0,-13.0,-38.0,-55.0,-505.0,-179.0,-17.0,151.0
16.0,100.0,76.0,-8.0,114.0,14.0,-107.0,129.0,-44.0,183.0
14.0,153.0,46.0,-20.0,113.0,-25.0,405.0,421.0,-57.0,195.0
33.0,-22.0,75.0,-14.0,-32.0,-22.0,827.0,650.0,-55.0,191.0
22.0,0.0,93.0,-76.0,27.0,97.0,964.0,753.0,-69.0,190.0
32.0,75.0,20.0,-94.0,-2.0,173.0,895.0,639.0,-70.0,198.0
56.0,47.0,23.0,-89.0,0.0,158.0,568.0,308.0,-59.0,192.0
16.0,-11.0,-53.0,-71.0,142.0,49.0,182.0,-190.0,-69.0,181.0
7.0,234.0,-76.0,27.0,78.0,15.0,154.0,-406.0,-88.0,155.0
-36.0,147.0,20.0,106.0,21.0,164.0,454.0,-624.0,-77.0,136.0
-44.0,-243.0,-5.0,107.0,49.0,196.0,509.0,-602.0,-58.0,107.0
-48.0,-120.0,-65.0,27.0,-12.0,-118.0,211.0,-434.0,-52.0,63.0
-24.0,-19.0,-72.0,-12.0,-66.0,-281.0,10.0,-291.0,-37.0,64.0
-28.0,-169.0,-86.0,2.0,-82.0,20.0,62.0,118.0,-16.0,55.0
-46.0,-385.0,-60.0,27.0,26.0,296.0,26.0,195.0,12.0,18.0
-32.0,-328.0,-33.0,44.0,116.0,251.0,-399.0,351.0,41.0,11.0
-19.0,0.0,-35.0,-8.0,80.0,178.0,-814.0,521.0,59.0,25.0
-29.0,-34.0,-9.0,-65.0,48.0,172.0,-847.0,417.0,63.0,28.0
-72.0,-143.0,2.0,-49.0,19.0,76.0,-576.0,321.0,43.0,22.0
-61.0,-34.0,0.0,13.0,23.0,58.0,-223.0,24.0,36.0,41.0
-58.0,58.0,6.0,57.0,-23.0,-27.0,-33.0,-68.0,39.0,68.0
-49.0,26.0,-3.0,88.0,-91.0,4.0,-168.0,-184.0,37.0,59.0
-42.0,68.0,-8.0,107.0,43.0,208.0,-322.0,-258.0,34.0,58.0
-39.0,243.0,0.0,105.0,114.0,250.0,-137.0,59.0,38.0,82.0
-45.0,138.0,-17.0,92.0,20.0,210.0,180.0,304.0,14.0,83.0
-39.0,186.0,-30.0,95.0,61.0,10.0,305.0,354.0,-24.0,67.0
-33.0,341.0,-12.0,86.0,45.0,-91.0,169.0,127.0,-27.0,98.0
-61.0,189.0,-11.0,13.0,-76.0,-90.0,113.0,-151.0,-31.0,153.0
-74.0,141.0,-21.0,-55.0,-3.0,-66.0,388.0,-323.0,-28.0,153.0
-76.0,309.0,-21.0,-74.0,11.0,-95.0,939.0,-295.0,-18.0,156.0
-39.0,248.0,-38.0,-105.0,-45.0,-261.0,1321.0,-212.0,5.0,205.0
-33.0,127.0,-49.0,-121.0,79.0,-275.0,1147.0,-103.0,27.0,258.0
-46.0,243.0,-82.0,-124.0,72.0,-181.0,667.0,229.0,31.0,292.0
-60.0,108.0,-37.0,-129.0,58.0,-35.0,236.0,269.0,30.0,315.0
-66.0,-45.0,37.0,-78.0,116.0,22.0,63.0,299.0,40.0,359.0
-26.0,-166.0,-28.0,-90.0,-32.0,-86.0,55.0,173.0,90.0,379.0
-11.0,-84.0,-30.0,-63.0,-70.0,-192.0,123.0,-29.0,110.0,376.0
-13.0,-39.0,-44.0,-32.0,26.0,-273.0,175.0,242.0,110.0,396.0
11.0,-74.0,-92.0,-40.0,-38.0,-391.0,177.0,206.0,121.0,411.0
22.0,-48.0,-54.0,-42.0,-12.0,-511.0,272.0,208.0,132.0,377.0
27.0,-293.0,-85.0,-78.0,121.0,-484.0,326.0,286.0,151.0,348.0
40.0,-66.0,-105.0,-35.0,86.0,-310.0,177.0,258.0,141.0,360.0
17.0,-61.0,-63.0,-16.0,78.0,-181.0,-71.0,330.0,112.0,338.0
0.0,-176.0,-78.0,-6.0,89.0,-160.0,-388.0,144.0,83.0,289.0
15.0,37.0,-48.0,-48.0,-108.0,-198.0,-668.0,149.0,59.0,254.0
31.0,-18.0,-51.0,-130.0,-132.0,-250.0,-652.0,201.0,48.0,253.0
32.0,13.0,-50.0,-134.0,2.0,-291.0,-529.0,232.0,39.0,242.0
35.0,148.0,33.0,-70.0,-2.0,-255.0,-453.0,308.0,15.0,213.0
49.0,268.0,5.0,13.0,95.0,-329.0,-326.0,223.0,-2.0,220.0
27.0,136.0,20.0,0.0,100.0,-399.0,-222.0,214.0,-12.0,216.0
1.0,-67.0,73.0,-67.0,-30.0,-100.0,-334.0,234.0,-20.0,186.0
-27.0,88.0,56.0,-89.0,-35.0,-6.0,-713.0,334.0,-35.0,161.0
-70.0,185.0,-12.0,-60.0,-37.0,-60.0,-1079.0,341.0,-36.0,163.0
-75.0,99.0,-27.0,-22.0,-105.0,-35.0,-1043.0,397.0,-26.0,142.0
-65.0,2.0,66.0,15.0,-57.0,-154.0,-487.0,378.0,-39.0,101.0
-45.0,-125.0,47.0,30.0,74.0,-128.0,235.0,194.0,-55.0,97.0
-62.0,106.0,21.0,17.0,-29.0,-14.0,892.0,229.0,-71.0,106.0
-54.0,13.0,-2.0,-30.0,-45.0,121.0,1201.0,169.0,-72.0,101.0
-49.0,-138.0,-62.0,-67.0,84.0,219.0,1116.0,288.0,-80.0,93.0
-75.0,83.0,-33.0,-41.0,8.0,274.0,1028.0,450.0,-95.0,100.0
-70.0,79.0,-34.0,-69.0,-58.0,143.0,931.0,506.0,-91.0,101.0
-79.0,235.0,-31.0,-161.0,-35.0,41.0,755.0,489.0,-100.0,86.0
-59.0,-39.0,-39.0,-201.0,-84.0,52.0,630.0,127.0,-117.0,70.0
-51.0,-57.0,-48.0,-180.0,-48.0,-62.0,679.0,-29.0,-127.0,72.0
1.0,230.0,-57.0,-124.0,67.0,-89.0,567.0,-238.0,-129.0,57.0
37.0,-10.0,-61.0,-66.0,11.0,-207.0,193.0,-227.0,-128.0,29.0
36.0,-122.0,-54.0,-2.0,51.0,-246.0,24.0,118.0,-118.0,41.0
58.0,-213.0,-87.0,104.0,63.0,-334.0,-12.0,308.0,-116.0,52.0
55.0,49.0,-106.0,134.0,-104.0,-379.0,-160.0,611.0,-94.0,41.0
73.0,44.0,-140.0,44.0,-100.0,-179.0,-328.0,583.0,-74.0,38.0
52.0,-303.0,-110.0,3.0,-32.0,-43.0,-431.0,526.0,-81.0,47.0
40.0,-47.0,-130.0,21.0,-30.0,-62.0,-640.0,293.0,-78.0,68.0
21.0,-62.0,-141.0,36.0,26.0,-241.0,-916.0,-290.0,-86.0,77.0
18.0,-105.0,-107.0,38.0,54.0,-177.0,-915.0,-463.0,-60.0,83.0
17.0,54.0,-150.0,28.0,-27.0,-56.0,-659.0,-421.0,-33.0,113.0
-19.0,-151.0,-165.0,63.0,31.0,51.0,-345.0,-138.0,-20.0,123.0
-6.0,-156.0,-208.0,72.0,52.0,72.0,-121.0,304.0,18.0,139.0
17.0,-5.0,-185.0,38.0,-61.0,0.0,-60.0,748.0,46.0,173.0
23.0,80.0,-136.0,27.0,-23.0,33.0,-172.0,1010.0,65.0,193.0
9.0,18.0,-146.0,32.0,38.0,-102.0,-345.0,994.0,65.0,209.0
5.0,-33.0,-183.0,-5.0,101.0,-106.0,-297.0,779.0,70.0,210.0
-13.0,122.0,-189.0,-114.0,82.0,-77.0,10.0,369.0,72.0,228.0
-29.0,61.0,-180.0,-145.0,-10.0,-245.0,356.0,157.0,71.0,239.0
-63.0,-69.0,-182.0,-88.0,14.0,-200.0,419.0,62.0,53.0,228.0
-103.0,-69.0,-145.0,-6.0,70.0,3.0,137.0,164.0,37.0,226.0
-134.0,21.0,-126.0,86.0,49.0,-9.0,-33.0,299.0,14.0,229.0
-147.0,56.0,-121.0,193.0,-55.0,-156.0,182.0,332.0,-14.0,228.0
-108.0,-121.0,-111.0,269.0,-27.0,-281.0,460.0,432.0,-3.0,204.0
-87.0,-56.0,-77.0,196.0,57.0,-292.0,433.0,206.0,-19.0,201.0
-69.0,138.0,-70.0,15.0,45.0,-177.0,319.0,-11.0,-55.0,204.0
-69.0,78.0,-55.0,-98.0,18.0,-290.0,296.0,-181.0,-98.0,179.0
-38.0,126.0,-61.0,-81.0,-21.0,-294.0,321.0,-116.0,-132.0,176.0
-2.0,-128.0,-67.0,-37.0,-47.0,-53.0,568.0,301.0,-147.0,194.0
16.0,-141.0,-37.0,-21.0,-45.0,-30.0,830.0,378.0,-149.0,193.0
20.0,139.0,-30.0,-68.0,-13.0,43.0,710.0,530.0,-142.0,167.0
7.0,-152.0,7.0,-85.0,-92.0,95.0,313.0,561.0,-148.0,132.0
39.0,55.0,12.0,-48.0,-69.0,-25.0,20.0,454.0,-127.0,108.0
62.0,85.0,11.0,-31.0,52.0,-154.0,-18.0,491.0,-129.0,87.0
55.0,-208.0,22.0,-8.0,3.0,-260.0,147.0,229.0,-128.0,48.0
30.0,-153.0,9.0,41.0,-2.0,-189.0,306.0,175.0,-91.0,14.0
22.0,-134.0,-14.0,-15.0,-12.0,73.0,285.0,64.0,-61.0,-7.0
25.0,-54.0,-53.0,-134.0,-50.0,181.0,106.0,-120.0,-40.0,-26.0
17.0,-202.0,-51.0,-141.0,-69.0,-85.0,-190.0,-103.0,-27.0,-37.0
-4.0,-27.0,-9.0,-141.0,-18.0,-154.0,-365.0,-144.0,-3.0,-46.0
9.0,-79.0,-1.0,-110.0,49.0,-109.0,-313.0,48.0,4.0,-46.0
67.0,-240.0,-61.0,-39.0,28.0,-249.0,-262.0,179.0,18.0,-56.0
116.0,37.0,-64.0,45.0,-34.0,-367.0,-512.0,295.0,25.0,-37.0
113.0,-128.0,-83.0,34.0,-44.0,-287.0,-686.0,447.0,8.0,-1.0
103.0,3.0,-120.0,7.0,12.0,-4.0,-132.0,497.0,20.0,5.0
106.0,180.0,-59.0,62.0,11.0,34.0,797.0,532.0,1.0,19.0
81.0,-32.0,-55.0,55.0,22.0,-44.0,1372.0,548.0,-16.0,34.0
54.0,66.0,-48.0,36.0,-40.0,-26.0,1229.0,648.0,-15.0,56.0
30.0,204.0,-13.0,0.0,-8.0,105.0,630.0,740.0,-30.0,57.0
33.0,63.0,-38.0,-10.0,44.0,-3.0,266.0,916.0,-21.0,43.0
19.0,-6.0,0.0,24.0,-2.0,-177.0,346.0,783.0,-34.0,49.0
38.0,-99.0,65.0,19.0,91.0,-64.0,574.0,506.0,-53.0,48.0
63.0,-102.0,15.0,20.0,92.0,-7.0,680.0,304.0,-52.0,55.0
61.0,161.0,6.0,54.0,-7.0,-110.0,562.0,-40.0,-60.0,63.0
56.0,130.0,10.0,93.0,-60.0,-408.0,236.0,-138.0,-68.0,58.0
21.0,-31.0,0.0,126.0,-5.0,-346.0,-72.0,-123.0,-67.0,58.0
33.0,-128.0,17.0,30.0,20.0,-215.0,-49.0,133.0,-72.0,75.0
27.0,32.0,-27.0,-11.0,36.0,-331.0,144.0,400.0,-88.0,87.0
3.0,-37.0,21.0,17.0,123.0,-379.0,67.0,606.0,-75.0,108.0
-9.0,-134.0,-11.0,13.0,27.0,-163.0,-257.0,896.0,-75.0,119.0
0.0,37.0,-67.0,93.0,-18.0,58.0,-422.0,676.0,-70.0,121.0
21.0,-30.0,-90.0,100.0,29.0,-90.0,-216.0,465.0,-54.0,168.0
-12.0,200.0,-102.0,96.0,-13.0,-83.0,48.0,142.0,-65.0,191.0
-48.0,21.0,0.0,51.0,-25.0,-44.0,76.0,-203.0,-69.0,194.0
-48.0,-152.0,-27.0,-53.0,30.0,160.0,-147.0,-81.0,-94.0,206.0
-23.0,19.0,-28.0,-101.0,53.0,262.0,-512.0,40.0,-111.0,215.0
-21.0,-137.0,-30.0,-72.0,-28.0,158.0,-693.0,242.0,-114.0,211.0
-31.0,-176.0,-55.0,-13.0,-14.0,225.0,-467.0,203.0,-132.0,195.0
-19.0,-218.0,-28.0,-68.0,40.0,183.0,63.0,166.0,-137.0,186.0
-18.0,46.0,-39.0,-139.0,-11.0,98.0,543.0,254.0,-145.0,174.0
-19.0,171.0,-5.0,-122.0,20.0,-43.0,766.0,219.0,-143.0,156.0
-19.0,63.0,-4.0,-59.0,-17.0,39.0,806.0,312.0,-136.0,127.0
-9.0,75.0,14.0,-43.0,-92.0,127.0,831.0,312.0,-135.0,95.0
14.0,-11.0,14.0,-42.0,48.0,215.0,901.0,454.0,-112.0,78.0
34.0,179.0,36.0,-35.0,-16.0,276.0,902.0,574.0,-100.0,67.0
60.0,166.0,62.0,6.0,-81.0,142.0,865.0,522.0,-104.0,37.0
74.0,102.0,-23.0,55.0,113.0,76.0,761.0,397.0,-97.0,5.0
58.0,296.0,-54.0,14.0,6.0,-13.0,598.0,203.0,-97.0,-8.0
11.0,194.0,-65.0,11.0,-71.0,108.0,489.0,245.0,-97.0,-16.0
-25.0,57.0,-40.0,46.0,36.0,14.0,472.0,218.0,-87.0,-32.0
-33.0,29.0,-15.0,-13.0,10.0,-245.0,554.0,243.0,-79.0,-52.0
-50.0,-112.0,-30.0,-126.0,66.0,-183.0,503.0,395.0,-60.0,-69.0
-73.0,-56.0,-41.0,-159.0,86.0,-84.0,142.0,511.0,-45.0,-76.0
-68.0,-47.0,-41.0,-173.0,-16.0,-2.0,-375.0,539.0,-30.0,-60.0
-32.0,-182.0,-58.0,-121.0,-4.0,-34.0,-691.0,234.0,3.0,-44.0
-15.0,62.0,-110.0,-27.0,45.0,73.0,-582.0,-60.0,4.0,-32.0
-27.0,235.0,-4.0,-41.0,29.0,237.0,-233.0,-303.0,-16.0,-13.0
-39.0,121.0,-2.0,-17.0,30.0,271.0,-24.0,-306.0,-15.0,3.0
-16.0,-28.0,-20.0,0.0,-41.0,257.0,-113.0,-107.0,-27.0,18.0
5.0,-98.0,1.0,-27.0,-20.0,170.0,-272.0,79.0,-40.0,28.0
-15.0,-102.0,-82.0,-21.0,132.0,275.0,-271.0,380.0,-50.0,24.0
-19.0,-68.0,-51.0,36.0,3.0,-6.0,-143.0,375.0,-43.0,3.0
-3.0,-96.0,-42.0,65.0,-105.0,-178.0,12.0,430.0,-49.0,7.0
-6.0,-212.0,-28.0,2.0,76.0,111.0,102.0,450.0,-75.0,1.0
-3.0,-21.0,-23.0,-33.0,87.0,224.0,-27.0,254.0,-59.0,-31.0
-7.0,-2.0,-22.0,-57.0,-35.0,369.0,-181.0,206.0,-72.0,-55.0
0.0,-240.0,-6.0,-34.0,-5.0,267.0,-22.0,62.0,-75.0,-88.0
33.0,-95.0,12.0,72.0,19.0,369.0,347.0,149.0,-87.0,-107.0
41.0,5.0,-20.0,155.0,16.0,403.0,614.0,284.0,-118.0,-105.0
65.0,-193.0,-58.0,187.0,13.0,152.0,623.0,362.0,-119.0,-106.0
84.0,-131.0,-6.0,304.0,-91.0,114.0,532.0,375.0,-151.0,-104.0
111.0,-20.0,-73.0,371.0,-115.0,264.0,684.0,194.0,-145.0,-110.0
119.0,-193.0,-81.0,245.0,-38.0,529.0,1148.0,62.0,-130.0,-100.0
123.0,-32.0,-72.0,163.0,-18.0,431.0,1471.0,-262.0,-142.0,-95.0
168.0,132.0,-51.0,86.0,-45.0,375.0,1184.0,-388.0,-161.0,-108.0
192.0,-133.0,-22.0,7.0,-10.0,268.0,475.0,-389.0,-172.0,-103.0
181.0,-79.0,-6.0,8.0,53.0,237.0,-174.0,-236.0,-138.0,-86.0
163.0,37.0,-1.0,113.0,-67.0,225.0,-484.0,271.0,-117.0,-62.0
173.0,-13.0,-22.0,173.0,-142.0,139.0,-453.0,563.0,-110.0,-34.0
158.0,227.0,-21.0,90.0,-115.0,387.0,-586.0,766.0,-86.0,-20.0
142.0,344.0,-83.0,24.0,-37.0,343.0,-958.0,618.0,-66.0,-2.0
109.0,140.0,47.0,-20.0,47.0,201.0,-1137.0,308.0,-51.0,22.0
128.0,127.0,38.0,-33.0,-18.0,245.0,-1095.0,184.0,-32.0,30.0
171.0,101.0,-30.0,-34.0,15.0,473.0,-972.0,33.0,-20.0,46.0
147.0,-88.0,11.0,3.0,47.0,544.0,-703.0,188.0,-16.0,47.0
141.0,68.0,-42.0,10.0,56.0,357.0,-255.0,349.0,-29.0,42.0
146.0,-18.0,1.0,-5.0,35.0,151.0,-51.0,415.0,-46.0,60.0
158.0,-71.0,-3.0,-4.0,-76.0,95.0,-271.0,448.0,-33.0,63.0
117.0,72.0,-28.0,0.0,-62.0,211.0,-358.0,382.0,-26.0,63.0
95.0,-155.0,-14.0,16.0,73.0,-44.0,87.0,319.0,-5.0,69.0
101.0,-223.0,-38.0,29.0,94.0,-142.0,637.0,99.0,20.0,78.0
112.0,-250.0,-58.0,21.0,-15.0,-129.0,845.0,-51.0,15.0,82.0
132.0,-111.0,-32.0,-51.0,68.0,-192.0,794.0,-238.0,-6.0,77.0
119.0,-124.0,-44.0,-36.0,104.0,-146.0,849.0,-323.0,-20.0,89.0
135.0,-318.0,-34.0,-18.0,-35.0,-222.0,1210.0,-121.0,0.0,82.0
135.0,-185.0,-20.0,-24.0,-66.0,-240.0,1425.0,75.0,20.0,66.0
117.0,199.0,-80.0,-30.0,1.0,-354.0,1174.0,284.0,44.0,78.0
102.0,261.0,-34.0,-49.0,45.0,-379.0,628.0,369.0,66.0,83.0
111.0,-122.0,-42.0,-17.0,16.0,-318.0,180.0,391.0,65.0,83.0
125.0,-79.0,-30.0,-24.0,-23.0,-164.0,-18.0,236.0,80.0,100.0
120.0,-44.0,-23.0,-35.0,-4.0,0.0,-95.0,86.0,92.0,139.0
137.0,-39.0,-86.0,11.0,129.0,14.0,-127.0,120.0,93.0,157.0
185.0,-51.0,-61.0,2.0,72.0,81.0,-501.0,118.0,90.0,146.0
198.0,-93.0,-72.0,-94.0,-118.0,-60.0,-1223.0,142.0,82.0,158.0
161.0,-13.0,-52.0,-133.0,-5.0,5.0,-1691.0,-44.0,80.0,164.0
160.0,26.0,-36.0,-147.0,55.0,127.0,-1595.0,-62.0,104.0,137.0
184.0,-68.0,-15.0,-116.0,-38.0,188.0,-1218.0,12.0,124.0,90.0
175.0,-226.0,-5.0,-90.0,23.0,300.0,-911.0,35.0,122.0,52.0
114.0,2.0,-51.0,-98.0,38.0,179.0,-749.0,245.0,133.0,11.0
89.0,-84.0,-34.0,-51.0,11.0,162.0,-615.0,273.0,121.0,-52.0
100.0,-122.0,-46.0,-75.0,40.0,122.0,-384.0,290.0,83.0,-89.0
113.0,23.0,-44.0,-76.0,-20.0,250.0,-259.0,158.0,59.0,-98.0
109.0,-29.0,-41.0,10.0,-75.0,360.0,-367.0,0.0,39.0,-132.0
109.0,8.0,-84.0,86.0,-7.0,348.0,-458.0,-212.0,29.0,-169.0
156.0,31.0,-61.0,116.0,23.0,370.0,-275.0,-521.0,53.0,-157.0
149.0,-37.0,-47.0,60.0,-47.0,446.0,130.0,-487.0,78.0,-156.0
113.0,-272.0,5.0,0.0,-62.0,623.0,519.0,-487.0,79.0,-188.0
90.0,-92.0,63.0,-111.0,19.0,375.0,646.0,-286.0,58.0,-184.0
91.0,96.0,28.0,-159.0,21.0,306.0,402.0,-73.0,13.0,-158.0
76.0,-64.0,57.0,-98.0,-70.0,321.0,110.0,16.0,-23.0,-167.0
33.0,-125.0,53.0,-48.0,-103.0,373.0,143.0,134.0,-20.0,-182.0
44.0,-122.0,56.0,81.0,-30.0,473.0,423.0,-72.0,-19.0,-161.0
49.0,-81.0,38.0,103.0,32.0,221.0,667.0,-116.0,-30.0,-157.0
28.0,-35.0,-2.0,92.0,-29.0,329.0,674.0,-88.0,-31.0,-183.0
-5.0,-78.0,84.0,37.0,-56.0,563.0,460.0,94.0,-36.0,-201.0
6.0,7.0,87.0,58.0,78.0,465.0,179.0,242.0,-20.0,-205.0
52.0,63.0,81.0,184.0,122.0,171.0,-86.0,75.0,-16.0,-214.0
54.0,-102.0,66.0,126.0,-48.0,140.0,-327.0,51.0,-50.0,-243.0
56.0,39.0,29.0,137.0,-20.0,120.0,-616.0,-242.0,-90.0,-236.0
67.0,-25.0,0.0,62.0,71.0,220.0,-835.0,-521.0,-96.0,-210.0
87.0,-210.0,-20.0,31.0,21.0,387.0,-795.0,-519.0,-97.0,-214.0
89.0,-150.0,63.0,69.0,65.0,159.0,-481.0,-277.0,-110.0,-209.0
73.0,-59.0,6.0,31.0,-51.0,22.0,-113.0,27.0,-95.0,-170.0
62.0,64.0,-10.0,85.0,-112.0,-166.0,-37.0,25.0,-80.0,-122.0
87.0,96.0,5.0,139.0,54.0,-189.0,-113.0,175.0,-65.0,-102.0
86.0,186.0,-41.0,186.0,50.0,-180.0,-144.0,66.0,-64.0,-88.0
58.0,60.0,20.0,185.0,-29.0,-183.0,-104.0,-145.0,-63.0,-57.0
67.0,65.0,20.0,129.0,4.0,-248.0,-65.0,-168.0,-36.0,-37.0
64.0,-14.0,35.0,-41.0,24.0,-381.0,-112.0,-210.0,-18.0,-49.0
53.0,-113.0,47.0,-119.0,38.0,-362.0,-252.0,72.0,1.0,-55.0
28.0,137.0,34.0,-160.0,21.0,-267.0,-560.0,145.0,3.0,-27.0
38.0,166.0,51.0,-201.0,-60.0,-6.0,-821.0,-31.0,11.0,-33.0
50.0,125.0,46.0,-128.0,35.0,-12.0,-822.0,-347.0,35.0,-54.0
37.0,-4.0,68.0,-71.0,25.0,114.0,-585.0,-731.0,29.0,-50.0
38.0,236.0,64.0,-55.0,-67.0,144.0,-353.0,-864.0,35.0,-63.0
28.0,387.0,6.0,-79.0,26.0,-6.0,-282.0,-855.0,47.0,-91.0
30.0,121.0,4.0,41.0,75.0,-210.0,-222.0,-500.0,43.0,-107.0
21.0,61.0,42.0,57.0,112.0,-486.0,21.0,-27.0,43.0,-108.0
0.0,50.0,53.0,15.0,66.0,-411.0,490.0,491.0,34.0,-116.0
0.0,259.0,117.0,54.0,-58.0,-198.0,846.0,692.0,24.0,-134.0
-4.0,142.0,148.0,20.0,-43.0,-66.0,701.0,279.0,23.0,-133.0
-38.0,25.0,196.0,44.0,59.0,-191.0,176.0,-177.0,26.0,-117.0
-61.0,26.0,215.0,24.0,31.0,-18.0,-211.0,-624.0,40.0,-104.0
-53.0,-152.0,128.0,-51.0,-66.0,121.0,-331.0,-744.0,40.0,-93.0
-51.0,14.0,143.0,-140.0,-46.0,35.0,-239.0,-604.0,34.0,-72.0
-68.0,-110.0,173.0,-193.0,64.0,-139.0,15.0,-293.0,34.0,-44.0
-78.0,-126.0,165.0,-184.0,103.0,-496.0,101.0,138.0,17.0,-30.0
-53.0,51.0,133.0,-159.0,-58.0,-502.0,-197.0,242.0,16.0,-19.0
-26.0,54.0,116.0,-27.0,-75.0,-425.0,-617.0,223.0,16.0,1.0
-29.0,78.0,123.0,110.0,24.0,-356.0,-761.0,-24.0,-3.0,8.0
-46.0,-137.0,129.0,119.0,-38.0,-199.0,-619.0,-221.0,-24.0,18.0
-47.0,-56.0,142.0,65.0,-90.0,-67.0,-236.0,-267.0,-32.0,41.0
-44.0,-28.0,165.0,144.0,-44.0,-84.0,106.0,-395.0,-31.0,50.0
-53.0,-162.0,176.0,259.0,85.0,-96.0,98.0,-367.0,-43.0,54.0
-64.0,-84.0,147.0,244.0,118.0,-61.0,-84.0,-179.0,-39.0,76.0
-71.0,-89.0,184.0,269.0,12.0,-24.0,-247.0,97.0,-13.0,97.0
-69.0,19.0,162.0,197.0,-12.0,8.0,-402.0,79.0,0.0,117.0
-48.0,86.0,165.0,107.0,11.0,-132.0,-405.0,94.0,11.0,134.0
-18.0,80.0,229.0,134.0,-64.0,-191.0,0.0,160.0,17.0,144.0
-10.0,82.0,176.0,142.0,-111.0,-196.0,590.0,29.0,6.0,175.0
-3.0,-29.0,191.0,127.0,-36.0,-303.0,828.0,-27.0,7.0,202.0
-7.0,-26.0,232.0,51.0,37.0,-296.0,536.0,-282.0,28.0,199.0
-3.0,70.0,207.0,54.0,102.0,-119.0,-67.0,-591.0,24.0,192.0
24.0,94.0,199.0,-7.0,27.0,-158.0,-602.0,-870.0,32.0,177.0
35.0,168.0,206.0,-65.0,-69.0,-222.0,-693.0,-820.0,51.0,153.0
50.0,110.0,178.0,-21.0,9.0,-252.0,-517.0,-456.0,62.0,118.0
59.0,42.0,168.0,35.0,13.0,-457.0,-476.0,-151.0,90.0,72.0
89.0,37.0,134.0,105.0,-44.0,-402.0,-603.0,208.0,113.0,44.0
122.0,-229.0,67.0,107.0,-20.0,-207.0,-747.0,168.0,119.0,13.0
107.0,-200.0,99.0,176.0,45.0,-79.0,-728.0,-107.0,114.0,-29.0
98.0,-2.0,149.0,95.0,120.0,-65.0,-647.0,-448.0,126.0,-64.0
80.0,35.0,136.0,-22.0,98.0,-137.0,-554.0,-644.0,140.0,-94.0
69.0,-2.0,106.0,-68.0,22.0,-91.0,-456.0,-380.0,120.0,-112.0
33.0,-51.0,80.0,-112.0,48.0,-13.0,-335.0,-140.0,100.0,-134.0
9.0,60.0,93.0,-81.0,35.0,33.0,10.0,79.0,89.0,-154.0
17.0,76.0,157.0,-103.0,-45.0,58.0,546.0,142.0,69.0,-164.0
11.0,136.0,147.0,-95.0,-34.0,-27.0,894.0,129.0,56.0,-154.0
48.0,4.0,185.0,-102.0,16.0,-76.0,810.0,38.0,62.0,-120.0
40.0,-32.0,188.0,-104.0,76.0,15.0,627.0,-247.0,77.0,-99.0
53.0,224.0,132.0,-117.0,1.0,27.0,744.0,-473.0,69.0,-87.0
81.0,146.0,185.0,-36.0,-77.0,121.0,1044.0,-678.0,72.0,-62.0
56.0,79.0,141.0,82.0,-23.0,212.0,1033.0,-521.0,75.0,-41.0
42.0,125.0,156.0,72.0,-34.0,129.0,620.0,-282.0,50.0,-35.0
13.0,116.0,142.0,89.0,-17.0,119.0,171.0,-66.0,35.0,-17.0
21.0,-39.0,70.0,80.0,-74.0,235.0,-28.0,249.0,24.0,-11.0
2.0,-91.0,115.0,55.0,-102.0,278.0,-123.0,336.0,35.0,-11.0
5.0,47.0,81.0,65.0,27.0,198.0,-434.0,356.0,46.0,-4.0
23.0,101.0,65.0,24.0,51.0,282.0,-994.0,90.0,54.0,-9.0
3.0,106.0,75.0,-76.0,-3.0,407.0,-1535.0,-127.0,53.0,-23.0
20.0,45.0,26.0,-76.0,-43.0,469.0,-1647.0,-190.0,32.0,-36.0
22.0,163.0,44.0,-36.0,-8.0,369.0,-1350.0,-315.0,25.0,-30.0
51.0,118.0,66.0,-56.0,-9.0,221.0,-836.0,-253.0,40.0,-22.0
57.0,-58.0,56.0,-42.0,-70.0,308.0,-428.0,-275.0,57.0,-32.0
70.0,-93.0,85.0,14.0,-68.0,266.0,-412.0,-35.0,56.0,-44.0
79.0,-35.0,5.0,-40.0,4.0,123.0,-568.0,245.0,77.0,-19.0
67.0,-25.0,44.0,-48.0,91.0,-108.0,-489.0,312.0,107.0,-22.0
63.0,-111.0,148.0,66.0,-25.0,-160.0,1.0,280.0,135.0,-44.0
21.0,0.0,100.0,59.0,-74.0,79.0,438.0,-5.0,165.0,-20.0
3.0,-59.0,82.0,15.0,43.0,73.0,501.0,-201.0,184.0,-6.0
0.0,84.0,42.0,72.0,-24.0,-22.0,338.0,-589.0,182.0,-8.0
18.0,187.0,16.0,159.0,35.0,-82.0,57.0,-742.0,171.0,-7.0
16.0,-37.0,23.0,91.0,109.0,-130.0,-279.0,-532.0,155.0,5.0
9.0,-69.0,54.0,52.0,-30.0,-155.0,-370.0,-301.0,139.0,12.0
26.0,17.0,30.0,96.0,57.0,-47.0,52.0,205.0,121.0,11.0
42.0,-64.0,67.0,156.0,123.0,12.0,518.0,502.0,100.0,15.0
51.0,-331.0,87.0,164.0,-24.0,-30.0,642.0,814.0,97.0,30.0
37.0,-116.0,40.0,88.0,-35.0,75.0,633.0,1019.0,86.0,30.0
3.0,12.0,97.0,119.0,24.0,139.0,609.0,897.0,54.0,16.0
-21.0,-145.0,91.0,200.0,-22.0,194.0,474.0,471.0,-12.0,18.0
-3.0,-89.0,118.0,271.0,-52.0,94.0,178.0,-279.0,-46.0,4.0
6.0,39.0,116.0,182.0,-50.0,-36.0,-79.0,-546.0,-57.0,-23.0
18.0,41.0,99.0,131.0,-8.0,1.0,-79.0,-626.0,-64.0,-45.0
34.0,-63.0,102.0,205.0,91.0,112.0,13.0,-559.0,-58.0,-41.0
51.0,-7.0,91.0,199.0,-52.0,155.0,-78.0,-367.0,-65.0,-44.0
41.0,-11.0,116.0,183.0,-183.0,106.0,-405.0,-190.0,-35.0,-65.0
23.0,48.0,52.0,138.0,17.0,54.0,-710.0,138.0,-10.0,-75.0
2.0,95.0,42.0,105.0,68.0,40.0,-718.0,60.0,0.0,-83.0
-22.0,12.0,74.0,70.0,-81.0,188.0,-445.0,9.0,-1.0,-82.0
-30.0,0.0,112.0,118.0,-17.0,135.0,-48.0,114.0,0.0,-95.0
-24.0,193.0,135.0,178.0,29.0,50.0,240.0,251.0,47.0,-111.0
-18.0,207.0,27.0,182.0,1.0,80.0,329.0,376.0,86.0,-121.0
0.0,-158.0,-8.0,228.0,55.0,210.0,314.0,223.0,107.0,-147.0
27.0,38.0,0.0,190.0,-51.0,363.0,421.0,269.0,146.0,-155.0
47.0,201.0,-21.0,120.0,-84.0,323.0,543.0,303.0,192.0,-158.0
65.0,-30.0,-20.0,48.0,55.0,423.0,202.0,258.0,197.0,-196.0
56.0,-8.0,-63.0,-12.0,45.0,631.0,-390.0,-24.0,188.0,-243.0
44.0,-10.0,-73.0,-36.0,-123.0,605.0,-521.0,-497.0,201.0,-243.0
9.0,116.0,-88.0,-69.0,-36.0,231.0,-175.0,-606.0,228.0,-230.0
16.0,74.0,-74.0,-100.0,159.0,122.0,48.0,-583.0,237.0,-260.0
9.0,-52.0,-65.0,-183.0,-24.0,268.0,-171.0,-194.0,221.0,-278.0
-25.0,-44.0,-86.0,-211.0,-99.0,228.0,-614.0,312.0,198.0,-267.0
-47.0,-19.0,-89.0,-162.0,-13.0,-56.0,-802.0,665.0,184.0,-269.0
-79.0,61.0,-131.0,-166.0,-17.0,-212.0,-660.0,772.0,171.0,-271.0
-84.0,-176.0,-98.0,-167.0,68.0,40.0,-467.0,352.0,148.0,-276.0
-89.0,-153.0,-42.0,-95.0,-22.0,235.0,-407.0,-48.0,113.0,-280.0
-72.0,14.0,20.0,-26.0,-93.0,281.0,-525.0,-293.0,66.0,-266.0
-67.0,68.0,58.0,-28.0,159.0,141.0,-579.0,-315.0,30.0,-236.0
-54.0,5.0,33.0,-10.0,103.0,-24.0,-436.0,-279.0,-12.0,-205.0
-32.0,-181.0,11.0,31.0,-141.0,-225.0,-97.0,-184.0,-20.0,-186.0
-42.0,-18.0,54.0,32.0,-6.0,-300.0,275.0,42.0,-36.0,-158.0
-94.0,13.0,178.0,-15.0,37.0,-78.0,397.0,-5.0,-53.0,-112.0
-107.0,-24.0,144.0,-100.0,-13.0,206.0,376.0,-59.0,-43.0,-60.0
-138.0,-8.0,121.0,-125.0,29.0,321.0,593.0,-116.0,-39.0,-12.0
-171.0,-50.0,148.0,-38.0,-49.0,342.0,1070.0,14.0,-20.0,22.0
-164.0,-145.0,79.0,1.0,-8.0,679.0,1284.0,221.0,-11.0,58.0
-169.0,-235.0,100.0,-31.0,87.0,590.0,942.0,199.0,14.0,86.0
-140.0,-264.0,113.0,-78.0,-56.0,148.0,216.0,293.0,40.0,94.0
-141.0,-179.0,74.0,-138.0,-119.0,-60.0,-606.0,260.0,55.0,93.0
-110.0,83.0,30.0,-80.0,45.0,-113.0,-1068.0,325.0,65.0,84.0
-102.0,70.0,28.0,7.0,-1.0,-98.0,-748.0,458.0,71.0,65.0
-80.0,144.0,57.0,75.0,-95.0,-244.0,-42.0,556.0,76.0,45.0
-43.0,283.0,37.0,103.0,-21.0,-260.0,239.0,713.0,68.0,24.0
-48.0,263.0,38.0,30.0,14.0,-112.0,-118.0,606.0,70.0,-14.0
-59.0,170.0,13.0,-54.0,64.0,-30.0,-643.0,397.0,71.0,-54.0
-62.0,61.0,13.0,-8.0,48.0,-29.0,-718.0,-46.0,76.0,-86.0
-41.0,42.0,46.0,109.0,-72.0,102.0,-378.0,-328.0,61.0,-110.0
-59.0,-82.0,33.0,126.0,-54.0,187.0,13.0,-432.0,45.0,-112.0
-48.0,-162.0,42.0,169.0,147.0,106.0,197.0,-607.0,35.0,-108.0
-46.0,-257.0,20.0,138.0,48.0,12.0,215.0,-484.0,28.0,-109.0
-77.0,-74.0,-2.0,-34.0,-101.0,-70.0,151.0,-269.0,8.0,-93.0
-91.0,0.0,1.0,-65.0,56.0,-6.0,65.0,103.0,-18.0,-56.0
-72.0,-123.0,-8.0,14.0,65.0,12.0,98.0,155.0,-8.0,-27.0
-85.0,-98.0,-42.0,41.0,81.0,20.0,-42.0,-11.0,-18.0,-23.0
-69.0,-141.0,-81.0,-39.0,19.0,269.0,-550.0,53.0,-24.0,-21.0
-17.0,58.0,-77.0,-114.0,-114.0,352.0,-1015.0,83.0,-39.0,3.0
16.0,48.0,-91.0,-95.0,80.0,-62.0,-871.0,251.0,-38.0,3.0
36.0,-57.0,-103.0,-35.0,92.0,-334.0,-355.0,267.0,-11.0,-18.0
28.0,12.0,-131.0,40.0,-107.0,-358.0,-120.0,351.0,0.0,-18.0
3.0,3.0,-103.0,127.0,-15.0,-374.0,-279.0,482.0,22.0,-19.0
-72.0,-245.0,-82.0,133.0,78.0,-340.0,-456.0,421.0,25.0,-33.0
-79.0,-379.0,-100.0,69.0,-12.0,-429.0,-251.0,358.0,27.0,-77.0
-96.0,-103.0,-49.0,47.0,-21.0,-421.0,336.0,179.0,21.0,-105.0
-107.0,-82.0,-63.0,-13.0,13.0,-247.0,1040.0,144.0,38.0,-123.0
-91.0,-187.0,-34.0,-3.0,57.0,-67.0,1457.0,-125.0,62.0,-167.0
-73.0,-49.0,-12.0,0.0,57.0,-60.0,1433.0,-378.0,59.0,-183.0
-56.0,166.0,-28.0,-64.0,-92.0,-274.0,1141.0,-310.0,72.0,-186.0
-87.0,30.0,-7.0,-35.0,-89.0,-329.0,851.0,-219.0,68.0,-199.0
-99.0,21.0,-43.0,-24.0,45.0,-171.0,520.0,94.0,64.0,-191.0
-122.0,124.0,-95.0,45.0,62.0,-74.0,-56.0,317.0,52.0,-165.0
-95.0,33.0,-80.0,65.0,0.0,-19.0,-755.0,567.0,40.0,-147.0
-63.0,141.0,-41.0,56.0,-46.0,-123.0,-1121.0,665.0,38.0,-158.0
-61.0,48.0,-96.0,178.0,3.0,-273.0,-944.0,691.0,31.0,-146.0
-91.0,-36.0,-84.0,127.0,34.0,-294.0,-776.0,859.0,13.0,-97.0
-99.0,-91.0,-98.0,66.0,9.0,-275.0,-950.0,798.0,-18.0,-87.0
-88.0,-123.0,-122.0,90.0,-45.0,-160.0,-1220.0,809.0,-20.0,-103.0
-117.0,-105.0,-40.0,-14.0,-52.0,-33.0,-1170.0,513.0,-46.0,-124.0
-120.0,-131.0,-69.0,-42.0,63.0,-1.0,-746.0,53.0,-72.0,-133.0
-116.0,-138.0,-66.0,-70.0,30.0,14.0,-338.0,-484.0,-74.0,-134.0
-136.0,-97.0,-47.0,-129.0,-100.0,27.0,-127.0,-1038.0,-75.0,-160.0
-161.0,124.0,-33.0,-116.0,-27.0,-124.0,42.0,-966.0,-59.0,-180.0
-140.0,-30.0,-1.0,-89.0,29.0,-80.0,327.0,-674.0,-45.0,-179.0
-123.0,34.0,-28.0,-55.0,-52.0,-60.0,578.0,-38.0,-40.0,-196.0
-111.0,302.0,-3.0,-65.0,-69.0,-122.0,481.0,550.0,-56.0,-201.0
-79.0,207.0,18.0,-76.0,-58.0,47.0,171.0,796.0,-45.0,-168.0
-68.0,242.0,63.0,-50.0,-38.0,3.0,216.0,783.0,-29.0,-169.0
-88.0,210.0,66.0,20.0,39.0,-2.0,475.0,384.0,-15.0,-175.0
-110.0,130.0,80.0,78.0,-14.0,110.0,520.0,48.0,3.0,-141.0
-145.0,31.0,98.0,91.0,-73.0,130.0,268.0,-473.0,12.0,-96.0
-171.0,17.0,110.0,110.0,69.0,14.0,18.0,-757.0,47.0,-81.0
-157.0,188.0,146.0,77.0,92.0,-181.0,-26.0,-755.0,60.0,-84.0
-149.0,201.0,123.0,6.0,28.0,-267.0,-81.0,-563.0,43.0,-59.0
-158.0,-121.0,158.0,13.0,-85.0,-187.0,59.0,53.0,40.0,-51.0
-163.0,-348.0,130.0,-26.0,-105.0,-201.0,240.0,535.0,45.0,-62.0
-144.0,-187.0,121.0,-76.0,106.0,-308.0,197.0,925.0,32.0,-66.0
-136.0,-39.0,101.0,-18.0,-16.0,-161.0,60.0,958.0,19.0,-56.0
-134.0,-98.0,42.0,-8.0,-189.0,-116.0,-4.0,733.0,23.0,-53.0
-125.0,-325.0,59.0,-41.0,-6.0,-156.0,158.0,275.0,20.0,-62.0
-115.0,-212.0,27.0,-50.0,106.0,-302.0,303.0,-474.0,18.0,-48.0
-102.0,-91.0,41.0,-58.0,9.0,-402.0,154.0,-929.0,0.0,-32.0
-88.0,-236.0,39.0,-144.0,-57.0,-155.0,-436.0,-1043.0,-31.0,-44.0
-101.0,-215.0,3.0,-103.0,-76.0,-94.0,-1039.0,-763.0,-45.0,-57.0
-126.0,-137.0,-10.0,-42.0,46.0,-106.0,-979.0,-343.0,-50.0,-32.0
-135.0,-67.0,-38.0,-71.0,146.0,146.0,-405.0,206.0,-68.0,-26.0
-144.0,-198.0,-39.0,-2.0,-95.0,196.0,116.0,748.0,-88.0,-46.0
-150.0,-39.0,-32.0,26.0,-72.0,-61.0,199.0,816.0,-99.0,-33.0
-158.0,182.0,-47.0,3.0,122.0,-140.0,-250.0,628.0,-116.0,-19.0
-143.0,128.0,-49.0,-50.0,123.0,-138.0,-840.0,339.0,-114.0,-14.0
-145.0,198.0,-9.0,-118.0,69.0,-107.0,-958.0,216.0,-101.0,-25.0
-145.0,22.0,-15.0,-148.0,-94.0,-108.0,-581.0,236.0,-104.0,-31.0
-130.0,-39.0,-22.0,-90.0,-42.0,-238.0,-239.0,110.0,-95.0,-18.0
-132.0,124.0,-7.0,-4.0,102.0,-269.0,-110.0,20.0,-70.0,-19.0
-146.0,135.0,6.0,53.0,-33.0,-285.0,98.0,-109.0,-49.0,-57.0
-139.0,12.0,13.0,31.0,-165.0,-320.0,388.0,-181.0,-16.0,-92.0
-116.0,53.0,31.0,-48.0,61.0,-214.0,590.0,-96.0,7.0,-111.0
-141.0,390.0,36.0,-20.0,204.0,-135.0,671.0,3.0,13.0,-137.0
-138.0,498.0,0.0,-95.0,-40.0,-207.0,649.0,210.0,44.0,-162.0
-117.0,315.0,-3.0,-244.0,-153.0,-340.0,389.0,208.0,47.0,-188.0
-121.0,179.0,-65.0,-268.0,2.0,-550.0,-29.0,-55.0,31.0,-203.0
-119.0,192.0,-103.0,-202.0,159.0,-438.0,-263.0,-659.0,44.0,-216.0
-127.0,28.0,-100.0,-217.0,69.0,-217.0,-279.0,-1130.0,53.0,-225.0
-134.0,-111.0,-106.0,-302.0,-134.0,-214.0,-178.0,-1151.0,57.0,-229.0
-114.0,-29.0,-69.0,-200.0,-76.0,-66.0,-433.0,-1008.0,44.0,-223.0
-67.0,41.0,-118.0,-83.0,168.0,41.0,-1134.0,-297.0,14.0,-210.0
-47.0,-10.0,-159.0,34.0,86.0,-32.0,-1679.0,323.0,-16.0,-194.0
-35.0,-180.0,-109.0,119.0,-119.0,-59.0,-1427.0,668.0,-35.0,-154.0
-9.0,-178.0,-99.0,66.0,11.0,-118.0,-437.0,663.0,-49.0,-130.0
3.0,-237.0,-69.0,62.0,67.0,-97.0,398.0,343.0,-63.0,-105.0
-2.0,-283.0,-11.0,54.0,-10.0,194.0,694.0,186.0,-94.0,-86.0
-5.0,-263.0,-27.0,62.0,-110.0,248.0,625.0,-48.0,-133.0,-58.0
-16.0,-272.0,-15.0,157.0,-148.0,267.0,503.0,3.0,-167.0,-32.0
-42.0,-223.0,2.0,221.0,6.0,276.0,565.0,3.0,-190.0,-30.0
-16.0,-295.0,7.0,171.0,37.0,85.0,868.0,33.0,-201.0,8.0
-14.0,-223.0,19.0,87.0,-64.0,69.0,1013.0,25.0,-214.0,31.0
-38.0,-119.0,-44.0,42.0,-68.0,-24.0,724.0,-323.0,-210.0,41.0
-43.0,-71.0,-56.0,50.0,54.0,-98.0,457.0,-508.0,-235.0,53.0
-36.0,37.0,-27.0,53.0,82.0,14.0,369.0,-482.0,-242.0,65.0
-42.0,-39.0,-47.0,60.0,-27.0,52.0,119.0,9.0,-232.0,71.0
-67.0,-401.0,-78.0,80.0,-96.0,97.0,-284.0,524.0,-230.0,58.0
-64.0,-427.0,-69.0,48.0,-3.0,100.0,-455.0,851.0,-208.0,74.0
-55.0,114.0,-41.0,-35.0,142.0,-52.0,-358.0,899.0,-210.0,85.0
-40.0,392.0,-20.0,-84.0,40.0,101.0,-292.0,347.0,-210.0,71.0
-44.0,177.0,-15.0,6.0,-50.0,166.0,-471.0,-400.0,-221.0,56.0
-36.0,-182.0,-34.0,21.0,26.0,105.0,-635.0,-1038.0,-221.0,62.0
-47.0,9.0,7.0,-21.0,70.0,198.0,-633.0,-1210.0,-212.0,60.0
-52.0,279.0,11.0,-64.0,16.0,58.0,-619.0,-1031.0,-225.0,22.0
-36.0,357.0,1.0,-53.0,-88.0,-39.0,-623.0,-546.0,-229.0,-3.0
-40.0,450.0,36.0,25.0,-17.0,-208.0,-461.0,25.0,-225.0,-10.0
-47.0,124.0,30.0,13.0,52.0,-349.0,157.0,234.0,-221.0,-29.0
-68.0,138.0,29.0,57.0,-29.0,-207.0,903.0,447.0,-221.0,-70.0
-80.0,186.0,41.0,32.0,-80.0,-18.0,1293.0,360.0,-187.0,-90.0
-104.0,119.0,37.0,-57.0,-49.0,-31.0,1179.0,-49.0,-172.0,-86.0
-82.0,-37.0,40.0,-21.0,43.0,50.0,853.0,-240.0,-141.0,-92.0
-100.0,-257.0,15.0,13.0,-4.0,80.0,532.0,-319.0,-98.0,-102.0
-124.0,-9.0,3.0,-21.0,-85.0,-22.0,229.0,-306.0,-90.0,-74.0
-101.0,-83.0,46.0,-31.0,-24.0,-26.0,104.0,-548.0,-54.0,-45.0
-83.0,-143.0,58.0,8.0,31.0,-226.0,116.0,-737.0,-24.0,-32.0
-72.0,-110.0,46.0,61.0,46.0,-71.0,98.0,-458.0,-3.0,-1.0
-66.0,-213.0,42.0,124.0,-24.0,153.0,-240.0,-66.0,20.0,39.0
-32.0,-41.0,34.0,103.0,-27.0,114.0,-657.0,330.0,39.0,81.0
-34.0,37.0,35.0,-20.0,49.0,113.0,-793.0,323.0,61.0,95.0
-27.0,-148.0,68.0,-169.0,48.0,68.0,-700.0,120.0,92.0,127.0
-57.0,-317.0,-8.0,-220.0,-50.0,3.0,-538.0,-234.0,91.0,166.0
-93.0,-133.0,-66.0,-194.0,-121.0,-123.0,-473.0,-515.0,80.0,172.0
-140.0,61.0,-30.0,-217.0,16.0,-298.0,-545.0,-321.0,71.0,160.0
-139.0,63.0,-94.0,-200.0,71.0,-221.0,-499.0,-107.0,44.0,145.0
-123.0,30.0,-73.0,-169.0,-86.0,-113.0,-14.0,212.0,28.0,159.0
-130.0,-73.0,-55.0,-199.0,-32.0,-281.0,341.0,205.0,4.0,148.0
-72.0,-60.0,-119.0,-110.0,145.0,-186.0,20.0,-35.0,17.0,112.0
-58.0,68.0,-97.0,10.0,4.0,-89.0,-576.0,-208.0,28.0,95.0
-42.0,72.0,-87.0,-12.0,-74.0,-48.0,-808.0,-434.0,39.0,58.0
-54.0,28.0,-132.0,-42.0,-78.0,-202.0,-666.0,-506.0,49.0,22.0
-51.0,179.0,-123.0,-13.0,-125.0,-545.0,-253.0,-598.0,60.0,0.0
-99.0,407.0,-85.0,51.0,95.0,-419.0,339.0,-345.0,95.0,-39.0
-114.0,465.0,-111.0,65.0,109.0,-244.0,527.0,44.0,71.0,-78.0
-86.0,103.0,-91.0,15.0,-56.0,-251.0,317.0,362.0,43.0,-90.0
-74.0,-109.0,-42.0,-7.0,-57.0,-162.0,121.0,497.0,14.0,-86.0
-41.0,-98.0,-62.0,-86.0,-34.0,30.0,156.0,210.0,0.0,-78.0
-47.0,-274.0,-62.0,-190.0,45.0,128.0,398.0,-11.0,-11.0,-67.0
-26.0,0.0,-58.0,-149.0,2.0,124.0,740.0,-254.0,-48.0,-67.0
-61.0,22.0,-67.0,-86.0,-161.0,152.0,898.0,-365.0,-60.0,-46.0
-60.0,-79.0,-95.0,-79.0,-14.0,403.0,829.0,-399.0,-62.0,-11.0
-89.0,34.0,-120.0,-16.0,92.0,531.0,1011.0,-426.0,-29.0,-7.0
-82.0,-19.0,-91.0,5.0,-102.0,259.0,1282.0,-543.0,-4.0,4.0
-48.0,76.0,-119.0,-113.0,-30.0,227.0,1165.0,-1031.0,14.0,25.0
-38.0,-256.0,-134.0,-220.0,90.0,338.0,692.0,-1084.0,21.0,38.0
-12.0,-256.0,-127.0,-244.0,17.0,171.0,263.0,-766.0,6.0,30.0
-20.0,-115.0,-139.0,-255.0,0.0,12.0,-82.0,-267.0,13.0,18.0
13.0,-264.0,-99.0,-161.0,-37.0,-103.0,-319.0,221.0,19.0,14.0
-18.0,-115.0,-91.0,-3.0,-48.0,-99.0,-397.0,299.0,32.0,-12.0
-22.0,-39.0,-101.0,49.0,24.0,-57.0,-669.0,267.0,40.0,-23.0
-15.0,115.0,-91.0,27.0,42.0,-214.0,-1170.0,-7.0,54.0,-15.0
-9.0,84.0,-60.0,37.0,-28.0,-116.0,-1541.0,-192.0,56.0,-10.0
-13.0,-29.0,-19.0,51.0,-9.0,162.0,-1526.0,-258.0,28.0,3.0
7.0,66.0,10.0,-45.0,87.0,303.0,-1176.0,-140.0,13.0,27.0
15.0,264.0,2.0,-81.0,17.0,297.0,-645.0,38.0,-11.0,48.0
-37.0,48.0,2.0,-76.0,-98.0,160.0,-293.0,-110.0,-42.0,42.0
-44.0,-115.0,54.0,-197.0,39.0,20.0,-190.0,-173.0,-42.0,52.0
-75.0,279.0,14.0,-220.0,88.0,-35.0,55.0,-421.0,-31.0,71.0
-56.0,334.0,22.0,-152.0,17.0,-72.0,544.0,-578.0,-17.0,81.0
-68.0,70.0,66.0,-75.0,39.0,31.0,892.0,-587.0,7.0,92.0
-46.0,-76.0,26.0,10.0,-47.0,121.0,1021.0,-410.0,18.0,93.0
-24.0,90.0,25.0,6.0,21.0,-79.0,1244.0,129.0,29.0,115.0
-3.0,26.0,14.0,-89.0,77.0,-1.0,1532.0,336.0,50.0,134.0
11.0,-45.0,34.0,-194.0,-68.0,-14.0,1709.0,218.0,66.0,119.0
-51.0,-163.0,6.0,-214.0,6.0,-166.0,1530.0,-245.0,76.0,97.0
-103.0,-353.0,-7.0,-176.0,94.0,-229.0,952.0,-670.0,66.0,78.0
-156.0,-92.0,0.0,-82.0,-13.0,-358.0,104.0,-748.0,56.0,46.0
-162.0,-65.0,-56.0,-41.0,-23.0,-258.0,-613.0,-545.0,62.0,12.0
-196.0,-92.0,-30.0,-57.0,18.0,-284.0,-799.0,38.0,75.0,-15.0
-171.0,32.0,-74.0,-79.0,32.0,-373.0,-656.0,312.0,85.0,-61.0
-144.0,273.0,-100.0,-76.0,70.0,-317.0,-544.0,199.0,88.0,-87.0
-116.0,306.0,-52.0,3.0,-89.0,-93.0,-546.0,-147.0,104.0,-79.0
-83.0,135.0,-74.0,-24.0,-187.0,79.0,-383.0,-502.0,142.0,-70.0
-80.0,7.0,-84.0,-34.0,56.0,286.0,-106.0,-426.0,150.0,-67.0
-71.0,-179.0,-60.0,21.0,121.0,357.0,-58.0,-177.0,150.0,-49.0
-78.0,-108.0,-78.0,-51.0,-77.0,133.0,-224.0,151.0,176.0,-30.0
-52.0,-96.0,-88.0,-116.0,-90.0,20.0,-314.0,92.0,180.0,-12.0
-56.0,-142.0,-42.0,-27.0,56.0,-202.0,-197.0,-212.0,176.0,-2.0
-32.0,-43.0,-71.0,101.0,63.0,-152.0,53.0,-219.0,153.0,-7.0
-24.0,53.0,-69.0,115.0,-63.0,-93.0,332.0,-155.0,89.0,0.0
-16.0,53.0,-42.0,13.0,-113.0,-105.0,632.0,1.0,40.0,-3.0
-26.0,84.0,-67.0,-48.0,-56.0,103.0,875.0,27.0,-7.0,11.0
-12.0,103.0,-36.0,-87.0,45.0,55.0,926.0,53.0,-29.0,38.0
-3.0,47.0,-33.0,-151.0,45.0,9.0,850.0,0.0,-27.0,24.0
-34.0,-153.0,-35.0,-144.0,-44.0,50.0,504.0,-243.0,-43.0,5.0
-9.0,-293.0,-14.0,-125.0,29.0,-96.0,-54.0,-526.0,-50.0,18.0
0.0,21.0,-33.0,-91.0,144.0,-387.0,-428.0,-947.0,-50.0,38.0
1.0,190.0,-49.0,-69.0,-40.0,-657.0,-313.0,-761.0,-36.0,34.0
-42.0,196.0,-47.0,-71.0,-159.0,-648.0,102.0,-131.0,-43.0,16.0
-11.0,43.0,-43.0,-4.0,-12.0,-275.0,285.0,321.0,-63.0,-2.0
-2.0,-6.0,-59.0,99.0,6.0,-68.0,212.0,288.0,-48.0,-4.0
5.0,77.0,-60.0,161.0,115.0,-112.0,158.0,-184.0,-46.0,-19.0
18.0,-47.0,-64.0,110.0,101.0,6.0,244.0,-589.0,-47.0,-49.0
-24.0,95.0,-97.0,42.0,-93.0,96.0,327.0,-851.0,-25.0,-77.0
-25.0,39.0,-88.0,-3.0,53.0,-84.0,306.0,-532.0,0.0,-104.0
-33.0,-87.0,-23.0,-69.0,91.0,-388.0,331.0,-22.0,15.0,-107.0
-6.0,-154.0,-30.0,-72.0,-78.0,-498.0,539.0,273.0,26.0,-112.0
-22.0,-87.0,-77.0,-34.0,-57.0,-220.0,722.0,408.0,41.0,-135.0
7.0,139.0,-57.0,-55.0,22.0,4.0,450.0,229.0,59.0,-157.0
37.0,34.0,-23.0,-107.0,71.0,0.0,-195.0,160.0,77.0,-161.0
49.0,-22.0,0.0,-176.0,83.0,56.0,-574.0,223.0,92.0,-162.0
50.0,-135.0,-4.0,-269.0,-33.0,-79.0,-475.0,314.0,84.0,-151.0
5.0,-176.0,26.0,-294.0,29.0,-137.0,-341.0,121.0,69.0,-144.0
-34.0,-125.0,13.0,-245.0,144.0,-137.0,-322.0,-295.0,72.0,-138.0
-71.0,-39.0,7.0,-168.0,-21.0,-304.0,-207.0,-559.0,77.0,-105.0
-27.0,116.0,35.0,-139.0,-106.0,-372.0,37.0,-772.0,78.0,-81.0
-28.0,66.0,-7.0,-107.0,-25.0,-438.0,221.0,-644.0,63.0,-67.0
-33.0,81.0,-28.0,-34.0,43.0,-316.0,172.0,-430.0,44.0,-55.0
-33.0,-82.0,-33.0,-5.0,11.0,-153.0,42.0,-210.0,19.0,-34.0
-31.0,-208.0,-16.0,17.0,-49.0,-344.0,163.0,-16.0,18.0,-21.0
-47.0,-80.0,-41.0,53.0,0.0,-523.0,331.0,-136.0,23.0,-8.0
-77.0,-53.0,-36.0,66.0,96.0,-411.0,171.0,-445.0,14.0,22.0
-97.0,-7.0,-45.0,13.0,33.0,-377.0,-121.0,-883.0,31.0,32.0
-114.0,-61.0,-39.0,20.0,-118.0,-411.0,-252.0,-740.0,26.0,44.0
-75.0,65.0,-1.0,37.0,-86.0,-508.0,-146.0,-341.0,15.0,53.0
-78.0,384.0,-57.0,25.0,41.0,-548.0,-18.0,-86.0,10.0,61.0
-67.0,249.0,-49.0,12.0,14.0,-315.0,90.0,253.0,14.0,78.0
-55.0,-94.0,-30.0,-9.0,-107.0,-363.0,224.0,454.0,0.0,79.0
-17.0,93.0,-38.0,0.0,-19.0,-428.0,252.0,868.0,-31.0,80.0
-29.0,379.0,-21.0,-103.0,66.0,-216.0,142.0,1064.0,-34.0,72.0
-59.0,78.0,2.0,-179.0,15.0,-131.0,-89.0,825.0,-63.0,68.0
-60.0,-177.0,-14.0,-173.0,-43.0,-121.0,-292.0,219.0,-83.0,77.0
-107.0,140.0,0.0,-103.0,-149.0,-219.0,-304.0,-785.0,-93.0,81.0
-111.0,330.0,53.0,7.0,18.0,-425.0,24.0,-1476.0,-103.0,77.0
-129.0,34.0,50.0,79.0,169.0,-467.0,448.0,-1649.0,-108.0,64.0
-96.0,-13.0,41.0,110.0,-84.0,-375.0,645.0,-1067.0,-126.0,53.0
-105.0,-185.0,43.0,44.0,-160.0,-90.0,663.0,-94.0,-125.0,55.0
-99.0,-193.0,41.0,46.0,6.0,153.0,536.0,761.0,-139.0,59.0
-104.0,60.0,45.0,76.0,64.0,0.0,404.0,1241.0,-154.0,44.0
-152.0,-210.0,43.0,29.0,77.0,-7.0,517.0,866.0,-145.0,56.0
-135.0,-265.0,0.0,-100.0,-49.0,201.0,571.0,55.0,-146.0,86.0
-166.0,-158.0,-43.0,-213.0,-100.0,239.0,37.0,-761.0,-152.0,86.0
-147.0,28.0,-34.0,-221.0,55.0,164.0,-626.0,-1176.0,-145.0,89.0
-130.0,-110.0,-27.0,-152.0,-9.0,16.0,-825.0,-970.0,-131.0,105.0
-81.0,-128.0,-51.0,23.0,-78.0,71.0,-747.0,-325.0,-124.0,108.0
-53.0,281.0,-29.0,105.0,2.0,262.0,-775.0,437.0,-117.0,107.0
-56.0,-1.0,-58.0,99.0,-5.0,14.0,-832.0,909.0,-97.0,135.0
-60.0,-109.0,-61.0,151.0,63.0,-210.0,-656.0,1058.0,-59.0,153.0
-81.0,-3.0,-46.0,120.0,95.0,-129.0,-347.0,550.0,-31.0,137.0
-62.0,116.0,-52.0,-14.0,-21.0,-79.0,-11.0,-282.0,-14.0,142.0
-81.0,243.0,-4.0,-92.0,37.0,35.0,380.0,-966.0,15.0,148.0
-46.0,-1.0,-65.0,-107.0,56.0,22.0,703.0,-1496.0,8.0,145.0
-46.0,-65.0,-44.0,-156.0,-104.0,15.0,701.0,-1472.0,-9.0,132.0
-13.0,-27.0,-13.0,-207.0,-87.0,91.0,457.0,-1027.0,-2.0,108.0
23.0,-48.0,-57.0,-110.0,-10.0,-18.0,263.0,-177.0,0.0,111.0
14.0,46.0,-35.0,48.0,54.0,-133.0,420.0,585.0,12.0,108.0
18.0,26.0,-42.0,144.0,2.0,-135.0,771.0,879.0,25.0,79.0
21.0,-235.0,-58.0,178.0,-154.0,-179.0,729.0,946.0,16.0,67.0
62.0,-239.0,-59.0,140.0,-11.0,-77.0,236.0,596.0,1.0,53.0
57.0,-30.0,-42.0,66.0,78.0,75.0,-230.0,271.0,-35.0,7.0
85.0,139.0,-70.0,-55.0,-47.0,97.0,-268.0,-57.0,-77.0,-32.0
65.0,30.0,-58.0,-96.0,-27.0,219.0,-35.0,-397.0,-71.0,-33.0
66.0,-114.0,-3.0,-41.0,-2.0,130.0,170.0,-676.0,-68.0,-45.0
64.0,-6.0,-29.0,0.0,5.0,74.0,153.0,-947.0,-81.0,-77.0
38.0,-41.0,7.0,3.0,65.0,110.0,-57.0,-707.0,-79.0,-84.0
29.0,166.0,29.0,-24.0,8.0,-27.0,-177.0,-389.0,-79.0,-74.0
8.0,136.0,-1.0,-126.0,30.0,-114.0,-33.0,5.0,-71.0,-70.0
21.0,-53.0,36.0,-309.0,77.0,-36.0,126.0,360.0,-74.0,-78.0
-26.0,105.0,53.0,-348.0,-49.0,196.0,-131.0,352.0,-94.0,-56.0
-30.0,101.0,17.0,-289.0,-16.0,313.0,-615.0,179.0,-105.0,-42.0
-60.0,118.0,14.0,-186.0,32.0,313.0,-1055.0,-334.0,-110.0,-44.0
-62.0,-131.0,2.0,-41.0,-25.0,246.0,-1304.0,-672.0,-99.0,13.0
-65.0,-228.0,-60.0,62.0,56.0,146.0,-1107.0,-572.0,-78.0,73.0
-51.0,-27.0,-47.0,145.0,-30.0,-10.0,-518.0,-29.0,-61.0,82.0
-45.0,-39.0,0.0,239.0,-89.0,20.0,-95.0,572.0,-47.0,76.0
-89.0,20.0,-14.0,277.0,60.0,31.0,-266.0,694.0,-35.0,95.0
-49.0,84.0,-58.0,115.0,-38.0,-39.0,-645.0,445.0,-4.0,112.0
-42.0,228.0,-46.0,-28.0,-43.0,242.0,-609.0,-79.0,12.0,104.0
-21.0,139.0,-21.0,-79.0,8.0,224.0,-42.0,-280.0,0.0,87.0
-54.0,-109.0,-61.0,-133.0,-25.0,54.0,501.0,-310.0,13.0,82.0
-39.0,-33.0,-75.0,-124.0,114.0,112.0,702.0,-229.0,13.0,93.0
-22.0,188.0,-23.0,-45.0,26.0,54.0,689.0,88.0,10.0,81.0
4.0,108.0,-35.0,-6.0,-22.0,-90.0,730.0,269.0,26.0,77.0
11.0,-172.0,-112.0,-57.0,128.0,-346.0,937.0,508.0,21.0,87.0
-37.0,-269.0,-32.0,24.0,22.0,-532.0,1024.0,485.0,23.0,61.0
-10.0,-272.0,3.0,134.0,-79.0,-265.0,948.0,269.0,22.0,44.0
-23.0,-82.0,-32.0,174.0,-26.0,171.0,995.0,-57.0,43.0,80.0
-15.0,-28.0,-39.0,200.0,37.0,327.0,1285.0,-221.0,53.0,84.0
-53.0,-156.0,-39.0,176.0,168.0,274.0,1464.0,116.0,45.0,51.0
-20.0,-199.0,2.0,93.0,87.0,135.0,1301.0,229.0,39.0,64.0
14.0,81.0,-6.0,-90.0,-123.0,129.0,789.0,408.0,-1.0,94.0
26.0,147.0,45.0,-214.0,23.0,135.0,99.0,630.0,-15.0,82.0
79.0,-250.0,76.0,-214.0,26.0,2.0,-481.0,495.0,-40.0,60.0
105.0,-103.0,21.0,-193.0,-87.0,166.0,-914.0,164.0,-60.0,56.0
125.0,-59.0,70.0,-147.0,17.0,252.0,-1222.0,-240.0,-68.0,61.0
89.0,-236.0,84.0,-35.0,-55.0,82.0,-1542.0,-412.0,-91.0,39.0
92.0,-99.0,62.0,35.0,44.0,58.0,-1846.0,-565.0,-89.0,6.0
47.0,86.0,55.0,100.0,108.0,-87.0,-2005.0,-319.0,-100.0,10.0
16.0,159.0,-25.0,242.0,-133.0,-150.0,-1972.0,208.0,-90.0,0.0
13.0,87.0,4.0,299.0,-10.0,-73.0,-1720.0,290.0,-83.0,-22.0
25.0,154.0,-24.0,249.0,131.0,83.0,-1283.0,190.0,-71.0,-2.0
64.0,159.0,-31.0,219.0,-47.0,324.0,-793.0,24.0,-52.0,26.0
68.0,120.0,57.0,255.0,-94.0,229.0,-391.0,310.0,-60.0,23.0
64.0,-19.0,-42.0,190.0,-78.0,6.0,15.0,868.0,-43.0,33.0
38.0,-137.0,-36.0,50.0,24.0,-87.0,573.0,933.0,-56.0,59.0
39.0,-61.0,30.0,-22.0,123.0,-263.0,1121.0,493.0,-62.0,58.0
31.0,-69.0,17.0,-153.0,-52.0,-354.0,1354.0,-77.0,-46.0,41.0
10.0,-41.0,48.0,-313.0,-57.0,-192.0,1270.0,-190.0,-46.0,42.0
5.0,-38.0,6.0,-314.0,19.0,-87.0,1078.0,-264.0,-38.0,67.0
27.0,-210.0,0.0,-221.0,5.0,195.0,1147.0,-40.0,-24.0,67.0
31.0,-415.0,32.0,-208.0,-30.0,325.0,1315.0,574.0,5.0,56.0
6.0,-176.0,2.0,-190.0,-89.0,141.0,1095.0,774.0,27.0,74.0
6.0,44.0,68.0,-121.0,-15.0,223.0,591.0,637.0,62.0,84.0
17.0,54.0,93.0,-58.0,60.0,196.0,95.0,55.0,80.0,45.0
4.0,239.0,0.0,-25.0,49.0,117.0,-123.0,-419.0,67.0,30.0
11.0,104.0,37.0,7.0,-41.0,75.0,-109.0,-456.0,61.0,82.0
24.0,-31.0,61.0,80.0,45.0,58.0,-130.0,-155.0,40.0,112.0
18.0,54.0,42.0,111.0,115.0,144.0,-273.0,271.0,23.0,117.0
19.0,48.0,57.0,121.0,-3.0,16.0,-239.0,345.0,27.0,135.0
5.0,-84.0,1.0,72.0,-41.0,-173.0,65.0,550.0,31.0,157.0
4.0,-73.0,-26.0,34.0,8.0,-107.0,280.0,685.0,30.0,147.0
9.0,98.0,-1.0,63.0,104.0,0.0,176.0,622.0,47.0,130.0
30.0,107.0,10.0,8.0,32.0,166.0,-140.0,400.0,60.0,141.0
40.0,26.0,38.0,-42.0,-96.0,395.0,-343.0,110.0,54.0,123.0
48.0,-82.0,31.0,14.0,-58.0,283.0,-461.0,114.0,58.0,113.0
65.0,43.0,-1.0,-14.0,-10.0,202.0,-603.0,-35.0,55.0,119.0
38.0,108.0,26.0,-121.0,-43.0,114.0,-627.0,-68.0,17.0,134.0
0.0,23.0,28.0,-110.0,-51.0,-100.0,-431.0,157.0,-7.0,148.0
-8.0,7.0,69.0,-93.0,-14.0,6.0,-196.0,334.0,2.0,108.0
1.0,45.0,54.0,-7.0,43.0,185.0,-57.0,181.0,0.0,102.0
-9.0,0.0,-15.0,159.0,7.0,234.0,121.0,-249.0,-8.0,106.0
-1.0,-135.0,27.0,231.0,-82.0,332.0,358.0,-75.0,-21.0,86.0
23.0,79.0,13.0,176.0,2.0,249.0,614.0,757.0,-25.0,76.0
30.0,74.0,44.0,117.0,55.0,171.0,809.0,1631.0,-10.0,78.0
38.0,-62.0,66.0,86.0,-12.0,158.0,911.0,1635.0,2.0,74.0
44.0,-132.0,31.0,10.0,-72.0,35.0,878.0,905.0,4.0,36.0
41.0,-170.0,-6.0,-33.0,-73.0,129.0,782.0,280.0,3.0,24.0
61.0,-173.0,-33.0,-29.0,40.0,76.0,651.0,-264.0,6.0,28.0
76.0,-104.0,14.0,19.0,34.0,51.0,486.0,-583.0,-1.0,-1.0
95.0,294.0,48.0,41.0,-121.0,75.0,432.0,-598.0,5.0,-36.0
125.0,52.0,62.0,59.0,-74.0,-27.0,381.0,-107.0,9.0,-20.0
138.0,-40.0,18.0,138.0,-16.0,53.0,243.0,434.0,0.0,-6.0
151.0,216.0,23.0,177.0,-83.0,148.0,29.0,474.0,0.0,-31.0
143.0,135.0,46.0,162.0,-21.0,239.0,-205.0,421.0,-14.0,-43.0
149.0,39.0,77.0,188.0,-39.0,302.0,-315.0,291.0,-16.0,-56.0
124.0,-143.0,90.0,185.0,-9.0,332.0,-250.0,310.0,17.0,-72.0
110.0,-85.0,13.0,59.0,191.0,339.0,-152.0,332.0,47.0,-108.0
124.0,-283.0,8.0,-110.0,45.0,323.0,-252.0,412.0,58.0,-136.0
154.0,-191.0,13.0,-272.0,-155.0,-11.0,-497.0,661.0,66.0,-147.0
204.0,218.0,-14.0,-314.0,-26.0,-163.0,-461.0,600.0,62.0,-170.0
193.0,91.0,28.0,-282.0,-32.0,-20.0,-105.0,360.0,47.0,-164.0
176.0,123.0,79.0,-167.0,-57.0,-8.0,146.0,20.0,48.0,-134.0
147.0,216.0,40.0,25.0,0.0,146.0,197.0,160.0,49.0,-126.0
114.0,22.0,69.0,203.0,42.0,197.0,99.0,764.0,53.0,-147.0
71.0,-66.0,102.0,274.0,175.0,290.0,145.0,1018.0,65.0,-138.0
47.0,-10.0,106.0,240.0,50.0,316.0,426.0,899.0,72.0,-103.0
50.0,-146.0,120.0,221.0,-91.0,150.0,572.0,535.0,73.0,-95.0
59.0,-141.0,82.0,62.0,-3.0,108.0,422.0,251.0,67.0,-101.0
91.0,34.0,100.0,-13.0,-7.0,193.0,212.0,-29.0,64.0,-83.0
101.0,114.0,89.0,-17.0,-76.0,223.0,260.0,-112.0,42.0,-44.0
112.0,-85.0,77.0,-10.0,-6.0,331.0,426.0,275.0,20.0,-45.0
110.0,-225.0,91.0,103.0,75.0,423.0,393.0,733.0,17.0,-51.0
121.0,-71.0,77.0,131.0,103.0,313.0,-38.0,1151.0,1.0,-26.0
115.0,-265.0,58.0,207.0,101.0,237.0,-635.0,1010.0,5.0,-15.0
116.0,-237.0,23.0,204.0,-30.0,81.0,-868.0,473.0,12.0,-43.0
123.0,-81.0,28.0,97.0,-15.0,173.0,-588.0,-145.0,19.0,-43.0
129.0,-11.0,47.0,25.0,-20.0,294.0,-75.0,-761.0,30.0,-8.0
157.0,85.0,21.0,-50.0,-35.0,318.0,260.0,-798.0,9.0,-22.0
153.0,38.0,8.0,-56.0,-17.0,384.0,278.0,-303.0,-10.0,-47.0
149.0,269.0,23.0,-62.0,-134.0,160.0,92.0,687.0,-19.0,-29.0
151.0,311.0,51.0,-90.0,38.0,-102.0,-87.0,1444.0,-14.0,3.0
164.0,273.0,73.0,-60.0,163.0,-150.0,-11.0,1616.0,-18.0,5.0
154.0,47.0,58.0,12.0,6.0,-12.0,422.0,1385.0,-36.0,11.0
159.0,-145.0,80.0,111.0,-44.0,144.0,931.0,585.0,-51.0,49.0
148.0,-17.0,73.0,159.0,-72.0,179.0,1173.0,-140.0,-60.0,51.0
144.0,-78.0,58.0,162.0,-59.0,-25.0,1023.0,-659.0,-38.0,42.0
143.0,78.0,82.0,119.0,-34.0,-127.0,733.0,-870.0,-26.0,56.0
104.0,51.0,60.0,45.0,-140.0,-131.0,487.0,-639.0,-18.0,65.0
108.0,7.0,61.0,45.0,-48.0,-137.0,104.0,-29.0,4.0,63.0
99.0,116.0,24.0,6.0,103.0,77.0,-303.0,748.0,-7.0,45.0
113.0,33.0,-25.0,-17.0,67.0,237.0,-509.0,925.0,-1.0,71.0
106.0,-60.0,-32.0,-55.0,67.0,209.0,-405.0,901.0,40.0,112.0
108.0,-10.0,-63.0,-15.0,-40.0,63.0,-145.0,857.0,70.0,114.0
119.0,136.0,-41.0,66.0,-124.0,-37.0,48.0,652.0,81.0,123.0
109.0,158.0,-15.0,72.0,-3.0,110.0,165.0,430.0,61.0,138.0
131.0,96.0,-33.0,132.0,-21.0,213.0,186.0,323.0,41.0,143.0
119.0,-98.0,0.0,46.0,-118.0,181.0,71.0,552.0,27.0,141.0
119.0,-17.0,13.0,-50.0,50.0,386.0,-77.0,498.0,5.0,161.0
83.0,-77.0,37.0,-42.0,108.0,431.0,-43.0,356.0,1.0,166.0
73.0,-303.0,69.0,6.0,32.0,287.0,128.0,380.0,9.0,130.0
108.0,-198.0,65.0,88.0,36.0,150.0,316.0,338.0,23.0,118.0
107.0,98.0,78.0,117.0,-24.0,82.0,493.0,131.0,38.0,127.0
125.0,50.0,58.0,62.0,37.0,188.0,663.0,-376.0,45.0,121.0
114.0,-226.0,77.0,-93.0,21.0,209.0,700.0,-609.0,42.0,94.0
117.0,143.0,83.0,-130.0,-42.0,296.0,581.0,-563.0,40.0,69.0
137.0,149.0,77.0,-83.0,58.0,377.0,451.0,-175.0,45.0,62.0
124.0,33.0,89.0,-64.0,138.0,343.0,287.0,382.0,34.0,51.0
110.0,67.0,53.0,-32.0,71.0,208.0,151.0,532.0,16.0,23.0
88.0,-231.0,110.0,4.0,13.0,161.0,104.0,631.0,17.0,7.0
93.0,-148.0,125.0,12.0,6.0,155.0,49.0,654.0,44.0,-9.0
77.0,-19.0,120.0,3.0,-11.0,275.0,-144.0,567.0,80.0,-44.0
63.0,91.0,159.0,95.0,48.0,387.0,-376.0,101.0,93.0,-57.0
81.0,0.0,146.0,148.0,1.0,226.0,-514.0,-498.0,86.0,-62.0
95.0,-193.0,160.0,103.0,-10.0,294.0,-412.0,-548.0,93.0,-116.0
123.0,78.0,168.0,44.0,-7.0,273.0,70.0,-376.0,95.0,-162.0
125.0,182.0,183.0,58.0,-68.0,155.0,564.0,142.0,101.0,-176.0
144.0,85.0,175.0,86.0,-28.0,-6.0,635.0,596.0,127.0,-183.0
141.0,238.0,187.0,7.0,29.0,-121.0,510.0,796.0,123.0,-183.0
145.0,417.0,168.0,-30.0,3.0,117.0,583.0,990.0,141.0,-204.0
146.0,322.0,103.0,-27.0,40.0,254.0,802.0,970.0,147.0,-204.0
144.0,35.0,120.0,-72.0,2.0,254.0,928.0,903.0,128.0,-194.0
144.0,-8.0,62.0,-119.0,-128.0,349.0,797.0,556.0,128.0,-192.0
157.0,72.0,48.0,-119.0,60.0,247.0,603.0,153.0,99.0,-175.0
196.0,-142.0,56.0,-44.0,14.0,1.0,515.0,-46.0,81.0,-164.0
191.0,-223.0,4.0,76.0,-126.0,41.0,428.0,-40.0,80.0,-154.0
207.0,-49.0,22.0,134.0,-15.0,240.0,124.0,147.0,68.0,-136.0
182.0,-17.0,3.0,176.0,-107.0,542.0,-395.0,27.0,67.0,-99.0
168.0,-67.0,24.0,228.0,-42.0,438.0,-766.0,-225.0,68.0,-77.0
121.0,-159.0,35.0,198.0,47.0,26.0,-896.0,-450.0,56.0,-74.0
109.0,-15.0,17.0,139.0,-45.0,-61.0,-857.0,-443.0,44.0,-48.0
106.0,0.0,77.0,128.0,83.0,-4.0,-821.0,-101.0,27.0,-20.0
78.0,-132.0,26.0,146.0,65.0,163.0,-764.0,109.0,12.0,0.0
110.0,148.0,8.0,79.0,-99.0,362.0,-618.0,149.0,30.0,2.0
105.0,140.0,47.0,-38.0,6.0,478.0,-527.0,-1.0,39.0,-1.0
138.0,102.0,-2.0,-133.0,29.0,563.0,-484.0,129.0,44.0,22.0
122.0,277.0,66.0,-162.0,45.0,472.0,-420.0,437.0,60.0,34.0
141.0,130.0,97.0,-178.0,140.0,234.0,-129.0,386.0,76.0,37.0
126.0,-185.0,77.0,-157.0,-13.0,319.0,314.0,129.0,72.0,71.0
113.0,4.0,116.0,-29.0,-20.0,243.0,583.0,-112.0,64.0,99.0
115.0,337.0,68.0,48.0,74.0,93.0,495.0,116.0,60.0,102.0
104.0,-14.0,54.0,34.0,-80.0,203.0,168.0,395.0,23.0,128.0
147.0,63.0,103.0,64.0,-47.0,306.0,-116.0,572.0,21.0,183.0
138.0,312.0,132.0,119.0,-12.0,537.0,-193.0,615.0,23.0,206.0
157.0,63.0,103.0,67.0,-84.0,495.0,-12.0,236.0,14.0,211.0
137.0,7.0,132.0,52.0,61.0,433.0,378.0,-184.0,16.0,220.0
170.0,49.0,135.0,70.0,58.0,521.0,869.0,-552.0,2.0,226.0
166.0,0.0,116.0,57.0,-9.0,634.0,1099.0,-408.0,8.0,243.0
176.0,-118.0,157.0,134.0,110.0,739.0,886.0,-145.0,6.0,278.0
210.0,-122.0,107.0,204.0,42.0,783.0,481.0,-138.0,7.0,289.0
205.0,-104.0,124.0,152.0,-38.0,609.0,157.0,-86.0,19.0,259.0
222.0,-38.0,107.0,69.0,77.0,350.0,-75.0,-14.0,28.0,244.0
194.0,-55.0,76.0,14.0,19.0,306.0,-299.0,262.0,20.0,239.0
215.0,-237.0,81.0,-51.0,98.0,185.0,-431.0,347.0,8.0,233.0
190.0,-191.0,54.0,-68.0,153.0,148.0,-288.0,284.0,16.0,205.0
173.0,62.0,110.0,-64.0,-23.0,-16.0,73.0,25.0,22.0,180.0
153.0,146.0,65.0,-93.0,57.0,52.0,192.0,-391.0,27.0,179.0
159.0,125.0,42.0,-78.0,31.0,290.0,-46.0,-352.0,41.0,165.0
173.0,242.0,92.0,0.0,-36.0,174.0,-313.0,-221.0,65.0,155.0
164.0,243.0,44.0,2.0,42.0,31.0,-354.0,-72.0,64.0,148.0
154.0,128.0,61.0,-113.0,-60.0,-105.0,-209.0,-64.0,71.0,144.0
136.0,-54.0,84.0,-172.0,-21.0,-53.0,-43.0,-227.0,84.0,123.0
151.0,-52.0,59.0,-155.0,87.0,93.0,-59.0,-212.0,85.0,114.0
138.0,-27.0,79.0,-107.0,-20.0,55.0,-312.0,-142.0,77.0,127.0
124.0,8.0,40.0,-7.0,-27.0,-77.0,-475.0,35.0,39.0,124.0
97.0,104.0,36.0,26.0,-31.0,-124.0,-412.0,-40.0,16.0,105.0
128.0,-34.0,62.0,71.0,-60.0,-263.0,-345.0,-234.0,3.0,85.0
141.0,-33.0,91.0,188.0,31.0,-219.0,-587.0,-467.0,-7.0,77.0
143.0,14.0,108.0,248.0,-32.0,-156.0,-944.0,-681.0,0.0,61.0
135.0,24.0,116.0,297.0,-20.0,-217.0,-930.0,-498.0,20.0,46.0
122.0,-109.0,87.0,283.0,83.0,-110.0,-485.0,-304.0,35.0,25.0
119.0,-15.0,63.0,222.0,-10.0,-48.0,-67.0,266.0,33.0,7.0
80.0,216.0,179.0,179.0,17.0,128.0,32.0,1003.0,20.0,-11.0
91.0,115.0,73.0,106.0,57.0,93.0,12.0,1380.0,1.0,-25.0
82.0,186.0,46.0,27.0,2.0,-116.0,-105.0,1219.0,16.0,-28.0
89.0,244.0,111.0,2.0,84.0,-55.0,-314.0,242.0,36.0,-51.0
104.0,139.0,19.0,62.0,43.0,94.0,-553.0,-812.0,50.0,-63.0
115.0,-17.0,58.0,90.0,14.0,75.0,-556.0,-1492.0,80.0,-71.0
127.0,28.0,39.0,62.0,147.0,-41.0,-227.0,-1406.0,102.0,-67.0
100.0,146.0,58.0,54.0,21.0,-247.0,37.0,-766.0,124.0,-69.0
74.0,31.0,60.0,89.0,-20.0,-176.0,42.0,-118.0,133.0,-80.0
41.0,116.0,18.0,120.0,97.0,6.0,6.0,467.0,125.0,-54.0
27.0,186.0,26.0,120.0,-70.0,-116.0,194.0,570.0,124.0,-33.0
13.0,26.0,-8.0,93.0,41.0,74.0,502.0,465.0,110.0,-23.0
3.0,32.0,29.0,75.0,133.0,281.0,742.0,151.0,109.0,-14.0
23.0,50.0,31.0,64.0,-131.0,307.0,729.0,-242.0,123.0,4.0
27.0,-89.0,23.0,13.0,78.0,264.0,540.0,-197.0,133.0,20.0
29.0,-223.0,39.0,11.0,124.0,231.0,337.0,22.0,151.0,35.0
35.0,-249.0,56.0,43.0,-153.0,275.0,107.0,195.0,141.0,64.0
37.0,-1.0,57.0,81.0,17.0,160.0,-206.0,-38.0,104.0,79.0
47.0,-45.0,42.0,80.0,29.0,-2.0,-522.0,-325.0,47.0,72.0
38.0,-144.0,70.0,51.0,-50.0,87.0,-682.0,-375.0,25.0,63.0
19.0,105.0,59.0,74.0,76.0,315.0,-720.0,-502.0,49.0,59.0
30.0,-26.0,80.0,24.0,-7.0,191.0,-555.0,-587.0,47.0,49.0
56.0,82.0,107.0,14.0,3.0,15.0,-332.0,-705.0,54.0,56.0
43.0,209.0,87.0,56.0,25.0,-78.0,-277.0,-543.0,84.0,53.0
60.0,88.0,75.0,-36.0,-95.0,3.0,-259.0,-397.0,111.0,48.0
83.0,182.0,104.0,-62.0,-12.0,-85.0,-83.0,-460.0,109.0,63.0
102.0,242.0,154.0,33.0,-63.0,-325.0,101.0,-498.0,88.0,62.0
103.0,360.0,108.0,114.0,-55.0,-152.0,144.0,-546.0,96.0,44.0
100.0,189.0,80.0,179.0,40.0,-83.0,194.0,-157.0,113.0,26.0
136.0,102.0,83.0,217.0,-79.0,-25.0,186.0,312.0,111.0,34.0
140.0,-64.0,78.0,188.0,127.0,142.0,18.0,910.0,103.0,36.0
184.0,-171.0,112.0,101.0,81.0,75.0,-232.0,1245.0,120.0,35.0
190.0,-59.0,105.0,62.0,-69.0,20.0,-431.0,561.0,136.0,42.0
217.0,-181.0,106.0,60.0,152.0,92.0,-591.0,-574.0,126.0,37.0
228.0,-146.0,129.0,31.0,-128.0,131.0,-698.0,-1609.0,115.0,40.0
196.0,-206.0,162.0,30.0,-122.0,267.0,-691.0,-1727.0,93.0,48.0
171.0,13.0,187.0,109.0,191.0,206.0,-625.0,-1060.0,78.0,55.0
131.0,84.0,170.0,185.0,-49.0,58.0,-496.0,-195.0,93.0,53.0
130.0,-31.0,179.0,195.0,38.0,160.0,-268.0,594.0,101.0,43.0
98.0,173.0,155.0,145.0,148.0,173.0,-81.0,1134.0,111.0,42.0
106.0,164.0,141.0,128.0,-44.0,217.0,-150.0,1398.0,114.0,54.0
93.0,113.0,160.0,134.0,65.0,218.0,-332.0,713.0,100.0,55.0
98.0,188.0,115.0,89.0,-63.0,111.0,-416.0,-369.0,107.0,47.0
74.0,169.0,112.0,34.0,-102.0,65.0,-423.0,-914.0,100.0,31.0
24.0,16.0,89.0,-22.0,145.0,-21.0,-389.0,-894.0,67.0,3.0
18.0,53.0,67.0,10.0,-29.0,-35.0,-274.0,-602.0,53.0,-17.0
-26.0,-175.0,61.0,51.0,36.0,-94.0,-150.0,-606.0,59.0,-51.0
-39.0,-406.0,39.0,116.0,232.0,-354.0,-52.0,-785.0,80.0,-78.0
-64.0,-332.0,7.0,148.0,-83.0,-222.0,-8.0,-1114.0,86.0,-96.0
-58.0,-191.0,-35.0,120.0,-82.0,125.0,-108.0,-1156.0,96.0,-122.0
-62.0,-25.0,-31.0,142.0,52.0,156.0,-169.0,-678.0,90.0,-117.0
-64.0,-158.0,-36.0,83.0,-107.0,111.0,-168.0,-424.0,55.0,-100.0
-73.0,-114.0,-20.0,69.0,61.0,4.0,-285.0,-339.0,42.0,-100.0
-76.0,-103.0,-49.0,58.0,104.0,-12.0,-509.0,-247.0,18.0,-89.0
-73.0,-9.0,-25.0,72.0,-24.0,-109.0,-682.0,88.0,17.0,-81.0
-80.0,21.0,-37.0,129.0,133.0,-309.0,-689.0,502.0,30.0,-94.0
-95.0,-123.0,-58.0,148.0,74.0,-165.0,-568.0,1021.0,29.0,-93.0
-131.0,65.0,15.0,102.0,-46.0,14.0,-419.0,1770.0,34.0,-77.0
-107.0,123.0,35.0,-11.0,-74.0,-16.0,-271.0,1770.0,29.0,-77.0
-111.0,259.0,81.0,-41.0,-106.0,-187.0,-28.0,1006.0,47.0,-82.0
-77.0,175.0,43.0,-51.0,6.0,-293.0,213.0,-249.0,46.0,-63.0
-58.0,101.0,67.0,-21.0,30.0,-147.0,242.0,-1444.0,48.0,-48.0
-29.0,316.0,122.0,-59.0,-20.0,-208.0,87.0,-2163.0,65.0,-64.0
1.0,272.0,102.0,-91.0,6.0,-212.0,-74.0,-2339.0,87.0,-70.0
11.0,182.0,134.0,-82.0,20.0,113.0,-90.0,-1649.0,101.0,-69.0
31.0,229.0,111.0,-93.0,28.0,185.0,69.0,-805.0,104.0,-76.0
4.0,431.0,88.0,-6.0,-1.0,55.0,229.0,94.0,121.0,-64.0
10.0,309.0,113.0,56.0,-53.0,-198.0,253.0,940.0,115.0,-48.0
-19.0,203.0,141.0,72.0,80.0,-205.0,200.0,1583.0,122.0,-48.0
-12.0,131.0,166.0,29.0,57.0,-25.0,4.0,2141.0,128.0,-48.0
-19.0,-44.0,156.0,34.0,7.0,16.0,-323.0,1899.0,118.0,-25.0
-10.0,-39.0,103.0,44.0,140.0,-31.0,-606.0,949.0,105.0,-10.0
7.0,-168.0,72.0,0.0,-65.0,-103.0,-656.0,-214.0,103.0,-7.0
1.0,-280.0,106.0,-32.0,-12.0,-117.0,-440.0,-1088.0,101.0,-3.0
27.0,-254.0,116.0,-93.0,64.0,-358.0,-182.0,-1345.0,70.0,23.0
4.0,-65.0,73.0,-136.0,-189.0,-267.0,-20.0,-1123.0,57.0,56.0
0.0,-196.0,47.0,-184.0,-2.0,-92.0,-11.0,-594.0,34.0,56.0
-9.0,-390.0,8.0,-215.0,65.0,23.0,-93.0,-242.0,7.0,73.0
-7.0,-282.0,-19.0,-196.0,-66.0,183.0,-197.0,-158.0,-10.0,89.0
-15.0,-136.0,-5.0,-151.0,6.0,142.0,-451.0,-328.0,-38.0,93.0
-21.0,-60.0,6.0,-100.0,-72.0,251.0,-789.0,-214.0,-54.0,97.0
-29.0,-235.0,23.0,-17.0,-81.0,110.0,-790.0,456.0,-56.0,108.0
-38.0,-173.0,43.0,82.0,60.0,0.0,-367.0,1184.0,-50.0,110.0
-24.0,9.0,43.0,138.0,-101.0,-4.0,42.0,1868.0,-56.0,101.0
-26.0,65.0,38.0,133.0,-90.0,-56.0,143.0,1535.0,-56.0,114.0
-8.0,83.0,72.0,103.0,155.0,-177.0,23.0,175.0,-42.0,135.0
-6.0,143.0,66.0,138.0,34.0,-251.0,-38.0,-1298.0,-33.0,152.0
-6.0,10.0,56.0,146.0,26.0,-102.0,37.0,-2121.0,-22.0,140.0
-3.0,-60.0,49.0,120.0,85.0,-126.0,102.0,-1531.0,-9.0,153.0
-10.0,163.0,26.0,167.0,-64.0,-175.0,-93.0,-206.0,-6.0,167.0
-28.0,136.0,57.0,138.0,-22.0,-162.0,-345.0,1112.0,11.0,150.0
-23.0,73.0,97.0,54.0,26.0,20.0,-321.0,1247.0,15.0,156.0
-28.0,102.0,71.0,38.0,-38.0,41.0,-185.0,-162.0,-8.0,157.0
-41.0,229.0,45.0,59.0,14.0,-91.0,-91.0,-1884.0,-13.0,159.0
-26.0,139.0,103.0,43.0,92.0,-191.0,-244.0,-2836.0,-15.0,141.0
-21.0,125.0,62.0,14.0,49.0,-373.0,-529.0,-2304.0,-5.0,139.0
-15.0,211.0,65.0,95.0,-56.0,-617.0,-545.0,-944.0,15.0,144.0
-22.0,132.0,116.0,140.0,-13.0,-793.0,-313.0,809.0,6.0,123.0
-25.0,206.0,92.0,145.0,44.0,-602.0,-161.0,2337.0,-10.0,81.0
-28.0,-12.0,110.0,145.0,-47.0,-288.0,-278.0,2516.0,-10.0,41.0
-24.0,-79.0,69.0,58.0,-42.0,7.0,-365.0,1498.0,-22.0,19.0
-20.0,61.0,49.0,-47.0,62.0,16.0,-127.0,-127.0,-30.0,-36.0
-12.0,44.0,16.0,-109.0,64.0,37.0,204.0,-1042.0,-44.0,-52.0
1.0,-145.0,10.0,-93.0,44.0,10.0,269.0,-740.0,-79.0,-50.0
0.0,-186.0,71.0,-123.0,-4.0,-197.0,63.0,84.0,-93.0,-83.0
0.0,-38.0,21.0,-160.0,-116.0,-129.0,-149.0,709.0,-115.0,-107.0
2.0,-58.0,-15.0,-72.0,9.0,14.0,-98.0,393.0,-125.0,-95.0
0.0,109.0,-47.0,22.0,-54.0,20.0,105.0,-360.0,-133.0,-81.0
0.0,73.0,-47.0,70.0,-223.0,-162.0,238.0,-811.0,-128.0,-115.0
14.0,-31.0,10.0,176.0,31.0,-165.0,278.0,-593.0,-98.0,-149.0
18.0,20.0,2.0,195.0,61.0,-141.0,363.0,-142.0,-77.0,-135.0
11.0,194.0,-20.0,92.0,9.0,-131.0,500.0,160.0,-64.0,-102.0
-19.0,135.0,-37.0,128.0,106.0,-221.0,545.0,541.0,-63.0,-106.0
-41.0,-38.0,-20.0,182.0,-66.0,-269.0,593.0,424.0,-62.0,-96.0
-57.0,116.0,-21.0,156.0,-112.0,-43.0,429.0,188.0,-32.0,-78.0
-87.0,45.0,25.0,156.0,81.0,2.0,-48.0,96.0,-4.0,-76.0
-92.0,36.0,58.0,140.0,-62.0,37.0,-481.0,-16.0,-16.0,-75.0
-95.0,-138.0,71.0,88.0,-140.0,1.0,-637.0,38.0,-18.0,-71.0
-107.0,-128.0,105.0,46.0,102.0,61.0,-525.0,138.0,-9.0,-54.0
-124.0,5.0,95.0,1.0,6.0,115.0,-319.0,423.0,-1.0,-50.0
-138.0,-184.0,133.0,-50.0,-1.0,50.0,-180.0,341.0,4.0,-21.0
-159.0,-250.0,134.0,-103.0,103.0,112.0,-137.0,-49.0,5.0,15.0
-149.0,-253.0,148.0,-124.0,-77.0,161.0,4.0,-528.0,5.0,45.0
-129.0,-54.0,141.0,-91.0,-4.0,231.0,282.0,-890.0,-39.0,70.0
-122.0,-126.0,116.0,-44.0,57.0,208.0,421.0,-729.0,-80.0,104.0
-143.0,-73.0,91.0,-59.0,-104.0,55.0,229.0,-369.0,-68.0,136.0
-171.0,20.0,116.0,-117.0,62.0,14.0,6.0,506.0,-52.0,127.0
-206.0,13.0,166.0,-78.0,147.0,83.0,-42.0,1448.0,-66.0,129.0
-220.0,284.0,77.0,-14.0,38.0,171.0,-148.0,1670.0,-82.0,114.0
-210.0,329.0,55.0,80.0,52.0,181.0,-458.0,910.0,-88.0,87.0
-215.0,271.0,33.0,126.0,-103.0,36.0,-778.0,-399.0,-67.0,57.0
-187.0,121.0,-39.0,93.0,-23.0,-102.0,-855.0,-1365.0,-53.0,30.0
-172.0,175.0,-46.0,85.0,68.0,-296.0,-757.0,-1838.0,-69.0,25.0
-133.0,123.0,-14.0,34.0,-124.0,-382.0,-464.0,-1123.0,-79.0,9.0
-128.0,-105.0,10.0,9.0,-63.0,-309.0,-179.0,247.0,-103.0,3.0
-127.0,-133.0,0.0,-31.0,-1.0,-201.0,-191.0,1079.0,-121.0,-3.0
-124.0,-94.0,-64.0,-98.0,42.0,-44.0,-455.0,1247.0,-140.0,-12.0
-145.0,-85.0,-111.0,-155.0,83.0,100.0,-719.0,524.0,-148.0,-29.0
-129.0,-143.0,-64.0,-126.0,-95.0,189.0,-595.0,-330.0,-125.0,-36.0
-146.0,-174.0,-34.0,41.0,-56.0,277.0,-57.0,-718.0,-98.0,-19.0
-146.0,-399.0,-65.0,169.0,53.0,388.0,447.0,-578.0,-64.0,-12.0
-159.0,-295.0,-35.0,228.0,-98.0,340.0,558.0,75.0,-53.0,-22.0
-129.0,-135.0,27.0,303.0,33.0,169.0,459.0,582.0,-38.0,-33.0
-115.0,-92.0,54.0,247.0,52.0,-6.0,258.0,596.0,-44.0,-33.0
-130.0,58.0,97.0,158.0,-94.0,-17.0,-9.0,101.0,-48.0,-55.0
-125.0,178.0,55.0,134.0,126.0,91.0,-171.0,-339.0,-45.0,-68.0
-131.0,474.0,76.0,70.0,-15.0,239.0,-80.0,-408.0,-63.0,-70.0
-111.0,382.0,114.0,27.0,-102.0,189.0,220.0,-142.0,-60.0,-75.0
-108.0,169.0,67.0,-36.0,101.0,125.0,412.0,476.0,-61.0,-81.0
-94.0,89.0,72.0,-86.0,-41.0,118.0,408.0,737.0,-76.0,-97.0
-86.0,122.0,65.0,-149.0,23.0,111.0,304.0,360.0,-97.0,-86.0
-69.0,168.0,83.0,-183.0,52.0,222.0,144.0,-343.0,-106.0,-82.0
-41.0,62.0,82.0,-144.0,-96.0,143.0,-82.0,-752.0,-120.0,-93.0
-18.0,99.0,16.0,-115.0,127.0,-66.0,-104.0,-681.0,-123.0,-91.0
-4.0,76.0,-9.0,-27.0,18.0,-324.0,175.0,-460.0,-114.0,-76.0
9.0,57.0,34.0,-4.0,-172.0,-206.0,483.0,60.0,-123.0,-60.0
5.0,-47.0,20.0,-68.0,105.0,-61.0,660.0,482.0,-138.0,-83.0
-17.0,-83.0,38.0,-128.0,-19.0,-83.0,654.0,454.0,-164.0,-86.0
-27.0,-38.0,16.0,-117.0,-78.0,-118.0,461.0,-59.0,-168.0,-78.0
-56.0,30.0,-74.0,-38.0,114.0,-212.0,64.0,-461.0,-172.0,-92.0
-68.0,-40.0,-46.0,25.0,-52.0,-202.0,-366.0,-273.0,-181.0,-92.0
-75.0,-295.0,-4.0,38.0,39.0,-248.0,-810.0,-51.0,-188.0,-78.0
-74.0,-147.0,-2.0,4.0,21.0,-116.0,-1147.0,426.0,-210.0,-59.0
-72.0,50.0,-42.0,17.0,-111.0,95.0,-1203.0,873.0,-227.0,-81.0
-69.0,88.0,-25.0,3.0,114.0,459.0,-961.0,994.0,-231.0,-100.0
-77.0,-65.0,-16.0,-46.0,13.0,546.0,-487.0,896.0,-224.0,-80.0
-113.0,199.0,-34.0,-84.0,-35.0,327.0,-76.0,521.0,-219.0,-67.0
-135.0,417.0,-8.0,-93.0,24.0,322.0,163.0,158.0,-202.0,-73.0
-137.0,86.0,-7.0,-89.0,-93.0,170.0,218.0,-417.0,-173.0,-69.0
-128.0,245.0,28.0,-136.0,20.0,18.0,231.0,-661.0,-142.0,-46.0
-131.0,147.0,29.0,-114.0,-24.0,-108.0,232.0,-315.0,-113.0,-54.0
-118.0,-92.0,8.0,-19.0,-131.0,-133.0,336.0,256.0,-120.0,-66.0
-80.0,-56.0,27.0,60.0,40.0,-131.0,645.0,663.0,-148.0,-57.0
-72.0,-186.0,44.0,103.0,-9.0,-356.0,827.0,447.0,-178.0,-60.0
-81.0,-230.0,59.0,141.0,-65.0,-411.0,679.0,118.0,-201.0,-86.0
-101.0,-24.0,29.0,115.0,30.0,-206.0,224.0,-338.0,-192.0,-96.0
-122.0,0.0,-20.0,51.0,-119.0,2.0,-154.0,-672.0,-173.0,-64.0
-110.0,-180.0,-18.0,46.0,-21.0,-15.0,-210.0,-700.0,-140.0,-60.0
-112.0,-141.0,18.0,-34.0,97.0,-50.0,-52.0,-606.0,-100.0,-80.0
-93.0,-230.0,48.0,-91.0,-93.0,124.0,216.0,-129.0,-86.0,-70.0
-95.0,-171.0,16.0,-109.0,17.0,181.0,416.0,321.0,-79.0,-48.0
-88.0,7.0,-35.0,-171.0,68.0,-10.0,328.0,670.0,-84.0,-44.0
-71.0,51.0,-46.0,-214.0,-47.0,-238.0,-33.0,934.0,-74.0,-35.0
-81.0,30.0,-79.0,-179.0,0.0,-268.0,-378.0,1029.0,-49.0,-4.0
-83.0,123.0,-92.0,-58.0,-57.0,-90.0,-534.0,905.0,-40.0,3.0
-114.0,138.0,-83.0,-41.0,-94.0,108.0,-525.0,367.0,-27.0,-5.0
-116.0,-78.0,-96.0,-51.0,31.0,183.0,-467.0,-145.0,-16.0,8.0
-143.0,88.0,-81.0,-49.0,-9.0,275.0,-383.0,-569.0,-20.0,19.0
-134.0,-6.0,-98.0,-43.0,-97.0,427.0,-195.0,-785.0,-35.0,-6.0
-137.0,-121.0,-112.0,56.0,20.0,254.0,52.0,-918.0,-20.0,-14.0
-152.0,-95.0,-81.0,97.0,-27.0,6.0,257.0,-1060.0,-26.0,21.0
-141.0,-82.0,-75.0,50.0,-33.0,71.0,344.0,-465.0,-21.0,62.0
-150.0,66.0,-64.0,-1.0,66.0,168.0,255.0,358.0,9.0,60.0
-143.0,-67.0,-64.0,-5.0,-121.0,60.0,109.0,761.0,23.0,40.0
-159.0,24.0,-88.0,-52.0,-100.0,-83.0,164.0,604.0,58.0,50.0
-147.0,93.0,-24.0,-49.0,6.0,-143.0,543.0,258.0,65.0,59.0
-182.0,170.0,43.0,-39.0,-54.0,-187.0,925.0,264.0,43.0,35.0
-188.0,158.0,20.0,-77.0,11.0,-152.0,850.0,275.0,33.0,11.0
-188.0,115.0,32.0,-13.0,6.0,-202.0,467.0,363.0,22.0,10.0
-181.0,281.0,38.0,-11.0,-10.0,-60.0,54.0,197.0,0.0,3.0
-168.0,222.0,22.0,-11.0,44.0,148.0,-346.0,-151.0,-2.0,7.0
-169.0,216.0,42.0,-6.0,40.0,110.0,-746.0,-282.0,-2.0,17.0
-145.0,-30.0,49.0,3.0,-17.0,108.0,-964.0,-336.0,-17.0,-5.0
-144.0,-181.0,10.0,-5.0,-62.0,-31.0,-791.0,-253.0,-12.0,-37.0
-117.0,-97.0,23.0,-41.0,4.0,-73.0,-399.0,-197.0,-24.0,-39.0
-134.0,-295.0,58.0,15.0,22.0,-60.0,84.0,134.0,-36.0,-43.0
-108.0,-486.0,-2.0,21.0,16.0,-184.0,484.0,362.0,-45.0,-65.0
-113.0,-178.0,-30.0,-11.0,67.0,-128.0,638.0,419.0,-53.0,-102.0
-103.0,149.0,-42.0,-32.0,80.0,93.0,564.0,694.0,-55.0,-116.0
-89.0,107.0,-74.0,-11.0,89.0,281.0,404.0,535.0,-62.0,-98.0
-94.0,238.0,-91.0,-17.0,16.0,231.0,483.0,114.0,-51.0,-122.0
-58.0,222.0,-96.0,-84.0,-25.0,32.0,799.0,-229.0,-37.0,-133.0
-80.0,267.0,-137.0,-110.0,-23.0,-87.0,944.0,-301.0,-14.0,-123.0
-56.0,265.0,-184.0,-112.0,20.0,-5.0,710.0,-341.0,-4.0,-130.0
-67.0,89.0,-142.0,-141.0,1.0,25.0,287.0,-469.0,-15.0,-130.0
-54.0,25.0,-129.0,-191.0,-70.0,-127.0,-152.0,-297.0,-5.0,-142.0
-78.0,-72.0,-122.0,-221.0,79.0,-156.0,-489.0,-229.0,0.0,-146.0
-72.0,-106.0,-128.0,-233.0,9.0,-14.0,-663.0,-120.0,-6.0,-146.0
-67.0,-328.0,-164.0,-208.0,-53.0,77.0,-654.0,-107.0,-13.0,-152.0
-88.0,-303.0,-135.0,-226.0,87.0,-29.0,-501.0,-206.0,-11.0,-157.0
-65.0,-177.0,-109.0,-240.0,-58.0,-202.0,-297.0,-114.0,-13.0,-166.0
-99.0,-67.0,-83.0,-100.0,-66.0,-231.0,-131.0,1.0,0.0,-175.0
-64.0,-21.0,-70.0,-13.0,91.0,-202.0,-112.0,325.0,11.0,-169.0
-79.0,6.0,-35.0,-40.0,-49.0,-90.0,-238.0,349.0,14.0,-138.0
-73.0,399.0,-3.0,-5.0,-12.0,87.0,-440.0,144.0,22.0,-130.0
-101.0,358.0,-20.0,1.0,99.0,43.0,-450.0,-105.0,13.0,-136.0
-125.0,223.0,-11.0,-26.0,-128.0,-166.0,-260.0,-500.0,17.0,-113.0
-106.0,173.0,-68.0,-28.0,-16.0,-387.0,-162.0,-556.0,23.0,-80.0
-99.0,158.0,-59.0,-103.0,137.0,-311.0,-249.0,-502.0,4.0,-77.0
-69.0,137.0,-39.0,-155.0,-101.0,-189.0,-300.0,-371.0,3.0,-97.0
-98.0,-112.0,-74.0,-112.0,-9.0,-298.0,-110.0,-288.0,-10.0,-100.0
-89.0,-195.0,-36.0,-125.0,83.0,-338.0,250.0,-378.0,-35.0,-80.0
-124.0,-235.0,-75.0,-128.0,-95.0,-171.0,599.0,-626.0,-36.0,-84.0
-150.0,-97.0,-90.0,-48.0,100.0,64.0,665.0,-921.0,-52.0,-92.0
-177.0,-34.0,-60.0,-34.0,67.0,-172.0,509.0,-737.0,-66.0,-73.0
-172.0,-52.0,-46.0,-57.0,-189.0,-342.0,339.0,-545.0,-84.0,-73.0
-159.0,18.0,-41.0,-65.0,40.0,-189.0,216.0,-412.0,-103.0,-77.0
-169.0,128.0,-56.0,-65.0,42.0,-84.0,134.0,-173.0,-92.0,-60.0
-142.0,203.0,-71.0,-17.0,-122.0,-27.0,125.0,72.0,-83.0,-60.0
-150.0,129.0,-103.0,-34.0,22.0,-158.0,261.0,546.0,-59.0,-90.0
-143.0,205.0,-93.0,-79.0,-19.0,-229.0,465.0,803.0,-52.0,-93.0
-143.0,333.0,-90.0,-28.0,-79.0,-253.0,679.0,740.0,-52.0,-57.0
-110.0,257.0,-109.0,-20.0,80.0,-302.0,732.0,339.0,-37.0,-37.0
-97.0,-3.0,-131.0,-29.0,-10.0,-290.0,581.0,-225.0,-34.0,-44.0
-89.0,1.0,-93.0,-36.0,-21.0,-262.0,309.0,-724.0,-4.0,-47.0
-81.0,-115.0,-80.0,-72.0,97.0,-278.0,-24.0,-1114.0,13.0,-29.0
-77.0,-291.0,-116.0,-65.0,25.0,-216.0,-258.0,-1031.0,22.0,-12.0
-37.0,-102.0,-116.0,-93.0,2.0,-76.0,-266.0,-630.0,40.0,-6.0
-51.0,-50.0,-103.0,-115.0,-18.0,-116.0,-115.0,70.0,41.0,-7.0
-52.0,-46.0,-99.0,-151.0,23.0,-313.0,-115.0,238.0,45.0,-8.0
-65.0,-68.0,-61.0,-107.0,-11.0,-356.0,-284.0,-641.0,40.0,7.0
-74.0,-68.0,-27.0,-5.0,-27.0,-185.0,-417.0,-1287.0,52.0,25.0
-51.0,-122.0,-31.0,12.0,-10.0,75.0,-439.0,-1154.0,70.0,33.0
-56.0,-123.0,37.0,24.0,-73.0,90.0,-362.0,-515.0,63.0,39.0
-44.0,-194.0,61.0,-42.0,30.0,-185.0,-187.0,-75.0,54.0,37.0
-59.0,-304.0,43.0,-73.0,47.0,-294.0,68.0,112.0,38.0,53.0
-73.0,-224.0,54.0,-88.0,-49.0,-371.0,274.0,275.0,19.0,92.0
-82.0,-430.0,58.0,-112.0,-34.0,-364.0,316.0,7.0,-6.0,83.0
-109.0,-305.0,68.0,-12.0,65.0,-229.0,130.0,-94.0,-39.0,32.0
-112.0,-197.0,109.0,66.0,-47.0,-179.0,-107.0,57.0,-47.0,18.0
-147.0,-142.0,117.0,72.0,-78.0,-266.0,-219.0,55.0,-41.0,10.0
-140.0,169.0,90.0,79.0,54.0,-330.0,-146.0,-260.0,-27.0,-42.0
-141.0,98.0,97.0,96.0,-52.0,-223.0,75.0,-824.0,-32.0,-79.0
-130.0,96.0,89.0,83.0,10.0,-104.0,244.0,-1016.0,-44.0,-111.0
-116.0,200.0,107.0,76.0,-11.0,-64.0,229.0,-792.0,-32.0,-148.0
-135.0,279.0,91.0,63.0,-162.0,-154.0,31.0,-175.0,-30.0,-145.0
-128.0,-155.0,60.0,-14.0,26.0,-108.0,-182.0,286.0,-32.0,-145.0
-154.0,-429.0,76.0,-31.0,78.0,-223.0,-247.0,271.0,-42.0,-145.0
-114.0,-393.0,52.0,-48.0,-68.0,-627.0,-145.0,-20.0,-47.0,-142.0
-117.0,-524.0,68.0,-84.0,-6.0,-780.0,101.0,-580.0,-50.0,-138.0
-126.0,-100.0,71.0,-76.0,-25.0,-549.0,429.0,-777.0,-75.0,-113.0
-128.0,-163.0,-9.0,-138.0,-108.0,-306.0,631.0,-655.0,-62.0,-88.0
-125.0,-182.0,7.0,-129.0,91.0,-434.0,620.0,-345.0,-41.0,-82.0
-83.0,325.0,68.0,-79.0,91.0,-511.0,453.0,62.0,-43.0,-89.0
-85.0,470.0,44.0,-76.0,-75.0,-488.0,207.0,308.0,-27.0,-74.0
-57.0,343.0,61.0,-134.0,7.0,-671.0,-26.0,349.0,-24.0,-62.0
-85.0,383.0,57.0,-185.0,34.0,-747.0,-263.0,127.0,-28.0,-63.0
-88.0,490.0,2.0,-143.0,-11.0,-564.0,-436.0,136.0,-13.0,-51.0
-85.0,84.0,32.0,-114.0,73.0,-397.0,-500.0,33.0,-27.0,-33.0
-87.0,61.0,37.0,-68.0,72.0,-366.0,-443.0,-306.0,-34.0,-41.0
-84.0,-86.0,50.0,-103.0,-7.0,-370.0,-282.0,-846.0,-31.0,-47.0
-98.0,-479.0,58.0,-186.0,39.0,-195.0,-182.0,-1670.0,-44.0,-14.0
-82.0,-351.0,20.0,-188.0,-40.0,-20.0,-184.0,-1823.0,-20.0,0.0
-85.0,-422.0,33.0,-107.0,-61.0,-29.0,-56.0,-1444.0,-9.0,-12.0
-70.0,-663.0,61.0,-22.0,44.0,-126.0,325.0,-594.0,-3.0,-12.0
-67.0,-559.0,45.0,-65.0,-34.0,-103.0,754.0,546.0,-3.0,-14.0
-41.0,-170.0,16.0,-108.0,24.0,58.0,1002.0,1186.0,-23.0,-38.0
-34.0,-74.0,36.0,-27.0,27.0,-112.0,1043.0,1193.0,-35.0,-55.0
-23.0,-59.0,3.0,38.0,45.0,-280.0,1087.0,565.0,-53.0,-51.0
-16.0,-28.0,0.0,41.0,160.0,-239.0,1126.0,-177.0,-71.0,-63.0
-21.0,57.0,0.0,88.0,-2.0,-248.0,1006.0,-1018.0,-86.0,-82.0
-5.0,73.0,-75.0,107.0,61.0,-260.0,805.0,-1622.0,-86.0,-72.0
-3.0,-86.0,-74.0,42.0,27.0,-267.0,567.0,-1605.0,-93.0,-45.0
21.0,-186.0,-35.0,43.0,-78.0,-232.0,341.0,-1201.0,-109.0,-38.0
39.0,-204.0,-36.0,77.0,72.0,-148.0,126.0,-330.0,-106.0,-51.0
67.0,-138.0,-54.0,47.0,-73.0,-95.0,-176.0,552.0,-99.0,-36.0
56.0,-277.0,-48.0,41.0,-91.0,-158.0,-704.0,1164.0,-103.0,-11.0
56.0,-19.0,-50.0,-12.0,15.0,-150.0,-1359.0,1080.0,-94.0,-22.0
51.0,156.0,-12.0,-57.0,-72.0,-143.0,-1774.0,543.0,-87.0,-10.0
34.0,243.0,19.0,-74.0,-28.0,-239.0,-1795.0,103.0,-71.0,-7.0
35.0,337.0,7.0,-165.0,2.0,-260.0,-1436.0,-497.0,-37.0,-37.0
9.0,9.0,32.0,-143.0,-104.0,-176.0,-875.0,-920.0,-41.0,-27.0
6.0,177.0,52.0,-88.0,-20.0,-141.0,-451.0,-1053.0,-21.0,-16.0
-1.0,88.0,56.0,-48.0,-20.0,-132.0,-264.0,-740.0,-6.0,-23.0
6.0,-30.0,53.0,-16.0,-190.0,-124.0,-144.0,-186.0,-17.0,-44.0
3.0,-11.0,31.0,-67.0,-9.0,-225.0,-1.0,173.0,-15.0,-59.0
0.0,-197.0,5.0,-70.0,-45.0,-306.0,201.0,537.0,-40.0,-38.0
12.0,-222.0,21.0,-65.0,-136.0,-222.0,519.0,546.0,-46.0,-16.0
20.0,-328.0,47.0,-44.0,65.0,-2.0,946.0,312.0,-24.0,-48.0
21.0,-68.0,53.0,34.0,-75.0,37.0,1302.0,5.0,-16.0,-69.0
29.0,71.0,31.0,97.0,-77.0,-17.0,1446.0,-286.0,-17.0,-59.0
42.0,179.0,14.0,155.0,22.0,-17.0,1350.0,-399.0,-3.0,-74.0
42.0,292.0,18.0,141.0,-89.0,-194.0,1000.0,-859.0,-14.0,-95.0
73.0,329.0,15.0,125.0,61.0,-403.0,570.0,-1217.0,-19.0,-122.0
94.0,416.0,21.0,129.0,101.0,-311.0,357.0,-1055.0,-8.0,-129.0
107.0,122.0,0.0,41.0,-39.0,-157.0,550.0,-567.0,-35.0,-130.0
133.0,-208.0,-4.0,-55.0,132.0,-208.0,827.0,247.0,-46.0,-116.0
159.0,-481.0,11.0,-114.0,154.0,-302.0,804.0,885.0,-56.0,-105.0
159.0,-286.0,5.0,-155.0,0.0,-450.0,385.0,855.0,-60.0,-130.0
139.0,-267.0,26.0,-176.0,95.0,-429.0,-125.0,77.0,-62.0,-131.0
112.0,-714.0,29.0,-141.0,-16.0,-415.0,-314.0,-655.0,-72.0,-112.0
85.0,-586.0,-12.0,-101.0,-58.0,-411.0,-345.0,-788.0,-56.0,-79.0
82.0,-122.0,1.0,-1.0,98.0,-132.0,-422.0,-356.0,-31.0,-62.0
67.0,-220.0,9.0,101.0,-40.0,23.0,-471.0,382.0,-28.0,-58.0
65.0,-351.0,-38.0,142.0,-71.0,-62.0,-303.0,650.0,-43.0,-29.0
68.0,-79.0,-83.0,148.0,5.0,-232.0,12.0,585.0,-40.0,-8.0
62.0,-211.0,-105.0,55.0,-70.0,-181.0,125.0,386.0,-30.0,5.0
74.0,-65.0,-117.0,23.0,-47.0,-75.0,-157.0,271.0,-13.0,13.0
53.0,268.0,-92.0,21.0,17.0,-85.0,-545.0,325.0,4.0,9.0
32.0,196.0,-54.0,-18.0,-60.0,-155.0,-694.0,101.0,9.0,10.0
28.0,173.0,-46.0,-21.0,-39.0,-204.0,-664.0,-118.0,41.0,3.0
20.0,269.0,-40.0,-9.0,-23.0,-150.0,-466.0,-339.0,63.0,9.0
6.0,-61.0,-40.0,-12.0,-58.0,-196.0,-140.0,-530.0,67.0,11.0
-16.0,-493.0,1.0,-26.0,18.0,-210.0,91.0,-611.0,83.0,2.0
-17.0,-238.0,14.0,-32.0,39.0,-92.0,116.0,-354.0,74.0,14.0
-29.0,-180.0,21.0,-80.0,81.0,114.0,118.0,107.0,33.0,19.0
-15.0,-36.0,52.0,-101.0,28.0,2.0,160.0,-46.0,3.0,37.0
0.0,55.0,59.0,-92.0,-7.0,-207.0,263.0,-391.0,-10.0,62.0
2.0,-57.0,119.0,-21.0,30.0,-146.0,402.0,-465.0,-20.0,82.0
28.0,205.0,124.0,45.0,-30.0,-29.0,443.0,-243.0,-23.0,85.0
-3.0,74.0,110.0,41.0,40.0,26.0,461.0,-66.0,-39.0,59.0
-18.0,-96.0,101.0,34.0,87.0,-50.0,449.0,-24.0,-49.0,35.0
-30.0,54.0,84.0,3.0,-8.0,80.0,358.0,186.0,-35.0,29.0
-19.0,377.0,112.0,25.0,37.0,70.0,95.0,147.0,-24.0,20.0
-16.0,501.0,111.0,-24.0,84.0,-102.0,-216.0,136.0,-16.0,-18.0
-40.0,449.0,106.0,-70.0,20.0,-75.0,-357.0,236.0,14.0,-50.0
-28.0,346.0,94.0,11.0,136.0,22.0,-238.0,328.0,31.0,-66.0
-47.0,151.0,83.0,38.0,46.0,161.0,90.0,489.0,17.0,-63.0
-40.0,-13.0,86.0,27.0,-20.0,186.0,431.0,264.0,11.0,-72.0
-42.0,-251.0,64.0,64.0,173.0,135.0,705.0,-147.0,17.0,-107.0
-21.0,-34.0,18.0,100.0,-36.0,57.0,737.0,-620.0,10.0,-136.0
-23.0,-116.0,30.0,51.0,-95.0,95.0,510.0,-957.0,28.0,-161.0
-15.0,-420.0,54.0,-53.0,101.0,270.0,148.0,-896.0,69.0,-176.0
1.0,-233.0,55.0,-160.0,-53.0,323.0,-271.0,-558.0,81.0,-189.0
-22.0,-208.0,81.0,-168.0,-75.0,255.0,-515.0,79.0,103.0,-209.0
7.0,-234.0,95.0,-52.0,71.0,137.0,-375.0,463.0,118.0,-229.0
0.0,-199.0,126.0,-1.0,-89.0,-1.0,-125.0,630.0,102.0,-223.0
24.0,-157.0,116.0,-33.0,-14.0,-53.0,-152.0,752.0,95.0,-192.0
15.0,-178.0,139.0,-52.0,87.0,-30.0,-352.0,650.0,79.0,-190.0
2.0,126.0,154.0,-49.0,-123.0,125.0,-448.0,460.0,55.0,-220.0
4.0,335.0,154.0,-32.0,-2.0,211.0,-277.0,120.0,35.0,-217.0
-1.0,67.0,154.0,-32.0,20.0,172.0,125.0,-242.0,10.0,-183.0
29.0,255.0,109.0,-27.0,-8.0,186.0,679.0,-630.0,-23.0,-177.0
8.0,291.0,129.0,-41.0,112.0,155.0,1086.0,-474.0,-46.0,-187.0
27.0,13.0,98.0,-47.0,80.0,194.0,1190.0,205.0,-54.0,-190.0
2.0,80.0,109.0,18.0,75.0,127.0,1187.0,692.0,-45.0,-179.0
-1.0,330.0,118.0,59.0,2.0,10.0,1008.0,1106.0,-29.0,-140.0
-7.0,316.0,31.0,95.0,-51.0,68.0,531.0,1029.0,-33.0,-104.0
-16.0,110.0,33.0,148.0,-39.0,104.0,-32.0,500.0,-34.0,-78.0
31.0,-161.0,66.0,80.0,-58.0,35.0,-288.0,-242.0,-29.0,-57.0
37.0,-437.0,38.0,-22.0,-87.0,-4.0,-316.0,-914.0,-23.0,-34.0
69.0,-191.0,34.0,-24.0,-165.0,177.0,-349.0,-1032.0,11.0,3.0
69.0,-283.0,35.0,17.0,-187.0,610.0,-528.0,-968.0,55.0,16.0
81.0,-476.0,52.0,69.0,-21.0,766.0,-855.0,-473.0,72.0,9.0
63.0,-33.0,81.0,104.0,-39.0,493.0,-1097.0,205.0,70.0,3.0
35.0,227.0,65.0,36.0,-129.0,345.0,-1151.0,574.0,67.0,24.0
32.0,136.0,71.0,-111.0,39.0,375.0,-958.0,644.0,51.0,34.0
43.0,103.0,58.0,-191.0,-50.0,317.0,-635.0,509.0,38.0,11.0
96.0,107.0,78.0,-217.0,-128.0,34.0,-237.0,561.0,40.0,2.0
107.0,-52.0,72.0,-103.0,21.0,-9.0,152.0,515.0,40.0,-20.0
118.0,-46.0,38.0,24.0,-102.0,181.0,449.0,441.0,55.0,-38.0
98.0,-41.0,74.0,-40.0,-101.0,222.0,714.0,290.0,55.0,-30.0
96.0,52.0,36.0,-91.0,-17.0,60.0,941.0,-40.0,50.0,-26.0
101.0,249.0,-15.0,-121.0,-198.0,-87.0,1043.0,-284.0,78.0,-30.0
106.0,166.0,-10.0,-159.0,-16.0,-2.0,986.0,-284.0,86.0,-25.0
141.0,-189.0,-45.0,-193.0,54.0,10.0,992.0,315.0,77.0,-5.0
140.0,-306.0,-57.0,-170.0,-214.0,8.0,1072.0,742.0,65.0,6.0
160.0,-212.0,-44.0,-103.0,-40.0,6.0,1095.0,661.0,47.0,9.0
169.0,-408.0,-106.0,-93.0,7.0,49.0,894.0,284.0,52.0,28.0
158.0,-221.0,-164.0,-111.0,-136.0,-41.0,521.0,-229.0,65.0,55.0
132.0,-83.0,-136.0,-158.0,-102.0,-285.0,183.0,-502.0,57.0,60.0
129.0,-45.0,-127.0,-96.0,-150.0,-409.0,-95.0,-707.0,54.0,73.0
139.0,145.0,-143.0,-44.0,-76.0,-340.0,-352.0,-467.0,46.0,87.0
128.0,144.0,-105.0,-44.0,25.0,-120.0,-678.0,27.0,30.0,90.0
141.0,127.0,-126.0,-1.0,-36.0,110.0,-941.0,508.0,9.0,108.0
123.0,59.0,-117.0,3.0,-65.0,394.0,-1043.0,897.0,-32.0,121.0
118.0,242.0,-57.0,0.0,15.0,480.0,-1027.0,800.0,-60.0,133.0
93.0,122.0,-82.0,-23.0,65.0,366.0,-986.0,604.0,-80.0,143.0
57.0,126.0,-39.0,-5.0,70.0,-12.0,-1022.0,260.0,-82.0,131.0
58.0,416.0,47.0,46.0,51.0,-358.0,-1073.0,72.0,-75.0,112.0
42.0,209.0,21.0,-26.0,-20.0,-332.0,-897.0,158.0,-76.0,99.0
52.0,239.0,73.0,-156.0,31.0,-154.0,-484.0,-20.0,-43.0,68.0
31.0,545.0,155.0,-113.0,31.0,-6.0,-47.0,-297.0,-22.0,44.0
29.0,444.0,124.0,-25.0,-67.0,64.0,351.0,-412.0,-20.0,38.0
48.0,171.0,103.0,24.0,-10.0,210.0,571.0,-81.0,10.0,14.0
61.0,296.0,102.0,-10.0,128.0,250.0,713.0,312.0,56.0,-9.0
60.0,204.0,114.0,-98.0,50.0,124.0,920.0,539.0,109.0,-14.0
39.0,4.0,100.0,-76.0,-54.0,-31.0,1049.0,650.0,165.0,0.0
52.0,-23.0,90.0,-100.0,56.0,-44.0,962.0,336.0,201.0,5.0
21.0,-90.0,36.0,-134.0,-73.0,-51.0,749.0,-35.0,209.0,-7.0
29.0,-254.0,1.0,-196.0,-100.0,-150.0,583.0,-288.0,212.0,-1.0
27.0,-577.0,56.0,-235.0,49.0,-246.0,373.0,-203.0,202.0,27.0
20.0,-406.0,8.0,-185.0,-161.0,-302.0,73.0,81.0,183.0,36.0
32.0,-480.0,-15.0,-103.0,-141.0,-223.0,-210.0,282.0,145.0,32.0
30.0,-635.0,-52.0,-13.0,93.0,-148.0,-344.0,526.0,103.0,31.0
39.0,-301.0,-83.0,6.0,-30.0,27.0,-388.0,476.0,95.0,19.0
8.0,-25.0,-63.0,-4.0,-79.0,227.0,-483.0,500.0,80.0,22.0
-7.0,197.0,-106.0,11.0,66.0,206.0,-532.0,413.0,60.0,16.0
-35.0,232.0,-97.0,51.0,52.0,202.0,-437.0,-3.0,49.0,15.0
-15.0,310.0,-98.0,1.0,34.0,350.0,-262.0,-142.0,29.0,18.0
4.0,331.0,-85.0,5.0,2.0,359.0,-90.0,-158.0,-12.0,-2.0
19.0,253.0,-120.0,-31.0,-7.0,202.0,124.0,-88.0,-45.0,11.0
39.0,74.0,-112.0,-214.0,58.0,-99.0,314.0,-81.0,-75.0,41.0
39.0,-106.0,-64.0,-255.0,18.0,-247.0,412.0,31.0,-94.0,44.0
53.0,56.0,-134.0,-245.0,23.0,44.0,463.0,445.0,-74.0,40.0
40.0,176.0,-104.0,-259.0,37.0,255.0,437.0,774.0,-70.0,63.0
62.0,156.0,-106.0,-234.0,45.0,114.0,305.0,918.0,-54.0,91.0
62.0,328.0,-89.0,-234.0,37.0,-118.0,49.0,733.0,-30.0,111.0
80.0,599.0,-69.0,-116.0,-64.0,-113.0,-270.0,443.0,-9.0,127.0
112.0,647.0,-93.0,-8.0,30.0,79.0,-563.0,-3.0,18.0,120.0
131.0,583.0,-17.0,-51.0,114.0,349.0,-719.0,-530.0,29.0,115.0
135.0,333.0,-5.0,-36.0,31.0,392.0,-562.0,-657.0,28.0,134.0
101.0,229.0,-3.0,-53.0,124.0,235.0,-126.0,-545.0,29.0,160.0
84.0,554.0,1.0,-8.0,108.0,103.0,193.0,-216.0,52.0,146.0
40.0,589.0,-16.0,110.0,26.0,-213.0,227.0,-3.0,51.0,115.0
44.0,309.0,-17.0,123.0,127.0,-482.0,164.0,229.0,46.0,102.0
55.0,336.0,-1.0,136.0,-47.0,-505.0,127.0,689.0,69.0,75.0
52.0,615.0,1.0,110.0,-119.0,-189.0,164.0,700.0,100.0,54.0
75.0,323.0,-10.0,41.0,132.0,102.0,205.0,487.0,104.0,37.0
85.0,-260.0,-31.0,-64.0,73.0,180.0,101.0,336.0,103.0,15.0
90.0,-529.0,-36.0,-186.0,9.0,148.0,-96.0,155.0,119.0,11.0
59.0,-845.0,-28.0,-236.0,72.0,199.0,-175.0,-253.0,134.0,22.0
55.0,-1079.0,-25.0,-231.0,-2.0,381.0,-151.0,-532.0,152.0,38.0
56.0,-993.0,-16.0,-135.0,65.0,285.0,-150.0,-184.0,145.0,53.0
54.0,-768.0,-43.0,-7.0,98.0,137.0,-142.0,304.0,141.0,63.0
76.0,-541.0,-20.0,-8.0,64.0,37.0,-57.0,753.0,125.0,93.0
80.0,-401.0,-20.0,-79.0,137.0,-24.0,-2.0,692.0,109.0,129.0
89.0,-574.0,-10.0,-56.0,61.0,-41.0,-7.0,273.0,120.0,145.0
77.0,-597.0,40.0,-6.0,26.0,108.0,60.0,16.0,134.0,154.0
82.0,-295.0,-12.0,47.0,73.0,373.0,182.0,-169.0,148.0,162.0
84.0,-162.0,-16.0,107.0,-13.0,373.0,249.0,-195.0,145.0,167.0
72.0,-173.0,30.0,81.0,-19.0,145.0,253.0,-240.0,138.0,129.0
71.0,-150.0,24.0,-45.0,-84.0,-60.0,342.0,25.0,128.0,100.0
54.0,141.0,13.0,-194.0,-109.0,-64.0,339.0,336.0,120.0,86.0
75.0,286.0,8.0,-159.0,33.0,12.0,175.0,332.0,106.0,41.0
92.0,265.0,-25.0,-151.0,20.0,32.0,54.0,254.0,90.0,-3.0
94.0,158.0,-45.0,-175.0,69.0,-37.0,26.0,169.0,88.0,-39.0
91.0,153.0,-33.0,-47.0,75.0,8.0,93.0,339.0,89.0,-58.0
96.0,391.0,-77.0,-67.0,41.0,29.0,138.0,317.0,79.0,-91.0
93.0,39.0,-100.0,-145.0,123.0,-37.0,116.0,256.0,61.0,-105.0
73.0,99.0,-77.0,-111.0,45.0,58.0,51.0,308.0,62.0,-96.0
69.0,379.0,-96.0,-45.0,-58.0,255.0,0.0,112.0,66.0,-82.0
70.0,164.0,-69.0,11.0,-11.0,338.0,-58.0,-149.0,63.0,-54.0
68.0,262.0,-39.0,24.0,34.0,203.0,-46.0,-515.0,59.0,-28.0
60.0,98.0,-55.0,-41.0,-58.0,152.0,118.0,-648.0,45.0,10.0
64.0,0.0,-58.0,-150.0,7.0,212.0,271.0,-524.0,55.0,30.0
48.0,333.0,-66.0,-208.0,29.0,254.0,205.0,-166.0,87.0,63.0
57.0,501.0,-59.0,-173.0,14.0,190.0,-88.0,315.0,81.0,116.0
80.0,450.0,-33.0,-137.0,118.0,85.0,-321.0,432.0,63.0,150.0
85.0,510.0,-31.0,-162.0,2.0,39.0,-487.0,574.0,65.0,170.0
77.0,506.0,-50.0,-155.0,18.0,-3.0,-693.0,583.0,68.0,176.0
70.0,141.0,-54.0,-178.0,66.0,-94.0,-935.0,500.0,61.0,194.0
71.0,-55.0,-76.0,-173.0,-17.0,-106.0,-1030.0,467.0,48.0,206.0
50.0,24.0,-83.0,-126.0,-35.0,107.0,-886.0,253.0,16.0,187.0
35.0,-63.0,-36.0,-100.0,-86.0,279.0,-683.0,230.0,-25.0,167.0
20.0,-267.0,-8.0,-77.0,-10.0,301.0,-304.0,179.0,-38.0,160.0
27.0,-252.0,-36.0,-44.0,68.0,240.0,344.0,345.0,-57.0,153.0
42.0,-158.0,-58.0,20.0,-49.0,295.0,1037.0,452.0,-81.0,168.0
67.0,-18.0,-29.0,69.0,-104.0,372.0,1322.0,-36.0,-100.0,188.0
60.0,-191.0,-66.0,79.0,7.0,245.0,1152.0,-615.0,-118.0,180.0
46.0,-213.0,-92.0,24.0,64.0,13.0,874.0,-1021.0,-118.0,151.0
64.0,67.0,-62.0,-49.0,-5.0,-127.0,680.0,-618.0,-124.0,154.0
61.0,-120.0,-63.0,-160.0,49.0,-77.0,523.0,266.0,-131.0,171.0
52.0,-124.0,-38.0,-231.0,94.0,-50.0,278.0,840.0,-133.0,147.0
36.0,-25.0,-58.0,-226.0,101.0,47.0,-16.0,792.0,-127.0,131.0
45.0,148.0,-90.0,-199.0,180.0,290.0,-340.0,275.0,-97.0,118.0
39.0,267.0,-78.0,-141.0,56.0,534.0,-605.0,-86.0,-59.0,123.0
33.0,98.0,-86.0,-203.0,78.0,694.0,-760.0,-349.0,-41.0,129.0
15.0,287.0,-81.0,-299.0,155.0,698.0,-896.0,-245.0,-39.0,107.0
-12.0,472.0,-99.0,-263.0,45.0,637.0,-980.0,120.0,-39.0,115.0
-8.0,276.0,-85.0,-121.0,-7.0,465.0,-788.0,574.0,-28.0,110.0
-27.0,102.0,-77.0,7.0,-93.0,265.0,-419.0,977.0,-19.0,101.0
-44.0,292.0,-64.0,65.0,-51.0,72.0,-183.0,776.0,-27.0,101.0
-35.0,385.0,-17.0,93.0,-43.0,-81.0,-119.0,415.0,-38.0,92.0
-12.0,364.0,-71.0,80.0,-130.0,12.0,-103.0,1.0,-63.0,74.0
-4.0,369.0,-23.0,59.0,-79.0,146.0,26.0,-301.0,-89.0,44.0
2.0,210.0,53.0,7.0,-54.0,291.0,194.0,-279.0,-116.0,48.0
5.0,215.0,20.0,-6.0,-129.0,413.0,301.0,-225.0,-144.0,65.0
-18.0,129.0,38.0,26.0,-139.0,301.0,310.0,55.0,-150.0,61.0
-66.0,-218.0,32.0,-22.0,-115.0,16.0,277.0,247.0,-137.0,61.0
-80.0,-343.0,18.0,-38.0,-84.0,-246.0,381.0,319.0,-122.0,78.0
-65.0,-469.0,60.0,21.0,-2.0,-136.0,606.0,395.0,-103.0,97.0
-95.0,-643.0,67.0,27.0,-85.0,248.0,751.0,432.0,-87.0,104.0
-94.0,-394.0,46.0,-24.0,-67.0,361.0,711.0,369.0,-86.0,106.0
-71.0,-218.0,60.0,12.0,139.0,-227.0,613.0,-20.0,-56.0,117.0
-78.0,-18.0,38.0,93.0,104.0,-712.0,560.0,-166.0,-23.0,134.0
-84.0,354.0,24.0,89.0,39.0,-421.0,456.0,-155.0,-5.0,144.0
-93.0,242.0,87.0,79.0,91.0,-27.0,232.0,-68.0,19.0,157.0
-104.0,81.0,62.0,-18.0,139.0,46.0,29.0,29.0,25.0,165.0
-125.0,133.0,10.0,-122.0,194.0,-217.0,-170.0,-127.0,38.0,145.0
-111.0,51.0,74.0,-144.0,139.0,-247.0,-445.0,-48.0,58.0,123.0
-96.0,-234.0,87.0,-153.0,112.0,-115.0,-696.0,33.0,64.0,133.0
-91.0,-249.0,80.0,-83.0,124.0,-102.0,-776.0,109.0,52.0,142.0
-42.0,-323.0,104.0,-16.0,17.0,-42.0,-729.0,190.0,22.0,134.0
-45.0,-718.0,60.0,44.0,-43.0,-2.0,-735.0,175.0,-2.0,143.0
-70.0,-412.0,72.0,85.0,-39.0,85.0,-814.0,55.0,-22.0,157.0
-85.0,-426.0,86.0,72.0,-76.0,45.0,-920.0,-410.0,-40.0,146.0
-75.0,-843.0,91.0,48.0,-45.0,145.0,-903.0,-583.0,-45.0,140.0
-67.0,-738.0,127.0,9.0,-75.0,289.0,-808.0,-376.0,-43.0,141.0
-79.0,-606.0,96.0,-59.0,-152.0,299.0,-773.0,60.0,-38.0,111.0
-28.0,-477.0,57.0,-59.0,11.0,320.0,-850.0,537.0,-41.0,74.0
-2.0,-386.0,36.0,5.0,-4.0,329.0,-847.0,587.0,-46.0,75.0
10.0,-14.0,21.0,-20.0,-99.0,279.0,-548.0,506.0,-40.0,71.0
6.0,317.0,9.0,-43.0,-84.0,-20.0,-141.0,306.0,-30.0,60.0
12.0,468.0,15.0,-22.0,-149.0,-151.0,260.0,121.0,-26.0,57.0
24.0,476.0,0.0,44.0,-27.0,52.0,585.0,-51.0,-20.0,63.0
20.0,497.0,-14.0,87.0,-72.0,330.0,854.0,-242.0,-20.0,75.0
36.0,617.0,38.0,86.0,-246.0,347.0,999.0,-133.0,-33.0,71.0
20.0,324.0,22.0,135.0,-91.0,-10.0,879.0,-31.0,-37.0,73.0
27.0,211.0,35.0,143.0,24.0,-270.0,659.0,-49.0,-35.0,56.0
5.0,196.0,47.0,94.0,-78.0,-177.0,599.0,-384.0,-19.0,37.0
-9.0,-25.0,28.0,63.0,-62.0,51.0,689.0,-630.0,5.0,5.0
0.0,-95.0,116.0,85.0,-66.0,91.0,662.0,-306.0,25.0,-29.0
22.0,7.0,120.0,99.0,-95.0,-106.0,413.0,7.0,20.0,-35.0
13.0,-378.0,112.0,31.0,-52.0,-202.0,104.0,254.0,11.0,-84.0
-26.0,-466.0,103.0,-39.0,-163.0,-28.0,-97.0,330.0,39.0,-120.0
7.0,-258.0,96.0,-137.0,-120.0,35.0,-307.0,279.0,53.0,-118.0
3.0,-498.0,115.0,-181.0,-17.0,-154.0,-497.0,155.0,53.0,-112.0
-38.0,-226.0,31.0,-75.0,-67.0,-256.0,-617.0,-14.0,42.0,-118.0
-68.0,-170.0,22.0,-38.0,-71.0,-41.0,-697.0,-7.0,24.0,-123.0
-47.0,-104.0,-4.0,-47.0,-23.0,88.0,-706.0,-158.0,0.0,-116.0
-32.0,272.0,-36.0,-18.0,66.0,-72.0,-769.0,-18.0,-25.0,-123.0
-51.0,266.0,-7.0,-13.0,118.0,-269.0,-917.0,290.0,-33.0,-101.0
-42.0,179.0,-51.0,-44.0,56.0,-329.0,-1078.0,230.0,-40.0,-84.0
-35.0,291.0,-58.0,-38.0,31.0,-130.0,-1044.0,18.0,-60.0,-70.0
-41.0,158.0,-20.0,53.0,141.0,-43.0,-845.0,-315.0,-80.0,-51.0
-75.0,-150.0,-29.0,48.0,152.0,-70.0,-708.0,-476.0,-70.0,-49.0
-90.0,-89.0,-61.0,55.0,101.0,-54.0,-689.0,-558.0,-76.0,-22.0
-90.0,-245.0,-47.0,113.0,118.0,-54.0,-732.0,-369.0,-86.0,-8.0
-74.0,-315.0,-66.0,61.0,93.0,48.0,-704.0,33.0,-57.0,-28.0
-94.0,-456.0,-67.0,-16.0,106.0,183.0,-515.0,133.0,-37.0,-29.0
-83.0,-617.0,-55.0,-38.0,45.0,250.0,-134.0,18.0,-37.0,-19.0
-43.0,-811.0,-42.0,-22.0,-81.0,98.0,314.0,-238.0,-46.0,-23.0
-56.0,-846.0,0.0,-13.0,-48.0,-86.0,677.0,-184.0,-40.0,-27.0
-86.0,-568.0,-16.0,12.0,-38.0,95.0,838.0,-118.0,-21.0,-18.0
-109.0,-433.0,0.0,-13.0,-37.0,358.0,788.0,-86.0,-19.0,-1.0
-76.0,90.0,-8.0,-50.0,-3.0,207.0,594.0,175.0,-13.0,3.0
-79.0,18.0,0.0,1.0,34.0,-83.0,375.0,120.0,-22.0,33.0
-78.0,79.0,-2.0,31.0,101.0,-127.0,283.0,29.0,-29.0,62.0
-63.0,508.0,-58.0,62.0,70.0,-77.0,258.0,-33.0,-29.0,63.0
-55.0,650.0,-32.0,127.0,-31.0,-104.0,180.0,-9.0,-20.0,72.0
-46.0,866.0,-26.0,149.0,-59.0,-237.0,8.0,175.0,21.0,74.0
-57.0,713.0,-1.0,226.0,0.0,-290.0,-188.0,362.0,37.0,80.0
-65.0,596.0,3.0,298.0,-3.0,-111.0,-431.0,504.0,27.0,70.0
-69.0,620.0,-20.0,183.0,-34.0,45.0,-804.0,86.0,51.0,54.0
-44.0,470.0,9.0,24.0,-34.0,50.0,-1105.0,-395.0,77.0,34.0
-41.0,167.0,5.0,-123.0,73.0,-37.0,-1039.0,-600.0,82.0,20.0
-44.0,367.0,-56.0,-148.0,17.0,-114.0,-696.0,-497.0,82.0,28.0
-34.0,390.0,-61.0,-117.0,-63.0,-148.0,-439.0,-145.0,77.0,21.0
-46.0,-136.0,-20.0,-183.0,10.0,-205.0,-437.0,-155.0,84.0,7.0
-60.0,-289.0,-48.0,-159.0,-75.0,-153.0,-564.0,-210.0,88.0,-12.0
-43.0,-116.0,-64.0,-126.0,62.0,-48.0,-609.0,-232.0,94.0,-22.0
-16.0,-134.0,-79.0,-92.0,23.0,83.0,-565.0,-157.0,124.0,-19.0
-12.0,-31.0,-89.0,-27.0,-143.0,179.0,-475.0,-60.0,142.0,-35.0
-17.0,139.0,-54.0,79.0,69.0,129.0,-359.0,-57.0,163.0,-52.0
7.0,87.0,-92.0,141.0,52.0,-4.0,-328.0,49.0,178.0,-67.0
19.0,433.0,-70.0,43.0,-53.0,-191.0,-327.0,7.0,165.0,-76.0
23.0,367.0,-17.0,12.0,-42.0,-354.0,-255.0,-49.0,156.0,-65.0
29.0,432.0,-42.0,103.0,-114.0,-515.0,-281.0,-205.0,142.0,-68.0
27.0,347.0,-9.0,214.0,-75.0,-438.0,-432.0,-229.0,117.0,-107.0
35.0,56.0,-10.0,173.0,-46.0,-239.0,-516.0,3.0,101.0,-134.0
47.0,314.0,-31.0,57.0,-117.0,8.0,-365.0,123.0,92.0,-130.0
77.0,-257.0,-28.0,19.0,-16.0,237.0,-63.0,127.0,81.0,-124.0
47.0,-438.0,-3.0,30.0,59.0,179.0,151.0,-212.0,73.0,-134.0
54.0,-266.0,25.0,20.0,18.0,180.0,293.0,-460.0,45.0,-133.0
40.0,-464.0,14.0,36.0,34.0,58.0,302.0,-347.0,37.0,-99.0
21.0,-649.0,21.0,109.0,66.0,-88.0,175.0,-140.0,36.0,-72.0
24.0,-767.0,28.0,60.0,73.0,-124.0,58.0,96.0,4.0,-38.0
35.0,-445.0,52.0,128.0,58.0,-73.0,9.0,94.0,-15.0,-9.0
54.0,-133.0,37.0,255.0,43.0,49.0,-31.0,12.0,-42.0,-21.0
9.0,-137.0,11.0,217.0,39.0,-124.0,-180.0,-134.0,-60.0,-21.0
10.0,-276.0,-15.0,192.0,98.0,2.0,-418.0,-138.0,-37.0,-18.0
-33.0,-139.0,24.0,161.0,106.0,369.0,-637.0,83.0,-22.0,-6.0
-29.0,-106.0,70.0,107.0,105.0,337.0,-601.0,88.0,-26.0,-13.0
-60.0,-53.0,0.0,84.0,84.0,-19.0,-383.0,-49.0,-20.0,-46.0
-60.0,24.0,27.0,-12.0,70.0,-233.0,-280.0,-482.0,-22.0,-32.0
-51.0,217.0,67.0,-213.0,129.0,23.0,-437.0,-746.0,-26.0,-17.0
-70.0,366.0,56.0,-264.0,8.0,272.0,-766.0,-567.0,-13.0,-4.0
-44.0,426.0,65.0,-82.0,17.0,133.0,-897.0,-277.0,9.0,3.0
-116.0,690.0,55.0,128.0,134.0,-155.0,-767.0,103.0,38.0,14.0
-104.0,578.0,2.0,255.0,45.0,-223.0,-578.0,199.0,65.0,14.0
-122.0,383.0,-6.0,377.0,-58.0,-166.0,-443.0,245.0,111.0,-20.0
-116.0,30.0,13.0,341.0,-87.0,-226.0,-294.0,267.0,138.0,-26.0
-123.0,147.0,-13.0,154.0,-40.0,-265.0,-66.0,242.0,136.0,-32.0
-103.0,168.0,0.0,70.0,-86.0,-173.0,4.0,205.0,144.0,-74.0
-90.0,-57.0,-28.0,59.0,-198.0,-160.0,-118.0,-9.0,141.0,-103.0
-125.0,-3.0,-49.0,103.0,-127.0,-189.0,-95.0,-11.0,120.0,-108.0
-105.0,-184.0,-19.0,110.0,-30.0,-130.0,178.0,-158.0,99.0,-121.0
-129.0,-166.0,-34.0,90.0,-127.0,73.0,456.0,-306.0,86.0,-118.0
-108.0,-374.0,-57.0,86.0,-159.0,220.0,532.0,-262.0,96.0,-96.0
-118.0,-357.0,-52.0,116.0,-44.0,-38.0,404.0,-323.0,99.0,-74.0
-94.0,-153.0,-35.0,126.0,-8.0,-194.0,219.0,-445.0,67.0,-74.0
-110.0,12.0,0.0,2.0,-43.0,-125.0,28.0,-746.0,57.0,-77.0
-95.0,156.0,13.0,-84.0,-65.0,31.0,-230.0,-679.0,28.0,-62.0
-82.0,216.0,-16.0,18.0,-41.0,285.0,-642.0,-356.0,3.0,-84.0
-98.0,581.0,18.0,223.0,12.0,285.0,-1125.0,-97.0,15.0,-109.0
-94.0,634.0,58.0,410.0,53.0,150.0,-1383.0,101.0,-17.0,-115.0
-87.0,623.0,58.0,470.0,7.0,54.0,-1299.0,-49.0,-19.0,-127.0
-50.0,316.0,67.0,332.0,1.0,25.0,-1001.0,-197.0,-12.0,-153.0
-84.0,92.0,46.0,155.0,52.0,65.0,-713.0,-358.0,-16.0,-167.0
-50.0,584.0,21.0,24.0,116.0,102.0,-348.0,-279.0,-13.0,-154.0
-69.0,289.0,29.0,65.0,176.0,163.0,79.0,88.0,-24.0,-164.0
-82.0,-306.0,30.0,224.0,97.0,176.0,254.0,121.0,-1.0,-170.0
-100.0,-217.0,7.0,337.0,137.0,106.0,96.0,25.0,-7.0,-160.0
-85.0,-286.0,-4.0,328.0,229.0,51.0,-184.0,-179.0,8.0,-153.0
-63.0,-623.0,-8.0,166.0,166.0,96.0,-236.0,-485.0,43.0,-183.0
-57.0,-876.0,-19.0,85.0,197.0,127.0,-68.0,-750.0,54.0,-208.0
-30.0,-795.0,-44.0,51.0,226.0,38.0,-15.0,-550.0,68.0,-220.0
-66.0,-379.0,-63.0,-7.0,168.0,-8.0,-185.0,153.0,62.0,-241.0
-46.0,24.0,-70.0,36.0,191.0,-33.0,-391.0,460.0,80.0,-235.0
-83.0,233.0,-65.0,131.0,99.0,-129.0,-559.0,561.0,113.0,-242.0
-77.0,176.0,-90.0,202.0,23.0,-152.0,-642.0,589.0,138.0,-217.0
-94.0,292.0,-35.0,267.0,77.0,-83.0,-566.0,423.0,155.0,-200.0
-70.0,457.0,0.0,276.0,-30.0,-86.0,-369.0,179.0,163.0,-197.0
-54.0,12.0,-90.0,259.0,-73.0,-105.0,-102.0,-162.0,160.0,-156.0
-76.0,-132.0,-28.0,198.0,-36.0,-91.0,172.0,-362.0,142.0,-144.0
-42.0,-103.0,32.0,73.0,-114.0,-21.0,324.0,-436.0,122.0,-121.0
-48.0,-120.0,41.0,17.0,-136.0,121.0,212.0,-230.0,100.0,-79.0
-46.0,-150.0,61.0,104.0,-112.0,25.0,15.0,-195.0,89.0,-35.0
-99.0,-427.0,3.0,293.0,-196.0,-164.0,-140.0,-306.0,88.0,-34.0
-87.0,-200.0,17.0,292.0,-216.0,-93.0,-179.0,-173.0,111.0,-54.0
-100.0,-164.0,22.0,162.0,-203.0,134.0,-48.0,-51.0,118.0,-48.0
-95.0,-12.0,-10.0,76.0,-194.0,210.0,119.0,223.0,130.0,-59.0
-92.0,-200.0,11.0,53.0,-75.0,75.0,246.0,236.0,142.0,-85.0
-95.0,-555.0,13.0,179.0,-53.0,-46.0,230.0,210.0,141.0,-129.0
-72.0,31.0,22.0,227.0,-38.0,-123.0,112.0,437.0,140.0,-154.0
-79.0,176.0,44.0,235.0,-65.0,-98.0,-12.0,447.0,111.0,-148.0
-54.0,56.0,41.0,278.0,-54.0,-124.0,-9.0,184.0,100.0,-162.0
-79.0,73.0,-2.0,238.0,-21.0,-145.0,137.0,-375.0,104.0,-163.0
-53.0,239.0,-36.0,113.0,-98.0,-87.0,327.0,-550.0,81.0,-166.0
-49.0,275.0,-24.0,-11.0,-32.0,-69.0,389.0,-223.0,60.0,-198.0
-54.0,99.0,4.0,31.0,14.0,-150.0,283.0,101.0,58.0,-199.0
-53.0,200.0,20.0,107.0,76.0,-434.0,216.0,97.0,40.0,-194.0
-57.0,145.0,-43.0,152.0,47.0,-490.0,134.0,-301.0,40.0,-196.0
-51.0,269.0,0.0,230.0,-55.0,-331.0,-85.0,-376.0,51.0,-203.0
-52.0,539.0,66.0,307.0,-7.0,-228.0,-489.0,-173.0,62.0,-205.0
-13.0,130.0,20.0,285.0,-36.0,-171.0,-824.0,101.0,61.0,-179.0
7.0,61.0,55.0,171.0,-63.0,-183.0,-937.0,173.0,35.0,-179.0
16.0,347.0,44.0,-25.0,-13.0,-255.0,-959.0,-177.0,36.0,-177.0
17.0,-19.0,8.0,-213.0,64.0,-474.0,-981.0,-279.0,31.0,-176.0
30.0,50.0,64.0,-121.0,114.0,-576.0,-993.0,-282.0,32.0,-182.0
13.0,69.0,60.0,111.0,169.0,-539.0,-792.0,-114.0,36.0,-175.0
1.0,-202.0,55.0,370.0,125.0,-431.0,-455.0,133.0,30.0,-184.0
-1.0,-246.0,27.0,455.0,89.0,-179.0,-176.0,62.0,20.0,-186.0
2.0,-348.0,-1.0,235.0,235.0,-13.0,-77.0,-105.0,0.0,-195.0
17.0,-322.0,45.0,74.0,142.0,118.0,-87.0,-465.0,-16.0,-209.0
15.0,-501.0,41.0,113.0,24.0,203.0,17.0,-558.0,-51.0,-205.0
2.0,-281.0,20.0,229.0,86.0,64.0,300.0,-432.0,-79.0,-205.0
-18.0,-1.0,42.0,253.0,66.0,-114.0,670.0,-242.0,-91.0,-219.0
-4.0,65.0,59.0,256.0,36.0,-203.0,917.0,-73.0,-80.0,-237.0
-11.0,224.0,70.0,325.0,-2.0,-192.0,939.0,-81.0,-54.0,-219.0
-15.0,65.0,95.0,333.0,-10.0,-45.0,722.0,36.0,-30.0,-224.0
-16.0,273.0,100.0,259.0,48.0,123.0,417.0,-81.0,6.0,-262.0
-17.0,359.0,131.0,276.0,40.0,166.0,132.0,-101.0,46.0,-269.0
-42.0,57.0,129.0,314.0,-104.0,256.0,-99.0,-48.0,86.0,-273.0
-53.0,-43.0,98.0,240.0,-125.0,361.0,-190.0,-53.0,97.0,-291.0
-43.0,-122.0,160.0,261.0,35.0,296.0,-118.0,142.0,90.0,-307.0
-54.0,152.0,172.0,174.0,22.0,222.0,-23.0,133.0,74.0,-301.0
-23.0,128.0,173.0,43.0,-37.0,67.0,7.0,107.0,75.0,-288.0
-10.0,-92.0,185.0,57.0,-77.0,-23.0,35.0,-55.0,91.0,-277.0
1.0,39.0,151.0,75.0,-97.0,11.0,32.0,-225.0,86.0,-252.0
33.0,-212.0,155.0,214.0,82.0,18.0,11.0,-269.0,83.0,-210.0
46.0,-45.0,136.0,309.0,75.0,76.0,-57.0,-397.0,73.0,-173.0
26.0,67.0,115.0,349.0,-51.0,24.0,-137.0,-310.0,50.0,-146.0
7.0,-260.0,137.0,317.0,2.0,32.0,-116.0,-121.0,37.0,-105.0
14.0,71.0,109.0,178.0,28.0,191.0,20.0,227.0,11.0,-64.0
16.0,565.0,80.0,-13.0,31.0,223.0,229.0,358.0,-25.0,-29.0
24.0,264.0,111.0,-214.0,-33.0,121.0,428.0,129.0,-42.0,-4.0
57.0,-20.0,123.0,-121.0,-51.0,35.0,532.0,-7.0,-64.0,49.0
74.0,539.0,96.0,187.0,25.0,-11.0,478.0,-166.0,-100.0,119.0
70.0,578.0,70.0,394.0,30.0,-15.0,390.0,-55.0,-115.0,155.0
70.0,367.0,69.0,455.0,-42.0,-113.0,351.0,138.0,-118.0,210.0
76.0,209.0,33.0,352.0,-107.0,-327.0,299.0,293.0,-138.0,261.0
80.0,232.0,83.0,50.0,-22.0,-373.0,206.0,417.0,-149.0,290.0
59.0,455.0,99.0,-212.0,-11.0,-278.0,78.0,84.0,-148.0,317.0
64.0,567.0,53.0,-305.0,-103.0,-4.0,-1.0,-288.0,-145.0,339.0
69.0,492.0,141.0,-212.0,-86.0,202.0,34.0,-378.0,-124.0,381.0
99.0,-53.0,164.0,-3.0,53.0,55.0,24.0,22.0,-89.0,390.0
115.0,201.0,183.0,197.0,116.0,-91.0,-54.0,445.0,-70.0,386.0
83.0,326.0,173.0,344.0,57.0,-19.0,-26.0,465.0,-70.0,401.0
115.0,33.0,138.0,393.0,96.0,213.0,76.0,341.0,-61.0,376.0
144.0,-199.0,138.0,284.0,147.0,316.0,319.0,35.0,-59.0,329.0
123.0,-177.0,111.0,53.0,173.0,185.0,685.0,-18.0,-54.0,289.0
89.0,0.0,118.0,9.0,104.0,239.0,883.0,-22.0,-43.0,252.0
80.0,-259.0,56.0,120.0,7.0,517.0,791.0,-103.0,-24.0,177.0
94.0,-280.0,35.0,231.0,52.0,586.0,640.0,-53.0,6.0,105.0
83.0,-286.0,34.0,297.0,127.0,465.0,492.0,55.0,5.0,87.0
75.0,10.0,21.0,183.0,88.0,387.0,199.0,192.0,-14.0,84.0
77.0,51.0,0.0,-86.0,-89.0,435.0,-123.0,-134.0,-6.0,67.0
74.0,-276.0,-58.0,-280.0,-66.0,381.0,-378.0,-273.0,10.0,65.0
71.0,-413.0,-69.0,-259.0,29.0,225.0,-552.0,-36.0,3.0,98.0
53.0,-39.0,-36.0,-67.0,-128.0,167.0,-594.0,97.0,-1.0,104.0
56.0,74.0,-5.0,158.0,-184.0,150.0,-487.0,121.0,-16.0,115.0
64.0,-230.0,-6.0,224.0,-79.0,123.0,-372.0,-36.0,-35.0,148.0
66.0,-234.0,29.0,103.0,-24.0,130.0,-199.0,142.0,-28.0,145.0
52.0,-164.0,39.0,-67.0,37.0,454.0,218.0,330.0,-11.0,128.0
27.0,231.0,88.0,-134.0,-58.0,603.0,775.0,406.0,-11.0,116.0
42.0,-94.0,130.0,-138.0,-136.0,365.0,1210.0,456.0,-35.0,125.0
21.0,46.0,120.0,-52.0,50.0,218.0,1372.0,251.0,-41.0,118.0
16.0,-80.0,156.0,145.0,58.0,325.0,1444.0,323.0,-37.0,93.0
36.0,-211.0,140.0,252.0,-128.0,406.0,1439.0,548.0,-20.0,97.0
62.0,389.0,171.0,202.0,-96.0,91.0,1232.0,796.0,1.0,106.0
59.0,-54.0,195.0,86.0,63.0,-83.0,866.0,766.0,18.0,107.0
37.0,188.0,141.0,-79.0,38.0,-10.0,464.0,328.0,17.0,95.0
48.0,172.0,164.0,-191.0,-48.0,39.0,75.0,-90.0,2.0,96.0
38.0,-41.0,154.0,-166.0,-7.0,-68.0,-362.0,-485.0,2.0,96.0
35.0,49.0,99.0,-89.0,53.0,-89.0,-717.0,-437.0,0.0,81.0
28.0,-28.0,93.0,-24.0,57.0,269.0,-811.0,-140.0,8.0,70.0
64.0,47.0,45.0,-72.0,-83.0,319.0,-631.0,127.0,12.0,55.0
63.0,-49.0,1.0,-161.0,-109.0,14.0,-347.0,334.0,-7.0,49.0
47.0,353.0,31.0,-155.0,3.0,-40.0,-142.0,315.0,-26.0,48.0
37.0,318.0,12.0,-41.0,-21.0,237.0,-18.0,323.0,-40.0,40.0
20.0,-84.0,-21.0,33.0,-94.0,407.0,150.0,212.0,-32.0,20.0
49.0,330.0,-36.0,40.0,-148.0,247.0,309.0,262.0,-3.0,0.0
31.0,646.0,-77.0,90.0,-62.0,137.0,337.0,376.0,20.0,-13.0
26.0,159.0,-52.0,152.0,-13.0,314.0,277.0,343.0,29.0,-25.0
38.0,57.0,-93.0,197.0,-57.0,388.0,328.0,460.0,49.0,-26.0
64.0,113.0,-118.0,174.0,5.0,267.0,725.0,458.0,60.0,-26.0
41.0,76.0,-97.0,166.0,93.0,283.0,1196.0,445.0,69.0,-29.0
3.0,-21.0,-156.0,127.0,170.0,318.0,1307.0,315.0,73.0,-33.0
2.0,-245.0,-88.0,6.0,154.0,250.0,1042.0,147.0,49.0,-21.0
-17.0,-505.0,-120.0,-95.0,37.0,168.0,797.0,125.0,29.0,-10.0
-23.0,-692.0,-154.0,-121.0,74.0,154.0,777.0,131.0,7.0,-20.0
-25.0,-51.0,-57.0,-48.0,209.0,202.0,822.0,306.0,-23.0,-19.0
2.0,-352.0,-86.0,-22.0,92.0,267.0,848.0,249.0,-35.0,-23.0
0.0,-791.0,-58.0,-28.0,7.0,258.0,779.0,155.0,-44.0,-41.0
-36.0,-239.0,-45.0,-29.0,51.0,178.0,621.0,151.0,-56.0,-47.0
-48.0,-84.0,-47.0,-41.0,25.0,88.0,409.0,101.0,-50.0,-20.0
-34.0,4.0,13.0,-12.0,44.0,83.0,219.0,101.0,-88.0,8.0
-22.0,24.0,34.0,49.0,-48.0,278.0,28.0,-9.0,-122.0,21.0
-2.0,-26.0,7.0,27.0,-123.0,528.0,-123.0,277.0,-108.0,44.0
-5.0,-85.0,20.0,-43.0,19.0,581.0,-31.0,541.0,-87.0,78.0
-9.0,113.0,65.0,-57.0,35.0,454.0,261.0,380.0,-61.0,106.0
22.0,-18.0,1.0,1.0,-75.0,321.0,451.0,192.0,-60.0,117.0
35.0,-481.0,18.0,124.0,-45.0,183.0,371.0,-29.0,-59.0,127.0
54.0,80.0,-5.0,64.0,-26.0,221.0,260.0,-70.0,-68.0,148.0
56.0,77.0,-73.0,-44.0,-6.0,411.0,218.0,-133.0,-83.0,153.0
45.0,-417.0,-29.0,-97.0,-1.0,575.0,243.0,-55.0,-82.0,145.0
18.0,-119.0,-16.0,-226.0,-130.0,593.0,339.0,107.0,-70.0,165.0
18.0,-117.0,-13.0,-285.0,-92.0,494.0,353.0,208.0,-67.0,176.0
17.0,55.0,-46.0,-291.0,94.0,557.0,247.0,461.0,-99.0,170.0
-8.0,120.0,-67.0,-153.0,13.0,701.0,102.0,441.0,-105.0,183.0
-38.0,93.0,-20.0,26.0,-128.0,594.0,-3.0,362.0,-93.0,191.0
-61.0,129.0,-26.0,38.0,-5.0,313.0,-49.0,240.0,-72.0,173.0
-69.0,53.0,-72.0,-27.0,53.0,272.0,9.0,109.0,-62.0,147.0
-91.0,501.0,-79.0,-245.0,-68.0,278.0,115.0,127.0,-80.0,143.0
-86.0,307.0,-80.0,-555.0,-143.0,183.0,245.0,112.0,-86.0,124.0
-93.0,3.0,-19.0,-710.0,-120.0,141.0,324.0,354.0,-63.0,76.0
-78.0,38.0,-39.0,-605.0,-62.0,235.0,422.0,452.0,-33.0,45.0
-62.0,-173.0,-86.0,-224.0,-16.0,350.0,615.0,284.0,-33.0,20.0
-57.0,-153.0,-46.0,133.0,-65.0,160.0,668.0,127.0,-20.0,-12.0
-49.0,-55.0,-45.0,247.0,-76.0,-79.0,596.0,144.0,8.0,-27.0
-50.0,3.0,-60.0,307.0,-23.0,65.0,596.0,330.0,28.0,-26.0
-44.0,40.0,-124.0,262.0,-57.0,313.0,710.0,262.0,39.0,-35.0
-61.0,88.0,-111.0,25.0,-102.0,109.0,725.0,238.0,47.0,-51.0
-45.0,398.0,-115.0,-235.0,-61.0,-118.0,659.0,147.0,51.0,-52.0
-37.0,179.0,-142.0,-283.0,33.0,-7.0,504.0,-16.0,35.0,-35.0
-56.0,-124.0,-125.0,-104.0,127.0,81.0,237.0,44.0,18.0,-22.0
-65.0,365.0,-167.0,84.0,175.0,37.0,121.0,103.0,1.0,-7.0
-65.0,17.0,-116.0,88.0,96.0,38.0,179.0,312.0,-18.0,33.0
-65.0,-329.0,-113.0,-67.0,116.0,213.0,291.0,397.0,-32.0,63.0
-49.0,-186.0,-158.0,-241.0,134.0,318.0,381.0,382.0,-40.0,82.0
-27.0,-226.0,-151.0,-294.0,2.0,207.0,472.0,273.0,-47.0,112.0
-12.0,-200.0,-181.0,-267.0,-58.0,259.0,413.0,-5.0,-44.0,131.0
12.0,-439.0,-185.0,-346.0,-72.0,600.0,210.0,-73.0,-39.0,133.0
24.0,-296.0,-144.0,-313.0,-44.0,635.0,58.0,-153.0,-25.0,108.0
29.0,-175.0,-116.0,-180.0,-76.0,343.0,-75.0,-48.0,5.0,85.0
14.0,153.0,-174.0,-95.0,-101.0,229.0,-172.0,40.0,4.0,73.0
29.0,208.0,-218.0,-6.0,-22.0,215.0,-166.0,171.0,-1.0,48.0
59.0,168.0,-167.0,-16.0,-19.0,82.0,-49.0,489.0,1.0,24.0
69.0,615.0,-124.0,-113.0,-82.0,16.0,54.0,480.0,8.0,16.0
88.0,125.0,-111.0,-166.0,-124.0,123.0,68.0,436.0,12.0,0.0
110.0,-39.0,-109.0,-154.0,-59.0,251.0,-61.0,284.0,12.0,-16.0
112.0,87.0,-84.0,-165.0,107.0,256.0,-151.0,234.0,34.0,-32.0
89.0,-302.0,-69.0,-157.0,105.0,126.0,57.0,114.0,50.0,-65.0
84.0,-255.0,-65.0,-79.0,41.0,94.0,456.0,-171.0,58.0,-97.0
80.0,31.0,-63.0,55.0,100.0,-69.0,798.0,-138.0,35.0,-132.0
90.0,2.0,-61.0,17.0,111.0,-160.0,934.0,-155.0,-5.0,-134.0
115.0,27.0,-29.0,-179.0,102.0,106.0,959.0,-88.0,-27.0,-126.0
105.0,439.0,-63.0,-286.0,48.0,262.0,924.0,-107.0,-63.0,-142.0
125.0,549.0,-85.0,-245.0,-42.0,318.0,825.0,-120.0,-90.0,-136.0
135.0,376.0,-64.0,-91.0,-75.0,175.0,638.0,59.0,-123.0,-114.0
118.0,605.0,-103.0,-8.0,-51.0,8.0,352.0,210.0,-161.0,-95.0
109.0,491.0,-90.0,33.0,-41.0,210.0,24.0,338.0,-178.0,-93.0
82.0,-158.0,-69.0,-30.0,-99.0,388.0,-191.0,121.0,-200.0,-79.0
81.0,72.0,-123.0,-184.0,-70.0,335.0,-289.0,81.0,-191.0,-61.0
72.0,229.0,-72.0,-183.0,-26.0,358.0,-406.0,210.0,-189.0,-50.0
80.0,-177.0,-11.0,-55.0,-122.0,498.0,-520.0,127.0,-213.0,-36.0
92.0,-350.0,-51.0,55.0,-158.0,633.0,-570.0,-31.0,-220.0,-48.0
97.0,-447.0,-66.0,169.0,-126.0,636.0,-441.0,-269.0,-222.0,-59.0
96.0,-426.0,-63.0,169.0,-72.0,597.0,-171.0,-195.0,-238.0,-58.0
86.0,-754.0,-42.0,-76.0,6.0,555.0,113.0,-109.0,-241.0,-56.0
108.0,-581.0,0.0,-230.0,-19.0,265.0,227.0,-14.0,-228.0,-44.0
113.0,-155.0,16.0,-245.0,20.0,167.0,197.0,216.0,-205.0,-50.0
136.0,-191.0,14.0,-138.0,81.0,394.0,137.0,169.0,-180.0,-59.0
115.0,-126.0,23.0,37.0,87.0,528.0,45.0,127.0,-178.0,-39.0
109.0,-141.0,-9.0,110.0,85.0,484.0,75.0,110.0,-160.0,-25.0
118.0,82.0,-5.0,34.0,107.0,486.0,229.0,116.0,-131.0,-38.0
103.0,142.0,29.0,-287.0,183.0,661.0,414.0,-5.0,-113.0,-28.0
91.0,-107.0,14.0,-522.0,142.0,624.0,408.0,-162.0,-107.0,-13.0
77.0,-313.0,39.0,-512.0,73.0,432.0,269.0,-123.0,-121.0,0.0
103.0,-317.0,36.0,-345.0,11.0,444.0,133.0,-282.0,-113.0,35.0
97.0,-142.0,26.0,-33.0,-7.0,572.0,56.0,-253.0,-96.0,47.0
108.0,-158.0,45.0,260.0,29.0,549.0,118.0,-77.0,-66.0,70.0
79.0,-130.0,34.0,342.0,-55.0,387.0,107.0,72.0,-20.0,88.0
62.0,-193.0,10.0,186.0,-82.0,298.0,-51.0,129.0,1.0,95.0
47.0,80.0,0.0,-56.0,5.0,500.0,-180.0,-107.0,-4.0,111.0
58.0,343.0,0.0,-315.0,-51.0,772.0,-88.0,-77.0,0.0,118.0
98.0,-94.0,4.0,-453.0,-121.0,694.0,12.0,-60.0,4.0,126.0
80.0,84.0,22.0,-453.0,-91.0,514.0,-54.0,-184.0,12.0,129.0
112.0,628.0,28.0,-379.0,-77.0,354.0,-235.0,-328.0,25.0,140.0
82.0,242.0,0.0,-259.0,-71.0,88.0,-336.0,-436.0,0.0,123.0
77.0,-4.0,27.0,-199.0,-100.0,-14.0,-183.0,-175.0,-20.0,98.0
57.0,375.0,51.0,-177.0,-52.0,260.0,28.0,49.0,-41.0,74.0
46.0,399.0,31.0,-134.0,42.0,482.0,149.0,44.0,-66.0,38.0
46.0,464.0,74.0,-42.0,47.0,310.0,200.0,-295.0,-89.0,34.0
21.0,412.0,47.0,48.0,7.0,49.0,314.0,-471.0,-95.0,50.0
39.0,222.0,38.0,62.0,12.0,53.0,333.0,-258.0,-80.0,69.0
5.0,383.0,53.0,-83.0,22.0,128.0,223.0,-110.0,-94.0,84.0
9.0,337.0,63.0,-269.0,-10.0,-35.0,266.0,12.0,-88.0,91.0
4.0,114.0,75.0,-446.0,63.0,-196.0,484.0,-38.0,-81.0,108.0
30.0,-40.0,53.0,-629.0,80.0,-162.0,605.0,25.0,-86.0,140.0
30.0,141.0,93.0,-546.0,43.0,-100.0,434.0,16.0,-88.0,154.0
25.0,-52.0,50.0,-291.0,59.0,-356.0,215.0,-210.0,-113.0,152.0
44.0,-372.0,26.0,20.0,-5.0,-603.0,198.0,-197.0,-127.0,158.0
40.0,-376.0,59.0,308.0,-10.0,-355.0,322.0,-51.0,-128.0,168.0
47.0,-642.0,60.0,442.0,-26.0,-8.0,350.0,192.0,-115.0,174.0
32.0,-664.0,58.0,429.0,8.0,54.0,260.0,48.0,-93.0,172.0
64.0,-838.0,16.0,110.0,15.0,-34.0,115.0,-194.0,-75.0,174.0
66.0,-972.0,-7.0,-279.0,-99.0,-80.0,-74.0,-206.0,-91.0,168.0
75.0,-791.0,-14.0,-466.0,47.0,-130.0,-296.0,-356.0,-130.0,157.0
35.0,-780.0,-28.0,-484.0,96.0,-130.0,-564.0,-413.0,-141.0,143.0
25.0,-888.0,-45.0,-284.0,-10.0,37.0,-808.0,-515.0,-138.0,119.0
50.0,-738.0,-10.0,-69.0,27.0,251.0,-943.0,-345.0,-130.0,105.0
42.0,-454.0,-29.0,-72.0,27.0,236.0,-906.0,-70.0,-128.0,93.0
58.0,-278.0,-91.0,-206.0,12.0,89.0,-735.0,-5.0,-112.0,83.0
47.0,105.0,-72.0,-328.0,-37.0,61.0,-436.0,40.0,-92.0,89.0
89.0,238.0,-84.0,-337.0,-43.0,201.0,-57.0,-153.0,-74.0,95.0
91.0,382.0,-123.0,-162.0,93.0,278.0,325.0,-216.0,-61.0,101.0
94.0,615.0,-120.0,183.0,123.0,12.0,613.0,-284.0,-80.0,108.0
114.0,554.0,-99.0,422.0,27.0,-271.0,710.0,-388.0,-73.0,111.0
131.0,488.0,-96.0,366.0,83.0,-379.0,610.0,-327.0,-42.0,116.0
145.0,593.0,-94.0,51.0,85.0,-332.0,468.0,-194.0,5.0,126.0
135.0,541.0,-95.0,-325.0,27.0,-246.0,493.0,44.0,34.0,127.0
124.0,289.0,-85.0,-546.0,111.0,-197.0,556.0,-11.0,25.0,127.0
106.0,383.0,-101.0,-566.0,82.0,-149.0,459.0,-133.0,20.0,141.0
126.0,384.0,-129.0,-364.0,11.0,-203.0,133.0,-254.0,3.0,142.0
119.0,442.0,-90.0,-203.0,52.0,-328.0,-232.0,-293.0,16.0,139.0
104.0,380.0,-97.0,-88.0,69.0,-392.0,-411.0,-112.0,36.0,153.0
95.0,193.0,-112.0,-62.0,-7.0,-308.0,-331.0,-168.0,40.0,142.0
93.0,424.0,-95.0,-169.0,-50.0,-169.0,-110.0,-229.0,33.0,124.0
84.0,319.0,-101.0,-233.0,-84.0,17.0,46.0,-369.0,27.0,124.0
64.0,171.0,-73.0,-294.0,-109.0,-1.0,199.0,-482.0,34.0,121.0
50.0,40.0,-27.0,-264.0,-49.0,-304.0,238.0,-358.0,25.0,120.0
51.0,37.0,-45.0,-268.0,-80.0,-507.0,88.0,-306.0,34.0,97.0
45.0,32.0,-70.0,-197.0,-138.0,-376.0,-39.0,-197.0,35.0,99.0
40.0,-373.0,-57.0,-51.0,-56.0,-122.0,4.0,-51.0,-2.0,113.0
40.0,-470.0,-75.0,90.0,0.0,-91.0,23.0,181.0,-31.0,85.0
22.0,-461.0,-43.0,153.0,-50.0,-190.0,-180.0,155.0,-65.0,57.0
29.0,-474.0,-64.0,64.0,4.0,-232.0,-345.0,-140.0,-102.0,29.0
1.0,-629.0,-121.0,31.0,10.0,-179.0,-263.0,-388.0,-140.0,14.0
20.0,-606.0,-91.0,-65.0,-64.0,-219.0,-104.0,-641.0,-196.0,-3.0
37.0,-264.0,-45.0,-177.0,31.0,-158.0,-93.0,-535.0,-239.0,-27.0
27.0,-35.0,-18.0,-279.0,104.0,-20.0,-192.0,-448.0,-270.0,-32.0
36.0,70.0,-27.0,-314.0,41.0,-159.0,-219.0,-267.0,-294.0,-11.0
40.0,221.0,-8.0,-294.0,102.0,-370.0,19.0,133.0,-302.0,20.0
44.0,559.0,-28.0,-307.0,145.0,-406.0,411.0,236.0,-310.0,59.0
40.0,602.0,-25.0,-324.0,9.0,-242.0,638.0,254.0,-308.0,102.0
68.0,748.0,-28.0,-280.0,1.0,-187.0,584.0,205.0,-280.0,117.0
60.0,620.0,-83.0,-186.0,13.0,-277.0,393.0,120.0,-262.0,130.0
59.0,166.0,-90.0,-181.0,-2.0,-317.0,227.0,-177.0,-257.0,151.0
38.0,72.0,-83.0,-161.0,43.0,-325.0,98.0,-508.0,-228.0,169.0
29.0,-203.0,-96.0,-269.0,-37.0,-486.0,24.0,-569.0,-208.0,158.0
29.0,-682.0,-99.0,-462.0,-155.0,-751.0,-54.0,-535.0,-167.0,135.0
16.0,-895.0,-80.0,-439.0,-60.0,-725.0,-112.0,-341.0,-123.0,121.0
24.0,-560.0,-111.0,-209.0,77.0,-456.0,-137.0,-330.0,-74.0,94.0
4.0,-550.0,-93.0,64.0,-15.0,-357.0,-182.0,-247.0,-26.0,59.0
6.0,-639.0,-46.0,217.0,11.0,-640.0,-344.0,20.0,-2.0,51.0
-16.0,-379.0,-58.0,199.0,56.0,-836.0,-576.0,20.0,43.0,71.0
-31.0,11.0,-88.0,90.0,-50.0,-640.0,-648.0,-188.0,72.0,82.0
-51.0,339.0,-152.0,-37.0,8.0,-339.0,-528.0,-489.0,74.0,107.0
-49.0,257.0,-176.0,-107.0,0.0,-276.0,-244.0,-301.0,47.0,134.0
-19.0,637.0,-112.0,25.0,-73.0,-386.0,29.0,90.0,14.0,146.0
-18.0,780.0,-98.0,117.0,23.0,-281.0,191.0,62.0,13.0,139.0
-12.0,537.0,-127.0,17.0,-20.0,-179.0,196.0,-101.0,29.0,122.0
0.0,694.0,-129.0,-173.0,-157.0,-306.0,107.0,-489.0,46.0,130.0
13.0,803.0,-170.0,-433.0,-26.0,-415.0,143.0,-827.0,72.0,120.0
21.0,464.0,-172.0,-608.0,-7.0,-500.0,291.0,-862.0,96.0,112.0
38.0,181.0,-148.0,-628.0,-110.0,-678.0,337.0,-606.0,84.0,133.0
43.0,-87.0,-177.0,-410.0,-51.0,-859.0,118.0,-151.0,87.0,139.0
56.0,-890.0,-165.0,-11.0,-107.0,-719.0,-232.0,114.0,92.0,140.0
61.0,-1115.0,-118.0,290.0,-94.0,-310.0,-466.0,219.0,61.0,138.0
99.0,-1200.0,-101.0,397.0,12.0,-320.0,-450.0,12.0,13.0,130.0
109.0,-1299.0,-42.0,312.0,-59.0,-475.0,-319.0,-192.0,-51.0,138.0
97.0,-987.0,-56.0,91.0,-55.0,-470.0,-245.0,-230.0,-72.0,143.0
118.0,-792.0,-85.0,-79.0,59.0,-549.0,-291.0,-186.0,-40.0,147.0
103.0,-769.0,4.0,-101.0,25.0,-676.0,-292.0,-14.0,-38.0,146.0
116.0,-556.0,5.0,-78.0,27.0,-888.0,-85.0,-168.0,-61.0,128.0
107.0,198.0,11.0,-117.0,104.0,-746.0,176.0,-186.0,-73.0,124.0
120.0,462.0,19.0,-141.0,110.0,-508.0,308.0,-112.0,-90.0,123.0
147.0,458.0,-4.0,-90.0,164.0,-582.0,282.0,-282.0,-84.0,128.0
163.0,792.0,50.0,20.0,168.0,-753.0,246.0,-454.0,-72.0,141.0
164.0,1104.0,70.0,109.0,87.0,-897.0,236.0,-524.0,-69.0,132.0
157.0,1192.0,107.0,51.0,97.0,-802.0,238.0,-304.0,-50.0,130.0
187.0,885.0,70.0,-74.0,123.0,-749.0,161.0,-31.0,-35.0,120.0
166.0,407.0,7.0,-143.0,-43.0,-816.0,21.0,236.0,-29.0,75.0
147.0,-35.0,36.0,-72.0,-150.0,-805.0,-90.0,129.0,-32.0,21.0
131.0,-276.0,-4.0,152.0,-31.0,-773.0,-182.0,-110.0,-24.0,-30.0
132.0,-367.0,-16.0,355.0,-126.0,-608.0,-177.0,-24.0,-23.0,-90.0
138.0,-559.0,-5.0,301.0,-139.0,-366.0,-138.0,-114.0,-13.0,-150.0
121.0,-648.0,-31.0,135.0,-3.0,-396.0,-101.0,-230.0,1.0,-191.0
138.0,-540.0,-26.0,17.0,-137.0,-555.0,-153.0,-461.0,-14.0,-201.0
133.0,-664.0,-15.0,-131.0,-76.0,-511.0,-286.0,-631.0,-16.0,-194.0
120.0,-483.0,-23.0,-167.0,46.0,-478.0,-386.0,-399.0,-2.0,-191.0
110.0,12.0,-25.0,-27.0,-50.0,-579.0,-375.0,-105.0,19.0,-175.0
100.0,215.0,-12.0,137.0,-19.0,-476.0,-261.0,145.0,34.0,-126.0
97.0,273.0,-29.0,208.0,108.0,-366.0,-193.0,94.0,65.0,-87.0
76.0,-4.0,-28.0,109.0,76.0,-523.0,-212.0,-164.0,107.0,-58.0
78.0,-203.0,16.0,-176.0,23.0,-735.0,-325.0,-323.0,141.0,-34.0
61.0,-112.0,16.0,-373.0,62.0,-837.0,-321.0,-404.0,174.0,-23.0
54.0,-115.0,-22.0,-397.0,-2.0,-738.0,-252.0,-399.0,161.0,-22.0
43.0,-150.0,-68.0,-411.0,58.0,-776.0,-314.0,-345.0,175.0,-17.0
3.0,-306.0,-69.0,-407.0,66.0,-830.0,-446.0,-84.0,182.0,1.0
11.0,32.0,-61.0,-234.0,-89.0,-615.0,-501.0,88.0,154.0,0.0
9.0,577.0,-16.0,28.0,45.0,-352.0,-392.0,123.0,141.0,-6.0
23.0,625.0,28.0,193.0,165.0,-420.0,-278.0,177.0,128.0,-9.0
23.0,698.0,-53.0,314.0,4.0,-819.0,-251.0,-3.0,128.0,22.0
29.0,749.0,-1.0,213.0,-38.0,-792.0,-291.0,-92.0,114.0,46.0
27.0,394.0,25.0,72.0,23.0,-441.0,-296.0,-162.0,93.0,21.0
19.0,-83.0,5.0,31.0,-33.0,-352.0,-308.0,-75.0,61.0,34.0
29.0,-176.0,55.0,-131.0,40.0,-486.0,-369.0,208.0,37.0,33.0
10.0,-343.0,17.0,-247.0,-9.0,-473.0,-330.0,253.0,23.0,4.0
12.0,-232.0,75.0,-279.0,-135.0,-270.0,-183.0,227.0,-18.0,-6.0
1.0,-216.0,99.0,-249.0,100.0,-271.0,-97.0,59.0,-45.0,-13.0
10.0,-731.0,66.0,-101.0,126.0,-516.0,-15.0,-59.0,-67.0,-23.0
8.0,-581.0,60.0,84.0,-65.0,-594.0,198.0,-262.0,-90.0,-52.0
19.0,31.0,63.0,207.0,19.0,-473.0,402.0,-291.0,-116.0,-60.0
7.0,367.0,110.0,176.0,148.0,-549.0,596.0,-114.0,-132.0,-59.0
0.0,264.0,124.0,74.0,84.0,-657.0,751.0,-205.0,-140.0,-65.0
14.0,351.0,105.0,97.0,-7.0,-467.0,794.0,25.0,-131.0,-71.0
15.0,332.0,53.0,165.0,-14.0,-227.0,662.0,144.0,-100.0,-63.0
30.0,334.0,34.0,128.0,-33.0,-374.0,440.0,57.0,-67.0,-29.0
1.0,494.0,80.0,5.0,-1.0,-720.0,288.0,20.0,-46.0,-18.0
28.0,135.0,99.0,-128.0,-65.0,-703.0,119.0,-42.0,-39.0,-30.0
42.0,-177.0,69.0,-211.0,-232.0,-477.0,-79.0,18.0,2.0,-37.0
34.0,-440.0,82.0,-231.0,-57.0,-640.0,-344.0,-136.0,32.0,-49.0
18.0,-1017.0,84.0,-129.0,53.0,-755.0,-600.0,-260.0,64.0,-78.0
7.0,-1204.0,112.0,39.0,-175.0,-391.0,-732.0,-352.0,110.0,-107.0
4.0,-548.0,153.0,205.0,-95.0,-207.0,-749.0,-432.0,130.0,-128.0
-11.0,-262.0,119.0,342.0,60.0,-214.0,-860.0,-354.0,157.0,-177.0
-1.0,-225.0,98.0,348.0,-18.0,-269.0,-1069.0,-345.0,161.0,-233.0
-13.0,-212.0,117.0,254.0,-40.0,-364.0,-1110.0,-173.0,174.0,-251.0
-5.0,-364.0,130.0,48.0,-12.0,-329.0,-1093.0,66.0,201.0,-251.0
-29.0,14.0,77.0,-100.0,0.0,-300.0,-1064.0,236.0,226.0,-270.0
-42.0,579.0,49.0,-88.0,106.0,-356.0,-908.0,391.0,226.0,-264.0
-55.0,844.0,16.0,5.0,118.0,-400.0,-640.0,382.0,209.0,-205.0
-45.0,662.0,4.0,244.0,-123.0,-393.0,-447.0,221.0,179.0,-157.0
-30.0,763.0,0.0,408.0,18.0,-359.0,-289.0,-103.0,135.0,-135.0
-38.0,754.0,-31.0,381.0,238.0,-181.0,20.0,-205.0,124.0,-98.0
-24.0,464.0,-9.0,209.0,25.0,-83.0,333.0,-240.0,118.0,-48.0
-25.0,570.0,-66.0,-34.0,-15.0,-183.0,457.0,-325.0,135.0,-17.0
-17.0,388.0,-122.0,-285.0,152.0,-281.0,339.0,-131.0,141.0,7.0
-43.0,77.0,-67.0,-459.0,74.0,-229.0,185.0,-96.0,141.0,26.0
-44.0,-150.0,-17.0,-294.0,35.0,-125.0,164.0,22.0,162.0,32.0
-48.0,-69.0,-55.0,155.0,129.0,-108.0,192.0,206.0,159.0,43.0
-44.0,-49.0,-80.0,555.0,-69.0,-82.0,210.0,293.0,153.0,57.0
-47.0,-192.0,-65.0,602.0,52.0,-74.0,219.0,219.0,150.0,54.0
-46.0,-82.0,-92.0,422.0,161.0,-135.0,258.0,-84.0,156.0,44.0
-30.0,-453.0,-58.0,256.0,-164.0,-267.0,401.0,-27.0,153.0,37.0
-53.0,-557.0,-1.0,101.0,-48.0,-321.0,533.0,25.0,131.0,28.0
-48.0,-189.0,-15.0,-57.0,138.0,-342.0,473.0,116.0,96.0,34.0
-61.0,256.0,20.0,-176.0,9.0,-369.0,146.0,86.0,70.0,26.0
-44.0,310.0,34.0,-173.0,-23.0,-381.0,-285.0,-133.0,60.0,-6.0
-37.0,165.0,20.0,-133.0,-74.0,-296.0,-502.0,-29.0,42.0,-26.0
-61.0,505.0,23.0,-6.0,-111.0,-150.0,-584.0,33.0,24.0,-52.0
-55.0,411.0,-12.0,167.0,59.0,-171.0,-729.0,77.0,5.0,-69.0
-52.0,288.0,7.0,173.0,-108.0,-250.0,-975.0,-18.0,5.0,-86.0
-61.0,212.0,39.0,72.0,-288.0,-160.0,-1118.0,-29.0,20.0,-96.0
-81.0,-107.0,80.0,-145.0,-29.0,70.0,-1111.0,101.0,30.0,-86.0
-99.0,-168.0,73.0,-267.0,70.0,-54.0,-1104.0,7.0,28.0,-80.0
-83.0,-119.0,85.0,-117.0,-73.0,-157.0,-1072.0,-112.0,47.0,-60.0
-59.0,-142.0,108.0,103.0,-123.0,129.0,-932.0,-254.0,78.0,-30.0
-66.0,25.0,80.0,266.0,37.0,216.0,-566.0,-103.0,103.0,3.0
-92.0,-6.0,117.0,252.0,82.0,-28.0,-134.0,57.0,128.0,37.0
-129.0,-377.0,131.0,240.0,70.0,-113.0,235.0,64.0,125.0,73.0
-125.0,-500.0,151.0,224.0,10.0,123.0,498.0,97.0,140.0,106.0
-137.0,-414.0,144.0,133.0,-93.0,176.0,547.0,64.0,142.0,133.0
-134.0,-167.0,98.0,72.0,165.0,20.0,394.0,282.0,115.0,164.0
-124.0,14.0,109.0,-44.0,197.0,-150.0,169.0,291.0,122.0,182.0
-140.0,225.0,107.0,-120.0,-142.0,-47.0,84.0,140.0,132.0,157.0
-159.0,-25.0,64.0,-222.0,-118.0,113.0,162.0,99.0,125.0,113.0
-176.0,-354.0,116.0,-228.0,67.0,-79.0,331.0,-68.0,124.0,97.0
-157.0,-98.0,128.0,58.0,33.0,-301.0,497.0,-184.0,112.0,87.0
-157.0,71.0,117.0,356.0,-46.0,-373.0,568.0,-327.0,99.0,64.0
-132.0,200.0,199.0,404.0,-109.0,-259.0,539.0,-169.0,93.0,24.0
-105.0,194.0,148.0,183.0,-14.0,-254.0,467.0,62.0,72.0,3.0
-82.0,189.0,102.0,-49.0,130.0,-275.0,361.0,134.0,47.0,-11.0
-64.0,106.0,121.0,-164.0,-62.0,-100.0,215.0,225.0,13.0,-15.0
-61.0,256.0,98.0,-148.0,-154.0,-43.0,42.0,144.0,-21.0,-7.0
-60.0,431.0,124.0,12.0,82.0,-149.0,-122.0,256.0,-16.0,-30.0
-59.0,162.0,118.0,123.0,157.0,-245.0,-244.0,254.0,0.0,-45.0
-27.0,205.0,26.0,185.0,57.0,-295.0,-394.0,46.0,-5.0,-47.0
-22.0,51.0,-17.0,253.0,-17.0,-361.0,-603.0,-33.0,-18.0,-44.0
-17.0,-144.0,-1.0,262.0,22.0,-347.0,-832.0,51.0,-31.0,-68.0
-10.0,-37.0,16.0,203.0,157.0,-163.0,-875.0,188.0,-13.0,-107.0
13.0,-16.0,32.0,28.0,50.0,7.0,-786.0,-86.0,26.0,-145.0
37.0,-115.0,3.0,-108.0,-212.0,-110.0,-811.0,-299.0,54.0,-175.0
23.0,-255.0,-42.0,-145.0,-126.0,-315.0,-876.0,-349.0,97.0,-198.0
21.0,-253.0,-43.0,-104.0,104.0,-178.0,-804.0,-247.0,121.0,-228.0
24.0,-69.0,-52.0,96.0,37.0,166.0,-551.0,-35.0,130.0,-237.0
25.0,383.0,-45.0,332.0,-64.0,252.0,-274.0,-171.0,174.0,-249.0
14.0,643.0,-17.0,463.0,46.0,102.0,-82.0,-153.0,203.0,-232.0
8.0,448.0,-18.0,434.0,60.0,20.0,84.0,-73.0,234.0,-217.0
18.0,296.0,-5.0,376.0,29.0,41.0,272.0,38.0,261.0,-213.0
18.0,598.0,-1.0,339.0,4.0,127.0,397.0,134.0,264.0,-192.0
2.0,531.0,43.0,224.0,-113.0,202.0,458.0,60.0,294.0,-187.0
0.0,477.0,40.0,107.0,16.0,143.0,468.0,197.0,312.0,-157.0
22.0,655.0,41.0,-2.0,77.0,93.0,383.0,199.0,332.0,-131.0
26.0,181.0,90.0,-91.0,-102.0,300.0,356.0,171.0,360.0,-112.0
-6.0,-66.0,43.0,-141.0,-39.0,452.0,543.0,216.0,361.0,-79.0
0.0,-67.0,59.0,-75.0,106.0,418.0,792.0,243.0,371.0,-38.0
19.0,-98.0,111.0,96.0,58.0,438.0,831.0,203.0,338.0,1.0
9.0,-475.0,106.0,252.0,-30.0,551.0,744.0,-79.0,262.0,11.0
1.0,-687.0,110.0,406.0,-55.0,567.0,621.0,-131.0,203.0,19.0
1.0,-586.0,91.0,410.0,16.0,398.0,390.0,-81.0,138.0,29.0
17.0,-958.0,73.0,290.0,143.0,221.0,93.0,-22.0,106.0,32.0
10.0,-802.0,132.0,77.0,80.0,217.0,-120.0,75.0,91.0,25.0
5.0,-332.0,163.0,-129.0,-2.0,444.0,-224.0,24.0,64.0,6.0
13.0,19.0,136.0,-186.0,57.0,523.0,-376.0,107.0,54.0,0.0
22.0,318.0,141.0,-117.0,69.0,451.0,-619.0,121.0,51.0,-6.0
23.0,409.0,96.0,83.0,-31.0,419.0,-828.0,99.0,43.0,-12.0
14.0,344.0,65.0,144.0,-111.0,386.0,-793.0,77.0,19.0,7.0
14.0,333.0,85.0,59.0,0.0,246.0,-586.0,40.0,10.0,17.0
9.0,669.0,65.0,27.0,39.0,137.0,-383.0,219.0,13.0,33.0
2.0,586.0,58.0,84.0,-46.0,340.0,-311.0,277.0,-1.0,55.0
-28.0,265.0,106.0,131.0,-80.0,467.0,-419.0,175.0,-18.0,84.0
-34.0,306.0,102.0,189.0,6.0,310.0,-490.0,-70.0,-24.0,138.0
-18.0,192.0,74.0,237.0,147.0,53.0,-426.0,-253.0,-20.0,154.0
-40.0,95.0,105.0,210.0,89.0,169.0,-372.0,-269.0,-18.0,175.0
-50.0,360.0,114.0,223.0,-74.0,452.0,-398.0,-216.0,-27.0,186.0
-33.0,253.0,135.0,195.0,-54.0,321.0,-331.0,35.0,-36.0,179.0
-10.0,31.0,167.0,145.0,66.0,150.0,-145.0,173.0,-36.0,159.0
-16.0,-13.0,145.0,91.0,14.0,287.0,68.0,306.0,-34.0,134.0
-38.0,-391.0,126.0,105.0,-28.0,433.0,268.0,214.0,-36.0,133.0
-39.0,-628.0,101.0,215.0,59.0,174.0,444.0,-12.0,-20.0,114.0
-29.0,-557.0,100.0,262.0,133.0,-7.0,606.0,68.0,21.0,129.0
-45.0,-375.0,172.0,155.0,152.0,315.0,732.0,118.0,54.0,175.0
-58.0,-379.0,146.0,24.0,32.0,559.0,778.0,73.0,85.0,227.0
-41.0,-23.0,92.0,-10.0,-30.0,292.0,707.0,-162.0,91.0,280.0
-27.0,416.0,88.0,75.0,119.0,89.0,606.0,-103.0,108.0,334.0
-12.0,-46.0,54.0,337.0,111.0,321.0,381.0,157.0,177.0,371.0
-24.0,-182.0,93.0,487.0,-123.0,527.0,43.0,35.0,207.0,385.0
-5.0,117.0,87.0,350.0,-179.0,611.0,-230.0,-169.0,201.0,404.0
-7.0,-116.0,87.0,44.0,-50.0,631.0,-345.0,-314.0,175.0,424.0
-34.0,-377.0,125.0,-227.0,-19.0,600.0,-402.0,-166.0,144.0,427.0
-50.0,-121.0,83.0,-286.0,-210.0,463.0,-556.0,-97.0,141.0,392.0
-76.0,-162.0,62.0,-113.0,-293.0,315.0,-687.0,-40.0,125.0,379.0
-49.0,-345.0,81.0,164.0,-101.0,404.0,-713.0,94.0,73.0,391.0
-57.0,-260.0,115.0,265.0,49.0,579.0,-512.0,-46.0,33.0,381.0
-61.0,-594.0,79.0,121.0,-3.0,628.0,-254.0,-9.0,17.0,353.0
-49.0,-411.0,98.0,-12.0,-116.0,473.0,-155.0,-105.0,-13.0,354.0
-27.0,91.0,115.0,73.0,72.0,307.0,-112.0,-92.0,-39.0,369.0
14.0,37.0,81.0,119.0,279.0,329.0,34.0,210.0,-62.0,377.0
5.0,129.0,123.0,20.0,170.0,504.0,364.0,234.0,-78.0,399.0
20.0,411.0,73.0,-42.0,74.0,552.0,574.0,175.0,-68.0,404.0
42.0,438.0,37.0,-117.0,162.0,390.0,497.0,88.0,-57.0,390.0
57.0,415.0,21.0,-121.0,259.0,277.0,309.0,194.0,-51.0,345.0
62.0,615.0,10.0,44.0,184.0,164.0,201.0,323.0,-42.0,318.0
67.0,368.0,61.0,261.0,29.0,121.0,150.0,253.0,-15.0,269.0
82.0,455.0,67.0,288.0,-44.0,255.0,171.0,24.0,2.0,191.0
61.0,798.0,39.0,200.0,128.0,330.0,227.0,-260.0,9.0,127.0
59.0,344.0,-10.0,143.0,110.0,359.0,200.0,-210.0,22.0,71.0
64.0,295.0,-16.0,74.0,-209.0,450.0,141.0,-57.0,42.0,58.0
54.0,488.0,-41.0,145.0,-162.0,541.0,75.0,182.0,74.0,12.0
31.0,312.0,-75.0,311.0,7.0,588.0,17.0,247.0,94.0,-39.0
0.0,4.0,-86.0,294.0,32.0,623.0,-29.0,140.0,115.0,-53.0
-9.0,-124.0,-105.0,55.0,-84.0,586.0,-10.0,247.0,117.0,-49.0
-27.0,-128.0,-105.0,-94.0,-155.0,287.0,-47.0,273.0,140.0,-53.0
-39.0,-250.0,-135.0,-21.0,71.0,-92.0,-130.0,299.0,178.0,-69.0
-38.0,-436.0,-152.0,190.0,96.0,-253.0,-225.0,186.0,189.0,-46.0
-48.0,-709.0,-157.0,420.0,-76.0,-109.0,-281.0,90.0,201.0,-35.0
-56.0,-884.0,-134.0,469.0,-77.0,244.0,-181.0,-29.0,169.0,-18.0
-64.0,-873.0,-112.0,325.0,51.0,450.0,-35.0,-351.0,168.0,-7.0
-76.0,-397.0,-121.0,-10.0,141.0,381.0,91.0,-277.0,168.0,-16.0
-80.0,23.0,-66.0,-280.0,63.0,291.0,68.0,-125.0,143.0,-21.0
-86.0,395.0,-94.0,-235.0,-116.0,335.0,-6.0,29.0,144.0,-16.0
-78.0,609.0,-146.0,-9.0,-4.0,369.0,-105.0,42.0,121.0,3.0
-66.0,494.0,-13.0,219.0,209.0,439.0,-266.0,-171.0,124.0,17.0
-56.0,219.0,29.0,284.0,-16.0,571.0,-411.0,-92.0,117.0,48.0
-46.0,-58.0,-18.0,220.0,-157.0,492.0,-546.0,-7.0,104.0,94.0
-63.0,109.0,17.0,147.0,-72.0,232.0,-644.0,157.0,98.0,145.0
-62.0,-144.0,-30.0,105.0,-16.0,62.0,-629.0,214.0,86.0,173.0
-50.0,-233.0,-47.0,85.0,-53.0,192.0,-452.0,188.0,91.0,204.0
-59.0,-428.0,-37.0,54.0,-175.0,363.0,-275.0,360.0,78.0,217.0
-64.0,-526.0,-102.0,99.0,-58.0,343.0,-53.0,365.0,65.0,202.0
-70.0,5.0,-66.0,281.0,101.0,330.0,169.0,395.0,44.0,188.0
-72.0,-281.0,-72.0,375.0,51.0,233.0,269.0,240.0,25.0,169.0
-61.0,-186.0,-131.0,300.0,-101.0,-59.0,311.0,24.0,4.0,140.0
-59.0,323.0,-79.0,76.0,-14.0,-146.0,368.0,-105.0,-15.0,97.0
-62.0,330.0,-79.0,-149.0,161.0,110.0,386.0,-421.0,-32.0,88.0
-61.0,285.0,-96.0,-159.0,71.0,327.0,164.0,-604.0,-53.0,64.0
-54.0,464.0,-73.0,-148.0,-34.0,246.0,-154.0,-419.0,-58.0,51.0
-58.0,525.0,-105.0,-44.0,-15.0,-45.0,-345.0,177.0,-76.0,68.0
-69.0,37.0,-107.0,240.0,51.0,-124.0,-308.0,388.0,-90.0,69.0
-68.0,-196.0,-64.0,390.0,28.0,45.0,-177.0,153.0,-99.0,89.0
-67.0,-127.0,-58.0,329.0,-61.0,91.0,-170.0,-36.0,-100.0,92.0
-57.0,-179.0,-49.0,217.0,-111.0,60.0,-243.0,-84.0,-89.0,95.0
-51.0,259.0,-51.0,62.0,-20.0,191.0,-212.0,155.0,-81.0,115.0
-35.0,718.0,-87.0,-20.0,29.0,190.0,-4.0,105.0,-79.0,105.0
-38.0,321.0,-27.0,59.0,-136.0,-11.0,197.0,53.0,-69.0,82.0
-54.0,219.0,11.0,225.0,-162.0,-104.0,257.0,42.0,-67.0,63.0
-72.0,282.0,-17.0,372.0,46.0,79.0,311.0,-133.0,-59.0,36.0
-90.0,84.0,-19.0,339.0,101.0,423.0,474.0,-101.0,-44.0,11.0
-92.0,-177.0,-39.0,190.0,-57.0,388.0,548.0,-46.0,-65.0,-10.0
-102.0,-455.0,-11.0,-86.0,-59.0,228.0,431.0,221.0,-67.0,-38.0
-94.0,-459.0,19.0,-411.0,40.0,189.0,249.0,310.0,-50.0,-84.0
-95.0,-748.0,3.0,-539.0,65.0,306.0,176.0,145.0,-53.0,-117.0
-80.0,-390.0,-6.0,-340.0,-30.0,529.0,182.0,88.0,-48.0,-132.0
-88.0,-94.0,-19.0,-4.0,-121.0,415.0,129.0,31.0,-33.0,-167.0
-105.0,-87.0,-19.0,255.0,5.0,251.0,-7.0,266.0,-17.0,-219.0
-93.0,331.0,31.0,449.0,118.0,195.0,-170.0,471.0,12.0,-280.0
-85.0,155.0,-12.0,387.0,24.0,149.0,-257.0,554.0,48.0,-310.0
-62.0,255.0,-96.0,230.0,-79.0,66.0,-380.0,493.0,78.0,-309.0
-42.0,119.0,-55.0,171.0,80.0,202.0,-634.0,328.0,107.0,-307.0
-23.0,-30.0,-34.0,124.0,224.0,340.0,-974.0,319.0,99.0,-290.0
-19.0,441.0,-69.0,86.0,87.0,82.0,-1220.0,177.0,87.0,-280.0
-13.0,175.0,-37.0,-11.0,-22.0,-121.0,-1249.0,73.0,94.0,-261.0
-17.0,-136.0,-61.0,-76.0,3.0,-155.0,-1168.0,-68.0,99.0,-208.0
-20.0,64.0,-194.0,-115.0,53.0,58.0,-1153.0,-138.0,109.0,-189.0
-29.0,11.0,-145.0,-136.0,63.0,401.0,-1153.0,-164.0,98.0,-199.0
-22.0,-220.0,-116.0,-106.0,-42.0,630.0,-957.0,-325.0,85.0,-192.0
-30.0,-193.0,-126.0,-173.0,-97.0,500.0,-621.0,-192.0,36.0,-182.0
-53.0,-58.0,-118.0,-224.0,18.0,135.0,-260.0,25.0,-3.0,-184.0
-41.0,116.0,-208.0,-186.0,-9.0,87.0,16.0,397.0,-6.0,-209.0
-52.0,151.0,-165.0,-76.0,-185.0,184.0,274.0,585.0,-45.0,-226.0
-42.0,140.0,-174.0,92.0,-211.0,221.0,646.0,384.0,-61.0,-222.0
-41.0,251.0,-198.0,58.0,-76.0,187.0,1062.0,275.0,-98.0,-219.0
-25.0,301.0,-152.0,-52.0,-17.0,150.0,1304.0,88.0,-128.0,-215.0
-22.0,156.0,-157.0,-152.0,-110.0,93.0,1246.0,1.0,-106.0,-187.0
-27.0,-178.0,-188.0,-159.0,-118.0,-81.0,1027.0,-83.0,-119.0,-152.0
-11.0,-192.0,-162.0,93.0,-11.0,-68.0,785.0,-162.0,-121.0,-123.0
-19.0,-55.0,-104.0,180.0,45.0,322.0,624.0,-92.0,-97.0,-82.0
-33.0,13.0,-80.0,47.0,-69.0,536.0,503.0,-16.0,-79.0,-47.0
-56.0,-226.0,-82.0,-159.0,-171.0,95.0,336.0,293.0,-56.0,-25.0
-73.0,-580.0,-116.0,-369.0,-21.0,-330.0,49.0,570.0,-21.0,-31.0
-101.0,-432.0,-47.0,-388.0,63.0,-233.0,-274.0,768.0,-7.0,-25.0
-122.0,-113.0,-42.0,-186.0,-30.0,-67.0,-492.0,670.0,-2.0,-11.0
-133.0,-179.0,-58.0,233.0,-117.0,-37.0,-637.0,415.0,17.0,-57.0
-135.0,-222.0,-25.0,536.0,-93.0,78.0,-757.0,543.0,4.0,-117.0
-140.0,170.0,-77.0,487.0,-5.0,298.0,-935.0,532.0,11.0,-153.0
-135.0,-81.0,-143.0,139.0,-91.0,258.0,-1119.0,360.0,38.0,-193.0
-145.0,-152.0,-105.0,-266.0,-214.0,-63.0,-1141.0,118.0,57.0,-258.0
-141.0,217.0,-40.0,-379.0,-57.0,-62.0,-948.0,-83.0,94.0,-304.0
-138.0,-8.0,-62.0,-192.0,115.0,281.0,-749.0,-223.0,116.0,-313.0
-146.0,-22.0,-39.0,111.0,-39.0,499.0,-629.0,-332.0,102.0,-325.0
-148.0,116.0,-64.0,266.0,-65.0,252.0,-597.0,-92.0,79.0,-314.0
-156.0,33.0,-52.0,174.0,135.0,8.0,-601.0,25.0,67.0,-286.0
-127.0,89.0,-37.0,14.0,162.0,135.0,-547.0,123.0,48.0,-286.0
-124.0,357.0,-43.0,-85.0,106.0,100.0,-487.0,194.0,37.0,-269.0
-80.0,187.0,0.0,-93.0,23.0,53.0,-322.0,168.0,25.0,-245.0
-70.0,127.0,-35.0,-75.0,-5.0,197.0,-71.0,304.0,0.0,-219.0
-55.0,305.0,-46.0,-30.0,119.0,287.0,158.0,277.0,-19.0,-180.0
-30.0,-139.0,-28.0,23.0,118.0,-60.0,251.0,343.0,-27.0,-175.0
-24.0,-206.0,-46.0,-19.0,-25.0,-472.0,269.0,375.0,-57.0,-164.0
-9.0,-38.0,-73.0,-84.0,21.0,-300.0,375.0,419.0,-82.0,-149.0
-16.0,-370.0,-83.0,-145.0,94.0,64.0,613.0,476.0,-87.0,-157.0
1.0,-833.0,-89.0,-199.0,-9.0,79.0,841.0,338.0,-110.0,-168.0
-31.0,-917.0,-24.0,-255.0,-184.0,-216.0,895.0,371.0,-128.0,-161.0
-42.0,-498.0,-10.0,-294.0,-206.0,-215.0,906.0,288.0,-149.0,-130.0
-57.0,-239.0,-40.0,-259.0,-48.0,-206.0,953.0,280.0,-178.0,-110.0
-38.0,58.0,1.0,-159.0,22.0,-276.0,980.0,352.0,-189.0,-97.0
-36.0,514.0,-33.0,40.0,-107.0,-89.0,751.0,391.0,-181.0,-58.0
-23.0,796.0,-57.0,155.0,-260.0,108.0,340.0,515.0,-175.0,-18.0
-10.0,718.0,0.0,153.0,-54.0,146.0,-95.0,421.0,-191.0,17.0
-50.0,418.0,16.0,89.0,122.0,-16.0,-417.0,304.0,-201.0,59.0
-54.0,400.0,-22.0,-65.0,-14.0,-61.0,-569.0,40.0,-200.0,63.0
-83.0,284.0,9.0,-121.0,-60.0,-21.0,-733.0,-145.0,-190.0,59.0
-69.0,162.0,7.0,-43.0,46.0,99.0,-904.0,-168.0,-177.0,88.0
-89.0,0.0,-14.0,-64.0,129.0,185.0,-1115.0,20.0,-175.0,115.0
-58.0,-272.0,30.0,-206.0,67.0,50.0,-1249.0,582.0,-177.0,108.0
-38.0,-50.0,5.0,-251.0,30.0,-237.0,-1253.0,678.0,-167.0,88.0
-11.0,310.0,-10.0,-197.0,68.0,-456.0,-1079.0,539.0,-156.0,80.0
-1.0,471.0,-27.0,-97.0,137.0,-195.0,-746.0,323.0,-140.0,77.0
-41.0,232.0,-35.0,76.0,26.0,118.0,-390.0,11.0,-107.0,59.0
-22.0,-205.0,2.0,319.0,-207.0,80.0,-1.0,-44.0,-90.0,13.0
-43.0,-238.0,-36.0,457.0,-99.0,-57.0,391.0,-223.0,-75.0,-49.0
-6.0,-391.0,-64.0,363.0,64.0,0.0,672.0,-343.0,-52.0,-101.0
0.0,-684.0,18.0,179.0,24.0,24.0,766.0,-299.0,-53.0,-131.0
19.0,-589.0,38.0,8.0,-61.0,-18.0,846.0,153.0,-68.0,-161.0
27.0,-618.0,10.0,-116.0,-74.0,124.0,900.0,609.0,-76.0,-191.0
16.0,-429.0,37.0,-50.0,104.0,201.0,916.0,546.0,-78.0,-215.0
12.0,-382.0,-13.0,86.0,156.0,83.0,905.0,561.0,-69.0,-226.0
1.0,-409.0,-5.0,68.0,-46.0,-91.0,794.0,545.0,-72.0,-203.0
11.0,248.0,27.0,-43.0,-64.0,-135.0,541.0,596.0,-83.0,-180.0
4.0,85.0,35.0,-271.0,124.0,-20.0,169.0,473.0,-86.0,-176.0
19.0,-18.0,67.0,-443.0,188.0,139.0,-152.0,147.0,-89.0,-158.0
-22.0,189.0,-6.0,-432.0,-16.0,179.0,-404.0,153.0,-79.0,-140.0
-34.0,4.0,-11.0,-329.0,-138.0,75.0,-574.0,221.0,-78.0,-138.0
-70.0,60.0,-22.0,-265.0,81.0,-6.0,-641.0,214.0,-92.0,-142.0
-110.0,-290.0,0.0,-252.0,96.0,-43.0,-638.0,-62.0,-98.0,-178.0
-107.0,-389.0,34.0,-81.0,-101.0,-94.0,-604.0,-68.0,-104.0,-230.0
-102.0,-289.0,-13.0,170.0,-105.0,-77.0,-436.0,362.0,-130.0,-260.0
-98.0,-34.0,5.0,294.0,21.0,64.0,-229.0,524.0,-155.0,-282.0
-120.0,514.0,-41.0,154.0,177.0,123.0,-143.0,332.0,-152.0,-327.0
-100.0,699.0,-20.0,-164.0,66.0,-30.0,-145.0,-64.0,-160.0,-356.0
-102.0,932.0,7.0,-498.0,-105.0,-51.0,-201.0,-175.0,-190.0,-347.0
-98.0,1042.0,-31.0,-633.0,54.0,238.0,-119.0,-51.0,-188.0,-318.0
-111.0,778.0,-56.0,-516.0,160.0,333.0,104.0,190.0,-178.0,-294.0
-110.0,608.0,-21.0,-311.0,22.0,200.0,437.0,521.0,-176.0,-284.0
-94.0,325.0,3.0,-48.0,-145.0,102.0,756.0,600.0,-165.0,-245.0
-100.0,-218.0,-23.0,178.0,-91.0,91.0,981.0,513.0,-158.0,-205.0
-114.0,-459.0,24.0,331.0,151.0,61.0,1087.0,195.0,-116.0,-185.0
-138.0,-547.0,-67.0,307.0,97.0,-51.0,1089.0,16.0,-85.0,-148.0
-132.0,-180.0,-86.0,131.0,-137.0,125.0,1120.0,105.0,-60.0,-139.0
-125.0,51.0,-13.0,-68.0,-81.0,309.0,1117.0,199.0,-13.0,-138.0
-107.0,-3.0,-52.0,-141.0,18.0,162.0,1068.0,264.0,2.0,-121.0
-80.0,232.0,-59.0,-87.0,-50.0,-44.0,824.0,116.0,11.0,-131.0
-14.0,219.0,-81.0,-60.0,-177.0,-99.0,420.0,162.0,8.0,-161.0
19.0,205.0,-109.0,-85.0,-165.0,69.0,-35.0,288.0,-2.0,-211.0
6.0,-61.0,-118.0,-130.0,114.0,190.0,-453.0,232.0,-19.0,-243.0
-4.0,-266.0,-93.0,-197.0,157.0,-61.0,-715.0,12.0,-24.0,-255.0
-23.0,-342.0,-129.0,-225.0,-67.0,-272.0,-929.0,-223.0,-24.0,-283.0
-21.0,-451.0,-166.0,-34.0,-88.0,-74.0,-1062.0,-14.0,-33.0,-290.0
-11.0,-362.0,-179.0,132.0,6.0,19.0,-1154.0,40.0,-32.0,-259.0
18.0,-294.0,-234.0,171.0,78.0,-28.0,-1135.0,-158.0,-49.0,-219.0
46.0,-209.0,-188.0,170.0,-36.0,81.0,-936.0,-194.0,-66.0,-214.0
84.0,-274.0,-210.0,186.0,-217.0,182.0,-629.0,-22.0,-80.0,-202.0
101.0,-280.0,-281.0,235.0,-13.0,83.0,-275.0,413.0,-93.0,-167.0
84.0,-339.0,-244.0,262.0,196.0,-21.0,140.0,655.0,-99.0,-153.0
89.0,-107.0,-241.0,238.0,-11.0,-38.0,605.0,689.0,-123.0,-175.0
86.0,193.0,-238.0,69.0,-123.0,-33.0,927.0,467.0,-128.0,-202.0
70.0,111.0,-180.0,-113.0,-10.0,73.0,1048.0,157.0,-123.0,-208.0
55.0,269.0,-164.0,-252.0,122.0,104.0,1089.0,109.0,-125.0,-224.0
58.0,258.0,-199.0,-259.0,77.0,104.0,1291.0,-7.0,-109.0,-216.0
55.0,-87.0,-204.0,-191.0,-144.0,164.0,1565.0,-46.0,-101.0,-197.0
43.0,-187.0,-168.0,-94.0,-39.0,270.0,1677.0,-70.0,-80.0,-213.0
43.0,-230.0,-159.0,16.0,83.0,269.0,1541.0,73.0,-65.0,-248.0
35.0,-488.0,-122.0,80.0,19.0,227.0,1187.0,371.0,-47.0,-254.0
10.0,-252.0,-128.0,31.0,-60.0,194.0,771.0,397.0,-26.0,-230.0
3.0,86.0,-187.0,-130.0,-169.0,56.0,475.0,303.0,-27.0,-244.0
21.0,-28.0,-151.0,-274.0,3.0,57.0,342.0,11.0,-14.0,-270.0
27.0,256.0,-167.0,-412.0,80.0,-36.0,107.0,-49.0,-19.0,-275.0
23.0,467.0,-168.0,-312.0,-89.0,-18.0,-227.0,-9.0,-21.0,-260.0
30.0,296.0,-127.0,-107.0,-46.0,173.0,-430.0,-77.0,-14.0,-273.0
45.0,264.0,-135.0,-48.0,155.0,87.0,-499.0,53.0,0.0,-284.0
43.0,250.0,-115.0,-89.0,211.0,-252.0,-604.0,90.0,25.0,-275.0
31.0,31.0,-111.0,-172.0,6.0,-594.0,-738.0,155.0,29.0,-290.0
37.0,-176.0,-65.0,-210.0,-127.0,-466.0,-785.0,297.0,27.0,-288.0
46.0,-78.0,-53.0,-208.0,-38.0,-156.0,-740.0,569.0,24.0,-275.0
35.0,-106.0,-39.0,-193.0,91.0,3.0,-706.0,556.0,11.0,-252.0
14.0,52.0,-23.0,-253.0,-6.0,-79.0,-680.0,151.0,-15.0,-258.0
6.0,456.0,-43.0,-309.0,-165.0,-306.0,-530.0,-36.0,-35.0,-267.0
21.0,626.0,22.0,-205.0,-53.0,-372.0,-300.0,-53.0,-59.0,-238.0
32.0,503.0,34.0,-26.0,82.0,-328.0,-35.0,94.0,-60.0,-226.0
40.0,593.0,-8.0,12.0,39.0,-164.0,85.0,27.0,-52.0,-233.0
40.0,778.0,-29.0,-34.0,-111.0,-152.0,169.0,-90.0,-62.0,-248.0
35.0,373.0,-65.0,-93.0,-87.0,-340.0,382.0,-60.0,-43.0,-240.0
31.0,-95.0,-97.0,-131.0,53.0,-590.0,542.0,-83.0,-36.0,-227.0
16.0,-700.0,-58.0,-88.0,-13.0,-684.0,676.0,42.0,-52.0,-228.0
17.0,-960.0,-54.0,-8.0,-195.0,-454.0,819.0,-118.0,-60.0,-214.0
18.0,-1064.0,-99.0,27.0,-110.0,-290.0,949.0,-384.0,-75.0,-187.0
25.0,-872.0,-75.0,-81.0,79.0,-442.0,1034.0,-382.0,-67.0,-161.0
31.0,-462.0,-98.0,-154.0,31.0,-573.0,999.0,-251.0,-59.0,-148.0
36.0,-566.0,-95.0,-133.0,-89.0,-378.0,831.0,-77.0,-70.0,-133.0
68.0,-79.0,-56.0,-57.0,-148.0,-181.0,735.0,-116.0,-85.0,-108.0
90.0,334.0,-65.0,54.0,38.0,-313.0,776.0,-66.0,-100.0,-111.0
72.0,296.0,-46.0,138.0,149.0,-479.0,718.0,-7.0,-103.0,-103.0
53.0,97.0,-43.0,161.0,9.0,-107.0,397.0,44.0,-122.0,-71.0
56.0,18.0,-51.0,125.0,-50.0,209.0,4.0,210.0,-131.0,-70.0
34.0,-145.0,-28.0,122.0,85.0,-80.0,-153.0,188.0,-132.0,-70.0
35.0,-455.0,-29.0,44.0,226.0,-350.0,-178.0,269.0,-124.0,-62.0
34.0,-305.0,-25.0,-128.0,56.0,-178.0,-243.0,112.0,-100.0,-44.0
18.0,-100.0,-12.0,-232.0,-69.0,68.0,-318.0,-203.0,-112.0,-18.0
29.0,-155.0,50.0,-290.0,101.0,6.0,-259.0,-142.0,-109.0,-25.0
34.0,-393.0,101.0,-341.0,197.0,-49.0,-146.0,79.0,-94.0,-31.0
46.0,-197.0,84.0,-294.0,21.0,-133.0,-174.0,103.0,-126.0,-19.0
58.0,-224.0,113.0,-242.0,-108.0,-190.0,-256.0,-293.0,-128.0,-22.0
65.0,-235.0,113.0,-230.0,-47.0,-178.0,-288.0,-543.0,-102.0,-36.0
61.0,-76.0,98.0,-180.0,19.0,-181.0,-188.0,-624.0,-100.0,-37.0
54.0,-97.0,127.0,-128.0,-73.0,-156.0,19.0,-620.0,-83.0,-40.0
70.0,39.0,138.0,-76.0,-204.0,-202.0,160.0,-412.0,-77.0,-52.0
92.0,212.0,94.0,-34.0,-48.0,-250.0,168.0,-221.0,-70.0,-48.0
111.0,462.0,50.0,27.0,147.0,-178.0,191.0,-16.0,-40.0,-44.0
101.0,270.0,46.0,79.0,55.0,108.0,336.0,-64.0,-31.0,-41.0
81.0,249.0,43.0,76.0,-94.0,245.0,428.0,-60.0,-15.0,-42.0
102.0,311.0,54.0,-24.0,-41.0,125.0,298.0,7.0,40.0,-37.0
95.0,144.0,14.0,-231.0,82.0,-55.0,122.0,-18.0,67.0,-50.0
76.0,19.0,-40.0,-441.0,64.0,-55.0,91.0,123.0,65.0,-95.0
62.0,-117.0,-27.0,-547.0,-161.0,-39.0,143.0,44.0,72.0,-119.0
50.0,108.0,-25.0,-402.0,-195.0,-256.0,115.0,-203.0,79.0,-133.0
48.0,356.0,-71.0,-150.0,95.0,-350.0,85.0,-552.0,90.0,-164.0
43.0,522.0,-73.0,1.0,96.0,-220.0,295.0,-759.0,91.0,-197.0
94.0,560.0,-36.0,-34.0,-72.0,-176.0,572.0,-576.0,85.0,-192.0
112.0,445.0,-79.0,-249.0,26.0,-445.0,647.0,-264.0,80.0,-169.0
111.0,236.0,-103.0,-346.0,104.0,-561.0,539.0,59.0,65.0,-142.0
105.0,-152.0,-38.0,-302.0,-32.0,-306.0,420.0,-40.0,76.0,-110.0
96.0,-487.0,-48.0,-231.0,-163.0,0.0,405.0,-382.0,85.0,-81.0
98.0,-342.0,-38.0,-163.0,-187.0,86.0,414.0,-670.0,83.0,-60.0
66.0,-310.0,-8.0,-156.0,5.0,-41.0,353.0,-498.0,99.0,-45.0
82.0,-838.0,-27.0,-228.0,163.0,-191.0,134.0,266.0,109.0,-18.0
106.0,-759.0,33.0,-290.0,7.0,-154.0,-165.0,657.0,124.0,-19.0
127.0,-300.0,47.0,-204.0,-74.0,-92.0,-472.0,570.0,130.0,-48.0
135.0,-95.0,-6.0,-90.0,77.0,-181.0,-765.0,70.0,116.0,-62.0
134.0,16.0,21.0,22.0,197.0,-182.0,-874.0,-432.0,123.0,-45.0
130.0,119.0,18.0,183.0,-20.0,-291.0,-735.0,-417.0,103.0,-36.0
77.0,141.0,-32.0,243.0,-128.0,-202.0,-529.0,-266.0,73.0,-58.0
18.0,-136.0,37.0,119.0,31.0,-13.0,-363.0,-25.0,56.0,-52.0
-10.0,-216.0,14.0,-214.0,17.0,45.0,-58.0,-105.0,23.0,-14.0
-29.0,-436.0,-39.0,-532.0,-45.0,177.0,314.0,-474.0,7.0,14.0
-71.0,-827.0,28.0,-539.0,-138.0,171.0,635.0,-777.0,-5.0,40.0
-95.0,-893.0,14.0,-263.0,-77.0,18.0,894.0,-881.0,-20.0,64.0
-95.0,-721.0,23.0,72.0,21.0,-182.0,952.0,-585.0,-34.0,76.0
-91.0,-561.0,50.0,206.0,-49.0,24.0,812.0,-319.0,-45.0,82.0
-99.0,-623.0,47.0,114.0,-160.0,180.0,632.0,-29.0,-42.0,96.0
-115.0,-300.0,26.0,-41.0,-35.0,110.0,503.0,120.0,-34.0,103.0
-138.0,51.0,29.0,-179.0,215.0,190.0,361.0,9.0,-20.0,98.0
-174.0,298.0,38.0,-176.0,13.0,265.0,151.0,-195.0,-39.0,93.0
-186.0,684.0,-16.0,-69.0,-88.0,310.0,-59.0,-408.0,-57.0,92.0
-175.0,672.0,-31.0,-105.0,-11.0,45.0,-186.0,-158.0,-65.0,83.0
-158.0,656.0,-39.0,-248.0,14.0,-125.0,-242.0,123.0,-69.0,46.0
-156.0,1097.0,-14.0,-366.0,100.0,115.0,-232.0,253.0,-29.0,23.0
-152.0,1308.0,-13.0,-354.0,-5.0,461.0,-128.0,116.0,8.0,9.0
-138.0,838.0,-44.0,-196.0,-46.0,383.0,87.0,-286.0,60.0,-18.0
-126.0,356.0,-31.0,-69.0,60.0,161.0,329.0,-509.0,118.0,-49.0
-113.0,478.0,-45.0,-24.0,133.0,255.0,436.0,-528.0,173.0,-65.0
-101.0,682.0,-50.0,16.0,13.0,250.0,368.0,-101.0,209.0,-64.0
-81.0,124.0,-6.0,134.0,-9.0,188.0,234.0,199.0,215.0,-65.0
-68.0,-194.0,-25.0,208.0,121.0,215.0,194.0,101.0,232.0,-50.0
-73.0,35.0,-41.0,73.0,53.0,434.0,120.0,-160.0,222.0,-40.0
-61.0,326.0,53.0,-209.0,-17.0,520.0,-24.0,-478.0,219.0,-18.0
-68.0,307.0,26.0,-324.0,-110.0,415.0,-81.0,-345.0,214.0,16.0
-82.0,-242.0,-11.0,-259.0,-16.0,389.0,-55.0,-105.0,193.0,37.0
-77.0,-150.0,30.0,-228.0,155.0,308.0,-43.0,-24.0,178.0,69.0
-67.0,-15.0,-1.0,-155.0,1.0,157.0,-161.0,-247.0,120.0,107.0
-48.0,10.0,17.0,-94.0,-42.0,-74.0,-316.0,-696.0,59.0,157.0
-53.0,-107.0,35.0,-134.0,62.0,-122.0,-348.0,-705.0,17.0,202.0
-34.0,-327.0,-11.0,-176.0,65.0,131.0,-180.0,-399.0,-20.0,250.0
-8.0,-5.0,-22.0,-130.0,-53.0,227.0,0.0,25.0,-60.0,294.0
0.0,-172.0,-28.0,-85.0,-181.0,22.0,14.0,121.0,-101.0,313.0
-1.0,-341.0,-40.0,-87.0,-42.0,47.0,-77.0,-88.0,-116.0,334.0
19.0,-91.0,10.0,-76.0,70.0,193.0,-197.0,-238.0,-128.0,352.0
41.0,186.0,15.0,-24.0,-40.0,279.0,-198.0,-399.0,-128.0,381.0
14.0,174.0,-44.0,131.0,-103.0,219.0,-23.0,-247.0,-108.0,400.0
11.0,-18.0,-66.0,297.0,-78.0,28.0,181.0,-116.0,-107.0,420.0
-5.0,-64.0,-95.0,365.0,-50.0,264.0,280.0,-97.0,-86.0,464.0
-12.0,-240.0,-110.0,226.0,-83.0,590.0,328.0,-277.0,-41.0,476.0
-6.0,-476.0,-95.0,-70.0,-116.0,609.0,367.0,-448.0,-12.0,475.0
8.0,-698.0,-58.0,-327.0,42.0,418.0,338.0,-101.0,20.0,468.0
17.0,-840.0,-71.0,-410.0,181.0,327.0,210.0,3.0,45.0,458.0
-4.0,-645.0,-67.0,-257.0,139.0,365.0,81.0,-243.0,73.0,454.0
-20.0,-247.0,-14.0,-71.0,112.0,425.0,-8.0,-652.0,110.0,431.0
-29.0,-243.0,-49.0,138.0,53.0,447.0,-67.0,-759.0,135.0,413.0
-12.0,162.0,-30.0,288.0,94.0,363.0,-79.0,-284.0,148.0,382.0
0.0,521.0,-4.0,299.0,168.0,507.0,-113.0,181.0,168.0,360.0
17.0,305.0,-15.0,217.0,41.0,633.0,-74.0,384.0,189.0,346.0
30.0,454.0,11.0,-37.0,-27.0,713.0,143.0,101.0,175.0,306.0
59.0,315.0,52.0,-215.0,24.0,633.0,472.0,-94.0,137.0,273.0
75.0,116.0,56.0,-241.0,0.0,359.0,642.0,-20.0,96.0,258.0
69.0,-230.0,-3.0,-172.0,-75.0,216.0,593.0,40.0,60.0,251.0
83.0,-738.0,-20.0,-48.0,-84.0,181.0,510.0,121.0,35.0,234.0
88.0,-598.0,-72.0,115.0,-64.0,231.0,460.0,-35.0,-2.0,221.0
107.0,-81.0,-51.0,265.0,-41.0,223.0,423.0,-123.0,-46.0,210.0
106.0,226.0,-5.0,273.0,-133.0,302.0,305.0,-343.0,-75.0,188.0
137.0,-29.0,-36.0,279.0,-126.0,237.0,49.0,-668.0,-111.0,164.0
174.0,268.0,-44.0,211.0,14.0,159.0,-365.0,-654.0,-141.0,161.0
220.0,610.0,-42.0,-38.0,-35.0,233.0,-813.0,-400.0,-139.0,170.0
231.0,181.0,-15.0,-252.0,-77.0,237.0,-1249.0,-1.0,-123.0,141.0
180.0,171.0,-61.0,-246.0,-135.0,127.0,-1494.0,-68.0,-102.0,134.0
162.0,308.0,-65.0,-155.0,-40.0,-37.0,-1402.0,-376.0,-75.0,160.0
124.0,287.0,-77.0,-90.0,145.0,154.0,-1188.0,-546.0,-44.0,172.0
128.0,330.0,-80.0,85.0,25.0,357.0,-920.0,-596.0,0.0,179.0
130.0,9.0,-56.0,239.0,-13.0,245.0,-589.0,-467.0,32.0,187.0
146.0,-246.0,-82.0,228.0,43.0,70.0,-172.0,-345.0,60.0,217.0
162.0,239.0,-64.0,138.0,24.0,253.0,215.0,77.0,93.0,245.0
143.0,382.0,-84.0,-85.0,0.0,469.0,504.0,168.0,101.0,276.0
146.0,47.0,-71.0,-184.0,-70.0,298.0,718.0,-68.0,111.0,310.0
106.0,171.0,-72.0,-92.0,-77.0,93.0,861.0,-62.0,121.0,325.0
79.0,421.0,-29.0,15.0,-30.0,198.0,918.0,-123.0,124.0,326.0
52.0,133.0,21.0,195.0,-145.0,442.0,813.0,-12.0,126.0,336.0
49.0,-279.0,-10.0,239.0,-166.0,294.0,610.0,-227.0,141.0,321.0
55.0,-7.0,-8.0,122.0,19.0,127.0,389.0,-833.0,167.0,288.0
57.0,-114.0,-76.0,-43.0,93.0,-2.0,264.0,-1265.0,181.0,261.0
73.0,-259.0,-58.0,-98.0,144.0,-35.0,166.0,-1151.0,205.0,213.0
65.0,-168.0,17.0,-81.0,31.0,47.0,-4.0,-450.0,199.0,176.0
85.0,-257.0,3.0,-100.0,-34.0,129.0,-165.0,18.0,193.0,138.0
102.0,-90.0,-13.0,-7.0,100.0,271.0,-246.0,199.0,193.0,98.0
93.0,-367.0,-51.0,148.0,49.0,158.0,-166.0,7.0,151.0,72.0
85.0,-401.0,-76.0,242.0,12.0,-32.0,40.0,-245.0,121.0,52.0
81.0,-544.0,-37.0,231.0,45.0,-135.0,167.0,-236.0,77.0,34.0
95.0,-543.0,-45.0,175.0,66.0,90.0,169.0,-162.0,37.0,3.0
108.0,42.0,-72.0,39.0,94.0,229.0,184.0,310.0,-5.0,9.0
106.0,55.0,-50.0,-63.0,46.0,73.0,172.0,606.0,-49.0,26.0
141.0,125.0,-67.0,-33.0,-34.0,-43.0,-24.0,508.0,-77.0,24.0
159.0,92.0,-71.0,99.0,81.0,40.0,-502.0,134.0,-121.0,21.0
139.0,216.0,-94.0,242.0,175.0,260.0,-905.0,-452.0,-149.0,44.0
108.0,77.0,-105.0,179.0,34.0,209.0,-978.0,-650.0,-180.0,77.0
106.0,-250.0,-91.0,64.0,32.0,83.0,-956.0,-524.0,-180.0,109.0
161.0,-38.0,-86.0,27.0,107.0,22.0,-934.0,-242.0,-182.0,165.0
171.0,-272.0,-64.0,117.0,181.0,163.0,-744.0,-94.0,-208.0,205.0
154.0,-247.0,-84.0,221.0,167.0,177.0,-316.0,-84.0,-182.0,233.0
154.0,-47.0,-58.0,188.0,-27.0,2.0,51.0,-205.0,-155.0,256.0
197.0,-38.0,-18.0,135.0,-93.0,-20.0,243.0,-526.0,-161.0,281.0
218.0,-64.0,-31.0,82.0,-19.0,37.0,360.0,-642.0,-157.0,297.0
201.0,-223.0,-59.0,48.0,-51.0,146.0,513.0,-559.0,-122.0,302.0
210.0,-224.0,-52.0,8.0,-183.0,214.0,654.0,-107.0,-93.0,314.0
184.0,-94.0,-20.0,31.0,-149.0,143.0,637.0,216.0,-53.0,328.0
150.0,74.0,-39.0,42.0,28.0,-14.0,469.0,92.0,-20.0,349.0
129.0,-14.0,-43.0,-24.0,55.0,133.0,227.0,-70.0,0.0,343.0
107.0,42.0,-45.0,-3.0,-85.0,171.0,23.0,-323.0,28.0,342.0
101.0,216.0,-30.0,46.0,-112.0,108.0,-192.0,-173.0,64.0,369.0
94.0,330.0,0.0,120.0,2.0,175.0,-394.0,-14.0,99.0,385.0
76.0,492.0,-29.0,155.0,88.0,118.0,-539.0,-136.0,98.0,397.0
68.0,800.0,-18.0,204.0,33.0,20.0,-512.0,-240.0,104.0,420.0
25.0,1022.0,-22.0,154.0,-148.0,-214.0,-305.0,-436.0,109.0,442.0
-2.0,878.0,-30.0,-113.0,-58.0,-109.0,-51.0,-356.0,117.0,451.0
5.0,582.0,51.0,-255.0,159.0,186.0,194.0,-140.0,113.0,442.0
6.0,169.0,45.0,-268.0,29.0,199.0,321.0,254.0,79.0,419.0
10.0,78.0,3.0,-148.0,-8.0,89.0,338.0,515.0,52.0,383.0
-3.0,-277.0,13.0,95.0,146.0,109.0,310.0,336.0,13.0,359.0
17.0,-473.0,43.0,263.0,79.0,247.0,318.0,90.0,-26.0,349.0
16.0,-230.0,75.0,285.0,42.0,136.0,257.0,-269.0,-42.0,333.0
5.0,-168.0,60.0,174.0,46.0,-46.0,107.0,-299.0,-45.0,310.0
10.0,102.0,42.0,30.0,-48.0,-22.0,-40.0,-140.0,-53.0,276.0
0.0,160.0,36.0,-34.0,27.0,171.0,-100.0,3.0,-50.0,255.0
31.0,89.0,37.0,56.0,14.0,118.0,-160.0,105.0,-54.0,228.0
23.0,-63.0,56.0,209.0,-100.0,-4.0,-373.0,-72.0,-75.0,202.0
-2.0,-84.0,39.0,349.0,44.0,158.0,-476.0,-230.0,-74.0,196.0
-25.0,84.0,12.0,291.0,95.0,244.0,-372.0,-391.0,-69.0,196.0
-2.0,90.0,4.0,48.0,-16.0,76.0,-230.0,-182.0,-91.0,205.0
38.0,-3.0,-32.0,-61.0,1.0,-194.0,-208.0,221.0,-97.0,231.0
40.0,-59.0,-24.0,67.0,0.0,-68.0,-187.0,371.0,-76.0,247.0
42.0,-25.0,-38.0,248.0,-20.0,205.0,-75.0,330.0,-63.0,223.0
25.0,-135.0,-68.0,404.0,55.0,145.0,68.0,53.0,-40.0,214.0
41.0,-317.0,-25.0,480.0,-19.0,-55.0,139.0,144.0,-7.0,211.0
48.0,-142.0,-28.0,276.0,-70.0,-77.0,11.0,240.0,21.0,183.0
33.0,289.0,-32.0,40.0,108.0,173.0,-129.0,27.0,74.0,157.0
49.0,111.0,-13.0,-107.0,72.0,177.0,-154.0,-36.0,112.0,151.0
70.0,-35.0,-41.0,-139.0,-78.0,16.0,-59.0,112.0,121.0,174.0
52.0,-37.0,-66.0,-44.0,-10.0,143.0,-5.0,519.0,121.0,189.0
36.0,125.0,-89.0,76.0,58.0,183.0,-31.0,412.0,106.0,195.0
52.0,198.0,-82.0,110.0,15.0,47.0,-53.0,-273.0,91.0,224.0
44.0,-132.0,-12.0,31.0,-25.0,42.0,-3.0,-835.0,66.0,246.0
25.0,105.0,-6.0,-28.0,-73.0,66.0,116.0,-792.0,42.0,243.0
21.0,30.0,-20.0,-154.0,-49.0,107.0,193.0,-114.0,48.0,239.0
47.0,-195.0,-20.0,-182.0,63.0,6.0,301.0,487.0,33.0,222.0
31.0,-104.0,-30.0,-40.0,9.0,-137.0,370.0,694.0,4.0,208.0
3.0,192.0,-7.0,218.0,-108.0,-54.0,339.0,256.0,-3.0,209.0
-30.0,179.0,-4.0,324.0,-7.0,-17.0,203.0,-393.0,-5.0,205.0
-46.0,-14.0,28.0,175.0,19.0,-163.0,82.0,-753.0,-7.0,177.0
-47.0,223.0,28.0,111.0,-73.0,-308.0,140.0,-818.0,-6.0,144.0
-77.0,-55.0,74.0,110.0,-77.0,-70.0,238.0,-388.0,-3.0,145.0
-84.0,-309.0,97.0,144.0,-111.0,54.0,225.0,-66.0,-31.0,140.0
-122.0,-218.0,58.0,205.0,-64.0,-92.0,106.0,35.0,-43.0,129.0
-125.0,-220.0,103.0,256.0,55.0,-196.0,40.0,1.0,-29.0,135.0
-132.0,-330.0,105.0,233.0,76.0,-339.0,132.0,-212.0,-34.0,137.0
-142.0,-79.0,108.0,90.0,60.0,-287.0,252.0,-223.0,-27.0,150.0
-125.0,188.0,109.0,-47.0,102.0,-258.0,162.0,-88.0,-34.0,163.0
-99.0,94.0,115.0,-24.0,46.0,-185.0,-33.0,393.0,-12.0,194.0
-51.0,-38.0,93.0,51.0,-68.0,-246.0,-127.0,811.0,11.0,226.0
-45.0,-154.0,48.0,44.0,-17.0,-312.0,-166.0,849.0,16.0,216.0
-31.0,25.0,62.0,12.0,66.0,-235.0,-310.0,617.0,45.0,229.0
-39.0,18.0,59.0,-46.0,157.0,-304.0,-481.0,195.0,28.0,252.0
-47.0,103.0,52.0,34.0,152.0,-134.0,-409.0,29.0,26.0,236.0
-69.0,146.0,68.0,226.0,-30.0,-64.0,-186.0,-197.0,24.0,202.0
-85.0,-121.0,16.0,281.0,-16.0,-159.0,-110.0,-64.0,12.0,171.0
-83.0,-282.0,-35.0,235.0,119.0,-198.0,-226.0,424.0,35.0,167.0
-98.0,-174.0,14.0,124.0,-36.0,-253.0,-262.0,545.0,51.0,153.0
-88.0,15.0,-30.0,-8.0,-144.0,-155.0,-82.0,286.0,41.0,145.0
-64.0,-33.0,-61.0,-55.0,-55.0,-100.0,185.0,-140.0,23.0,162.0
-20.0,104.0,-34.0,-40.0,-123.0,-271.0,268.0,-51.0,14.0,171.0
-13.0,122.0,-46.0,7.0,-68.0,-267.0,219.0,103.0,-32.0,191.0
-11.0,303.0,-9.0,43.0,33.0,-63.0,263.0,120.0,-58.0,207.0
-6.0,497.0,-28.0,58.0,-26.0,39.0,257.0,249.0,-51.0,237.0
3.0,229.0,-58.0,100.0,64.0,-88.0,98.0,234.0,-49.0,262.0
20.0,246.0,-46.0,186.0,52.0,-299.0,-140.0,92.0,-40.0,281.0
32.0,276.0,-36.0,308.0,-65.0,-84.0,-214.0,-415.0,-24.0,329.0
65.0,195.0,-55.0,339.0,63.0,41.0,-127.0,-530.0,11.0,326.0
74.0,133.0,-17.0,209.0,129.0,-175.0,-91.0,-12.0,37.0,296.0
61.0,5.0,28.0,26.0,-38.0,-352.0,-159.0,460.0,77.0,253.0
50.0,-17.0,-19.0,-107.0,-27.0,-154.0,-228.0,454.0,104.0,191.0
47.0,-65.0,-9.0,-123.0,66.0,139.0,-211.0,-314.0,99.0,130.0
42.0,-401.0,-48.0,-48.0,-45.0,-21.0,-180.0,-735.0,80.0,41.0
44.0,-714.0,-54.0,96.0,9.0,-210.0,-144.0,-508.0,72.0,-18.0
45.0,-539.0,-29.0,269.0,43.0,-323.0,-100.0,-133.0,87.0,-46.0
41.0,-324.0,-112.0,364.0,-69.0,-244.0,12.0,210.0,79.0,-69.0
22.0,-513.0,-73.0,373.0,86.0,-216.0,119.0,238.0,77.0,-70.0
16.0,-406.0,-33.0,349.0,89.0,-303.0,186.0,303.0,61.0,-35.0
39.0,108.0,-58.0,311.0,-80.0,-173.0,277.0,42.0,31.0,-35.0
46.0,299.0,-12.0,263.0,23.0,-23.0,312.0,-376.0,20.0,-56.0
21.0,646.0,-37.0,237.0,59.0,-83.0,215.0,-389.0,9.0,-43.0
11.0,731.0,-21.0,190.0,-45.0,-261.0,96.0,-177.0,3.0,-57.0
10.0,434.0,43.0,134.0,-18.0,-315.0,101.0,205.0,9.0,-74.0
0.0,393.0,20.0,8.0,-48.0,-592.0,131.0,463.0,9.0,-82.0
2.0,162.0,44.0,-83.0,-68.0,-651.0,171.0,711.0,-19.0,-80.0
14.0,-21.0,52.0,-86.0,9.0,-425.0,143.0,639.0,-8.0,-66.0
35.0,-144.0,33.0,-75.0,-99.0,-401.0,66.0,243.0,20.0,-49.0
24.0,30.0,49.0,25.0,-142.0,-468.0,65.0,-81.0,27.0,-15.0
27.0,-143.0,66.0,48.0,-24.0,-615.0,82.0,-210.0,35.0,19.0
15.0,-567.0,70.0,-18.0,-85.0,-513.0,79.0,140.0,43.0,47.0
26.0,-358.0,66.0,-139.0,-129.0,-296.0,28.0,386.0,50.0,56.0
46.0,-256.0,89.0,-221.0,34.0,-254.0,-84.0,502.0,57.0,76.0
44.0,-183.0,75.0,-34.0,131.0,-284.0,-264.0,258.0,60.0,91.0
74.0,-203.0,17.0,203.0,119.0,-317.0,-313.0,-225.0,60.0,97.0
73.0,-11.0,6.0,249.0,156.0,-304.0,-268.0,-264.0,63.0,101.0
92.0,48.0,10.0,89.0,120.0,-296.0,-286.0,-290.0,52.0,78.0
61.0,-27.0,0.0,-187.0,7.0,-308.0,-293.0,-293.0,36.0,63.0
42.0,226.0,17.0,-284.0,31.0,-284.0,-309.0,-437.0,23.0,36.0
9.0,114.0,-7.0,-162.0,36.0,-346.0,-246.0,-334.0,17.0,18.0
-38.0,75.0,10.0,-44.0,-41.0,-411.0,-55.0,62.0,12.0,-6.0
-59.0,114.0,29.0,-44.0,62.0,-221.0,138.0,199.0,20.0,-59.0
-72.0,-66.0,24.0,-155.0,75.0,-136.0,197.0,234.0,27.0,-76.0
-37.0,-187.0,43.0,-152.0,-50.0,-201.0,116.0,-242.0,24.0,-86.0
-43.0,-15.0,4.0,16.0,-42.0,-188.0,19.0,-672.0,53.0,-85.0
-31.0,-102.0,-6.0,211.0,-61.0,-30.0,-21.0,-452.0,80.0,-96.0
-55.0,-224.0,37.0,390.0,-132.0,64.0,-22.0,116.0,109.0,-108.0
-84.0,-74.0,50.0,439.0,-103.0,-189.0,-32.0,445.0,137.0,-81.0
-116.0,-106.0,43.0,331.0,-65.0,-316.0,-19.0,-62.0,148.0,-55.0
-132.0,-82.0,84.0,128.0,-63.0,-366.0,54.0,-615.0,173.0,-25.0
-117.0,-79.0,64.0,-37.0,44.0,-454.0,140.0,-678.0,184.0,-3.0
-128.0,129.0,91.0,-28.0,52.0,-481.0,137.0,-415.0,184.0,7.0
-99.0,229.0,93.0,-56.0,-5.0,-478.0,57.0,-155.0,178.0,-6.0
-98.0,189.0,26.0,-201.0,46.0,-358.0,30.0,49.0,160.0,-29.0
-85.0,79.0,42.0,-246.0,23.0,-391.0,96.0,404.0,154.0,-29.0
-86.0,8.0,6.0,-200.0,-55.0,-467.0,185.0,406.0,127.0,-46.0
-85.0,187.0,33.0,-37.0,-80.0,-411.0,318.0,299.0,96.0,-67.0
-78.0,193.0,62.0,191.0,-50.0,-240.0,487.0,169.0,84.0,-67.0
-79.0,181.0,15.0,285.0,12.0,-229.0,539.0,-81.0,66.0,-69.0
-93.0,-55.0,29.0,258.0,29.0,-294.0,412.0,-118.0,59.0,-66.0
-123.0,-131.0,101.0,107.0,-76.0,-252.0,202.0,0.0,23.0,-61.0
-90.0,-248.0,110.0,-57.0,-45.0,-161.0,57.0,293.0,-15.0,-57.0
-51.0,-387.0,69.0,-171.0,101.0,-191.0,-56.0,182.0,-23.0,-41.0
-23.0,-192.0,77.0,-167.0,28.0,-472.0,-224.0,-96.0,-60.0,-46.0
-19.0,-233.0,106.0,-113.0,-93.0,-358.0,-397.0,-131.0,-119.0,-59.0
-8.0,-113.0,136.0,-154.0,-37.0,-161.0,-504.0,-243.0,-165.0,-64.0
-11.0,-68.0,126.0,-151.0,90.0,-221.0,-535.0,-277.0,-209.0,-102.0
-24.0,-108.0,119.0,-115.0,90.0,-350.0,-515.0,-321.0,-227.0,-141.0
-29.0,79.0,96.0,-7.0,71.0,-287.0,-400.0,-103.0,-231.0,-150.0
0.0,113.0,89.0,186.0,78.0,112.0,-157.0,129.0,-267.0,-165.0
37.0,-149.0,120.0,303.0,77.0,237.0,165.0,179.0,-282.0,-180.0
35.0,-166.0,110.0,242.0,129.0,212.0,385.0,219.0,-273.0,-192.0
66.0,173.0,140.0,26.0,48.0,99.0,428.0,-138.0,-269.0,-192.0
78.0,299.0,146.0,-243.0,-63.0,95.0,338.0,-349.0,-247.0,-186.0
52.0,380.0,53.0,-372.0,-32.0,292.0,207.0,-203.0,-225.0,-202.0
12.0,285.0,19.0,-290.0,-18.0,327.0,172.0,99.0,-203.0,-191.0
1.0,334.0,46.0,-89.0,-73.0,279.0,166.0,314.0,-177.0,-175.0
9.0,602.0,14.0,162.0,-52.0,83.0,143.0,131.0,-148.0,-176.0
18.0,633.0,41.0,211.0,-13.0,-54.0,81.0,-9.0,-115.0,-130.0
16.0,505.0,21.0,89.0,-12.0,-69.0,28.0,-68.0,-83.0,-102.0
5.0,332.0,-19.0,-44.0,12.0,-158.0,-34.0,-151.0,-42.0,-119.0
-3.0,254.0,20.0,-245.0,-84.0,-208.0,-201.0,-358.0,-5.0,-134.0
-28.0,2.0,-62.0,-271.0,-54.0,-119.0,-322.0,-341.0,45.0,-158.0
-42.0,-16.0,-95.0,-118.0,69.0,-63.0,-252.0,70.0,86.0,-170.0
-74.0,161.0,-63.0,-18.0,-24.0,-47.0,-43.0,221.0,119.0,-198.0
-79.0,188.0,-103.0,35.0,-60.0,-2.0,132.0,105.0,160.0,-239.0
-82.0,98.0,-125.0,55.0,10.0,76.0,157.0,-79.0,179.0,-260.0
-79.0,-50.0,-142.0,71.0,-2.0,25.0,81.0,-7.0,204.0,-301.0
-59.0,142.0,-164.0,49.0,-83.0,-223.0,-3.0,-24.0,193.0,-340.0
-45.0,-8.0,-103.0,34.0,-72.0,-238.0,-160.0,-382.0,164.0,-366.0
-52.0,-339.0,-94.0,-12.0,48.0,-179.0,-342.0,-352.0,142.0,-389.0
-88.0,-262.0,-166.0,-127.0,129.0,-125.0,-486.0,-142.0,109.0,-411.0
-85.0,-405.0,-129.0,-166.0,71.0,-196.0,-561.0,184.0,98.0,-410.0
-57.0,-529.0,-128.0,-54.0,-39.0,-300.0,-548.0,447.0,97.0,-389.0
-22.0,-269.0,-114.0,100.0,-29.0,-90.0,-467.0,511.0,97.0,-369.0
-14.0,-177.0,-56.0,133.0,15.0,-67.0,-303.0,533.0,80.0,-328.0
0.0,70.0,-69.0,41.0,-60.0,-196.0,-76.0,158.0,63.0,-286.0
12.0,304.0,-55.0,-215.0,-58.0,-162.0,333.0,-225.0,30.0,-235.0
5.0,-31.0,24.0,-429.0,112.0,52.0,785.0,-515.0,1.0,-184.0
0.0,-66.0,39.0,-451.0,120.0,179.0,1137.0,-421.0,-1.0,-157.0
-5.0,21.0,12.0,-277.0,52.0,133.0,1354.0,-36.0,-29.0,-146.0
6.0,69.0,23.0,-3.0,95.0,83.0,1357.0,88.0,-59.0,-127.0
16.0,-54.0,10.0,197.0,35.0,31.0,1227.0,168.0,-61.0,-112.0
43.0,-88.0,41.0,256.0,42.0,-42.0,1068.0,-60.0,-57.0,-135.0
47.0,-7.0,61.0,170.0,44.0,-135.0,857.0,-192.0,-48.0,-132.0
62.0,-336.0,18.0,115.0,-91.0,-49.0,448.0,-84.0,-22.0,-77.0
74.0,-69.0,57.0,46.0,-25.0,39.0,-40.0,22.0,-17.0,-33.0
54.0,-35.0,104.0,-20.0,33.0,-95.0,-470.0,184.0,0.0,-11.0
52.0,-184.0,15.0,-27.0,-33.0,-229.0,-712.0,210.0,30.0,30.0
35.0,37.0,3.0,21.0,-80.0,8.0,-809.0,253.0,35.0,72.0
38.0,-104.0,18.0,56.0,-72.0,105.0,-821.0,38.0,57.0,81.0
44.0,-87.0,-11.0,117.0,38.0,-112.0,-721.0,-121.0,75.0,73.0
60.0,247.0,29.0,181.0,31.0,-219.0,-661.0,-49.0,89.0,61.0
77.0,487.0,27.0,96.0,-100.0,-200.0,-538.0,92.0,105.0,48.0
63.0,225.0,42.0,-17.0,-40.0,-9.0,-343.0,258.0,108.0,26.0
32.0,180.0,88.0,-176.0,112.0,-42.0,-111.0,79.0,100.0,5.0
-5.0,374.0,101.0,-266.0,78.0,-52.0,101.0,112.0,97.0,-17.0
-14.0,152.0,73.0,-283.0,9.0,204.0,333.0,336.0,122.0,-44.0
-21.0,5.0,51.0,-250.0,-34.0,249.0,550.0,362.0,128.0,-68.0
-15.0,154.0,38.0,-110.0,11.0,-2.0,529.0,177.0,121.0,-70.0
-10.0,180.0,77.0,85.0,28.0,-218.0,383.0,7.0,129.0,-44.0
-23.0,-2.0,121.0,216.0,-128.0,-152.0,113.0,205.0,104.0,-46.0
-44.0,-118.0,57.0,245.0,-103.0,-52.0,-301.0,249.0,71.0,-68.0
-70.0,-49.0,73.0,332.0,-2.0,-88.0,-709.0,319.0,71.0,-67.0
-87.0,77.0,111.0,324.0,-30.0,-256.0,-983.0,358.0,60.0,-54.0
-101.0,-57.0,52.0,231.0,-106.0,-252.0,-1068.0,68.0,13.0,-48.0
-80.0,-14.0,-65.0,150.0,-103.0,22.0,-986.0,-286.0,-23.0,-41.0
-65.0,-89.0,-128.0,62.0,66.0,176.0,-794.0,-681.0,-48.0,-21.0
-51.0,-174.0,-20.0,48.0,61.0,129.0,-537.0,-591.0,-76.0,-4.0
-22.0,139.0,-41.0,55.0,-110.0,61.0,-215.0,-262.0,-77.0,4.0
-2.0,253.0,-75.0,2.0,-47.0,34.0,132.0,110.0,-54.0,14.0
10.0,180.0,-53.0,7.0,32.0,83.0,437.0,382.0,-47.0,26.0
12.0,-7.0,-168.0,93.0,34.0,201.0,682.0,290.0,-40.0,40.0
23.0,132.0,-191.0,73.0,85.0,97.0,892.0,448.0,-18.0,40.0
11.0,106.0,-174.0,-38.0,-64.0,-185.0,1040.0,519.0,4.0,37.0
-1.0,-38.0,-138.0,-217.0,-98.0,-365.0,1136.0,504.0,49.0,28.0
6.0,71.0,-129.0,-261.0,46.0,-233.0,1164.0,473.0,95.0,2.0
1.0,-178.0,-127.0,-106.0,-40.0,-14.0,1045.0,225.0,96.0,-22.0
-26.0,-312.0,-122.0,114.0,-65.0,20.0,642.0,103.0,98.0,-51.0
-59.0,-417.0,-125.0,249.0,57.0,150.0,49.0,-14.0,110.0,-84.0
-72.0,-451.0,-74.0,131.0,54.0,217.0,-446.0,14.0,80.0,-133.0
-87.0,-156.0,-106.0,-122.0,9.0,132.0,-765.0,-60.0,78.0,-179.0
-104.0,-36.0,-47.0,-285.0,-7.0,-153.0,-870.0,-129.0,77.0,-215.0
-119.0,-3.0,-19.0,-280.0,-37.0,-215.0,-756.0,1.0,60.0,-253.0
-136.0,194.0,-10.0,-185.0,19.0,122.0,-509.0,-29.0,83.0,-266.0
-160.0,239.0,-4.0,-66.0,69.0,73.0,-309.0,99.0,61.0,-244.0
-209.0,115.0,-99.0,-11.0,12.0,-43.0,-101.0,208.0,49.0,-221.0
-236.0,161.0,-48.0,16.0,-23.0,-3.0,271.0,210.0,49.0,-218.0
-214.0,141.0,30.0,-56.0,11.0,64.0,592.0,59.0,0.0,-198.0
-184.0,-31.0,-7.0,-200.0,81.0,108.0,652.0,-36.0,-20.0,-187.0
-163.0,-277.0,-6.0,-217.0,49.0,58.0,418.0,199.0,-42.0,-198.0
-180.0,-369.0,71.0,-166.0,-82.0,262.0,-39.0,223.0,-85.0,-198.0
-173.0,-393.0,45.0,-93.0,-126.0,379.0,-507.0,282.0,-74.0,-205.0
-160.0,-509.0,-27.0,18.0,-84.0,179.0,-840.0,317.0,-34.0,-211.0
-181.0,-560.0,-17.0,139.0,-29.0,-75.0,-1062.0,107.0,-13.0,-222.0
-189.0,-501.0,84.0,184.0,15.0,29.0,-1227.0,-114.0,0.0,-230.0
-192.0,-276.0,99.0,152.0,5.0,260.0,-1282.0,-66.0,15.0,-228.0
-178.0,-127.0,27.0,111.0,83.0,93.0,-1167.0,351.0,24.0,-224.0
-170.0,234.0,45.0,10.0,87.0,1.0,-903.0,410.0,38.0,-207.0
-146.0,355.0,7.0,-189.0,-25.0,144.0,-507.0,310.0,57.0,-193.0
-142.0,206.0,-29.0,-341.0,8.0,321.0,-54.0,144.0,60.0,-202.0
-155.0,370.0,8.0,-408.0,-13.0,179.0,349.0,-20.0,68.0,-217.0
-143.0,358.0,41.0,-314.0,-58.0,-128.0,593.0,197.0,93.0,-216.0
-137.0,222.0,26.0,-81.0,2.0,11.0,637.0,243.0,138.0,-222.0
-130.0,280.0,28.0,-11.0,-56.0,240.0,481.0,169.0,167.0,-238.0
-123.0,454.0,14.0,-33.0,-111.0,78.0,222.0,24.0,163.0,-268.0
-116.0,152.0,-17.0,-39.0,-71.0,-100.0,119.0,7.0,157.0,-307.0
-134.0,-42.0,13.0,-65.0,-111.0,41.0,139.0,51.0,116.0,-322.0
-143.0,89.0,-33.0,-23.0,-100.0,234.0,138.0,-5.0,77.0,-336.0
-132.0,-13.0,2.0,53.0,-89.0,246.0,121.0,194.0,39.0,-330.0
-109.0,-98.0,71.0,167.0,-122.0,224.0,81.0,267.0,-2.0,-299.0
-118.0,-104.0,24.0,333.0,-41.0,274.0,-24.0,323.0,-31.0,-286.0
-113.0,22.0,20.0,372.0,9.0,171.0,-146.0,260.0,-69.0,-253.0
-101.0,18.0,40.0,237.0,25.0,128.0,-63.0,223.0,-93.0,-183.0
-116.0,117.0,75.0,74.0,29.0,111.0,121.0,419.0,-115.0,-131.0
-96.0,148.0,61.0,-8.0,-18.0,81.0,165.0,570.0,-145.0,-115.0
-99.0,26.0,48.0,-53.0,-11.0,188.0,8.0,742.0,-172.0,-101.0
-111.0,-38.0,63.0,-159.0,43.0,-47.0,-230.0,456.0,-199.0,-87.0
-114.0,-166.0,113.0,-179.0,57.0,-245.0,-409.0,107.0,-210.0,-120.0
-86.0,31.0,151.0,-98.0,32.0,-107.0,-505.0,-31.0,-217.0,-168.0
-81.0,93.0,119.0,-118.0,-5.0,27.0,-418.0,-1.0,-203.0,-186.0
-68.0,94.0,65.0,-93.0,59.0,4.0,-299.0,133.0,-169.0,-210.0
-57.0,-82.0,70.0,51.0,120.0,-73.0,-348.0,-51.0,-162.0,-249.0
-70.0,-371.0,85.0,132.0,19.0,75.0,-544.0,-103.0,-161.0,-265.0
-45.0,-302.0,19.0,115.0,23.0,69.0,-650.0,-90.0,-134.0,-258.0
-56.0,-435.0,-2.0,38.0,35.0,70.0,-495.0,236.0,-99.0,-270.0
-48.0,-535.0,-22.0,-65.0,46.0,127.0,-185.0,646.0,-45.0,-295.0
-35.0,-604.0,0.0,-129.0,66.0,124.0,104.0,334.0,0.0,-303.0
-12.0,-450.0,38.0,-85.0,-41.0,384.0,196.0,44.0,30.0,-296.0
0.0,-171.0,7.0,-11.0,29.0,432.0,211.0,72.0,70.0,-317.0
-13.0,108.0,-99.0,-10.0,70.0,310.0,224.0,203.0,100.0,-315.0
-19.0,376.0,-65.0,-41.0,-61.0,330.0,177.0,157.0,111.0,-269.0
-30.0,404.0,-12.0,-98.0,-72.0,437.0,81.0,70.0,119.0,-229.0
-21.0,606.0,-63.0,-152.0,-2.0,391.0,-37.0,297.0,137.0,-181.0
-29.0,399.0,-4.0,-173.0,-16.0,303.0,-118.0,339.0,133.0,-141.0
-19.0,104.0,-54.0,-131.0,-44.0,502.0,-211.0,290.0,108.0,-106.0
-23.0,280.0,-28.0,-4.0,-71.0,569.0,-328.0,168.0,94.0,-107.0
-10.0,371.0,-51.0,85.0,-90.0,306.0,-372.0,129.0,71.0,-123.0
30.0,157.0,-120.0,126.0,2.0,64.0,-294.0,312.0,39.0,-129.0
38.0,-54.0,-89.0,117.0,-42.0,339.0,-159.0,199.0,12.0,-155.0
42.0,-216.0,-112.0,90.0,-185.0,669.0,-4.0,38.0,0.0,-188.0
47.0,-349.0,-34.0,63.0,-186.0,438.0,124.0,48.0,-2.0,-232.0
59.0,-397.0,-23.0,58.0,-80.0,43.0,152.0,269.0,-15.0,-251.0
67.0,-362.0,-62.0,78.0,-52.0,-55.0,54.0,319.0,-23.0,-269.0
62.0,-159.0,-54.0,0.0,-117.0,224.0,-88.0,116.0,-2.0,-288.0
79.0,-201.0,-45.0,-39.0,-71.0,329.0,-162.0,77.0,11.0,-263.0
118.0,-66.0,-111.0,14.0,-5.0,12.0,-136.0,125.0,-6.0,-222.0
124.0,29.0,-112.0,103.0,-22.0,-148.0,33.0,410.0,-36.0,-173.0
120.0,111.0,-24.0,190.0,-62.0,-147.0,152.0,474.0,-63.0,-104.0
100.0,143.0,-103.0,218.0,-36.0,-329.0,95.0,273.0,-69.0,-24.0
87.0,-117.0,-112.0,220.0,45.0,-357.0,7.0,153.0,-62.0,36.0
78.0,-41.0,-105.0,156.0,111.0,-98.0,-80.0,169.0,-62.0,62.0
55.0,-18.0,-144.0,49.0,44.0,120.0,-249.0,382.0,-47.0,81.0
51.0,166.0,-103.0,-41.0,-31.0,-27.0,-428.0,412.0,-26.0,105.0
48.0,-79.0,-96.0,-64.0,92.0,-271.0,-543.0,502.0,-12.0,86.0
42.0,-345.0,-112.0,-29.0,116.0,-94.0,-681.0,532.0,-4.0,68.0
36.0,-35.0,-149.0,17.0,31.0,49.0,-736.0,434.0,-12.0,69.0
22.0,-199.0,-90.0,27.0,41.0,-28.0,-603.0,399.0,-23.0,49.0
-7.0,-238.0,-64.0,-53.0,71.0,-141.0,-276.0,184.0,-40.0,30.0
-29.0,-50.0,-88.0,-128.0,68.0,-61.0,84.0,216.0,-39.0,24.0
-33.0,21.0,-41.0,-124.0,5.0,95.0,325.0,323.0,-26.0,23.0
-22.0,22.0,-80.0,-10.0,-44.0,-33.0,310.0,400.0,-14.0,-4.0
-17.0,-68.0,-50.0,64.0,-27.0,-48.0,59.0,395.0,0.0,-33.0
7.0,-236.0,-15.0,27.0,7.0,95.0,12.0,188.0,-4.0,-42.0
12.0,-290.0,-57.0,19.0,-49.0,313.0,211.0,218.0,-1.0,-54.0
2.0,-142.0,-31.0,-134.0,-106.0,253.0,369.0,145.0,-35.0,-62.0
-14.0,-153.0,35.0,-239.0,-70.0,-77.0,310.0,120.0,-86.0,-59.0
-22.0,-188.0,35.0,-159.0,-23.0,-106.0,118.0,164.0,-80.0,-51.0
4.0,-38.0,10.0,-129.0,-55.0,149.0,-84.0,267.0,-61.0,-33.0
-16.0,135.0,29.0,-65.0,-127.0,292.0,-216.0,497.0,-49.0,-29.0
-8.0,264.0,-9.0,-38.0,-23.0,87.0,-213.0,402.0,-73.0,-26.0
-16.0,193.0,-5.0,-93.0,82.0,20.0,-202.0,365.0,-100.0,-19.0
-31.0,-33.0,-20.0,-213.0,5.0,108.0,-153.0,308.0,-91.0,-42.0
-44.0,57.0,-61.0,-185.0,-35.0,390.0,-27.0,376.0,-118.0,-88.0
-52.0,6.0,-45.0,-30.0,39.0,496.0,49.0,478.0,-156.0,-125.0
-44.0,-172.0,-58.0,72.0,33.0,183.0,-73.0,325.0,-156.0,-153.0
-46.0,22.0,-86.0,187.0,-37.0,100.0,-159.0,295.0,-180.0,-191.0
-24.0,146.0,-104.0,231.0,-31.0,-8.0,-70.0,31.0,-219.0,-216.0
-39.0,100.0,-135.0,197.0,0.0,111.0,-60.0,-83.0,-213.0,-231.0
-19.0,-51.0,-161.0,30.0,62.0,354.0,-158.0,12.0,-200.0,-259.0
-20.0,39.0,-84.0,-106.0,57.0,415.0,-232.0,57.0,-196.0,-285.0
-39.0,-5.0,-153.0,-218.0,-50.0,398.0,-205.0,105.0,-188.0,-303.0
-52.0,-251.0,-187.0,-279.0,-59.0,144.0,-132.0,-36.0,-170.0,-298.0
-53.0,-104.0,-77.0,-146.0,41.0,79.0,-81.0,-7.0,-127.0,-312.0
-47.0,-122.0,-165.0,-44.0,68.0,127.0,-98.0,-88.0,-89.0,-317.0
-68.0,76.0,-188.0,47.0,-76.0,131.0,-96.0,-72.0,-56.0,-282.0
-49.0,315.0,-201.0,110.0,-151.0,56.0,-9.0,136.0,-23.0,-264.0
-36.0,81.0,-200.0,132.0,-54.0,67.0,94.0,158.0,-2.0,-250.0
-45.0,-18.0,-111.0,217.0,-49.0,254.0,59.0,284.0,29.0,-227.0
-63.0,-108.0,-101.0,294.0,-141.0,219.0,-38.0,210.0,47.0,-209.0
-69.0,-261.0,-105.0,235.0,-165.0,118.0,79.0,164.0,29.0,-211.0
-85.0,-180.0,-99.0,159.0,-82.0,196.0,352.0,275.0,34.0,-232.0
-89.0,79.0,-73.0,69.0,-23.0,362.0,612.0,306.0,47.0,-239.0
-93.0,239.0,-60.0,-61.0,-94.0,509.0,682.0,328.0,32.0,-233.0
-102.0,333.0,3.0,-79.0,-132.0,359.0,608.0,304.0,22.0,-228.0
-116.0,249.0,-1.0,0.0,-49.0,54.0,568.0,312.0,13.0,-216.0
-126.0,132.0,0.0,76.0,22.0,118.0,628.0,57.0,-6.0,-185.0
-143.0,150.0,61.0,68.0,33.0,413.0,676.0,-105.0,-6.0,-173.0
-168.0,26.0,0.0,76.0,2.0,565.0,456.0,-14.0,-7.0,-186.0
-151.0,-294.0,12.0,18.0,0.0,487.0,42.0,57.0,-32.0,-187.0
-134.0,-347.0,42.0,-161.0,102.0,550.0,-453.0,155.0,-74.0,-181.0
-86.0,-111.0,12.0,-308.0,111.0,627.0,-901.0,42.0,-97.0,-195.0
-73.0,-228.0,-40.0,-386.0,-9.0,555.0,-1199.0,55.0,-117.0,-178.0
-53.0,-225.0,-97.0,-380.0,25.0,591.0,-1312.0,88.0,-142.0,-120.0
-31.0,-188.0,-116.0,-253.0,150.0,496.0,-1153.0,99.0,-149.0,-89.0
-24.0,42.0,-103.0,-60.0,105.0,285.0,-824.0,245.0,-162.0,-58.0
-36.0,132.0,-138.0,108.0,-3.0,37.0,-526.0,232.0,-165.0,-26.0
-50.0,-310.0,-174.0,244.0,-50.0,103.0,-347.0,197.0,-138.0,-5.0
-32.0,-69.0,-105.0,200.0,73.0,239.0,-47.0,-5.0,-101.0,-2.0
-23.0,172.0,-160.0,72.0,87.0,197.0,463.0,-103.0,-73.0,-25.0
3.0,193.0,-199.0,21.0,-153.0,333.0,892.0,-9.0,-49.0,-59.0
0.0,83.0,-219.0,7.0,-105.0,223.0,952.0,96.0,-35.0,-97.0
38.0,51.0,-233.0,51.0,-16.0,108.0,753.0,218.0,-20.0,-126.0
34.0,229.0,-168.0,89.0,-30.0,71.0,617.0,35.0,20.0,-141.0
32.0,172.0,-172.0,128.0,8.0,148.0,562.0,-44.0,20.0,-116.0
17.0,375.0,-124.0,112.0,-41.0,307.0,378.0,25.0,-8.0,-103.0
3.0,297.0,-129.0,-6.0,37.0,231.0,15.0,133.0,-22.0,-114.0
40.0,216.0,-101.0,-117.0,128.0,191.0,-218.0,216.0,-29.0,-112.0
29.0,241.0,-36.0,-205.0,4.0,-31.0,-163.0,18.0,-24.0,-108.0
65.0,94.0,-64.0,-230.0,-78.0,-114.0,-119.0,-171.0,-30.0,-120.0
52.0,-110.0,-61.0,-158.0,14.0,-12.0,-333.0,-419.0,-44.0,-143.0
55.0,-179.0,-40.0,-65.0,-18.0,196.0,-472.0,-400.0,-71.0,-129.0
38.0,122.0,5.0,-97.0,-78.0,318.0,-214.0,-242.0,-93.0,-122.0
28.0,-183.0,49.0,-187.0,-64.0,125.0,235.0,-230.0,-114.0,-110.0
29.0,-490.0,96.0,-150.0,-66.0,87.0,489.0,-35.0,-134.0,-45.0
19.0,68.0,49.0,-51.0,72.0,35.0,483.0,-3.0,-142.0,32.0
40.0,297.0,-2.0,14.0,25.0,250.0,502.0,-90.0,-159.0,70.0
11.0,-20.0,34.0,22.0,-111.0,530.0,517.0,-273.0,-162.0,83.0
20.0,269.0,65.0,0.0,-41.0,479.0,351.0,-269.0,-162.0,131.0
-2.0,342.0,100.0,-82.0,30.0,337.0,38.0,-3.0,-173.0,159.0
-10.0,44.0,18.0,-126.0,31.0,198.0,-188.0,83.0,-170.0,145.0
-10.0,158.0,-28.0,-65.0,-31.0,112.0,-261.0,221.0,-142.0,120.0
-3.0,104.0,-58.0,-52.0,-33.0,-37.0,-277.0,131.0,-125.0,89.0
-4.0,124.0,-113.0,-41.0,-5.0,154.0,-273.0,-40.0,-100.0,38.0
3.0,125.0,-91.0,-28.0,39.0,390.0,-215.0,-279.0,-64.0,-27.0
24.0,-3.0,-136.0,-42.0,53.0,237.0,32.0,-622.0,-46.0,-68.0
5.0,-204.0,-145.0,-58.0,-16.0,70.0,269.0,-633.0,-5.0,-98.0
0.0,-156.0,-149.0,-92.0,16.0,108.0,246.0,-517.0,37.0,-151.0
-15.0,-200.0,-149.0,-38.0,57.0,318.0,43.0,-273.0,70.0,-194.0
-12.0,-400.0,-174.0,-13.0,-6.0,351.0,-115.0,-212.0,81.0,-200.0
-43.0,-289.0,-240.0,-35.0,-49.0,239.0,-117.0,-188.0,60.0,-209.0
-47.0,-440.0,-188.0,-19.0,32.0,133.0,-67.0,-48.0,69.0,-209.0
-68.0,-127.0,-191.0,13.0,89.0,158.0,-82.0,-118.0,76.0,-175.0
-54.0,36.0,-189.0,111.0,12.0,147.0,-79.0,-262.0,82.0,-133.0
-15.0,48.0,-131.0,123.0,-51.0,-81.0,13.0,-473.0,77.0,-122.0
-22.0,392.0,-196.0,116.0,-14.0,-89.0,-5.0,-341.0,49.0,-151.0
-4.0,351.0,-147.0,97.0,64.0,22.0,-163.0,-240.0,43.0,-167.0
-17.0,409.0,-16.0,-1.0,50.0,-98.0,-310.0,-351.0,28.0,-183.0
-11.0,416.0,-62.0,-37.0,-32.0,-265.0,-375.0,-360.0,20.0,-223.0
-18.0,352.0,-79.0,-41.0,-13.0,-116.0,-417.0,-400.0,-8.0,-264.0
4.0,252.0,-63.0,-28.0,50.0,189.0,-435.0,-190.0,-45.0,-283.0
41.0,226.0,-79.0,-6.0,-7.0,110.0,-381.0,-105.0,-47.0,-305.0
81.0,97.0,-44.0,6.0,-62.0,-143.0,-297.0,-94.0,-65.0,-329.0
99.0,-175.0,0.0,38.0,-17.0,-8.0,-225.0,-59.0,-79.0,-330.0
104.0,141.0,-8.0,66.0,1.0,210.0,-165.0,-157.0,-114.0,-318.0
131.0,147.0,18.0,104.0,-2.0,152.0,-55.0,-181.0,-157.0,-296.0
122.0,-397.0,46.0,138.0,-66.0,43.0,49.0,-380.0,-156.0,-260.0
116.0,-366.0,-27.0,159.0,-123.0,102.0,177.0,-310.0,-169.0,-202.0
78.0,-372.0,38.0,145.0,58.0,206.0,325.0,-14.0,-192.0,-162.0
84.0,-394.0,40.0,51.0,105.0,177.0,436.0,131.0,-215.0,-138.0
102.0,-203.0,-8.0,-38.0,-106.0,95.0,499.0,20.0,-221.0,-92.0
121.0,-584.0,89.0,-109.0,-71.0,42.0,504.0,-306.0,-212.0,-41.0
124.0,-411.0,45.0,-183.0,67.0,161.0,478.0,-284.0,-191.0,-9.0
109.0,29.0,37.0,-244.0,14.0,128.0,422.0,-271.0,-145.0,20.0
89.0,-27.0,58.0,-190.0,-52.0,-183.0,439.0,-223.0,-120.0,63.0
55.0,30.0,-32.0,-124.0,-31.0,-173.0,480.0,-90.0,-93.0,108.0
47.0,200.0,19.0,-104.0,4.0,0.0,525.0,-120.0,-59.0,128.0
2.0,195.0,89.0,-49.0,41.0,103.0,610.0,-120.0,-20.0,129.0
-8.0,-272.0,80.0,-65.0,17.0,184.0,607.0,-275.0,37.0,171.0
-18.0,-290.0,105.0,-69.0,-21.0,185.0,438.0,-219.0,69.0,199.0
-16.0,-65.0,73.0,-75.0,-15.0,158.0,183.0,-151.0,98.0,188.0
-21.0,-242.0,32.0,-131.0,-43.0,110.0,-68.0,-245.0,132.0,190.0
-31.0,-376.0,63.0,-136.0,-72.0,85.0,-268.0,-332.0,146.0,195.0
-28.0,-393.0,57.0,-86.0,-151.0,12.0,-417.0,-620.0,149.0,188.0
-40.0,-319.0,55.0,-73.0,-110.0,131.0,-633.0,-705.0,163.0,179.0
-17.0,-391.0,109.0,-81.0,20.0,231.0,-835.0,-696.0,164.0,173.0
0.0,-183.0,111.0,-117.0,-40.0,33.0,-929.0,-465.0,133.0,155.0
31.0,290.0,102.0,-193.0,-78.0,-61.0,-892.0,-155.0,112.0,130.0
45.0,446.0,119.0,-193.0,-15.0,0.0,-794.0,-175.0,91.0,93.0
70.0,390.0,127.0,-155.0,41.0,12.0,-646.0,-227.0,45.0,62.0
68.0,306.0,119.0,-91.0,23.0,-191.0,-335.0,-376.0,2.0,32.0
79.0,410.0,145.0,-16.0,-87.0,-352.0,59.0,-336.0,-8.0,-5.0
102.0,358.0,178.0,-22.0,-58.0,-240.0,450.0,-400.0,-17.0,-47.0
110.0,131.0,110.0,-38.0,42.0,-58.0,634.0,-565.0,-39.0,-74.0
133.0,110.0,106.0,21.0,-8.0,-20.0,564.0,-295.0,-41.0,-74.0
116.0,-13.0,86.0,109.0,-49.0,-214.0,357.0,-64.0,-41.0,-64.0
116.0,-67.0,29.0,170.0,19.0,-383.0,45.0,-31.0,-36.0,-33.0
82.0,41.0,115.0,141.0,65.0,-293.0,-319.0,-214.0,-4.0,15.0
98.0,-75.0,58.0,71.0,38.0,-312.0,-570.0,-251.0,17.0,82.0
95.0,-146.0,0.0,0.0,-47.0,-442.0,-524.0,-116.0,23.0,168.0
91.0,-119.0,-7.0,-106.0,-12.0,-312.0,-221.0,-77.0,28.0,248.0
96.0,-127.0,-58.0,-189.0,68.0,-334.0,215.0,-18.0,25.0,314.0
65.0,-15.0,-20.0,-195.0,21.0,-620.0,598.0,-64.0,29.0,347.0
52.0,84.0,-26.0,-147.0,34.0,-719.0,920.0,53.0,60.0,340.0
16.0,217.0,-4.0,-78.0,17.0,-516.0,1155.0,-66.0,92.0,311.0
34.0,165.0,7.0,-37.0,39.0,-204.0,1119.0,-443.0,112.0,260.0
17.0,143.0,44.0,-29.0,100.0,47.0,841.0,-630.0,130.0,194.0
37.0,256.0,72.0,-17.0,-38.0,140.0,551.0,-670.0,152.0,117.0
36.0,15.0,36.0,-104.0,-79.0,49.0,358.0,-456.0,175.0,49.0
30.0,129.0,56.0,-152.0,38.0,-31.0,141.0,-404.0,175.0,0.0
37.0,339.0,76.0,-114.0,49.0,-139.0,-95.0,-352.0,156.0,-42.0
32.0,47.0,98.0,-145.0,7.0,-125.0,-266.0,-236.0,138.0,-50.0
48.0,-153.0,106.0,-181.0,27.0,-48.0,-292.0,-77.0,118.0,-53.0
18.0,74.0,124.0,-115.0,42.0,-101.0,-171.0,90.0,88.0,-44.0
65.0,411.0,126.0,19.0,86.0,-237.0,-21.0,-140.0,79.0,-14.0
51.0,258.0,85.0,31.0,20.0,-379.0,62.0,-219.0,66.0,12.0
33.0,-131.0,77.0,-53.0,-92.0,-121.0,74.0,-254.0,30.0,58.0
16.0,-425.0,116.0,-190.0,28.0,1.0,85.0,-234.0,6.0,96.0
22.0,-456.0,98.0,-220.0,45.0,-179.0,44.0,-103.0,-13.0,121.0
46.0,-336.0,121.0,-114.0,-53.0,-250.0,-156.0,-168.0,-24.0,134.0
29.0,-462.0,108.0,-82.0,-45.0,-387.0,-453.0,-36.0,-19.0,135.0
44.0,-309.0,9.0,-59.0,13.0,-456.0,-660.0,-1.0,-12.0,113.0
22.0,-11.0,44.0,-81.0,70.0,-359.0,-774.0,49.0,-17.0,68.0
33.0,14.0,31.0,-131.0,1.0,-183.0,-862.0,236.0,-24.0,43.0
-1.0,257.0,22.0,-200.0,-47.0,-121.0,-864.0,362.0,-6.0,18.0
-21.0,462.0,61.0,-270.0,-25.0,-120.0,-672.0,288.0,19.0,-23.0
-30.0,525.0,34.0,-186.0,-17.0,-229.0,-253.0,-157.0,43.0,-32.0
-18.0,620.0,18.0,-117.0,15.0,-452.0,291.0,-328.0,72.0,-8.0
15.0,448.0,43.0,-145.0,-42.0,-528.0,755.0,-441.0,68.0,25.0
22.0,176.0,0.0,-134.0,-49.0,-480.0,1035.0,-521.0,74.0,61.0
50.0,233.0,-71.0,-96.0,72.0,-340.0,1140.0,-406.0,98.0,72.0
38.0,159.0,-56.0,-53.0,58.0,-309.0,1067.0,-461.0,122.0,97.0
42.0,-230.0,-106.0,-12.0,-53.0,-431.0,838.0,-380.0,155.0,124.0
21.0,-226.0,-61.0,46.0,-50.0,-601.0,388.0,-397.0,165.0,127.0
34.0,-483.0,7.0,69.0,69.0,-477.0,-129.0,-452.0,180.0,132.0
53.0,-878.0,-35.0,27.0,93.0,-39.0,-452.0,-447.0,199.0,125.0
49.0,-582.0,-9.0,-35.0,-12.0,178.0,-550.0,-297.0,184.0,103.0
57.0,-199.0,-29.0,-81.0,-30.0,186.0,-547.0,110.0,144.0,57.0
42.0,-305.0,-33.0,-34.0,70.0,45.0,-551.0,206.0,141.0,29.0
58.0,-342.0,78.0,73.0,95.0,-169.0,-461.0,164.0,130.0,3.0
50.0,-54.0,147.0,113.0,-8.0,-273.0,-282.0,70.0,94.0,-37.0
31.0,-244.0,152.0,59.0,-105.0,-133.0,-4.0,49.0,88.0,-54.0
22.0,-159.0,176.0,11.0,-33.0,-11.0,226.0,49.0,83.0,-56.0
10.0,50.0,146.0,32.0,70.0,-59.0,291.0,-112.0,71.0,-48.0
-8.0,-37.0,144.0,138.0,-12.0,-119.0,306.0,-138.0,41.0,-58.0
-19.0,62.0,184.0,231.0,-43.0,-92.0,230.0,-264.0,27.0,-52.0
-29.0,54.0,146.0,215.0,20.0,135.0,38.0,-358.0,14.0,-30.0
-15.0,197.0,143.0,172.0,64.0,74.0,-225.0,-559.0,-9.0,-26.0
6.0,-50.0,141.0,182.0,82.0,-167.0,-384.0,-737.0,-25.0,-26.0
1.0,-382.0,135.0,200.0,-15.0,-380.0,-422.0,-474.0,-42.0,-11.0
-10.0,-288.0,119.0,269.0,-29.0,-477.0,-445.0,-75.0,-42.0,7.0
-29.0,-183.0,114.0,292.0,91.0,-390.0,-474.0,454.0,-75.0,0.0
-31.0,-11.0,105.0,189.0,16.0,-443.0,-451.0,685.0,-88.0,22.0
-38.0,-175.0,46.0,52.0,-92.0,-281.0,-277.0,596.0,-88.0,53.0
-27.0,-300.0,74.0,-121.0,56.0,2.0,-1.0,413.0,-121.0,78.0
-7.0,9.0,72.0,-234.0,103.0,43.0,336.0,96.0,-131.0,97.0
-2.0,-7.0,43.0,-332.0,-6.0,-300.0,606.0,-86.0,-137.0,105.0
-7.0,-350.0,27.0,-410.0,-69.0,-653.0,738.0,-153.0,-132.0,119.0
-8.0,-543.0,-24.0,-419.0,-66.0,-544.0,756.0,133.0,-100.0,102.0
19.0,-484.0,-31.0,-415.0,13.0,-201.0,678.0,504.0,-60.0,101.0
39.0,-372.0,55.0,-332.0,18.0,108.0,515.0,624.0,-13.0,106.0
50.0,-444.0,86.0,-227.0,-55.0,144.0,296.0,400.0,16.0,105.0
54.0,-246.0,11.0,-134.0,-55.0,173.0,174.0,-186.0,41.0,110.0
75.0,-47.0,27.0,-11.0,50.0,74.0,164.0,-498.0,84.0,101.0
79.0,153.0,-14.0,110.0,98.0,-158.0,219.0,-631.0,124.0,111.0
73.0,533.0,-19.0,150.0,45.0,-248.0,258.0,-456.0,152.0,105.0
77.0,611.0,49.0,119.0,64.0,-194.0,261.0,64.0,180.0,88.0
81.0,621.0,28.0,109.0,170.0,62.0,239.0,384.0,194.0,94.0
81.0,363.0,33.0,131.0,96.0,63.0,143.0,380.0,186.0,102.0
59.0,-20.0,36.0,121.0,-64.0,-101.0,-47.0,-18.0,197.0,109.0
48.0,-47.0,20.0,90.0,2.0,-137.0,-317.0,-188.0,218.0,135.0
47.0,-28.0,39.0,110.0,64.0,-148.0,-597.0,-184.0,230.0,182.0
71.0,-253.0,55.0,136.0,20.0,-310.0,-867.0,-116.0,210.0,228.0
75.0,-532.0,-16.0,195.0,-51.0,-548.0,-1153.0,264.0,178.0,269.0
70.0,-536.0,-21.0,208.0,-112.0,-566.0,-1385.0,522.0,160.0,311.0
69.0,-360.0,0.0,137.0,23.0,-628.0,-1405.0,532.0,128.0,346.0
73.0,-266.0,-3.0,69.0,50.0,-795.0,-1222.0,73.0,116.0,374.0
53.0,10.0,10.0,-45.0,-127.0,-638.0,-919.0,-253.0,95.0,381.0
14.0,345.0,-27.0,-66.0,-93.0,-146.0,-665.0,-223.0,59.0,376.0
45.0,419.0,-59.0,22.0,-14.0,63.0,-479.0,-60.0,10.0,359.0
56.0,504.0,-68.0,58.0,-31.0,-194.0,-229.0,375.0,-34.0,315.0
48.0,268.0,-20.0,29.0,-21.0,-582.0,46.0,391.0,-31.0,280.0
34.0,141.0,-4.0,-89.0,-45.0,-609.0,346.0,94.0,-41.0,260.0
36.0,446.0,-4.0,-165.0,12.0,-231.0,638.0,-232.0,-47.0,251.0
51.0,550.0,-44.0,-190.0,53.0,-3.0,877.0,-304.0,-63.0,240.0
30.0,391.0,-82.0,-187.0,-92.0,179.0,932.0,-86.0,-85.0,256.0
34.0,245.0,-61.0,-100.0,-151.0,298.0,830.0,-166.0,-76.0,301.0
33.0,412.0,-59.0,-83.0,-50.0,131.0,635.0,-354.0,-74.0,322.0
25.0,340.0,-28.0,-96.0,0.0,-153.0,440.0,-452.0,-62.0,334.0
13.0,48.0,0.0,-156.0,-78.0,-469.0,414.0,-229.0,-51.0,382.0
14.0,-27.0,28.0,-195.0,-138.0,-517.0,452.0,-97.0,-37.0,434.0
12.0,-252.0,4.0,-95.0,-20.0,-308.0,454.0,-203.0,-17.0,429.0
9.0,-518.0,31.0,33.0,48.0,-340.0,347.0,31.0,9.0,413.0
14.0,-620.0,27.0,79.0,-70.0,-382.0,278.0,227.0,25.0,394.0
15.0,-779.0,-37.0,10.0,-137.0,-142.0,239.0,262.0,31.0,366.0
25.0,-577.0,19.0,-86.0,-69.0,40.0,148.0,60.0,63.0,317.0
-1.0,-43.0,15.0,-127.0,17.0,98.0,3.0,-134.0,83.0,265.0
-22.0,-135.0,12.0,-67.0,-24.0,-28.0,-223.0,-35.0,58.0,235.0
-25.0,-316.0,39.0,-113.0,-141.0,-244.0,-415.0,114.0,27.0,181.0
-11.0,-205.0,-8.0,-121.0,-55.0,-467.0,-613.0,349.0,45.0,157.0
1.0,9.0,-60.0,-1.0,66.0,-653.0,-713.0,253.0,69.0,141.0
9.0,284.0,-58.0,48.0,-23.0,-446.0,-707.0,14.0,70.0,108.0
36.0,246.0,-16.0,38.0,-120.0,28.0,-638.0,-133.0,65.0,90.0
49.0,346.0,-25.0,-74.0,-99.0,353.0,-510.0,-194.0,60.0,79.0
37.0,412.0,-36.0,-147.0,4.0,198.0,-451.0,-83.0,57.0,87.0
22.0,362.0,-89.0,-150.0,79.0,-208.0,-485.0,84.0,65.0,89.0
39.0,246.0,-128.0,-71.0,-17.0,-317.0,-509.0,554.0,80.0,69.0
46.0,102.0,-110.0,-35.0,-142.0,-165.0,-372.0,731.0,74.0,78.0
51.0,323.0,-130.0,-129.0,80.0,-106.0,-166.0,452.0,37.0,82.0
70.0,146.0,-103.0,-155.0,224.0,-38.0,-31.0,11.0,14.0,48.0
66.0,-121.0,-75.0,-126.0,-3.0,223.0,23.0,-382.0,2.0,26.0
67.0,-125.0,-80.0,-17.0,-16.0,395.0,109.0,-426.0,-25.0,5.0
67.0,-71.0,-37.0,82.0,133.0,318.0,254.0,-363.0,-41.0,-32.0
51.0,148.0,-11.0,154.0,125.0,33.0,368.0,142.0,-53.0,-63.0
49.0,111.0,2.0,166.0,-12.0,-94.0,413.0,691.0,-64.0,-78.0
68.0,260.0,9.0,20.0,-72.0,-8.0,368.0,709.0,-83.0,-100.0
77.0,482.0,37.0,-24.0,1.0,-50.0,247.0,367.0,-99.0,-127.0
65.0,366.0,120.0,16.0,112.0,-125.0,77.0,-68.0,-100.0,-107.0
55.0,240.0,128.0,27.0,60.0,-131.0,-106.0,-73.0,-86.0,-67.0
58.0,219.0,97.0,106.0,-111.0,-25.0,-312.0,3.0,-84.0,-29.0
52.0,244.0,91.0,117.0,-7.0,50.0,-402.0,121.0,-81.0,13.0
55.0,96.0,114.0,30.0,118.0,-95.0,-322.0,253.0,-66.0,67.0
79.0,-50.0,153.0,-39.0,2.0,-300.0,-198.0,225.0,-75.0,126.0
98.0,102.0,150.0,-53.0,-112.0,-442.0,-103.0,288.0,-54.0,169.0
106.0,216.0,84.0,-52.0,-23.0,-360.0,15.0,40.0,-34.0,188.0
98.0,44.0,14.0,-31.0,106.0,90.0,227.0,-199.0,-12.0,196.0
76.0,19.0,26.0,-10.0,74.0,452.0,449.0,-210.0,20.0,225.0
50.0,141.0,7.0,-130.0,-94.0,452.0,602.0,-48.0,53.0,257.0
23.0,116.0,-4.0,-228.0,-84.0,139.0,570.0,262.0,91.0,272.0
13.0,-47.0,-25.0,-208.0,187.0,-277.0,393.0,295.0,92.0,295.0
2.0,149.0,-37.0,-121.0,108.0,-359.0,208.0,367.0,92.0,328.0
3.0,355.0,-9.0,-24.0,-91.0,-242.0,7.0,349.0,76.0,360.0
5.0,167.0,-54.0,18.0,27.0,-60.0,-223.0,303.0,66.0,399.0
-1.0,439.0,-84.0,41.0,158.0,82.0,-345.0,157.0,51.0,421.0
0.0,484.0,-70.0,-4.0,107.0,127.0,-281.0,-103.0,22.0,431.0
-9.0,330.0,-28.0,-35.0,9.0,118.0,-140.0,212.0,32.0,434.0
-28.0,647.0,-42.0,-15.0,42.0,63.0,-35.0,641.0,22.0,423.0
-56.0,753.0,-43.0,66.0,107.0,92.0,-22.0,960.0,13.0,407.0
-40.0,529.0,2.0,100.0,114.0,129.0,-12.0,790.0,0.0,371.0
-35.0,303.0,-28.0,40.0,-53.0,181.0,-12.0,96.0,-25.0,339.0
-19.0,279.0,-40.0,86.0,-137.0,185.0,-31.0,-482.0,-29.0,314.0
20.0,-28.0,-65.0,166.0,39.0,160.0,27.0,-888.0,-16.0,312.0
24.0,-298.0,-94.0,224.0,55.0,226.0,201.0,-726.0,26.0,320.0
29.0,-232.0,-8.0,143.0,-95.0,291.0,397.0,-415.0,53.0,310.0
-9.0,-262.0,-7.0,30.0,-77.0,413.0,523.0,-149.0,72.0,316.0
-15.0,-306.0,-14.0,-38.0,96.0,507.0,576.0,264.0,101.0,321.0
-34.0,-450.0,3.0,-112.0,110.0,68.0,521.0,576.0,119.0,321.0
-42.0,-395.0,-81.0,-18.0,14.0,-580.0,457.0,709.0,133.0,290.0
-23.0,-179.0,-50.0,96.0,-67.0,-632.0,426.0,655.0,149.0,267.0
-25.0,-126.0,-26.0,170.0,4.0,-241.0,348.0,866.0,152.0,268.0
-2.0,-182.0,-53.0,186.0,174.0,180.0,117.0,1036.0,143.0,221.0
-5.0,-221.0,-33.0,136.0,1.0,261.0,-199.0,944.0,126.0,188.0
10.0,-318.0,-16.0,72.0,-157.0,126.0,-447.0,674.0,108.0,183.0
8.0,-411.0,-30.0,72.0,5.0,-73.0,-649.0,94.0,106.0,162.0
-6.0,-178.0,-18.0,131.0,99.0,-357.0,-859.0,-467.0,82.0,147.0
-11.0,-329.0,37.0,104.0,-46.0,-392.0,-1024.0,-899.0,40.0,157.0
-14.0,-501.0,-18.0,52.0,-146.0,-203.0,-1087.0,-831.0,18.0,193.0
-18.0,-231.0,10.0,58.0,4.0,132.0,-1120.0,-471.0,0.0,204.0
0.0,-198.0,66.0,93.0,96.0,179.0,-1047.0,-171.0,-5.0,208.0
25.0,-213.0,68.0,88.0,37.0,35.0,-784.0,232.0,0.0,236.0
31.0,-142.0,96.0,145.0,-64.0,129.0,-300.0,491.0,6.0,259.0
39.0,-4.0,99.0,141.0,-47.0,252.0,384.0,698.0,1.0,253.0
19.0,-64.0,68.0,119.0,141.0,262.0,1079.0,814.0,-25.0,228.0
13.0,42.0,-9.0,161.0,103.0,221.0,1613.0,971.0,-43.0,249.0
1.0,165.0,25.0,121.0,-69.0,271.0,1913.0,1003.0,-70.0,265.0
25.0,106.0,112.0,66.0,26.0,117.0,2054.0,637.0,-91.0,254.0
26.0,195.0,90.0,-13.0,183.0,-60.0,2062.0,476.0,-94.0,259.0
25.0,63.0,32.0,-16.0,141.0,-35.0,1922.0,208.0,-112.0,274.0
14.0,141.0,20.0,15.0,29.0,128.0,1643.0,-391.0,-106.0,277.0
-22.0,227.0,-56.0,-28.0,27.0,214.0,1270.0,-1130.0,-117.0,252.0
-45.0,112.0,-58.0,-88.0,185.0,-10.0,838.0,-1509.0,-129.0,235.0
-75.0,92.0,-64.0,-144.0,222.0,-233.0,335.0,-1182.0,-108.0,205.0
-52.0,211.0,-135.0,-103.0,-33.0,-269.0,-189.0,-868.0,-92.0,152.0
-70.0,85.0,-35.0,40.0,-142.0,-11.0,-670.0,-410.0,-81.0,100.0
-58.0,-151.0,-104.0,134.0,52.0,210.0,-960.0,280.0,-92.0,56.0
-52.0,-73.0,-152.0,187.0,114.0,326.0,-1002.0,1095.0,-95.0,38.0
-38.0,-78.0,-78.0,216.0,-63.0,260.0,-895.0,1683.0,-73.0,7.0
-35.0,-188.0,-88.0,191.0,-123.0,-148.0,-832.0,1629.0,-56.0,-6.0
-61.0,-200.0,-101.0,82.0,22.0,-437.0,-785.0,1609.0,-42.0,8.0
-51.0,141.0,-149.0,-38.0,81.0,-354.0,-658.0,1476.0,-35.0,13.0
-74.0,275.0,-119.0,89.0,-70.0,98.0,-505.0,1093.0,-40.0,20.0
-42.0,353.0,-120.0,152.0,-134.0,349.0,-418.0,432.0,-48.0,41.0
-47.0,383.0,-81.0,76.0,24.0,150.0,-456.0,-421.0,-48.0,88.0
-19.0,83.0,-94.0,41.0,102.0,-91.0,-390.0,-940.0,-32.0,101.0
1.0,-156.0,-126.0,17.0,-17.0,-91.0,-147.0,-1186.0,-29.0,80.0
18.0,-189.0,-103.0,124.0,-151.0,75.0,160.0,-1047.0,-42.0,91.0
47.0,40.0,-88.0,152.0,-43.0,145.0,404.0,-831.0,-28.0,114.0
51.0,-56.0,31.0,183.0,175.0,183.0,555.0,-423.0,-8.0,120.0
80.0,4.0,-14.0,237.0,115.0,308.0,684.0,245.0,-6.0,126.0
72.0,86.0,-8.0,198.0,-72.0,516.0,696.0,589.0,-23.0,170.0
89.0,118.0,19.0,153.0,-70.0,555.0,582.0,779.0,-30.0,193.0
79.0,32.0,-30.0,59.0,112.0,519.0,366.0,957.0,-19.0,192.0
117.0,-119.0,9.0,-11.0,153.0,525.0,195.0,1230.0,-9.0,208.0
129.0,243.0,13.0,-44.0,-103.0,631.0,238.0,1152.0,11.0,217.0
135.0,72.0,6.0,-4.0,-71.0,632.0,398.0,694.0,30.0,211.0
142.0,103.0,-2.0,101.0,199.0,246.0,515.0,484.0,46.0,198.0
134.0,390.0,14.0,202.0,62.0,107.0,571.0,166.0,67.0,210.0
141.0,221.0,15.0,232.0,-166.0,306.0,589.0,-452.0,79.0,205.0
114.0,146.0,57.0,221.0,-65.0,590.0,478.0,-1199.0,75.0,172.0
135.0,253.0,82.0,163.0,85.0,653.0,299.0,-1356.0,66.0,162.0
127.0,184.0,52.0,62.0,52.0,469.0,221.0,-916.0,68.0,169.0
140.0,-168.0,71.0,48.0,-79.0,373.0,186.0,-539.0,65.0,175.0
121.0,-68.0,78.0,55.0,-210.0,329.0,52.0,-121.0,66.0,163.0
122.0,-55.0,81.0,96.0,-11.0,385.0,-154.0,168.0,67.0,160.0
124.0,-148.0,56.0,179.0,191.0,467.0,-369.0,580.0,52.0,180.0
106.0,-88.0,20.0,219.0,-39.0,665.0,-498.0,912.0,18.0,167.0
115.0,-224.0,25.0,189.0,-87.0,690.0,-541.0,853.0,-16.0,149.0
90.0,-187.0,13.0,139.0,128.0,404.0,-594.0,556.0,-34.0,158.0
84.0,-52.0,37.0,133.0,168.0,150.0,-654.0,3.0,-61.0,163.0
65.0,-35.0,27.0,94.0,78.0,183.0,-607.0,-234.0,-75.0,169.0
70.0,72.0,-34.0,79.0,0.0,371.0,-366.0,-419.0,-69.0,182.0
35.0,222.0,-14.0,108.0,49.0,229.0,28.0,-550.0,-72.0,207.0
27.0,76.0,-36.0,149.0,215.0,242.0,456.0,-504.0,-66.0,220.0
22.0,9.0,-41.0,114.0,108.0,534.0,790.0,-393.0,-46.0,208.0
5.0,-100.0,18.0,87.0,-141.0,646.0,1113.0,92.0,-30.0,220.0
34.0,-79.0,11.0,114.0,29.0,478.0,1432.0,672.0,-26.0,255.0
44.0,100.0,58.0,79.0,252.0,279.0,1576.0,1507.0,-25.0,257.0
41.0,95.0,91.0,155.0,131.0,312.0,1425.0,2078.0,-20.0,229.0
14.0,176.0,29.0,200.0,-37.0,266.0,1034.0,1829.0,-11.0,228.0
13.0,-10.0,85.0,168.0,-43.0,115.0,571.0,947.0,-6.0,230.0
5.0,113.0,94.0,176.0,122.0,95.0,131.0,-247.0,-16.0,173.0
0.0,220.0,50.0,204.0,150.0,355.0,-188.0,-1014.0,-12.0,102.0
-10.0,74.0,127.0,193.0,-53.0,575.0,-459.0,-1529.0,3.0,65.0
0.0,95.0,135.0,211.0,-24.0,486.0,-667.0,-1681.0,-20.0,15.0
17.0,-107.0,109.0,278.0,176.0,381.0,-780.0,-1485.0,-21.0,-28.0
27.0,-118.0,88.0,211.0,126.0,427.0,-831.0,-1169.0,0.0,-33.0
46.0,-340.0,34.0,89.0,-52.0,440.0,-797.0,-378.0,-10.0,-53.0
30.0,-405.0,30.0,-89.0,-91.0,294.0,-687.0,545.0,-12.0,-89.0
32.0,-325.0,46.0,-83.0,22.0,388.0,-460.0,1400.0,-19.0,-108.0
42.0,-433.0,-4.0,1.0,35.0,773.0,-283.0,1766.0,-27.0,-96.0
32.0,-215.0,0.0,-24.0,-135.0,1012.0,-325.0,1734.0,-16.0,-89.0
41.0,-68.0,32.0,12.0,-141.0,880.0,-501.0,1795.0,-12.0,-107.0
69.0,131.0,5.0,-35.0,34.0,584.0,-578.0,1489.0,-16.0,-96.0
73.0,85.0,35.0,-97.0,116.0,559.0,-458.0,654.0,-7.0,-57.0
79.0,42.0,24.0,-129.0,-50.0,743.0,-195.0,-532.0,-8.0,-54.0
77.0,94.0,5.0,-58.0,-251.0,863.0,107.0,-1326.0,-10.0,-40.0
77.0,33.0,5.0,40.0,-82.0,934.0,389.0,-1685.0,3.0,17.0
71.0,106.0,-3.0,86.0,75.0,886.0,673.0,-1947.0,-7.0,61.0
63.0,142.0,-14.0,31.0,-142.0,684.0,823.0,-1762.0,-3.0,80.0
71.0,310.0,-21.0,-51.0,-235.0,469.0,816.0,-1376.0,10.0,96.0
80.0,173.0,-24.0,0.0,-75.0,219.0,726.0,-803.0,-5.0,125.0
92.0,-53.0,-23.0,53.0,63.0,75.0,631.0,-314.0,-26.0,117.0
79.0,10.0,16.0,116.0,27.0,173.0,543.0,319.0,-31.0,73.0
81.0,273.0,-42.0,110.0,-134.0,197.0,430.0,1378.0,-10.0,47.0
54.0,292.0,-41.0,147.0,-28.0,69.0,294.0,2285.0,-17.0,34.0
56.0,-83.0,17.0,119.0,116.0,-73.0,166.0,2860.0,-30.0,-17.0
77.0,-153.0,-9.0,65.0,15.0,0.0,129.0,2540.0,-26.0,-89.0
71.0,-61.0,-13.0,46.0,-155.0,183.0,101.0,1657.0,-48.0,-98.0
101.0,25.0,-62.0,-75.0,-103.0,83.0,14.0,674.0,-60.0,-117.0
100.0,54.0,-43.0,-64.0,209.0,-10.0,-214.0,-428.0,-32.0,-154.0
94.0,1.0,46.0,-30.0,132.0,-76.0,-492.0,-1531.0,3.0,-154.0
101.0,-4.0,29.0,24.0,-179.0,-79.0,-669.0,-2486.0,10.0,-140.0
97.0,-42.0,-11.0,93.0,-149.0,48.0,-729.0,-2642.0,31.0,-132.0
90.0,-128.0,-27.0,141.0,40.0,29.0,-671.0,-2257.0,60.0,-135.0
83.0,-1.0,-32.0,208.0,100.0,202.0,-541.0,-1293.0,65.0,-128.0
76.0,61.0,-35.0,203.0,-70.0,401.0,-322.0,249.0,80.0,-125.0
92.0,-18.0,-7.0,107.0,-207.0,191.0,-142.0,1723.0,83.0,-140.0
103.0,75.0,-2.0,34.0,38.0,-180.0,-68.0,2847.0,76.0,-167.0
101.0,-89.0,-40.0,61.0,242.0,-123.0,-65.0,2889.0,50.0,-185.0
101.0,-97.0,-29.0,47.0,-36.0,387.0,-41.0,2174.0,32.0,-217.0
100.0,42.0,26.0,65.0,-166.0,603.0,-6.0,1374.0,28.0,-265.0
122.0,101.0,51.0,126.0,97.0,346.0,-9.0,583.0,7.0,-297.0
134.0,-66.0,32.0,161.0,180.0,95.0,69.0,-413.0,-15.0,-327.0
140.0,-470.0,0.0,162.0,11.0,100.0,239.0,-1744.0,-41.0,-362.0
132.0,-310.0,24.0,192.0,-137.0,77.0,359.0,-2568.0,-60.0,-387.0
133.0,-282.0,56.0,259.0,15.0,179.0,259.0,-2823.0,-81.0,-372.0
121.0,-353.0,66.0,253.0,252.0,304.0,-17.0,-2542.0,-96.0,-339.0
105.0,-146.0,126.0,253.0,72.0,279.0,-190.0,-1559.0,-98.0,-326.0
131.0,29.0,74.0,183.0,-137.0,160.0,-93.0,-199.0,-106.0,-320.0
116.0,-14.0,29.0,69.0,-39.0,-121.0,54.0,1180.0,-75.0,-276.0
88.0,-124.0,36.0,-45.0,72.0,79.0,45.0,1864.0,-44.0,-198.0
80.0,191.0,77.0,-123.0,46.0,402.0,-125.0,2032.0,-40.0,-152.0
88.0,266.0,64.0,-76.0,-103.0,409.0,-321.0,1847.0,-10.0,-110.0
87.0,166.0,-6.0,-91.0,-92.0,81.0,-503.0,1304.0,-10.0,-38.0
75.0,262.0,27.0,-97.0,135.0,-379.0,-721.0,681.0,-34.0,17.0
75.0,256.0,-45.0,-31.0,122.0,-408.0,-730.0,-38.0,-34.0,55.0
71.0,175.0,-35.0,-6.0,-87.0,-229.0,-572.0,-458.0,-40.0,78.0
51.0,236.0,-14.0,76.0,-84.0,244.0,-416.0,-715.0,-40.0,65.0
13.0,284.0,-56.0,126.0,41.0,609.0,-258.0,-827.0,-36.0,32.0
-2.0,289.0,-71.0,113.0,47.0,408.0,-91.0,-868.0,-36.0,13.0
-20.0,296.0,-140.0,135.0,-119.0,-35.0,2.0,-812.0,-41.0,6.0
-19.0,147.0,-132.0,128.0,-174.0,-347.0,48.0,-310.0,-54.0,-18.0
-6.0,78.0,-121.0,138.0,97.0,-371.0,185.0,186.0,-42.0,-63.0
9.0,189.0,-167.0,126.0,178.0,-157.0,232.0,715.0,-43.0,-94.0
23.0,363.0,-210.0,77.0,-87.0,102.0,113.0,909.0,-72.0,-93.0
1.0,110.0,-137.0,-23.0,-157.0,43.0,-15.0,729.0,-68.0,-104.0
13.0,108.0,-143.0,-63.0,36.0,-100.0,99.0,537.0,-52.0,-119.0
32.0,304.0,-196.0,-3.0,39.0,-263.0,437.0,5.0,-32.0,-115.0
57.0,135.0,-132.0,18.0,-167.0,-244.0,671.0,-543.0,-6.0,-104.0
63.0,412.0,-98.0,22.0,-106.0,-77.0,726.0,-1027.0,-3.0,-80.0
52.0,222.0,-133.0,20.0,24.0,28.0,814.0,-1284.0,-5.0,-86.0
68.0,-71.0,-118.0,75.0,31.0,147.0,924.0,-1361.0,4.0,-83.0
62.0,193.0,-84.0,-41.0,8.0,146.0,790.0,-1400.0,7.0,-81.0
62.0,26.0,-61.0,-205.0,-161.0,258.0,528.0,-1162.0,-3.0,-97.0
49.0,-206.0,70.0,-182.0,-120.0,287.0,365.0,-727.0,5.0,-79.0
80.0,-281.0,58.0,-125.0,101.0,330.0,264.0,214.0,20.0,-59.0
112.0,-146.0,25.0,29.0,-14.0,252.0,35.0,1149.0,4.0,-32.0
96.0,-210.0,56.0,147.0,-217.0,-141.0,-423.0,1712.0,11.0,-13.0
104.0,-391.0,16.0,149.0,-35.0,-486.0,-995.0,1871.0,21.0,-14.0
107.0,-158.0,29.0,131.0,137.0,-507.0,-1386.0,1300.0,4.0,-35.0
104.0,-17.0,74.0,51.0,70.0,-214.0,-1453.0,410.0,10.0,-64.0
67.0,76.0,107.0,-3.0,-53.0,-93.0,-1413.0,-618.0,11.0,-83.0
49.0,206.0,53.0,-76.0,-67.0,69.0,-1390.0,-1326.0,1.0,-106.0
36.0,353.0,58.0,-161.0,169.0,13.0,-1301.0,-1603.0,3.0,-144.0
27.0,354.0,67.0,-114.0,136.0,-381.0,-1109.0,-1542.0,29.0,-194.0
38.0,242.0,82.0,-115.0,-94.0,-657.0,-931.0,-1230.0,66.0,-222.0
40.0,152.0,140.0,-92.0,-50.0,-701.0,-723.0,-1064.0,61.0,-258.0
54.0,16.0,84.0,-52.0,163.0,-309.0,-426.0,-550.0,71.0,-290.0
33.0,-149.0,100.0,-92.0,171.0,98.0,-103.0,319.0,109.0,-298.0
50.0,5.0,148.0,-79.0,-80.0,39.0,151.0,1310.0,121.0,-306.0
52.0,170.0,135.0,-65.0,-124.0,-304.0,331.0,1916.0,110.0,-303.0
31.0,-227.0,151.0,-83.0,44.0,-422.0,473.0,1845.0,106.0,-281.0
18.0,-148.0,197.0,-88.0,36.0,-345.0,467.0,1481.0,101.0,-228.0
-18.0,-14.0,180.0,-54.0,-148.0,-352.0,469.0,648.0,83.0,-175.0
-1.0,-283.0,155.0,-57.0,-167.0,-193.0,634.0,-60.0,68.0,-116.0
1.0,-341.0,151.0,-76.0,-43.0,130.0,869.0,-535.0,47.0,-60.0
-21.0,-183.0,138.0,-118.0,83.0,158.0,888.0,-931.0,41.0,-34.0
-44.0,-196.0,212.0,-87.0,-71.0,-86.0,711.0,-995.0,51.0,-4.0
-38.0,-431.0,220.0,-23.0,-240.0,-282.0,660.0,-1029.0,39.0,11.0
-21.0,-213.0,152.0,-92.0,34.0,-280.0,589.0,-907.0,43.0,15.0
-23.0,-89.0,126.0,-72.0,106.0,-217.0,349.0,-777.0,52.0,3.0
-40.0,-160.0,169.0,-48.0,-75.0,-434.0,110.0,-415.0,33.0,-26.0
-62.0,-199.0,129.0,-99.0,-131.0,-654.0,31.0,192.0,31.0,-49.0
-60.0,-32.0,101.0,-51.0,-43.0,-671.0,-88.0,524.0,32.0,-95.0
-73.0,109.0,160.0,85.0,89.0,-517.0,-318.0,631.0,13.0,-159.0
-86.0,-18.0,120.0,144.0,24.0,-210.0,-528.0,423.0,8.0,-213.0
-80.0,102.0,150.0,67.0,-166.0,-110.0,-730.0,160.0,7.0,-250.0
-69.0,168.0,125.0,-91.0,-48.0,-283.0,-803.0,-218.0,9.0,-286.0
-76.0,141.0,76.0,-196.0,243.0,-572.0,-746.0,-558.0,4.0,-328.0
-69.0,-43.0,96.0,-110.0,91.0,-707.0,-670.0,-517.0,-18.0,-336.0
-73.0,0.0,102.0,-48.0,-65.0,-592.0,-591.0,-310.0,-19.0,-347.0
-87.0,181.0,118.0,67.0,116.0,-313.0,-511.0,110.0,-30.0,-386.0
-91.0,-23.0,130.0,110.0,231.0,-59.0,-565.0,186.0,-42.0,-409.0
-82.0,-49.0,133.0,-100.0,171.0,26.0,-786.0,-81.0,-28.0,-415.0
-82.0,212.0,77.0,-276.0,-31.0,-65.0,-951.0,-269.0,-29.0,-404.0
-108.0,67.0,121.0,-349.0,-42.0,-315.0,-760.0,-410.0,-27.0,-388.0
-117.0,-315.0,38.0,-286.0,229.0,-452.0,-275.0,-362.0,-33.0,-367.0
-118.0,45.0,-40.0,-265.0,201.0,-476.0,149.0,-216.0,-1.0,-347.0
-77.0,150.0,53.0,-287.0,-36.0,-373.0,398.0,5.0,37.0,-350.0
-78.0,-34.0,-16.0,-290.0,-6.0,-329.0,456.0,-42.0,36.0,-344.0
-94.0,347.0,-16.0,-306.0,213.0,-256.0,442.0,-131.0,46.0,-346.0
-118.0,264.0,27.0,-197.0,195.0,-103.0,518.0,35.0,49.0,-366.0
-126.0,-17.0,-38.0,-55.0,-164.0,-160.0,712.0,-14.0,77.0,-382.0
-93.0,160.0,-18.0,68.0,-234.0,-254.0,822.0,-27.0,89.0,-388.0
-97.0,379.0,0.0,102.0,28.0,-266.0,681.0,-46.0,72.0,-369.0
-93.0,149.0,-21.0,108.0,106.0,-133.0,305.0,-103.0,80.0,-351.0
-114.0,-43.0,28.0,94.0,-97.0,-127.0,-143.0,-173.0,83.0,-333.0
-84.0,47.0,44.0,-13.0,-216.0,-252.0,-520.0,-229.0,65.0,-314.0
-88.0,-241.0,50.0,-134.0,26.0,-300.0,-699.0,-118.0,54.0,-300.0
-116.0,-341.0,73.0,-282.0,172.0,-83.0,-576.0,-238.0,20.0,-269.0
-109.0,-214.0,17.0,-272.0,-75.0,214.0,-400.0,-221.0,-19.0,-241.0
-109.0,-234.0,43.0,-159.0,-288.0,142.0,-347.0,-121.0,-12.0,-213.0
-79.0,-226.0,89.0,-106.0,-67.0,-93.0,-463.0,-75.0,-18.0,-178.0
-72.0,-200.0,61.0,-95.0,121.0,-212.0,-488.0,35.0,-8.0,-160.0
-50.0,-145.0,61.0,-103.0,-47.0,-156.0,-268.0,-44.0,-10.0,-145.0
-31.0,-57.0,26.0,-89.0,-133.0,5.0,-42.0,-20.0,-20.0,-136.0
-24.0,95.0,-1.0,-134.0,-66.0,301.0,118.0,-81.0,-18.0,-150.0
-29.0,17.0,25.0,-114.0,66.0,369.0,124.0,-9.0,-40.0,-178.0
-36.0,-58.0,43.0,-72.0,9.0,93.0,25.0,-3.0,-22.0,-201.0
-49.0,-154.0,32.0,-98.0,-258.0,-294.0,-51.0,-201.0,-8.0,-231.0
-52.0,-135.0,23.0,-133.0,-168.0,-498.0,22.0,-155.0,3.0,-283.0
-29.0,132.0,1.0,-197.0,35.0,-356.0,127.0,-441.0,34.0,-324.0
3.0,185.0,3.0,-179.0,-109.0,-253.0,171.0,-705.0,68.0,-364.0
9.0,235.0,15.0,-148.0,-205.0,-143.0,252.0,-703.0,79.0,-385.0
-2.0,176.0,-11.0,-87.0,-114.0,39.0,291.0,-461.0,66.0,-387.0
0.0,166.0,2.0,39.0,22.0,319.0,296.0,-88.0,63.0,-395.0
-8.0,162.0,1.0,23.0,145.0,365.0,264.0,-86.0,59.0,-377.0
16.0,117.0,-14.0,-98.0,-13.0,75.0,233.0,-219.0,65.0,-353.0
18.0,124.0,36.0,-174.0,-120.0,-59.0,197.0,-399.0,53.0,-334.0
23.0,-19.0,32.0,-114.0,86.0,-75.0,100.0,-208.0,37.0,-318.0
39.0,-106.0,-13.0,13.0,164.0,-75.0,-159.0,105.0,22.0,-286.0
55.0,-24.0,26.0,81.0,14.0,-187.0,-423.0,182.0,-2.0,-261.0
53.0,137.0,12.0,110.0,-41.0,-123.0,-467.0,73.0,-27.0,-271.0
29.0,-10.0,-4.0,14.0,132.0,91.0,-495.0,-290.0,-45.0,-234.0
36.0,-157.0,44.0,-123.0,159.0,-4.0,-556.0,-304.0,-41.0,-193.0
33.0,-161.0,18.0,-145.0,-43.0,-295.0,-590.0,-149.0,-43.0,-185.0
34.0,-207.0,-31.0,-103.0,-93.0,-527.0,-543.0,218.0,-51.0,-158.0
25.0,-375.0,-66.0,-75.0,33.0,-447.0,-439.0,626.0,-61.0,-123.0
33.0,-408.0,-88.0,-91.0,99.0,-198.0,-378.0,565.0,-77.0,-77.0
19.0,-208.0,-47.0,-154.0,24.0,60.0,-300.0,319.0,-80.0,-53.0
0.0,-275.0,15.0,-260.0,-74.0,221.0,-134.0,-77.0,-65.0,-40.0
-20.0,-135.0,25.0,-260.0,-10.0,83.0,96.0,-243.0,-55.0,-22.0
-41.0,-41.0,8.0,-232.0,153.0,-117.0,320.0,-280.0,-50.0,-29.0
-60.0,-73.0,-13.0,-241.0,89.0,-277.0,424.0,-365.0,-40.0,-33.0
-95.0,41.0,-10.0,-221.0,-85.0,-307.0,353.0,-522.0,-40.0,-57.0
-96.0,77.0,21.0,-208.0,-29.0,-95.0,247.0,-785.0,-22.0,-81.0
-80.0,110.0,-10.0,-100.0,105.0,45.0,173.0,-652.0,-10.0,-111.0
-61.0,75.0,-16.0,14.0,103.0,5.0,189.0,-570.0,-1.0,-153.0
-83.0,119.0,-25.0,96.0,-28.0,-106.0,342.0,-715.0,40.0,-170.0
-73.0,65.0,-62.0,118.0,-105.0,-83.0,548.0,-698.0,43.0,-183.0
-69.0,-10.0,7.0,53.0,67.0,-16.0,647.0,-363.0,40.0,-177.0
-110.0,-75.0,16.0,20.0,107.0,-54.0,622.0,238.0,74.0,-158.0
-129.0,-143.0,-31.0,-54.0,-123.0,-45.0,530.0,537.0,80.0,-124.0
-130.0,-65.0,-35.0,-168.0,-135.0,-12.0,310.0,450.0,76.0,-68.0
-110.0,48.0,-12.0,-232.0,18.0,77.0,46.0,-11.0,60.0,-33.0
-97.0,90.0,52.0,-256.0,47.0,-16.0,-209.0,-504.0,7.0,-7.0
-80.0,155.0,71.0,-180.0,-66.0,-66.0,-342.0,-713.0,-27.0,20.0
-77.0,296.0,74.0,-62.0,-141.0,-12.0,-369.0,-831.0,-41.0,24.0
-90.0,217.0,81.0,-48.0,42.0,-133.0,-420.0,-655.0,-57.0,23.0
-97.0,419.0,78.0,-143.0,177.0,-350.0,-443.0,-447.0,-72.0,22.0
-93.0,533.0,90.0,-269.0,-64.0,-469.0,-434.0,-282.0,-102.0,0.0
-67.0,414.0,114.0,-382.0,-172.0,-243.0,-350.0,-245.0,-111.0,-12.0
-41.0,383.0,77.0,-470.0,-15.0,-87.0,-210.0,-271.0,-102.0,-41.0
-32.0,189.0,59.0,-425.0,44.0,-62.0,-48.0,88.0,-108.0,-94.0
-16.0,125.0,31.0,-219.0,55.0,-169.0,71.0,382.0,-132.0,-130.0
-16.0,-114.0,-44.0,-33.0,-165.0,-183.0,119.0,591.0,-161.0,-161.0
-16.0,-91.0,-10.0,7.0,-146.0,-334.0,134.0,618.0,-148.0,-203.0
-41.0,9.0,-41.0,0.0,205.0,-731.0,127.0,354.0,-124.0,-246.0
-71.0,-134.0,-101.0,-53.0,98.0,-806.0,192.0,-153.0,-86.0,-267.0
-46.0,-112.0,-98.0,-20.0,-168.0,-726.0,296.0,-825.0,-65.0,-283.0
-32.0,-170.0,-112.0,118.0,-109.0,-434.0,346.0,-1051.0,-60.0,-280.0
-7.0,-41.0,-127.0,172.0,147.0,-337.0,316.0,-971.0,-22.0,-229.0
17.0,-75.0,-178.0,221.0,92.0,-373.0,190.0,-546.0,-2.0,-175.0
37.0,-233.0,-153.0,100.0,-155.0,-390.0,10.0,-194.0,31.0,-146.0
45.0,-301.0,-155.0,-69.0,-57.0,-367.0,-192.0,-194.0,40.0,-97.0
0.0,-363.0,-163.0,-83.0,164.0,-301.0,-397.0,-44.0,12.0,-11.0
-50.0,-330.0,-107.0,-110.0,122.0,-236.0,-352.0,38.0,20.0,41.0
-80.0,-427.0,-128.0,-121.0,-110.0,83.0,-54.0,142.0,25.0,48.0
-99.0,-322.0,-91.0,-76.0,-178.0,164.0,-9.0,59.0,-4.0,65.0
-112.0,-122.0,-74.0,-6.0,-12.0,144.0,-356.0,12.0,-77.0,98.0
-105.0,-27.0,-117.0,-91.0,138.0,39.0,-637.0,188.0,-114.0,89.0
-105.0,-190.0,-88.0,-325.0,-73.0,-33.0,-554.0,90.0,-110.0,44.0
-96.0,-397.0,-35.0,-514.0,-264.0,-56.0,-358.0,-62.0,-130.0,33.0
-85.0,-290.0,26.0,-467.0,17.0,-114.0,-222.0,-256.0,-153.0,26.0
-98.0,-119.0,25.0,-118.0,160.0,30.0,-42.0,-210.0,-169.0,5.0
-122.0,-162.0,46.0,189.0,-88.0,139.0,162.0,-134.0,-158.0,11.0
-138.0,-420.0,61.0,276.0,-182.0,315.0,243.0,-317.0,-118.0,29.0
-138.0,-266.0,44.0,131.0,29.0,297.0,152.0,-465.0,-74.0,22.0
-129.0,12.0,102.0,-98.0,185.0,254.0,88.0,-689.0,-86.0,6.0
-113.0,165.0,115.0,-143.0,44.0,229.0,151.0,-648.0,-113.0,29.0
-114.0,153.0,143.0,-64.0,-193.0,-74.0,234.0,-646.0,-96.0,54.0
-113.0,130.0,170.0,19.0,-55.0,-271.0,202.0,-650.0,-84.0,31.0
-111.0,170.0,120.0,-16.0,163.0,-171.0,128.0,-290.0,-66.0,-5.0
-106.0,77.0,83.0,-98.0,58.0,134.0,98.0,59.0,-76.0,-11.0
-106.0,140.0,34.0,-150.0,-98.0,321.0,0.0,290.0,-98.0,-33.0
-119.0,-84.0,35.0,-228.0,-118.0,400.0,-163.0,59.0,-75.0,-81.0
-114.0,171.0,44.0,-189.0,96.0,185.0,-280.0,-155.0,-48.0,-99.0
-117.0,263.0,0.0,-111.0,90.0,-244.0,-355.0,-66.0,-40.0,-89.0
-143.0,-100.0,-28.0,-96.0,-197.0,-534.0,-460.0,114.0,-33.0,-76.0
-146.0,128.0,-68.0,-37.0,-121.0,-665.0,-465.0,424.0,-11.0,-52.0
-147.0,152.0,-99.0,73.0,95.0,-442.0,-278.0,413.0,-7.0,25.0
-150.0,266.0,-81.0,59.0,98.0,-153.0,79.0,177.0,11.0,79.0
-157.0,272.0,-101.0,-109.0,-107.0,34.0,432.0,-203.0,18.0,94.0
-168.0,231.0,-153.0,-237.0,-216.0,37.0,528.0,-338.0,-26.0,172.0
-147.0,205.0,-131.0,-193.0,51.0,-105.0,448.0,-284.0,-40.0,245.0
-147.0,-4.0,-140.0,-55.0,126.0,-413.0,370.0,-358.0,-48.0,264.0
-136.0,88.0,-139.0,3.0,-102.0,-761.0,271.0,-297.0,-71.0,277.0
-132.0,221.0,-80.0,23.0,-116.0,-644.0,106.0,-378.0,-90.0,282.0
-100.0,91.0,-136.0,-4.0,31.0,-350.0,-19.0,-369.0,-113.0,260.0
-75.0,-205.0,-117.0,3.0,102.0,-118.0,-178.0,-436.0,-125.0,196.0
-84.0,-174.0,-57.0,135.0,-26.0,-100.0,-352.0,-724.0,-121.0,139.0
-76.0,-162.0,-85.0,290.0,-158.0,-184.0,-461.0,-925.0,-112.0,77.0
-102.0,-197.0,-58.0,372.0,0.0,-226.0,-589.0,-962.0,-134.0,-8.0
-97.0,-186.0,-45.0,254.0,92.0,-287.0,-543.0,-539.0,-169.0,-82.0
-111.0,-264.0,-54.0,72.0,-62.0,-283.0,-285.0,-20.0,-181.0,-141.0
-83.0,-423.0,-76.0,-39.0,-130.0,-159.0,-110.0,480.0,-170.0,-165.0
-80.0,-248.0,-55.0,-87.0,-77.0,4.0,-119.0,665.0,-153.0,-206.0
-93.0,35.0,-20.0,13.0,48.0,4.0,-139.0,430.0,-163.0,-234.0
-90.0,-364.0,-55.0,44.0,53.0,85.0,-126.0,133.0,-161.0,-224.0
-105.0,-179.0,-44.0,-138.0,-108.0,295.0,-265.0,-376.0,-120.0,-226.0
-82.0,78.0,-70.0,-221.0,-20.0,398.0,-603.0,-648.0,-99.0,-235.0
-119.0,-134.0,-93.0,-176.0,155.0,110.0,-881.0,-781.0,-100.0,-237.0
-101.0,-71.0,-60.0,-114.0,57.0,-359.0,-869.0,-703.0,-103.0,-207.0
-100.0,19.0,-60.0,-27.0,-77.0,-545.0,-743.0,-338.0,-107.0,-192.0
-73.0,156.0,-101.0,-31.0,-53.0,-379.0,-678.0,-197.0,-75.0,-180.0
-45.0,39.0,-114.0,-115.0,45.0,-77.0,-574.0,-25.0,-27.0,-140.0
-56.0,104.0,-124.0,-167.0,92.0,91.0,-484.0,12.0,-5.0,-109.0
-35.0,-17.0,-171.0,-259.0,-42.0,162.0,-339.0,73.0,14.0,-100.0
-58.0,-69.0,-120.0,-312.0,-101.0,147.0,-2.0,201.0,33.0,-101.0
-60.0,159.0,-148.0,-254.0,46.0,0.0,197.0,256.0,46.0,-63.0
-80.0,-275.0,-139.0,-221.0,35.0,-308.0,198.0,334.0,72.0,-11.0
-59.0,-259.0,-81.0,-124.0,-36.0,-457.0,148.0,96.0,63.0,25.0
-66.0,-60.0,-163.0,-104.0,-81.0,-318.0,62.0,-44.0,41.0,64.0
-85.0,-51.0,-109.0,-179.0,-79.0,-230.0,7.0,-277.0,38.0,108.0
-92.0,101.0,-79.0,-248.0,35.0,-370.0,40.0,-613.0,29.0,141.0
-96.0,32.0,-138.0,-285.0,-40.0,-563.0,165.0,-689.0,3.0,155.0
-90.0,3.0,-122.0,-216.0,-177.0,-545.0,235.0,-713.0,-44.0,189.0
-110.0,27.0,-100.0,-124.0,-94.0,-417.0,230.0,-432.0,-53.0,192.0
-105.0,62.0,-77.0,33.0,27.0,-386.0,188.0,-280.0,-40.0,157.0
-112.0,-128.0,-63.0,78.0,0.0,-382.0,198.0,-279.0,-50.0,138.0
-96.0,-196.0,-56.0,-10.0,-49.0,-258.0,264.0,-240.0,-65.0,133.0
-104.0,60.0,-82.0,-108.0,-34.0,-62.0,298.0,-157.0,-81.0,132.0
-118.0,70.0,-89.0,-147.0,44.0,55.0,292.0,430.0,-81.0,116.0
-133.0,-151.0,-127.0,-132.0,63.0,115.0,162.0,905.0,-75.0,138.0
-125.0,-84.0,-86.0,-146.0,-75.0,92.0,-51.0,918.0,-68.0,172.0
-115.0,12.0,16.0,-117.0,-123.0,-131.0,-310.0,550.0,-68.0,183.0
-137.0,53.0,-63.0,-114.0,30.0,-375.0,-570.0,60.0,-56.0,194.0
-152.0,183.0,-50.0,-28.0,78.0,-503.0,-635.0,-199.0,-60.0,217.0
-193.0,136.0,-87.0,48.0,-85.0,-360.0,-511.0,-380.0,-75.0,241.0
-209.0,211.0,-155.0,-49.0,-87.0,-219.0,-416.0,-312.0,-77.0,233.0
-218.0,101.0,-90.0,-139.0,63.0,-306.0,-328.0,-258.0,-94.0,224.0
-195.0,100.0,-96.0,-83.0,63.0,-219.0,-294.0,-208.0,-81.0,209.0
-180.0,45.0,-91.0,62.0,-54.0,14.0,-395.0,-205.0,-58.0,162.0
-165.0,-184.0,-98.0,245.0,-56.0,120.0,-459.0,-362.0,-52.0,122.0
-148.0,-183.0,-112.0,366.0,43.0,-128.0,-467.0,-369.0,-36.0,115.0
-153.0,-333.0,-170.0,309.0,55.0,-361.0,-456.0,-485.0,-7.0,95.0
-136.0,-215.0,-119.0,188.0,-33.0,-248.0,-420.0,-389.0,0.0,57.0
-113.0,-155.0,-117.0,83.0,-109.0,-143.0,-269.0,-134.0,5.0,44.0
-91.0,-70.0,-147.0,13.0,-13.0,-154.0,-57.0,94.0,30.0,52.0
-67.0,211.0,-48.0,-86.0,81.0,-102.0,167.0,192.0,45.0,54.0
-42.0,178.0,-88.0,-217.0,29.0,153.0,428.0,-64.0,68.0,29.0
-31.0,18.0,-75.0,-293.0,-29.0,175.0,628.0,-90.0,102.0,13.0
0.0,7.0,-83.0,-244.0,-19.0,-89.0,766.0,-35.0,113.0,-10.0
26.0,176.0,-96.0,-211.0,43.0,-219.0,810.0,68.0,83.0,-52.0
53.0,253.0,-62.0,-228.0,40.0,-216.0,699.0,46.0,80.0,-92.0
66.0,255.0,-128.0,-207.0,-50.0,-137.0,433.0,-140.0,92.0,-114.0
81.0,121.0,-136.0,-135.0,-32.0,-147.0,169.0,-212.0,101.0,-125.0
112.0,22.0,-34.0,34.0,79.0,-8.0,-1.0,-352.0,116.0,-167.0
131.0,200.0,2.0,148.0,5.0,187.0,-91.0,-99.0,105.0,-189.0
142.0,376.0,-40.0,212.0,-103.0,108.0,-119.0,332.0,66.0,-182.0
139.0,258.0,-52.0,218.0,-66.0,2.0,-179.0,611.0,20.0,-181.0
147.0,77.0,-109.0,243.0,-16.0,10.0,-253.0,441.0,-8.0,-183.0
128.0,227.0,-101.0,207.0,-11.0,160.0,-323.0,-142.0,-38.0,-170.0
124.0,215.0,-128.0,75.0,-54.0,182.0,-452.0,-548.0,-60.0,-131.0
123.0,106.0,-174.0,11.0,-57.0,104.0,-654.0,-657.0,-53.0,-108.0
126.0,54.0,-163.0,-8.0,3.0,248.0,-808.0,-195.0,-40.0,-85.0
113.0,-12.0,-179.0,58.0,32.0,563.0,-888.0,315.0,-46.0,-52.0
81.0,-68.0,-141.0,58.0,-59.0,536.0,-940.0,576.0,-44.0,-29.0
73.0,-282.0,-145.0,24.0,-87.0,120.0,-950.0,696.0,-28.0,-19.0
43.0,-105.0,-141.0,-73.0,38.0,-65.0,-789.0,484.0,-26.0,-3.0
49.0,-202.0,-144.0,-138.0,34.0,-55.0,-519.0,184.0,-11.0,39.0
38.0,-330.0,-97.0,-121.0,-52.0,-44.0,-321.0,-195.0,-7.0,61.0
22.0,-117.0,-56.0,-200.0,-39.0,104.0,-99.0,-291.0,-35.0,56.0
4.0,-333.0,-43.0,-152.0,5.0,452.0,149.0,-157.0,-55.0,49.0
-28.0,-511.0,-11.0,-6.0,23.0,617.0,425.0,-269.0,-56.0,29.0
-25.0,-391.0,-74.0,93.0,-26.0,401.0,726.0,-406.0,-68.0,14.0
-36.0,5.0,-34.0,63.0,-43.0,20.0,962.0,-474.0,-100.0,11.0
-15.0,-87.0,-71.0,-30.0,40.0,-295.0,1033.0,-295.0,-127.0,25.0
-11.0,-399.0,-59.0,17.0,44.0,-195.0,967.0,-40.0,-141.0,37.0
0.0,-401.0,17.0,163.0,-13.0,114.0,874.0,147.0,-121.0,28.0
19.0,-89.0,-43.0,249.0,-20.0,322.0,710.0,131.0,-114.0,26.0
0.0,43.0,-24.0,160.0,31.0,514.0,447.0,-338.0,-122.0,53.0
7.0,-333.0,-23.0,10.0,63.0,615.0,146.0,-768.0,-84.0,61.0
-3.0,-102.0,-56.0,11.0,6.0,547.0,-54.0,-968.0,-45.0,66.0
-5.0,47.0,-26.0,45.0,-24.0,369.0,-264.0,-620.0,-12.0,103.0
-12.0,-18.0,37.0,44.0,4.0,203.0,-532.0,-9.0,24.0,121.0
-9.0,200.0,-23.0,79.0,64.0,43.0,-790.0,325.0,54.0,111.0
8.0,178.0,-22.0,60.0,63.0,0.0,-1000.0,369.0,54.0,103.0
0.0,13.0,24.0,49.0,-9.0,202.0,-1040.0,-16.0,31.0,103.0
0.0,42.0,-58.0,54.0,22.0,394.0,-914.0,-92.0,64.0,80.0
-4.0,-32.0,-33.0,-5.0,77.0,571.0,-738.0,142.0,117.0,67.0
-18.0,-280.0,-35.0,-85.0,24.0,557.0,-577.0,334.0,126.0,78.0
-28.0,-105.0,-42.0,-188.0,-55.0,292.0,-283.0,243.0,92.0,92.0
15.0,313.0,-29.0,-241.0,-73.0,184.0,34.0,-315.0,78.0,101.0
33.0,414.0,-64.0,-125.0,-29.0,242.0,182.0,-539.0,97.0,101.0
46.0,76.0,-56.0,-66.0,-21.0,366.0,186.0,-421.0,78.0,122.0
74.0,141.0,-77.0,-147.0,-63.0,473.0,235.0,38.0,55.0,110.0
68.0,406.0,-86.0,-107.0,-7.0,482.0,441.0,509.0,41.0,92.0
51.0,311.0,-86.0,-41.0,52.0,438.0,579.0,672.0,45.0,82.0
24.0,333.0,-116.0,-48.0,-25.0,488.0,522.0,805.0,19.0,58.0
34.0,95.0,-162.0,-54.0,-52.0,452.0,246.0,580.0,-31.0,48.0
26.0,-48.0,-118.0,-56.0,37.0,175.0,-109.0,267.0,-55.0,33.0
28.0,134.0,-50.0,-72.0,77.0,-12.0,-360.0,-57.0,-114.0,28.0
11.0,110.0,-65.0,-42.0,12.0,20.0,-390.0,-328.0,-175.0,21.0
18.0,0.0,-56.0,110.0,1.0,146.0,-300.0,-454.0,-201.0,30.0
29.0,-23.0,-60.0,247.0,35.0,283.0,-156.0,-519.0,-182.0,51.0
2.0,-106.0,-57.0,367.0,27.0,331.0,115.0,-454.0,-159.0,48.0
0.0,-354.0,-5.0,442.0,21.0,410.0,272.0,-569.0,-175.0,53.0
-14.0,-142.0,3.0,418.0,-60.0,421.0,253.0,-521.0,-181.0,59.0
0.0,19.0,0.0,297.0,-101.0,123.0,261.0,-391.0,-139.0,68.0
-11.0,-207.0,19.0,151.0,27.0,-55.0,444.0,-256.0,-110.0,77.0
-7.0,-102.0,19.0,71.0,76.0,-129.0,589.0,40.0,-127.0,66.0
-11.0,-119.0,55.0,-5.0,-19.0,-189.0,539.0,206.0,-136.0,71.0
-31.0,-525.0,55.0,-18.0,-37.0,-33.0,357.0,301.0,-116.0,78.0
-51.0,-423.0,28.0,-2.0,43.0,192.0,38.0,7.0,-51.0,71.0
-62.0,-17.0,70.0,29.0,52.0,418.0,-192.0,-332.0,6.0,78.0
-38.0,-24.0,81.0,51.0,-40.0,333.0,-274.0,-397.0,34.0,81.0
-46.0,82.0,78.0,20.0,-81.0,81.0,-402.0,-332.0,34.0,58.0
-31.0,-101.0,95.0,-13.0,29.0,-16.0,-606.0,-22.0,16.0,57.0
-27.0,-143.0,94.0,20.0,146.0,18.0,-725.0,0.0,50.0,86.0
-14.0,182.0,92.0,174.0,35.0,86.0,-785.0,-182.0,92.0,93.0
-16.0,56.0,82.0,270.0,-36.0,-50.0,-816.0,-282.0,100.0,96.0
1.0,40.0,36.0,294.0,73.0,-146.0,-715.0,-210.0,54.0,104.0
19.0,-111.0,29.0,264.0,55.0,-71.0,-449.0,-57.0,22.0,104.0
20.0,-77.0,-7.0,55.0,14.0,70.0,-174.0,-55.0,58.0,105.0
4.0,292.0,18.0,-106.0,-55.0,89.0,-81.0,83.0,93.0,100.0
-14.0,276.0,94.0,-129.0,-64.0,-69.0,-24.0,51.0,100.0,102.0
13.0,140.0,49.0,-103.0,59.0,-183.0,74.0,103.0,69.0,98.0
4.0,413.0,51.0,-29.0,0.0,-287.0,178.0,264.0,47.0,102.0
14.0,605.0,0.0,-61.0,-59.0,-198.0,384.0,291.0,30.0,116.0
0.0,-12.0,-21.0,-115.0,-9.0,37.0,745.0,345.0,-6.0,122.0
23.0,-42.0,12.0,-158.0,29.0,190.0,1035.0,-5.0,-11.0,108.0
8.0,134.0,-41.0,-176.0,-13.0,389.0,1095.0,-182.0,4.0,84.0
-23.0,-154.0,-30.0,-55.0,-80.0,455.0,965.0,-123.0,23.0,55.0
-4.0,-131.0,-16.0,79.0,-51.0,300.0,730.0,-55.0,45.0,12.0
-6.0,-478.0,-33.0,88.0,-25.0,48.0,462.0,118.0,74.0,-27.0
27.0,-515.0,0.0,4.0,33.0,-314.0,176.0,129.0,109.0,-62.0
28.0,-229.0,-17.0,-43.0,14.0,-438.0,-54.0,437.0,110.0,-72.0
60.0,-349.0,-44.0,-35.0,-57.0,-279.0,-249.0,691.0,100.0,-80.0
58.0,-376.0,17.0,2.0,13.0,-29.0,-312.0,661.0,96.0,-81.0
67.0,-237.0,23.0,106.0,-5.0,287.0,-261.0,471.0,74.0,-44.0
64.0,-182.0,14.0,242.0,-81.0,239.0,-162.0,134.0,52.0,14.0
35.0,-42.0,25.0,186.0,-39.0,-110.0,-9.0,16.0,40.0,69.0
38.0,56.0,0.0,-30.0,-19.0,-299.0,158.0,-412.0,39.0,126.0
17.0,19.0,48.0,-216.0,-6.0,-233.0,236.0,-857.0,34.0,205.0
0.0,160.0,94.0,-310.0,23.0,-226.0,11.0,-953.0,17.0,258.0
-12.0,74.0,82.0,-287.0,-14.0,-422.0,-276.0,-794.0,-31.0,303.0
10.0,-9.0,90.0,-213.0,-22.0,-419.0,-388.0,-254.0,-72.0,355.0
-1.0,-202.0,73.0,-69.0,27.0,-160.0,-344.0,169.0,-85.0,388.0
-1.0,-55.0,47.0,124.0,-40.0,125.0,-275.0,375.0,-103.0,401.0
-2.0,165.0,38.0,318.0,-104.0,351.0,-295.0,262.0,-128.0,412.0
12.0,-114.0,10.0,373.0,42.0,289.0,-299.0,293.0,-149.0,427.0
9.0,-65.0,-14.0,224.0,119.0,-70.0,-204.0,447.0,-165.0,415.0
-31.0,-242.0,-24.0,93.0,14.0,-286.0,1.0,249.0,-184.0,388.0
-19.0,-119.0,-58.0,76.0,-18.0,-355.0,222.0,131.0,-199.0,350.0
-21.0,81.0,-112.0,117.0,57.0,-361.0,324.0,22.0,-200.0,313.0
-18.0,119.0,-82.0,111.0,50.0,-120.0,316.0,-12.0,-142.0,269.0
-38.0,336.0,-105.0,48.0,-6.0,198.0,299.0,-223.0,-97.0,211.0
-22.0,266.0,-184.0,-74.0,-15.0,381.0,247.0,-410.0,-82.0,177.0
-21.0,344.0,-152.0,-121.0,7.0,448.0,208.0,-293.0,-37.0,141.0
-30.0,270.0,-163.0,-23.0,86.0,345.0,188.0,-96.0,16.0,100.0
-38.0,358.0,-198.0,-25.0,69.0,62.0,200.0,363.0,49.0,68.0
-47.0,197.0,-190.0,-100.0,-27.0,-185.0,271.0,524.0,29.0,38.0
-14.0,-194.0,-192.0,-119.0,-28.0,-112.0,352.0,524.0,26.0,36.0
-28.0,-36.0,-196.0,-27.0,36.0,231.0,485.0,646.0,92.0,36.0
-9.0,-92.0,-213.0,115.0,37.0,311.0,638.0,657.0,174.0,37.0
-4.0,-42.0,-217.0,180.0,-55.0,99.0,798.0,552.0,207.0,46.0
0.0,26.0,-161.0,211.0,-78.0,14.0,936.0,338.0,193.0,38.0
-7.0,-67.0,-134.0,200.0,2.0,91.0,1065.0,306.0,201.0,28.0
-15.0,161.0,-178.0,89.0,53.0,35.0,1118.0,280.0,217.0,17.0
28.0,262.0,-186.0,-62.0,-5.0,-114.0,1037.0,303.0,219.0,11.0
40.0,-19.0,-146.0,-110.0,-56.0,-71.0,878.0,291.0,216.0,-26.0
45.0,-19.0,-98.0,-107.0,-9.0,153.0,607.0,116.0,203.0,-87.0
50.0,330.0,-102.0,-68.0,24.0,326.0,266.0,229.0,222.0,-108.0
60.0,105.0,-53.0,65.0,-23.0,359.0,-18.0,339.0,265.0,-123.0
40.0,-426.0,-75.0,105.0,-84.0,484.0,-258.0,389.0,255.0,-144.0
21.0,-240.0,-119.0,-41.0,13.0,516.0,-540.0,360.0,230.0,-152.0
41.0,105.0,-40.0,-217.0,82.0,325.0,-720.0,177.0,212.0,-160.0
59.0,-208.0,-45.0,-283.0,-10.0,99.0,-780.0,16.0,167.0,-180.0
85.0,-189.0,-60.0,-208.0,-63.0,-191.0,-730.0,-375.0,152.0,-196.0
119.0,108.0,-30.0,-39.0,-52.0,-316.0,-584.0,-448.0,156.0,-194.0
103.0,70.0,-31.0,57.0,35.0,-284.0,-430.0,-77.0,139.0,-197.0
92.0,137.0,-79.0,27.0,49.0,-148.0,-264.0,312.0,94.0,-224.0
66.0,101.0,-46.0,-110.0,-79.0,219.0,-143.0,351.0,65.0,-230.0
35.0,-62.0,-74.0,-204.0,-74.0,321.0,52.0,-75.0,67.0,-205.0
37.0,-126.0,-88.0,-141.0,46.0,97.0,349.0,-212.0,51.0,-192.0
26.0,42.0,-52.0,44.0,1.0,-58.0,705.0,-107.0,25.0,-193.0
50.0,-184.0,-111.0,310.0,-74.0,-149.0,987.0,223.0,16.0,-175.0
37.0,-287.0,-49.0,339.0,4.0,-183.0,1042.0,476.0,40.0,-149.0
33.0,134.0,-28.0,201.0,42.0,-198.0,890.0,485.0,44.0,-139.0
32.0,133.0,-3.0,97.0,34.0,-131.0,710.0,452.0,5.0,-118.0
6.0,129.0,38.0,31.0,36.0,33.0,743.0,7.0,-40.0,-95.0
-13.0,141.0,51.0,127.0,44.0,215.0,835.0,-194.0,-58.0,-88.0
-39.0,329.0,86.0,238.0,114.0,457.0,818.0,-101.0,4.0,-89.0
-34.0,331.0,58.0,229.0,111.0,557.0,620.0,243.0,54.0,-89.0
-39.0,268.0,68.0,92.0,28.0,402.0,283.0,700.0,73.0,-62.0
-26.0,400.0,91.0,-90.0,-20.0,332.0,3.0,727.0,87.0,-46.0
-35.0,51.0,82.0,-175.0,-26.0,285.0,-115.0,618.0,82.0,-41.0
-34.0,162.0,92.0,-121.0,2.0,239.0,-75.0,384.0,78.0,-5.0
0.0,342.0,101.0,10.0,-36.0,409.0,69.0,376.0,67.0,26.0
-2.0,-19.0,82.0,117.0,-70.0,488.0,370.0,386.0,84.0,28.0
-9.0,-161.0,114.0,147.0,-10.0,600.0,657.0,395.0,97.0,22.0
-12.0,90.0,137.0,62.0,27.0,684.0,681.0,631.0,115.0,21.0
-6.0,-40.0,66.0,-31.0,-12.0,528.0,526.0,641.0,117.0,21.0
-2.0,-208.0,39.0,-147.0,-91.0,469.0,448.0,607.0,78.0,-2.0
0.0,193.0,42.0,-164.0,4.0,335.0,459.0,327.0,29.0,-24.0
-1.0,173.0,49.0,-9.0,128.0,144.0,405.0,51.0,-5.0,-13.0
-1.0,-101.0,23.0,19.0,41.0,66.0,220.0,79.0,47.0,-21.0
7.0,-116.0,-43.0,-2.0,-44.0,12.0,-17.0,16.0,144.0,-17.0
36.0,-11.0,0.0,-59.0,-23.0,208.0,-182.0,-227.0,191.0,7.0
70.0,-185.0,-36.0,-172.0,-2.0,400.0,-201.0,-602.0,164.0,11.0
101.0,-294.0,29.0,-167.0,5.0,287.0,-24.0,-508.0,154.0,19.0
141.0,-92.0,139.0,-76.0,-8.0,69.0,214.0,-201.0,155.0,18.0
161.0,41.0,2.0,-12.0,-35.0,-183.0,422.0,84.0,121.0,21.0
167.0,-10.0,42.0,18.0,68.0,-177.0,461.0,482.0,108.0,10.0
171.0,-180.0,100.0,38.0,70.0,6.0,375.0,594.0,115.0,-22.0
163.0,142.0,27.0,61.0,0.0,130.0,364.0,676.0,146.0,-35.0
146.0,178.0,71.0,42.0,71.0,277.0,432.0,515.0,156.0,-49.0
136.0,67.0,47.0,-80.0,2.0,353.0,572.0,144.0,134.0,-78.0
143.0,90.0,-12.0,-58.0,-55.0,308.0,637.0,-112.0,103.0,-102.0
139.0,-54.0,55.0,83.0,34.0,191.0,543.0,-225.0,72.0,-89.0
136.0,202.0,40.0,212.0,38.0,200.0,263.0,-73.0,62.0,-73.0
147.0,242.0,27.0,295.0,15.0,161.0,0.0,112.0,79.0,-75.0
124.0,56.0,53.0,256.0,58.0,-104.0,-139.0,445.0,72.0,-60.0
127.0,-144.0,5.0,262.0,47.0,-306.0,-259.0,654.0,5.0,-27.0
122.0,-110.0,11.0,215.0,17.0,-236.0,-327.0,703.0,-32.0,12.0
88.0,92.0,11.0,114.0,-5.0,-142.0,-306.0,665.0,-9.0,4.0
83.0,-54.0,-2.0,67.0,-11.0,-119.0,-211.0,412.0,29.0,8.0
70.0,-124.0,-29.0,78.0,13.0,73.0,-182.0,338.0,39.0,41.0
91.0,76.0,-31.0,79.0,-37.0,169.0,-208.0,166.0,14.0,37.0
86.0,55.0,-71.0,-31.0,-29.0,170.0,-266.0,64.0,8.0,41.0
78.0,-240.0,-63.0,-126.0,19.0,-9.0,-270.0,232.0,35.0,48.0
80.0,-25.0,-20.0,-167.0,15.0,-440.0,-107.0,434.0,54.0,41.0
68.0,183.0,-55.0,-145.0,-19.0,-523.0,135.0,667.0,51.0,7.0
76.0,108.0,4.0,-87.0,-55.0,-248.0,299.0,594.0,33.0,-13.0
91.0,185.0,-13.0,-42.0,-25.0,17.0,426.0,509.0,29.0,-15.0
123.0,59.0,-23.0,-71.0,-26.0,112.0,579.0,543.0,22.0,-45.0
93.0,15.0,1.0,-110.0,-29.0,195.0,679.0,572.0,6.0,-69.0
88.0,130.0,-27.0,-44.0,10.0,284.0,819.0,524.0,16.0,-95.0
91.0,32.0,-48.0,23.0,47.0,201.0,919.0,190.0,16.0,-91.0
95.0,-116.0,-33.0,127.0,70.0,7.0,899.0,-46.0,25.0,-74.0
106.0,20.0,-9.0,176.0,55.0,-208.0,762.0,-310.0,43.0,-87.0
98.0,48.0,-54.0,183.0,46.0,-205.0,531.0,-458.0,63.0,-82.0
109.0,-202.0,-36.0,179.0,35.0,-162.0,255.0,-323.0,83.0,-72.0
89.0,-7.0,-76.0,63.0,34.0,-171.0,-42.0,-51.0,102.0,-73.0
98.0,91.0,-65.0,-93.0,6.0,7.0,-278.0,327.0,119.0,-57.0
79.0,-246.0,0.0,-231.0,-41.0,209.0,-378.0,413.0,90.0,-24.0
67.0,-109.0,-32.0,-252.0,39.0,433.0,-383.0,476.0,80.0,-13.0
50.0,85.0,-31.0,-261.0,58.0,461.0,-455.0,206.0,124.0,-25.0
17.0,-133.0,-8.0,-275.0,0.0,299.0,-492.0,-147.0,189.0,-14.0
-1.0,30.0,27.0,-169.0,-60.0,293.0,-448.0,25.0,214.0,7.0
-8.0,205.0,43.0,79.0,-89.0,171.0,-310.0,216.0,190.0,0.0
6.0,72.0,51.0,372.0,26.0,-107.0,-85.0,491.0,186.0,-8.0
-46.0,211.0,58.0,493.0,-9.0,-174.0,90.0,622.0,216.0,11.0
-49.0,155.0,78.0,370.0,-65.0,-83.0,118.0,644.0,239.0,48.0
-56.0,103.0,73.0,128.0,35.0,-14.0,-97.0,465.0,231.0,74.0
-46.0,232.0,67.0,-16.0,69.0,28.0,-333.0,262.0,216.0,114.0
-28.0,307.0,73.0,-88.0,14.0,-14.0,-389.0,485.0,191.0,161.0
-46.0,196.0,76.0,-27.0,-59.0,-44.0,-233.0,554.0,195.0,188.0
-15.0,114.0,95.0,136.0,-39.0,-191.0,-2.0,484.0,176.0,220.0
-15.0,138.0,76.0,257.0,16.0,-594.0,88.0,125.0,125.0,244.0
-5.0,-40.0,97.0,283.0,30.0,-686.0,-21.0,-186.0,139.0,266.0
-21.0,90.0,80.0,206.0,-31.0,-307.0,-151.0,-173.0,163.0,242.0
-25.0,-254.0,88.0,179.0,-55.0,47.0,-68.0,-127.0,169.0,206.0
-22.0,-414.0,113.0,158.0,69.0,151.0,168.0,188.0,141.0,190.0
-43.0,-47.0,88.0,134.0,113.0,65.0,433.0,406.0,78.0,142.0
-43.0,-139.0,132.0,11.0,10.0,-44.0,633.0,707.0,26.0,77.0
-46.0,-155.0,114.0,-109.0,-62.0,-212.0,786.0,984.0,0.0,17.0
-38.0,-51.0,59.0,-72.0,-16.0,-307.0,812.0,872.0,-3.0,2.0
-52.0,68.0,58.0,-55.0,48.0,-189.0,716.0,550.0,10.0,-48.0
-64.0,-75.0,48.0,-24.0,5.0,-71.0,619.0,57.0,31.0,-124.0
-71.0,-161.0,81.0,0.0,-102.0,112.0,532.0,-153.0,38.0,-141.0
-82.0,-355.0,105.0,10.0,-38.0,270.0,477.0,-140.0,6.0,-156.0
-83.0,-142.0,65.0,55.0,94.0,417.0,353.0,134.0,-5.0,-195.0
-86.0,177.0,50.0,208.0,-36.0,484.0,76.0,428.0,22.0,-228.0
-97.0,-133.0,39.0,320.0,-111.0,135.0,-330.0,463.0,17.0,-230.0
-109.0,-193.0,71.0,294.0,-14.0,-397.0,-624.0,582.0,17.0,-251.0
-95.0,-148.0,74.0,200.0,-2.0,-697.0,-723.0,371.0,27.0,-283.0
-85.0,169.0,51.0,6.0,-38.0,-500.0,-802.0,144.0,20.0,-281.0
-77.0,64.0,85.0,-186.0,-62.0,-229.0,-838.0,120.0,-2.0,-281.0
-64.0,-1.0,85.0,-290.0,-38.0,-223.0,-787.0,127.0,-32.0,-284.0
-56.0,176.0,91.0,-214.0,47.0,-252.0,-788.0,120.0,2.0,-274.0
-40.0,124.0,94.0,-20.0,106.0,-50.0,-859.0,-131.0,35.0,-245.0
-35.0,291.0,73.0,202.0,-31.0,206.0,-793.0,-166.0,33.0,-228.0
-36.0,226.0,75.0,337.0,-66.0,-14.0,-553.0,-157.0,27.0,-229.0
-48.0,230.0,96.0,297.0,55.0,-437.0,-225.0,-105.0,24.0,-217.0
-28.0,95.0,93.0,106.0,30.0,-608.0,45.0,83.0,32.0,-195.0
-7.0,3.0,61.0,23.0,-5.0,-459.0,193.0,315.0,25.0,-188.0
-21.0,-7.0,67.0,163.0,2.0,-241.0,258.0,569.0,14.0,-213.0
0.0,13.0,105.0,217.0,33.0,-176.0,352.0,341.0,-1.0,-227.0
1.0,190.0,79.0,256.0,38.0,-122.0,541.0,81.0,6.0,-206.0
10.0,282.0,74.0,185.0,-27.0,-109.0,682.0,-127.0,4.0,-200.0
16.0,223.0,141.0,11.0,-78.0,-219.0,767.0,-158.0,-20.0,-201.0
36.0,-21.0,111.0,22.0,3.0,-434.0,741.0,134.0,-11.0,-190.0
45.0,78.0,103.0,100.0,77.0,-578.0,556.0,284.0,0.0,-185.0
36.0,-18.0,146.0,262.0,-8.0,-544.0,348.0,356.0,-24.0,-170.0
44.0,-213.0,104.0,373.0,-46.0,-460.0,201.0,284.0,-62.0,-140.0
6.0,-82.0,88.0,352.0,28.0,-332.0,99.0,367.0,-75.0,-128.0
6.0,-99.0,150.0,302.0,85.0,-169.0,-14.0,452.0,-63.0,-142.0
27.0,-254.0,187.0,139.0,41.0,-70.0,-147.0,480.0,-47.0,-138.0
39.0,54.0,193.0,-23.0,19.0,-160.0,-310.0,574.0,-44.0,-102.0
26.0,370.0,227.0,-41.0,48.0,-315.0,-548.0,400.0,-25.0,-89.0
43.0,-40.0,176.0,-59.0,89.0,-250.0,-915.0,262.0,-8.0,-119.0
78.0,-186.0,173.0,-122.0,97.0,-166.0,-1216.0,38.0,-14.0,-128.0
74.0,-91.0,232.0,7.0,14.0,-255.0,-1251.0,-64.0,10.0,-109.0
70.0,-212.0,177.0,261.0,27.0,-173.0,-1148.0,36.0,37.0,-99.0
68.0,-123.0,202.0,328.0,105.0,252.0,-1022.0,31.0,38.0,-91.0
78.0,148.0,224.0,258.0,73.0,646.0,-871.0,-38.0,2.0,-81.0
75.0,-12.0,181.0,195.0,20.0,605.0,-761.0,-314.0,-35.0,-59.0
97.0,-18.0,235.0,150.0,13.0,267.0,-690.0,-238.0,-34.0,-24.0
109.0,516.0,280.0,188.0,13.0,56.0,-595.0,1.0,-5.0,25.0
131.0,371.0,263.0,238.0,48.0,143.0,-470.0,81.0,7.0,63.0
144.0,31.0,265.0,104.0,18.0,202.0,-238.0,171.0,-2.0,93.0
137.0,77.0,286.0,-180.0,-22.0,-45.0,46.0,112.0,-9.0,124.0
114.0,100.0,291.0,-332.0,35.0,-187.0,280.0,103.0,-12.0,154.0
119.0,-7.0,286.0,-288.0,28.0,-8.0,406.0,-109.0,-17.0,167.0
140.0,-62.0,296.0,-140.0,-24.0,118.0,445.0,-234.0,-63.0,142.0
111.0,151.0,281.0,77.0,-7.0,104.0,512.0,-166.0,-93.0,114.0
122.0,255.0,225.0,247.0,42.0,13.0,646.0,-48.0,-44.0,83.0
115.0,81.0,230.0,342.0,51.0,-161.0,749.0,306.0,-28.0,59.0
110.0,-256.0,199.0,274.0,28.0,-444.0,726.0,399.0,-45.0,23.0
101.0,-221.0,190.0,82.0,2.0,-683.0,685.0,471.0,-54.0,1.0
89.0,112.0,264.0,-41.0,-5.0,-629.0,634.0,303.0,-65.0,-10.0
65.0,81.0,201.0,46.0,0.0,-342.0,541.0,-16.0,-33.0,-34.0
11.0,-58.0,137.0,252.0,-20.0,106.0,365.0,-57.0,-1.0,-33.0
-5.0,35.0,141.0,351.0,-52.0,339.0,199.0,-232.0,-8.0,-44.0
1.0,146.0,100.0,330.0,1.0,315.0,126.0,-179.0,-35.0,-57.0
20.0,103.0,114.0,266.0,87.0,91.0,-70.0,-99.0,-52.0,-57.0
11.0,34.0,104.0,307.0,39.0,-459.0,-495.0,-44.0,-36.0,-34.0
8.0,-137.0,56.0,316.0,-19.0,-719.0,-998.0,20.0,-24.0,-3.0
6.0,-191.0,51.0,195.0,-23.0,-642.0,-1263.0,9.0,-13.0,6.0
12.0,-124.0,26.0,63.0,-41.0,-327.0,-1221.0,153.0,4.0,18.0
14.0,-322.0,20.0,-89.0,-63.0,87.0,-992.0,40.0,29.0,53.0
15.0,-454.0,42.0,-142.0,-106.0,193.0,-778.0,-97.0,47.0,93.0
22.0,-298.0,38.0,-26.0,-120.0,196.0,-685.0,-317.0,22.0,113.0
47.0,-203.0,52.0,98.0,1.0,97.0,-640.0,-465.0,-9.0,129.0
59.0,-445.0,104.0,81.0,83.0,-106.0,-683.0,-295.0,-13.0,144.0
28.0,-545.0,68.0,-43.0,27.0,-241.0,-759.0,-286.0,17.0,165.0
34.0,-133.0,90.0,-99.0,-4.0,-248.0,-756.0,-275.0,40.0,160.0
21.0,222.0,153.0,-69.0,29.0,-189.0,-618.0,-310.0,14.0,169.0
8.0,248.0,109.0,23.0,61.0,-154.0,-453.0,-203.0,-44.0,186.0
12.0,453.0,134.0,193.0,-1.0,-84.0,-348.0,7.0,-90.0,178.0
30.0,718.0,157.0,311.0,54.0,-61.0,-380.0,48.0,-92.0,188.0
42.0,476.0,153.0,281.0,164.0,52.0,-484.0,199.0,-90.0,197.0
53.0,379.0,143.0,150.0,141.0,321.0,-453.0,319.0,-100.0,203.0
66.0,425.0,163.0,-31.0,107.0,311.0,-269.0,395.0,-113.0,188.0
29.0,239.0,232.0,-148.0,76.0,81.0,31.0,260.0,-115.0,179.0
13.0,125.0,202.0,-43.0,68.0,-39.0,316.0,-16.0,-105.0,172.0
12.0,-85.0,142.0,90.0,49.0,2.0,531.0,-208.0,-104.0,135.0
5.0,-143.0,116.0,160.0,-12.0,127.0,592.0,-291.0,-99.0,96.0
-12.0,-54.0,99.0,154.0,-91.0,242.0,526.0,-125.0,-114.0,79.0
2.0,100.0,71.0,91.0,-38.0,370.0,432.0,-66.0,-123.0,74.0
44.0,-2.0,74.0,45.0,40.0,299.0,283.0,105.0,-96.0,38.0
52.0,-22.0,58.0,-96.0,-17.0,108.0,121.0,330.0,-84.0,-3.0
73.0,227.0,11.0,-119.0,-54.0,-46.0,-89.0,290.0,-61.0,-23.0
89.0,7.0,49.0,4.0,-24.0,-192.0,-338.0,92.0,-14.0,-15.0
85.0,-30.0,45.0,155.0,-8.0,-107.0,-599.0,-223.0,7.0,-41.0
77.0,72.0,-1.0,242.0,-64.0,-28.0,-761.0,-232.0,44.0,-71.0
76.0,197.0,26.0,197.0,-97.0,31.0,-780.0,-158.0,74.0,-74.0
86.0,119.0,24.0,71.0,7.0,381.0,-761.0,-60.0,59.0,-94.0
89.0,-105.0,-11.0,-42.0,97.0,633.0,-737.0,-44.0,61.0,-92.0
102.0,-83.0,15.0,-48.0,88.0,515.0,-730.0,-96.0,67.0,-73.0
114.0,5.0,39.0,-20.0,31.0,96.0,-719.0,36.0,38.0,-56.0
106.0,317.0,48.0,129.0,-1.0,-288.0,-720.0,-133.0,48.0,-77.0
97.0,-31.0,50.0,283.0,89.0,-255.0,-716.0,-182.0,60.0,-93.0
91.0,-345.0,69.0,280.0,46.0,-67.0,-642.0,-140.0,24.0,-65.0
109.0,62.0,105.0,164.0,-87.0,98.0,-490.0,-20.0,4.0,-56.0
132.0,199.0,67.0,-41.0,-78.0,246.0,-279.0,164.0,-27.0,-72.0
122.0,72.0,74.0,-188.0,-6.0,414.0,-118.0,24.0,-66.0,-87.0
100.0,21.0,52.0,-135.0,23.0,499.0,-15.0,64.0,-87.0,-75.0
100.0,57.0,64.0,51.0,-45.0,231.0,154.0,-33.0,-135.0,-70.0
110.0,-128.0,123.0,26.0,-9.0,-20.0,303.0,-121.0,-165.0,-74.0
75.0,-206.0,58.0,-189.0,8.0,-123.0,443.0,-97.0,-134.0,-51.0
44.0,-98.0,61.0,-204.0,-3.0,-221.0,581.0,-234.0,-109.0,-40.0
64.0,-148.0,64.0,4.0,-44.0,-197.0,583.0,-249.0,-100.0,-30.0
78.0,-149.0,71.0,325.0,-138.0,0.0,546.0,-363.0,-80.0,-1.0
74.0,-104.0,76.0,520.0,6.0,438.0,486.0,-354.0,-78.0,38.0
67.0,-338.0,38.0,439.0,80.0,496.0,341.0,-332.0,-52.0,49.0
49.0,-307.0,45.0,228.0,1.0,162.0,65.0,-153.0,-29.0,41.0
28.0,196.0,74.0,2.0,-20.0,-11.0,-197.0,260.0,-8.0,84.0
5.0,-34.0,70.0,-87.0,47.0,-22.0,-406.0,253.0,45.0,90.0
-18.0,-339.0,0.0,-29.0,119.0,175.0,-671.0,79.0,58.0,67.0
-29.0,-189.0,44.0,45.0,17.0,173.0,-956.0,-205.0,73.0,76.0
1.0,35.0,66.0,-30.0,-3.0,171.0,-1162.0,-391.0,100.0,85.0
9.0,250.0,25.0,-85.0,78.0,248.0,-1168.0,-358.0,106.0,93.0
-4.0,181.0,66.0,-114.0,66.0,94.0,-1176.0,-286.0,113.0,69.0
-1.0,211.0,105.0,-191.0,2.0,108.0,-1282.0,-88.0,94.0,74.0
2.0,54.0,76.0,-132.0,-39.0,187.0,-1347.0,-84.0,69.0,72.0
-4.0,102.0,47.0,-37.0,-12.0,153.0,-1287.0,-114.0,46.0,31.0
-32.0,59.0,78.0,62.0,56.0,23.0,-1097.0,-164.0,18.0,13.0
-5.0,-65.0,17.0,30.0,-2.0,-149.0,-879.0,-182.0,7.0,-1.0
17.0,100.0,8.0,-38.0,-127.0,-195.0,-698.0,-77.0,2.0,-8.0
43.0,-74.0,73.0,-41.0,-44.0,-267.0,-419.0,-57.0,10.0,-22.0
75.0,-28.0,81.0,76.0,57.0,-180.0,81.0,-16.0,45.0,-14.0
88.0,89.0,88.0,176.0,-39.0,195.0,535.0,-72.0,77.0,37.0
74.0,201.0,20.0,74.0,-114.0,316.0,810.0,-7.0,92.0,61.0
39.0,200.0,5.0,75.0,-37.0,160.0,998.0,24.0,56.0,61.0
48.0,109.0,17.0,143.0,71.0,58.0,1128.0,-88.0,26.0,75.0
26.0,42.0,-5.0,168.0,57.0,84.0,1134.0,-249.0,59.0,92.0
45.0,22.0,42.0,131.0,-43.0,235.0,927.0,-543.0,106.0,77.0
52.0,85.0,-30.0,110.0,39.0,211.0,507.0,-465.0,131.0,52.0
48.0,-25.0,-47.0,58.0,115.0,93.0,42.0,-203.0,129.0,62.0
71.0,238.0,-3.0,49.0,0.0,152.0,-234.0,57.0,134.0,47.0
74.0,216.0,-66.0,138.0,-27.0,68.0,-369.0,77.0,136.0,14.0
69.0,-81.0,-58.0,70.0,0.0,19.0,-392.0,-55.0,141.0,25.0
58.0,-147.0,-67.0,-39.0,10.0,189.0,-322.0,60.0,136.0,37.0
93.0,-113.0,-91.0,-186.0,58.0,258.0,-187.0,-129.0,102.0,37.0
99.0,79.0,-96.0,-214.0,57.0,209.0,-47.0,-336.0,84.0,48.0
107.0,44.0,-80.0,-41.0,13.0,23.0,38.0,-408.0,91.0,82.0
103.0,-121.0,-59.0,86.0,24.0,41.0,115.0,-304.0,105.0,107.0
137.0,-92.0,-30.0,171.0,38.0,215.0,91.0,-77.0,103.0,119.0
140.0,145.0,-36.0,176.0,-51.0,97.0,-18.0,-269.0,88.0,152.0
131.0,49.0,-40.0,225.0,-113.0,4.0,-160.0,-325.0,85.0,188.0
145.0,-99.0,22.0,205.0,-50.0,-7.0,-247.0,-284.0,96.0,196.0
132.0,25.0,-13.0,-38.0,-19.0,-21.0,-282.0,-253.0,88.0,189.0
155.0,85.0,31.0,-217.0,-13.0,-74.0,-367.0,-118.0,56.0,197.0
127.0,135.0,65.0,-287.0,-39.0,-392.0,-497.0,-110.0,26.0,190.0
125.0,220.0,82.0,-335.0,-47.0,-332.0,-655.0,7.0,28.0,142.0
108.0,213.0,135.0,-367.0,-3.0,70.0,-739.0,84.0,35.0,82.0
142.0,227.0,93.0,-370.0,-21.0,234.0,-703.0,177.0,16.0,42.0
135.0,325.0,98.0,-278.0,-69.0,294.0,-576.0,206.0,-2.0,0.0
103.0,-154.0,71.0,-163.0,-15.0,202.0,-478.0,190.0,-22.0,-54.0
131.0,-320.0,68.0,-129.0,94.0,246.0,-478.0,245.0,-31.0,-93.0
110.0,-24.0,44.0,-132.0,-44.0,388.0,-465.0,18.0,-40.0,-138.0
112.0,-143.0,0.0,-143.0,-34.0,499.0,-374.0,-277.0,-64.0,-199.0
47.0,-157.0,-25.0,-173.0,100.0,625.0,-211.0,-502.0,-81.0,-234.0
32.0,-131.0,-53.0,-75.0,50.0,414.0,-4.0,-495.0,-107.0,-234.0
30.0,54.0,-60.0,99.0,96.0,30.0,138.0,-452.0,-128.0,-232.0
41.0,95.0,-89.0,90.0,31.0,7.0,169.0,-509.0,-111.0,-246.0
44.0,-29.0,-78.0,27.0,-17.0,280.0,279.0,-445.0,-98.0,-249.0
34.0,-33.0,-122.0,21.0,75.0,452.0,467.0,-332.0,-108.0,-212.0
60.0,-139.0,-78.0,-31.0,88.0,494.0,598.0,24.0,-105.0,-182.0
30.0,-174.0,-24.0,-237.0,42.0,336.0,677.0,157.0,-102.0,-188.0
0.0,-235.0,-38.0,-375.0,38.0,218.0,705.0,186.0,-89.0,-170.0
-27.0,-51.0,-10.0,-346.0,32.0,227.0,631.0,349.0,-69.0,-136.0
-2.0,18.0,-34.0,-376.0,-1.0,145.0,483.0,279.0,-46.0,-124.0
0.0,-113.0,-28.0,-361.0,9.0,264.0,334.0,66.0,-7.0,-122.0
-24.0,52.0,15.0,-254.0,-34.0,479.0,216.0,-461.0,11.0,-105.0
-18.0,192.0,12.0,-107.0,-11.0,620.0,159.0,-583.0,28.0,-98.0
8.0,103.0,-32.0,-35.0,43.0,726.0,113.0,-371.0,28.0,-123.0
-1.0,-10.0,26.0,-9.0,-23.0,377.0,34.0,-380.0,36.0,-129.0
-27.0,46.0,65.0,24.0,-77.0,37.0,-123.0,-212.0,66.0,-134.0
-27.0,28.0,22.0,31.0,-17.0,117.0,-282.0,-158.0,110.0,-157.0
-11.0,60.0,31.0,38.0,84.0,194.0,-353.0,86.0,143.0,-178.0
0.0,51.0,21.0,-1.0,82.0,402.0,-354.0,345.0,109.0,-175.0
-20.0,-113.0,-17.0,-54.0,2.0,348.0,-359.0,380.0,112.0,-147.0
-7.0,-17.0,-23.0,-59.0,-9.0,155.0,-373.0,454.0,131.0,-135.0
5.0,93.0,-49.0,82.0,66.0,331.0,-359.0,328.0,82.0,-110.0
37.0,70.0,-60.0,158.0,73.0,318.0,-390.0,219.0,13.0,-29.0
13.0,152.0,-35.0,108.0,-28.0,436.0,-375.0,-72.0,-17.0,27.0
-1.0,131.0,-59.0,20.0,-59.0,611.0,-327.0,-362.0,-4.0,42.0
20.0,65.0,-70.0,-119.0,65.0,369.0,-172.0,-469.0,-6.0,91.0
40.0,289.0,-94.0,-83.0,52.0,245.0,145.0,-406.0,-21.0,157.0
45.0,144.0,-61.0,-8.0,-88.0,104.0,416.0,-225.0,-45.0,198.0
38.0,-34.0,-34.0,-85.0,-53.0,73.0,548.0,-290.0,-49.0,219.0
76.0,272.0,-36.0,-281.0,38.0,141.0,503.0,-221.0,-64.0,252.0
33.0,246.0,-51.0,-435.0,71.0,-113.0,355.0,-92.0,-96.0,281.0
9.0,120.0,-117.0,-325.0,23.0,-262.0,219.0,64.0,-100.0,275.0
2.0,82.0,-42.0,-86.0,-31.0,-189.0,158.0,44.0,-106.0,254.0
0.0,120.0,-23.0,86.0,53.0,-58.0,172.0,-171.0,-113.0,260.0
9.0,80.0,-12.0,138.0,82.0,-81.0,126.0,-158.0,-100.0,261.0
5.0,-103.0,10.0,29.0,22.0,-295.0,-65.0,-282.0,-73.0,227.0
4.0,-54.0,-46.0,-102.0,26.0,-288.0,-168.0,-336.0,-75.0,235.0
-22.0,-72.0,28.0,-188.0,55.0,15.0,-40.0,-406.0,-49.0,244.0
-21.0,-80.0,12.0,-147.0,97.0,91.0,225.0,-343.0,6.0,224.0
-48.0,-199.0,0.0,24.0,11.0,-53.0,534.0,-42.0,31.0,210.0
-99.0,-176.0,46.0,62.0,-107.0,-22.0,687.0,-53.0,56.0,230.0
-115.0,-65.0,-29.0,84.0,-39.0,-29.0,595.0,84.0,20.0,228.0
-100.0,-218.0,-18.0,127.0,10.0,-59.0,348.0,169.0,-2.0,179.0
-105.0,-161.0,-4.0,72.0,7.0,-29.0,65.0,140.0,41.0,179.0
-89.0,-99.0,0.0,22.0,-16.0,102.0,-229.0,177.0,55.0,181.0
-64.0,-95.0,43.0,26.0,-52.0,258.0,-495.0,64.0,60.0,163.0
-65.0,6.0,16.0,27.0,4.0,79.0,-721.0,75.0,44.0,145.0
-87.0,34.0,-3.0,-20.0,16.0,-125.0,-898.0,-18.0,21.0,127.0
-85.0,-136.0,0.0,-97.0,-54.0,-194.0,-981.0,-83.0,28.0,108.0
-63.0,-25.0,19.0,-165.0,-14.0,-282.0,-1003.0,-103.0,31.0,85.0
-72.0,-26.0,25.0,-101.0,84.0,-101.0,-928.0,-232.0,45.0,76.0
-42.0,-131.0,57.0,-124.0,-19.0,91.0,-770.0,-186.0,58.0,65.0
-34.0,119.0,68.0,-285.0,-100.0,255.0,-517.0,-14.0,38.0,59.0
-5.0,148.0,14.0,-379.0,-41.0,543.0,-158.0,64.0,-6.0,44.0
7.0,113.0,34.0,-409.0,-22.0,577.0,196.0,-221.0,-48.0,48.0
-6.0,51.0,35.0,-304.0,45.0,444.0,459.0,-295.0,-70.0,69.0
4.0,163.0,31.0,-237.0,-54.0,153.0,670.0,-182.0,-74.0,52.0
24.0,82.0,86.0,-231.0,-95.0,93.0,872.0,-169.0,-62.0,48.0
63.0,76.0,80.0,-147.0,97.0,175.0,999.0,-18.0,-52.0,44.0
40.0,322.0,46.0,-58.0,34.0,-123.0,1079.0,-46.0,-64.0,47.0
43.0,213.0,0.0,-18.0,-32.0,-116.0,1133.0,62.0,-100.0,55.0
53.0,244.0,-35.0,-117.0,55.0,81.0,1075.0,27.0,-139.0,49.0
50.0,212.0,-22.0,-319.0,42.0,53.0,825.0,-160.0,-155.0,56.0
43.0,168.0,-1.0,-479.0,34.0,18.0,534.0,-168.0,-151.0,40.0
43.0,47.0,-71.0,-462.0,-8.0,-36.0,338.0,-225.0,-139.0,35.0
103.0,27.0,-99.0,-315.0,-55.0,-192.0,211.0,12.0,-133.0,44.0
135.0,-59.0,-62.0,-273.0,44.0,-418.0,101.0,81.0,-118.0,30.0
143.0,-353.0,-132.0,-311.0,64.0,-477.0,-54.0,114.0,-108.0,3.0
142.0,-248.0,-75.0,-201.0,-43.0,-463.0,-144.0,315.0,-74.0,-21.0
136.0,-278.0,-93.0,-60.0,-85.0,-290.0,-159.0,365.0,1.0,-33.0
128.0,-44.0,-163.0,20.0,-20.0,-6.0,-85.0,365.0,42.0,-70.0
109.0,12.0,-117.0,117.0,50.0,47.0,-46.0,46.0,61.0,-119.0
106.0,-386.0,-179.0,100.0,24.0,-82.0,-162.0,-186.0,53.0,-132.0
132.0,-290.0,-78.0,21.0,-65.0,-164.0,-288.0,-277.0,17.0,-143.0
161.0,-130.0,-69.0,29.0,-57.0,-31.0,-378.0,-267.0,-4.0,-170.0
148.0,-238.0,-116.0,107.0,58.0,-20.0,-389.0,-210.0,-28.0,-179.0
114.0,-395.0,-51.0,99.0,4.0,91.0,-373.0,-299.0,-67.0,-169.0
107.0,-238.0,-88.0,35.0,-87.0,569.0,-341.0,-194.0,-80.0,-165.0
102.0,-229.0,-39.0,-9.0,-29.0,749.0,-226.0,-186.0,-66.0,-138.0
83.0,-149.0,-45.0,-27.0,42.0,394.0,-47.0,-197.0,-77.0,-93.0
61.0,42.0,-39.0,67.0,9.0,116.0,98.0,-256.0,-80.0,-57.0
66.0,31.0,-53.0,95.0,-40.0,194.0,148.0,-243.0,-93.0,-12.0
63.0,329.0,-78.0,65.0,33.0,244.0,223.0,3.0,-126.0,14.0
37.0,252.0,-59.0,105.0,61.0,254.0,371.0,-49.0,-150.0,41.0
48.0,59.0,-125.0,122.0,34.0,253.0,559.0,-60.0,-144.0,65.0
28.0,188.0,-96.0,99.0,61.0,254.0,717.0,27.0,-128.0,74.0
1.0,368.0,-75.0,0.0,104.0,279.0,793.0,110.0,-147.0,77.0
-12.0,244.0,-99.0,-81.0,50.0,233.0,846.0,38.0,-158.0,84.0
-22.0,85.0,-157.0,-45.0,-20.0,200.0,843.0,-177.0,-128.0,96.0
-15.0,127.0,-196.0,-73.0,-7.0,209.0,698.0,-83.0,-66.0,87.0
-15.0,-105.0,-189.0,-105.0,-16.0,304.0,479.0,-5.0,-26.0,100.0
-17.0,-75.0,-186.0,-121.0,-32.0,344.0,232.0,72.0,-23.0,97.0
-38.0,-32.0,-156.0,-262.0,-5.0,181.0,23.0,84.0,-36.0,66.0
-34.0,-68.0,-135.0,-376.0,26.0,-58.0,-132.0,68.0,-60.0,61.0
-44.0,-8.0,-132.0,-415.0,-29.0,-175.0,-245.0,194.0,-65.0,49.0
-67.0,136.0,-176.0,-299.0,-18.0,-181.0,-236.0,319.0,-74.0,42.0
-60.0,175.0,-121.0,-71.0,72.0,-154.0,-135.0,502.0,-61.0,31.0
-39.0,60.0,-80.0,54.0,23.0,-117.0,-20.0,301.0,-40.0,27.0
-36.0,222.0,-116.0,60.0,-15.0,-77.0,23.0,120.0,-25.0,44.0
-23.0,97.0,-93.0,-98.0,19.0,-58.0,54.0,-1.0,-15.0,50.0
16.0,-238.0,-118.0,-169.0,11.0,-158.0,62.0,-341.0,6.0,72.0
31.0,-304.0,-118.0,-142.0,-51.0,-57.0,56.0,-369.0,18.0,113.0
32.0,-79.0,-65.0,-148.0,-70.0,131.0,90.0,-306.0,-19.0,147.0
28.0,-92.0,-65.0,-51.0,31.0,187.0,102.0,-24.0,-17.0,162.0
36.0,-125.0,-64.0,2.0,18.0,152.0,134.0,225.0,4.0,185.0
31.0,27.0,-57.0,4.0,-94.0,-4.0,205.0,188.0,0.0,215.0
44.0,-153.0,-49.0,-12.0,-87.0,311.0,366.0,158.0,-21.0,229.0
66.0,-187.0,-61.0,-7.0,-50.0,731.0,497.0,103.0,-16.0,226.0
71.0,22.0,-91.0,-104.0,-18.0,544.0,531.0,96.0,30.0,206.0
83.0,122.0,-17.0,-352.0,-9.0,187.0,554.0,-136.0,62.0,205.0
65.0,24.0,2.0,-484.0,-35.0,10.0,612.0,-245.0,92.0,194.0
4.0,186.0,-23.0,-519.0,7.0,181.0,740.0,-103.0,85.0,168.0
-42.0,204.0,-58.0,-393.0,14.0,283.0,858.0,-16.0,80.0,153.0
-43.0,121.0,-99.0,-168.0,23.0,135.0,903.0,49.0,100.0,127.0
-63.0,351.0,-89.0,37.0,15.0,164.0,831.0,12.0,94.0,98.0
-48.0,100.0,-114.0,34.0,-76.0,239.0,721.0,203.0,70.0,96.0
-7.0,-99.0,-116.0,-151.0,32.0,292.0,618.0,343.0,35.0,91.0
10.0,-48.0,-159.0,-193.0,84.0,248.0,456.0,338.0,22.0,55.0
-2.0,120.0,-149.0,-204.0,-40.0,56.0,282.0,227.0,36.0,31.0
-41.0,105.0,-155.0,-128.0,0.0,-98.0,215.0,-125.0,44.0,22.0
-76.0,-115.0,-171.0,12.0,112.0,-80.0,275.0,-301.0,18.0,23.0
-91.0,-115.0,-127.0,91.0,86.0,-29.0,348.0,-460.0,-42.0,27.0
-77.0,-209.0,-116.0,86.0,-18.0,-41.0,369.0,-314.0,-86.0,45.0
-77.0,-228.0,-87.0,-3.0,-67.0,-30.0,347.0,42.0,-100.0,67.0
-78.0,-407.0,-136.0,20.0,-42.0,-187.0,288.0,267.0,-92.0,84.0
-84.0,-326.0,-92.0,34.0,67.0,-327.0,182.0,556.0,-87.0,139.0
-74.0,-166.0,-32.0,65.0,27.0,-118.0,49.0,565.0,-123.0,168.0
-88.0,-100.0,-38.0,130.0,-66.0,94.0,-66.0,622.0,-145.0,185.0
-95.0,13.0,-5.0,4.0,-54.0,-106.0,-154.0,593.0,-123.0,223.0
-99.0,-89.0,-9.0,-152.0,-89.0,-204.0,-268.0,380.0,-73.0,245.0
-138.0,103.0,-1.0,-288.0,-23.0,142.0,-364.0,182.0,-65.0,246.0
-133.0,172.0,17.0,-348.0,-37.0,282.0,-371.0,-203.0,-107.0,240.0
-122.0,115.0,51.0,-292.0,-95.0,-56.0,-188.0,-273.0,-136.0,221.0
-109.0,9.0,57.0,-162.0,43.0,-328.0,227.0,-258.0,-155.0,191.0
-90.0,76.0,34.0,21.0,25.0,-393.0,623.0,-208.0,-123.0,181.0
-64.0,256.0,16.0,117.0,-76.0,-547.0,863.0,-72.0,-110.0,158.0
-57.0,192.0,0.0,167.0,-34.0,-479.0,956.0,11.0,-107.0,142.0
-71.0,62.0,-1.0,42.0,46.0,-340.0,959.0,269.0,-76.0,129.0
-64.0,2.0,-13.0,-162.0,99.0,-304.0,898.0,288.0,-63.0,119.0
-56.0,88.0,-32.0,-264.0,-11.0,-151.0,798.0,175.0,-42.0,128.0
-49.0,-38.0,-34.0,-363.0,-36.0,7.0,677.0,-55.0,-25.0,134.0
-31.0,-29.0,-48.0,-383.0,67.0,29.0,539.0,-234.0,-1.0,154.0
-4.0,56.0,-76.0,-339.0,-27.0,53.0,428.0,-218.0,21.0,146.0
2.0,269.0,-89.0,-141.0,-28.0,226.0,249.0,-262.0,51.0,149.0
0.0,205.0,-68.0,20.0,71.0,66.0,51.0,-29.0,82.0,155.0
-24.0,-8.0,-67.0,-28.0,-8.0,-289.0,-87.0,97.0,89.0,127.0
-48.0,64.0,-89.0,-110.0,-35.0,-365.0,-62.0,53.0,85.0,102.0
-57.0,-35.0,-119.0,-212.0,0.0,-304.0,51.0,35.0,99.0,78.0
-63.0,9.0,-122.0,-203.0,0.0,-359.0,62.0,0.0,132.0,61.0
-41.0,-239.0,-66.0,-140.0,48.0,-308.0,40.0,18.0,107.0,49.0
-53.0,-163.0,-43.0,-123.0,15.0,-74.0,59.0,-120.0,71.0,43.0
-61.0,-27.0,-61.0,-88.0,-81.0,-11.0,129.0,-227.0,66.0,28.0
-54.0,-278.0,-87.0,-33.0,-45.0,113.0,139.0,-332.0,79.0,37.0
-89.0,-230.0,-114.0,81.0,-9.0,110.0,160.0,-373.0,122.0,49.0
-102.0,-208.0,-139.0,143.0,-26.0,-218.0,227.0,-358.0,135.0,52.0
-124.0,-223.0,-154.0,110.0,0.0,-405.0,292.0,-205.0,128.0,58.0
-125.0,-515.0,-168.0,27.0,28.0,-276.0,359.0,194.0,127.0,58.0
-100.0,-411.0,-199.0,-57.0,46.0,-187.0,349.0,406.0,107.0,88.0
-78.0,-193.0,-208.0,-70.0,-32.0,-352.0,314.0,554.0,91.0,109.0
-55.0,-204.0,-164.0,-10.0,-51.0,-376.0,393.0,388.0,78.0,136.0
-76.0,-142.0,-187.0,16.0,-31.0,-344.0,607.0,112.0,73.0,153.0
-66.0,-206.0,-221.0,2.0,-58.0,-443.0,726.0,-77.0,64.0,156.0
-62.0,-205.0,-175.0,71.0,16.0,-291.0,709.0,-319.0,60.0,179.0
-37.0,-273.0,-212.0,172.0,-19.0,33.0,643.0,-133.0,62.0,180.0
-14.0,-75.0,-224.0,235.0,-47.0,8.0,542.0,-57.0,37.0,176.0
-21.0,-42.0,-158.0,228.0,85.0,-136.0,451.0,-5.0,14.0,169.0
-38.0,92.0,-160.0,210.0,7.0,-52.0,359.0,72.0,20.0,132.0
-79.0,278.0,-153.0,107.0,-73.0,-125.0,291.0,-72.0,40.0,91.0
-101.0,157.0,-113.0,-78.0,17.0,-297.0,215.0,-166.0,14.0,47.0
-139.0,151.0,-124.0,-145.0,-62.0,-350.0,129.0,-365.0,-13.0,4.0
-118.0,100.0,-97.0,-129.0,6.0,-423.0,57.0,-295.0,-27.0,-6.0
-75.0,234.0,-52.0,-67.0,102.0,-364.0,-19.0,-236.0,-51.0,-21.0
-72.0,42.0,-51.0,-27.0,-43.0,-131.0,-49.0,-264.0,-40.0,-20.0
-88.0,-159.0,-36.0,10.0,36.0,76.0,48.0,-127.0,-23.0,-11.0
-111.0,-112.0,0.0,34.0,88.0,-17.0,153.0,-144.0,9.0,-7.0
-155.0,-30.0,-14.0,44.0,15.0,-72.0,102.0,-179.0,46.0,24.0
-202.0,-148.0,-7.0,96.0,18.0,104.0,-37.0,-362.0,64.0,38.0
-190.0,-295.0,48.0,131.0,-84.0,-144.0,-176.0,-375.0,60.0,41.0
-195.0,-74.0,28.0,97.0,-70.0,-430.0,-288.0,-133.0,58.0,39.0
-206.0,-74.0,0.0,31.0,24.0,-306.0,-326.0,79.0,91.0,39.0
-189.0,65.0,-30.0,40.0,-42.0,-189.0,-255.0,356.0,125.0,37.0
-164.0,87.0,-45.0,3.0,-30.0,-369.0,-129.0,371.0,148.0,22.0
-186.0,96.0,-31.0,-27.0,60.0,-488.0,-6.0,173.0,147.0,1.0
-209.0,215.0,-30.0,-73.0,29.0,-346.0,71.0,-192.0,149.0,-15.0
-198.0,198.0,-41.0,-192.0,-64.0,-461.0,66.0,-384.0,126.0,-6.0
-180.0,32.0,-25.0,-193.0,-41.0,-521.0,41.0,-279.0,91.0,-8.0
-161.0,-90.0,-17.0,-186.0,10.0,-368.0,129.0,-327.0,100.0,3.0
-135.0,247.0,-34.0,-210.0,12.0,-254.0,322.0,-206.0,104.0,5.0
-79.0,212.0,-26.0,-100.0,42.0,-123.0,474.0,-18.0,77.0,0.0
-56.0,-75.0,-69.0,28.0,-24.0,22.0,509.0,195.0,25.0,37.0
-62.0,-126.0,-42.0,6.0,-17.0,127.0,409.0,358.0,-1.0,60.0
-71.0,164.0,-15.0,-41.0,113.0,-2.0,214.0,284.0,16.0,70.0
-84.0,66.0,-64.0,35.0,67.0,-108.0,24.0,195.0,12.0,89.0
-55.0,-272.0,-19.0,65.0,-27.0,-331.0,-119.0,18.0,-8.0,119.0
-23.0,-272.0,37.0,-49.0,-25.0,-588.0,-208.0,-157.0,-19.0,156.0
-15.0,-301.0,30.0,-89.0,-3.0,-386.0,-184.0,-476.0,-45.0,182.0
13.0,-218.0,4.0,-65.0,-31.0,-334.0,-77.0,-711.0,-53.0,203.0
23.0,-369.0,-41.0,-97.0,-108.0,-603.0,41.0,-670.0,-57.0,218.0
18.0,-236.0,-93.0,-103.0,-65.0,-668.0,100.0,-556.0,-87.0,243.0
3.0,-139.0,-45.0,-46.0,67.0,-413.0,110.0,-206.0,-112.0,273.0
-15.0,-256.0,-44.0,3.0,65.0,-199.0,168.0,96.0,-132.0,286.0
-25.0,-99.0,-105.0,50.0,-102.0,-302.0,194.0,312.0,-120.0,279.0
-57.0,-111.0,-83.0,157.0,-94.0,-383.0,95.0,328.0,-105.0,281.0
-58.0,1.0,-104.0,171.0,50.0,-391.0,-76.0,114.0,-125.0,274.0
-67.0,256.0,-80.0,138.0,-34.0,-437.0,-141.0,-48.0,-143.0,247.0
-64.0,345.0,-36.0,145.0,-76.0,-404.0,-93.0,-339.0,-121.0,249.0
-41.0,174.0,-53.0,112.0,-39.0,-455.0,-44.0,-347.0,-78.0,217.0
-26.0,203.0,-18.0,88.0,0.0,-632.0,-14.0,-256.0,-69.0,183.0
-13.0,390.0,1.0,44.0,53.0,-638.0,-12.0,-360.0,-68.0,180.0
-17.0,128.0,-17.0,89.0,-40.0,-392.0,9.0,-249.0,-56.0,168.0
-4.0,-37.0,0.0,137.0,-67.0,-318.0,27.0,-105.0,-27.0,158.0
-17.0,54.0,49.0,84.0,-16.0,-356.0,7.0,1.0,0.0,121.0
-12.0,-87.0,3.0,95.0,4.0,-220.0,-45.0,-279.0,5.0,109.0
-3.0,-83.0,-36.0,80.0,-25.0,-208.0,-63.0,-541.0,12.0,106.0
-24.0,55.0,-33.0,-13.0,-34.0,-346.0,-71.0,-474.0,3.0,97.0
-8.0,-43.0,-52.0,-48.0,60.0,-351.0,-159.0,-367.0,-18.0,81.0
-10.0,-74.0,-34.0,-46.0,79.0,-237.0,-247.0,-171.0,-48.0,59.0
-34.0,-101.0,-46.0,-39.0,10.0,-272.0,-264.0,-282.0,-66.0,71.0
-63.0,-256.0,-54.0,45.0,-30.0,-382.0,-188.0,-223.0,-87.0,58.0
-77.0,-200.0,-68.0,131.0,42.0,-395.0,-154.0,-206.0,-114.0,48.0
-61.0,47.0,-104.0,217.0,144.0,-183.0,-201.0,-232.0,-131.0,59.0
-57.0,172.0,-114.0,172.0,52.0,14.0,-233.0,7.0,-126.0,56.0
-57.0,23.0,-101.0,52.0,-84.0,14.0,-151.0,27.0,-93.0,32.0
-78.0,-19.0,-73.0,58.0,-30.0,-45.0,15.0,258.0,-105.0,25.0
-99.0,-2.0,-105.0,68.0,67.0,-128.0,132.0,376.0,-130.0,33.0
-100.0,-143.0,-128.0,100.0,20.0,18.0,225.0,317.0,-121.0,0.0
-96.0,-72.0,-135.0,124.0,-60.0,-64.0,264.0,103.0,-109.0,-44.0
-96.0,-206.0,-139.0,134.0,-25.0,-252.0,322.0,-234.0,-91.0,-59.0
-84.0,-195.0,-135.0,104.0,-6.0,-214.0,349.0,-295.0,-101.0,-89.0
-65.0,39.0,-156.0,19.0,-29.0,-191.0,303.0,-419.0,-123.0,-139.0
-86.0,58.0,-148.0,-38.0,-66.0,-204.0,285.0,-371.0,-103.0,-153.0
-88.0,77.0,-168.0,-77.0,-63.0,-385.0,243.0,-192.0,-74.0,-156.0
-83.0,153.0,-139.0,-23.0,11.0,-281.0,174.0,171.0,-64.0,-175.0
-82.0,321.0,-103.0,72.0,-8.0,-10.0,35.0,434.0,-41.0,-205.0
-88.0,186.0,-129.0,121.0,-79.0,178.0,-129.0,188.0,-40.0,-215.0
-100.0,283.0,-73.0,163.0,-7.0,308.0,-210.0,-114.0,-65.0,-206.0
-87.0,356.0,-78.0,188.0,102.0,325.0,-253.0,-325.0,-62.0,-210.0
-82.0,262.0,-139.0,213.0,55.0,203.0,-345.0,-218.0,-64.0,-222.0
-75.0,256.0,-146.0,298.0,7.0,-117.0,-431.0,-158.0,-70.0,-227.0
-84.0,80.0,-136.0,308.0,-3.0,-212.0,-516.0,77.0,-42.0,-215.0
-90.0,87.0,-125.0,153.0,16.0,22.0,-613.0,528.0,-5.0,-198.0
-91.0,-114.0,-95.0,26.0,24.0,369.0,-655.0,524.0,27.0,-173.0
-98.0,-244.0,-63.0,-38.0,-46.0,356.0,-637.0,360.0,23.0,-170.0
-105.0,-162.0,-77.0,-96.0,-32.0,204.0,-556.0,-75.0,0.0,-173.0
-102.0,-70.0,-103.0,-162.0,-2.0,354.0,-374.0,-319.0,13.0,-153.0
-84.0,-77.0,-127.0,-204.0,22.0,456.0,-34.0,-328.0,50.0,-106.0
-84.0,-148.0,-112.0,-228.0,20.0,246.0,321.0,-423.0,89.0,-66.0
-90.0,-77.0,-102.0,-247.0,-34.0,-73.0,540.0,-295.0,78.0,-65.0
-55.0,-59.0,-75.0,-110.0,26.0,-100.0,673.0,-160.0,44.0,-19.0
-14.0,-72.0,-46.0,59.0,31.0,66.0,768.0,186.0,40.0,34.0
-37.0,-129.0,-104.0,176.0,-87.0,334.0,810.0,314.0,0.0,59.0
-40.0,-88.0,-107.0,186.0,-14.0,384.0,734.0,149.0,-62.0,89.0
-27.0,-99.0,-77.0,72.0,76.0,259.0,515.0,-164.0,-75.0,115.0
-17.0,-12.0,-77.0,-1.0,60.0,246.0,236.0,-578.0,-76.0,139.0
-12.0,-53.0,-30.0,-44.0,26.0,219.0,-82.0,-522.0,-89.0,157.0
1.0,-160.0,-23.0,-13.0,-112.0,248.0,-420.0,-502.0,-78.0,174.0
58.0,42.0,-76.0,79.0,-45.0,290.0,-775.0,-256.0,-44.0,174.0
79.0,220.0,-60.0,126.0,93.0,443.0,-1070.0,190.0,-26.0,134.0
60.0,154.0,-30.0,124.0,-88.0,509.0,-1130.0,458.0,-36.0,81.0
23.0,-127.0,-81.0,116.0,-131.0,450.0,-1109.0,489.0,-57.0,42.0
11.0,52.0,-38.0,148.0,28.0,306.0,-1058.0,-84.0,-79.0,11.0
19.0,182.0,6.0,182.0,51.0,109.0,-924.0,-465.0,-73.0,-30.0
19.0,-24.0,-59.0,140.0,55.0,72.0,-716.0,-650.0,-44.0,-83.0
13.0,-66.0,-58.0,35.0,-34.0,76.0,-430.0,-644.0,-24.0,-106.0
6.0,-15.0,-64.0,-78.0,-32.0,166.0,-200.0,-227.0,-47.0,-102.0
0.0,44.0,-83.0,-100.0,125.0,229.0,-72.0,203.0,-70.0,-116.0
-37.0,10.0,-62.0,12.0,24.0,259.0,-57.0,742.0,-36.0,-128.0
-66.0,-31.0,-36.0,74.0,-126.0,146.0,-39.0,833.0,-14.0,-110.0
-46.0,-129.0,-24.0,62.0,-3.0,89.0,38.0,528.0,26.0,-86.0
-19.0,0.0,-28.0,23.0,132.0,211.0,72.0,218.0,65.0,-51.0
-16.0,168.0,-5.0,-51.0,35.0,98.0,34.0,-96.0,48.0,3.0
-28.0,98.0,-39.0,-57.0,-79.0,-86.0,28.0,-242.0,44.0,39.0
-25.0,-25.0,-55.0,10.0,-91.0,-170.0,96.0,-341.0,36.0,56.0
